Mn1	0.0000 0.0000 0.0000 0.0000 0.0000 0.0000
Mn1	0.5000 0.5000 0.1250 0.5000 0.5000 0.1250
Mn1	0.0000 0.0000 0.2500 0.0000 0.0000 0.2500
Mn1	0.5000 0.5000 0.3750 0.5000 0.5000 0.3750
Au	0.0000 0.0000 0.5000 0.0000 0.0000 0.5000
Au	0.5000 0.5000 0.6250 0.5000 0.5000 0.6250
Au	0.0000 0.0000 0.7500 0.0000 0.0000 0.7500
Au	0.5000 0.5000 0.8750 0.5000 0.5000 0.8750
Au	0.5000 0.5000 0.0400 0.5000 0.5000 0.0400
Au	0.0000 0.0000 0.0850 0.0000 0.0000 0.0850
Au	0.0000 0.0000 0.1650 0.0000 0.0000 0.1650
Au	0.5000 0.5000 0.2100 0.5000 0.5000 0.2100
Mn1	0.5000 0.5000 0.2900 0.5000 0.5000 0.2900
Mn1	0.0000 0.0000 0.3350 0.0000 0.0000 0.3350
Mn1	0.0000 0.0000 0.4150 0.0000 0.0000 0.4150
Mn2	0.5000 0.5000 0.4600 0.5000 0.5000 0.4600
Au	0.5000 0.5000 0.5400 0.5000 0.5000 0.5400
Au	0.0000 0.0000 0.5850 0.0000 0.0000 0.5850
Au	0.0000 0.0000 0.6650 0.0000 0.0000 0.6650
Au	0.5000 0.5000 0.7100 0.5000 0.5000 0.7100
Au	0.5000 0.5000 0.7900 0.5000 0.5000 0.7900
Au	0.0000 0.0000 0.8350 0.0000 0.0000 0.8350
Au	0.0000 0.0000 0.9150 0.0000 0.0000 0.9150
Au	0.5000 0.5000 0.9600 0.5000 0.5000 0.9600
