1300	0.0250117	0.00010694	0.000732599	3.41562e-07	-0.320609	0.289314	0.392297	0.2973	4.36783e-13	1.05482e-11	8.78491e-07	2.25434e-12	0.454388	0.000769231
1300	0.0248686	0.000114704	0.000733229	3.65601e-07	-0.316039	0.289337	0.389411	0.281939	4.68492e-13	1.0549e-11	9.03469e-07	2.42701e-12	0.439839	0.000769231
1300	0.0353094	0.000215559	0.00146246	1.35946e-06	-6890.68	1.04059e+06	4.85227e+07	2.03353e+14	0.00323926	107.374	3.49915e-06	3.35424e-11	0.454651
1200	0.0368581	0.00022296	0.00158163	1.56521e-06	-7734.64	1.11806e+06	6.09434e+07	2.69139e+14	0.00393215	158.903	4.0678e-06	4.86653e-11	0.457961
1100	0.0388104	0.000271964	0.00177839	2.2055e-06	-8641.75	1.17063e+06	7.58512e+07	3.53392e+14	0.0057081	235.635	5.36966e-06	9.90382e-11	0.434061
1000	0.0424381	0.000318729	0.00211994	3.00312e-06	-10002.6	1.26297e+06	1.01315e+08	5.1814e+14	0.00809444	372.207	7.49925e-06	2.18975e-10	0.443774
900	0.0470587	0.000380536	0.00259531	4.1432e-06	-11699.2	1.36636e+06	1.38238e+08	7.58465e+14	0.011931	613.746	1.08816e-05	3.15293e-10	0.461491
800	0.056471	0.000561637	0.00375099	9.34404e-06	-14307.1	1.69247e+06	2.06386e+08	1.41219e+15	0.0222865	1217.74	2.34202e-05	1.79636e-09	0.445147
700	0.0786288	0.00106467	0.00724786	3.36722e-05	-18415.6	2.26042e+06	3.41396e+08	3.11394e+15	0.0551801	2774.53	8.62262e-05	2.13173e-08	0.45286
600	0.231416	0.00422448	0.0577808	0.000862722	-29278.1	7.77192e+06	8.64982e+08	2.73742e+16	0.298014	17673.2	0.00420192	1.49687e-05	0.580474
500	0.553099	0.000462342	0.306381	0.000561369	-56618.6	5.04959e+06	3.21072e+09	6.47068e+16	0.0469666	23810.5	0.0944313	0.00020977	0.664672
400	0.698609	0.00015356	0.488208	0.000298981	-77731	2.62872e+06	6.04473e+09	6.34685e+16	0.0243738	30262	0.238646	0.000284152	0.666248
300	0.797177	6.33082e-05	0.635555	0.000160628	-94809	1.21529e+06	8.98996e+09	4.36696e+16	0.0178642	44216.9	0.404091	0.000258737	0.666534
200	0.87489	2.15699e-05	0.765453	6.59854e-05	-109760	490007	1.20477e+10	2.36137e+16	0.0136947	90255.9	0.585985	0.000154418	0.666629
1300	0.000769231	0.111128	0.00198477	0.0143353	0.000120177	-43975	1.32928e+07	1.9471e+09	1.05348e+17	0.0397609	2.15044e-10	0.000325738	2.84803e-07	0.471635
1200	0.000833333	0.232495	0.00418391	0.05824	0.000849357	-58605.4	3.00681e+07	3.46468e+09	4.18776e+17	0.0983677	6.69984e-10	0.00424168	1.46296e-05	0.583156
1100	0.000909091	0.438087	0.00112157	0.193043	0.000838413	-87656.8	2.82258e+07	7.71196e+09	8.66684e+17	0.0313815	8.90757e-10	0.0381043	0.000123393	0.659163
1000	0.001	0.553619	0.000482726	0.306977	0.000587054	-113432	1.9459e+07	1.28862e+10	1.00412e+18	0.016343	8.99096e-10	0.0948221	0.000220185	0.664589
900	0.00111111	0.635998	0.000245219	0.404739	0.00039406	-135767	1.40332e+07	1.84467e+10	1.02897e+18	0.0102494	9.88262e-10	0.164208	0.000255801	0.665864
800	0.00125	0.698815	0.000158836	0.488501	0.000308819	-155385	1.01458e+07	2.41548e+10	9.78868e+17	0.00840235	1.14449e-09	0.238942	0.000292676	0.666235
700	0.00142857	0.751521	0.000100028	0.564884	0.000225376	-173195	7.17126e+06	3.00037e+10	8.60228e+17	0.00691129	1.38003e-09	0.31932	0.000286493	0.666431
600	0.00166667	0.797142	6.35243e-05	0.635499	0.000161135	-189639	4.94789e+06	3.59678e+10	7.11382e+17	0.00597406	1.764e-09	0.40402	0.000259455	0.666534
500	0.002	0.837988	4.07196e-05	0.702264	0.000114145	-205024	3.30521e+06	4.20381e+10	5.55356e+17	0.00551436	2.44345e-09	0.493289	0.000224368	0.666589
400	0.0025	0.874976	2.2503e-05	0.765606	6.88429e-05	-219593	2.00249e+06	4.82229e+10	3.86138e+17	0.00476159	3.61421e-09	0.586222	0.000161122	0.666627
300	0.00333333	0.909092	1.14162e-05	0.82646	3.77168e-05	-233459	1.04731e+06	5.45041e+10	2.28406e+17	0.0042945	5.97415e-09	0.683074	0.000102933	0.666648
200	0.005	0.941065	4.80859e-06	0.885608	1.70248e-05	-246881	490076	6.09507e+10	1.19439e+17	0.00406996	1.41523e-08	0.784318	5.33547e-05	0.666659
100	0.01	0.971278	1.01996e-06	0.943381	3.84799e-06	-259936	104062	6.75667e+10	2.8123e+16	0.00345315	4.80813e-08	0.889972	1.36924e-05	0.666665
0	inf	0.999486	7.041e-09	0.998972	2.81336e-08	-272611	63.2666	7.43167e+10	1.88067e+13	inf	inf	0.997946	1.12292e-07	0.666667
0	inf	0.999689	3.80954e-10	0.999379	1.52286e-09	-272628	2.02552	7.43261e+10	6.02195e+11	inf	inf	0.998758	6.08383e-09	0.666667
1300	6.86658e-06	0.108984	0.00200511	0.0138837	0.000117485	-43770.7	1.28955e+07	1.92878e+09	1.00773e+17	0.0401683	2.08617e-10	0.000310301	2.48473e-07	0.4634
1200	8.0587e-06	0.2326	0.00406008	0.0581648	0.000810973	-58706.5	2.96846e+07	3.47615e+09	4.18906e+17	0.0954562	6.61439e-10	0.00419453	1.35703e-05	0.586723
1100	9.59051e-06	0.437889	0.00119248	0.19294	0.000885343	-87672.8	3.00961e+07	7.71664e+09	9.19374e+17	0.0333654	9.49783e-10	0.0381117	0.000129483	0.658735
1000	1.16045e-05	0.5541	0.000492042	0.307519	0.000595631	-113298	2.11456e+07	1.28576e+10	1.0835e+18	0.0166584	9.7702e-10	0.095164	0.00022151	0.664566
900	1.43266e-05	0.635865	0.000256968	0.404581	0.000413636	-135802	1.42706e+07	1.84563e+10	1.05154e+18	0.0107405	1.00498e-09	0.1641	0.000269493	0.665824
800	1.81321e-05	0.699059	0.000157911	0.488841	0.000307412	-155462	1.00139e+07	2.41784e+10	9.66769e+17	0.00835344	1.12961e-09	0.239273	0.000292092	0.666238
700	2.36827e-05	0.751956	9.84565e-05	0.565537	0.000221999	-173326	7.22807e+06	3.0049e+10	8.67448e+17	0.00680268	1.39096e-09	0.320054	0.000282633	0.666435
600	3.22348e-05	0.797276	6.03787e-05	0.635709	0.000153287	-189639	4.89898e+06	3.59678e+10	7.04979e+17	0.00567823	1.74657e-09	0.40428	0.000247199	0.66654
500	4.64181e-05	0.83784	3.87932e-05	0.702014	0.000108804	-204953	3.15399e+06	4.2009e+10	5.29978e+17	0.00525349	2.33165e-09	0.492933	0.000214089	0.666593
400	7.25283e-05	0.874697	2.27532e-05	0.765117	6.95769e-05	-219520	1.97436e+06	4.81909e+10	3.80378e+17	0.00481453	3.56345e-09	0.585474	0.000162697	0.666627
300	0.000128939	0.909	1.11246e-05	0.826292	3.67425e-05	-233420	1.08229e+06	5.4486e+10	2.35769e+17	0.00418478	6.17363e-09	0.682796	0.000100216	0.666649
200	0.000290113	0.940937	4.47956e-06	0.885368	1.58516e-05	-246864	430262	6.09423e+10	1.04853e+17	0.00379147	1.2425e-08	0.783892	4.96264e-05	0.66666
100	0.00116045	0.971269	1.07288e-06	0.943365	4.0475e-06	-259940	105787	6.7569e+10	2.85885e+16	0.0036323	4.88783e-08	0.889942	1.44015e-05	0.666665
0	inf	0.999746	1.58564e-09	0.999493	6.33917e-09	-272621	35.2876	7.43224e+10	1.04905e+13	inf	inf	0.998986	2.53295e-08	0.666667
0	inf	0.999842	1.00179e-10	0.999684	4.00588e-10	-272634	1.02986	7.43293e+10	3.06194e+11	inf	inf	0.999367	1.60133e-09	0.666667
