500	0.937796	1.51278e-05	0.879477	5.31219e-05	-69666.5	344936	4.85376e+09	6.67345e+15	9.33445e-12	1.76268e+19
520	0.934333	4.84777e-05	0.873027	0.000162538	-69156.7	1.03324e+06	4.78369e+09	1.83188e+16	2.87608e-11	4.88149e+19
540	0.931279	6.26728e-05	0.867342	0.000206711	-68703.3	1.30076e+06	4.72144e+09	2.23959e+16	3.58052e-11	5.69858e+19
560	0.929054	2.9198e-05	0.86317	0.000100129	-68375	632746	4.67577e+09	1.16835e+16	1.60858e-11	2.57767e+19
580	0.925901	2.80522e-05	0.857321	9.56711e-05	-67910.5	625738	4.61246e+09	1.14234e+16	1.49216e-11	2.37635e+19
600	0.921757	8.73798e-05	0.849724	0.000280524	-67310.5	1.77162e+06	4.53248e+09	2.88893e+16	4.49311e-11	6.28711e+19
620	0.917058	0.000127601	0.841123	0.000414485	-66625.5	2.60592e+06	4.44156e+09	4.32999e+16	6.34983e-11	8.66108e+19
640	0.915824	5.31288e-05	0.838787	0.000175898	-66444.3	1.12384e+06	4.41597e+09	1.93436e+16	2.56108e-11	3.5052e+19
660	0.910486	0.000130191	0.829116	0.000418551	-65672.3	2.64592e+06	4.3155e+09	4.30517e+16	6.08599e-11	7.76026e+19
680	0.90774	9.35054e-05	0.824085	0.000300467	-65276	1.92627e+06	4.26288e+09	3.1287e+16	4.2421e-11	5.32168e+19
700	0.899895	0.000281786	0.810092	0.000868566	-64174.7	5.45534e+06	4.12384e+09	8.18596e+16	1.24192e-10	1.4223e+20
720	0.894933	0.000397991	0.801304	0.00121161	-63461.8	7.69929e+06	4.0351e+09	1.12633e+17	1.70543e-10	1.89746e+20
740	0.886905	0.000462014	0.787063	0.00139624	-62332.8	8.81976e+06	3.8942e+09	1.27219e+17	1.92624e-10	2.05766e+20
760	0.885479	0.000390523	0.784463	0.0011828	-62137.1	7.51674e+06	3.86853e+09	1.08764e+17	1.58529e-10	1.66254e+20
780	0.875978	0.000546666	0.767884	0.00162274	-60824.3	1.02043e+07	3.7098e+09	1.41943e+17	2.16235e-10	2.14283e+20
800	0.867329	0.000661703	0.752921	0.00193209	-59639.3	1.21397e+07	3.56899e+09	1.63619e+17	2.55189e-10	2.42333e+20
820	0.85976	0.000856161	0.740044	0.00245153	-58625	1.54251e+07	3.45231e+09	2.00061e+17	3.22126e-10	2.93075e+20
840	0.847994	0.00100465	0.720099	0.00281001	-57041.5	1.76254e+07	3.27136e+09	2.18522e+17	3.69004e-10	3.19132e+20
860	0.845484	0.0009272	0.715771	0.00259511	-56697.4	1.63135e+07	3.23091e+09	2.02195e+17	3.32631e-10	2.81795e+20
880	0.836406	0.000952007	0.700527	0.00260865	-55479.9	1.64897e+07	3.09451e+09	1.96032e+17	3.33764e-10	2.72036e+20
900	0.823708	0.00103422	0.679528	0.00276488	-53831.2	1.73598e+07	2.91516e+09	1.97195e+17	3.54532e-10	2.73803e+20
920	0.456068	6.05964e-05	0.208058	5.22059e-05	-16481	335133	2.7196e+08	3.92267e+14	2.03211e-11	5.05855e+18
940	0.453547	4.22596e-05	0.205747	3.54283e-05	-16294.8	227645	2.65748e+08	2.51445e+14	1.38701e-11	3.2914e+18
960	0.451684	3.73045e-05	0.204056	3.09099e-05	-16163	203146	2.61446e+08	2.19373e+14	1.19886e-11	2.81604e+18
980	0.449956	3.67818e-05	0.202497	3.02802e-05	-16036.5	195261	2.57366e+08	2.07849e+14	1.15795e-11	2.5974e+18
1000	0.448321	3.56484e-05	0.201028	2.91868e-05	-15923.9	190640	2.53761e+08	2.00888e+14	1.09983e-11	2.43552e+18
1020	0.446525	3.2817e-05	0.199418	2.65254e-05	-15793.3	174350	2.49602e+08	1.78908e+14	9.92622e-12	2.14093e+18
1040	0.445083	3.10514e-05	0.19813	2.48927e-05	-15690.9	163814	2.46369e+08	1.65399e+14	9.21158e-12	1.93493e+18
1060	0.443547	3.02814e-05	0.196764	2.40768e-05	-15583	157318	2.42987e+08	1.56119e+14	8.81365e-12	1.78874e+18
1080	0.442005	3.0581e-05	0.195399	2.41364e-05	-15477.4	159217	2.3971e+08	1.55822e+14	8.73594e-12	1.74389e+18
1100	0.440351	2.59801e-05	0.193935	2.03089e-05	-15360.2	135293	2.3607e+08	1.29773e+14	7.28669e-12	1.42846e+18
1120	0.438945	2.79543e-05	0.192701	2.17336e-05	-15261.4	144576	2.33055e+08	1.37258e+14	7.70048e-12	1.47245e+18
1140	0.437603	2.61159e-05	0.191523	2.01557e-05	-15169.8	135077	2.30257e+08	1.26402e+14	7.06783e-12	1.32786e+18
1160	0.435855	2.46111e-05	0.189994	1.88248e-05	-15048	126000	2.26567e+08	1.15832e+14	6.5457e-12	1.19628e+18
1180	0.434722	2.59614e-05	0.189009	1.97834e-05	-14970.1	133556	2.24239e+08	1.21856e+14	6.78785e-12	1.22541e+18
1200	0.433691	2.44495e-05	0.188112	1.85036e-05	-14897.4	124979	2.22056e+08	1.12383e+14	6.28597e-12	1.10881e+18
1220	0.432362	2.48126e-05	0.186961	1.86438e-05	-14809.7	126015	2.19452e+08	1.11822e+14	6.27481e-12	1.08164e+18
1240	0.431013	2.38104e-05	0.185796	1.77697e-05	-14716.7	119908	2.16702e+08	1.04975e+14	5.92422e-12	9.96292e+17
1260	0.429538	2.30198e-05	0.184526	1.70494e-05	-14615.8	116485	2.13738e+08	1.00348e+14	5.63659e-12	9.37373e+17
1280	0.428606	2.39076e-05	0.183727	1.76604e-05	-14551.6	119260	2.11867e+08	1.02139e+14	5.76251e-12	9.29942e+17
1300	0.427326	2.38838e-05	0.182631	1.7517e-05	-14465.3	117467	2.09364e+08	9.91718e+13	5.6682e-12	8.8799e+17
1320	0.426129	2.34651e-05	0.181609	1.70987e-05	-14384.2	115215	2.07019e+08	9.60411e+13	5.48446e-12	8.44776e+17
1340	0.424908	2.24738e-05	0.180569	1.6272e-05	-14302.1	109028	2.04658e+08	8.97708e+13	5.17433e-12	7.75722e+17
1360	0.423969	2.38778e-05	0.179774	1.7225e-05	-14238.7	116347	2.02858e+08	9.51788e+13	5.4168e-12	8.0364e+17
1380	0.422774	2.25132e-05	0.17876	1.61359e-05	-14157.8	108742	2.00552e+08	8.76818e+13	5.03318e-12	7.2949e+17
1400	0.421592	2.24368e-05	0.177762	1.59855e-05	-14082.5	107576	1.98423e+08	8.58181e+13	4.94445e-12	7.01197e+17
