5.050000000000000000e+02 1.233659499550000094e+00
5.150000000000000000e+02 1.303376047139999994e+00
5.200000000000000000e+02 1.239237301850000028e+00
5.300000000000000000e+02 1.227684333440000053e+00
5.550000000000000000e+02 1.234327727739999991e+00
5.700000000000000000e+02 1.155766415790000057e+00
5.800000000000000000e+02 1.134737058240000040e+00
6.050000000000000000e+02 1.078860265349999903e+00
6.100000000000000000e+02 1.018899187990000010e+00
6.150000000000000000e+02 1.014463373739999952e+00
6.250000000000000000e+02 9.659147723609999847e-01
6.450000000000000000e+02 9.087720749869999670e-01
6.550000000000000000e+02 8.876322068499999940e-01
6.600000000000000000e+02 8.696426704790000128e-01
6.650000000000000000e+02 9.043845694750000108e-01
6.750000000000000000e+02 8.554876786620000395e-01
6.900000000000000000e+02 8.267645956529999784e-01
6.950000000000000000e+02 8.207311501930000253e-01
7.050000000000000000e+02 8.122564021799999479e-01
7.150000000000000000e+02 7.641413409699999715e-01
7.200000000000000000e+02 7.277901730689999571e-01
7.350000000000000000e+02 7.094118603410000112e-01
7.450000000000000000e+02 7.276310076159999696e-01
7.500000000000000000e+02 7.208831688839999474e-01
7.650000000000000000e+02 6.996788051510000050e-01
7.700000000000000000e+02 6.921845412599999525e-01
7.750000000000000000e+02 6.885302855899999575e-01
7.900000000000000000e+02 6.758151044569999932e-01
7.950000000000000000e+02 6.439229835109999689e-01
8.100000000000000000e+02 6.340434764919999910e-01
8.150000000000000000e+02 6.333971865549999913e-01
8.200000000000000000e+02 6.161550978340000206e-01
8.250000000000000000e+02 6.228771015399999778e-01
8.350000000000000000e+02 6.197184264959999522e-01
8.400000000000000000e+02 6.222316701479999601e-01
8.450000000000000000e+02 6.232140728089999859e-01
8.550000000000000000e+02 6.214595170500000210e-01
8.600000000000000000e+02 5.988055961089999712e-01
8.700000000000000000e+02 6.196506225479999630e-01
8.750000000000000000e+02 5.970617452649999990e-01
8.800000000000000000e+02 5.948981959289999510e-01
9.050000000000000000e+02 5.879024243510000414e-01
9.100000000000000000e+02 5.664285396549999518e-01
9.150000000000000000e+02 5.715067913560000212e-01
9.200000000000000000e+02 5.819995697650000022e-01
9.300000000000000000e+02 2.328376809449999862e-01
9.350000000000000000e+02 6.921820551240000230e-02
9.400000000000000000e+02 3.025017163400000042e-01
9.450000000000000000e+02 1.600127805749999854e-02
9.500000000000000000e+02 2.670342470440000004e-02
9.550000000000000000e+02 1.522823773439999952e-02
9.600000000000000000e+02 1.570057640489999976e-02
9.650000000000000000e+02 1.169555317580000045e-02
9.750000000000000000e+02 7.224067416070000316e-03
9.800000000000000000e+02 8.542284310449999724e-03
9.850000000000000000e+02 6.497010660349999620e-03
9.900000000000000000e+02 5.221247153749999752e-03
9.950000000000000000e+02 7.625039276979999822e-03
1.000000000000000000e+03 8.260647350430000424e-03
1.005000000000000000e+03 1.381340519420000065e-02
1.015000000000000000e+03 1.944072328039999839e-02
1.020000000000000000e+03 3.940563099819999887e-02
1.025000000000000000e+03 3.505274958920000239e-02
1.030000000000000000e+03 3.853342161070000271e-02
1.035000000000000000e+03 5.285857513790000184e-02
1.040000000000000000e+03 3.896871861239999818e-02
1.045000000000000000e+03 1.021234239820000000e-01
1.050000000000000000e+03 9.309567290970000020e-02
1.055000000000000000e+03 1.271188873180000012e-01
1.060000000000000000e+03 5.532584861570000179e-01
1.065000000000000000e+03 8.800914983650000023e-01
1.070000000000000000e+03 1.821268088080000069e+00
1.075000000000000000e+03 1.396291716889999979e+00
1.080000000000000000e+03 2.586225464049999978e+00
1.085000000000000000e+03 1.636465716930000092e+00
1.090000000000000000e+03 4.954298709099999698e+00
1.095000000000000000e+03 4.205936606169999870e+00
1.100000000000000000e+03 6.696754537750000402e+00
1.105000000000000000e+03 4.566678988809999673e+00
1.110000000000000000e+03 5.739742497549999989e+00
1.115000000000000000e+03 5.123631125720000234e+00
1.120000000000000000e+03 6.344476909349999971e+00
1.125000000000000000e+03 2.008023809939999893e+01
1.130000000000000000e+03 6.010962122619999626e+00
1.135000000000000000e+03 1.907270625530000174e+01
1.140000000000000000e+03 1.780636710499999964e+01
1.145000000000000000e+03 6.258520203519999825e+00
1.150000000000000000e+03 6.322515745539999621e+00
1.155000000000000000e+03 1.859273776650000087e+01
1.160000000000000000e+03 1.855311220029999930e+01
1.165000000000000000e+03 4.535691606060000325e+00
1.170000000000000000e+03 1.858824083220000034e+01
1.175000000000000000e+03 1.843245427109999923e+01
1.180000000000000000e+03 1.821939812029999928e+01
1.185000000000000000e+03 1.932826724470000102e+01
1.190000000000000000e+03 1.790880810570000037e+01
1.195000000000000000e+03 1.911046193350000166e+01
1.200000000000000000e+03 1.968294628689999826e+01
1.205000000000000000e+03 5.429558101479999621e+00
1.210000000000000000e+03 2.011098768280000115e+01
1.215000000000000000e+03 6.279352544109999990e+00
1.220000000000000000e+03 1.954656475679999872e+01
1.225000000000000000e+03 1.960109528610000140e+01
1.230000000000000000e+03 1.868528140800000159e+01
1.235000000000000000e+03 2.020409763310000173e+01
1.240000000000000000e+03 5.293730097230000098e+00
1.245000000000000000e+03 1.947760839289999879e+01
1.250000000000000000e+03 1.919998338319999931e+01
1.255000000000000000e+03 2.082337304529999855e+01
1.260000000000000000e+03 7.663418458699999825e+00
1.265000000000000000e+03 1.882369489679999930e+01
1.270000000000000000e+03 9.818630526250000656e+00
1.275000000000000000e+03 1.893600646790000042e+01
1.280000000000000000e+03 2.000804067019999977e+01
1.285000000000000000e+03 1.985909702049999837e+01
1.290000000000000000e+03 1.845560862379999989e+01
1.295000000000000000e+03 1.939508026180000044e+01
1.300000000000000000e+03 7.459274009599999644e+00
1.305000000000000000e+03 2.085330028650000145e+01
1.310000000000000000e+03 1.928924058020000132e+01
1.315000000000000000e+03 6.691617236219999931e+00
1.320000000000000000e+03 7.794132231069999861e+00
1.325000000000000000e+03 4.755607899690000195e+00
1.330000000000000000e+03 5.695282487370000091e+00
1.335000000000000000e+03 1.840168645720000029e+01
1.340000000000000000e+03 2.109160429789999824e+01
1.345000000000000000e+03 1.824189485389999987e+01
1.350000000000000000e+03 1.874383546390000177e+01
