0	0.354741	-1.56726e+06
1	0.364908	-1.70415e+06
2	0.356876	-1.62717e+06
3	0.362355	-1.69687e+06
4	0.359866	-1.67961e+06
5	0.371258	-1.78112e+06
6	0.348352	-1.55949e+06
7	0.35406	-1.58966e+06
8	0.371528	-1.85758e+06
9	0.339928	-1.49182e+06
10	0.366665	-1.75482e+06
11	0.352061	-1.61073e+06
12	0.368846	-1.76e+06
13	0.348397	-1.5925e+06
14	0.355135	-1.6226e+06
15	0.351903	-1.59454e+06
16	0.369247	-1.77221e+06
17	0.354413	-1.6117e+06
18	0.363883	-1.72189e+06
19	0.352831	-1.60875e+06
20	0.367783	-1.76075e+06
21	0.358328	-1.71649e+06
22	0.339345	-1.51114e+06
23	0.330568	-1.39808e+06
24	0.358459	-1.64734e+06
25	0.359579	-1.74422e+06
26	0.364968	-1.73757e+06
27	0.348145	-1.60848e+06
28	0.350854	-1.5175e+06
29	0.362458	-1.75565e+06
30	0.371634	-1.75796e+06
31	0.356854	-1.67591e+06
32	0.361043	-1.64741e+06
33	0.353722	-1.61377e+06
34	0.33614	-1.44064e+06
35	0.346177	-1.56816e+06
36	0.351748	-1.66463e+06
37	0.363994	-1.71481e+06
38	0.366909	-1.77118e+06
39	0.343436	-1.59014e+06
40	0.364335	-1.72535e+06
41	0.353842	-1.62446e+06
42	0.36558	-1.78146e+06
43	0.354925	-1.63693e+06
44	0.348054	-1.5447e+06
45	0.361736	-1.70777e+06
46	0.359874	-1.69375e+06
47	0.36596	-1.70977e+06
48	0.351811	-1.59376e+06
49	0.397322	-2.06455e+06
50	0.366572	-1.73189e+06
51	0.363603	-1.70423e+06
52	0.338674	-1.51044e+06
53	0.340942	-1.51567e+06
54	0.368722	-1.7902e+06
55	0.335976	-1.53799e+06
56	0.372269	-1.74347e+06
57	0.354447	-1.64348e+06
58	0.355664	-1.61584e+06
59	0.355788	-1.6957e+06
60	0.359258	-1.65302e+06
61	0.355968	-1.69913e+06
62	0.378515	-1.82614e+06
63	0.363175	-1.76153e+06
64	0.358134	-1.65935e+06
65	0.360573	-1.71395e+06
66	0.34535	-1.52944e+06
67	0.345409	-1.54937e+06
68	0.353302	-1.65384e+06
69	0.375262	-1.84827e+06
70	0.351791	-1.58588e+06
71	0.345295	-1.56786e+06
72	0.361727	-1.69432e+06
73	0.349188	-1.53862e+06
74	0.33149	-1.45617e+06
75	0.338491	-1.45815e+06
76	0.363747	-1.68942e+06
77	0.344932	-1.56976e+06
78	0.344168	-1.5644e+06
79	0.342045	-1.46766e+06
80	0.361724	-1.67035e+06
81	0.36222	-1.73061e+06
82	0.350987	-1.55437e+06
83	0.345217	-1.60424e+06
84	0.343558	-1.50931e+06
85	0.368415	-1.78779e+06
86	0.35112	-1.6077e+06
87	0.353353	-1.61893e+06
88	0.364385	-1.73131e+06
89	0.342159	-1.55227e+06
90	0.375624	-1.84025e+06
91	0.374222	-1.8772e+06
92	0.36337	-1.69651e+06
93	0.361133	-1.68608e+06
94	0.357245	-1.64326e+06
95	0.357449	-1.67424e+06
96	0.372798	-1.82383e+06
97	0.345436	-1.55963e+06
98	0.35082	-1.6158e+06
99	0.35068	-1.60391e+06
100	0.382966	-1.94928e+06
101	0.372028	-1.7448e+06
102	0.377757	-1.83723e+06
103	0.341291	-1.46867e+06
104	0.366032	-1.75073e+06
105	0.350776	-1.63105e+06
106	0.36721	-1.76135e+06
107	0.360054	-1.716e+06
108	0.351798	-1.62119e+06
109	0.37281	-1.73947e+06
110	0.373741	-1.86123e+06
111	0.358863	-1.62749e+06
112	0.35813	-1.6956e+06
113	0.367842	-1.76078e+06
114	0.341911	-1.53872e+06
115	0.351202	-1.54982e+06
116	0.351119	-1.62541e+06
117	0.362731	-1.7127e+06
118	0.350537	-1.58122e+06
119	0.346025	-1.56038e+06
120	0.359213	-1.6892e+06
121	0.368553	-1.84029e+06
122	0.34536	-1.54217e+06
123	0.369874	-1.82091e+06
124	0.364207	-1.71831e+06
125	0.351246	-1.55015e+06
126	0.36347	-1.69405e+06
127	0.342822	-1.53805e+06
128	0.366112	-1.73418e+06
129	0.344656	-1.56329e+06
130	0.360095	-1.70498e+06
131	0.378821	-1.8803e+06
132	0.363532	-1.71046e+06
133	0.33501	-1.44219e+06
134	0.355198	-1.64802e+06
135	0.356451	-1.67731e+06
136	0.378827	-1.86318e+06
137	0.378141	-1.84094e+06
138	0.352553	-1.53538e+06
139	0.362947	-1.74252e+06
140	0.353542	-1.62562e+06
141	0.337972	-1.55314e+06
142	0.370541	-1.79485e+06
143	0.356639	-1.61441e+06
144	0.368315	-1.74456e+06
145	0.347553	-1.55787e+06
146	0.371074	-1.78432e+06
147	0.347888	-1.59337e+06
148	0.35673	-1.6575e+06
149	0.36231	-1.70228e+06
150	0.367753	-1.74407e+06
151	0.352684	-1.61652e+06
152	0.353797	-1.58823e+06
153	0.348262	-1.58764e+06
154	0.346913	-1.53942e+06
155	0.342552	-1.52606e+06
156	0.354033	-1.62473e+06
157	0.355565	-1.66801e+06
158	0.351378	-1.64635e+06
159	0.355311	-1.6559e+06
160	0.362296	-1.72848e+06
161	0.361102	-1.7056e+06
162	0.335674	-1.4443e+06
163	0.375793	-1.85656e+06
164	0.36498	-1.71731e+06
165	0.361954	-1.76017e+06
166	0.356772	-1.64698e+06
167	0.359882	-1.6727e+06
168	0.363195	-1.70276e+06
169	0.362903	-1.71859e+06
170	0.350833	-1.5914e+06
171	0.343686	-1.54156e+06
172	0.351687	-1.63531e+06
173	0.360979	-1.69102e+06
174	0.355963	-1.62424e+06
175	0.375212	-1.79018e+06
176	0.342667	-1.50646e+06
177	0.354233	-1.65294e+06
178	0.359696	-1.70673e+06
179	0.356322	-1.63456e+06
180	0.341055	-1.49506e+06
181	0.365321	-1.70569e+06
182	0.358557	-1.6896e+06
183	0.350051	-1.57311e+06
184	0.358443	-1.71427e+06
185	0.352779	-1.7113e+06
186	0.345443	-1.56366e+06
187	0.354269	-1.64911e+06
188	0.346353	-1.54629e+06
189	0.368086	-1.67589e+06
190	0.364547	-1.70376e+06
191	0.361685	-1.63514e+06
192	0.337256	-1.47816e+06
193	0.370536	-1.74711e+06
194	0.377598	-1.84612e+06
195	0.342287	-1.51145e+06
196	0.361214	-1.73879e+06
197	0.340201	-1.47789e+06
198	0.340802	-1.52997e+06
199	0.365942	-1.71711e+06
200	0.349941	-1.60635e+06
201	0.342626	-1.52188e+06
202	0.364646	-1.7323e+06
203	0.357251	-1.63402e+06
204	0.364514	-1.73343e+06
205	0.344065	-1.56392e+06
206	0.346693	-1.5602e+06
207	0.348458	-1.62168e+06
208	0.350117	-1.68448e+06
209	0.364664	-1.71475e+06
210	0.35865	-1.68119e+06
211	0.356967	-1.6032e+06
212	0.341079	-1.47429e+06
213	0.352528	-1.61792e+06
214	0.383678	-1.91835e+06
215	0.354224	-1.6366e+06
216	0.355666	-1.60964e+06
217	0.36027	-1.70908e+06
218	0.38716	-1.94506e+06
219	0.36164	-1.70718e+06
220	0.365865	-1.72354e+06
221	0.349434	-1.61898e+06
222	0.356304	-1.66216e+06
223	0.350696	-1.58023e+06
224	0.358208	-1.65595e+06
225	0.36391	-1.63061e+06
226	0.356368	-1.65674e+06
227	0.364874	-1.76542e+06
228	0.360231	-1.6487e+06
229	0.355909	-1.61042e+06
230	0.344766	-1.57732e+06
231	0.351328	-1.59487e+06
232	0.352042	-1.62048e+06
233	0.360693	-1.62561e+06
234	0.3476	-1.55117e+06
235	0.373298	-1.7938e+06
236	0.367899	-1.78913e+06
237	0.337534	-1.49094e+06
238	0.354053	-1.58491e+06
239	0.335735	-1.49932e+06
240	0.349455	-1.55655e+06
241	0.344331	-1.54835e+06
242	0.36376	-1.74665e+06
243	0.340113	-1.47414e+06
244	0.342004	-1.5487e+06
245	0.354653	-1.67086e+06
246	0.360279	-1.67938e+06
247	0.356741	-1.69129e+06
248	0.362892	-1.65757e+06
249	0.371103	-1.86262e+06
250	0.355309	-1.62706e+06
251	0.361824	-1.6439e+06
252	0.347929	-1.64551e+06
253	0.353056	-1.64731e+06
254	0.355609	-1.62923e+06
255	0.364991	-1.65278e+06
256	0.357431	-1.64921e+06
257	0.354865	-1.60783e+06
258	0.355495	-1.66116e+06
259	0.357158	-1.67543e+06
260	0.353493	-1.62451e+06
261	0.372815	-1.83497e+06
262	0.355889	-1.65189e+06
263	0.372702	-1.77381e+06
264	0.350164	-1.6147e+06
265	0.363119	-1.65606e+06
266	0.342805	-1.54961e+06
267	0.364866	-1.74627e+06
268	0.372778	-1.80402e+06
269	0.379904	-1.85921e+06
270	0.361674	-1.73116e+06
271	0.364225	-1.75217e+06
272	0.367892	-1.75851e+06
273	0.354001	-1.5918e+06
274	0.358899	-1.68861e+06
275	0.364196	-1.76965e+06
276	0.329228	-1.39084e+06
277	0.348253	-1.52894e+06
278	0.371084	-1.83087e+06
279	0.371984	-1.81045e+06
280	0.348385	-1.60673e+06
281	0.373006	-1.80752e+06
282	0.352186	-1.63698e+06
283	0.375622	-1.90207e+06
284	0.356972	-1.68969e+06
285	0.349798	-1.59287e+06
286	0.348497	-1.57328e+06
287	0.382171	-1.93145e+06
288	0.365366	-1.72082e+06
289	0.346424	-1.55477e+06
290	0.369737	-1.75443e+06
291	0.367073	-1.77565e+06
292	0.352112	-1.59404e+06
293	0.355319	-1.63588e+06
294	0.345591	-1.54449e+06
295	0.350417	-1.57877e+06
296	0.378865	-1.84549e+06
297	0.380268	-1.87484e+06
298	0.354226	-1.59029e+06
299	0.354143	-1.65397e+06
300	0.360683	-1.67733e+06
301	0.342034	-1.51463e+06
302	0.36604	-1.73603e+06
303	0.366628	-1.74949e+06
304	0.35636	-1.67607e+06
305	0.33785	-1.45482e+06
306	0.363422	-1.69733e+06
307	0.371737	-1.74264e+06
308	0.366975	-1.76808e+06
309	0.356379	-1.63099e+06
310	0.363624	-1.7555e+06
311	0.340189	-1.47467e+06
312	0.341186	-1.50123e+06
313	0.361196	-1.72171e+06
314	0.359879	-1.64085e+06
315	0.361792	-1.6811e+06
316	0.342454	-1.53231e+06
317	0.361054	-1.68348e+06
318	0.361705	-1.67816e+06
319	0.365154	-1.72549e+06
320	0.3647	-1.72784e+06
321	0.353505	-1.63407e+06
322	0.370443	-1.7619e+06
323	0.360307	-1.65975e+06
324	0.356306	-1.69105e+06
325	0.357117	-1.67849e+06
326	0.368933	-1.72919e+06
327	0.356487	-1.65254e+06
328	0.362113	-1.64389e+06
329	0.364394	-1.72982e+06
330	0.355803	-1.69108e+06
331	0.351003	-1.56076e+06
332	0.344081	-1.56049e+06
333	0.365172	-1.79632e+06
334	0.363681	-1.72947e+06
335	0.35222	-1.60742e+06
336	0.361683	-1.70877e+06
337	0.354171	-1.61749e+06
338	0.365066	-1.78415e+06
339	0.354815	-1.65526e+06
340	0.363573	-1.72719e+06
341	0.378058	-1.82703e+06
342	0.345819	-1.57935e+06
343	0.372728	-1.80597e+06
344	0.357088	-1.65954e+06
345	0.345213	-1.57482e+06
346	0.374472	-1.83915e+06
347	0.368223	-1.8075e+06
348	0.355701	-1.67698e+06
349	0.345895	-1.5343e+06
350	0.352979	-1.61828e+06
351	0.356316	-1.61216e+06
352	0.345225	-1.53164e+06
353	0.36784	-1.69965e+06
354	0.360117	-1.7028e+06
355	0.364534	-1.76234e+06
356	0.350704	-1.62231e+06
357	0.382526	-1.87776e+06
358	0.349112	-1.6205e+06
359	0.368535	-1.70368e+06
360	0.3658	-1.80164e+06
361	0.371914	-1.81253e+06
362	0.362654	-1.70486e+06
363	0.377173	-1.8721e+06
364	0.366965	-1.72254e+06
365	0.341304	-1.48599e+06
366	0.347389	-1.52134e+06
367	0.375302	-1.76631e+06
368	0.375471	-1.78899e+06
369	0.353341	-1.63516e+06
370	0.340703	-1.54594e+06
371	0.373365	-1.82866e+06
372	0.346436	-1.53697e+06
373	0.366937	-1.71332e+06
374	0.365859	-1.73857e+06
375	0.345157	-1.56117e+06
376	0.345885	-1.51548e+06
377	0.351779	-1.56879e+06
378	0.359243	-1.68588e+06
379	0.342975	-1.5311e+06
380	0.372739	-1.78001e+06
381	0.376506	-1.76127e+06
382	0.343457	-1.51318e+06
383	0.359778	-1.66305e+06
384	0.365571	-1.73571e+06
385	0.36011	-1.7309e+06
386	0.364501	-1.76003e+06
387	0.362036	-1.71035e+06
388	0.375853	-1.87763e+06
389	0.365634	-1.70726e+06
390	0.370471	-1.7943e+06
391	0.364028	-1.76722e+06
392	0.357011	-1.66532e+06
393	0.362669	-1.73206e+06
394	0.363391	-1.67879e+06
395	0.365718	-1.69974e+06
396	0.365447	-1.73017e+06
397	0.339738	-1.46743e+06
398	0.338873	-1.50132e+06
399	0.360345	-1.67752e+06
400	0.361065	-1.69083e+06
401	0.344343	-1.49061e+06
402	0.358672	-1.67889e+06
403	0.357761	-1.69356e+06
404	0.356998	-1.73298e+06
405	0.362725	-1.77507e+06
406	0.368632	-1.80668e+06
407	0.362862	-1.70815e+06
408	0.362493	-1.70068e+06
409	0.364238	-1.69166e+06
410	0.362814	-1.71047e+06
411	0.360937	-1.72175e+06
412	0.348602	-1.57091e+06
413	0.362172	-1.72051e+06
414	0.374832	-1.77758e+06
415	0.355615	-1.6408e+06
416	0.346153	-1.55557e+06
417	0.362397	-1.71851e+06
418	0.361114	-1.6867e+06
419	0.369676	-1.7656e+06
420	0.366974	-1.72727e+06
421	0.373701	-1.79213e+06
422	0.357641	-1.64962e+06
423	0.353728	-1.59203e+06
424	0.342382	-1.50953e+06
425	0.354149	-1.67099e+06
426	0.377103	-1.90269e+06
427	0.365923	-1.72196e+06
428	0.363527	-1.70943e+06
429	0.349019	-1.59951e+06
430	0.355741	-1.65284e+06
431	0.356588	-1.65492e+06
432	0.372702	-1.7631e+06
433	0.363592	-1.70577e+06
434	0.380536	-1.91319e+06
435	0.363947	-1.71242e+06
436	0.357494	-1.64009e+06
437	0.359163	-1.65641e+06
438	0.347204	-1.57626e+06
439	0.343262	-1.52811e+06
440	0.362464	-1.68788e+06
441	0.351081	-1.60236e+06
442	0.351537	-1.61434e+06
443	0.35986	-1.6841e+06
444	0.356283	-1.65548e+06
445	0.340194	-1.53102e+06
446	0.362753	-1.62991e+06
447	0.359746	-1.68673e+06
448	0.344687	-1.56536e+06
449	0.364898	-1.74336e+06
450	0.363209	-1.71898e+06
451	0.380045	-1.85165e+06
452	0.358399	-1.63996e+06
453	0.357749	-1.60083e+06
454	0.372563	-1.78713e+06
455	0.364672	-1.75662e+06
456	0.354208	-1.60682e+06
457	0.35546	-1.59271e+06
458	0.351291	-1.64573e+06
459	0.36996	-1.7605e+06
460	0.372394	-1.83625e+06
461	0.352974	-1.67116e+06
462	0.364287	-1.76231e+06
463	0.354466	-1.61972e+06
464	0.377415	-1.83165e+06
465	0.361889	-1.66123e+06
466	0.345435	-1.49227e+06
467	0.374226	-1.773e+06
468	0.350095	-1.59575e+06
469	0.374127	-1.85855e+06
470	0.364347	-1.71672e+06
471	0.370057	-1.80013e+06
472	0.352898	-1.58491e+06
473	0.33483	-1.46337e+06
474	0.358118	-1.63628e+06
475	0.349753	-1.58923e+06
476	0.365649	-1.75252e+06
477	0.351799	-1.61083e+06
478	0.375263	-1.81459e+06
479	0.349625	-1.57108e+06
480	0.352719	-1.60869e+06
481	0.360315	-1.64018e+06
482	0.336353	-1.45377e+06
483	0.360111	-1.73864e+06
484	0.364671	-1.74233e+06
485	0.379421	-1.88929e+06
486	0.345648	-1.58802e+06
487	0.359016	-1.64544e+06
488	0.358205	-1.68889e+06
489	0.358676	-1.63811e+06
490	0.370776	-1.79658e+06
491	0.35345	-1.60855e+06
492	0.358359	-1.6966e+06
493	0.359537	-1.70246e+06
494	0.378844	-1.77759e+06
495	0.348002	-1.59108e+06
496	0.370265	-1.81772e+06
497	0.362934	-1.70714e+06
498	0.353436	-1.62723e+06
499	0.362204	-1.67791e+06
500	0.347491	-1.49032e+06
501	0.367053	-1.73977e+06
502	0.359551	-1.72298e+06
503	0.35117	-1.64102e+06
504	0.362056	-1.66887e+06
505	0.350227	-1.58453e+06
506	0.350163	-1.53305e+06
507	0.370966	-1.75293e+06
508	0.36295	-1.72812e+06
509	0.353124	-1.61494e+06
510	0.376004	-1.76444e+06
511	0.351515	-1.61814e+06
512	0.364331	-1.76376e+06
513	0.350846	-1.59449e+06
514	0.359063	-1.6716e+06
515	0.346807	-1.5398e+06
516	0.353031	-1.60947e+06
517	0.33944	-1.52794e+06
518	0.365417	-1.74306e+06
519	0.365838	-1.74317e+06
520	0.354204	-1.64188e+06
521	0.383688	-1.90927e+06
522	0.341363	-1.51479e+06
523	0.358709	-1.646e+06
524	0.382265	-1.91496e+06
525	0.378708	-1.8448e+06
526	0.369333	-1.76366e+06
527	0.370645	-1.76517e+06
528	0.364849	-1.75637e+06
529	0.34142	-1.52048e+06
530	0.356887	-1.693e+06
531	0.366456	-1.79623e+06
532	0.362128	-1.7513e+06
533	0.350754	-1.58765e+06
534	0.354877	-1.61494e+06
535	0.341669	-1.5512e+06
536	0.371096	-1.75102e+06
537	0.355168	-1.61934e+06
538	0.358173	-1.6784e+06
539	0.365918	-1.68975e+06
540	0.353583	-1.60727e+06
541	0.363664	-1.73456e+06
542	0.347282	-1.63099e+06
543	0.356414	-1.62747e+06
544	0.371019	-1.8169e+06
545	0.362583	-1.69905e+06
546	0.353391	-1.6526e+06
547	0.355064	-1.61045e+06
548	0.350681	-1.59177e+06
549	0.369645	-1.81293e+06
550	0.363426	-1.74872e+06
551	0.354575	-1.64688e+06
552	0.35372	-1.62408e+06
553	0.36468	-1.74524e+06
554	0.383337	-1.93563e+06
555	0.365035	-1.74964e+06
556	0.346734	-1.51879e+06
557	0.357037	-1.6946e+06
558	0.336963	-1.55222e+06
559	0.361903	-1.75914e+06
560	0.358945	-1.69773e+06
561	0.353168	-1.60306e+06
562	0.356103	-1.6251e+06
563	0.361557	-1.69188e+06
564	0.35287	-1.63151e+06
565	0.354971	-1.66537e+06
566	0.369503	-1.74089e+06
567	0.345743	-1.55623e+06
568	0.359018	-1.66798e+06
569	0.365704	-1.67624e+06
570	0.354753	-1.66651e+06
571	0.357702	-1.72356e+06
572	0.358936	-1.59288e+06
573	0.353881	-1.65154e+06
574	0.35335	-1.59512e+06
575	0.354414	-1.63569e+06
576	0.366146	-1.70273e+06
577	0.340294	-1.575e+06
578	0.358848	-1.66156e+06
579	0.336184	-1.40261e+06
580	0.370453	-1.82489e+06
581	0.353545	-1.56795e+06
582	0.369466	-1.7707e+06
583	0.36199	-1.72167e+06
584	0.367455	-1.81013e+06
585	0.346572	-1.61556e+06
586	0.365764	-1.74775e+06
587	0.335212	-1.46243e+06
588	0.357412	-1.68025e+06
589	0.35924	-1.70141e+06
590	0.341678	-1.44879e+06
591	0.365484	-1.7164e+06
592	0.370369	-1.76181e+06
593	0.363485	-1.75878e+06
594	0.350809	-1.60518e+06
595	0.330682	-1.45312e+06
596	0.361793	-1.75104e+06
597	0.3608	-1.68084e+06
598	0.365048	-1.68866e+06
599	0.343378	-1.56283e+06
600	0.327262	-1.41564e+06
601	0.348486	-1.58192e+06
602	0.364308	-1.72298e+06
603	0.350992	-1.59126e+06
604	0.374443	-1.80889e+06
605	0.373306	-1.8403e+06
606	0.339009	-1.44361e+06
607	0.373387	-1.82605e+06
608	0.350995	-1.56321e+06
609	0.339028	-1.497e+06
610	0.357713	-1.7042e+06
611	0.358902	-1.67759e+06
612	0.356249	-1.68054e+06
613	0.356127	-1.69037e+06
614	0.351479	-1.5912e+06
615	0.354851	-1.59105e+06
616	0.379334	-1.86211e+06
617	0.361722	-1.7037e+06
618	0.359863	-1.66916e+06
619	0.343942	-1.46092e+06
620	0.353369	-1.5166e+06
621	0.361881	-1.6393e+06
622	0.343962	-1.54758e+06
623	0.356272	-1.66e+06
624	0.354861	-1.60918e+06
625	0.359894	-1.70413e+06
626	0.377241	-1.92494e+06
627	0.364822	-1.68537e+06
628	0.338702	-1.53172e+06
629	0.346767	-1.55424e+06
630	0.352451	-1.61963e+06
631	0.375202	-1.80286e+06
632	0.361467	-1.72277e+06
633	0.362472	-1.66939e+06
634	0.362157	-1.73484e+06
635	0.358133	-1.67154e+06
636	0.376019	-1.80553e+06
637	0.361797	-1.73683e+06
638	0.351743	-1.59545e+06
639	0.358102	-1.68324e+06
640	0.379206	-1.91588e+06
641	0.356379	-1.65947e+06
642	0.366908	-1.7977e+06
643	0.354189	-1.67857e+06
644	0.359263	-1.69647e+06
645	0.352034	-1.61761e+06
646	0.367503	-1.76175e+06
647	0.357497	-1.64064e+06
648	0.349585	-1.62591e+06
649	0.38454	-1.9093e+06
650	0.376119	-1.86201e+06
651	0.384952	-1.99603e+06
652	0.357648	-1.63298e+06
653	0.371388	-1.73231e+06
654	0.365225	-1.74174e+06
655	0.355128	-1.61345e+06
656	0.355311	-1.59921e+06
657	0.377846	-1.81854e+06
658	0.3704	-1.79265e+06
659	0.38201	-1.88548e+06
660	0.362442	-1.7258e+06
661	0.362725	-1.67271e+06
662	0.36308	-1.67517e+06
663	0.362329	-1.71539e+06
664	0.338313	-1.49038e+06
665	0.350354	-1.49333e+06
666	0.35716	-1.66186e+06
667	0.368855	-1.70734e+06
668	0.363347	-1.75023e+06
669	0.348504	-1.5696e+06
670	0.362145	-1.72664e+06
671	0.318531	-1.32316e+06
672	0.359995	-1.68088e+06
673	0.359296	-1.6501e+06
674	0.345809	-1.53776e+06
675	0.360037	-1.62878e+06
676	0.368114	-1.73653e+06
677	0.360631	-1.69205e+06
678	0.358111	-1.65608e+06
679	0.380285	-1.83733e+06
680	0.360905	-1.68587e+06
681	0.364484	-1.70662e+06
682	0.333784	-1.44759e+06
683	0.34828	-1.57666e+06
684	0.348829	-1.58737e+06
685	0.376659	-1.81645e+06
686	0.352401	-1.54767e+06
687	0.366019	-1.70075e+06
688	0.34536	-1.57467e+06
689	0.346613	-1.59556e+06
690	0.373926	-1.81813e+06
691	0.358634	-1.63351e+06
692	0.365338	-1.71683e+06
693	0.348349	-1.52601e+06
694	0.36703	-1.7554e+06
695	0.346268	-1.53458e+06
696	0.333484	-1.50784e+06
697	0.357088	-1.67752e+06
698	0.365863	-1.71208e+06
699	0.36322	-1.7657e+06
700	0.361094	-1.67186e+06
701	0.348151	-1.56457e+06
702	0.338429	-1.46362e+06
703	0.353146	-1.63291e+06
704	0.369496	-1.78681e+06
705	0.370042	-1.81411e+06
706	0.335921	-1.48022e+06
707	0.348781	-1.56183e+06
708	0.362587	-1.79423e+06
709	0.365075	-1.7441e+06
710	0.353628	-1.67704e+06
711	0.355662	-1.68346e+06
712	0.347919	-1.54194e+06
713	0.350315	-1.65321e+06
714	0.358302	-1.62815e+06
715	0.363447	-1.69312e+06
716	0.349153	-1.63042e+06
717	0.374724	-1.81157e+06
718	0.367849	-1.78686e+06
719	0.358199	-1.68825e+06
720	0.359557	-1.67222e+06
721	0.36048	-1.67651e+06
722	0.348314	-1.5786e+06
723	0.357896	-1.60795e+06
724	0.36746	-1.73828e+06
725	0.358629	-1.74925e+06
726	0.348086	-1.61609e+06
727	0.365873	-1.81111e+06
728	0.366964	-1.733e+06
729	0.363175	-1.7298e+06
730	0.380351	-1.85837e+06
731	0.353951	-1.6518e+06
732	0.358456	-1.70372e+06
733	0.3616	-1.69759e+06
734	0.359312	-1.68946e+06
735	0.359447	-1.68561e+06
736	0.366785	-1.73225e+06
737	0.345794	-1.52814e+06
738	0.349338	-1.57507e+06
739	0.362683	-1.72103e+06
740	0.359614	-1.66142e+06
741	0.362704	-1.71534e+06
742	0.361198	-1.68139e+06
743	0.371155	-1.80772e+06
744	0.346017	-1.54266e+06
745	0.36753	-1.78069e+06
746	0.353557	-1.62027e+06
747	0.35675	-1.66484e+06
748	0.369096	-1.77152e+06
749	0.355271	-1.61308e+06
750	0.3664	-1.73085e+06
751	0.356289	-1.66293e+06
752	0.352685	-1.64216e+06
753	0.366733	-1.79329e+06
754	0.335669	-1.46721e+06
755	0.364114	-1.67448e+06
756	0.372774	-1.83348e+06
757	0.360351	-1.67785e+06
758	0.367836	-1.74007e+06
759	0.353231	-1.67721e+06
760	0.373103	-1.77676e+06
761	0.351571	-1.57472e+06
762	0.36264	-1.6977e+06
763	0.365547	-1.74676e+06
764	0.358169	-1.71184e+06
765	0.346669	-1.52164e+06
766	0.375236	-1.84684e+06
767	0.374436	-1.82715e+06
768	0.36992	-1.82083e+06
769	0.363575	-1.77134e+06
770	0.344753	-1.53562e+06
771	0.381136	-1.82455e+06
772	0.350061	-1.59339e+06
773	0.359374	-1.64262e+06
774	0.378554	-1.82444e+06
775	0.363358	-1.71916e+06
776	0.345554	-1.51451e+06
777	0.360254	-1.65521e+06
778	0.352665	-1.61179e+06
779	0.360893	-1.67435e+06
780	0.358042	-1.67166e+06
781	0.361352	-1.66756e+06
782	0.375361	-1.78383e+06
783	0.357441	-1.65174e+06
784	0.346851	-1.5619e+06
785	0.354485	-1.623e+06
786	0.363246	-1.72864e+06
787	0.361433	-1.72286e+06
788	0.359213	-1.69351e+06
789	0.355921	-1.63157e+06
790	0.366479	-1.78614e+06
791	0.372101	-1.76364e+06
792	0.351555	-1.5723e+06
793	0.369774	-1.78169e+06
794	0.364013	-1.73398e+06
795	0.359061	-1.68511e+06
796	0.352117	-1.6527e+06
797	0.354593	-1.64523e+06
798	0.366712	-1.72782e+06
799	0.37193	-1.81002e+06
800	0.363565	-1.71216e+06
801	0.381393	-1.83706e+06
802	0.36535	-1.65899e+06
803	0.373274	-1.81918e+06
804	0.36315	-1.73439e+06
805	0.353529	-1.56869e+06
806	0.374518	-1.826e+06
807	0.361444	-1.68828e+06
808	0.377881	-1.83684e+06
809	0.350606	-1.57121e+06
810	0.372474	-1.80553e+06
811	0.382603	-1.87628e+06
812	0.365282	-1.78089e+06
813	0.361996	-1.67563e+06
814	0.374055	-1.87316e+06
815	0.349196	-1.55743e+06
816	0.34702	-1.61277e+06
817	0.368078	-1.73871e+06
818	0.349905	-1.59295e+06
819	0.369724	-1.77814e+06
820	0.361878	-1.70242e+06
821	0.357701	-1.64158e+06
822	0.354278	-1.63015e+06
823	0.338876	-1.4891e+06
824	0.364443	-1.73429e+06
825	0.353094	-1.5823e+06
826	0.351395	-1.60184e+06
827	0.36649	-1.75468e+06
828	0.356304	-1.64059e+06
829	0.363801	-1.69619e+06
830	0.351332	-1.56109e+06
831	0.362058	-1.68028e+06
832	0.347936	-1.56362e+06
833	0.35858	-1.60572e+06
834	0.359601	-1.68448e+06
835	0.358515	-1.66992e+06
836	0.371605	-1.78687e+06
837	0.373576	-1.821e+06
838	0.358406	-1.70436e+06
839	0.342227	-1.50193e+06
840	0.366017	-1.75572e+06
841	0.362752	-1.75204e+06
842	0.345768	-1.48727e+06
843	0.358894	-1.75122e+06
844	0.356526	-1.64513e+06
845	0.364363	-1.75995e+06
846	0.368529	-1.80746e+06
847	0.363926	-1.6766e+06
848	0.361256	-1.70854e+06
849	0.356571	-1.65521e+06
850	0.349303	-1.6085e+06
851	0.356403	-1.61119e+06
852	0.371111	-1.79162e+06
853	0.357299	-1.63913e+06
854	0.361373	-1.72865e+06
855	0.364702	-1.7086e+06
856	0.373185	-1.80034e+06
857	0.362219	-1.73206e+06
858	0.358748	-1.68293e+06
859	0.356119	-1.66148e+06
860	0.342397	-1.50518e+06
861	0.354686	-1.61626e+06
862	0.357826	-1.63932e+06
863	0.352368	-1.57435e+06
864	0.362839	-1.72901e+06
865	0.381768	-1.91896e+06
866	0.332079	-1.43735e+06
867	0.36058	-1.66752e+06
868	0.345541	-1.52221e+06
869	0.343118	-1.50823e+06
870	0.344129	-1.57342e+06
871	0.351369	-1.57768e+06
872	0.348744	-1.59751e+06
873	0.359332	-1.75922e+06
874	0.349969	-1.60284e+06
875	0.355153	-1.62629e+06
876	0.373414	-1.87992e+06
877	0.359793	-1.6889e+06
878	0.373787	-1.75948e+06
879	0.357524	-1.60897e+06
880	0.366026	-1.69473e+06
881	0.364922	-1.8057e+06
882	0.366559	-1.72762e+06
883	0.345155	-1.54817e+06
884	0.359062	-1.69793e+06
885	0.356889	-1.61634e+06
886	0.380349	-1.88989e+06
887	0.338769	-1.47136e+06
888	0.360866	-1.68459e+06
889	0.363598	-1.685e+06
890	0.353306	-1.59695e+06
891	0.359471	-1.69687e+06
892	0.347161	-1.61276e+06
893	0.369476	-1.79729e+06
894	0.365825	-1.77312e+06
895	0.343897	-1.55477e+06
896	0.343153	-1.57602e+06
897	0.368186	-1.76259e+06
898	0.353234	-1.65995e+06
899	0.357189	-1.64416e+06
900	0.372049	-1.759e+06
901	0.358946	-1.66078e+06
902	0.353267	-1.57518e+06
903	0.365685	-1.71098e+06
904	0.356018	-1.67955e+06
905	0.380368	-1.82127e+06
906	0.355033	-1.66588e+06
907	0.365301	-1.71843e+06
908	0.35641	-1.62383e+06
909	0.353566	-1.64659e+06
910	0.357348	-1.67316e+06
911	0.372122	-1.812e+06
912	0.35615	-1.69047e+06
913	0.360335	-1.65316e+06
914	0.355432	-1.64736e+06
915	0.340213	-1.47218e+06
916	0.351368	-1.6036e+06
917	0.365571	-1.73568e+06
918	0.341503	-1.50624e+06
919	0.345684	-1.57052e+06
920	0.353148	-1.63329e+06
921	0.370054	-1.80064e+06
922	0.358068	-1.64093e+06
923	0.371885	-1.76177e+06
924	0.369622	-1.83e+06
925	0.363751	-1.77958e+06
926	0.369205	-1.78617e+06
927	0.369839	-1.73571e+06
928	0.361386	-1.7011e+06
929	0.368002	-1.74932e+06
930	0.363085	-1.70326e+06
931	0.364777	-1.7172e+06
932	0.359152	-1.66704e+06
933	0.361079	-1.64488e+06
934	0.364576	-1.73173e+06
935	0.36654	-1.74296e+06
936	0.351534	-1.62833e+06
937	0.347215	-1.50086e+06
938	0.350906	-1.63838e+06
939	0.357787	-1.61925e+06
940	0.364548	-1.73031e+06
941	0.371611	-1.82379e+06
942	0.346748	-1.52829e+06
943	0.370481	-1.71814e+06
944	0.358345	-1.65508e+06
945	0.345916	-1.54539e+06
946	0.35911	-1.69471e+06
947	0.361072	-1.74744e+06
948	0.371991	-1.80306e+06
949	0.362941	-1.75619e+06
950	0.351676	-1.66333e+06
951	0.355743	-1.59141e+06
952	0.347491	-1.57653e+06
953	0.360993	-1.71382e+06
954	0.366816	-1.76154e+06
955	0.354059	-1.63952e+06
956	0.363373	-1.67487e+06
957	0.363787	-1.76418e+06
958	0.362345	-1.75906e+06
959	0.360764	-1.7023e+06
960	0.347659	-1.59773e+06
961	0.365992	-1.68507e+06
962	0.350945	-1.59221e+06
963	0.348036	-1.5987e+06
964	0.360414	-1.66383e+06
965	0.367153	-1.72407e+06
966	0.350768	-1.6209e+06
967	0.372276	-1.78313e+06
968	0.360596	-1.6492e+06
969	0.363597	-1.68944e+06
970	0.359008	-1.68638e+06
971	0.344721	-1.50219e+06
972	0.360939	-1.68382e+06
973	0.375351	-1.84701e+06
974	0.363648	-1.75318e+06
975	0.354292	-1.61664e+06
976	0.376844	-1.8383e+06
977	0.356194	-1.67628e+06
978	0.361123	-1.70217e+06
979	0.358176	-1.69336e+06
980	0.349712	-1.63753e+06
981	0.358661	-1.63436e+06
982	0.351303	-1.62858e+06
983	0.3622	-1.71342e+06
984	0.359763	-1.68082e+06
985	0.344599	-1.59001e+06
986	0.346196	-1.55368e+06
987	0.35909	-1.68133e+06
988	0.35266	-1.67232e+06
989	0.340275	-1.45992e+06
990	0.36919	-1.77568e+06
991	0.344013	-1.51353e+06
992	0.367071	-1.76049e+06
993	0.367554	-1.81586e+06
994	0.361233	-1.70883e+06
995	0.361063	-1.64791e+06
996	0.381139	-1.84673e+06
997	0.350855	-1.5843e+06
998	0.362644	-1.68574e+06
999	0.345846	-1.60867e+06
