0	0.32287	-1.35666e+06
1	0.345226	-1.52329e+06
2	0.34275	-1.57224e+06
3	0.334604	-1.44176e+06
4	0.32887	-1.37524e+06
5	0.344923	-1.51353e+06
6	0.333805	-1.42645e+06
7	0.341733	-1.5492e+06
8	0.334421	-1.49855e+06
9	0.323782	-1.36822e+06
10	0.343499	-1.53877e+06
11	0.3365	-1.50897e+06
12	0.342125	-1.53281e+06
13	0.345978	-1.53993e+06
14	0.326767	-1.42621e+06
15	0.339401	-1.49949e+06
16	0.337541	-1.49259e+06
17	0.343659	-1.50849e+06
18	0.337094	-1.51786e+06
19	0.336818	-1.4745e+06
20	0.329094	-1.4294e+06
21	0.335739	-1.4855e+06
22	0.330807	-1.46441e+06
23	0.335483	-1.4834e+06
24	0.337941	-1.48856e+06
25	0.317668	-1.31257e+06
26	0.332255	-1.43055e+06
27	0.337336	-1.46402e+06
28	0.326399	-1.37203e+06
29	0.329067	-1.41273e+06
30	0.337721	-1.52881e+06
31	0.333818	-1.44518e+06
32	0.329716	-1.44522e+06
33	0.339723	-1.48358e+06
34	0.320043	-1.31557e+06
35	0.33497	-1.46619e+06
36	0.341458	-1.50657e+06
37	0.340396	-1.48241e+06
38	0.35892	-1.70098e+06
39	0.340202	-1.47105e+06
40	0.321471	-1.36706e+06
41	0.344587	-1.52039e+06
42	0.336265	-1.49308e+06
43	0.34119	-1.46807e+06
44	0.33201	-1.42625e+06
45	0.32682	-1.3266e+06
46	0.350866	-1.64994e+06
47	0.339069	-1.48092e+06
48	0.346182	-1.53442e+06
49	0.347838	-1.55881e+06
50	0.354013	-1.62079e+06
51	0.334537	-1.50306e+06
52	0.358793	-1.64364e+06
53	0.35593	-1.62918e+06
54	0.339678	-1.51316e+06
55	0.32439	-1.38493e+06
56	0.348218	-1.55582e+06
57	0.343608	-1.53084e+06
58	0.351373	-1.59675e+06
59	0.330259	-1.36905e+06
60	0.344851	-1.55904e+06
61	0.315455	-1.29036e+06
62	0.344677	-1.46588e+06
63	0.34178	-1.53653e+06
64	0.334102	-1.42652e+06
65	0.340676	-1.48139e+06
66	0.318767	-1.37779e+06
67	0.353948	-1.61135e+06
68	0.340258	-1.48575e+06
69	0.335222	-1.44296e+06
70	0.331766	-1.43137e+06
71	0.332484	-1.47903e+06
72	0.333095	-1.41405e+06
73	0.317922	-1.38928e+06
74	0.318675	-1.34148e+06
75	0.347148	-1.54577e+06
76	0.313303	-1.20149e+06
77	0.349023	-1.62647e+06
78	0.354481	-1.56344e+06
79	0.324224	-1.41521e+06
80	0.326732	-1.32161e+06
81	0.32988	-1.42161e+06
82	0.314111	-1.30692e+06
83	0.322547	-1.3434e+06
84	0.331218	-1.39787e+06
85	0.346662	-1.58243e+06
86	0.33965	-1.56343e+06
87	0.332816	-1.45162e+06
88	0.344511	-1.55467e+06
89	0.330336	-1.39388e+06
90	0.342773	-1.5717e+06
91	0.339543	-1.51525e+06
92	0.341934	-1.52525e+06
93	0.339178	-1.52044e+06
94	0.349453	-1.6556e+06
95	0.337917	-1.57237e+06
96	0.34638	-1.52138e+06
97	0.325805	-1.36243e+06
98	0.321655	-1.33554e+06
99	0.343463	-1.51132e+06
100	0.338568	-1.53412e+06
101	0.334953	-1.42598e+06
102	0.324349	-1.40862e+06
103	0.335383	-1.43997e+06
104	0.327413	-1.40326e+06
105	0.341398	-1.49498e+06
106	0.347494	-1.60855e+06
107	0.327716	-1.39711e+06
108	0.342947	-1.51075e+06
109	0.32776	-1.37533e+06
110	0.330034	-1.39829e+06
111	0.330793	-1.43061e+06
112	0.34388	-1.51195e+06
113	0.334523	-1.48819e+06
114	0.338544	-1.42243e+06
115	0.345545	-1.51531e+06
116	0.340269	-1.48383e+06
117	0.352543	-1.61011e+06
118	0.330388	-1.47289e+06
119	0.344559	-1.53521e+06
120	0.325004	-1.39922e+06
121	0.345682	-1.56669e+06
122	0.333498	-1.43506e+06
123	0.337978	-1.49275e+06
124	0.325159	-1.36777e+06
125	0.339326	-1.50772e+06
126	0.324204	-1.39477e+06
127	0.321922	-1.3534e+06
128	0.327114	-1.42627e+06
129	0.3296	-1.44833e+06
130	0.337428	-1.49816e+06
131	0.330683	-1.3863e+06
132	0.329534	-1.35316e+06
133	0.347307	-1.59154e+06
134	0.33865	-1.44853e+06
135	0.345003	-1.55919e+06
136	0.340876	-1.51573e+06
137	0.334541	-1.43127e+06
138	0.330515	-1.42625e+06
139	0.340034	-1.50541e+06
140	0.335145	-1.47589e+06
141	0.337118	-1.42562e+06
142	0.334453	-1.483e+06
143	0.34124	-1.48745e+06
144	0.337422	-1.4951e+06
145	0.32596	-1.37456e+06
146	0.347765	-1.55752e+06
147	0.341878	-1.52313e+06
148	0.347626	-1.5376e+06
149	0.347596	-1.5379e+06
150	0.345996	-1.53585e+06
151	0.311198	-1.30196e+06
152	0.335571	-1.46805e+06
153	0.333929	-1.47593e+06
154	0.324032	-1.36981e+06
155	0.35533	-1.61657e+06
156	0.338896	-1.47634e+06
157	0.32342	-1.39161e+06
158	0.329953	-1.42266e+06
159	0.339496	-1.50602e+06
160	0.325108	-1.36195e+06
161	0.324175	-1.39823e+06
162	0.343833	-1.49947e+06
163	0.344666	-1.57067e+06
164	0.33684	-1.48398e+06
165	0.318975	-1.29156e+06
166	0.345142	-1.56344e+06
167	0.346627	-1.56088e+06
168	0.336272	-1.48618e+06
169	0.350225	-1.57979e+06
170	0.327513	-1.36431e+06
171	0.317184	-1.29299e+06
172	0.345838	-1.56341e+06
173	0.318236	-1.3394e+06
174	0.350023	-1.56255e+06
175	0.336939	-1.41082e+06
176	0.340297	-1.51118e+06
177	0.337843	-1.53971e+06
178	0.346044	-1.55204e+06
179	0.332292	-1.43647e+06
180	0.321572	-1.34909e+06
181	0.346553	-1.59278e+06
182	0.336748	-1.43633e+06
183	0.326771	-1.45356e+06
184	0.328042	-1.35818e+06
185	0.337848	-1.48232e+06
186	0.349299	-1.55514e+06
187	0.342073	-1.52397e+06
188	0.329633	-1.4223e+06
189	0.355264	-1.62771e+06
190	0.335284	-1.47833e+06
191	0.335081	-1.44895e+06
192	0.34318	-1.50648e+06
193	0.323389	-1.37471e+06
194	0.326919	-1.39803e+06
195	0.333991	-1.48944e+06
196	0.329038	-1.43545e+06
197	0.338961	-1.43651e+06
198	0.341839	-1.50635e+06
199	0.341885	-1.52e+06
200	0.334812	-1.46044e+06
201	0.353492	-1.62987e+06
202	0.329515	-1.38221e+06
203	0.3221	-1.34784e+06
204	0.338888	-1.51087e+06
205	0.347425	-1.5979e+06
206	0.334868	-1.49732e+06
207	0.343388	-1.50756e+06
208	0.332785	-1.39266e+06
209	0.329508	-1.38818e+06
210	0.329464	-1.43775e+06
211	0.348228	-1.53234e+06
212	0.348078	-1.58992e+06
213	0.32882	-1.44002e+06
214	0.321085	-1.31792e+06
215	0.329053	-1.42932e+06
216	0.336269	-1.49557e+06
217	0.342076	-1.49707e+06
218	0.335373	-1.41497e+06
219	0.346233	-1.52207e+06
220	0.319351	-1.36879e+06
221	0.346566	-1.57342e+06
222	0.334463	-1.41656e+06
223	0.321843	-1.33561e+06
224	0.34978	-1.60447e+06
225	0.341637	-1.46243e+06
226	0.317288	-1.24794e+06
227	0.332684	-1.45712e+06
228	0.321217	-1.3474e+06
229	0.327044	-1.38253e+06
230	0.318588	-1.26414e+06
231	0.3336	-1.44696e+06
232	0.320561	-1.38844e+06
233	0.331439	-1.46829e+06
234	0.344732	-1.54194e+06
235	0.321645	-1.35083e+06
236	0.337501	-1.48519e+06
237	0.337281	-1.48909e+06
238	0.331931	-1.44157e+06
239	0.320625	-1.33822e+06
240	0.331504	-1.38529e+06
241	0.335606	-1.44822e+06
242	0.339597	-1.50343e+06
243	0.342446	-1.5196e+06
244	0.327047	-1.33998e+06
245	0.320183	-1.29927e+06
246	0.324605	-1.36495e+06
247	0.345316	-1.57922e+06
248	0.336273	-1.41194e+06
249	0.320232	-1.38538e+06
250	0.34197	-1.49033e+06
251	0.309903	-1.23115e+06
252	0.345894	-1.54921e+06
253	0.315469	-1.25096e+06
254	0.347903	-1.59063e+06
255	0.329354	-1.41606e+06
256	0.342221	-1.56008e+06
257	0.318381	-1.32594e+06
258	0.345429	-1.52683e+06
259	0.320776	-1.35829e+06
260	0.342524	-1.53042e+06
261	0.343765	-1.5065e+06
262	0.336528	-1.5092e+06
263	0.310146	-1.22776e+06
264	0.333141	-1.49241e+06
265	0.337682	-1.46461e+06
266	0.345162	-1.52486e+06
267	0.325575	-1.40726e+06
268	0.341177	-1.55958e+06
269	0.330045	-1.45943e+06
270	0.344133	-1.52614e+06
271	0.347879	-1.5937e+06
272	0.332114	-1.46509e+06
273	0.345867	-1.55144e+06
274	0.331059	-1.36716e+06
275	0.336551	-1.54925e+06
276	0.350116	-1.60359e+06
277	0.33334	-1.42377e+06
278	0.313929	-1.30025e+06
279	0.32758	-1.4143e+06
280	0.328984	-1.42485e+06
281	0.349425	-1.56154e+06
282	0.323428	-1.36436e+06
283	0.331939	-1.38613e+06
284	0.328681	-1.41791e+06
285	0.328675	-1.38015e+06
286	0.348758	-1.55415e+06
287	0.335606	-1.43767e+06
288	0.332162	-1.37485e+06
289	0.334833	-1.42601e+06
290	0.354299	-1.55819e+06
291	0.33401	-1.45782e+06
292	0.346219	-1.50348e+06
293	0.330885	-1.41468e+06
294	0.329866	-1.42758e+06
295	0.334737	-1.52629e+06
296	0.359081	-1.67358e+06
297	0.326653	-1.34448e+06
298	0.336583	-1.42833e+06
299	0.320013	-1.29949e+06
300	0.350498	-1.5431e+06
301	0.323238	-1.33187e+06
302	0.342386	-1.50665e+06
303	0.332705	-1.43611e+06
304	0.327167	-1.40054e+06
305	0.325793	-1.39299e+06
306	0.313155	-1.3347e+06
307	0.325597	-1.37624e+06
308	0.342255	-1.48141e+06
309	0.336841	-1.38367e+06
310	0.34294	-1.51972e+06
311	0.327725	-1.36661e+06
312	0.325057	-1.35993e+06
313	0.330536	-1.35799e+06
314	0.327083	-1.37454e+06
315	0.320805	-1.30386e+06
316	0.333211	-1.41683e+06
317	0.333039	-1.48028e+06
318	0.322118	-1.29542e+06
319	0.327757	-1.35072e+06
320	0.332951	-1.45454e+06
321	0.329897	-1.42511e+06
322	0.333567	-1.42961e+06
323	0.327956	-1.39361e+06
324	0.347275	-1.53306e+06
325	0.332869	-1.44593e+06
326	0.323813	-1.34694e+06
327	0.347622	-1.59178e+06
328	0.345788	-1.58524e+06
329	0.327014	-1.38585e+06
330	0.339201	-1.51849e+06
331	0.34138	-1.52777e+06
332	0.323873	-1.34751e+06
333	0.337067	-1.44101e+06
334	0.334592	-1.45589e+06
335	0.332762	-1.52151e+06
336	0.331271	-1.41361e+06
337	0.346421	-1.55112e+06
338	0.327667	-1.43857e+06
339	0.342114	-1.50444e+06
340	0.337419	-1.49461e+06
341	0.341908	-1.45799e+06
342	0.337626	-1.44162e+06
343	0.333056	-1.44049e+06
344	0.325361	-1.38384e+06
345	0.330174	-1.42626e+06
346	0.326212	-1.32325e+06
347	0.335596	-1.4494e+06
348	0.332802	-1.39199e+06
349	0.342009	-1.51366e+06
350	0.342944	-1.55592e+06
351	0.328049	-1.41716e+06
352	0.326971	-1.39228e+06
353	0.334802	-1.44075e+06
354	0.322218	-1.3051e+06
355	0.334457	-1.43722e+06
356	0.339744	-1.48363e+06
357	0.342755	-1.48983e+06
358	0.341685	-1.52552e+06
359	0.331422	-1.40991e+06
360	0.338631	-1.48082e+06
361	0.327892	-1.33608e+06
362	0.345186	-1.5918e+06
363	0.330566	-1.49476e+06
364	0.351747	-1.62368e+06
365	0.34694	-1.54882e+06
366	0.349088	-1.56707e+06
367	0.339694	-1.49654e+06
368	0.340864	-1.45561e+06
369	0.317268	-1.38957e+06
370	0.339215	-1.53229e+06
371	0.332354	-1.47434e+06
372	0.338145	-1.43891e+06
373	0.319065	-1.34488e+06
374	0.337674	-1.47132e+06
375	0.340098	-1.53806e+06
376	0.350691	-1.60814e+06
377	0.325352	-1.36723e+06
378	0.335819	-1.45688e+06
379	0.321275	-1.33727e+06
380	0.336622	-1.48234e+06
381	0.330014	-1.41077e+06
382	0.338351	-1.51829e+06
383	0.336162	-1.43797e+06
384	0.344419	-1.55212e+06
385	0.324252	-1.3685e+06
386	0.333907	-1.37567e+06
387	0.347655	-1.56898e+06
388	0.327463	-1.37338e+06
389	0.332551	-1.39609e+06
390	0.355058	-1.66278e+06
391	0.340379	-1.47307e+06
392	0.323351	-1.4467e+06
393	0.342606	-1.5403e+06
394	0.355594	-1.66562e+06
395	0.329288	-1.41261e+06
396	0.341353	-1.5223e+06
397	0.338105	-1.47747e+06
398	0.318775	-1.33759e+06
399	0.336717	-1.4072e+06
400	0.322625	-1.31268e+06
401	0.328217	-1.47337e+06
402	0.336228	-1.49362e+06
403	0.34071	-1.49717e+06
404	0.318828	-1.31331e+06
405	0.344981	-1.51204e+06
406	0.340644	-1.56313e+06
407	0.342075	-1.49066e+06
408	0.341494	-1.51343e+06
409	0.32798	-1.40765e+06
410	0.339354	-1.46921e+06
411	0.33263	-1.41545e+06
412	0.315438	-1.33811e+06
413	0.334965	-1.45495e+06
414	0.344325	-1.51488e+06
415	0.317856	-1.33403e+06
416	0.351032	-1.56597e+06
417	0.313605	-1.24399e+06
418	0.346248	-1.58561e+06
419	0.344056	-1.48709e+06
420	0.331956	-1.45205e+06
421	0.341522	-1.4658e+06
422	0.323286	-1.36804e+06
423	0.328129	-1.39686e+06
424	0.336654	-1.45116e+06
425	0.346821	-1.59129e+06
426	0.332703	-1.51216e+06
427	0.348262	-1.61159e+06
428	0.332846	-1.40389e+06
429	0.337035	-1.43409e+06
430	0.326766	-1.39585e+06
431	0.343475	-1.51058e+06
432	0.332344	-1.39361e+06
433	0.328512	-1.36386e+06
434	0.337702	-1.44816e+06
435	0.34218	-1.5122e+06
436	0.346613	-1.56668e+06
437	0.349072	-1.55482e+06
438	0.329283	-1.41366e+06
439	0.337064	-1.44774e+06
440	0.329814	-1.40573e+06
441	0.341243	-1.52918e+06
442	0.324615	-1.40681e+06
443	0.321003	-1.36129e+06
444	0.334793	-1.38537e+06
445	0.332247	-1.42128e+06
446	0.318367	-1.33441e+06
447	0.329522	-1.44872e+06
448	0.320973	-1.36248e+06
449	0.3392	-1.52528e+06
450	0.343772	-1.47714e+06
451	0.327604	-1.43223e+06
452	0.340573	-1.53366e+06
453	0.333687	-1.42232e+06
454	0.332115	-1.42125e+06
455	0.33963	-1.49056e+06
456	0.335592	-1.488e+06
457	0.331515	-1.39188e+06
458	0.342932	-1.53986e+06
459	0.33971	-1.46622e+06
460	0.331102	-1.4321e+06
461	0.331928	-1.43569e+06
462	0.334338	-1.46397e+06
463	0.320646	-1.36802e+06
464	0.340921	-1.51231e+06
465	0.331174	-1.3724e+06
466	0.344863	-1.54926e+06
467	0.333241	-1.39411e+06
468	0.339792	-1.48975e+06
469	0.337851	-1.4077e+06
470	0.315749	-1.3342e+06
471	0.334936	-1.50719e+06
472	0.339656	-1.57217e+06
473	0.344859	-1.57536e+06
474	0.340146	-1.51692e+06
475	0.333248	-1.50497e+06
476	0.331666	-1.44542e+06
477	0.342397	-1.59079e+06
478	0.337593	-1.47573e+06
479	0.333892	-1.48109e+06
480	0.333437	-1.45449e+06
481	0.328717	-1.42862e+06
482	0.320297	-1.32865e+06
483	0.327172	-1.35265e+06
484	0.338848	-1.54525e+06
485	0.325407	-1.38062e+06
486	0.343339	-1.544e+06
487	0.32921	-1.43494e+06
488	0.325878	-1.42882e+06
489	0.347546	-1.56044e+06
490	0.325151	-1.38103e+06
491	0.336897	-1.55184e+06
492	0.344139	-1.56651e+06
493	0.317668	-1.30812e+06
494	0.333027	-1.40276e+06
495	0.337159	-1.4001e+06
496	0.33804	-1.48202e+06
497	0.318131	-1.28318e+06
498	0.346319	-1.60191e+06
499	0.332902	-1.41742e+06
500	0.344686	-1.55213e+06
501	0.330236	-1.33719e+06
502	0.31772	-1.25887e+06
503	0.341956	-1.50293e+06
504	0.331525	-1.37109e+06
505	0.33553	-1.44607e+06
506	0.341277	-1.51583e+06
507	0.349777	-1.62477e+06
508	0.339019	-1.44707e+06
509	0.347852	-1.50172e+06
510	0.329513	-1.43649e+06
511	0.332838	-1.41822e+06
512	0.357475	-1.65116e+06
513	0.330973	-1.45046e+06
514	0.340573	-1.51107e+06
515	0.346583	-1.53863e+06
516	0.338219	-1.47285e+06
517	0.326653	-1.41197e+06
518	0.32768	-1.37066e+06
519	0.324601	-1.35496e+06
520	0.330455	-1.40472e+06
521	0.337212	-1.4672e+06
522	0.356864	-1.6247e+06
523	0.341074	-1.57012e+06
524	0.334221	-1.45374e+06
525	0.348075	-1.53217e+06
526	0.325181	-1.35747e+06
527	0.332154	-1.48589e+06
528	0.355438	-1.64239e+06
529	0.337792	-1.49012e+06
530	0.332547	-1.45903e+06
531	0.336437	-1.46001e+06
532	0.349727	-1.59864e+06
533	0.349132	-1.57414e+06
534	0.344401	-1.51931e+06
535	0.348562	-1.55403e+06
536	0.353194	-1.5449e+06
537	0.321438	-1.33931e+06
538	0.340121	-1.43572e+06
539	0.33302	-1.44405e+06
540	0.326063	-1.37724e+06
541	0.325238	-1.39209e+06
542	0.346312	-1.54402e+06
543	0.332113	-1.48554e+06
544	0.332081	-1.43325e+06
545	0.332237	-1.38554e+06
546	0.338913	-1.53108e+06
547	0.344518	-1.54474e+06
548	0.33367	-1.4236e+06
549	0.344674	-1.5589e+06
550	0.339486	-1.44655e+06
551	0.341612	-1.57077e+06
552	0.334278	-1.42456e+06
553	0.357897	-1.65752e+06
554	0.34176	-1.52834e+06
555	0.330893	-1.40328e+06
556	0.342276	-1.53821e+06
557	0.326407	-1.36923e+06
558	0.340941	-1.56998e+06
559	0.339441	-1.50902e+06
560	0.321325	-1.34229e+06
561	0.343397	-1.56475e+06
562	0.339015	-1.45738e+06
563	0.326808	-1.43061e+06
564	0.361194	-1.67969e+06
565	0.320381	-1.33323e+06
566	0.31785	-1.28914e+06
567	0.336415	-1.43401e+06
568	0.332669	-1.47124e+06
569	0.344588	-1.56805e+06
570	0.339052	-1.53239e+06
571	0.345387	-1.54597e+06
572	0.316782	-1.27704e+06
573	0.329374	-1.40898e+06
574	0.332937	-1.43503e+06
575	0.329396	-1.33487e+06
576	0.324035	-1.35927e+06
577	0.334101	-1.44215e+06
578	0.347331	-1.49465e+06
579	0.345616	-1.56035e+06
580	0.34247	-1.5367e+06
581	0.347275	-1.55571e+06
582	0.350687	-1.54741e+06
583	0.36003	-1.7073e+06
584	0.339922	-1.4615e+06
585	0.334676	-1.49343e+06
586	0.340154	-1.49433e+06
587	0.318262	-1.29768e+06
588	0.339556	-1.49855e+06
589	0.336118	-1.4649e+06
590	0.349912	-1.55271e+06
591	0.349672	-1.59262e+06
592	0.333736	-1.39571e+06
593	0.345185	-1.54199e+06
594	0.343075	-1.50691e+06
595	0.325231	-1.36053e+06
596	0.337307	-1.49997e+06
597	0.352912	-1.61767e+06
598	0.356379	-1.66738e+06
599	0.339172	-1.46286e+06
600	0.34719	-1.5305e+06
601	0.331657	-1.44661e+06
602	0.327225	-1.43366e+06
603	0.354328	-1.64922e+06
604	0.322762	-1.38332e+06
605	0.334545	-1.48448e+06
606	0.324604	-1.37011e+06
607	0.348334	-1.52739e+06
608	0.334901	-1.43857e+06
609	0.330471	-1.42173e+06
610	0.337993	-1.43352e+06
611	0.325525	-1.41237e+06
612	0.342078	-1.49535e+06
613	0.334454	-1.4904e+06
614	0.323202	-1.33414e+06
615	0.342614	-1.51791e+06
616	0.331327	-1.40858e+06
617	0.336697	-1.47788e+06
618	0.332006	-1.43298e+06
619	0.333937	-1.41667e+06
620	0.343328	-1.5366e+06
621	0.33721	-1.47627e+06
622	0.356989	-1.64144e+06
623	0.328464	-1.39224e+06
624	0.340845	-1.50276e+06
625	0.303855	-1.1863e+06
626	0.336657	-1.41795e+06
627	0.323207	-1.3553e+06
628	0.32548	-1.34608e+06
629	0.331049	-1.44825e+06
630	0.345764	-1.57299e+06
631	0.332855	-1.40935e+06
632	0.346337	-1.59173e+06
633	0.335038	-1.46986e+06
634	0.342152	-1.55677e+06
635	0.320614	-1.35228e+06
636	0.335455	-1.45836e+06
637	0.333204	-1.39926e+06
638	0.343349	-1.52018e+06
639	0.334624	-1.46305e+06
640	0.339597	-1.5082e+06
641	0.349403	-1.58961e+06
642	0.335133	-1.44887e+06
643	0.330312	-1.45665e+06
644	0.335126	-1.47039e+06
645	0.358018	-1.66804e+06
646	0.327329	-1.39547e+06
647	0.328484	-1.40448e+06
648	0.339056	-1.53625e+06
649	0.335445	-1.45288e+06
650	0.326594	-1.44134e+06
651	0.3397	-1.48404e+06
652	0.338037	-1.50638e+06
653	0.333103	-1.44649e+06
654	0.322658	-1.34667e+06
655	0.335771	-1.40838e+06
656	0.342395	-1.49508e+06
657	0.322219	-1.38008e+06
658	0.348199	-1.55466e+06
659	0.335925	-1.44752e+06
660	0.330329	-1.3967e+06
661	0.353574	-1.59753e+06
662	0.33798	-1.46293e+06
663	0.330466	-1.413e+06
664	0.352508	-1.57788e+06
665	0.356464	-1.64087e+06
666	0.324756	-1.32503e+06
667	0.327989	-1.40969e+06
668	0.337424	-1.48306e+06
669	0.330981	-1.46891e+06
670	0.35016	-1.62435e+06
671	0.324992	-1.3235e+06
672	0.335457	-1.48654e+06
673	0.332375	-1.43478e+06
674	0.348862	-1.61083e+06
675	0.32989	-1.41587e+06
676	0.337114	-1.505e+06
677	0.3243	-1.39603e+06
678	0.33325	-1.44105e+06
679	0.342686	-1.53804e+06
680	0.335592	-1.51998e+06
681	0.326341	-1.38839e+06
682	0.346373	-1.52305e+06
683	0.359011	-1.60949e+06
684	0.33541	-1.51333e+06
685	0.319744	-1.33401e+06
686	0.338016	-1.46621e+06
687	0.345892	-1.55004e+06
688	0.326292	-1.34155e+06
689	0.334064	-1.50083e+06
690	0.3263	-1.45406e+06
691	0.348376	-1.57998e+06
692	0.341579	-1.51994e+06
693	0.32539	-1.40972e+06
694	0.337422	-1.48559e+06
695	0.341013	-1.50518e+06
696	0.33754	-1.57278e+06
697	0.341509	-1.54394e+06
698	0.333028	-1.45656e+06
699	0.358559	-1.65834e+06
700	0.312784	-1.23177e+06
701	0.326659	-1.42384e+06
702	0.352766	-1.63066e+06
703	0.346727	-1.50873e+06
704	0.337353	-1.42311e+06
705	0.340781	-1.42809e+06
706	0.351246	-1.64089e+06
707	0.335693	-1.44682e+06
708	0.32446	-1.32701e+06
709	0.333058	-1.40798e+06
710	0.33134	-1.45234e+06
711	0.341694	-1.50553e+06
712	0.330237	-1.47822e+06
713	0.348424	-1.636e+06
714	0.346068	-1.55298e+06
715	0.343767	-1.52561e+06
716	0.34147	-1.49752e+06
717	0.316197	-1.33745e+06
718	0.325113	-1.32843e+06
719	0.322874	-1.36797e+06
720	0.324085	-1.38092e+06
721	0.345165	-1.53258e+06
722	0.368949	-1.73194e+06
723	0.330009	-1.3884e+06
724	0.344365	-1.51318e+06
725	0.331857	-1.43506e+06
726	0.32853	-1.37139e+06
727	0.343858	-1.55643e+06
728	0.331262	-1.40294e+06
729	0.323566	-1.31469e+06
730	0.343337	-1.548e+06
731	0.328717	-1.40831e+06
732	0.340912	-1.59987e+06
733	0.338444	-1.44638e+06
734	0.333021	-1.48192e+06
735	0.322138	-1.29774e+06
736	0.334674	-1.49391e+06
737	0.332943	-1.44659e+06
738	0.325117	-1.33795e+06
739	0.343682	-1.52368e+06
740	0.337326	-1.42778e+06
741	0.334288	-1.44229e+06
742	0.335222	-1.4607e+06
743	0.336401	-1.44034e+06
744	0.32186	-1.29784e+06
745	0.328783	-1.34925e+06
746	0.340145	-1.46777e+06
747	0.333755	-1.40511e+06
748	0.3256	-1.38173e+06
749	0.329563	-1.39539e+06
750	0.331762	-1.39361e+06
751	0.328571	-1.3454e+06
752	0.33699	-1.43176e+06
753	0.329685	-1.37891e+06
754	0.36376	-1.71592e+06
755	0.336226	-1.44542e+06
756	0.335352	-1.4858e+06
757	0.343175	-1.55499e+06
758	0.349392	-1.62969e+06
759	0.346207	-1.52157e+06
760	0.335085	-1.46582e+06
761	0.346206	-1.54168e+06
762	0.345681	-1.55612e+06
763	0.327863	-1.46274e+06
764	0.34025	-1.57902e+06
765	0.344137	-1.50954e+06
766	0.338314	-1.53438e+06
767	0.31572	-1.23073e+06
768	0.323126	-1.33512e+06
769	0.333076	-1.44553e+06
770	0.331071	-1.48291e+06
771	0.336279	-1.4919e+06
772	0.324713	-1.36016e+06
773	0.331787	-1.41548e+06
774	0.32882	-1.40156e+06
775	0.327854	-1.40795e+06
776	0.34548	-1.51708e+06
777	0.350467	-1.59404e+06
778	0.32355	-1.34625e+06
779	0.320372	-1.31489e+06
780	0.340501	-1.55092e+06
781	0.340801	-1.53961e+06
782	0.338645	-1.48754e+06
783	0.34312	-1.6038e+06
784	0.33452	-1.43708e+06
785	0.329172	-1.41003e+06
786	0.349614	-1.54553e+06
787	0.323914	-1.37098e+06
788	0.337481	-1.47353e+06
789	0.34064	-1.5014e+06
790	0.326534	-1.39183e+06
791	0.340647	-1.46466e+06
792	0.347613	-1.58981e+06
793	0.329668	-1.44658e+06
794	0.336567	-1.45859e+06
795	0.340608	-1.53255e+06
796	0.345455	-1.5568e+06
797	0.335236	-1.46416e+06
798	0.328751	-1.3715e+06
799	0.335522	-1.49165e+06
800	0.339274	-1.4567e+06
801	0.334593	-1.4572e+06
802	0.343103	-1.49475e+06
803	0.339357	-1.55639e+06
804	0.334604	-1.47159e+06
805	0.336804	-1.46038e+06
806	0.336828	-1.45699e+06
807	0.344053	-1.52761e+06
808	0.33507	-1.4431e+06
809	0.342204	-1.53345e+06
810	0.320556	-1.31351e+06
811	0.297824	-1.19179e+06
812	0.336878	-1.50593e+06
813	0.333815	-1.38214e+06
814	0.332993	-1.48504e+06
815	0.353647	-1.64072e+06
816	0.33926	-1.48268e+06
817	0.330144	-1.42986e+06
818	0.328416	-1.43875e+06
819	0.323001	-1.36911e+06
820	0.337081	-1.55294e+06
821	0.337835	-1.48844e+06
822	0.337878	-1.50499e+06
823	0.337191	-1.48781e+06
824	0.341805	-1.489e+06
825	0.341083	-1.5572e+06
826	0.341198	-1.55661e+06
827	0.338364	-1.47713e+06
828	0.342754	-1.49545e+06
829	0.34604	-1.62494e+06
830	0.323608	-1.36671e+06
831	0.354396	-1.66635e+06
832	0.317816	-1.25895e+06
833	0.357646	-1.66544e+06
834	0.326946	-1.36279e+06
835	0.323888	-1.38686e+06
836	0.321972	-1.33144e+06
837	0.311011	-1.28163e+06
838	0.34762	-1.50657e+06
839	0.333358	-1.43816e+06
840	0.360507	-1.70212e+06
841	0.337806	-1.49025e+06
842	0.337176	-1.48038e+06
843	0.34672	-1.59005e+06
844	0.320007	-1.33856e+06
845	0.32456	-1.40497e+06
846	0.351019	-1.56938e+06
847	0.346669	-1.50978e+06
848	0.32616	-1.37225e+06
849	0.33758	-1.47814e+06
850	0.321723	-1.35833e+06
851	0.334581	-1.3785e+06
852	0.327522	-1.35982e+06
853	0.33146	-1.43201e+06
854	0.346957	-1.55305e+06
855	0.353181	-1.63787e+06
856	0.343336	-1.51568e+06
857	0.345015	-1.53506e+06
858	0.335413	-1.439e+06
859	0.335364	-1.48298e+06
860	0.33977	-1.4757e+06
861	0.343937	-1.59333e+06
862	0.336426	-1.41483e+06
863	0.332737	-1.44516e+06
864	0.3354	-1.49341e+06
865	0.334012	-1.42616e+06
866	0.334451	-1.42208e+06
867	0.320762	-1.36554e+06
868	0.333397	-1.43976e+06
869	0.31433	-1.25807e+06
870	0.330246	-1.42823e+06
871	0.36196	-1.72242e+06
872	0.343218	-1.51764e+06
873	0.337225	-1.48771e+06
874	0.331303	-1.41536e+06
875	0.354587	-1.58104e+06
876	0.314	-1.31566e+06
877	0.328992	-1.39983e+06
878	0.344815	-1.56867e+06
879	0.333823	-1.44412e+06
880	0.347468	-1.56957e+06
881	0.349787	-1.52535e+06
882	0.338468	-1.46031e+06
883	0.338528	-1.46227e+06
884	0.330284	-1.4293e+06
885	0.321463	-1.35809e+06
886	0.338957	-1.50896e+06
887	0.323512	-1.29223e+06
888	0.328466	-1.43703e+06
889	0.323112	-1.30182e+06
890	0.341142	-1.45718e+06
891	0.352295	-1.60065e+06
892	0.338107	-1.44427e+06
893	0.354065	-1.64962e+06
894	0.335413	-1.46735e+06
895	0.331171	-1.44415e+06
896	0.336872	-1.51502e+06
897	0.319431	-1.30855e+06
898	0.330704	-1.45296e+06
899	0.315989	-1.29329e+06
900	0.338028	-1.50957e+06
901	0.331325	-1.41772e+06
902	0.318205	-1.32458e+06
903	0.340107	-1.54353e+06
904	0.331305	-1.42564e+06
905	0.328602	-1.40305e+06
906	0.339223	-1.45592e+06
907	0.333418	-1.46621e+06
908	0.337315	-1.389e+06
909	0.343508	-1.53716e+06
910	0.324892	-1.39111e+06
911	0.32803	-1.38748e+06
912	0.328307	-1.35692e+06
913	0.344828	-1.52409e+06
914	0.343668	-1.5019e+06
915	0.338116	-1.47054e+06
916	0.338401	-1.48209e+06
917	0.34019	-1.48649e+06
918	0.32952	-1.40239e+06
919	0.314533	-1.29542e+06
920	0.325926	-1.34807e+06
921	0.330876	-1.39374e+06
922	0.323722	-1.40417e+06
923	0.338013	-1.45021e+06
924	0.3371	-1.52712e+06
925	0.340436	-1.48588e+06
926	0.328781	-1.38586e+06
927	0.348854	-1.58914e+06
928	0.338629	-1.51048e+06
929	0.335234	-1.42332e+06
930	0.336071	-1.47974e+06
931	0.334154	-1.48025e+06
932	0.333514	-1.44727e+06
933	0.318495	-1.34629e+06
934	0.322819	-1.31488e+06
935	0.341033	-1.50854e+06
936	0.324888	-1.38976e+06
937	0.335892	-1.47126e+06
938	0.330185	-1.41075e+06
939	0.336909	-1.47853e+06
940	0.338675	-1.45602e+06
941	0.331746	-1.46063e+06
942	0.348422	-1.56624e+06
943	0.344394	-1.56677e+06
944	0.341703	-1.48761e+06
945	0.333948	-1.46487e+06
946	0.324051	-1.37449e+06
947	0.336848	-1.47832e+06
948	0.355694	-1.58705e+06
949	0.343293	-1.54845e+06
950	0.327754	-1.39768e+06
951	0.352121	-1.62338e+06
952	0.335715	-1.4501e+06
953	0.331423	-1.45765e+06
954	0.338018	-1.46394e+06
955	0.328111	-1.37245e+06
956	0.337744	-1.50098e+06
957	0.333003	-1.36885e+06
958	0.328968	-1.41231e+06
959	0.324414	-1.35376e+06
960	0.335192	-1.45629e+06
961	0.327825	-1.41302e+06
962	0.359665	-1.72322e+06
963	0.319827	-1.28649e+06
964	0.321757	-1.3351e+06
965	0.341758	-1.55239e+06
966	0.327193	-1.35459e+06
967	0.352177	-1.57362e+06
968	0.354116	-1.62531e+06
969	0.3427	-1.48991e+06
970	0.336536	-1.49331e+06
971	0.334211	-1.48323e+06
972	0.356376	-1.68521e+06
973	0.324587	-1.32492e+06
974	0.335504	-1.44731e+06
975	0.342631	-1.51814e+06
976	0.328701	-1.39741e+06
977	0.335889	-1.47594e+06
978	0.322947	-1.38275e+06
979	0.322388	-1.3818e+06
980	0.339191	-1.4782e+06
981	0.335937	-1.48386e+06
982	0.338471	-1.50602e+06
983	0.331859	-1.40984e+06
984	0.343054	-1.55989e+06
985	0.339652	-1.50835e+06
986	0.333313	-1.41315e+06
987	0.345228	-1.51915e+06
988	0.326613	-1.44022e+06
989	0.350629	-1.66023e+06
990	0.320576	-1.36834e+06
991	0.32705	-1.42345e+06
992	0.336735	-1.46613e+06
993	0.324641	-1.34265e+06
994	0.325084	-1.40739e+06
995	0.324539	-1.35449e+06
996	0.338213	-1.51602e+06
997	0.323716	-1.30604e+06
998	0.343252	-1.51569e+06
999	0.328324	-1.41368e+06
