0	0.342134	-1.53294e+06
1	0.337097	-1.51771e+06
2	0.335232	-1.46306e+06
3	0.327833	-1.41526e+06
4	0.353886	-1.58027e+06
5	0.344827	-1.55151e+06
6	0.329327	-1.38722e+06
7	0.322382	-1.39268e+06
8	0.33526	-1.38681e+06
9	0.353175	-1.61127e+06
10	0.338526	-1.4391e+06
11	0.317973	-1.2943e+06
12	0.341376	-1.50483e+06
13	0.334046	-1.39895e+06
14	0.325398	-1.37937e+06
15	0.33825	-1.51746e+06
16	0.316202	-1.28518e+06
17	0.325127	-1.36514e+06
18	0.34767	-1.57132e+06
19	0.333498	-1.39089e+06
20	0.314808	-1.31753e+06
21	0.34229	-1.52062e+06
22	0.34767	-1.56178e+06
23	0.343782	-1.53706e+06
24	0.351986	-1.62758e+06
25	0.340838	-1.54288e+06
26	0.329027	-1.43995e+06
27	0.351968	-1.56924e+06
28	0.324277	-1.30184e+06
29	0.333234	-1.41191e+06
30	0.350562	-1.61557e+06
31	0.344993	-1.53506e+06
32	0.336448	-1.4852e+06
33	0.335501	-1.48948e+06
34	0.336228	-1.43188e+06
35	0.339465	-1.47032e+06
36	0.327064	-1.42415e+06
37	0.334173	-1.4577e+06
38	0.338469	-1.44098e+06
39	0.328601	-1.40867e+06
40	0.332726	-1.44695e+06
41	0.337214	-1.4753e+06
42	0.336859	-1.51184e+06
43	0.332467	-1.46842e+06
44	0.331819	-1.43024e+06
45	0.335014	-1.47178e+06
46	0.340027	-1.53915e+06
47	0.335578	-1.44718e+06
48	0.348855	-1.49089e+06
49	0.329178	-1.46085e+06
50	0.326809	-1.34019e+06
51	0.356563	-1.69449e+06
52	0.339439	-1.51598e+06
53	0.324364	-1.33434e+06
54	0.327909	-1.42014e+06
55	0.343838	-1.57267e+06
56	0.32878	-1.47517e+06
57	0.336787	-1.43989e+06
58	0.339804	-1.55726e+06
59	0.350893	-1.66693e+06
60	0.327077	-1.35581e+06
61	0.335431	-1.46897e+06
62	0.337612	-1.42315e+06
63	0.320169	-1.33544e+06
64	0.346556	-1.52034e+06
65	0.33754	-1.50034e+06
66	0.316496	-1.33331e+06
67	0.32924	-1.39251e+06
68	0.326317	-1.39417e+06
69	0.33312	-1.3935e+06
70	0.345437	-1.50568e+06
71	0.322435	-1.3538e+06
72	0.32711	-1.43673e+06
73	0.338094	-1.49056e+06
74	0.332332	-1.42441e+06
75	0.346729	-1.58694e+06
76	0.345718	-1.58395e+06
77	0.344063	-1.62194e+06
78	0.332331	-1.43273e+06
79	0.336885	-1.5007e+06
80	0.339552	-1.51946e+06
81	0.335197	-1.45318e+06
82	0.339971	-1.495e+06
83	0.322793	-1.34333e+06
84	0.336075	-1.4943e+06
85	0.330443	-1.4212e+06
86	0.349044	-1.59785e+06
87	0.329707	-1.40237e+06
88	0.33188	-1.4215e+06
89	0.332546	-1.44977e+06
90	0.331362	-1.43261e+06
91	0.344892	-1.55063e+06
92	0.328909	-1.40128e+06
93	0.315281	-1.33798e+06
94	0.3286	-1.38459e+06
95	0.331437	-1.43347e+06
96	0.330517	-1.38045e+06
97	0.334029	-1.44265e+06
98	0.344633	-1.57605e+06
99	0.33143	-1.42515e+06
100	0.334733	-1.47687e+06
101	0.331704	-1.44929e+06
102	0.333188	-1.43507e+06
103	0.336435	-1.51422e+06
104	0.333814	-1.42681e+06
105	0.323493	-1.34807e+06
106	0.351891	-1.64371e+06
107	0.328134	-1.40487e+06
108	0.329595	-1.39839e+06
109	0.344228	-1.55678e+06
110	0.354784	-1.62551e+06
111	0.345841	-1.51827e+06
112	0.328922	-1.41949e+06
113	0.352174	-1.6289e+06
114	0.329932	-1.46076e+06
115	0.333648	-1.40108e+06
116	0.33989	-1.48206e+06
117	0.325038	-1.39977e+06
118	0.33542	-1.45982e+06
119	0.355876	-1.67089e+06
120	0.348051	-1.59839e+06
121	0.334953	-1.45943e+06
122	0.326828	-1.41844e+06
123	0.336819	-1.52084e+06
124	0.332647	-1.44886e+06
125	0.340931	-1.48544e+06
126	0.339225	-1.54585e+06
127	0.330104	-1.38848e+06
128	0.325252	-1.34456e+06
129	0.335186	-1.48369e+06
130	0.332303	-1.4362e+06
131	0.334058	-1.44575e+06
132	0.326526	-1.38155e+06
133	0.349705	-1.57627e+06
134	0.330151	-1.41743e+06
135	0.315824	-1.32353e+06
136	0.3502	-1.63136e+06
137	0.342	-1.47097e+06
138	0.342242	-1.52346e+06
139	0.335043	-1.43602e+06
140	0.314239	-1.27621e+06
141	0.342545	-1.56944e+06
142	0.3222	-1.37632e+06
143	0.33322	-1.51e+06
144	0.336197	-1.44579e+06
145	0.332905	-1.42415e+06
146	0.334647	-1.49272e+06
147	0.335034	-1.45587e+06
148	0.336498	-1.50099e+06
149	0.331634	-1.41162e+06
150	0.350206	-1.63925e+06
151	0.340406	-1.51231e+06
152	0.343596	-1.49624e+06
153	0.348536	-1.58802e+06
154	0.338503	-1.4982e+06
155	0.34207	-1.56154e+06
156	0.335514	-1.46815e+06
157	0.323855	-1.34016e+06
158	0.334318	-1.41347e+06
159	0.338601	-1.51043e+06
160	0.336933	-1.51182e+06
161	0.339866	-1.51459e+06
162	0.325261	-1.38264e+06
163	0.324447	-1.41285e+06
164	0.325211	-1.3909e+06
165	0.332831	-1.45414e+06
166	0.328159	-1.41099e+06
167	0.341543	-1.47346e+06
168	0.335118	-1.44441e+06
169	0.335523	-1.51257e+06
170	0.330626	-1.44689e+06
171	0.344376	-1.59412e+06
172	0.338431	-1.47727e+06
173	0.312509	-1.24732e+06
174	0.332175	-1.48599e+06
175	0.339136	-1.50388e+06
176	0.336992	-1.41702e+06
177	0.317907	-1.3344e+06
178	0.320528	-1.32344e+06
179	0.33827	-1.47722e+06
180	0.343299	-1.49427e+06
181	0.342001	-1.53026e+06
182	0.343864	-1.50429e+06
183	0.338196	-1.48567e+06
184	0.347285	-1.60001e+06
185	0.328072	-1.47639e+06
186	0.320707	-1.3511e+06
187	0.334052	-1.49313e+06
188	0.330525	-1.41489e+06
189	0.339769	-1.50889e+06
190	0.346362	-1.54945e+06
191	0.323154	-1.33921e+06
192	0.323305	-1.3545e+06
193	0.34878	-1.57841e+06
194	0.331642	-1.4617e+06
195	0.350497	-1.59985e+06
196	0.325107	-1.42211e+06
197	0.329274	-1.40837e+06
198	0.355348	-1.65531e+06
199	0.339633	-1.51446e+06
200	0.342124	-1.52557e+06
201	0.337242	-1.47203e+06
202	0.321048	-1.32763e+06
203	0.335239	-1.48371e+06
204	0.330798	-1.4999e+06
205	0.311213	-1.22068e+06
206	0.346916	-1.57896e+06
207	0.351598	-1.63386e+06
208	0.337518	-1.45937e+06
209	0.342624	-1.46773e+06
210	0.339673	-1.53591e+06
211	0.32695	-1.41255e+06
212	0.334532	-1.52497e+06
213	0.33243	-1.38511e+06
214	0.333683	-1.48792e+06
215	0.335239	-1.41861e+06
216	0.335632	-1.49634e+06
217	0.338481	-1.51802e+06
218	0.354405	-1.63108e+06
219	0.331496	-1.42206e+06
220	0.335014	-1.5232e+06
221	0.332398	-1.45845e+06
222	0.334984	-1.46734e+06
223	0.314554	-1.31825e+06
224	0.323791	-1.38313e+06
225	0.319014	-1.27525e+06
226	0.322955	-1.31934e+06
227	0.324501	-1.41197e+06
228	0.30804	-1.27185e+06
229	0.324383	-1.33361e+06
230	0.334264	-1.41179e+06
231	0.326795	-1.3847e+06
232	0.337848	-1.42578e+06
233	0.327014	-1.3765e+06
234	0.331854	-1.3912e+06
235	0.333931	-1.42297e+06
236	0.345932	-1.5725e+06
237	0.336264	-1.47349e+06
238	0.334764	-1.45376e+06
239	0.352553	-1.59515e+06
240	0.336196	-1.51293e+06
241	0.343374	-1.53516e+06
242	0.326514	-1.4146e+06
243	0.33144	-1.4227e+06
244	0.341411	-1.55469e+06
245	0.329663	-1.43334e+06
246	0.339465	-1.49095e+06
247	0.316686	-1.376e+06
248	0.337283	-1.45963e+06
249	0.323957	-1.40268e+06
250	0.339803	-1.4458e+06
251	0.338482	-1.44162e+06
252	0.333737	-1.43208e+06
253	0.32687	-1.41769e+06
254	0.346201	-1.62396e+06
255	0.349256	-1.53823e+06
256	0.345393	-1.52137e+06
257	0.348667	-1.64605e+06
258	0.343155	-1.56751e+06
259	0.344027	-1.49061e+06
260	0.356827	-1.62484e+06
261	0.335804	-1.46327e+06
262	0.337055	-1.48407e+06
263	0.326331	-1.33099e+06
264	0.355126	-1.64156e+06
265	0.332798	-1.41432e+06
266	0.34338	-1.57603e+06
267	0.344243	-1.49543e+06
268	0.310431	-1.28557e+06
269	0.347589	-1.55078e+06
270	0.320361	-1.31493e+06
271	0.342861	-1.57359e+06
272	0.328844	-1.39418e+06
273	0.341968	-1.56823e+06
274	0.334881	-1.45846e+06
275	0.348623	-1.55121e+06
276	0.344978	-1.55604e+06
277	0.34445	-1.47041e+06
278	0.325274	-1.42014e+06
279	0.33397	-1.42962e+06
280	0.329756	-1.42726e+06
281	0.329685	-1.40741e+06
282	0.338921	-1.43042e+06
283	0.324283	-1.37752e+06
284	0.349075	-1.56492e+06
285	0.331412	-1.4418e+06
286	0.339443	-1.50728e+06
287	0.345271	-1.47744e+06
288	0.318982	-1.33868e+06
289	0.324857	-1.365e+06
290	0.34993	-1.61837e+06
291	0.337207	-1.45222e+06
292	0.3376	-1.48346e+06
293	0.327864	-1.41188e+06
294	0.348483	-1.56983e+06
295	0.317997	-1.37155e+06
296	0.353336	-1.6501e+06
297	0.338145	-1.52098e+06
298	0.346441	-1.51324e+06
299	0.330986	-1.44678e+06
300	0.326397	-1.37206e+06
301	0.329923	-1.41657e+06
302	0.337552	-1.47071e+06
303	0.327733	-1.41157e+06
304	0.345003	-1.57632e+06
305	0.334039	-1.44912e+06
306	0.344936	-1.5258e+06
307	0.32212	-1.29644e+06
308	0.336679	-1.45726e+06
309	0.33684	-1.50482e+06
310	0.340101	-1.44968e+06
311	0.330903	-1.38715e+06
312	0.339004	-1.47933e+06
313	0.341393	-1.54037e+06
314	0.322746	-1.30267e+06
315	0.331573	-1.45346e+06
316	0.33307	-1.45487e+06
317	0.317259	-1.28356e+06
318	0.335599	-1.45471e+06
319	0.344677	-1.57373e+06
320	0.329154	-1.33485e+06
321	0.341128	-1.48943e+06
322	0.340268	-1.45814e+06
323	0.342527	-1.52823e+06
324	0.332533	-1.43743e+06
325	0.313963	-1.27461e+06
326	0.328986	-1.37297e+06
327	0.352882	-1.57637e+06
328	0.329575	-1.42477e+06
329	0.333887	-1.40835e+06
330	0.336241	-1.41363e+06
331	0.354372	-1.64651e+06
332	0.328275	-1.43587e+06
333	0.336783	-1.42078e+06
334	0.346098	-1.58091e+06
335	0.341858	-1.50718e+06
336	0.327611	-1.35142e+06
337	0.340748	-1.49831e+06
338	0.33834	-1.50893e+06
339	0.33042	-1.4106e+06
340	0.334482	-1.42396e+06
341	0.31878	-1.29828e+06
342	0.311916	-1.30864e+06
343	0.327528	-1.38195e+06
344	0.337825	-1.53571e+06
345	0.354613	-1.56005e+06
346	0.318479	-1.31848e+06
347	0.329583	-1.42345e+06
348	0.335969	-1.47386e+06
349	0.316886	-1.31107e+06
350	0.350509	-1.58296e+06
351	0.333782	-1.43511e+06
352	0.338722	-1.50883e+06
353	0.346488	-1.56484e+06
354	0.340096	-1.49295e+06
355	0.337559	-1.45044e+06
356	0.350087	-1.55755e+06
357	0.334322	-1.41133e+06
358	0.329682	-1.33172e+06
359	0.343866	-1.51511e+06
360	0.328691	-1.42183e+06
361	0.342169	-1.51358e+06
362	0.347779	-1.55877e+06
363	0.332504	-1.37296e+06
364	0.328346	-1.39791e+06
365	0.309568	-1.27858e+06
366	0.337594	-1.56385e+06
367	0.3265	-1.45546e+06
368	0.332712	-1.42046e+06
369	0.349725	-1.59243e+06
370	0.340039	-1.45877e+06
371	0.337794	-1.4756e+06
372	0.335733	-1.47199e+06
373	0.334788	-1.46519e+06
374	0.334009	-1.44898e+06
375	0.348138	-1.58084e+06
376	0.337868	-1.39378e+06
377	0.34088	-1.55612e+06
378	0.324467	-1.38686e+06
379	0.339306	-1.54276e+06
380	0.346211	-1.58582e+06
381	0.351818	-1.6276e+06
382	0.335339	-1.43281e+06
383	0.326156	-1.41161e+06
384	0.318479	-1.36073e+06
385	0.334932	-1.42586e+06
386	0.341407	-1.47864e+06
387	0.350016	-1.639e+06
388	0.358253	-1.59223e+06
389	0.3059	-1.24356e+06
390	0.328494	-1.35618e+06
391	0.33468	-1.46876e+06
392	0.328807	-1.39344e+06
393	0.321615	-1.29807e+06
394	0.319073	-1.36984e+06
395	0.345514	-1.53698e+06
396	0.344133	-1.52997e+06
397	0.334424	-1.47873e+06
398	0.339694	-1.49544e+06
399	0.331091	-1.43058e+06
400	0.33912	-1.5357e+06
401	0.335002	-1.50062e+06
402	0.327839	-1.38192e+06
403	0.313439	-1.26974e+06
404	0.336171	-1.51605e+06
405	0.320314	-1.33805e+06
406	0.337112	-1.52205e+06
407	0.336361	-1.50395e+06
408	0.325021	-1.36861e+06
409	0.327259	-1.42965e+06
410	0.330261	-1.44483e+06
411	0.338584	-1.48184e+06
412	0.33607	-1.49925e+06
413	0.323025	-1.33546e+06
414	0.33828	-1.5105e+06
415	0.343078	-1.61703e+06
416	0.346454	-1.55935e+06
417	0.322421	-1.32446e+06
418	0.326067	-1.34156e+06
419	0.33574	-1.46705e+06
420	0.335987	-1.45326e+06
421	0.326006	-1.40942e+06
422	0.336286	-1.48854e+06
423	0.338232	-1.44724e+06
424	0.326824	-1.30502e+06
425	0.341901	-1.54773e+06
426	0.336003	-1.4406e+06
427	0.347229	-1.56223e+06
428	0.347411	-1.55433e+06
429	0.357726	-1.68612e+06
430	0.338512	-1.49156e+06
431	0.35136	-1.63503e+06
432	0.334647	-1.49315e+06
433	0.330764	-1.37407e+06
434	0.332721	-1.43513e+06
435	0.345858	-1.54816e+06
436	0.336832	-1.44331e+06
437	0.327465	-1.36397e+06
438	0.34821	-1.56469e+06
439	0.328012	-1.35952e+06
440	0.331049	-1.40949e+06
441	0.343212	-1.51327e+06
442	0.311706	-1.24783e+06
443	0.334816	-1.3803e+06
444	0.330952	-1.38863e+06
445	0.332656	-1.45552e+06
446	0.325208	-1.37659e+06
447	0.339963	-1.54861e+06
448	0.328705	-1.39585e+06
449	0.348369	-1.55156e+06
450	0.33173	-1.41416e+06
451	0.340618	-1.553e+06
452	0.32482	-1.35673e+06
453	0.317792	-1.28507e+06
454	0.341908	-1.51416e+06
455	0.336695	-1.49824e+06
456	0.337189	-1.44846e+06
457	0.322374	-1.35154e+06
458	0.31903	-1.2736e+06
459	0.34145	-1.5259e+06
460	0.340442	-1.48461e+06
461	0.330351	-1.3832e+06
462	0.331767	-1.40496e+06
463	0.330759	-1.34788e+06
464	0.340636	-1.55042e+06
465	0.33483	-1.38905e+06
466	0.325579	-1.2983e+06
467	0.328577	-1.38593e+06
468	0.344942	-1.59491e+06
469	0.321652	-1.42601e+06
470	0.318375	-1.2937e+06
471	0.333429	-1.49008e+06
472	0.357617	-1.71382e+06
473	0.329274	-1.40146e+06
474	0.341855	-1.55142e+06
475	0.343587	-1.51176e+06
476	0.328641	-1.37675e+06
477	0.335317	-1.49016e+06
478	0.333745	-1.43679e+06
479	0.348956	-1.555e+06
480	0.330357	-1.39211e+06
481	0.331716	-1.43734e+06
482	0.350963	-1.60585e+06
483	0.330469	-1.39165e+06
484	0.322471	-1.37824e+06
485	0.3603	-1.69529e+06
486	0.337273	-1.45579e+06
487	0.318509	-1.35535e+06
488	0.349506	-1.66275e+06
489	0.333011	-1.43407e+06
490	0.329813	-1.43571e+06
491	0.334443	-1.4341e+06
492	0.333796	-1.4431e+06
493	0.317604	-1.3251e+06
494	0.331672	-1.41095e+06
495	0.338686	-1.48785e+06
496	0.342734	-1.56828e+06
497	0.326853	-1.38147e+06
498	0.35824	-1.66242e+06
499	0.344208	-1.57989e+06
500	0.327426	-1.35928e+06
501	0.336132	-1.44971e+06
502	0.344687	-1.54785e+06
503	0.335125	-1.46499e+06
504	0.338972	-1.44924e+06
505	0.336029	-1.47075e+06
506	0.328167	-1.40308e+06
507	0.352108	-1.63779e+06
508	0.339749	-1.49777e+06
509	0.329592	-1.39688e+06
510	0.33337	-1.42486e+06
511	0.341123	-1.51853e+06
512	0.318447	-1.29139e+06
513	0.353999	-1.62729e+06
514	0.331915	-1.43415e+06
515	0.345881	-1.53582e+06
516	0.323181	-1.30666e+06
517	0.342167	-1.541e+06
518	0.340322	-1.47913e+06
519	0.325246	-1.4298e+06
520	0.338925	-1.50681e+06
521	0.334353	-1.51304e+06
522	0.362609	-1.67153e+06
523	0.327164	-1.42146e+06
524	0.332419	-1.44209e+06
525	0.355228	-1.65735e+06
526	0.348037	-1.62613e+06
527	0.322155	-1.35907e+06
528	0.346993	-1.57169e+06
529	0.353267	-1.59521e+06
530	0.353709	-1.63184e+06
531	0.335469	-1.4395e+06
532	0.323521	-1.35115e+06
533	0.326192	-1.41739e+06
534	0.327287	-1.39681e+06
535	0.340967	-1.59482e+06
536	0.34772	-1.57359e+06
537	0.331244	-1.40179e+06
538	0.3381	-1.51345e+06
539	0.327322	-1.38562e+06
540	0.352425	-1.59253e+06
541	0.336966	-1.50166e+06
542	0.346116	-1.586e+06
543	0.328903	-1.38694e+06
544	0.33185	-1.44217e+06
545	0.320879	-1.28869e+06
546	0.341888	-1.5307e+06
547	0.341746	-1.50637e+06
548	0.331769	-1.35401e+06
549	0.3396	-1.54727e+06
550	0.35648	-1.6409e+06
551	0.329019	-1.42429e+06
552	0.344824	-1.47873e+06
553	0.342512	-1.50309e+06
554	0.341031	-1.49674e+06
555	0.327163	-1.36678e+06
556	0.322185	-1.32383e+06
557	0.356474	-1.61264e+06
558	0.333169	-1.47985e+06
559	0.333371	-1.42476e+06
560	0.342601	-1.48942e+06
561	0.355926	-1.63155e+06
562	0.319146	-1.31779e+06
563	0.340671	-1.51776e+06
564	0.315712	-1.31171e+06
565	0.300935	-1.17705e+06
566	0.335426	-1.46167e+06
567	0.341752	-1.47832e+06
568	0.341088	-1.4714e+06
569	0.333583	-1.41867e+06
570	0.343485	-1.58006e+06
571	0.330503	-1.45279e+06
572	0.327473	-1.38068e+06
573	0.344802	-1.55778e+06
574	0.349787	-1.61408e+06
575	0.323742	-1.40158e+06
576	0.322133	-1.33828e+06
577	0.338901	-1.4726e+06
578	0.341523	-1.51008e+06
579	0.333367	-1.35928e+06
580	0.329354	-1.41852e+06
581	0.326507	-1.36482e+06
582	0.341002	-1.48924e+06
583	0.335391	-1.49804e+06
584	0.323146	-1.27519e+06
585	0.342487	-1.56698e+06
586	0.350809	-1.57358e+06
587	0.336024	-1.41918e+06
588	0.342422	-1.50935e+06
589	0.322191	-1.33681e+06
590	0.329589	-1.44149e+06
591	0.336891	-1.48108e+06
592	0.360037	-1.62617e+06
593	0.357275	-1.65535e+06
594	0.348227	-1.62683e+06
595	0.31316	-1.21811e+06
596	0.333924	-1.45969e+06
597	0.34961	-1.6177e+06
598	0.34018	-1.46092e+06
599	0.340845	-1.53615e+06
600	0.326391	-1.37664e+06
601	0.310724	-1.24382e+06
602	0.319461	-1.35458e+06
603	0.330193	-1.42336e+06
604	0.342208	-1.4979e+06
605	0.32979	-1.4986e+06
606	0.344655	-1.58608e+06
607	0.346952	-1.59321e+06
608	0.340611	-1.4865e+06
609	0.330487	-1.45382e+06
610	0.345786	-1.49511e+06
611	0.324462	-1.32468e+06
612	0.332363	-1.4487e+06
613	0.321854	-1.32688e+06
614	0.332804	-1.39297e+06
615	0.33028	-1.4372e+06
616	0.326358	-1.37529e+06
617	0.334469	-1.4278e+06
618	0.319472	-1.35234e+06
619	0.32677	-1.38655e+06
620	0.334776	-1.45268e+06
621	0.329222	-1.39346e+06
622	0.341268	-1.47475e+06
623	0.339599	-1.49557e+06
624	0.352781	-1.65482e+06
625	0.336476	-1.51197e+06
626	0.308969	-1.19121e+06
627	0.335825	-1.40686e+06
628	0.357358	-1.65994e+06
629	0.324595	-1.33194e+06
630	0.342756	-1.51625e+06
631	0.336635	-1.47252e+06
632	0.327537	-1.39868e+06
633	0.330505	-1.46515e+06
634	0.327002	-1.41186e+06
635	0.344425	-1.50881e+06
636	0.320452	-1.34539e+06
637	0.336438	-1.38675e+06
638	0.353626	-1.61273e+06
639	0.324953	-1.28025e+06
640	0.319573	-1.33724e+06
641	0.340443	-1.45373e+06
642	0.33588	-1.45023e+06
643	0.329199	-1.35301e+06
644	0.349959	-1.56033e+06
645	0.345931	-1.56657e+06
646	0.327923	-1.39892e+06
647	0.3481	-1.56309e+06
648	0.326284	-1.36892e+06
649	0.351032	-1.58072e+06
650	0.334833	-1.47958e+06
651	0.325036	-1.32335e+06
652	0.34132	-1.52833e+06
653	0.326251	-1.39983e+06
654	0.323916	-1.36479e+06
655	0.334319	-1.48127e+06
656	0.34634	-1.60274e+06
657	0.33974	-1.49774e+06
658	0.333483	-1.40912e+06
659	0.332269	-1.42319e+06
660	0.328511	-1.37548e+06
661	0.352687	-1.61088e+06
662	0.335069	-1.43823e+06
663	0.331611	-1.44034e+06
664	0.344902	-1.49454e+06
665	0.322045	-1.30444e+06
666	0.338732	-1.48907e+06
667	0.334879	-1.46704e+06
668	0.350747	-1.56595e+06
669	0.336582	-1.45549e+06
670	0.342151	-1.51682e+06
671	0.344237	-1.6036e+06
672	0.333822	-1.44096e+06
673	0.335862	-1.48395e+06
674	0.33287	-1.38638e+06
675	0.341439	-1.56109e+06
676	0.345623	-1.52216e+06
677	0.333013	-1.45008e+06
678	0.358862	-1.68156e+06
679	0.336574	-1.46595e+06
680	0.319177	-1.31142e+06
681	0.31378	-1.29708e+06
682	0.34197	-1.52391e+06
683	0.33796	-1.49628e+06
684	0.326543	-1.38337e+06
685	0.334411	-1.47869e+06
686	0.325896	-1.3145e+06
687	0.331568	-1.38236e+06
688	0.321785	-1.36593e+06
689	0.324666	-1.38169e+06
690	0.331243	-1.4344e+06
691	0.339357	-1.52088e+06
692	0.334189	-1.45723e+06
693	0.347681	-1.57783e+06
694	0.327817	-1.35602e+06
695	0.332391	-1.44003e+06
696	0.358499	-1.68414e+06
697	0.34539	-1.53764e+06
698	0.344035	-1.56128e+06
699	0.339488	-1.49821e+06
700	0.336941	-1.46092e+06
701	0.340918	-1.48486e+06
702	0.34242	-1.5379e+06
703	0.327505	-1.39768e+06
704	0.347468	-1.55978e+06
705	0.332921	-1.47657e+06
706	0.328604	-1.40033e+06
707	0.342469	-1.55638e+06
708	0.342728	-1.47002e+06
709	0.338938	-1.51176e+06
710	0.326909	-1.38999e+06
711	0.343648	-1.54813e+06
712	0.328472	-1.43249e+06
713	0.33067	-1.42122e+06
714	0.338319	-1.44717e+06
715	0.336217	-1.46368e+06
716	0.335877	-1.45635e+06
717	0.324316	-1.37671e+06
718	0.333768	-1.48225e+06
719	0.348774	-1.60403e+06
720	0.306128	-1.20028e+06
721	0.33876	-1.47033e+06
722	0.347592	-1.53793e+06
723	0.358662	-1.68929e+06
724	0.34429	-1.50638e+06
725	0.327408	-1.32026e+06
726	0.333542	-1.45285e+06
727	0.325806	-1.33779e+06
728	0.323222	-1.27401e+06
729	0.316141	-1.33963e+06
730	0.346732	-1.56467e+06
731	0.337008	-1.47806e+06
732	0.321649	-1.3338e+06
733	0.328298	-1.40222e+06
734	0.353501	-1.62828e+06
735	0.338507	-1.48787e+06
736	0.342698	-1.51969e+06
737	0.324898	-1.31961e+06
738	0.322069	-1.38904e+06
739	0.330993	-1.36876e+06
740	0.341291	-1.52595e+06
741	0.348571	-1.54973e+06
742	0.326707	-1.4403e+06
743	0.342965	-1.5356e+06
744	0.331626	-1.45105e+06
745	0.345982	-1.53022e+06
746	0.349261	-1.57185e+06
747	0.329233	-1.44779e+06
748	0.329615	-1.32966e+06
749	0.327286	-1.44291e+06
750	0.351557	-1.58735e+06
751	0.322142	-1.32909e+06
752	0.323753	-1.40252e+06
753	0.345159	-1.56799e+06
754	0.331944	-1.37146e+06
755	0.343446	-1.5384e+06
756	0.330366	-1.44447e+06
757	0.322622	-1.29527e+06
758	0.336989	-1.44482e+06
759	0.326801	-1.40604e+06
760	0.312341	-1.25317e+06
761	0.337299	-1.47778e+06
762	0.322164	-1.36558e+06
763	0.345036	-1.54501e+06
764	0.333932	-1.3901e+06
765	0.343379	-1.48293e+06
766	0.339657	-1.51009e+06
767	0.324833	-1.34345e+06
768	0.320644	-1.36401e+06
769	0.342017	-1.54943e+06
770	0.335851	-1.45635e+06
771	0.354233	-1.60835e+06
772	0.338636	-1.48015e+06
773	0.35016	-1.58373e+06
774	0.321692	-1.35114e+06
775	0.344119	-1.54179e+06
776	0.353024	-1.62063e+06
777	0.351068	-1.62051e+06
778	0.331983	-1.46778e+06
779	0.340014	-1.51679e+06
780	0.356744	-1.68939e+06
781	0.354054	-1.60923e+06
782	0.34562	-1.58899e+06
783	0.333507	-1.45375e+06
784	0.327226	-1.39087e+06
785	0.340631	-1.47368e+06
786	0.321519	-1.32086e+06
787	0.338969	-1.42978e+06
788	0.340706	-1.48191e+06
789	0.324248	-1.33966e+06
790	0.327049	-1.42977e+06
791	0.328161	-1.42355e+06
792	0.355191	-1.66155e+06
793	0.335572	-1.48055e+06
794	0.33013	-1.39254e+06
795	0.331522	-1.45331e+06
796	0.332313	-1.52859e+06
797	0.323139	-1.31657e+06
798	0.335959	-1.43747e+06
799	0.337439	-1.44718e+06
800	0.324024	-1.39091e+06
801	0.322872	-1.32972e+06
802	0.332672	-1.43464e+06
803	0.334942	-1.53619e+06
804	0.339592	-1.46882e+06
805	0.329684	-1.44744e+06
806	0.345828	-1.55096e+06
807	0.324659	-1.40595e+06
808	0.338128	-1.55019e+06
809	0.337899	-1.46712e+06
810	0.34025	-1.43771e+06
811	0.343654	-1.53106e+06
812	0.339591	-1.47001e+06
813	0.32896	-1.38171e+06
814	0.331241	-1.38226e+06
815	0.3343	-1.45838e+06
816	0.319499	-1.33411e+06
817	0.337488	-1.52707e+06
818	0.33634	-1.5174e+06
819	0.337371	-1.54041e+06
820	0.334676	-1.48383e+06
821	0.319951	-1.31078e+06
822	0.338095	-1.41037e+06
823	0.312875	-1.29593e+06
824	0.333691	-1.4028e+06
825	0.348794	-1.6102e+06
826	0.346177	-1.54695e+06
827	0.315554	-1.36365e+06
828	0.327491	-1.39525e+06
829	0.350311	-1.63211e+06
830	0.346846	-1.58345e+06
831	0.318794	-1.3319e+06
832	0.342437	-1.50904e+06
833	0.325912	-1.41115e+06
834	0.315476	-1.28156e+06
835	0.324698	-1.34192e+06
836	0.332007	-1.46844e+06
837	0.335405	-1.5253e+06
838	0.33223	-1.39527e+06
839	0.326483	-1.4056e+06
840	0.33791	-1.51272e+06
841	0.346456	-1.51982e+06
842	0.337436	-1.43421e+06
843	0.341133	-1.50667e+06
844	0.336155	-1.4392e+06
845	0.346697	-1.61404e+06
846	0.350019	-1.55328e+06
847	0.337312	-1.51031e+06
848	0.33387	-1.4078e+06
849	0.337663	-1.46912e+06
850	0.330362	-1.46297e+06
851	0.3185	-1.27062e+06
852	0.342627	-1.54696e+06
853	0.346613	-1.51991e+06
854	0.34299	-1.50791e+06
855	0.353136	-1.62078e+06
856	0.337018	-1.50815e+06
857	0.340595	-1.49569e+06
858	0.332506	-1.36465e+06
859	0.343316	-1.51546e+06
860	0.321411	-1.40108e+06
861	0.357224	-1.62895e+06
862	0.321488	-1.40968e+06
863	0.315336	-1.30067e+06
864	0.328674	-1.3835e+06
865	0.348826	-1.56397e+06
866	0.336752	-1.5269e+06
867	0.330308	-1.38765e+06
868	0.329616	-1.40302e+06
869	0.326736	-1.40811e+06
870	0.325789	-1.35674e+06
871	0.338264	-1.43832e+06
872	0.322009	-1.33992e+06
873	0.348005	-1.56728e+06
874	0.335829	-1.47475e+06
875	0.331748	-1.41776e+06
876	0.336254	-1.4762e+06
877	0.332694	-1.42629e+06
878	0.3367	-1.48544e+06
879	0.335821	-1.48706e+06
880	0.324788	-1.35758e+06
881	0.328389	-1.44087e+06
882	0.338228	-1.47158e+06
883	0.341571	-1.52379e+06
884	0.329636	-1.42487e+06
885	0.336699	-1.46338e+06
886	0.35517	-1.67027e+06
887	0.337092	-1.46315e+06
888	0.331701	-1.4085e+06
889	0.322316	-1.33193e+06
890	0.325763	-1.40373e+06
891	0.341935	-1.53115e+06
892	0.351028	-1.58409e+06
893	0.346371	-1.50983e+06
894	0.341999	-1.49123e+06
895	0.330757	-1.37243e+06
896	0.327697	-1.44742e+06
897	0.33596	-1.43474e+06
898	0.358544	-1.64797e+06
899	0.335613	-1.46048e+06
900	0.338421	-1.46258e+06
901	0.340026	-1.54062e+06
902	0.331843	-1.3965e+06
903	0.34086	-1.47642e+06
904	0.339084	-1.4328e+06
905	0.332567	-1.45832e+06
906	0.338045	-1.50173e+06
907	0.327332	-1.39088e+06
908	0.340958	-1.50173e+06
909	0.332686	-1.49789e+06
910	0.33363	-1.41137e+06
911	0.330108	-1.34872e+06
912	0.336336	-1.49082e+06
913	0.350902	-1.59992e+06
914	0.352424	-1.61435e+06
915	0.325876	-1.41125e+06
916	0.330977	-1.39443e+06
917	0.340126	-1.47216e+06
918	0.352847	-1.61217e+06
919	0.337848	-1.53111e+06
920	0.342696	-1.5069e+06
921	0.335431	-1.49499e+06
922	0.328961	-1.40119e+06
923	0.347811	-1.61195e+06
924	0.334553	-1.44106e+06
925	0.335353	-1.48525e+06
926	0.337809	-1.46152e+06
927	0.346582	-1.54016e+06
928	0.340475	-1.49624e+06
929	0.339393	-1.52776e+06
930	0.353223	-1.62934e+06
931	0.330177	-1.44042e+06
932	0.360252	-1.67281e+06
933	0.345624	-1.53654e+06
934	0.328404	-1.41601e+06
935	0.335068	-1.45641e+06
936	0.343059	-1.56464e+06
937	0.329005	-1.38041e+06
938	0.334206	-1.4496e+06
939	0.314917	-1.27152e+06
940	0.331264	-1.43374e+06
941	0.333096	-1.46413e+06
942	0.31949	-1.33903e+06
943	0.352468	-1.61492e+06
944	0.342093	-1.54691e+06
945	0.350111	-1.5793e+06
946	0.336013	-1.45868e+06
947	0.342373	-1.52819e+06
948	0.330844	-1.41202e+06
949	0.331392	-1.47994e+06
950	0.339455	-1.48248e+06
951	0.323622	-1.32588e+06
952	0.349647	-1.5657e+06
953	0.326079	-1.39519e+06
954	0.345731	-1.56782e+06
955	0.319319	-1.3759e+06
956	0.337397	-1.46273e+06
957	0.325636	-1.37124e+06
958	0.338074	-1.46466e+06
959	0.351129	-1.60685e+06
960	0.356397	-1.64981e+06
961	0.323834	-1.36663e+06
962	0.346186	-1.54015e+06
963	0.340476	-1.48457e+06
964	0.340559	-1.45239e+06
965	0.320265	-1.33499e+06
966	0.332202	-1.43056e+06
967	0.322968	-1.35354e+06
968	0.325873	-1.32267e+06
969	0.35067	-1.60451e+06
970	0.333698	-1.39045e+06
971	0.339445	-1.50744e+06
972	0.347446	-1.54154e+06
973	0.348369	-1.53377e+06
974	0.363958	-1.73637e+06
975	0.335463	-1.45488e+06
976	0.34293	-1.54845e+06
977	0.344262	-1.59048e+06
978	0.351531	-1.6469e+06
979	0.31405	-1.28338e+06
980	0.346695	-1.52954e+06
981	0.335048	-1.45356e+06
982	0.333477	-1.40192e+06
983	0.333981	-1.46099e+06
984	0.327513	-1.41069e+06
985	0.31791	-1.34527e+06
986	0.324107	-1.35327e+06
987	0.32673	-1.39018e+06
988	0.327485	-1.38025e+06
989	0.342202	-1.50164e+06
990	0.31166	-1.25503e+06
991	0.316359	-1.28089e+06
992	0.334133	-1.4352e+06
993	0.343949	-1.50623e+06
994	0.33086	-1.44893e+06
995	0.353258	-1.59922e+06
996	0.329755	-1.42763e+06
997	0.341866	-1.4917e+06
998	0.327654	-1.42172e+06
999	0.33818	-1.48502e+06
