0	0.329446	-1.4257e+06
1	0.3317	-1.44068e+06
2	0.337788	-1.44294e+06
3	0.33222	-1.46673e+06
4	0.337454	-1.46021e+06
5	0.336259	-1.49955e+06
6	0.332753	-1.44711e+06
7	0.329318	-1.35982e+06
8	0.33813	-1.47617e+06
9	0.336275	-1.45192e+06
10	0.336911	-1.4286e+06
11	0.339635	-1.56339e+06
12	0.347536	-1.60581e+06
13	0.323235	-1.39871e+06
14	0.331852	-1.40856e+06
15	0.340722	-1.54554e+06
16	0.327156	-1.38061e+06
17	0.334032	-1.43675e+06
18	0.339315	-1.44551e+06
19	0.33636	-1.43962e+06
20	0.346775	-1.55633e+06
21	0.337429	-1.52325e+06
22	0.338212	-1.52398e+06
23	0.344883	-1.56526e+06
24	0.333382	-1.41366e+06
25	0.351144	-1.59753e+06
26	0.350665	-1.58608e+06
27	0.331334	-1.40855e+06
28	0.327901	-1.42494e+06
29	0.338657	-1.5432e+06
30	0.343577	-1.47736e+06
31	0.328044	-1.42543e+06
32	0.333814	-1.39363e+06
33	0.339574	-1.45554e+06
34	0.322806	-1.35967e+06
35	0.336076	-1.45806e+06
36	0.336055	-1.40909e+06
37	0.329496	-1.38327e+06
38	0.331054	-1.43483e+06
39	0.348681	-1.58356e+06
40	0.328964	-1.38221e+06
41	0.334077	-1.47734e+06
42	0.333512	-1.42327e+06
43	0.341454	-1.50385e+06
44	0.348599	-1.54934e+06
45	0.329535	-1.41707e+06
46	0.338312	-1.48216e+06
47	0.335035	-1.50207e+06
48	0.339665	-1.45106e+06
49	0.329089	-1.41517e+06
50	0.34565	-1.56876e+06
51	0.332186	-1.46057e+06
52	0.341711	-1.53655e+06
53	0.336886	-1.47107e+06
54	0.323353	-1.35398e+06
55	0.334996	-1.48801e+06
56	0.327057	-1.4448e+06
57	0.335695	-1.47095e+06
58	0.32809	-1.38882e+06
59	0.342585	-1.50786e+06
60	0.334854	-1.44829e+06
61	0.339897	-1.49867e+06
62	0.334745	-1.48152e+06
63	0.33846	-1.48508e+06
64	0.324453	-1.36303e+06
65	0.343852	-1.51585e+06
66	0.33479	-1.41947e+06
67	0.332579	-1.45274e+06
68	0.341645	-1.50772e+06
69	0.326726	-1.33008e+06
70	0.346096	-1.56021e+06
71	0.339935	-1.48783e+06
72	0.326983	-1.41733e+06
73	0.335135	-1.42433e+06
74	0.32513	-1.3983e+06
75	0.328321	-1.36104e+06
76	0.353253	-1.61031e+06
77	0.343273	-1.47887e+06
78	0.321607	-1.35758e+06
79	0.363383	-1.7243e+06
80	0.341062	-1.47071e+06
81	0.349382	-1.58266e+06
82	0.321266	-1.3528e+06
83	0.337601	-1.50267e+06
84	0.331736	-1.42048e+06
85	0.335303	-1.50002e+06
86	0.354761	-1.67866e+06
87	0.323807	-1.40646e+06
88	0.322164	-1.32852e+06
89	0.339914	-1.4961e+06
90	0.34512	-1.57235e+06
91	0.342883	-1.49328e+06
92	0.338179	-1.502e+06
93	0.341983	-1.47416e+06
94	0.339559	-1.59465e+06
95	0.344562	-1.58025e+06
96	0.333213	-1.49811e+06
97	0.327808	-1.38213e+06
98	0.337748	-1.46196e+06
99	0.310393	-1.28963e+06
100	0.319448	-1.32196e+06
101	0.333968	-1.50937e+06
102	0.348132	-1.57859e+06
103	0.339276	-1.47283e+06
104	0.325232	-1.35056e+06
105	0.330065	-1.44866e+06
106	0.346668	-1.5992e+06
107	0.331213	-1.4079e+06
108	0.317396	-1.26961e+06
109	0.33758	-1.47317e+06
110	0.347368	-1.56761e+06
111	0.341022	-1.49904e+06
112	0.323374	-1.34431e+06
113	0.332667	-1.43014e+06
114	0.335189	-1.42251e+06
115	0.344764	-1.55118e+06
116	0.329826	-1.38405e+06
117	0.326145	-1.39181e+06
118	0.34168	-1.4986e+06
119	0.325607	-1.37359e+06
120	0.342	-1.48475e+06
121	0.330649	-1.43547e+06
122	0.362548	-1.74427e+06
123	0.333218	-1.47059e+06
124	0.330419	-1.45601e+06
125	0.334736	-1.44931e+06
126	0.32553	-1.37899e+06
127	0.323026	-1.36876e+06
128	0.32838	-1.39443e+06
129	0.332133	-1.40091e+06
130	0.312478	-1.27776e+06
131	0.353533	-1.67361e+06
132	0.336476	-1.46839e+06
133	0.34316	-1.57488e+06
134	0.332363	-1.43813e+06
135	0.332869	-1.44895e+06
136	0.315139	-1.33648e+06
137	0.351287	-1.60257e+06
138	0.320664	-1.33041e+06
139	0.341728	-1.41136e+06
140	0.342614	-1.49387e+06
141	0.322804	-1.37419e+06
142	0.332022	-1.35592e+06
143	0.336547	-1.48443e+06
144	0.349417	-1.58626e+06
145	0.331315	-1.43361e+06
146	0.341084	-1.46108e+06
147	0.312726	-1.25346e+06
148	0.339444	-1.47679e+06
149	0.334465	-1.51382e+06
150	0.343175	-1.51358e+06
151	0.331518	-1.3893e+06
152	0.338772	-1.47855e+06
153	0.340142	-1.40111e+06
154	0.327273	-1.37606e+06
155	0.348294	-1.53902e+06
156	0.337507	-1.49915e+06
157	0.333636	-1.39095e+06
158	0.340169	-1.51355e+06
159	0.323898	-1.3499e+06
160	0.352772	-1.6225e+06
161	0.33186	-1.41663e+06
162	0.334215	-1.50952e+06
163	0.33394	-1.50125e+06
164	0.332471	-1.40019e+06
165	0.338572	-1.53016e+06
166	0.340375	-1.4893e+06
167	0.356604	-1.66068e+06
168	0.331899	-1.4243e+06
169	0.333747	-1.41711e+06
170	0.337228	-1.49213e+06
171	0.328293	-1.33691e+06
172	0.323094	-1.33774e+06
173	0.312532	-1.30023e+06
174	0.337417	-1.42525e+06
175	0.341597	-1.53035e+06
176	0.333696	-1.47616e+06
177	0.323765	-1.4133e+06
178	0.342059	-1.53025e+06
179	0.319718	-1.34695e+06
180	0.341055	-1.48056e+06
181	0.336182	-1.49504e+06
182	0.340836	-1.51013e+06
183	0.33079	-1.4247e+06
184	0.32962	-1.42475e+06
185	0.345183	-1.50538e+06
186	0.3019	-1.13365e+06
187	0.344712	-1.51649e+06
188	0.340806	-1.55897e+06
189	0.32944	-1.38735e+06
190	0.315298	-1.25965e+06
191	0.357244	-1.65287e+06
192	0.340092	-1.48027e+06
193	0.338876	-1.45114e+06
194	0.340216	-1.44662e+06
195	0.345988	-1.63964e+06
196	0.335968	-1.50926e+06
197	0.333953	-1.45822e+06
198	0.361551	-1.65384e+06
199	0.334973	-1.48527e+06
200	0.336266	-1.56883e+06
201	0.329012	-1.34349e+06
202	0.330612	-1.4407e+06
203	0.341158	-1.56582e+06
204	0.340387	-1.50405e+06
205	0.327048	-1.35569e+06
206	0.340283	-1.50871e+06
207	0.329017	-1.42913e+06
208	0.341947	-1.56278e+06
209	0.334521	-1.43417e+06
210	0.346133	-1.53408e+06
211	0.333696	-1.46173e+06
212	0.330446	-1.42448e+06
213	0.338471	-1.47206e+06
214	0.341903	-1.54858e+06
215	0.342012	-1.45411e+06
216	0.349696	-1.58375e+06
217	0.324014	-1.34341e+06
218	0.336972	-1.44801e+06
219	0.341686	-1.45861e+06
220	0.321148	-1.37945e+06
221	0.327579	-1.39668e+06
222	0.342439	-1.55496e+06
223	0.326778	-1.35502e+06
224	0.339043	-1.53578e+06
225	0.325606	-1.31616e+06
226	0.335959	-1.50447e+06
227	0.334895	-1.49814e+06
228	0.335044	-1.47202e+06
229	0.332937	-1.45877e+06
230	0.354371	-1.62635e+06
231	0.341316	-1.52894e+06
232	0.328203	-1.41967e+06
233	0.316177	-1.24696e+06
234	0.31378	-1.23949e+06
235	0.349295	-1.55577e+06
236	0.321563	-1.33772e+06
237	0.346924	-1.51478e+06
238	0.324626	-1.35283e+06
239	0.339839	-1.47297e+06
240	0.346093	-1.58166e+06
241	0.335343	-1.50595e+06
242	0.350196	-1.61961e+06
243	0.345468	-1.55744e+06
244	0.349824	-1.53475e+06
245	0.336517	-1.445e+06
246	0.350701	-1.58735e+06
247	0.333529	-1.45895e+06
248	0.346146	-1.584e+06
249	0.33819	-1.49665e+06
250	0.340337	-1.4813e+06
251	0.343524	-1.55102e+06
252	0.339251	-1.46111e+06
253	0.32754	-1.36722e+06
254	0.354811	-1.60765e+06
255	0.323801	-1.35797e+06
256	0.331768	-1.44283e+06
257	0.324881	-1.37302e+06
258	0.333748	-1.45126e+06
259	0.326744	-1.35022e+06
260	0.314397	-1.24498e+06
261	0.332424	-1.41088e+06
262	0.328761	-1.38858e+06
263	0.34278	-1.52153e+06
264	0.322492	-1.33239e+06
265	0.352874	-1.6499e+06
266	0.35502	-1.5809e+06
267	0.332778	-1.48067e+06
268	0.341755	-1.49901e+06
269	0.320051	-1.35433e+06
270	0.336737	-1.48805e+06
271	0.341236	-1.53881e+06
272	0.339368	-1.50369e+06
273	0.33738	-1.525e+06
274	0.332791	-1.49172e+06
275	0.335542	-1.38437e+06
276	0.343586	-1.59743e+06
277	0.343836	-1.59839e+06
278	0.326326	-1.39021e+06
279	0.320071	-1.31614e+06
280	0.326158	-1.33637e+06
281	0.314965	-1.27891e+06
282	0.334367	-1.47616e+06
283	0.33351	-1.37002e+06
284	0.327484	-1.34094e+06
285	0.326397	-1.38234e+06
286	0.348536	-1.58181e+06
287	0.340932	-1.52806e+06
288	0.330294	-1.41779e+06
289	0.340076	-1.50219e+06
290	0.359293	-1.68249e+06
291	0.339161	-1.51934e+06
292	0.336883	-1.44127e+06
293	0.343793	-1.60185e+06
294	0.341046	-1.55263e+06
295	0.322563	-1.38886e+06
296	0.332035	-1.46594e+06
297	0.346402	-1.54933e+06
298	0.328739	-1.40373e+06
299	0.336566	-1.52272e+06
300	0.334705	-1.49673e+06
301	0.346537	-1.49907e+06
302	0.338606	-1.52533e+06
303	0.327133	-1.39774e+06
304	0.339373	-1.44792e+06
305	0.332368	-1.41278e+06
306	0.333289	-1.39641e+06
307	0.331249	-1.37987e+06
308	0.332583	-1.39492e+06
309	0.343918	-1.47999e+06
310	0.35006	-1.64295e+06
311	0.342608	-1.49227e+06
312	0.320692	-1.33429e+06
313	0.326444	-1.4359e+06
314	0.339314	-1.4668e+06
315	0.343507	-1.52875e+06
316	0.36943	-1.77688e+06
317	0.319374	-1.33695e+06
318	0.335771	-1.44023e+06
319	0.343687	-1.57911e+06
320	0.350764	-1.62708e+06
321	0.342595	-1.54779e+06
322	0.345302	-1.5502e+06
323	0.357308	-1.69852e+06
324	0.34234	-1.49682e+06
325	0.342463	-1.50097e+06
326	0.326843	-1.42035e+06
327	0.303053	-1.17886e+06
328	0.332924	-1.41541e+06
329	0.321673	-1.36656e+06
330	0.330256	-1.45992e+06
331	0.337749	-1.51908e+06
332	0.356525	-1.62377e+06
333	0.329096	-1.42126e+06
334	0.354896	-1.65056e+06
335	0.305381	-1.25272e+06
336	0.328674	-1.42078e+06
337	0.342132	-1.54818e+06
338	0.354672	-1.57331e+06
339	0.325273	-1.34389e+06
340	0.327479	-1.41791e+06
341	0.337385	-1.52082e+06
342	0.341263	-1.49524e+06
343	0.329885	-1.33622e+06
344	0.324814	-1.4118e+06
345	0.350214	-1.60419e+06
346	0.35762	-1.59073e+06
347	0.33458	-1.47527e+06
348	0.350331	-1.58435e+06
349	0.34377	-1.55338e+06
350	0.332991	-1.45291e+06
351	0.334595	-1.42423e+06
352	0.330734	-1.45203e+06
353	0.314041	-1.2043e+06
354	0.323885	-1.34242e+06
355	0.341678	-1.52418e+06
356	0.349483	-1.5812e+06
357	0.319972	-1.33936e+06
358	0.330664	-1.36434e+06
359	0.341129	-1.50639e+06
360	0.34163	-1.52455e+06
361	0.323799	-1.34576e+06
362	0.332299	-1.39524e+06
363	0.321138	-1.35631e+06
364	0.34224	-1.48449e+06
365	0.333679	-1.46383e+06
366	0.317235	-1.27708e+06
367	0.34637	-1.60264e+06
368	0.331631	-1.45272e+06
369	0.33293	-1.43827e+06
370	0.343053	-1.49179e+06
371	0.335253	-1.43033e+06
372	0.335627	-1.4647e+06
373	0.34973	-1.61749e+06
374	0.329162	-1.432e+06
375	0.342228	-1.56237e+06
376	0.329824	-1.45529e+06
377	0.336522	-1.43917e+06
378	0.318404	-1.33779e+06
379	0.316798	-1.33773e+06
380	0.352763	-1.59333e+06
381	0.331635	-1.37115e+06
382	0.336276	-1.47357e+06
383	0.331964	-1.39304e+06
384	0.323267	-1.32745e+06
385	0.330705	-1.47588e+06
386	0.348531	-1.56493e+06
387	0.328935	-1.41337e+06
388	0.346845	-1.51073e+06
389	0.341032	-1.51279e+06
390	0.343817	-1.55442e+06
391	0.334584	-1.47616e+06
392	0.339661	-1.55061e+06
393	0.343256	-1.54622e+06
394	0.330339	-1.32221e+06
395	0.34796	-1.58128e+06
396	0.334466	-1.41668e+06
397	0.324627	-1.38843e+06
398	0.347471	-1.63174e+06
399	0.327133	-1.40551e+06
400	0.323901	-1.31334e+06
401	0.339747	-1.49973e+06
402	0.33689	-1.49284e+06
403	0.33593	-1.47502e+06
404	0.357459	-1.68665e+06
405	0.331634	-1.42166e+06
406	0.321548	-1.37417e+06
407	0.339301	-1.4611e+06
408	0.329005	-1.48292e+06
409	0.3325	-1.42225e+06
410	0.327372	-1.38967e+06
411	0.339461	-1.55625e+06
412	0.324868	-1.39667e+06
413	0.337317	-1.46638e+06
414	0.336502	-1.49084e+06
415	0.325605	-1.41412e+06
416	0.323842	-1.33769e+06
417	0.31804	-1.29182e+06
418	0.31772	-1.2799e+06
419	0.33934	-1.48329e+06
420	0.330961	-1.41421e+06
421	0.332664	-1.40722e+06
422	0.331679	-1.42364e+06
423	0.335857	-1.43728e+06
424	0.338054	-1.48875e+06
425	0.34303	-1.48712e+06
426	0.333631	-1.43394e+06
427	0.339243	-1.50777e+06
428	0.334388	-1.42846e+06
429	0.32963	-1.45095e+06
430	0.32305	-1.35028e+06
431	0.344327	-1.47869e+06
432	0.333496	-1.45889e+06
433	0.346601	-1.53145e+06
434	0.322372	-1.34883e+06
435	0.345906	-1.52254e+06
436	0.338366	-1.4666e+06
437	0.344818	-1.55828e+06
438	0.334198	-1.47545e+06
439	0.344596	-1.55829e+06
440	0.332202	-1.44801e+06
441	0.355469	-1.61555e+06
442	0.333061	-1.46218e+06
443	0.329766	-1.40812e+06
444	0.346913	-1.55648e+06
445	0.341752	-1.51077e+06
446	0.324823	-1.39207e+06
447	0.340604	-1.55383e+06
448	0.355094	-1.57725e+06
449	0.34571	-1.57184e+06
450	0.326878	-1.41707e+06
451	0.333907	-1.45271e+06
452	0.321687	-1.32306e+06
453	0.329698	-1.42053e+06
454	0.337052	-1.42888e+06
455	0.345816	-1.52947e+06
456	0.328486	-1.45072e+06
457	0.332412	-1.45939e+06
458	0.34447	-1.55665e+06
459	0.322136	-1.35587e+06
460	0.327363	-1.42661e+06
461	0.334598	-1.42776e+06
462	0.32912	-1.46836e+06
463	0.34648	-1.51595e+06
464	0.334055	-1.42464e+06
465	0.325774	-1.34757e+06
466	0.328603	-1.41023e+06
467	0.344026	-1.47443e+06
468	0.351972	-1.64464e+06
469	0.327743	-1.35376e+06
470	0.331375	-1.4716e+06
471	0.331389	-1.45048e+06
472	0.349157	-1.63751e+06
473	0.347033	-1.58466e+06
474	0.327978	-1.43407e+06
475	0.334381	-1.43078e+06
476	0.339003	-1.44606e+06
477	0.350941	-1.60936e+06
478	0.343115	-1.53323e+06
479	0.302303	-1.20923e+06
480	0.33327	-1.45869e+06
481	0.336812	-1.45818e+06
482	0.328725	-1.37196e+06
483	0.314668	-1.2603e+06
484	0.326141	-1.40351e+06
485	0.329113	-1.39325e+06
486	0.336391	-1.45654e+06
487	0.321833	-1.37394e+06
488	0.346613	-1.57311e+06
489	0.321214	-1.29576e+06
490	0.347254	-1.56433e+06
491	0.335632	-1.49797e+06
492	0.319758	-1.33292e+06
493	0.346781	-1.61486e+06
494	0.326884	-1.36379e+06
495	0.343535	-1.52628e+06
496	0.325864	-1.42256e+06
497	0.348006	-1.58696e+06
498	0.352169	-1.59684e+06
499	0.34616	-1.56238e+06
500	0.316362	-1.33776e+06
501	0.346532	-1.58341e+06
502	0.327616	-1.41799e+06
503	0.340347	-1.51693e+06
504	0.360806	-1.7047e+06
505	0.343618	-1.49733e+06
506	0.325529	-1.34344e+06
507	0.342622	-1.50114e+06
508	0.32475	-1.3912e+06
509	0.332715	-1.45071e+06
510	0.33513	-1.46022e+06
511	0.345368	-1.50529e+06
512	0.330483	-1.44796e+06
513	0.326771	-1.42501e+06
514	0.335005	-1.46785e+06
515	0.354388	-1.64398e+06
516	0.335868	-1.49936e+06
517	0.34514	-1.55737e+06
518	0.341884	-1.53555e+06
519	0.333648	-1.41737e+06
520	0.331454	-1.40051e+06
521	0.342215	-1.52455e+06
522	0.323147	-1.32112e+06
523	0.332146	-1.43046e+06
524	0.329244	-1.44829e+06
525	0.337716	-1.37935e+06
526	0.334468	-1.48883e+06
527	0.337335	-1.50026e+06
528	0.314035	-1.27365e+06
529	0.352932	-1.56491e+06
530	0.324965	-1.3831e+06
531	0.333417	-1.40439e+06
532	0.348216	-1.56879e+06
533	0.3318	-1.45667e+06
534	0.328213	-1.36939e+06
535	0.339449	-1.55257e+06
536	0.351179	-1.5906e+06
537	0.340594	-1.53486e+06
538	0.341186	-1.50736e+06
539	0.329055	-1.4074e+06
540	0.340869	-1.54227e+06
541	0.335537	-1.46615e+06
542	0.366115	-1.72198e+06
543	0.32014	-1.28432e+06
544	0.345796	-1.55882e+06
545	0.340821	-1.57413e+06
546	0.356536	-1.67335e+06
547	0.313776	-1.23657e+06
548	0.351825	-1.54878e+06
549	0.345415	-1.5063e+06
550	0.326961	-1.40207e+06
551	0.347984	-1.5688e+06
552	0.342392	-1.472e+06
553	0.330312	-1.42572e+06
554	0.330852	-1.42229e+06
555	0.331269	-1.43651e+06
556	0.335167	-1.50959e+06
557	0.34193	-1.53342e+06
558	0.333509	-1.42613e+06
559	0.335172	-1.44747e+06
560	0.3403	-1.4744e+06
561	0.330315	-1.41723e+06
562	0.348321	-1.62787e+06
563	0.342102	-1.45814e+06
564	0.343061	-1.58741e+06
565	0.33604	-1.43406e+06
566	0.33644	-1.5002e+06
567	0.331763	-1.49045e+06
568	0.340492	-1.47357e+06
569	0.321755	-1.35331e+06
570	0.334084	-1.44137e+06
571	0.33745	-1.45993e+06
572	0.336998	-1.51048e+06
573	0.329867	-1.40888e+06
574	0.345159	-1.63577e+06
575	0.333947	-1.44424e+06
576	0.3465	-1.51553e+06
577	0.330721	-1.41757e+06
578	0.339636	-1.51539e+06
579	0.339212	-1.54689e+06
580	0.331708	-1.44607e+06
581	0.329409	-1.44765e+06
582	0.340945	-1.53195e+06
583	0.334111	-1.44432e+06
584	0.331627	-1.4811e+06
585	0.342042	-1.58357e+06
586	0.323435	-1.33762e+06
587	0.338529	-1.47603e+06
588	0.343584	-1.52616e+06
589	0.331981	-1.4398e+06
590	0.344565	-1.53282e+06
591	0.312236	-1.30661e+06
592	0.331839	-1.40397e+06
593	0.342725	-1.50388e+06
594	0.342986	-1.54711e+06
595	0.341115	-1.52049e+06
596	0.33769	-1.4069e+06
597	0.330467	-1.4528e+06
598	0.332058	-1.42112e+06
599	0.325518	-1.35823e+06
600	0.336835	-1.52736e+06
601	0.320857	-1.41024e+06
602	0.318852	-1.37995e+06
603	0.33444	-1.46419e+06
604	0.32843	-1.34837e+06
605	0.342128	-1.52312e+06
606	0.333835	-1.35268e+06
607	0.323395	-1.40245e+06
608	0.344255	-1.56724e+06
609	0.327909	-1.31876e+06
610	0.335285	-1.4339e+06
611	0.338781	-1.5006e+06
612	0.348883	-1.5563e+06
613	0.328083	-1.4045e+06
614	0.326451	-1.43282e+06
615	0.356965	-1.62153e+06
616	0.314912	-1.2727e+06
617	0.331378	-1.46528e+06
618	0.313271	-1.24545e+06
619	0.345301	-1.58427e+06
620	0.321117	-1.39356e+06
621	0.309464	-1.1921e+06
622	0.359938	-1.66387e+06
623	0.326542	-1.41861e+06
624	0.338208	-1.51588e+06
625	0.357691	-1.61707e+06
626	0.332222	-1.43957e+06
627	0.316473	-1.27419e+06
628	0.331116	-1.39992e+06
629	0.336282	-1.44734e+06
630	0.321862	-1.34e+06
631	0.336015	-1.44965e+06
632	0.334464	-1.41809e+06
633	0.327684	-1.40373e+06
634	0.340357	-1.50582e+06
635	0.333201	-1.39852e+06
636	0.336486	-1.5078e+06
637	0.326122	-1.40689e+06
638	0.318736	-1.34375e+06
639	0.342372	-1.51435e+06
640	0.333821	-1.50188e+06
641	0.33085	-1.37823e+06
642	0.317836	-1.34986e+06
643	0.308034	-1.24259e+06
644	0.327242	-1.37756e+06
645	0.3282	-1.36613e+06
646	0.341885	-1.50454e+06
647	0.349301	-1.6102e+06
648	0.319054	-1.31112e+06
649	0.313089	-1.27965e+06
650	0.33656	-1.48727e+06
651	0.33909	-1.47336e+06
652	0.345725	-1.58632e+06
653	0.337618	-1.43765e+06
654	0.340854	-1.48916e+06
655	0.333059	-1.50491e+06
656	0.344877	-1.50423e+06
657	0.345038	-1.47939e+06
658	0.351322	-1.6141e+06
659	0.343883	-1.52149e+06
660	0.337518	-1.4716e+06
661	0.32756	-1.40369e+06
662	0.337803	-1.49289e+06
663	0.343681	-1.53776e+06
664	0.331786	-1.44594e+06
665	0.352707	-1.58367e+06
666	0.318385	-1.28652e+06
667	0.341209	-1.52108e+06
668	0.340905	-1.55116e+06
669	0.345326	-1.53908e+06
670	0.324302	-1.38168e+06
671	0.327158	-1.35153e+06
672	0.329093	-1.42935e+06
673	0.328993	-1.36885e+06
674	0.333409	-1.39596e+06
675	0.348472	-1.55246e+06
676	0.330422	-1.37455e+06
677	0.305857	-1.21678e+06
678	0.321186	-1.35362e+06
679	0.349621	-1.59324e+06
680	0.333277	-1.47725e+06
681	0.3404	-1.50817e+06
682	0.360838	-1.66223e+06
683	0.32818	-1.39348e+06
684	0.333325	-1.45678e+06
685	0.334265	-1.49298e+06
686	0.325323	-1.3634e+06
687	0.343188	-1.47201e+06
688	0.341675	-1.54414e+06
689	0.315905	-1.24246e+06
690	0.338258	-1.50078e+06
691	0.348617	-1.58667e+06
692	0.343684	-1.53088e+06
693	0.329703	-1.40189e+06
694	0.337479	-1.49107e+06
695	0.347367	-1.54352e+06
696	0.346561	-1.53653e+06
697	0.330502	-1.43585e+06
698	0.341822	-1.54085e+06
699	0.322741	-1.35249e+06
700	0.334531	-1.48335e+06
701	0.332225	-1.46205e+06
702	0.343159	-1.5766e+06
703	0.335574	-1.45474e+06
704	0.323813	-1.37603e+06
705	0.330506	-1.42392e+06
706	0.344035	-1.55212e+06
707	0.341182	-1.55296e+06
708	0.34663	-1.56818e+06
709	0.318867	-1.35546e+06
710	0.344056	-1.57759e+06
711	0.320022	-1.35613e+06
712	0.328299	-1.43078e+06
713	0.331624	-1.39e+06
714	0.337304	-1.43947e+06
715	0.332306	-1.43398e+06
716	0.337214	-1.43108e+06
717	0.34082	-1.51895e+06
718	0.320114	-1.31459e+06
719	0.331789	-1.44099e+06
720	0.320363	-1.30343e+06
721	0.339427	-1.4499e+06
722	0.332119	-1.43762e+06
723	0.339097	-1.4778e+06
724	0.336059	-1.48716e+06
725	0.329878	-1.44574e+06
726	0.332383	-1.42803e+06
727	0.351643	-1.57725e+06
728	0.338739	-1.50898e+06
729	0.32203	-1.37454e+06
730	0.327963	-1.3696e+06
731	0.31017	-1.27971e+06
732	0.339796	-1.48337e+06
733	0.339236	-1.5294e+06
734	0.33589	-1.47622e+06
735	0.326767	-1.39848e+06
736	0.334237	-1.43851e+06
737	0.316318	-1.33071e+06
738	0.345694	-1.52234e+06
739	0.335107	-1.45359e+06
740	0.355308	-1.54698e+06
741	0.331521	-1.48389e+06
742	0.318918	-1.36821e+06
743	0.330355	-1.39961e+06
744	0.344459	-1.54232e+06
745	0.342854	-1.52457e+06
746	0.332064	-1.41129e+06
747	0.329361	-1.39321e+06
748	0.324236	-1.38491e+06
749	0.34529	-1.54435e+06
750	0.338058	-1.51062e+06
751	0.333954	-1.40198e+06
752	0.34372	-1.52762e+06
753	0.340699	-1.52126e+06
754	0.328793	-1.41524e+06
755	0.317901	-1.35126e+06
756	0.34768	-1.56958e+06
757	0.344064	-1.55975e+06
758	0.342281	-1.50033e+06
759	0.333888	-1.44021e+06
760	0.332933	-1.42605e+06
761	0.336526	-1.41585e+06
762	0.322043	-1.35363e+06
763	0.329196	-1.43683e+06
764	0.341869	-1.51818e+06
765	0.327492	-1.37487e+06
766	0.336802	-1.45032e+06
767	0.354243	-1.52735e+06
768	0.329735	-1.36812e+06
769	0.341559	-1.5013e+06
770	0.336404	-1.45779e+06
771	0.335655	-1.43297e+06
772	0.320673	-1.35417e+06
773	0.320296	-1.3448e+06
774	0.343124	-1.57226e+06
775	0.336148	-1.47309e+06
776	0.333711	-1.44155e+06
777	0.337325	-1.45273e+06
778	0.349153	-1.60317e+06
779	0.322106	-1.34096e+06
780	0.341976	-1.4996e+06
781	0.328359	-1.35347e+06
782	0.339099	-1.4713e+06
783	0.361758	-1.69468e+06
784	0.317832	-1.36366e+06
785	0.337824	-1.50959e+06
786	0.336669	-1.46164e+06
787	0.336312	-1.4882e+06
788	0.345089	-1.58786e+06
789	0.347995	-1.55311e+06
790	0.340061	-1.47006e+06
791	0.346996	-1.59894e+06
792	0.332671	-1.41679e+06
793	0.356242	-1.68161e+06
794	0.321184	-1.36381e+06
795	0.344759	-1.53897e+06
796	0.325703	-1.36167e+06
797	0.318376	-1.34115e+06
798	0.332395	-1.45189e+06
799	0.335758	-1.46151e+06
800	0.343401	-1.51844e+06
801	0.330426	-1.43436e+06
802	0.331756	-1.45051e+06
803	0.351873	-1.65717e+06
804	0.347979	-1.51221e+06
805	0.328576	-1.35414e+06
806	0.346731	-1.54586e+06
807	0.336132	-1.43907e+06
808	0.336019	-1.49187e+06
809	0.327812	-1.38181e+06
810	0.328223	-1.40483e+06
811	0.341767	-1.4898e+06
812	0.329774	-1.32038e+06
813	0.335376	-1.47736e+06
814	0.335475	-1.42493e+06
815	0.327642	-1.38786e+06
816	0.330561	-1.42142e+06
817	0.350869	-1.60514e+06
818	0.324356	-1.3912e+06
819	0.33729	-1.43262e+06
820	0.335635	-1.44947e+06
821	0.326794	-1.38575e+06
822	0.345415	-1.50932e+06
823	0.333359	-1.42898e+06
824	0.357231	-1.69655e+06
825	0.342566	-1.47201e+06
826	0.343013	-1.49637e+06
827	0.342417	-1.50282e+06
828	0.320137	-1.35292e+06
829	0.333331	-1.45062e+06
830	0.338072	-1.50704e+06
831	0.349404	-1.59842e+06
832	0.330429	-1.41373e+06
833	0.34519	-1.57746e+06
834	0.34173	-1.56324e+06
835	0.360384	-1.63306e+06
836	0.33377	-1.40906e+06
837	0.337082	-1.52038e+06
838	0.339092	-1.49684e+06
839	0.325512	-1.33038e+06
840	0.326449	-1.37535e+06
841	0.355925	-1.72857e+06
842	0.335521	-1.47728e+06
843	0.33495	-1.48908e+06
844	0.340859	-1.45503e+06
845	0.342407	-1.56355e+06
846	0.335812	-1.4737e+06
847	0.330031	-1.37689e+06
848	0.343974	-1.535e+06
849	0.338993	-1.45438e+06
850	0.343954	-1.58959e+06
851	0.333651	-1.43993e+06
852	0.343736	-1.52035e+06
853	0.353406	-1.59817e+06
854	0.347192	-1.63804e+06
855	0.35612	-1.68533e+06
856	0.34804	-1.52373e+06
857	0.350427	-1.58553e+06
858	0.34156	-1.5276e+06
859	0.330793	-1.42721e+06
860	0.346861	-1.54535e+06
861	0.326179	-1.41335e+06
862	0.326177	-1.373e+06
863	0.348788	-1.59909e+06
864	0.331608	-1.44654e+06
865	0.334471	-1.44647e+06
866	0.336187	-1.52519e+06
867	0.340462	-1.51253e+06
868	0.336216	-1.57446e+06
869	0.338961	-1.50451e+06
870	0.320999	-1.29129e+06
871	0.335524	-1.51611e+06
872	0.339912	-1.48524e+06
873	0.341846	-1.48771e+06
874	0.316029	-1.33044e+06
875	0.33753	-1.47399e+06
876	0.341074	-1.50364e+06
877	0.321311	-1.3075e+06
878	0.338974	-1.38925e+06
879	0.335056	-1.49662e+06
880	0.341613	-1.48492e+06
881	0.322443	-1.34226e+06
882	0.319251	-1.26642e+06
883	0.331576	-1.42652e+06
884	0.329161	-1.40993e+06
885	0.363401	-1.7214e+06
886	0.320791	-1.35289e+06
887	0.325117	-1.41462e+06
888	0.342547	-1.54201e+06
889	0.335205	-1.47077e+06
890	0.334872	-1.43137e+06
891	0.328871	-1.39929e+06
892	0.331293	-1.41411e+06
893	0.327413	-1.38607e+06
894	0.359416	-1.63949e+06
895	0.328936	-1.42993e+06
896	0.340326	-1.52224e+06
897	0.341161	-1.54097e+06
898	0.322903	-1.4002e+06
899	0.335894	-1.4914e+06
900	0.333072	-1.43844e+06
901	0.317778	-1.31602e+06
902	0.344286	-1.51275e+06
903	0.313754	-1.26393e+06
904	0.339524	-1.50886e+06
905	0.35494	-1.59014e+06
906	0.353713	-1.66492e+06
907	0.347916	-1.54594e+06
908	0.348743	-1.558e+06
909	0.346157	-1.51248e+06
910	0.341491	-1.53566e+06
911	0.340108	-1.47236e+06
912	0.336083	-1.54013e+06
913	0.345395	-1.60747e+06
914	0.328937	-1.42404e+06
915	0.347036	-1.5001e+06
916	0.337103	-1.48034e+06
917	0.32934	-1.41656e+06
918	0.329674	-1.39644e+06
919	0.342728	-1.51371e+06
920	0.338982	-1.50694e+06
921	0.327256	-1.36693e+06
922	0.32692	-1.34352e+06
923	0.345667	-1.59865e+06
924	0.341226	-1.45675e+06
925	0.322606	-1.32245e+06
926	0.358744	-1.69192e+06
927	0.32706	-1.35095e+06
928	0.338342	-1.46334e+06
929	0.329735	-1.375e+06
930	0.316699	-1.25724e+06
931	0.337031	-1.50481e+06
932	0.334285	-1.45402e+06
933	0.328379	-1.36646e+06
934	0.323033	-1.32057e+06
935	0.33631	-1.42136e+06
936	0.342994	-1.496e+06
937	0.329238	-1.44666e+06
938	0.339703	-1.48114e+06
939	0.333546	-1.44711e+06
940	0.350682	-1.61037e+06
941	0.332652	-1.52979e+06
942	0.356306	-1.6527e+06
943	0.329906	-1.42597e+06
944	0.339842	-1.50216e+06
945	0.34393	-1.52501e+06
946	0.326247	-1.34967e+06
947	0.349441	-1.6169e+06
948	0.329856	-1.45157e+06
949	0.343879	-1.58726e+06
950	0.343842	-1.49509e+06
951	0.335908	-1.46841e+06
952	0.34896	-1.62294e+06
953	0.329779	-1.40731e+06
954	0.318115	-1.266e+06
955	0.324592	-1.38747e+06
956	0.327998	-1.40877e+06
957	0.336068	-1.47391e+06
958	0.344295	-1.56277e+06
959	0.352318	-1.66948e+06
960	0.336908	-1.4482e+06
961	0.330368	-1.44595e+06
962	0.321408	-1.32233e+06
963	0.334121	-1.41718e+06
964	0.340697	-1.51233e+06
965	0.318655	-1.32393e+06
966	0.332882	-1.41984e+06
967	0.333892	-1.42757e+06
968	0.34894	-1.52875e+06
969	0.343191	-1.52236e+06
970	0.338493	-1.4623e+06
971	0.344259	-1.54369e+06
972	0.339863	-1.45596e+06
973	0.328842	-1.37398e+06
974	0.344155	-1.53719e+06
975	0.322993	-1.31936e+06
976	0.342457	-1.54705e+06
977	0.328783	-1.39209e+06
978	0.351356	-1.58014e+06
979	0.345676	-1.50123e+06
980	0.33444	-1.50263e+06
981	0.340731	-1.47448e+06
982	0.331356	-1.43143e+06
983	0.326484	-1.39435e+06
984	0.337658	-1.45796e+06
985	0.339064	-1.52517e+06
986	0.335534	-1.43363e+06
987	0.338261	-1.47883e+06
988	0.35014	-1.56213e+06
989	0.32251	-1.34277e+06
990	0.333998	-1.45722e+06
991	0.35455	-1.66351e+06
992	0.330035	-1.41231e+06
993	0.326916	-1.46123e+06
994	0.319319	-1.28353e+06
995	0.337549	-1.49496e+06
996	0.330673	-1.39289e+06
997	0.338737	-1.49404e+06
998	0.353492	-1.59874e+06
999	0.334225	-1.36993e+06
