0	0.335603	-1.46069e+06
1	0.339142	-1.44471e+06
2	0.350718	-1.59095e+06
3	0.337814	-1.5556e+06
4	0.352351	-1.60034e+06
5	0.360722	-1.69573e+06
6	0.338066	-1.48862e+06
7	0.340077	-1.51486e+06
8	0.354559	-1.55701e+06
9	0.351897	-1.59241e+06
10	0.349227	-1.59203e+06
11	0.354571	-1.58834e+06
12	0.344661	-1.49564e+06
13	0.344568	-1.5206e+06
14	0.345458	-1.55369e+06
15	0.337049	-1.51807e+06
16	0.350031	-1.55299e+06
17	0.341909	-1.47386e+06
18	0.339924	-1.52004e+06
19	0.351296	-1.57071e+06
20	0.356973	-1.60911e+06
21	0.346394	-1.59417e+06
22	0.34284	-1.5559e+06
23	0.339036	-1.53114e+06
24	0.341718	-1.57071e+06
25	0.343573	-1.48366e+06
26	0.347501	-1.62047e+06
27	0.335868	-1.50185e+06
28	0.349139	-1.60147e+06
29	0.34917	-1.54965e+06
30	0.350832	-1.66654e+06
31	0.349025	-1.55869e+06
32	0.360336	-1.66415e+06
33	0.330495	-1.44887e+06
34	0.342339	-1.5098e+06
35	0.350988	-1.56189e+06
36	0.346293	-1.59421e+06
37	0.33588	-1.50804e+06
38	0.353603	-1.63129e+06
39	0.351055	-1.61283e+06
40	0.340386	-1.4823e+06
41	0.351742	-1.61225e+06
42	0.34336	-1.51323e+06
43	0.342002	-1.55511e+06
44	0.351722	-1.57148e+06
45	0.340158	-1.52568e+06
46	0.353557	-1.62619e+06
47	0.347938	-1.57888e+06
48	0.342629	-1.57347e+06
49	0.363238	-1.71173e+06
50	0.321539	-1.30093e+06
51	0.341405	-1.53419e+06
52	0.351337	-1.64054e+06
53	0.367454	-1.76228e+06
54	0.342288	-1.49892e+06
55	0.331662	-1.44328e+06
56	0.350213	-1.61696e+06
57	0.348897	-1.57271e+06
58	0.347188	-1.58645e+06
59	0.337326	-1.46926e+06
60	0.334208	-1.4307e+06
61	0.326542	-1.39741e+06
62	0.339363	-1.51015e+06
63	0.337456	-1.40462e+06
64	0.360139	-1.64838e+06
65	0.35293	-1.61931e+06
66	0.350877	-1.59991e+06
67	0.341099	-1.52309e+06
68	0.365915	-1.75286e+06
69	0.341038	-1.49995e+06
70	0.34206	-1.47909e+06
71	0.355202	-1.69828e+06
72	0.349947	-1.63896e+06
73	0.358662	-1.6495e+06
74	0.348439	-1.51917e+06
75	0.35278	-1.65185e+06
76	0.33978	-1.52327e+06
77	0.340763	-1.48586e+06
78	0.35364	-1.61913e+06
79	0.35073	-1.59741e+06
80	0.356103	-1.63865e+06
81	0.342047	-1.51729e+06
82	0.368496	-1.81297e+06
83	0.344691	-1.54805e+06
84	0.328692	-1.37631e+06
85	0.351704	-1.61772e+06
86	0.355736	-1.64209e+06
87	0.339253	-1.46106e+06
88	0.347002	-1.56928e+06
89	0.360068	-1.74024e+06
90	0.358546	-1.70683e+06
91	0.352407	-1.60235e+06
92	0.337742	-1.47122e+06
93	0.347839	-1.55924e+06
94	0.344843	-1.53395e+06
95	0.340171	-1.51415e+06
96	0.349496	-1.53135e+06
97	0.343245	-1.51933e+06
98	0.350757	-1.60602e+06
99	0.352773	-1.61837e+06
100	0.341469	-1.5536e+06
101	0.346188	-1.59151e+06
102	0.339406	-1.51468e+06
103	0.34823	-1.63477e+06
104	0.344886	-1.59436e+06
105	0.345488	-1.5264e+06
106	0.351725	-1.62597e+06
107	0.35407	-1.66135e+06
108	0.350069	-1.5776e+06
109	0.344647	-1.6245e+06
110	0.345682	-1.54625e+06
111	0.352865	-1.6108e+06
112	0.336963	-1.47773e+06
113	0.329886	-1.42552e+06
114	0.360813	-1.70004e+06
115	0.347373	-1.55228e+06
116	0.34953	-1.57102e+06
117	0.34529	-1.51348e+06
118	0.341231	-1.564e+06
119	0.34743	-1.55848e+06
120	0.330101	-1.37721e+06
121	0.353612	-1.67274e+06
122	0.336795	-1.5016e+06
123	0.349455	-1.62937e+06
124	0.357929	-1.65803e+06
125	0.341791	-1.49491e+06
126	0.341633	-1.53122e+06
127	0.340001	-1.48985e+06
128	0.352372	-1.6147e+06
129	0.347957	-1.5389e+06
130	0.349295	-1.52027e+06
131	0.342358	-1.50576e+06
132	0.342968	-1.54586e+06
133	0.342256	-1.49758e+06
134	0.346442	-1.61498e+06
135	0.340213	-1.50485e+06
136	0.338688	-1.51368e+06
137	0.346773	-1.59223e+06
138	0.344494	-1.56768e+06
139	0.33291	-1.43143e+06
140	0.329162	-1.44275e+06
141	0.369516	-1.82005e+06
142	0.346949	-1.58337e+06
143	0.357236	-1.66179e+06
144	0.350257	-1.59144e+06
145	0.355686	-1.65794e+06
146	0.341287	-1.48416e+06
147	0.347771	-1.60577e+06
148	0.359996	-1.70037e+06
149	0.333937	-1.42167e+06
150	0.336222	-1.46093e+06
151	0.34316	-1.5932e+06
152	0.355163	-1.62683e+06
153	0.347192	-1.54828e+06
154	0.3488	-1.57464e+06
155	0.340603	-1.52295e+06
156	0.349714	-1.58329e+06
157	0.337351	-1.47554e+06
158	0.33994	-1.39175e+06
159	0.342042	-1.50332e+06
160	0.349569	-1.60122e+06
161	0.356922	-1.66431e+06
162	0.347684	-1.49525e+06
163	0.354606	-1.64791e+06
164	0.348574	-1.58766e+06
165	0.346396	-1.59778e+06
166	0.349392	-1.60655e+06
167	0.356883	-1.65659e+06
168	0.342769	-1.53887e+06
169	0.341705	-1.50973e+06
170	0.340013	-1.48545e+06
171	0.341436	-1.50033e+06
172	0.341807	-1.54953e+06
173	0.345995	-1.57866e+06
174	0.335069	-1.44128e+06
175	0.35936	-1.70056e+06
176	0.345039	-1.50067e+06
177	0.339577	-1.50891e+06
178	0.34789	-1.55079e+06
179	0.345196	-1.52759e+06
180	0.338155	-1.48881e+06
181	0.329249	-1.42067e+06
182	0.32714	-1.39025e+06
183	0.344139	-1.5521e+06
184	0.354509	-1.61998e+06
185	0.348072	-1.51974e+06
186	0.336625	-1.47752e+06
187	0.34042	-1.52161e+06
188	0.333421	-1.41102e+06
189	0.349246	-1.55237e+06
190	0.346079	-1.56567e+06
191	0.349738	-1.59941e+06
192	0.352532	-1.60699e+06
193	0.34699	-1.53022e+06
194	0.349263	-1.68006e+06
195	0.35518	-1.62508e+06
196	0.352108	-1.62024e+06
197	0.346459	-1.5845e+06
198	0.345695	-1.54149e+06
199	0.334035	-1.38758e+06
200	0.339361	-1.502e+06
201	0.355246	-1.62743e+06
202	0.34214	-1.53219e+06
203	0.322157	-1.4011e+06
204	0.34904	-1.55133e+06
205	0.340025	-1.5035e+06
206	0.347763	-1.52758e+06
207	0.361003	-1.71574e+06
208	0.361364	-1.68291e+06
209	0.336229	-1.47155e+06
210	0.328222	-1.40176e+06
211	0.353935	-1.63e+06
212	0.344952	-1.52951e+06
213	0.349986	-1.5959e+06
214	0.352046	-1.61427e+06
215	0.353816	-1.6569e+06
216	0.353737	-1.69072e+06
217	0.33436	-1.50006e+06
218	0.328514	-1.46679e+06
219	0.34583	-1.56885e+06
220	0.345267	-1.48652e+06
221	0.342719	-1.55799e+06
222	0.338312	-1.44708e+06
223	0.355666	-1.5907e+06
224	0.337254	-1.46942e+06
225	0.348637	-1.56693e+06
226	0.349248	-1.51871e+06
227	0.360901	-1.66289e+06
228	0.346621	-1.55054e+06
229	0.349062	-1.56798e+06
230	0.339144	-1.42796e+06
231	0.353212	-1.58753e+06
232	0.339068	-1.52725e+06
233	0.345912	-1.57725e+06
234	0.359846	-1.65729e+06
235	0.352224	-1.65896e+06
236	0.34013	-1.57327e+06
237	0.353567	-1.61164e+06
238	0.339462	-1.49184e+06
239	0.346121	-1.58396e+06
240	0.34211	-1.49839e+06
241	0.332538	-1.4249e+06
242	0.359383	-1.66261e+06
243	0.362803	-1.6588e+06
244	0.339308	-1.47444e+06
245	0.34552	-1.56394e+06
246	0.367601	-1.75228e+06
247	0.331934	-1.47045e+06
248	0.346298	-1.52036e+06
249	0.355638	-1.62236e+06
250	0.346553	-1.57742e+06
251	0.334174	-1.43888e+06
252	0.341073	-1.4571e+06
253	0.343552	-1.50962e+06
254	0.359067	-1.64496e+06
255	0.354716	-1.65557e+06
256	0.345294	-1.57152e+06
257	0.360293	-1.65987e+06
258	0.359749	-1.71255e+06
259	0.325546	-1.37702e+06
260	0.344667	-1.57044e+06
261	0.34475	-1.5215e+06
262	0.3278	-1.36527e+06
263	0.355636	-1.65848e+06
264	0.337537	-1.48415e+06
265	0.335467	-1.46401e+06
266	0.348886	-1.58953e+06
267	0.353022	-1.65557e+06
268	0.352051	-1.59456e+06
269	0.33497	-1.48331e+06
270	0.336869	-1.49982e+06
271	0.353276	-1.64443e+06
272	0.3519	-1.60997e+06
273	0.334743	-1.50903e+06
274	0.320883	-1.35468e+06
275	0.340855	-1.54235e+06
276	0.338499	-1.50923e+06
277	0.353577	-1.60215e+06
278	0.33681	-1.49524e+06
279	0.330277	-1.39641e+06
280	0.351982	-1.58164e+06
281	0.359151	-1.64052e+06
282	0.346886	-1.52092e+06
283	0.361429	-1.63746e+06
284	0.342315	-1.46381e+06
285	0.344103	-1.50216e+06
286	0.346882	-1.60386e+06
287	0.351975	-1.65086e+06
288	0.352832	-1.58616e+06
289	0.362613	-1.67117e+06
290	0.345041	-1.56313e+06
291	0.348718	-1.52179e+06
292	0.341489	-1.52044e+06
293	0.3526	-1.62848e+06
294	0.362949	-1.71148e+06
295	0.324944	-1.38298e+06
296	0.331589	-1.44887e+06
297	0.364382	-1.6895e+06
298	0.333815	-1.3986e+06
299	0.350816	-1.60981e+06
300	0.330689	-1.36173e+06
301	0.344497	-1.51171e+06
302	0.352723	-1.57896e+06
303	0.331581	-1.47342e+06
304	0.36155	-1.72945e+06
305	0.34492	-1.61196e+06
306	0.345378	-1.54714e+06
307	0.339324	-1.46265e+06
308	0.329118	-1.42341e+06
309	0.349644	-1.579e+06
310	0.350193	-1.51145e+06
311	0.325016	-1.29629e+06
312	0.346637	-1.53498e+06
313	0.333572	-1.45372e+06
314	0.335227	-1.45312e+06
315	0.36544	-1.73979e+06
316	0.345245	-1.59277e+06
317	0.3455	-1.55729e+06
318	0.358054	-1.63616e+06
319	0.360598	-1.71466e+06
320	0.358988	-1.65322e+06
321	0.36081	-1.69215e+06
322	0.343493	-1.57224e+06
323	0.357938	-1.60134e+06
324	0.344225	-1.57634e+06
325	0.339619	-1.51297e+06
326	0.343176	-1.58069e+06
327	0.345334	-1.59825e+06
328	0.354299	-1.59111e+06
329	0.335907	-1.47727e+06
330	0.357912	-1.68638e+06
331	0.335857	-1.4546e+06
332	0.363292	-1.66255e+06
333	0.34804	-1.57533e+06
334	0.335235	-1.48723e+06
335	0.324104	-1.36241e+06
336	0.337542	-1.47056e+06
337	0.377703	-1.82961e+06
338	0.353654	-1.61329e+06
339	0.336962	-1.49746e+06
340	0.357815	-1.64497e+06
341	0.354095	-1.60485e+06
342	0.335077	-1.39622e+06
343	0.343166	-1.56473e+06
344	0.347584	-1.54865e+06
345	0.351338	-1.61245e+06
346	0.338286	-1.42804e+06
347	0.349444	-1.62598e+06
348	0.343415	-1.54994e+06
349	0.348194	-1.57658e+06
350	0.348148	-1.55584e+06
351	0.364047	-1.73243e+06
352	0.343441	-1.55497e+06
353	0.35729	-1.63597e+06
354	0.354194	-1.64614e+06
355	0.347868	-1.62134e+06
356	0.34242	-1.50389e+06
357	0.354151	-1.6706e+06
358	0.341118	-1.48416e+06
359	0.340196	-1.48892e+06
360	0.357869	-1.63699e+06
361	0.34078	-1.50211e+06
362	0.308989	-1.21667e+06
363	0.34843	-1.5555e+06
364	0.344387	-1.63911e+06
365	0.336804	-1.5495e+06
366	0.365924	-1.71264e+06
367	0.341704	-1.50524e+06
368	0.343435	-1.56666e+06
369	0.33409	-1.43363e+06
370	0.347751	-1.54637e+06
371	0.347308	-1.56445e+06
372	0.340522	-1.49195e+06
373	0.373155	-1.76425e+06
374	0.3471	-1.60298e+06
375	0.340573	-1.53198e+06
376	0.359912	-1.70367e+06
377	0.340872	-1.52736e+06
378	0.33974	-1.48636e+06
379	0.350251	-1.52496e+06
380	0.357495	-1.69978e+06
381	0.353075	-1.5866e+06
382	0.350857	-1.61633e+06
383	0.323017	-1.38936e+06
384	0.354964	-1.64977e+06
385	0.340483	-1.52173e+06
386	0.343281	-1.52121e+06
387	0.334873	-1.46441e+06
388	0.330915	-1.46993e+06
389	0.331277	-1.42562e+06
390	0.330846	-1.37145e+06
391	0.328156	-1.36447e+06
392	0.347497	-1.53914e+06
393	0.35582	-1.63477e+06
394	0.344134	-1.54529e+06
395	0.342069	-1.55033e+06
396	0.328814	-1.36542e+06
397	0.351686	-1.66439e+06
398	0.339611	-1.5443e+06
399	0.343668	-1.52827e+06
400	0.334403	-1.49302e+06
401	0.350276	-1.62668e+06
402	0.343495	-1.49612e+06
403	0.336583	-1.4338e+06
404	0.335672	-1.48774e+06
405	0.349856	-1.58674e+06
406	0.339197	-1.50797e+06
407	0.345704	-1.48907e+06
408	0.336728	-1.51028e+06
409	0.360381	-1.66045e+06
410	0.356056	-1.62553e+06
411	0.351387	-1.62742e+06
412	0.333734	-1.43461e+06
413	0.327889	-1.36891e+06
414	0.351628	-1.62951e+06
415	0.32344	-1.38624e+06
416	0.329329	-1.37033e+06
417	0.360831	-1.70077e+06
418	0.340895	-1.49676e+06
419	0.346813	-1.59302e+06
420	0.329274	-1.45457e+06
421	0.3363	-1.43596e+06
422	0.343774	-1.57767e+06
423	0.35047	-1.59984e+06
424	0.355649	-1.61241e+06
425	0.348246	-1.54058e+06
426	0.346473	-1.52142e+06
427	0.337641	-1.50306e+06
428	0.35066	-1.5412e+06
429	0.34391	-1.44924e+06
430	0.338423	-1.52314e+06
431	0.339562	-1.51069e+06
432	0.344806	-1.56595e+06
433	0.330667	-1.40328e+06
434	0.360647	-1.67176e+06
435	0.347687	-1.56052e+06
436	0.344383	-1.54993e+06
437	0.323561	-1.36408e+06
438	0.336541	-1.4391e+06
439	0.351721	-1.58596e+06
440	0.343506	-1.5845e+06
441	0.347843	-1.61575e+06
442	0.341949	-1.51124e+06
443	0.350423	-1.5612e+06
444	0.362436	-1.76677e+06
445	0.363493	-1.77061e+06
446	0.368683	-1.69146e+06
447	0.357062	-1.65891e+06
448	0.339684	-1.56102e+06
449	0.351039	-1.65669e+06
450	0.333873	-1.38322e+06
451	0.357762	-1.66952e+06
452	0.353373	-1.62724e+06
453	0.340199	-1.54671e+06
454	0.353628	-1.65114e+06
455	0.365609	-1.75299e+06
456	0.33562	-1.45315e+06
457	0.337559	-1.46409e+06
458	0.347913	-1.59375e+06
459	0.339355	-1.51229e+06
460	0.351882	-1.62828e+06
461	0.356574	-1.66724e+06
462	0.337298	-1.50167e+06
463	0.334973	-1.42499e+06
464	0.35495	-1.61918e+06
465	0.334454	-1.43305e+06
466	0.352467	-1.60058e+06
467	0.345561	-1.54304e+06
468	0.34126	-1.50299e+06
469	0.346149	-1.56576e+06
470	0.352039	-1.64642e+06
471	0.347903	-1.53929e+06
472	0.330129	-1.43853e+06
473	0.328147	-1.40701e+06
474	0.359614	-1.65365e+06
475	0.344802	-1.50696e+06
476	0.354818	-1.6591e+06
477	0.347963	-1.62827e+06
478	0.321395	-1.33284e+06
479	0.327742	-1.42652e+06
480	0.367711	-1.74568e+06
481	0.360859	-1.67426e+06
482	0.340439	-1.49364e+06
483	0.360044	-1.72363e+06
484	0.338674	-1.49458e+06
485	0.330984	-1.39768e+06
486	0.353276	-1.62258e+06
487	0.348616	-1.55558e+06
488	0.343938	-1.54553e+06
489	0.340816	-1.47076e+06
490	0.340064	-1.48731e+06
491	0.353003	-1.64236e+06
492	0.34798	-1.5602e+06
493	0.340691	-1.53509e+06
494	0.336755	-1.43902e+06
495	0.343755	-1.52353e+06
496	0.343688	-1.54294e+06
497	0.33546	-1.40801e+06
498	0.353354	-1.65781e+06
499	0.341417	-1.51551e+06
500	0.339447	-1.50238e+06
501	0.358423	-1.58757e+06
502	0.341501	-1.48977e+06
503	0.343972	-1.54097e+06
504	0.34148	-1.44376e+06
505	0.353573	-1.57014e+06
506	0.371207	-1.78465e+06
507	0.337024	-1.44626e+06
508	0.341385	-1.51274e+06
509	0.331018	-1.39429e+06
510	0.326469	-1.40091e+06
511	0.351751	-1.60637e+06
512	0.343327	-1.51277e+06
513	0.341514	-1.49312e+06
514	0.347456	-1.53401e+06
515	0.339914	-1.49295e+06
516	0.357039	-1.635e+06
517	0.347918	-1.5985e+06
518	0.330612	-1.43278e+06
519	0.347253	-1.54607e+06
520	0.350121	-1.56119e+06
521	0.343436	-1.54732e+06
522	0.341861	-1.52811e+06
523	0.348112	-1.52195e+06
524	0.338012	-1.5039e+06
525	0.328953	-1.44216e+06
526	0.347607	-1.59802e+06
527	0.359774	-1.68891e+06
528	0.363297	-1.68263e+06
529	0.347499	-1.55906e+06
530	0.326059	-1.36682e+06
531	0.342177	-1.49545e+06
532	0.325614	-1.29928e+06
533	0.3556	-1.59704e+06
534	0.336564	-1.45757e+06
535	0.34731	-1.6143e+06
536	0.335163	-1.48654e+06
537	0.354129	-1.58827e+06
538	0.351703	-1.61016e+06
539	0.368616	-1.79423e+06
540	0.349879	-1.63671e+06
541	0.347002	-1.55552e+06
542	0.333239	-1.41487e+06
543	0.341916	-1.49373e+06
544	0.363582	-1.68051e+06
545	0.35406	-1.6731e+06
546	0.333768	-1.45631e+06
547	0.333589	-1.39726e+06
548	0.335107	-1.48139e+06
549	0.349689	-1.63757e+06
550	0.337857	-1.44834e+06
551	0.332697	-1.41772e+06
552	0.350727	-1.61421e+06
553	0.348987	-1.52535e+06
554	0.350597	-1.58814e+06
555	0.356995	-1.61523e+06
556	0.340085	-1.50494e+06
557	0.363875	-1.76386e+06
558	0.341125	-1.50704e+06
559	0.333421	-1.43894e+06
560	0.338335	-1.48276e+06
561	0.342379	-1.5829e+06
562	0.349804	-1.62457e+06
563	0.348428	-1.61076e+06
564	0.340693	-1.49441e+06
565	0.336855	-1.48878e+06
566	0.348046	-1.59993e+06
567	0.337996	-1.51987e+06
568	0.345808	-1.54842e+06
569	0.35694	-1.63201e+06
570	0.356041	-1.65991e+06
571	0.338955	-1.52691e+06
572	0.34948	-1.58372e+06
573	0.332633	-1.40799e+06
574	0.348085	-1.56503e+06
575	0.378037	-1.86687e+06
576	0.342816	-1.51482e+06
577	0.355656	-1.63182e+06
578	0.317012	-1.30679e+06
579	0.321553	-1.29096e+06
580	0.356495	-1.63769e+06
581	0.336424	-1.45738e+06
582	0.357659	-1.68488e+06
583	0.344526	-1.57546e+06
584	0.334501	-1.42148e+06
585	0.34451	-1.5572e+06
586	0.344398	-1.51742e+06
587	0.343774	-1.56129e+06
588	0.353551	-1.65576e+06
589	0.370891	-1.773e+06
590	0.331054	-1.38956e+06
591	0.345377	-1.55975e+06
592	0.336245	-1.47005e+06
593	0.336723	-1.48966e+06
594	0.349845	-1.58742e+06
595	0.351284	-1.61619e+06
596	0.347697	-1.55347e+06
597	0.348454	-1.56605e+06
598	0.349459	-1.60569e+06
599	0.343679	-1.50586e+06
600	0.356727	-1.61717e+06
601	0.356111	-1.60092e+06
602	0.338519	-1.48849e+06
603	0.336755	-1.4644e+06
604	0.346504	-1.52003e+06
605	0.328565	-1.39836e+06
606	0.338805	-1.43068e+06
607	0.351356	-1.56842e+06
608	0.343679	-1.50691e+06
609	0.34358	-1.52663e+06
610	0.348864	-1.58839e+06
611	0.328043	-1.4715e+06
612	0.31744	-1.31848e+06
613	0.336819	-1.49156e+06
614	0.345163	-1.56563e+06
615	0.330958	-1.41002e+06
616	0.355464	-1.63336e+06
617	0.340595	-1.51724e+06
618	0.354357	-1.61881e+06
619	0.358259	-1.66179e+06
620	0.348892	-1.61093e+06
621	0.363267	-1.73838e+06
622	0.349694	-1.58338e+06
623	0.347576	-1.61347e+06
624	0.349101	-1.55263e+06
625	0.329389	-1.39897e+06
626	0.346471	-1.53842e+06
627	0.340698	-1.46386e+06
628	0.319651	-1.39748e+06
629	0.327184	-1.37295e+06
630	0.370348	-1.74919e+06
631	0.350032	-1.66975e+06
632	0.355816	-1.67157e+06
633	0.347034	-1.49247e+06
634	0.359029	-1.67429e+06
635	0.343265	-1.48927e+06
636	0.338278	-1.49411e+06
637	0.351771	-1.63223e+06
638	0.354786	-1.67248e+06
639	0.345848	-1.57515e+06
640	0.356776	-1.522e+06
641	0.351212	-1.61325e+06
642	0.351697	-1.62638e+06
643	0.353911	-1.56283e+06
644	0.336153	-1.447e+06
645	0.335488	-1.41515e+06
646	0.346491	-1.58797e+06
647	0.350403	-1.58468e+06
648	0.343409	-1.52891e+06
649	0.345565	-1.53197e+06
650	0.345853	-1.52111e+06
651	0.346226	-1.55252e+06
652	0.345899	-1.59352e+06
653	0.356544	-1.71655e+06
654	0.335856	-1.4318e+06
655	0.339265	-1.44812e+06
656	0.343481	-1.51474e+06
657	0.356918	-1.6329e+06
658	0.330087	-1.45336e+06
659	0.34119	-1.48796e+06
660	0.368191	-1.79225e+06
661	0.356021	-1.63251e+06
662	0.346684	-1.52322e+06
663	0.33729	-1.46565e+06
664	0.360839	-1.67509e+06
665	0.35885	-1.68474e+06
666	0.331401	-1.48311e+06
667	0.349743	-1.55544e+06
668	0.347074	-1.53723e+06
669	0.342911	-1.48052e+06
670	0.343335	-1.53395e+06
671	0.349601	-1.53234e+06
672	0.353512	-1.61751e+06
673	0.342526	-1.49747e+06
674	0.347006	-1.58177e+06
675	0.341959	-1.52058e+06
676	0.351682	-1.65107e+06
677	0.343599	-1.54108e+06
678	0.348897	-1.60139e+06
679	0.343864	-1.50493e+06
680	0.328943	-1.39924e+06
681	0.343665	-1.57575e+06
682	0.364086	-1.76474e+06
683	0.347014	-1.54635e+06
684	0.35467	-1.66194e+06
685	0.335031	-1.44494e+06
686	0.351532	-1.61068e+06
687	0.330052	-1.39733e+06
688	0.346483	-1.56018e+06
689	0.337029	-1.46292e+06
690	0.331061	-1.39857e+06
691	0.356683	-1.67277e+06
692	0.343166	-1.52885e+06
693	0.336663	-1.47719e+06
694	0.358672	-1.67773e+06
695	0.357487	-1.67741e+06
696	0.334215	-1.44182e+06
697	0.355875	-1.68312e+06
698	0.367468	-1.79523e+06
699	0.352035	-1.64783e+06
700	0.340485	-1.5623e+06
701	0.344868	-1.54929e+06
702	0.335113	-1.41189e+06
703	0.329939	-1.40566e+06
704	0.343403	-1.53342e+06
705	0.337575	-1.53694e+06
706	0.369525	-1.73078e+06
707	0.341294	-1.47845e+06
708	0.339375	-1.4638e+06
709	0.34565	-1.59072e+06
710	0.35449	-1.63808e+06
711	0.358027	-1.64867e+06
712	0.361106	-1.67573e+06
713	0.347742	-1.6242e+06
714	0.350254	-1.59958e+06
715	0.342856	-1.52077e+06
716	0.357489	-1.67369e+06
717	0.349496	-1.52483e+06
718	0.344404	-1.51608e+06
719	0.346044	-1.56366e+06
720	0.33987	-1.46181e+06
721	0.342746	-1.49695e+06
722	0.346685	-1.52842e+06
723	0.354002	-1.59846e+06
724	0.351099	-1.62044e+06
725	0.334056	-1.41149e+06
726	0.326284	-1.39712e+06
727	0.339689	-1.51389e+06
728	0.354031	-1.63181e+06
729	0.348152	-1.58027e+06
730	0.363598	-1.72473e+06
731	0.361823	-1.71333e+06
732	0.350574	-1.57112e+06
733	0.361537	-1.69269e+06
734	0.321454	-1.36342e+06
735	0.347513	-1.56051e+06
736	0.342494	-1.52679e+06
737	0.355231	-1.67367e+06
738	0.348427	-1.58366e+06
739	0.360854	-1.68645e+06
740	0.355056	-1.57228e+06
741	0.361489	-1.71962e+06
742	0.342535	-1.52556e+06
743	0.345712	-1.4968e+06
744	0.360713	-1.64923e+06
745	0.337322	-1.4771e+06
746	0.34338	-1.56984e+06
747	0.357837	-1.63275e+06
748	0.330552	-1.41922e+06
749	0.342992	-1.53143e+06
750	0.357764	-1.65153e+06
751	0.332742	-1.42751e+06
752	0.343505	-1.50075e+06
753	0.335659	-1.48945e+06
754	0.348354	-1.63788e+06
755	0.33279	-1.41487e+06
756	0.343259	-1.52811e+06
757	0.3277	-1.34415e+06
758	0.34971	-1.54211e+06
759	0.354536	-1.6108e+06
760	0.341114	-1.49729e+06
761	0.345489	-1.51039e+06
762	0.352819	-1.66672e+06
763	0.341921	-1.54174e+06
764	0.336993	-1.40622e+06
765	0.32818	-1.37214e+06
766	0.336159	-1.46638e+06
767	0.342136	-1.46069e+06
768	0.324624	-1.40884e+06
769	0.344477	-1.54647e+06
770	0.339347	-1.47673e+06
771	0.356693	-1.63129e+06
772	0.344149	-1.56873e+06
773	0.3568	-1.67512e+06
774	0.360456	-1.68339e+06
775	0.351207	-1.51205e+06
776	0.353228	-1.56251e+06
777	0.352044	-1.64054e+06
778	0.339544	-1.49976e+06
779	0.368873	-1.74781e+06
780	0.34991	-1.66714e+06
781	0.330831	-1.46451e+06
782	0.341241	-1.47904e+06
783	0.33745	-1.48519e+06
784	0.36373	-1.78386e+06
785	0.359397	-1.67276e+06
786	0.346897	-1.51541e+06
787	0.345478	-1.52409e+06
788	0.338966	-1.514e+06
789	0.340846	-1.52263e+06
790	0.341541	-1.56701e+06
791	0.345081	-1.61427e+06
792	0.351551	-1.56208e+06
793	0.340053	-1.49402e+06
794	0.341318	-1.55434e+06
795	0.327071	-1.38805e+06
796	0.354819	-1.56805e+06
797	0.342529	-1.53258e+06
798	0.344249	-1.54039e+06
799	0.336583	-1.48308e+06
800	0.337165	-1.51467e+06
801	0.342886	-1.55076e+06
802	0.338513	-1.50496e+06
803	0.35389	-1.56865e+06
804	0.34043	-1.55525e+06
805	0.331331	-1.46887e+06
806	0.352176	-1.64837e+06
807	0.361723	-1.73502e+06
808	0.338737	-1.50432e+06
809	0.356762	-1.68781e+06
810	0.337242	-1.46848e+06
811	0.348615	-1.554e+06
812	0.346313	-1.58919e+06
813	0.330735	-1.40091e+06
814	0.358428	-1.64365e+06
815	0.343537	-1.52038e+06
816	0.344368	-1.54783e+06
817	0.349085	-1.53309e+06
818	0.349784	-1.61186e+06
819	0.364535	-1.72707e+06
820	0.341304	-1.48795e+06
821	0.344342	-1.52705e+06
822	0.358859	-1.67361e+06
823	0.351973	-1.62227e+06
824	0.359245	-1.66061e+06
825	0.354884	-1.61951e+06
826	0.368194	-1.77272e+06
827	0.355634	-1.65948e+06
828	0.354215	-1.62808e+06
829	0.355416	-1.63222e+06
830	0.349519	-1.54417e+06
831	0.340618	-1.52335e+06
832	0.332651	-1.44851e+06
833	0.351068	-1.63957e+06
834	0.341013	-1.46908e+06
835	0.328396	-1.39242e+06
836	0.335606	-1.40477e+06
837	0.351713	-1.61167e+06
838	0.313787	-1.34405e+06
839	0.358405	-1.61116e+06
840	0.330634	-1.39203e+06
841	0.345355	-1.50944e+06
842	0.344111	-1.57813e+06
843	0.347749	-1.62848e+06
844	0.331101	-1.4575e+06
845	0.348133	-1.54486e+06
846	0.336067	-1.44101e+06
847	0.357159	-1.71242e+06
848	0.332514	-1.44789e+06
849	0.355206	-1.65142e+06
850	0.349195	-1.61965e+06
851	0.349502	-1.57491e+06
852	0.346257	-1.55735e+06
853	0.342917	-1.49715e+06
854	0.332657	-1.46064e+06
855	0.343704	-1.47309e+06
856	0.360082	-1.71667e+06
857	0.331758	-1.41071e+06
858	0.33915	-1.46298e+06
859	0.351431	-1.58726e+06
860	0.334425	-1.41341e+06
861	0.347505	-1.57442e+06
862	0.356363	-1.70741e+06
863	0.363348	-1.74487e+06
864	0.349495	-1.61483e+06
865	0.346385	-1.60407e+06
866	0.338892	-1.51731e+06
867	0.337347	-1.43619e+06
868	0.319388	-1.28025e+06
869	0.341358	-1.5469e+06
870	0.353048	-1.65449e+06
871	0.330936	-1.44964e+06
872	0.349198	-1.5907e+06
873	0.355296	-1.5734e+06
874	0.33733	-1.51351e+06
875	0.337462	-1.50669e+06
876	0.363689	-1.72845e+06
877	0.352996	-1.6678e+06
878	0.351937	-1.59071e+06
879	0.34256	-1.53503e+06
880	0.352039	-1.62242e+06
881	0.335337	-1.4295e+06
882	0.35672	-1.68669e+06
883	0.351625	-1.62617e+06
884	0.357452	-1.67667e+06
885	0.340707	-1.55107e+06
886	0.363882	-1.7371e+06
887	0.34085	-1.50157e+06
888	0.381189	-1.87303e+06
889	0.364177	-1.67172e+06
890	0.339092	-1.52696e+06
891	0.342336	-1.52238e+06
892	0.336933	-1.48971e+06
893	0.356968	-1.60181e+06
894	0.350187	-1.60665e+06
895	0.347422	-1.53737e+06
896	0.348469	-1.56135e+06
897	0.336043	-1.48144e+06
898	0.35348	-1.59733e+06
899	0.353771	-1.57373e+06
900	0.34867	-1.57516e+06
901	0.349895	-1.50692e+06
902	0.349669	-1.58918e+06
903	0.338818	-1.5061e+06
904	0.342686	-1.53268e+06
905	0.339389	-1.53289e+06
906	0.333267	-1.4433e+06
907	0.349391	-1.54907e+06
908	0.341698	-1.53985e+06
909	0.332434	-1.45267e+06
910	0.348195	-1.56104e+06
911	0.347844	-1.57276e+06
912	0.336171	-1.52991e+06
913	0.343329	-1.52137e+06
914	0.346516	-1.56973e+06
915	0.358059	-1.68016e+06
916	0.334989	-1.44487e+06
917	0.338497	-1.50036e+06
918	0.335772	-1.40958e+06
919	0.353858	-1.63502e+06
920	0.329007	-1.44173e+06
921	0.34322	-1.60027e+06
922	0.337735	-1.48305e+06
923	0.349925	-1.61684e+06
924	0.359408	-1.62065e+06
925	0.350337	-1.61551e+06
926	0.344513	-1.54294e+06
927	0.352859	-1.63798e+06
928	0.345544	-1.53935e+06
929	0.348482	-1.60926e+06
930	0.348034	-1.57926e+06
931	0.342203	-1.49919e+06
932	0.351159	-1.60155e+06
933	0.339905	-1.5084e+06
934	0.331961	-1.50639e+06
935	0.345193	-1.53516e+06
936	0.337097	-1.5145e+06
937	0.334009	-1.39526e+06
938	0.350365	-1.59625e+06
939	0.335339	-1.43336e+06
940	0.340556	-1.46465e+06
941	0.365108	-1.76555e+06
942	0.335344	-1.45878e+06
943	0.325418	-1.34929e+06
944	0.349386	-1.58797e+06
945	0.350074	-1.63413e+06
946	0.355767	-1.73719e+06
947	0.34572	-1.59706e+06
948	0.346109	-1.52702e+06
949	0.341809	-1.48361e+06
950	0.354169	-1.57716e+06
951	0.344678	-1.49933e+06
952	0.356703	-1.56954e+06
953	0.34247	-1.47646e+06
954	0.349488	-1.625e+06
955	0.343505	-1.51311e+06
956	0.358953	-1.64097e+06
957	0.358598	-1.7113e+06
958	0.343174	-1.57056e+06
959	0.331359	-1.44014e+06
960	0.343003	-1.54822e+06
961	0.329628	-1.41108e+06
962	0.332233	-1.45655e+06
963	0.347169	-1.55909e+06
964	0.331581	-1.41235e+06
965	0.362769	-1.68993e+06
966	0.358549	-1.68699e+06
967	0.334644	-1.48876e+06
968	0.334677	-1.41405e+06
969	0.353551	-1.61859e+06
970	0.3688	-1.72484e+06
971	0.346134	-1.50641e+06
972	0.368302	-1.75327e+06
973	0.345226	-1.51301e+06
974	0.351835	-1.56369e+06
975	0.352652	-1.63795e+06
976	0.349169	-1.61902e+06
977	0.351774	-1.59544e+06
978	0.353534	-1.61129e+06
979	0.351865	-1.5978e+06
980	0.355706	-1.65579e+06
981	0.346814	-1.49534e+06
982	0.340648	-1.46231e+06
983	0.337457	-1.49876e+06
984	0.331786	-1.44967e+06
985	0.350192	-1.59217e+06
986	0.343509	-1.51488e+06
987	0.362518	-1.71607e+06
988	0.350296	-1.5368e+06
989	0.340102	-1.50986e+06
990	0.347181	-1.58276e+06
991	0.33901	-1.43485e+06
992	0.328425	-1.38461e+06
993	0.342866	-1.55648e+06
994	0.332777	-1.50363e+06
995	0.355711	-1.6256e+06
996	0.344973	-1.57551e+06
997	0.330503	-1.45895e+06
998	0.357295	-1.66302e+06
999	0.335239	-1.41341e+06
