0	0.352308	-1.58662e+06
1	0.350329	-1.53318e+06
2	0.352807	-1.67418e+06
3	0.339646	-1.54654e+06
4	0.320841	-1.37854e+06
5	0.341797	-1.49886e+06
6	0.334166	-1.44706e+06
7	0.341912	-1.53993e+06
8	0.336218	-1.40214e+06
9	0.358318	-1.71905e+06
10	0.354169	-1.57583e+06
11	0.361686	-1.7244e+06
12	0.337699	-1.45574e+06
13	0.34271	-1.48029e+06
14	0.331234	-1.42735e+06
15	0.335534	-1.46892e+06
16	0.333313	-1.4759e+06
17	0.347534	-1.57626e+06
18	0.322848	-1.3677e+06
19	0.327311	-1.41231e+06
20	0.345405	-1.55615e+06
21	0.336948	-1.56749e+06
22	0.344405	-1.52689e+06
23	0.324614	-1.34459e+06
24	0.327313	-1.43098e+06
25	0.339827	-1.47779e+06
26	0.328562	-1.37785e+06
27	0.335292	-1.45367e+06
28	0.350077	-1.59529e+06
29	0.336923	-1.49836e+06
30	0.347895	-1.58016e+06
31	0.349626	-1.59353e+06
32	0.346933	-1.58092e+06
33	0.336983	-1.48202e+06
34	0.336608	-1.47622e+06
35	0.33527	-1.42159e+06
36	0.344458	-1.54792e+06
37	0.326798	-1.30107e+06
38	0.338148	-1.53797e+06
39	0.336454	-1.50185e+06
40	0.335815	-1.41936e+06
41	0.346241	-1.5273e+06
42	0.33995	-1.51903e+06
43	0.34552	-1.51879e+06
44	0.34038	-1.46211e+06
45	0.336535	-1.48672e+06
46	0.370569	-1.83137e+06
47	0.338957	-1.48157e+06
48	0.332053	-1.45632e+06
49	0.329232	-1.40696e+06
50	0.344986	-1.5508e+06
51	0.344547	-1.53993e+06
52	0.337346	-1.46093e+06
53	0.338501	-1.46307e+06
54	0.347793	-1.64152e+06
55	0.343505	-1.52335e+06
56	0.346651	-1.61047e+06
57	0.33468	-1.42376e+06
58	0.329869	-1.40297e+06
59	0.334622	-1.44422e+06
60	0.336831	-1.48599e+06
61	0.34599	-1.52405e+06
62	0.326557	-1.32664e+06
63	0.326093	-1.38408e+06
64	0.330589	-1.49818e+06
65	0.361775	-1.60194e+06
66	0.335358	-1.48105e+06
67	0.335987	-1.42845e+06
68	0.32723	-1.37174e+06
69	0.325067	-1.37842e+06
70	0.347298	-1.56213e+06
71	0.341261	-1.49722e+06
72	0.342295	-1.53598e+06
73	0.33627	-1.44543e+06
74	0.345881	-1.55114e+06
75	0.337799	-1.51525e+06
76	0.309492	-1.28118e+06
77	0.327233	-1.36246e+06
78	0.336261	-1.48178e+06
79	0.341626	-1.49643e+06
80	0.343204	-1.53013e+06
81	0.339545	-1.49826e+06
82	0.332686	-1.43933e+06
83	0.341156	-1.53728e+06
84	0.346842	-1.57995e+06
85	0.32881	-1.36604e+06
86	0.33625	-1.43058e+06
87	0.352217	-1.60779e+06
88	0.356432	-1.59725e+06
89	0.346296	-1.52762e+06
90	0.329387	-1.43847e+06
91	0.356082	-1.68655e+06
92	0.318996	-1.34677e+06
93	0.337682	-1.53758e+06
94	0.326664	-1.36487e+06
95	0.353938	-1.62796e+06
96	0.326996	-1.40717e+06
97	0.332124	-1.42644e+06
98	0.351922	-1.58167e+06
99	0.331967	-1.40066e+06
100	0.330239	-1.36529e+06
101	0.349323	-1.57943e+06
102	0.341339	-1.52883e+06
103	0.335494	-1.45008e+06
104	0.346059	-1.49684e+06
105	0.335995	-1.45142e+06
106	0.336018	-1.51219e+06
107	0.338569	-1.48983e+06
108	0.340268	-1.47746e+06
109	0.336695	-1.44787e+06
110	0.321104	-1.34081e+06
111	0.351936	-1.57634e+06
112	0.360167	-1.72557e+06
113	0.337718	-1.50322e+06
114	0.340589	-1.49629e+06
115	0.342866	-1.54512e+06
116	0.324798	-1.30956e+06
117	0.342313	-1.49486e+06
118	0.329332	-1.4071e+06
119	0.329524	-1.42801e+06
120	0.330595	-1.3995e+06
121	0.337112	-1.49445e+06
122	0.350779	-1.60477e+06
123	0.361066	-1.71646e+06
124	0.338225	-1.47021e+06
125	0.334009	-1.47655e+06
126	0.328802	-1.38158e+06
127	0.327828	-1.38764e+06
128	0.34256	-1.53308e+06
129	0.33072	-1.40175e+06
130	0.339116	-1.45291e+06
131	0.369061	-1.7239e+06
132	0.33485	-1.45149e+06
133	0.357886	-1.65244e+06
134	0.332761	-1.40522e+06
135	0.344419	-1.52751e+06
136	0.345419	-1.52249e+06
137	0.321646	-1.32801e+06
138	0.345261	-1.54427e+06
139	0.354167	-1.63431e+06
140	0.352226	-1.60658e+06
141	0.341417	-1.52237e+06
142	0.341178	-1.5155e+06
143	0.341821	-1.47369e+06
144	0.331289	-1.43078e+06
145	0.353959	-1.62003e+06
146	0.348001	-1.53183e+06
147	0.328192	-1.35311e+06
148	0.328353	-1.45779e+06
149	0.344384	-1.53259e+06
150	0.336812	-1.49625e+06
151	0.340064	-1.47881e+06
152	0.339573	-1.49561e+06
153	0.346168	-1.61849e+06
154	0.338835	-1.46579e+06
155	0.329389	-1.44407e+06
156	0.351126	-1.55967e+06
157	0.341253	-1.55903e+06
158	0.332073	-1.36522e+06
159	0.338885	-1.47667e+06
160	0.325637	-1.38231e+06
161	0.33811	-1.46025e+06
162	0.349246	-1.56404e+06
163	0.344537	-1.53977e+06
164	0.32954	-1.38933e+06
165	0.344834	-1.58379e+06
166	0.332606	-1.45867e+06
167	0.326459	-1.41943e+06
168	0.33598	-1.45039e+06
169	0.335355	-1.44351e+06
170	0.352796	-1.63672e+06
171	0.337794	-1.4914e+06
172	0.341592	-1.58516e+06
173	0.33874	-1.48775e+06
174	0.341329	-1.53039e+06
175	0.356617	-1.65618e+06
176	0.346382	-1.53675e+06
177	0.349669	-1.62912e+06
178	0.342872	-1.51736e+06
179	0.344611	-1.60151e+06
180	0.322612	-1.3707e+06
181	0.342278	-1.56768e+06
182	0.334205	-1.48441e+06
183	0.340231	-1.46519e+06
184	0.35136	-1.56949e+06
185	0.3389	-1.43102e+06
186	0.34089	-1.54791e+06
187	0.336577	-1.45153e+06
188	0.34642	-1.62224e+06
189	0.325564	-1.41871e+06
190	0.343782	-1.52401e+06
191	0.328246	-1.39645e+06
192	0.329459	-1.35612e+06
193	0.329457	-1.39386e+06
194	0.347288	-1.5238e+06
195	0.341048	-1.56366e+06
196	0.342561	-1.57736e+06
197	0.345462	-1.54526e+06
198	0.341406	-1.49465e+06
199	0.342892	-1.49697e+06
200	0.335014	-1.51065e+06
201	0.330364	-1.52458e+06
202	0.337579	-1.43606e+06
203	0.357901	-1.63373e+06
204	0.342246	-1.48154e+06
205	0.344202	-1.5129e+06
206	0.352122	-1.64709e+06
207	0.327812	-1.43148e+06
208	0.328061	-1.38239e+06
209	0.334616	-1.44433e+06
210	0.355663	-1.66711e+06
211	0.345132	-1.56842e+06
212	0.327798	-1.38206e+06
213	0.341392	-1.47829e+06
214	0.34718	-1.57505e+06
215	0.34612	-1.54103e+06
216	0.357292	-1.65026e+06
217	0.347831	-1.56834e+06
218	0.343372	-1.54561e+06
219	0.323721	-1.38121e+06
220	0.337056	-1.52545e+06
221	0.343385	-1.50764e+06
222	0.352091	-1.68887e+06
223	0.328286	-1.44759e+06
224	0.343614	-1.53635e+06
225	0.341311	-1.49999e+06
226	0.349092	-1.598e+06
227	0.337303	-1.47425e+06
228	0.349194	-1.57294e+06
229	0.340849	-1.49409e+06
230	0.335748	-1.46036e+06
231	0.323504	-1.3251e+06
232	0.354941	-1.70553e+06
233	0.342002	-1.51902e+06
234	0.334926	-1.4422e+06
235	0.35448	-1.63913e+06
236	0.333038	-1.41397e+06
237	0.349584	-1.56961e+06
238	0.35547	-1.62489e+06
239	0.338457	-1.51607e+06
240	0.329253	-1.43567e+06
241	0.336812	-1.49796e+06
242	0.327014	-1.34564e+06
243	0.344452	-1.57544e+06
244	0.34036	-1.49872e+06
245	0.340259	-1.51204e+06
246	0.329533	-1.36351e+06
247	0.342229	-1.54343e+06
248	0.353487	-1.61097e+06
249	0.335636	-1.51037e+06
250	0.331519	-1.43583e+06
251	0.33199	-1.42983e+06
252	0.325303	-1.30903e+06
253	0.348393	-1.5509e+06
254	0.350934	-1.56309e+06
255	0.330644	-1.41041e+06
256	0.335625	-1.45546e+06
257	0.330318	-1.40601e+06
258	0.342091	-1.48264e+06
259	0.347645	-1.57828e+06
260	0.353393	-1.58013e+06
261	0.32744	-1.43329e+06
262	0.354654	-1.62264e+06
263	0.339794	-1.49572e+06
264	0.351893	-1.59899e+06
265	0.332187	-1.39727e+06
266	0.328051	-1.38962e+06
267	0.356954	-1.65334e+06
268	0.33377	-1.44076e+06
269	0.335587	-1.44428e+06
270	0.363021	-1.72937e+06
271	0.332983	-1.43737e+06
272	0.332643	-1.39627e+06
273	0.356516	-1.71154e+06
274	0.334815	-1.43799e+06
275	0.323542	-1.41919e+06
276	0.344773	-1.50444e+06
277	0.341876	-1.54058e+06
278	0.338153	-1.49586e+06
279	0.331093	-1.40387e+06
280	0.330114	-1.44371e+06
281	0.338803	-1.46707e+06
282	0.338929	-1.49014e+06
283	0.356292	-1.65592e+06
284	0.346296	-1.55077e+06
285	0.33801	-1.43053e+06
286	0.345274	-1.58671e+06
287	0.340088	-1.47602e+06
288	0.326944	-1.3926e+06
289	0.341537	-1.51227e+06
290	0.336084	-1.49548e+06
291	0.325096	-1.41222e+06
292	0.327946	-1.36729e+06
293	0.348593	-1.53063e+06
294	0.32074	-1.26817e+06
295	0.348567	-1.56281e+06
296	0.350147	-1.57245e+06
297	0.331697	-1.45468e+06
298	0.347017	-1.61872e+06
299	0.340995	-1.52328e+06
300	0.346182	-1.51201e+06
301	0.321848	-1.40544e+06
302	0.332205	-1.45611e+06
303	0.338225	-1.45686e+06
304	0.340753	-1.50702e+06
305	0.329704	-1.39378e+06
306	0.347393	-1.54954e+06
307	0.348012	-1.56977e+06
308	0.344836	-1.58669e+06
309	0.334386	-1.37858e+06
310	0.341715	-1.48272e+06
311	0.336856	-1.51942e+06
312	0.344297	-1.54993e+06
313	0.345448	-1.53181e+06
314	0.329151	-1.39713e+06
315	0.339707	-1.4844e+06
316	0.348162	-1.56689e+06
317	0.360288	-1.6797e+06
318	0.345616	-1.54442e+06
319	0.333951	-1.48116e+06
320	0.334985	-1.48999e+06
321	0.330875	-1.43634e+06
322	0.32594	-1.36362e+06
323	0.324914	-1.41645e+06
324	0.331144	-1.44834e+06
325	0.349723	-1.56267e+06
326	0.323912	-1.31343e+06
327	0.350513	-1.59065e+06
328	0.325877	-1.38602e+06
329	0.328927	-1.42122e+06
330	0.34	-1.51175e+06
331	0.331203	-1.36579e+06
332	0.342246	-1.50824e+06
333	0.317084	-1.28985e+06
334	0.334336	-1.39014e+06
335	0.34398	-1.55401e+06
336	0.341259	-1.53489e+06
337	0.35203	-1.64547e+06
338	0.34339	-1.53584e+06
339	0.338839	-1.4656e+06
340	0.347422	-1.58159e+06
341	0.35011	-1.59316e+06
342	0.32857	-1.34856e+06
343	0.344202	-1.55667e+06
344	0.348336	-1.61015e+06
345	0.338096	-1.4864e+06
346	0.334721	-1.48355e+06
347	0.327844	-1.409e+06
348	0.342108	-1.55701e+06
349	0.32567	-1.43809e+06
350	0.337955	-1.49211e+06
351	0.329351	-1.40158e+06
352	0.332822	-1.403e+06
353	0.326213	-1.3918e+06
354	0.333665	-1.48098e+06
355	0.36629	-1.7216e+06
356	0.333045	-1.44266e+06
357	0.345571	-1.50797e+06
358	0.340697	-1.56904e+06
359	0.353444	-1.65337e+06
360	0.334023	-1.48321e+06
361	0.341321	-1.49931e+06
362	0.338005	-1.55684e+06
363	0.342166	-1.54319e+06
364	0.347795	-1.52935e+06
365	0.342806	-1.49823e+06
366	0.346075	-1.61042e+06
367	0.331784	-1.42205e+06
368	0.348274	-1.59627e+06
369	0.336704	-1.45655e+06
370	0.339603	-1.50899e+06
371	0.339475	-1.47433e+06
372	0.347719	-1.54506e+06
373	0.32907	-1.43494e+06
374	0.332551	-1.41797e+06
375	0.328991	-1.41448e+06
376	0.340275	-1.44872e+06
377	0.328402	-1.36883e+06
378	0.347443	-1.54225e+06
379	0.336685	-1.47079e+06
380	0.341092	-1.51551e+06
381	0.34501	-1.49161e+06
382	0.348366	-1.56393e+06
383	0.332425	-1.42574e+06
384	0.329332	-1.40834e+06
385	0.328633	-1.39251e+06
386	0.327883	-1.35983e+06
387	0.316339	-1.30937e+06
388	0.335098	-1.43374e+06
389	0.345374	-1.57815e+06
390	0.339133	-1.48624e+06
391	0.330251	-1.38817e+06
392	0.351389	-1.57705e+06
393	0.328447	-1.40232e+06
394	0.343186	-1.51863e+06
395	0.345168	-1.6261e+06
396	0.341616	-1.54565e+06
397	0.339648	-1.46145e+06
398	0.352587	-1.60599e+06
399	0.341848	-1.55453e+06
400	0.346255	-1.55444e+06
401	0.338046	-1.4622e+06
402	0.337782	-1.53649e+06
403	0.344834	-1.53463e+06
404	0.344358	-1.48932e+06
405	0.355482	-1.62432e+06
406	0.350717	-1.57974e+06
407	0.335509	-1.4085e+06
408	0.326771	-1.35022e+06
409	0.325479	-1.32316e+06
410	0.317863	-1.352e+06
411	0.334193	-1.37798e+06
412	0.350142	-1.6e+06
413	0.328088	-1.39033e+06
414	0.334733	-1.43328e+06
415	0.339297	-1.52412e+06
416	0.344329	-1.53355e+06
417	0.352718	-1.56918e+06
418	0.332372	-1.50046e+06
419	0.345118	-1.53864e+06
420	0.341023	-1.53126e+06
421	0.328301	-1.32245e+06
422	0.337485	-1.45335e+06
423	0.341126	-1.52667e+06
424	0.338535	-1.50958e+06
425	0.334128	-1.42855e+06
426	0.328256	-1.36232e+06
427	0.34998	-1.56043e+06
428	0.350753	-1.57857e+06
429	0.326619	-1.39873e+06
430	0.334939	-1.45133e+06
431	0.350359	-1.58435e+06
432	0.33925	-1.54423e+06
433	0.346472	-1.54923e+06
434	0.335623	-1.48349e+06
435	0.329416	-1.36252e+06
436	0.342923	-1.53025e+06
437	0.330612	-1.46535e+06
438	0.336223	-1.47234e+06
439	0.33702	-1.49432e+06
440	0.347	-1.54603e+06
441	0.34177	-1.55025e+06
442	0.341825	-1.53778e+06
443	0.33877	-1.49524e+06
444	0.340038	-1.49018e+06
445	0.348604	-1.56754e+06
446	0.319043	-1.31254e+06
447	0.352136	-1.55246e+06
448	0.350427	-1.56247e+06
449	0.348051	-1.59019e+06
450	0.339355	-1.56915e+06
451	0.332992	-1.43442e+06
452	0.333142	-1.40594e+06
453	0.349502	-1.59223e+06
454	0.339965	-1.4914e+06
455	0.340013	-1.49552e+06
456	0.343495	-1.54308e+06
457	0.331171	-1.42162e+06
458	0.339856	-1.48385e+06
459	0.338929	-1.41056e+06
460	0.348514	-1.59402e+06
461	0.343978	-1.56936e+06
462	0.339366	-1.52568e+06
463	0.33517	-1.48988e+06
464	0.354273	-1.6577e+06
465	0.321591	-1.34173e+06
466	0.345775	-1.53909e+06
467	0.347753	-1.5852e+06
468	0.33641	-1.45235e+06
469	0.336212	-1.50759e+06
470	0.351149	-1.60586e+06
471	0.349398	-1.53674e+06
472	0.341105	-1.58267e+06
473	0.350716	-1.60135e+06
474	0.343373	-1.49792e+06
475	0.325016	-1.37843e+06
476	0.339436	-1.49071e+06
477	0.324942	-1.40751e+06
478	0.336159	-1.46469e+06
479	0.337902	-1.48014e+06
480	0.355076	-1.68778e+06
481	0.333053	-1.41663e+06
482	0.349733	-1.62101e+06
483	0.347549	-1.56582e+06
484	0.332321	-1.40323e+06
485	0.324501	-1.37236e+06
486	0.348447	-1.55889e+06
487	0.331986	-1.42779e+06
488	0.352825	-1.60309e+06
489	0.341744	-1.45327e+06
490	0.329798	-1.46225e+06
491	0.335718	-1.49001e+06
492	0.343515	-1.51066e+06
493	0.322881	-1.33998e+06
494	0.345419	-1.57769e+06
495	0.337472	-1.47001e+06
496	0.338602	-1.49785e+06
497	0.345294	-1.56864e+06
498	0.338593	-1.45246e+06
499	0.352516	-1.69554e+06
500	0.347578	-1.55284e+06
501	0.324598	-1.37305e+06
502	0.329317	-1.38827e+06
503	0.346356	-1.57322e+06
504	0.335769	-1.41042e+06
505	0.344213	-1.55918e+06
506	0.346685	-1.55943e+06
507	0.326507	-1.41777e+06
508	0.34319	-1.51501e+06
509	0.354969	-1.654e+06
510	0.331919	-1.42768e+06
511	0.339269	-1.4739e+06
512	0.338188	-1.43793e+06
513	0.340014	-1.53676e+06
514	0.330832	-1.43022e+06
515	0.347811	-1.49811e+06
516	0.333777	-1.40607e+06
517	0.351403	-1.55907e+06
518	0.349147	-1.60755e+06
519	0.344409	-1.55261e+06
520	0.344085	-1.4972e+06
521	0.355836	-1.65109e+06
522	0.331509	-1.45145e+06
523	0.327031	-1.39315e+06
524	0.344821	-1.53991e+06
525	0.340993	-1.4942e+06
526	0.344012	-1.50075e+06
527	0.357408	-1.64308e+06
528	0.33574	-1.45606e+06
529	0.339547	-1.50474e+06
530	0.317514	-1.28851e+06
531	0.336272	-1.4691e+06
532	0.331202	-1.38674e+06
533	0.327085	-1.4143e+06
534	0.338407	-1.49427e+06
535	0.334112	-1.44194e+06
536	0.350056	-1.58265e+06
537	0.351184	-1.60491e+06
538	0.345014	-1.52604e+06
539	0.349429	-1.54303e+06
540	0.328315	-1.41802e+06
541	0.334791	-1.43641e+06
542	0.355041	-1.57899e+06
543	0.349335	-1.6001e+06
544	0.331204	-1.48986e+06
545	0.343437	-1.51981e+06
546	0.330722	-1.42319e+06
547	0.336763	-1.44124e+06
548	0.334253	-1.49841e+06
549	0.347332	-1.60506e+06
550	0.337666	-1.46522e+06
551	0.346682	-1.51919e+06
552	0.339165	-1.56746e+06
553	0.360153	-1.69535e+06
554	0.352074	-1.60478e+06
555	0.339805	-1.46753e+06
556	0.355017	-1.5653e+06
557	0.350494	-1.58575e+06
558	0.3585	-1.63341e+06
559	0.352748	-1.59125e+06
560	0.348737	-1.56651e+06
561	0.347348	-1.57574e+06
562	0.339061	-1.45509e+06
563	0.326743	-1.32974e+06
564	0.334417	-1.42895e+06
565	0.333687	-1.44207e+06
566	0.335908	-1.51197e+06
567	0.346989	-1.60754e+06
568	0.331252	-1.42274e+06
569	0.342698	-1.55253e+06
570	0.357776	-1.63602e+06
571	0.330982	-1.43606e+06
572	0.33399	-1.44794e+06
573	0.339912	-1.55813e+06
574	0.328767	-1.39725e+06
575	0.342274	-1.51979e+06
576	0.323185	-1.35421e+06
577	0.334516	-1.45499e+06
578	0.350481	-1.63583e+06
579	0.34371	-1.50907e+06
580	0.343944	-1.51155e+06
581	0.323161	-1.32046e+06
582	0.353859	-1.6017e+06
583	0.347996	-1.61435e+06
584	0.33302	-1.40001e+06
585	0.330752	-1.39723e+06
586	0.344787	-1.58288e+06
587	0.335086	-1.44928e+06
588	0.324302	-1.3863e+06
589	0.348888	-1.59012e+06
590	0.355146	-1.60876e+06
591	0.325641	-1.37443e+06
592	0.32567	-1.3651e+06
593	0.338393	-1.47063e+06
594	0.341573	-1.53013e+06
595	0.340339	-1.47663e+06
596	0.338224	-1.47118e+06
597	0.36129	-1.70092e+06
598	0.344037	-1.52996e+06
599	0.356326	-1.66617e+06
600	0.327975	-1.40581e+06
601	0.343613	-1.50035e+06
602	0.338434	-1.46856e+06
603	0.341829	-1.49238e+06
604	0.33824	-1.47722e+06
605	0.334709	-1.48373e+06
606	0.329771	-1.48212e+06
607	0.350712	-1.60356e+06
608	0.350956	-1.60316e+06
609	0.356101	-1.59707e+06
610	0.336084	-1.51263e+06
611	0.349702	-1.58581e+06
612	0.336	-1.42169e+06
613	0.325938	-1.3371e+06
614	0.320434	-1.33299e+06
615	0.32944	-1.41706e+06
616	0.342097	-1.54802e+06
617	0.326729	-1.39692e+06
618	0.337737	-1.47674e+06
619	0.353048	-1.59348e+06
620	0.339759	-1.52089e+06
621	0.338872	-1.50486e+06
622	0.322309	-1.36295e+06
623	0.330472	-1.43509e+06
624	0.343033	-1.50716e+06
625	0.352658	-1.61314e+06
626	0.343153	-1.51409e+06
627	0.338946	-1.47755e+06
628	0.318371	-1.29764e+06
629	0.335955	-1.44783e+06
630	0.344863	-1.4937e+06
631	0.353053	-1.62425e+06
632	0.34418	-1.56024e+06
633	0.339705	-1.45614e+06
634	0.349301	-1.59118e+06
635	0.350082	-1.62709e+06
636	0.327373	-1.39712e+06
637	0.334641	-1.45537e+06
638	0.343883	-1.57146e+06
639	0.339019	-1.45586e+06
640	0.343119	-1.49578e+06
641	0.337369	-1.48643e+06
642	0.334255	-1.50359e+06
643	0.322127	-1.37112e+06
644	0.324889	-1.41703e+06
645	0.328141	-1.41472e+06
646	0.330953	-1.40457e+06
647	0.335456	-1.45278e+06
648	0.347713	-1.60458e+06
649	0.330888	-1.40745e+06
650	0.359225	-1.70993e+06
651	0.339109	-1.43333e+06
652	0.330291	-1.44921e+06
653	0.338681	-1.56236e+06
654	0.325347	-1.38019e+06
655	0.34719	-1.54622e+06
656	0.331944	-1.41904e+06
657	0.325486	-1.33484e+06
658	0.349093	-1.55292e+06
659	0.356909	-1.63103e+06
660	0.326404	-1.37581e+06
661	0.341428	-1.51311e+06
662	0.34317	-1.50806e+06
663	0.339239	-1.49455e+06
664	0.327789	-1.36063e+06
665	0.346259	-1.57217e+06
666	0.318717	-1.3232e+06
667	0.340989	-1.4826e+06
668	0.343287	-1.53987e+06
669	0.341962	-1.53301e+06
670	0.338147	-1.47882e+06
671	0.329563	-1.36548e+06
672	0.324383	-1.37603e+06
673	0.333722	-1.44724e+06
674	0.338227	-1.45438e+06
675	0.324675	-1.33087e+06
676	0.344991	-1.51605e+06
677	0.347456	-1.54408e+06
678	0.336745	-1.51077e+06
679	0.331425	-1.3816e+06
680	0.328617	-1.3814e+06
681	0.339202	-1.4909e+06
682	0.349294	-1.57466e+06
683	0.335261	-1.42397e+06
684	0.355945	-1.61806e+06
685	0.328921	-1.45316e+06
686	0.342365	-1.50285e+06
687	0.330655	-1.46441e+06
688	0.354262	-1.58591e+06
689	0.350728	-1.57719e+06
690	0.333207	-1.44387e+06
691	0.349622	-1.52373e+06
692	0.339008	-1.5165e+06
693	0.345928	-1.54421e+06
694	0.346625	-1.58227e+06
695	0.339115	-1.50307e+06
696	0.342519	-1.45403e+06
697	0.348808	-1.57597e+06
698	0.365805	-1.7025e+06
699	0.341742	-1.52894e+06
700	0.338833	-1.53434e+06
701	0.33401	-1.48836e+06
702	0.312711	-1.31724e+06
703	0.345395	-1.55165e+06
704	0.350004	-1.5938e+06
705	0.338004	-1.52542e+06
706	0.337298	-1.51964e+06
707	0.353019	-1.59351e+06
708	0.329542	-1.42106e+06
709	0.337519	-1.47392e+06
710	0.319201	-1.3777e+06
711	0.342657	-1.54289e+06
712	0.347122	-1.57291e+06
713	0.328009	-1.43876e+06
714	0.357599	-1.63735e+06
715	0.35623	-1.61133e+06
716	0.337042	-1.49636e+06
717	0.346713	-1.55721e+06
718	0.316116	-1.27215e+06
719	0.347005	-1.61813e+06
720	0.333546	-1.43726e+06
721	0.368791	-1.79843e+06
722	0.337487	-1.48331e+06
723	0.347384	-1.52189e+06
724	0.342985	-1.50012e+06
725	0.341959	-1.48958e+06
726	0.349028	-1.61712e+06
727	0.341906	-1.50604e+06
728	0.344661	-1.57295e+06
729	0.335243	-1.46544e+06
730	0.340007	-1.53034e+06
731	0.335931	-1.41198e+06
732	0.324381	-1.38038e+06
733	0.343823	-1.51989e+06
734	0.352246	-1.594e+06
735	0.327026	-1.36207e+06
736	0.345002	-1.54391e+06
737	0.339788	-1.5003e+06
738	0.341939	-1.50283e+06
739	0.349139	-1.55312e+06
740	0.354565	-1.6703e+06
741	0.340923	-1.48382e+06
742	0.332534	-1.43208e+06
743	0.345405	-1.57958e+06
744	0.314835	-1.32929e+06
745	0.351869	-1.56794e+06
746	0.347599	-1.56894e+06
747	0.347198	-1.56227e+06
748	0.346079	-1.56154e+06
749	0.339303	-1.47595e+06
750	0.32284	-1.31344e+06
751	0.342108	-1.52256e+06
752	0.342477	-1.50153e+06
753	0.338186	-1.51029e+06
754	0.342373	-1.53053e+06
755	0.343775	-1.55116e+06
756	0.337775	-1.40852e+06
757	0.328932	-1.37131e+06
758	0.344959	-1.49767e+06
759	0.353313	-1.63653e+06
760	0.338082	-1.53895e+06
761	0.347715	-1.5852e+06
762	0.338317	-1.51044e+06
763	0.349701	-1.62305e+06
764	0.345889	-1.58523e+06
765	0.34384	-1.51455e+06
766	0.34479	-1.55459e+06
767	0.31772	-1.32932e+06
768	0.333528	-1.44594e+06
769	0.338431	-1.45441e+06
770	0.31662	-1.30288e+06
771	0.330201	-1.39407e+06
772	0.358795	-1.72537e+06
773	0.335336	-1.47764e+06
774	0.338515	-1.51882e+06
775	0.339616	-1.49213e+06
776	0.35986	-1.68356e+06
777	0.336318	-1.50537e+06
778	0.33061	-1.39886e+06
779	0.33429	-1.45602e+06
780	0.352897	-1.63741e+06
781	0.330702	-1.44187e+06
782	0.343161	-1.55873e+06
783	0.345776	-1.47818e+06
784	0.345023	-1.52673e+06
785	0.332641	-1.41089e+06
786	0.352085	-1.66037e+06
787	0.332061	-1.48373e+06
788	0.323638	-1.36559e+06
789	0.335734	-1.4832e+06
790	0.359716	-1.67516e+06
791	0.335168	-1.46477e+06
792	0.369769	-1.78746e+06
793	0.333599	-1.42054e+06
794	0.334704	-1.42384e+06
795	0.331754	-1.35928e+06
796	0.344676	-1.48127e+06
797	0.35282	-1.60918e+06
798	0.352468	-1.60861e+06
799	0.325877	-1.41854e+06
800	0.335657	-1.42095e+06
801	0.333664	-1.4857e+06
802	0.331481	-1.41802e+06
803	0.314531	-1.31371e+06
804	0.340036	-1.4797e+06
805	0.315995	-1.34592e+06
806	0.323004	-1.40044e+06
807	0.361969	-1.69978e+06
808	0.335969	-1.47895e+06
809	0.360788	-1.72691e+06
810	0.331648	-1.45261e+06
811	0.345832	-1.54558e+06
812	0.342689	-1.5869e+06
813	0.339524	-1.47118e+06
814	0.344453	-1.61046e+06
815	0.334606	-1.41067e+06
816	0.33515	-1.43126e+06
817	0.327644	-1.42217e+06
818	0.321114	-1.29819e+06
819	0.332689	-1.45638e+06
820	0.328218	-1.37434e+06
821	0.330849	-1.43416e+06
822	0.325914	-1.31969e+06
823	0.346945	-1.53857e+06
824	0.365464	-1.7116e+06
825	0.34039	-1.48573e+06
826	0.353934	-1.63842e+06
827	0.336996	-1.48542e+06
828	0.35051	-1.57574e+06
829	0.335176	-1.39538e+06
830	0.346171	-1.52135e+06
831	0.34768	-1.57277e+06
832	0.328174	-1.3904e+06
833	0.331889	-1.40217e+06
834	0.342026	-1.52753e+06
835	0.357562	-1.68448e+06
836	0.32804	-1.3581e+06
837	0.33778	-1.47268e+06
838	0.343667	-1.54172e+06
839	0.346383	-1.58866e+06
840	0.324567	-1.34348e+06
841	0.338027	-1.51697e+06
842	0.351561	-1.59084e+06
843	0.333031	-1.4428e+06
844	0.351549	-1.60111e+06
845	0.339605	-1.50644e+06
846	0.330774	-1.45141e+06
847	0.347627	-1.55773e+06
848	0.342384	-1.51299e+06
849	0.331346	-1.47382e+06
850	0.326934	-1.37537e+06
851	0.349653	-1.57644e+06
852	0.344621	-1.53579e+06
853	0.323518	-1.327e+06
854	0.336019	-1.45263e+06
855	0.342301	-1.52897e+06
856	0.330106	-1.36781e+06
857	0.34729	-1.56848e+06
858	0.327798	-1.42591e+06
859	0.353172	-1.60796e+06
860	0.32716	-1.41141e+06
861	0.347013	-1.58251e+06
862	0.327208	-1.40937e+06
863	0.344054	-1.52543e+06
864	0.33889	-1.50044e+06
865	0.327782	-1.42426e+06
866	0.344047	-1.52649e+06
867	0.32846	-1.35184e+06
868	0.345775	-1.53868e+06
869	0.343741	-1.58352e+06
870	0.333118	-1.45858e+06
871	0.346472	-1.51224e+06
872	0.365259	-1.74546e+06
873	0.353612	-1.65733e+06
874	0.353196	-1.61529e+06
875	0.346576	-1.52926e+06
876	0.344573	-1.52433e+06
877	0.321474	-1.35665e+06
878	0.331313	-1.46659e+06
879	0.336993	-1.49916e+06
880	0.347399	-1.50081e+06
881	0.367485	-1.8029e+06
882	0.36918	-1.7728e+06
883	0.342497	-1.53909e+06
884	0.319846	-1.27923e+06
885	0.333983	-1.47663e+06
886	0.345554	-1.52513e+06
887	0.339278	-1.4053e+06
888	0.340063	-1.4679e+06
889	0.347052	-1.58597e+06
890	0.328593	-1.37283e+06
891	0.341536	-1.54094e+06
892	0.336103	-1.48648e+06
893	0.348307	-1.52236e+06
894	0.333104	-1.46472e+06
895	0.319722	-1.30599e+06
896	0.342738	-1.49517e+06
897	0.350664	-1.59952e+06
898	0.348451	-1.55069e+06
899	0.320804	-1.31129e+06
900	0.330931	-1.47271e+06
901	0.324158	-1.36119e+06
902	0.329664	-1.42356e+06
903	0.346153	-1.55805e+06
904	0.341884	-1.52189e+06
905	0.347348	-1.56032e+06
906	0.327085	-1.39726e+06
907	0.342391	-1.47908e+06
908	0.338161	-1.48477e+06
909	0.330538	-1.39728e+06
910	0.350552	-1.59129e+06
911	0.343222	-1.51539e+06
912	0.334525	-1.45306e+06
913	0.318482	-1.31122e+06
914	0.342338	-1.48217e+06
915	0.35116	-1.53943e+06
916	0.343432	-1.57358e+06
917	0.338241	-1.49425e+06
918	0.34641	-1.62615e+06
919	0.336594	-1.49499e+06
920	0.335832	-1.4104e+06
921	0.336799	-1.45419e+06
922	0.331638	-1.37067e+06
923	0.347116	-1.56539e+06
924	0.334565	-1.43998e+06
925	0.333282	-1.45585e+06
926	0.335555	-1.46673e+06
927	0.335546	-1.47573e+06
928	0.348249	-1.52381e+06
929	0.330584	-1.42742e+06
930	0.327609	-1.35568e+06
931	0.347417	-1.60652e+06
932	0.330008	-1.42286e+06
933	0.326268	-1.42259e+06
934	0.335041	-1.45993e+06
935	0.341259	-1.50048e+06
936	0.333993	-1.41621e+06
937	0.337726	-1.55232e+06
938	0.349636	-1.58597e+06
939	0.337433	-1.45234e+06
940	0.348608	-1.63317e+06
941	0.335353	-1.46574e+06
942	0.337314	-1.43572e+06
943	0.333976	-1.42774e+06
944	0.357046	-1.60304e+06
945	0.336843	-1.46267e+06
946	0.325523	-1.34177e+06
947	0.336825	-1.49714e+06
948	0.322901	-1.38784e+06
949	0.354507	-1.61637e+06
950	0.344364	-1.53232e+06
951	0.347451	-1.51695e+06
952	0.327358	-1.38504e+06
953	0.338959	-1.47209e+06
954	0.315838	-1.2905e+06
955	0.339934	-1.48796e+06
956	0.338039	-1.47966e+06
957	0.343447	-1.49088e+06
958	0.332653	-1.42332e+06
959	0.329951	-1.44366e+06
960	0.347799	-1.58735e+06
961	0.353318	-1.67475e+06
962	0.340174	-1.4885e+06
963	0.34087	-1.52902e+06
964	0.348814	-1.55282e+06
965	0.341976	-1.48154e+06
966	0.310678	-1.25447e+06
967	0.352707	-1.57011e+06
968	0.340144	-1.49092e+06
969	0.349877	-1.56524e+06
970	0.343433	-1.47388e+06
971	0.349045	-1.53988e+06
972	0.344834	-1.48369e+06
973	0.32872	-1.43606e+06
974	0.342466	-1.53715e+06
975	0.32861	-1.40515e+06
976	0.342379	-1.51137e+06
977	0.327421	-1.44438e+06
978	0.328182	-1.3672e+06
979	0.323252	-1.40855e+06
980	0.335565	-1.47021e+06
981	0.336204	-1.51019e+06
982	0.342343	-1.524e+06
983	0.338253	-1.46698e+06
984	0.342909	-1.47705e+06
985	0.33855	-1.54068e+06
986	0.348652	-1.61744e+06
987	0.334115	-1.48084e+06
988	0.339815	-1.48986e+06
989	0.354873	-1.70903e+06
990	0.351401	-1.61679e+06
991	0.349273	-1.6134e+06
992	0.345057	-1.55068e+06
993	0.325425	-1.38388e+06
994	0.346931	-1.56376e+06
995	0.33787	-1.49719e+06
996	0.346563	-1.57026e+06
997	0.322388	-1.38639e+06
998	0.304056	-1.21982e+06
999	0.354257	-1.59846e+06
