0	0.349921	-1.62179e+06
1	0.33271	-1.44631e+06
2	0.354331	-1.61255e+06
3	0.343766	-1.53889e+06
4	0.333922	-1.44121e+06
5	0.348236	-1.54471e+06
6	0.340507	-1.49111e+06
7	0.345641	-1.56462e+06
8	0.340665	-1.4746e+06
9	0.347493	-1.56113e+06
10	0.322604	-1.35158e+06
11	0.341039	-1.47839e+06
12	0.335531	-1.45401e+06
13	0.337393	-1.46043e+06
14	0.325984	-1.38719e+06
15	0.324598	-1.33277e+06
16	0.343058	-1.49463e+06
17	0.322719	-1.34879e+06
18	0.323267	-1.36904e+06
19	0.365265	-1.7612e+06
20	0.344209	-1.5192e+06
21	0.327168	-1.38875e+06
22	0.344665	-1.51237e+06
23	0.340201	-1.50384e+06
24	0.336688	-1.48463e+06
25	0.350014	-1.63207e+06
26	0.367572	-1.72131e+06
27	0.346937	-1.54228e+06
28	0.338225	-1.52339e+06
29	0.335988	-1.50449e+06
30	0.353472	-1.63087e+06
31	0.343033	-1.49694e+06
32	0.329654	-1.41081e+06
33	0.339373	-1.43856e+06
34	0.331449	-1.42268e+06
35	0.323756	-1.31261e+06
36	0.333249	-1.52698e+06
37	0.330049	-1.38971e+06
38	0.322591	-1.30163e+06
39	0.347485	-1.53905e+06
40	0.332025	-1.4378e+06
41	0.33531	-1.44394e+06
42	0.335086	-1.50428e+06
43	0.355431	-1.60798e+06
44	0.339109	-1.4581e+06
45	0.328821	-1.35096e+06
46	0.338589	-1.48717e+06
47	0.331587	-1.39848e+06
48	0.349789	-1.5419e+06
49	0.331161	-1.42405e+06
50	0.345821	-1.54292e+06
51	0.324628	-1.34774e+06
52	0.347377	-1.61856e+06
53	0.339617	-1.54582e+06
54	0.344827	-1.50778e+06
55	0.335735	-1.46101e+06
56	0.338965	-1.53979e+06
57	0.335042	-1.49904e+06
58	0.345223	-1.49958e+06
59	0.329871	-1.4097e+06
60	0.323531	-1.32978e+06
61	0.346444	-1.65918e+06
62	0.327762	-1.40123e+06
63	0.341562	-1.56041e+06
64	0.343275	-1.5197e+06
65	0.332185	-1.36906e+06
66	0.356181	-1.61796e+06
67	0.343938	-1.54883e+06
68	0.337875	-1.503e+06
69	0.334161	-1.39611e+06
70	0.326599	-1.409e+06
71	0.341842	-1.4704e+06
72	0.340257	-1.50475e+06
73	0.334718	-1.42935e+06
74	0.335933	-1.4963e+06
75	0.328309	-1.4569e+06
76	0.326496	-1.38883e+06
77	0.324564	-1.36613e+06
78	0.324338	-1.38518e+06
79	0.350651	-1.59379e+06
80	0.329513	-1.44241e+06
81	0.344023	-1.53573e+06
82	0.333465	-1.44525e+06
83	0.348359	-1.52906e+06
84	0.343108	-1.55732e+06
85	0.339965	-1.52247e+06
86	0.325285	-1.38975e+06
87	0.324203	-1.33585e+06
88	0.320968	-1.30158e+06
89	0.326976	-1.32563e+06
90	0.334864	-1.45231e+06
91	0.34188	-1.5377e+06
92	0.326866	-1.39835e+06
93	0.321882	-1.32649e+06
94	0.335667	-1.52131e+06
95	0.344698	-1.53981e+06
96	0.31667	-1.36052e+06
97	0.338077	-1.50492e+06
98	0.335003	-1.38788e+06
99	0.332152	-1.33815e+06
100	0.346689	-1.54682e+06
101	0.333815	-1.42879e+06
102	0.329396	-1.45449e+06
103	0.323923	-1.36907e+06
104	0.33616	-1.43143e+06
105	0.348852	-1.61279e+06
106	0.33239	-1.49875e+06
107	0.362279	-1.6903e+06
108	0.345966	-1.54853e+06
109	0.337559	-1.49143e+06
110	0.349517	-1.49787e+06
111	0.333405	-1.49279e+06
112	0.341607	-1.51868e+06
113	0.340348	-1.49116e+06
114	0.331367	-1.45367e+06
115	0.340324	-1.50869e+06
116	0.341091	-1.51765e+06
117	0.322373	-1.29607e+06
118	0.334463	-1.50202e+06
119	0.343416	-1.56492e+06
120	0.356746	-1.58818e+06
121	0.362914	-1.70462e+06
122	0.320277	-1.32904e+06
123	0.330841	-1.43669e+06
124	0.338989	-1.51745e+06
125	0.341643	-1.58617e+06
126	0.355608	-1.66725e+06
127	0.339402	-1.45059e+06
128	0.339953	-1.50935e+06
129	0.322162	-1.3782e+06
130	0.341349	-1.52127e+06
131	0.325752	-1.3349e+06
132	0.330925	-1.44846e+06
133	0.332884	-1.42767e+06
134	0.352298	-1.61024e+06
135	0.323917	-1.38075e+06
136	0.338697	-1.4815e+06
137	0.347167	-1.56652e+06
138	0.330554	-1.32988e+06
139	0.360857	-1.61996e+06
140	0.334184	-1.42284e+06
141	0.347372	-1.58293e+06
142	0.322618	-1.35731e+06
143	0.341493	-1.56e+06
144	0.348984	-1.66189e+06
145	0.332312	-1.40801e+06
146	0.328674	-1.43826e+06
147	0.334495	-1.47005e+06
148	0.341649	-1.55268e+06
149	0.339622	-1.49224e+06
150	0.335132	-1.45016e+06
151	0.326867	-1.34455e+06
152	0.343654	-1.57188e+06
153	0.356554	-1.67755e+06
154	0.342164	-1.52716e+06
155	0.335349	-1.47051e+06
156	0.346311	-1.53843e+06
157	0.349119	-1.55553e+06
158	0.338132	-1.48065e+06
159	0.348533	-1.60734e+06
160	0.32472	-1.36674e+06
161	0.334364	-1.48346e+06
162	0.341412	-1.46905e+06
163	0.344192	-1.48587e+06
164	0.326339	-1.32506e+06
165	0.331264	-1.44838e+06
166	0.325885	-1.33023e+06
167	0.346447	-1.55591e+06
168	0.327772	-1.3888e+06
169	0.322335	-1.32658e+06
170	0.349025	-1.57547e+06
171	0.344067	-1.54923e+06
172	0.314436	-1.31496e+06
173	0.345442	-1.56185e+06
174	0.331139	-1.44832e+06
175	0.342134	-1.44422e+06
176	0.321701	-1.28036e+06
177	0.31422	-1.27049e+06
178	0.348243	-1.58853e+06
179	0.351267	-1.60778e+06
180	0.328859	-1.43881e+06
181	0.333593	-1.43726e+06
182	0.33664	-1.44487e+06
183	0.329768	-1.45298e+06
184	0.330401	-1.45951e+06
185	0.343486	-1.56837e+06
186	0.339708	-1.4649e+06
187	0.342689	-1.52132e+06
188	0.344923	-1.55876e+06
189	0.332552	-1.43567e+06
190	0.336885	-1.47513e+06
191	0.33553	-1.44647e+06
192	0.336541	-1.45153e+06
193	0.352245	-1.56071e+06
194	0.333964	-1.42303e+06
195	0.333939	-1.48137e+06
196	0.338937	-1.48955e+06
197	0.328637	-1.40931e+06
198	0.32419	-1.33484e+06
199	0.340589	-1.44013e+06
200	0.34024	-1.56036e+06
201	0.344227	-1.54366e+06
202	0.332392	-1.46552e+06
203	0.331447	-1.39794e+06
204	0.348347	-1.5631e+06
205	0.337367	-1.46781e+06
206	0.325115	-1.37715e+06
207	0.323309	-1.38759e+06
208	0.3426	-1.48448e+06
209	0.339965	-1.54151e+06
210	0.338215	-1.53738e+06
211	0.345083	-1.50999e+06
212	0.334065	-1.38696e+06
213	0.354723	-1.62284e+06
214	0.331561	-1.44314e+06
215	0.32257	-1.39245e+06
216	0.344865	-1.59081e+06
217	0.315208	-1.32907e+06
218	0.338201	-1.50836e+06
219	0.340718	-1.48698e+06
220	0.339718	-1.53881e+06
221	0.332416	-1.40692e+06
222	0.343314	-1.52835e+06
223	0.355789	-1.59065e+06
224	0.3584	-1.68005e+06
225	0.336662	-1.38278e+06
226	0.334358	-1.43086e+06
227	0.323863	-1.35104e+06
228	0.333636	-1.44642e+06
229	0.344777	-1.58939e+06
230	0.344973	-1.54978e+06
231	0.359047	-1.5872e+06
232	0.345717	-1.54638e+06
233	0.350657	-1.52315e+06
234	0.346187	-1.56717e+06
235	0.351808	-1.60731e+06
236	0.333469	-1.42532e+06
237	0.336676	-1.45629e+06
238	0.331434	-1.43173e+06
239	0.345063	-1.53829e+06
240	0.325217	-1.35078e+06
241	0.345452	-1.51281e+06
242	0.327784	-1.41454e+06
243	0.322483	-1.31119e+06
244	0.333808	-1.42823e+06
245	0.328391	-1.35992e+06
246	0.335464	-1.45708e+06
247	0.334569	-1.47654e+06
248	0.334914	-1.46609e+06
249	0.334209	-1.43763e+06
250	0.342856	-1.49475e+06
251	0.337302	-1.43482e+06
252	0.345224	-1.52423e+06
253	0.327085	-1.39212e+06
254	0.333635	-1.45187e+06
255	0.343148	-1.52289e+06
256	0.338121	-1.52032e+06
257	0.342434	-1.49961e+06
258	0.338965	-1.53833e+06
259	0.328247	-1.4643e+06
260	0.325497	-1.27425e+06
261	0.334999	-1.4515e+06
262	0.341386	-1.47026e+06
263	0.332758	-1.4711e+06
264	0.335608	-1.51323e+06
265	0.321187	-1.33016e+06
266	0.343978	-1.54325e+06
267	0.331281	-1.43296e+06
268	0.34757	-1.53891e+06
269	0.327407	-1.37719e+06
270	0.32902	-1.37053e+06
271	0.346664	-1.52671e+06
272	0.336028	-1.52731e+06
273	0.344645	-1.52078e+06
274	0.316994	-1.34198e+06
275	0.330841	-1.33362e+06
276	0.325712	-1.4037e+06
277	0.330627	-1.42098e+06
278	0.322256	-1.38393e+06
279	0.366474	-1.7333e+06
280	0.333354	-1.49469e+06
281	0.327625	-1.44163e+06
282	0.325362	-1.30998e+06
283	0.352318	-1.61657e+06
284	0.329113	-1.43048e+06
285	0.337496	-1.48661e+06
286	0.330113	-1.43019e+06
287	0.332488	-1.43976e+06
288	0.320293	-1.37502e+06
289	0.338361	-1.43579e+06
290	0.344157	-1.61274e+06
291	0.330253	-1.39929e+06
292	0.357505	-1.64513e+06
293	0.328344	-1.3419e+06
294	0.347946	-1.60886e+06
295	0.326133	-1.34113e+06
296	0.343111	-1.50587e+06
297	0.342126	-1.52898e+06
298	0.330627	-1.4189e+06
299	0.329571	-1.45119e+06
300	0.334342	-1.47255e+06
301	0.317998	-1.32459e+06
302	0.346784	-1.57597e+06
303	0.340478	-1.50141e+06
304	0.341239	-1.47574e+06
305	0.334035	-1.47643e+06
306	0.33786	-1.52049e+06
307	0.331985	-1.47436e+06
308	0.350307	-1.5967e+06
309	0.335933	-1.42912e+06
310	0.333891	-1.45791e+06
311	0.340585	-1.51592e+06
312	0.339388	-1.46738e+06
313	0.347515	-1.61042e+06
314	0.342311	-1.5305e+06
315	0.325127	-1.35212e+06
316	0.336432	-1.53132e+06
317	0.329909	-1.4087e+06
318	0.336106	-1.4417e+06
319	0.347698	-1.61447e+06
320	0.338229	-1.48811e+06
321	0.337592	-1.50694e+06
322	0.349704	-1.62388e+06
323	0.342471	-1.55658e+06
324	0.337776	-1.50744e+06
325	0.343136	-1.55023e+06
326	0.334624	-1.45509e+06
327	0.340312	-1.51887e+06
328	0.319881	-1.35303e+06
329	0.338123	-1.48839e+06
330	0.349762	-1.61895e+06
331	0.338992	-1.47675e+06
332	0.33335	-1.44835e+06
333	0.345885	-1.51409e+06
334	0.33985	-1.51913e+06
335	0.34937	-1.5805e+06
336	0.340495	-1.57643e+06
337	0.32621	-1.3735e+06
338	0.344892	-1.50011e+06
339	0.341465	-1.51973e+06
340	0.311517	-1.30339e+06
341	0.33823	-1.50025e+06
342	0.343692	-1.48476e+06
343	0.340711	-1.49732e+06
344	0.328324	-1.40642e+06
345	0.32761	-1.38946e+06
346	0.337143	-1.4763e+06
347	0.327257	-1.42605e+06
348	0.336201	-1.49021e+06
349	0.356167	-1.70125e+06
350	0.34301	-1.50471e+06
351	0.335341	-1.44084e+06
352	0.330509	-1.42358e+06
353	0.326193	-1.3854e+06
354	0.348297	-1.60351e+06
355	0.327934	-1.39381e+06
356	0.319688	-1.3133e+06
357	0.33192	-1.36252e+06
358	0.341997	-1.50458e+06
359	0.340949	-1.50904e+06
360	0.318857	-1.40581e+06
361	0.338817	-1.49054e+06
362	0.326997	-1.37231e+06
363	0.31047	-1.29103e+06
364	0.316735	-1.2879e+06
365	0.334454	-1.38395e+06
366	0.341876	-1.52443e+06
367	0.327111	-1.35926e+06
368	0.353368	-1.58926e+06
369	0.331287	-1.39537e+06
370	0.318537	-1.31549e+06
371	0.33481	-1.47838e+06
372	0.327335	-1.39827e+06
373	0.339728	-1.51254e+06
374	0.339723	-1.44503e+06
375	0.334777	-1.45046e+06
376	0.333376	-1.39285e+06
377	0.342585	-1.51143e+06
378	0.323774	-1.39259e+06
379	0.332586	-1.40793e+06
380	0.354466	-1.6583e+06
381	0.335775	-1.45789e+06
382	0.330348	-1.4202e+06
383	0.345021	-1.48512e+06
384	0.319667	-1.33559e+06
385	0.335171	-1.46166e+06
386	0.329611	-1.35975e+06
387	0.33828	-1.47293e+06
388	0.340717	-1.48153e+06
389	0.341426	-1.48769e+06
390	0.338909	-1.4645e+06
391	0.332212	-1.45719e+06
392	0.329924	-1.41518e+06
393	0.345367	-1.5801e+06
394	0.323971	-1.36698e+06
395	0.327626	-1.48784e+06
396	0.344771	-1.57157e+06
397	0.341303	-1.51299e+06
398	0.340954	-1.53387e+06
399	0.336457	-1.51429e+06
400	0.345774	-1.58281e+06
401	0.335701	-1.49309e+06
402	0.351709	-1.58441e+06
403	0.342163	-1.51403e+06
404	0.340039	-1.48582e+06
405	0.339072	-1.48794e+06
406	0.338626	-1.4579e+06
407	0.301528	-1.15815e+06
408	0.342653	-1.49618e+06
409	0.342236	-1.48492e+06
410	0.344694	-1.5427e+06
411	0.330395	-1.42362e+06
412	0.340243	-1.54058e+06
413	0.328669	-1.41716e+06
414	0.348522	-1.57772e+06
415	0.32825	-1.40962e+06
416	0.334914	-1.43234e+06
417	0.347193	-1.60201e+06
418	0.343948	-1.51031e+06
419	0.327568	-1.40618e+06
420	0.338795	-1.39017e+06
421	0.330789	-1.38708e+06
422	0.332617	-1.45136e+06
423	0.329057	-1.38668e+06
424	0.317364	-1.32594e+06
425	0.337745	-1.38815e+06
426	0.342898	-1.56249e+06
427	0.333722	-1.43478e+06
428	0.325725	-1.38528e+06
429	0.356025	-1.65114e+06
430	0.337881	-1.4416e+06
431	0.338277	-1.44484e+06
432	0.333222	-1.44809e+06
433	0.322067	-1.35079e+06
434	0.327041	-1.42485e+06
435	0.336425	-1.47475e+06
436	0.337306	-1.50969e+06
437	0.329271	-1.46894e+06
438	0.318667	-1.39428e+06
439	0.344764	-1.56558e+06
440	0.348858	-1.56477e+06
441	0.339573	-1.52146e+06
442	0.328663	-1.34448e+06
443	0.350122	-1.63593e+06
444	0.332751	-1.41201e+06
445	0.32026	-1.31421e+06
446	0.32903	-1.39853e+06
447	0.351472	-1.65834e+06
448	0.334272	-1.48426e+06
449	0.335747	-1.42531e+06
450	0.34005	-1.49812e+06
451	0.341831	-1.51903e+06
452	0.351193	-1.60225e+06
453	0.34611	-1.52172e+06
454	0.340409	-1.53534e+06
455	0.325488	-1.38488e+06
456	0.327211	-1.42325e+06
457	0.334647	-1.47089e+06
458	0.343645	-1.47694e+06
459	0.326528	-1.41777e+06
460	0.334161	-1.40962e+06
461	0.340491	-1.49544e+06
462	0.329006	-1.38914e+06
463	0.347994	-1.60659e+06
464	0.332179	-1.41919e+06
465	0.326394	-1.33518e+06
466	0.329096	-1.39976e+06
467	0.342772	-1.49084e+06
468	0.341014	-1.56743e+06
469	0.325231	-1.37646e+06
470	0.346996	-1.59986e+06
471	0.334203	-1.486e+06
472	0.336093	-1.43911e+06
473	0.342074	-1.49281e+06
474	0.336411	-1.47147e+06
475	0.343387	-1.53684e+06
476	0.34138	-1.47613e+06
477	0.341047	-1.49963e+06
478	0.340364	-1.55699e+06
479	0.318801	-1.28745e+06
480	0.341654	-1.57811e+06
481	0.3287	-1.34632e+06
482	0.337864	-1.50274e+06
483	0.325006	-1.40041e+06
484	0.340797	-1.45655e+06
485	0.329226	-1.41484e+06
486	0.352667	-1.60356e+06
487	0.34696	-1.6175e+06
488	0.334346	-1.43339e+06
489	0.329695	-1.46127e+06
490	0.333059	-1.43028e+06
491	0.335034	-1.46529e+06
492	0.34891	-1.58462e+06
493	0.340156	-1.53221e+06
494	0.330974	-1.40219e+06
495	0.34598	-1.57241e+06
496	0.332573	-1.41896e+06
497	0.320868	-1.30504e+06
498	0.319737	-1.33621e+06
499	0.34907	-1.5554e+06
500	0.341487	-1.55254e+06
501	0.325978	-1.34002e+06
502	0.338501	-1.50837e+06
503	0.354258	-1.60158e+06
504	0.34628	-1.55043e+06
505	0.350655	-1.59521e+06
506	0.334691	-1.51547e+06
507	0.315851	-1.32919e+06
508	0.338956	-1.47767e+06
509	0.326002	-1.39048e+06
510	0.336945	-1.45913e+06
511	0.345542	-1.53247e+06
512	0.341071	-1.48381e+06
513	0.347931	-1.60386e+06
514	0.336237	-1.52559e+06
515	0.338065	-1.48594e+06
516	0.32999	-1.41739e+06
517	0.353005	-1.64082e+06
518	0.32827	-1.43983e+06
519	0.333272	-1.43765e+06
520	0.338944	-1.46331e+06
521	0.35605	-1.65036e+06
522	0.328833	-1.39217e+06
523	0.343476	-1.52616e+06
524	0.338427	-1.44985e+06
525	0.349422	-1.66156e+06
526	0.331705	-1.51535e+06
527	0.341533	-1.57468e+06
528	0.339956	-1.48708e+06
529	0.332721	-1.39988e+06
530	0.341827	-1.52499e+06
531	0.332923	-1.43394e+06
532	0.346665	-1.61473e+06
533	0.334997	-1.37535e+06
534	0.326714	-1.40592e+06
535	0.344182	-1.58527e+06
536	0.340811	-1.52952e+06
537	0.337786	-1.49983e+06
538	0.328885	-1.42082e+06
539	0.329581	-1.40103e+06
540	0.338495	-1.55564e+06
541	0.312115	-1.23919e+06
542	0.338122	-1.51158e+06
543	0.328753	-1.39728e+06
544	0.342742	-1.51964e+06
545	0.334216	-1.43669e+06
546	0.328755	-1.43568e+06
547	0.361753	-1.68369e+06
548	0.340614	-1.53691e+06
549	0.323694	-1.41996e+06
550	0.343681	-1.56185e+06
551	0.328181	-1.43167e+06
552	0.327648	-1.45722e+06
553	0.331682	-1.42539e+06
554	0.33628	-1.49053e+06
555	0.334701	-1.47614e+06
556	0.341184	-1.52947e+06
557	0.334978	-1.49243e+06
558	0.323514	-1.41566e+06
559	0.314153	-1.26759e+06
560	0.346892	-1.5788e+06
561	0.317596	-1.29851e+06
562	0.331935	-1.41764e+06
563	0.33008	-1.40419e+06
564	0.341099	-1.52761e+06
565	0.340257	-1.49483e+06
566	0.334203	-1.43775e+06
567	0.358393	-1.65954e+06
568	0.345603	-1.51967e+06
569	0.352788	-1.5872e+06
570	0.338079	-1.47035e+06
571	0.360657	-1.68479e+06
572	0.334788	-1.4661e+06
573	0.312355	-1.30861e+06
574	0.328478	-1.4164e+06
575	0.341562	-1.53409e+06
576	0.33358	-1.49055e+06
577	0.338121	-1.43296e+06
578	0.347553	-1.54492e+06
579	0.339602	-1.51482e+06
580	0.336067	-1.41507e+06
581	0.329307	-1.46649e+06
582	0.321723	-1.30064e+06
583	0.325947	-1.28026e+06
584	0.323442	-1.37801e+06
585	0.340148	-1.52878e+06
586	0.326146	-1.39704e+06
587	0.352232	-1.61071e+06
588	0.337705	-1.4234e+06
589	0.32774	-1.35063e+06
590	0.348354	-1.56093e+06
591	0.325258	-1.43423e+06
592	0.336126	-1.43473e+06
593	0.334479	-1.44399e+06
594	0.332609	-1.41983e+06
595	0.336575	-1.45908e+06
596	0.349313	-1.51838e+06
597	0.332252	-1.42295e+06
598	0.335423	-1.49095e+06
599	0.335958	-1.50818e+06
600	0.335324	-1.4502e+06
601	0.339358	-1.44106e+06
602	0.330385	-1.41768e+06
603	0.348499	-1.64748e+06
604	0.321975	-1.32387e+06
605	0.33381	-1.50925e+06
606	0.33304	-1.49353e+06
607	0.31579	-1.29774e+06
608	0.330735	-1.41566e+06
609	0.335077	-1.43326e+06
610	0.327865	-1.36793e+06
611	0.334954	-1.45564e+06
612	0.336772	-1.49603e+06
613	0.33505	-1.47825e+06
614	0.358504	-1.67519e+06
615	0.333353	-1.44323e+06
616	0.340097	-1.48249e+06
617	0.353888	-1.63565e+06
618	0.326257	-1.35546e+06
619	0.336	-1.44016e+06
620	0.320315	-1.33548e+06
621	0.340514	-1.54057e+06
622	0.338145	-1.50636e+06
623	0.344362	-1.56518e+06
624	0.331072	-1.44212e+06
625	0.325788	-1.36622e+06
626	0.332113	-1.44373e+06
627	0.328537	-1.41091e+06
628	0.326942	-1.39104e+06
629	0.326875	-1.40832e+06
630	0.348659	-1.6389e+06
631	0.344043	-1.46093e+06
632	0.35388	-1.63567e+06
633	0.309972	-1.21182e+06
634	0.328157	-1.3704e+06
635	0.342129	-1.52485e+06
636	0.339896	-1.41848e+06
637	0.341666	-1.52598e+06
638	0.337023	-1.45309e+06
639	0.330711	-1.41592e+06
640	0.338222	-1.56187e+06
641	0.339099	-1.49179e+06
642	0.319204	-1.28429e+06
643	0.337633	-1.49147e+06
644	0.342098	-1.51131e+06
645	0.328022	-1.38448e+06
646	0.347828	-1.53058e+06
647	0.336907	-1.50038e+06
648	0.335675	-1.43374e+06
649	0.333671	-1.44092e+06
650	0.346254	-1.55575e+06
651	0.330112	-1.44201e+06
652	0.34346	-1.50544e+06
653	0.33335	-1.45428e+06
654	0.327217	-1.41005e+06
655	0.330593	-1.42269e+06
656	0.34104	-1.51885e+06
657	0.355756	-1.65407e+06
658	0.332406	-1.36793e+06
659	0.331619	-1.38493e+06
660	0.34456	-1.52321e+06
661	0.345209	-1.53304e+06
662	0.355364	-1.65537e+06
663	0.324089	-1.41394e+06
664	0.342245	-1.4922e+06
665	0.337767	-1.51201e+06
666	0.325365	-1.36464e+06
667	0.336557	-1.47059e+06
668	0.347273	-1.57326e+06
669	0.347195	-1.51935e+06
670	0.324101	-1.40366e+06
671	0.334096	-1.41747e+06
672	0.33308	-1.39983e+06
673	0.338837	-1.52512e+06
674	0.335714	-1.50654e+06
675	0.355379	-1.64355e+06
676	0.330286	-1.38323e+06
677	0.334362	-1.44989e+06
678	0.349375	-1.56177e+06
679	0.350234	-1.54796e+06
680	0.341776	-1.51865e+06
681	0.344432	-1.50537e+06
682	0.342014	-1.54473e+06
683	0.34507	-1.56745e+06
684	0.332789	-1.42643e+06
685	0.342375	-1.53301e+06
686	0.34409	-1.50618e+06
687	0.335123	-1.42849e+06
688	0.329094	-1.42148e+06
689	0.337813	-1.44423e+06
690	0.343661	-1.55782e+06
691	0.323221	-1.31215e+06
692	0.356517	-1.59365e+06
693	0.347888	-1.56444e+06
694	0.342719	-1.52493e+06
695	0.329277	-1.44375e+06
696	0.346259	-1.4987e+06
697	0.325743	-1.35205e+06
698	0.312434	-1.21931e+06
699	0.334018	-1.44605e+06
700	0.340876	-1.50822e+06
701	0.345801	-1.5394e+06
702	0.322583	-1.39935e+06
703	0.324756	-1.37538e+06
704	0.326054	-1.36382e+06
705	0.315116	-1.26041e+06
706	0.335855	-1.47802e+06
707	0.354514	-1.66509e+06
708	0.329566	-1.42921e+06
709	0.33013	-1.37075e+06
710	0.325019	-1.42245e+06
711	0.343214	-1.53926e+06
712	0.334591	-1.46265e+06
713	0.336299	-1.48896e+06
714	0.337024	-1.40502e+06
715	0.323192	-1.35162e+06
716	0.342154	-1.5001e+06
717	0.308132	-1.24782e+06
718	0.362014	-1.70797e+06
719	0.320995	-1.38157e+06
720	0.347257	-1.50976e+06
721	0.355684	-1.63942e+06
722	0.328943	-1.40483e+06
723	0.322	-1.33352e+06
724	0.324931	-1.34927e+06
725	0.330409	-1.42825e+06
726	0.326463	-1.41542e+06
727	0.344621	-1.52854e+06
728	0.331845	-1.46251e+06
729	0.32267	-1.34524e+06
730	0.346119	-1.55504e+06
731	0.34055	-1.47787e+06
732	0.337902	-1.48214e+06
733	0.334391	-1.43032e+06
734	0.324153	-1.34612e+06
735	0.341008	-1.53122e+06
736	0.329598	-1.37299e+06
737	0.340061	-1.49875e+06
738	0.358835	-1.63169e+06
739	0.325751	-1.37996e+06
740	0.343809	-1.54921e+06
741	0.34717	-1.57594e+06
742	0.312188	-1.2736e+06
743	0.357726	-1.64204e+06
744	0.338045	-1.51989e+06
745	0.355735	-1.58668e+06
746	0.349428	-1.56995e+06
747	0.330988	-1.44067e+06
748	0.346809	-1.56453e+06
749	0.336814	-1.46748e+06
750	0.324201	-1.37708e+06
751	0.334335	-1.46477e+06
752	0.333249	-1.45055e+06
753	0.328696	-1.40538e+06
754	0.34203	-1.54978e+06
755	0.354924	-1.67627e+06
756	0.337249	-1.49309e+06
757	0.321166	-1.3915e+06
758	0.35131	-1.67848e+06
759	0.325704	-1.32769e+06
760	0.354962	-1.59783e+06
761	0.330527	-1.4416e+06
762	0.325454	-1.39322e+06
763	0.33796	-1.44868e+06
764	0.324731	-1.37491e+06
765	0.314006	-1.26392e+06
766	0.323137	-1.34875e+06
767	0.34889	-1.53319e+06
768	0.324336	-1.41035e+06
769	0.340094	-1.51253e+06
770	0.333607	-1.48763e+06
771	0.345134	-1.53231e+06
772	0.351866	-1.65464e+06
773	0.336475	-1.48315e+06
774	0.353307	-1.62393e+06
775	0.334489	-1.4295e+06
776	0.334658	-1.47737e+06
777	0.351581	-1.60642e+06
778	0.342971	-1.54537e+06
779	0.3369	-1.46359e+06
780	0.347237	-1.58823e+06
781	0.333543	-1.51202e+06
782	0.338552	-1.41825e+06
783	0.341999	-1.56054e+06
784	0.335843	-1.48465e+06
785	0.348578	-1.63369e+06
786	0.318429	-1.33731e+06
787	0.351638	-1.56656e+06
788	0.349829	-1.63572e+06
789	0.358312	-1.65199e+06
790	0.326709	-1.40017e+06
791	0.342425	-1.51149e+06
792	0.330227	-1.41095e+06
793	0.340812	-1.51346e+06
794	0.323672	-1.3788e+06
795	0.338394	-1.46214e+06
796	0.347481	-1.59728e+06
797	0.328013	-1.37082e+06
798	0.321696	-1.34315e+06
799	0.330676	-1.42115e+06
800	0.335815	-1.48519e+06
801	0.344485	-1.53513e+06
802	0.362162	-1.66004e+06
803	0.321617	-1.37233e+06
804	0.348093	-1.55237e+06
805	0.334305	-1.38916e+06
806	0.340614	-1.50878e+06
807	0.337871	-1.47965e+06
808	0.34065	-1.51147e+06
809	0.340797	-1.53299e+06
810	0.333198	-1.40097e+06
811	0.307412	-1.25081e+06
812	0.342636	-1.54078e+06
813	0.339242	-1.47012e+06
814	0.323114	-1.37735e+06
815	0.34135	-1.54258e+06
816	0.342433	-1.50657e+06
817	0.342816	-1.48329e+06
818	0.337143	-1.43727e+06
819	0.339202	-1.45661e+06
820	0.328166	-1.35859e+06
821	0.344862	-1.56242e+06
822	0.326121	-1.3909e+06
823	0.316437	-1.28777e+06
824	0.348985	-1.63112e+06
825	0.342215	-1.54983e+06
826	0.349258	-1.59179e+06
827	0.326456	-1.40628e+06
828	0.356305	-1.64187e+06
829	0.346956	-1.55038e+06
830	0.340008	-1.51747e+06
831	0.358093	-1.66754e+06
832	0.340433	-1.52511e+06
833	0.340266	-1.43871e+06
834	0.351099	-1.57184e+06
835	0.340426	-1.49884e+06
836	0.35032	-1.58351e+06
837	0.33612	-1.47502e+06
838	0.333131	-1.43841e+06
839	0.340851	-1.55714e+06
840	0.331645	-1.38946e+06
841	0.31563	-1.21156e+06
842	0.351135	-1.5852e+06
843	0.336689	-1.45583e+06
844	0.3299	-1.44307e+06
845	0.326986	-1.36376e+06
846	0.335977	-1.46721e+06
847	0.338071	-1.49399e+06
848	0.340178	-1.51815e+06
849	0.34147	-1.55504e+06
850	0.344204	-1.52413e+06
851	0.325031	-1.37107e+06
852	0.337428	-1.50898e+06
853	0.331371	-1.42038e+06
854	0.329886	-1.37719e+06
855	0.329838	-1.4183e+06
856	0.329471	-1.41338e+06
857	0.347357	-1.5976e+06
858	0.326534	-1.33596e+06
859	0.349969	-1.51942e+06
860	0.336868	-1.49599e+06
861	0.320149	-1.328e+06
862	0.344673	-1.56091e+06
863	0.325079	-1.42732e+06
864	0.352262	-1.59414e+06
865	0.340668	-1.50364e+06
866	0.330279	-1.41471e+06
867	0.323758	-1.36472e+06
868	0.360292	-1.66315e+06
869	0.330547	-1.41268e+06
870	0.338099	-1.48186e+06
871	0.33098	-1.39812e+06
872	0.348875	-1.57161e+06
873	0.341541	-1.53032e+06
874	0.33104	-1.46276e+06
875	0.327184	-1.3788e+06
876	0.335444	-1.44643e+06
877	0.338087	-1.44713e+06
878	0.339648	-1.44446e+06
879	0.339645	-1.5184e+06
880	0.328176	-1.41863e+06
881	0.333431	-1.35852e+06
882	0.345197	-1.52248e+06
883	0.332119	-1.40178e+06
884	0.334665	-1.51379e+06
885	0.339335	-1.44644e+06
886	0.329431	-1.46373e+06
887	0.33397	-1.50448e+06
888	0.34595	-1.59442e+06
889	0.342958	-1.51169e+06
890	0.328724	-1.40377e+06
891	0.322782	-1.36108e+06
892	0.334745	-1.42057e+06
893	0.344583	-1.5414e+06
894	0.337463	-1.4921e+06
895	0.342073	-1.51516e+06
896	0.324631	-1.36211e+06
897	0.34043	-1.48188e+06
898	0.311319	-1.25813e+06
899	0.345616	-1.57479e+06
900	0.347201	-1.5623e+06
901	0.339618	-1.55192e+06
902	0.349113	-1.54547e+06
903	0.328284	-1.4206e+06
904	0.333207	-1.39642e+06
905	0.334666	-1.43212e+06
906	0.335987	-1.44694e+06
907	0.336542	-1.47416e+06
908	0.329291	-1.41422e+06
909	0.347396	-1.55218e+06
910	0.333573	-1.49816e+06
911	0.340352	-1.54923e+06
912	0.344339	-1.57733e+06
913	0.340591	-1.46754e+06
914	0.329325	-1.33979e+06
915	0.327262	-1.35485e+06
916	0.316289	-1.30037e+06
917	0.345288	-1.53168e+06
918	0.323399	-1.35897e+06
919	0.351915	-1.60826e+06
920	0.337338	-1.51047e+06
921	0.337373	-1.46683e+06
922	0.32966	-1.43362e+06
923	0.310349	-1.19126e+06
924	0.345147	-1.52809e+06
925	0.34512	-1.62099e+06
926	0.327455	-1.38583e+06
927	0.35937	-1.65062e+06
928	0.353058	-1.58095e+06
929	0.332332	-1.46561e+06
930	0.339752	-1.51141e+06
931	0.343483	-1.56955e+06
932	0.344845	-1.5555e+06
933	0.328319	-1.38766e+06
934	0.33365	-1.44932e+06
935	0.342165	-1.4977e+06
936	0.324246	-1.3827e+06
937	0.303873	-1.22217e+06
938	0.356971	-1.62135e+06
939	0.33674	-1.37725e+06
940	0.347176	-1.5486e+06
941	0.35382	-1.67539e+06
942	0.335526	-1.47352e+06
943	0.335961	-1.47849e+06
944	0.341429	-1.50812e+06
945	0.361084	-1.68155e+06
946	0.322044	-1.30633e+06
947	0.326141	-1.37539e+06
948	0.312885	-1.27991e+06
949	0.33332	-1.42964e+06
950	0.333542	-1.46648e+06
951	0.347508	-1.54565e+06
952	0.33005	-1.3802e+06
953	0.333884	-1.42724e+06
954	0.326696	-1.41607e+06
955	0.332862	-1.47089e+06
956	0.332703	-1.37113e+06
957	0.332859	-1.40682e+06
958	0.342964	-1.54266e+06
959	0.3477	-1.59005e+06
960	0.319684	-1.37016e+06
961	0.33406	-1.42997e+06
962	0.345471	-1.58726e+06
963	0.340397	-1.53139e+06
964	0.370449	-1.78064e+06
965	0.33445	-1.50777e+06
966	0.314806	-1.32165e+06
967	0.348412	-1.50512e+06
968	0.328054	-1.38216e+06
969	0.338038	-1.48e+06
970	0.336091	-1.48143e+06
971	0.34085	-1.50796e+06
972	0.33226	-1.46209e+06
973	0.332249	-1.38907e+06
974	0.34071	-1.57443e+06
975	0.348936	-1.5801e+06
976	0.32053	-1.27217e+06
977	0.32802	-1.4132e+06
978	0.319903	-1.33595e+06
979	0.317061	-1.35389e+06
980	0.332037	-1.46058e+06
981	0.357535	-1.65588e+06
982	0.319539	-1.31433e+06
983	0.324312	-1.35122e+06
984	0.327983	-1.40723e+06
985	0.323027	-1.34521e+06
986	0.330052	-1.42959e+06
987	0.338021	-1.54871e+06
988	0.339837	-1.44618e+06
989	0.319401	-1.33221e+06
990	0.359959	-1.64821e+06
991	0.340418	-1.46556e+06
992	0.352166	-1.62449e+06
993	0.319816	-1.34131e+06
994	0.352831	-1.69443e+06
995	0.341382	-1.48885e+06
996	0.349191	-1.5698e+06
997	0.359605	-1.71408e+06
998	0.33846	-1.48954e+06
999	0.339982	-1.58623e+06
