0	0.315804	-1.26872e+06
1	0.347646	-1.53295e+06
2	0.335204	-1.4819e+06
3	0.334582	-1.43884e+06
4	0.355232	-1.63473e+06
5	0.337939	-1.52194e+06
6	0.337022	-1.43544e+06
7	0.344189	-1.55291e+06
8	0.329499	-1.42181e+06
9	0.32421	-1.37824e+06
10	0.338582	-1.4621e+06
11	0.332453	-1.41392e+06
12	0.323216	-1.34333e+06
13	0.328739	-1.40008e+06
14	0.329706	-1.40945e+06
15	0.332574	-1.40321e+06
16	0.334924	-1.4491e+06
17	0.342254	-1.57972e+06
18	0.317784	-1.34866e+06
19	0.328688	-1.41449e+06
20	0.32368	-1.37777e+06
21	0.329232	-1.42987e+06
22	0.346546	-1.52658e+06
23	0.321496	-1.37469e+06
24	0.348247	-1.56129e+06
25	0.32347	-1.37928e+06
26	0.338051	-1.53358e+06
27	0.315249	-1.29754e+06
28	0.329235	-1.41765e+06
29	0.329554	-1.39209e+06
30	0.351451	-1.60689e+06
31	0.335909	-1.45853e+06
32	0.326101	-1.36126e+06
33	0.315497	-1.25264e+06
34	0.33083	-1.42655e+06
35	0.318621	-1.38251e+06
36	0.349644	-1.57834e+06
37	0.340222	-1.4986e+06
38	0.337518	-1.50919e+06
39	0.33689	-1.50021e+06
40	0.331715	-1.40976e+06
41	0.355729	-1.61715e+06
42	0.340314	-1.51938e+06
43	0.330307	-1.41962e+06
44	0.317354	-1.32229e+06
45	0.352333	-1.59277e+06
46	0.315067	-1.29806e+06
47	0.321085	-1.31554e+06
48	0.335947	-1.38289e+06
49	0.331097	-1.40421e+06
50	0.331008	-1.46177e+06
51	0.340045	-1.49247e+06
52	0.326093	-1.41315e+06
53	0.347305	-1.54181e+06
54	0.33805	-1.44819e+06
55	0.350608	-1.51631e+06
56	0.348413	-1.58145e+06
57	0.351146	-1.62617e+06
58	0.336698	-1.39755e+06
59	0.332344	-1.43509e+06
60	0.317363	-1.26104e+06
61	0.32667	-1.42937e+06
62	0.348125	-1.54362e+06
63	0.329246	-1.41697e+06
64	0.342739	-1.47629e+06
65	0.321571	-1.39917e+06
66	0.344386	-1.53832e+06
67	0.311702	-1.25838e+06
68	0.338826	-1.48027e+06
69	0.31128	-1.27672e+06
70	0.345592	-1.54396e+06
71	0.348609	-1.56519e+06
72	0.341465	-1.47332e+06
73	0.332867	-1.46331e+06
74	0.332888	-1.44493e+06
75	0.340992	-1.54318e+06
76	0.353733	-1.65871e+06
77	0.331878	-1.43943e+06
78	0.337251	-1.4673e+06
79	0.328198	-1.42144e+06
80	0.354262	-1.613e+06
81	0.344426	-1.5316e+06
82	0.322585	-1.41325e+06
83	0.335017	-1.45058e+06
84	0.362426	-1.72748e+06
85	0.32676	-1.37788e+06
86	0.345001	-1.52939e+06
87	0.343558	-1.53674e+06
88	0.327976	-1.37441e+06
89	0.349051	-1.64884e+06
90	0.341557	-1.56771e+06
91	0.338137	-1.46287e+06
92	0.3223	-1.35492e+06
93	0.344026	-1.56385e+06
94	0.327337	-1.38775e+06
95	0.351361	-1.60462e+06
96	0.33547	-1.49042e+06
97	0.329817	-1.42128e+06
98	0.326165	-1.37259e+06
99	0.348595	-1.58194e+06
100	0.319852	-1.27606e+06
101	0.345552	-1.55531e+06
102	0.339132	-1.45382e+06
103	0.332469	-1.4232e+06
104	0.334004	-1.40273e+06
105	0.335124	-1.43512e+06
106	0.358004	-1.62409e+06
107	0.343289	-1.51939e+06
108	0.331881	-1.4534e+06
109	0.338087	-1.48931e+06
110	0.333692	-1.42449e+06
111	0.327089	-1.40492e+06
112	0.335425	-1.41953e+06
113	0.341372	-1.51641e+06
114	0.327325	-1.38697e+06
115	0.325408	-1.41032e+06
116	0.329893	-1.44809e+06
117	0.353716	-1.6403e+06
118	0.325538	-1.36583e+06
119	0.332867	-1.40446e+06
120	0.34271	-1.50486e+06
121	0.331267	-1.39942e+06
122	0.336912	-1.5153e+06
123	0.317223	-1.29337e+06
124	0.350223	-1.55742e+06
125	0.341773	-1.53507e+06
126	0.342581	-1.54149e+06
127	0.315961	-1.31126e+06
128	0.337906	-1.49621e+06
129	0.346676	-1.58546e+06
130	0.33133	-1.52404e+06
131	0.349663	-1.5832e+06
132	0.324633	-1.39113e+06
133	0.315919	-1.32453e+06
134	0.341515	-1.55064e+06
135	0.321626	-1.37919e+06
136	0.332651	-1.37224e+06
137	0.323252	-1.34295e+06
138	0.333587	-1.46593e+06
139	0.334586	-1.4735e+06
140	0.330733	-1.42618e+06
141	0.344596	-1.55537e+06
142	0.336272	-1.45202e+06
143	0.324795	-1.37747e+06
144	0.339635	-1.53437e+06
145	0.349334	-1.61351e+06
146	0.359852	-1.71342e+06
147	0.341154	-1.52424e+06
148	0.33049	-1.45306e+06
149	0.331478	-1.40103e+06
150	0.33336	-1.49008e+06
151	0.322173	-1.32842e+06
152	0.329132	-1.3457e+06
153	0.331279	-1.36579e+06
154	0.341809	-1.49529e+06
155	0.333762	-1.43719e+06
156	0.343275	-1.54835e+06
157	0.354595	-1.6436e+06
158	0.336817	-1.42778e+06
159	0.319962	-1.37647e+06
160	0.329304	-1.39326e+06
161	0.348511	-1.60172e+06
162	0.338496	-1.51332e+06
163	0.33548	-1.502e+06
164	0.350186	-1.55604e+06
165	0.344436	-1.55119e+06
166	0.322156	-1.34892e+06
167	0.334287	-1.49843e+06
168	0.34221	-1.52779e+06
169	0.340821	-1.55319e+06
170	0.345959	-1.55674e+06
171	0.329728	-1.44265e+06
172	0.319096	-1.27372e+06
173	0.346658	-1.58259e+06
174	0.335272	-1.44744e+06
175	0.330229	-1.44568e+06
176	0.340132	-1.49744e+06
177	0.337948	-1.46749e+06
178	0.348187	-1.49627e+06
179	0.353612	-1.63169e+06
180	0.33224	-1.40919e+06
181	0.334153	-1.43373e+06
182	0.34213	-1.48019e+06
183	0.327992	-1.35813e+06
184	0.364634	-1.75849e+06
185	0.338801	-1.49765e+06
186	0.348769	-1.62789e+06
187	0.343921	-1.55065e+06
188	0.344467	-1.55713e+06
189	0.324589	-1.36018e+06
190	0.333097	-1.43944e+06
191	0.309657	-1.26029e+06
192	0.327938	-1.43439e+06
193	0.315071	-1.23476e+06
194	0.332253	-1.41881e+06
195	0.329649	-1.42005e+06
196	0.315628	-1.27784e+06
197	0.335478	-1.42474e+06
198	0.328126	-1.40096e+06
199	0.338234	-1.52175e+06
200	0.332292	-1.41106e+06
201	0.340249	-1.46002e+06
202	0.333194	-1.42243e+06
203	0.333171	-1.40625e+06
204	0.300552	-1.17513e+06
205	0.340264	-1.48154e+06
206	0.345411	-1.57864e+06
207	0.334631	-1.42055e+06
208	0.331056	-1.44941e+06
209	0.331342	-1.38029e+06
210	0.341982	-1.49217e+06
211	0.32674	-1.36031e+06
212	0.320972	-1.34699e+06
213	0.325631	-1.34605e+06
214	0.337301	-1.528e+06
215	0.342993	-1.51671e+06
216	0.347313	-1.59634e+06
217	0.335681	-1.48552e+06
218	0.343188	-1.49708e+06
219	0.339133	-1.48279e+06
220	0.350001	-1.6125e+06
221	0.310465	-1.24523e+06
222	0.330923	-1.35669e+06
223	0.327344	-1.39652e+06
224	0.341659	-1.5308e+06
225	0.334831	-1.47989e+06
226	0.350557	-1.59407e+06
227	0.341857	-1.54355e+06
228	0.340803	-1.52606e+06
229	0.326764	-1.39169e+06
230	0.33972	-1.50163e+06
231	0.319152	-1.26899e+06
232	0.332338	-1.43972e+06
233	0.33058	-1.46715e+06
234	0.341434	-1.50231e+06
235	0.345365	-1.58395e+06
236	0.327792	-1.40448e+06
237	0.339372	-1.46398e+06
238	0.331587	-1.40703e+06
239	0.346598	-1.57244e+06
240	0.347976	-1.53971e+06
241	0.328373	-1.3745e+06
242	0.326671	-1.28904e+06
243	0.332346	-1.45682e+06
244	0.338207	-1.52409e+06
245	0.325764	-1.37131e+06
246	0.346699	-1.52432e+06
247	0.332302	-1.47819e+06
248	0.344722	-1.57752e+06
249	0.334327	-1.53881e+06
250	0.333738	-1.44427e+06
251	0.31533	-1.28618e+06
252	0.324731	-1.41407e+06
253	0.333809	-1.41601e+06
254	0.334838	-1.47354e+06
255	0.327958	-1.40304e+06
256	0.339334	-1.55339e+06
257	0.332012	-1.45335e+06
258	0.322238	-1.33731e+06
259	0.326544	-1.41659e+06
260	0.333543	-1.47887e+06
261	0.328774	-1.38163e+06
262	0.334518	-1.48616e+06
263	0.343368	-1.50705e+06
264	0.350881	-1.61991e+06
265	0.340731	-1.48446e+06
266	0.334987	-1.4694e+06
267	0.351847	-1.62761e+06
268	0.323173	-1.34138e+06
269	0.333376	-1.48937e+06
270	0.342054	-1.49135e+06
271	0.334627	-1.46611e+06
272	0.335201	-1.42833e+06
273	0.340152	-1.47194e+06
274	0.331775	-1.39216e+06
275	0.354217	-1.64929e+06
276	0.360934	-1.78298e+06
277	0.360287	-1.65823e+06
278	0.342946	-1.51846e+06
279	0.331474	-1.47805e+06
280	0.332386	-1.44232e+06
281	0.306203	-1.25079e+06
282	0.328851	-1.47597e+06
283	0.333259	-1.48431e+06
284	0.32672	-1.38363e+06
285	0.321257	-1.32639e+06
286	0.340019	-1.49411e+06
287	0.330371	-1.39722e+06
288	0.35938	-1.63206e+06
289	0.318164	-1.28931e+06
290	0.337581	-1.55356e+06
291	0.332605	-1.41165e+06
292	0.34041	-1.45581e+06
293	0.338074	-1.53131e+06
294	0.332986	-1.45778e+06
295	0.336936	-1.48784e+06
296	0.340911	-1.55295e+06
297	0.335705	-1.52381e+06
298	0.362612	-1.73263e+06
299	0.334857	-1.46777e+06
300	0.335773	-1.44069e+06
301	0.33223	-1.47945e+06
302	0.343688	-1.54824e+06
303	0.346228	-1.59434e+06
304	0.331785	-1.41911e+06
305	0.329203	-1.36771e+06
306	0.32355	-1.30444e+06
307	0.328443	-1.41358e+06
308	0.335553	-1.4896e+06
309	0.327802	-1.40667e+06
310	0.323277	-1.31134e+06
311	0.325921	-1.34153e+06
312	0.342103	-1.49491e+06
313	0.341556	-1.51229e+06
314	0.323982	-1.35612e+06
315	0.325232	-1.33339e+06
316	0.327527	-1.39627e+06
317	0.346724	-1.55411e+06
318	0.332031	-1.43273e+06
319	0.334223	-1.43825e+06
320	0.343004	-1.51023e+06
321	0.326316	-1.40732e+06
322	0.321594	-1.32762e+06
323	0.327937	-1.39392e+06
324	0.332639	-1.46756e+06
325	0.332841	-1.46272e+06
326	0.324814	-1.39195e+06
327	0.327413	-1.40738e+06
328	0.331746	-1.41309e+06
329	0.336716	-1.48245e+06
330	0.343264	-1.50065e+06
331	0.339243	-1.49753e+06
332	0.35844	-1.65407e+06
333	0.328321	-1.39273e+06
334	0.338885	-1.51087e+06
335	0.317808	-1.29654e+06
336	0.346348	-1.55867e+06
337	0.326966	-1.36791e+06
338	0.335262	-1.51984e+06
339	0.3461	-1.54687e+06
340	0.335406	-1.47261e+06
341	0.335006	-1.4187e+06
342	0.344921	-1.57916e+06
343	0.347974	-1.5546e+06
344	0.34219	-1.59212e+06
345	0.33264	-1.44663e+06
346	0.324678	-1.39e+06
347	0.346629	-1.61552e+06
348	0.346832	-1.50321e+06
349	0.332044	-1.42484e+06
350	0.314673	-1.25792e+06
351	0.350435	-1.63429e+06
352	0.334877	-1.42805e+06
353	0.349131	-1.56241e+06
354	0.331497	-1.46403e+06
355	0.357154	-1.61168e+06
356	0.353223	-1.64474e+06
357	0.334362	-1.44017e+06
358	0.325863	-1.38203e+06
359	0.335998	-1.47879e+06
360	0.334423	-1.44043e+06
361	0.337526	-1.47578e+06
362	0.344807	-1.50985e+06
363	0.338384	-1.48722e+06
364	0.33391	-1.5108e+06
365	0.33671	-1.44042e+06
366	0.335183	-1.38071e+06
367	0.345477	-1.55409e+06
368	0.356588	-1.62141e+06
369	0.325804	-1.39907e+06
370	0.313008	-1.25656e+06
371	0.32108	-1.33783e+06
372	0.350303	-1.60281e+06
373	0.345447	-1.5617e+06
374	0.356676	-1.61426e+06
375	0.329314	-1.44626e+06
376	0.328343	-1.38135e+06
377	0.337879	-1.44495e+06
378	0.341735	-1.50957e+06
379	0.355419	-1.61262e+06
380	0.353139	-1.62602e+06
381	0.355076	-1.61789e+06
382	0.332789	-1.41519e+06
383	0.32338	-1.36541e+06
384	0.320333	-1.30339e+06
385	0.330801	-1.4133e+06
386	0.333028	-1.40192e+06
387	0.339594	-1.47426e+06
388	0.325146	-1.36342e+06
389	0.334508	-1.44876e+06
390	0.346005	-1.53823e+06
391	0.332018	-1.42486e+06
392	0.331196	-1.43262e+06
393	0.337692	-1.49126e+06
394	0.351967	-1.60333e+06
395	0.353377	-1.61483e+06
396	0.334139	-1.46936e+06
397	0.317866	-1.29113e+06
398	0.321973	-1.32452e+06
399	0.324208	-1.35643e+06
400	0.327939	-1.3693e+06
401	0.344666	-1.53182e+06
402	0.327972	-1.34853e+06
403	0.344166	-1.5701e+06
404	0.340526	-1.52211e+06
405	0.324264	-1.35101e+06
406	0.327927	-1.48265e+06
407	0.327968	-1.43689e+06
408	0.333125	-1.51197e+06
409	0.323194	-1.41088e+06
410	0.333226	-1.45406e+06
411	0.341121	-1.49817e+06
412	0.348093	-1.51126e+06
413	0.333386	-1.45547e+06
414	0.333753	-1.4797e+06
415	0.339858	-1.52335e+06
416	0.33259	-1.463e+06
417	0.338879	-1.47041e+06
418	0.342526	-1.53486e+06
419	0.339118	-1.46684e+06
420	0.326155	-1.36995e+06
421	0.3374	-1.44344e+06
422	0.333723	-1.42594e+06
423	0.332873	-1.41423e+06
424	0.349229	-1.59702e+06
425	0.331454	-1.38748e+06
426	0.339786	-1.52662e+06
427	0.345187	-1.51728e+06
428	0.329785	-1.43593e+06
429	0.332574	-1.48339e+06
430	0.349334	-1.54868e+06
431	0.339858	-1.469e+06
432	0.340163	-1.51373e+06
433	0.334787	-1.50745e+06
434	0.339264	-1.56178e+06
435	0.329167	-1.36274e+06
436	0.326197	-1.32827e+06
437	0.340472	-1.45455e+06
438	0.340183	-1.5284e+06
439	0.32845	-1.41942e+06
440	0.334946	-1.45628e+06
441	0.33936	-1.51781e+06
442	0.328377	-1.40691e+06
443	0.341676	-1.49315e+06
444	0.33318	-1.39373e+06
445	0.32904	-1.38409e+06
446	0.338847	-1.48422e+06
447	0.34332	-1.56929e+06
448	0.353975	-1.65404e+06
449	0.33733	-1.49047e+06
450	0.348198	-1.60113e+06
451	0.321565	-1.39132e+06
452	0.348562	-1.57523e+06
453	0.336457	-1.47895e+06
454	0.326648	-1.40898e+06
455	0.332947	-1.46101e+06
456	0.337091	-1.44519e+06
457	0.333912	-1.4739e+06
458	0.342695	-1.53788e+06
459	0.334327	-1.41881e+06
460	0.329483	-1.3935e+06
461	0.339389	-1.48441e+06
462	0.349344	-1.51765e+06
463	0.337787	-1.46179e+06
464	0.350313	-1.65982e+06
465	0.328659	-1.34898e+06
466	0.333192	-1.44136e+06
467	0.338429	-1.47495e+06
468	0.325479	-1.39887e+06
469	0.324213	-1.35492e+06
470	0.332383	-1.45755e+06
471	0.326908	-1.34129e+06
472	0.335613	-1.47243e+06
473	0.340886	-1.47588e+06
474	0.333169	-1.44269e+06
475	0.35457	-1.64294e+06
476	0.336869	-1.49493e+06
477	0.358452	-1.67296e+06
478	0.331543	-1.46543e+06
479	0.332798	-1.44312e+06
480	0.331383	-1.4176e+06
481	0.349402	-1.57642e+06
482	0.335807	-1.45836e+06
483	0.348349	-1.56693e+06
484	0.349039	-1.60436e+06
485	0.335408	-1.45878e+06
486	0.309849	-1.29832e+06
487	0.328231	-1.44166e+06
488	0.348088	-1.56011e+06
489	0.321502	-1.40388e+06
490	0.336674	-1.45204e+06
491	0.335876	-1.44396e+06
492	0.333385	-1.41757e+06
493	0.331632	-1.45147e+06
494	0.322768	-1.32201e+06
495	0.333208	-1.46404e+06
496	0.332798	-1.46325e+06
497	0.344881	-1.538e+06
498	0.33491	-1.45283e+06
499	0.341072	-1.46876e+06
500	0.347505	-1.51288e+06
501	0.319504	-1.32341e+06
502	0.339847	-1.46649e+06
503	0.31991	-1.34753e+06
504	0.351812	-1.66694e+06
505	0.329607	-1.42408e+06
506	0.333319	-1.4637e+06
507	0.319484	-1.2774e+06
508	0.340147	-1.56676e+06
509	0.358551	-1.63344e+06
510	0.345433	-1.53577e+06
511	0.324214	-1.42502e+06
512	0.349939	-1.63007e+06
513	0.340428	-1.47244e+06
514	0.337039	-1.48305e+06
515	0.35371	-1.61437e+06
516	0.314579	-1.28809e+06
517	0.334931	-1.50957e+06
518	0.332051	-1.41265e+06
519	0.316583	-1.25629e+06
520	0.34591	-1.55208e+06
521	0.337043	-1.40496e+06
522	0.335629	-1.42407e+06
523	0.341302	-1.50229e+06
524	0.335291	-1.47312e+06
525	0.347855	-1.56984e+06
526	0.343951	-1.57189e+06
527	0.346115	-1.56137e+06
528	0.327618	-1.39168e+06
529	0.334101	-1.46063e+06
530	0.323172	-1.39553e+06
531	0.328984	-1.41857e+06
532	0.345294	-1.57829e+06
533	0.341006	-1.44887e+06
534	0.333842	-1.4661e+06
535	0.325235	-1.36407e+06
536	0.339897	-1.51467e+06
537	0.354622	-1.59694e+06
538	0.316563	-1.3384e+06
539	0.33362	-1.46632e+06
540	0.330118	-1.37986e+06
541	0.33938	-1.5237e+06
542	0.350218	-1.53477e+06
543	0.345735	-1.49714e+06
544	0.338467	-1.52684e+06
545	0.33009	-1.36005e+06
546	0.334885	-1.48193e+06
547	0.316241	-1.23802e+06
548	0.336608	-1.48581e+06
549	0.334097	-1.39669e+06
550	0.348127	-1.56074e+06
551	0.335574	-1.49876e+06
552	0.332582	-1.43885e+06
553	0.331109	-1.4307e+06
554	0.317977	-1.32508e+06
555	0.33082	-1.42327e+06
556	0.350878	-1.60319e+06
557	0.348233	-1.57303e+06
558	0.331193	-1.43756e+06
559	0.328351	-1.38228e+06
560	0.333457	-1.41618e+06
561	0.32921	-1.38996e+06
562	0.338408	-1.49826e+06
563	0.34991	-1.586e+06
564	0.326228	-1.41613e+06
565	0.335365	-1.46265e+06
566	0.320705	-1.34196e+06
567	0.35255	-1.61566e+06
568	0.324675	-1.36981e+06
569	0.358254	-1.748e+06
570	0.32938	-1.4255e+06
571	0.323193	-1.33819e+06
572	0.339184	-1.50292e+06
573	0.342838	-1.56182e+06
574	0.3494	-1.61643e+06
575	0.352044	-1.57302e+06
576	0.315799	-1.37441e+06
577	0.332041	-1.44038e+06
578	0.318781	-1.35501e+06
579	0.328638	-1.44234e+06
580	0.332459	-1.47488e+06
581	0.331411	-1.42254e+06
582	0.334946	-1.45405e+06
583	0.342629	-1.5129e+06
584	0.3477	-1.60327e+06
585	0.308536	-1.21922e+06
586	0.345437	-1.51295e+06
587	0.329865	-1.38875e+06
588	0.350229	-1.57448e+06
589	0.331556	-1.39023e+06
590	0.332883	-1.35466e+06
591	0.330145	-1.45101e+06
592	0.348335	-1.52334e+06
593	0.334611	-1.41737e+06
594	0.31946	-1.30734e+06
595	0.356929	-1.61462e+06
596	0.334258	-1.4653e+06
597	0.323966	-1.28126e+06
598	0.318404	-1.31184e+06
599	0.330258	-1.45671e+06
600	0.337341	-1.48936e+06
601	0.320007	-1.35019e+06
602	0.334257	-1.42815e+06
603	0.328458	-1.39323e+06
604	0.330235	-1.40301e+06
605	0.334558	-1.47272e+06
606	0.333892	-1.3924e+06
607	0.340686	-1.49328e+06
608	0.354116	-1.64208e+06
609	0.32783	-1.3781e+06
610	0.334684	-1.43496e+06
611	0.355213	-1.60334e+06
612	0.334006	-1.49202e+06
613	0.320305	-1.32517e+06
614	0.331757	-1.46963e+06
615	0.316337	-1.3091e+06
616	0.333534	-1.44669e+06
617	0.331652	-1.4344e+06
618	0.334001	-1.47012e+06
619	0.32136	-1.32421e+06
620	0.337638	-1.46964e+06
621	0.333549	-1.46198e+06
622	0.345228	-1.54014e+06
623	0.335806	-1.50172e+06
624	0.328777	-1.41149e+06
625	0.361965	-1.73119e+06
626	0.336919	-1.41225e+06
627	0.33409	-1.47115e+06
628	0.331959	-1.44125e+06
629	0.336002	-1.44551e+06
630	0.338057	-1.48904e+06
631	0.345217	-1.52256e+06
632	0.34209	-1.56912e+06
633	0.33922	-1.43917e+06
634	0.347338	-1.55771e+06
635	0.338104	-1.48452e+06
636	0.335034	-1.46041e+06
637	0.34066	-1.45548e+06
638	0.346623	-1.5964e+06
639	0.354933	-1.66823e+06
640	0.332259	-1.43629e+06
641	0.337817	-1.53874e+06
642	0.326457	-1.38409e+06
643	0.334177	-1.42338e+06
644	0.344181	-1.45857e+06
645	0.343298	-1.4868e+06
646	0.361926	-1.72101e+06
647	0.347909	-1.53402e+06
648	0.353034	-1.60136e+06
649	0.348699	-1.54962e+06
650	0.335229	-1.50293e+06
651	0.326769	-1.38724e+06
652	0.33537	-1.51217e+06
653	0.33944	-1.46911e+06
654	0.336213	-1.47349e+06
655	0.335743	-1.46397e+06
656	0.332752	-1.44624e+06
657	0.324438	-1.3775e+06
658	0.342437	-1.51111e+06
659	0.331403	-1.39568e+06
660	0.332155	-1.52231e+06
661	0.33683	-1.49758e+06
662	0.339339	-1.51326e+06
663	0.344048	-1.52071e+06
664	0.320184	-1.34873e+06
665	0.335044	-1.44803e+06
666	0.317438	-1.2824e+06
667	0.322891	-1.30613e+06
668	0.342792	-1.48717e+06
669	0.333961	-1.45913e+06
670	0.336833	-1.51528e+06
671	0.325192	-1.37217e+06
672	0.339603	-1.48189e+06
673	0.35288	-1.66785e+06
674	0.336834	-1.46082e+06
675	0.33101	-1.33939e+06
676	0.320274	-1.28978e+06
677	0.348547	-1.54864e+06
678	0.323611	-1.40166e+06
679	0.343395	-1.55577e+06
680	0.326077	-1.36256e+06
681	0.335551	-1.42805e+06
682	0.320628	-1.36344e+06
683	0.333371	-1.45286e+06
684	0.330385	-1.4443e+06
685	0.327639	-1.3988e+06
686	0.333499	-1.48064e+06
687	0.340962	-1.51538e+06
688	0.337967	-1.54368e+06
689	0.351243	-1.60196e+06
690	0.307515	-1.25432e+06
691	0.347343	-1.5871e+06
692	0.340454	-1.46992e+06
693	0.340129	-1.54204e+06
694	0.340828	-1.54151e+06
695	0.315825	-1.27779e+06
696	0.335299	-1.45462e+06
697	0.32702	-1.33983e+06
698	0.33129	-1.45157e+06
699	0.332972	-1.44441e+06
700	0.35124	-1.58791e+06
701	0.335653	-1.46042e+06
702	0.33863	-1.48635e+06
703	0.317132	-1.31889e+06
704	0.332552	-1.45087e+06
705	0.316636	-1.34304e+06
706	0.356155	-1.64983e+06
707	0.334668	-1.42426e+06
708	0.350653	-1.60625e+06
709	0.339987	-1.51365e+06
710	0.33895	-1.5003e+06
711	0.352617	-1.65965e+06
712	0.341868	-1.54556e+06
713	0.325043	-1.34709e+06
714	0.334482	-1.46805e+06
715	0.332868	-1.43244e+06
716	0.323443	-1.3795e+06
717	0.32696	-1.40602e+06
718	0.342907	-1.51254e+06
719	0.337363	-1.48955e+06
720	0.333823	-1.42316e+06
721	0.340743	-1.43088e+06
722	0.35535	-1.65037e+06
723	0.328604	-1.36049e+06
724	0.333724	-1.50539e+06
725	0.32997	-1.39071e+06
726	0.337695	-1.43333e+06
727	0.33645	-1.47858e+06
728	0.343695	-1.55999e+06
729	0.337264	-1.46394e+06
730	0.338806	-1.47689e+06
731	0.324628	-1.37231e+06
732	0.335926	-1.49447e+06
733	0.336336	-1.48532e+06
734	0.337482	-1.4577e+06
735	0.339074	-1.49295e+06
736	0.343971	-1.55652e+06
737	0.347292	-1.59487e+06
738	0.321969	-1.41534e+06
739	0.328953	-1.39972e+06
740	0.333429	-1.45603e+06
741	0.341576	-1.50882e+06
742	0.322816	-1.38175e+06
743	0.338603	-1.50045e+06
744	0.339665	-1.44426e+06
745	0.315631	-1.26158e+06
746	0.330264	-1.40071e+06
747	0.335148	-1.48612e+06
748	0.333957	-1.42161e+06
749	0.332088	-1.43867e+06
750	0.35742	-1.64083e+06
751	0.323349	-1.35239e+06
752	0.329576	-1.43549e+06
753	0.338018	-1.52716e+06
754	0.335845	-1.48137e+06
755	0.330401	-1.42896e+06
756	0.325107	-1.36247e+06
757	0.336588	-1.49695e+06
758	0.325524	-1.38331e+06
759	0.342763	-1.4892e+06
760	0.348683	-1.61715e+06
761	0.333374	-1.42505e+06
762	0.337328	-1.43245e+06
763	0.348163	-1.58103e+06
764	0.336009	-1.45669e+06
765	0.339069	-1.45769e+06
766	0.350232	-1.59051e+06
767	0.349176	-1.57303e+06
768	0.345463	-1.5726e+06
769	0.329836	-1.41484e+06
770	0.338062	-1.45181e+06
771	0.327204	-1.42995e+06
772	0.343382	-1.53544e+06
773	0.321621	-1.3469e+06
774	0.328678	-1.37107e+06
775	0.345618	-1.53119e+06
776	0.328041	-1.36947e+06
777	0.334136	-1.45099e+06
778	0.330408	-1.37781e+06
779	0.337052	-1.52046e+06
780	0.337982	-1.43525e+06
781	0.322093	-1.34414e+06
782	0.327187	-1.38187e+06
783	0.340866	-1.53506e+06
784	0.326505	-1.36599e+06
785	0.338361	-1.38816e+06
786	0.341058	-1.43434e+06
787	0.329186	-1.41093e+06
788	0.346753	-1.59603e+06
789	0.326449	-1.38905e+06
790	0.340281	-1.52996e+06
791	0.330006	-1.36291e+06
792	0.357397	-1.63658e+06
793	0.329109	-1.36529e+06
794	0.349195	-1.5929e+06
795	0.322949	-1.31109e+06
796	0.340474	-1.48056e+06
797	0.346717	-1.5251e+06
798	0.333012	-1.40388e+06
799	0.345084	-1.50604e+06
800	0.3229	-1.39166e+06
801	0.334281	-1.40284e+06
802	0.340735	-1.45548e+06
803	0.350182	-1.57359e+06
804	0.325163	-1.43079e+06
805	0.332872	-1.48801e+06
806	0.337742	-1.49191e+06
807	0.333716	-1.48017e+06
808	0.342962	-1.49679e+06
809	0.334453	-1.44363e+06
810	0.336724	-1.44816e+06
811	0.33529	-1.48883e+06
812	0.341493	-1.47168e+06
813	0.324132	-1.3422e+06
814	0.330559	-1.45519e+06
815	0.352868	-1.65379e+06
816	0.328886	-1.42513e+06
817	0.353462	-1.61499e+06
818	0.328499	-1.4142e+06
819	0.326265	-1.36227e+06
820	0.344251	-1.50094e+06
821	0.340738	-1.49767e+06
822	0.335874	-1.5036e+06
823	0.312532	-1.32557e+06
824	0.346025	-1.58396e+06
825	0.330273	-1.4311e+06
826	0.341082	-1.52331e+06
827	0.330448	-1.41628e+06
828	0.373534	-1.82607e+06
829	0.334049	-1.45169e+06
830	0.340894	-1.48722e+06
831	0.340543	-1.49337e+06
832	0.348129	-1.58502e+06
833	0.343738	-1.61668e+06
834	0.35153	-1.59664e+06
835	0.335534	-1.46893e+06
836	0.34618	-1.53526e+06
837	0.328321	-1.41186e+06
838	0.33763	-1.51324e+06
839	0.333923	-1.44951e+06
840	0.346118	-1.59455e+06
841	0.343847	-1.48687e+06
842	0.338954	-1.55547e+06
843	0.336341	-1.44877e+06
844	0.351855	-1.60158e+06
845	0.322544	-1.32402e+06
846	0.339374	-1.54585e+06
847	0.320749	-1.39842e+06
848	0.342709	-1.51696e+06
849	0.353613	-1.60807e+06
850	0.324434	-1.29893e+06
851	0.350196	-1.54575e+06
852	0.331617	-1.45564e+06
853	0.350581	-1.55905e+06
854	0.350197	-1.55042e+06
855	0.326822	-1.39963e+06
856	0.350294	-1.55239e+06
857	0.33519	-1.44229e+06
858	0.332052	-1.42956e+06
859	0.33759	-1.44918e+06
860	0.313336	-1.27162e+06
861	0.340978	-1.56045e+06
862	0.360227	-1.69366e+06
863	0.34805	-1.55772e+06
864	0.338714	-1.49003e+06
865	0.341513	-1.46483e+06
866	0.334789	-1.47328e+06
867	0.33412	-1.44762e+06
868	0.351473	-1.59359e+06
869	0.337332	-1.42472e+06
870	0.352798	-1.61526e+06
871	0.340242	-1.50021e+06
872	0.319628	-1.30123e+06
873	0.330823	-1.43117e+06
874	0.339617	-1.5116e+06
875	0.333617	-1.49953e+06
876	0.34188	-1.4686e+06
877	0.350253	-1.64668e+06
878	0.33091	-1.39988e+06
879	0.341329	-1.51712e+06
880	0.344103	-1.57209e+06
881	0.350851	-1.59903e+06
882	0.33002	-1.40113e+06
883	0.341101	-1.47818e+06
884	0.338634	-1.4382e+06
885	0.324654	-1.40996e+06
886	0.338108	-1.4768e+06
887	0.337086	-1.50149e+06
888	0.32833	-1.3893e+06
889	0.319663	-1.32846e+06
890	0.345103	-1.55181e+06
891	0.334456	-1.35976e+06
892	0.33568	-1.52129e+06
893	0.32914	-1.39331e+06
894	0.350696	-1.57133e+06
895	0.342487	-1.45908e+06
896	0.330759	-1.41251e+06
897	0.339351	-1.48628e+06
898	0.358157	-1.64799e+06
899	0.330637	-1.45867e+06
900	0.340074	-1.52846e+06
901	0.358441	-1.69296e+06
902	0.356274	-1.6339e+06
903	0.338317	-1.43858e+06
904	0.335983	-1.46523e+06
905	0.332049	-1.43883e+06
906	0.328826	-1.43519e+06
907	0.35272	-1.59973e+06
908	0.323319	-1.37969e+06
909	0.342929	-1.54507e+06
910	0.347345	-1.56606e+06
911	0.336484	-1.51408e+06
912	0.336901	-1.44932e+06
913	0.328074	-1.40061e+06
914	0.330297	-1.41578e+06
915	0.321302	-1.27752e+06
916	0.332245	-1.44794e+06
917	0.336015	-1.44059e+06
918	0.344027	-1.5015e+06
919	0.354555	-1.63715e+06
920	0.329469	-1.44856e+06
921	0.32763	-1.38587e+06
922	0.340096	-1.50729e+06
923	0.329011	-1.4679e+06
924	0.347208	-1.53145e+06
925	0.335351	-1.36682e+06
926	0.326959	-1.41864e+06
927	0.341348	-1.47918e+06
928	0.342795	-1.52381e+06
929	0.340742	-1.49419e+06
930	0.330715	-1.4173e+06
931	0.35238	-1.6455e+06
932	0.341933	-1.53254e+06
933	0.336365	-1.5107e+06
934	0.337145	-1.5383e+06
935	0.34305	-1.54022e+06
936	0.342217	-1.52892e+06
937	0.340324	-1.49788e+06
938	0.334173	-1.46743e+06
939	0.327113	-1.39533e+06
940	0.331168	-1.42414e+06
941	0.325399	-1.3437e+06
942	0.348996	-1.55808e+06
943	0.327178	-1.37867e+06
944	0.334156	-1.41336e+06
945	0.33915	-1.4726e+06
946	0.341318	-1.5246e+06
947	0.320328	-1.3496e+06
948	0.335037	-1.42559e+06
949	0.357979	-1.58951e+06
950	0.33486	-1.49014e+06
951	0.341963	-1.54683e+06
952	0.324878	-1.36137e+06
953	0.343303	-1.51503e+06
954	0.329302	-1.43682e+06
955	0.306802	-1.19636e+06
956	0.340576	-1.46134e+06
957	0.324371	-1.38296e+06
958	0.323427	-1.3739e+06
959	0.328982	-1.39348e+06
960	0.321802	-1.34108e+06
961	0.331996	-1.4091e+06
962	0.320638	-1.32959e+06
963	0.319533	-1.33252e+06
964	0.342827	-1.52414e+06
965	0.352269	-1.60285e+06
966	0.341631	-1.57365e+06
967	0.322611	-1.35649e+06
968	0.328198	-1.46388e+06
969	0.325952	-1.35126e+06
970	0.327761	-1.3674e+06
971	0.337961	-1.49159e+06
972	0.332171	-1.44212e+06
973	0.33867	-1.42196e+06
974	0.337135	-1.50633e+06
975	0.331793	-1.39102e+06
976	0.333086	-1.42251e+06
977	0.336137	-1.49102e+06
978	0.347798	-1.63441e+06
979	0.337063	-1.43774e+06
980	0.332954	-1.46379e+06
981	0.344356	-1.56449e+06
982	0.335693	-1.51077e+06
983	0.334021	-1.44547e+06
984	0.343145	-1.51784e+06
985	0.326049	-1.39536e+06
986	0.321779	-1.30493e+06
987	0.321556	-1.35684e+06
988	0.340275	-1.49319e+06
989	0.335236	-1.43572e+06
990	0.331305	-1.43555e+06
991	0.318772	-1.39693e+06
992	0.330668	-1.42194e+06
993	0.332475	-1.44228e+06
994	0.331796	-1.50449e+06
995	0.324256	-1.38774e+06
996	0.339702	-1.48592e+06
997	0.327141	-1.3849e+06
998	0.347615	-1.57253e+06
999	0.340183	-1.44879e+06
