 &plot nbnd=  10, nks=   151 /
            0.500000  0.250000  0.865720
  -64.037  -32.814  -32.806  -32.799    8.675    8.990    9.415    9.518    9.910   10.742
            0.483333  0.241667  0.836863
  -64.037  -32.814  -32.806  -32.798    8.598    8.970    9.475    9.570    9.879   10.740
            0.466667  0.233333  0.808006
  -64.037  -32.814  -32.806  -32.798    8.524    8.957    9.499    9.634    9.860   10.742
            0.450000  0.225000  0.779148
  -64.037  -32.814  -32.806  -32.798    8.455    8.953    9.498    9.685    9.857   10.745
            0.433333  0.216667  0.750291
  -64.037  -32.814  -32.806  -32.797    8.393    8.957    9.487    9.708    9.874   10.730
            0.416667  0.208333  0.721434
  -64.037  -32.814  -32.806  -32.797    8.338    8.966    9.475    9.708    9.899   10.671
            0.400000  0.200000  0.692576
  -64.037  -32.815  -32.805  -32.797    8.292    8.973    9.468    9.701    9.911   10.570
            0.383333  0.191667  0.663719
  -64.037  -32.815  -32.805  -32.796    8.254    8.976    9.466    9.696    9.898   10.447
            0.366667  0.183333  0.634862
  -64.037  -32.815  -32.804  -32.796    8.225    8.972    9.466    9.697    9.858   10.322
            0.350000  0.175000  0.606004
  -64.037  -32.815  -32.804  -32.796    8.206    8.960    9.459    9.696    9.807   10.205
            0.333333  0.166667  0.577147
  -64.037  -32.815  -32.803  -32.795    8.198    8.942    9.435    9.666    9.785   10.102
            0.316667  0.158333  0.548290
  -64.037  -32.815  -32.803  -32.795    8.201    8.917    9.383    9.623    9.793   10.014
            0.300000  0.150000  0.519432
  -64.038  -32.815  -32.802  -32.795    8.216    8.884    9.305    9.594    9.802    9.947
            0.283333  0.141667  0.490575
  -64.038  -32.815  -32.801  -32.795    8.243    8.842    9.218    9.567    9.797    9.916
            0.266667  0.133333  0.461718
  -64.038  -32.815  -32.800  -32.794    8.280    8.786    9.134    9.528    9.779    9.928
            0.250000  0.125000  0.432860
  -64.038  -32.815  -32.800  -32.794    8.322    8.716    9.059    9.471    9.770    9.962
            0.233333  0.116667  0.404003
  -64.038  -32.815  -32.799  -32.794    8.345    8.639    9.003    9.402    9.777   10.007
            0.216667  0.108333  0.375146
  -64.038  -32.816  -32.798  -32.794    8.276    8.614    8.978    9.333    9.797   10.055
            0.200000  0.100000  0.346288
  -64.038  -32.816  -32.798  -32.794    8.093    8.656    8.989    9.272    9.828   10.104
            0.183333  0.091667  0.317431
  -64.038  -32.816  -32.797  -32.793    7.852    8.716    9.035    9.233    9.869   10.151
            0.166667  0.083333  0.288573
  -64.038  -32.816  -32.796  -32.793    7.586    8.775    9.090    9.242    9.920   10.194
            0.150000  0.075000  0.259716
  -64.038  -32.816  -32.796  -32.793    7.313    8.835    9.106    9.335    9.980   10.232
            0.133333  0.066667  0.230859
  -64.038  -32.816  -32.795  -32.793    7.047    8.898    9.108    9.476   10.049   10.263
            0.116667  0.058333  0.202001
  -64.038  -32.816  -32.795  -32.793    6.798    8.967    9.117    9.634   10.124   10.288
            0.100000  0.050000  0.173144
  -64.038  -32.816  -32.794  -32.793    6.573    9.040    9.136    9.795   10.204   10.306
            0.083333  0.041667  0.144287
  -64.038  -32.816  -32.794  -32.793    6.376    9.114    9.168    9.947   10.276   10.328
            0.066667  0.033333  0.115429
  -64.038  -32.816  -32.794  -32.792    6.211    9.174    9.221   10.077   10.297   10.390
            0.050000  0.025000  0.086572
  -64.038  -32.816  -32.793  -32.792    6.080    9.216    9.288   10.164   10.294   10.449
            0.033333  0.016667  0.057715
  -64.038  -32.816  -32.793  -32.792    5.985    9.250    9.349   10.198   10.287   10.466
            0.016667  0.008333  0.028857
  -64.038  -32.816  -32.793  -32.792    5.928    9.273    9.392   10.200   10.283   10.452
            0.000000  0.000000  0.000000
  -64.038  -32.816  -32.793  -32.792    5.909    9.281    9.408   10.197   10.282   10.444
            0.016667  0.000000  0.019238
  -64.038  -32.816  -32.793  -32.792    5.920    9.278    9.402   10.198   10.282   10.446
            0.033333  0.000000  0.038476
  -64.038  -32.816  -32.793  -32.792    5.951    9.268    9.384   10.197   10.280   10.452
            0.050000  0.000000  0.057715
  -64.038  -32.816  -32.793  -32.792    6.003    9.253    9.359   10.184   10.277   10.457
            0.066667  0.000000  0.076953
  -64.038  -32.816  -32.793  -32.792    6.075    9.230    9.330   10.146   10.272   10.467
            0.083333  0.000000  0.096191
  -64.038  -32.816  -32.794  -32.792    6.168    9.200    9.302   10.077   10.263   10.487
            0.100000  0.000000  0.115429
  -64.038  -32.816  -32.794  -32.792    6.279    9.163    9.279    9.985   10.249   10.417
            0.116667  0.000000  0.134668
  -64.038  -32.816  -32.795  -32.792    6.409    9.120    9.261    9.880   10.226   10.353
            0.133333  0.000000  0.153906
  -64.038  -32.816  -32.795  -32.792    6.556    9.074    9.250    9.769   10.187   10.301
            0.150000  0.000000  0.173144
  -64.038  -32.816  -32.796  -32.792    6.719    9.024    9.243    9.660   10.132   10.263
            0.166667  0.000000  0.192382
  -64.038  -32.816  -32.796  -32.792    6.895    8.972    9.241    9.559   10.068   10.232
            0.183333  0.000000  0.211621
  -64.038  -32.816  -32.797  -32.792    7.082    8.916    9.240    9.473   10.003   10.201
            0.200000  0.000000  0.230859
  -64.038  -32.816  -32.798  -32.792    7.277    8.857    9.233    9.416    9.940   10.169
            0.216667  0.000000  0.250097
  -64.038  -32.816  -32.798  -32.792    7.476    8.794    9.210    9.398    9.881   10.135
            0.233333  0.000000  0.269335
  -64.038  -32.816  -32.799  -32.792    7.673    8.729    9.178    9.415    9.827   10.099
            0.250000  0.000000  0.288573
  -64.038  -32.816  -32.800  -32.792    7.862    8.665    9.148    9.453    9.779   10.061
            0.266667  0.000000  0.307812
  -64.038  -32.815  -32.801  -32.792    8.037    8.604    9.126    9.504    9.738   10.023
            0.283333  0.000000  0.327050
  -64.038  -32.815  -32.801  -32.792    8.191    8.551    9.114    9.564    9.703    9.985
            0.300000  0.000000  0.346288
  -64.038  -32.815  -32.802  -32.792    8.315    8.511    9.112    9.628    9.675    9.949
            0.316667  0.000000  0.365526
  -64.038  -32.815  -32.803  -32.792    8.392    8.502    9.119    9.651    9.693    9.917
            0.333333  0.000000  0.384765
  -64.038  -32.815  -32.803  -32.792    8.401    8.544    9.138    9.632    9.755    9.890
            0.350000  0.000000  0.404003
  -64.038  -32.815  -32.804  -32.792    8.390    8.590    9.166    9.616    9.813    9.870
            0.366667  0.000000  0.423241
  -64.038  -32.815  -32.805  -32.792    8.384    8.622    9.206    9.600    9.860    9.865
            0.383333  0.000000  0.442479
  -64.038  -32.815  -32.805  -32.792    8.385    8.638    9.255    9.585    9.858    9.911
            0.400000  0.000000  0.461718
  -64.037  -32.815  -32.806  -32.792    8.394    8.643    9.311    9.569    9.866    9.949
            0.416667  0.000000  0.480956
  -64.037  -32.815  -32.806  -32.792    8.409    8.637    9.374    9.553    9.881    9.977
            0.433333  0.000000  0.500194
  -64.037  -32.815  -32.806  -32.792    8.429    8.625    9.441    9.539    9.900    9.992
            0.450000  0.000000  0.519432
  -64.037  -32.815  -32.807  -32.792    8.453    8.607    9.509    9.527    9.920    9.994
            0.466667  0.000000  0.538670
  -64.037  -32.815  -32.807  -32.792    8.480    8.586    9.517    9.571    9.938    9.984
            0.483333  0.000000  0.557909
  -64.037  -32.815  -32.807  -32.792    8.507    8.562    9.512    9.619    9.950    9.969
            0.500000  0.000000  0.577147
  -64.037  -32.815  -32.807  -32.792    8.528    8.542    9.510    9.637    9.954    9.961
            0.500000  0.008333  0.586766
  -64.037  -32.815  -32.807  -32.792    8.518    8.554    9.509    9.632    9.935    9.985
            0.500000  0.016667  0.596385
  -64.037  -32.815  -32.807  -32.792    8.506    8.572    9.505    9.620    9.918   10.015
            0.500000  0.025000  0.606004
  -64.037  -32.815  -32.807  -32.792    8.495    8.593    9.497    9.605    9.904   10.048
            0.500000  0.033333  0.615623
  -64.037  -32.815  -32.807  -32.792    8.486    8.616    9.480    9.592    9.893   10.083
            0.500000  0.041667  0.625243
  -64.037  -32.815  -32.807  -32.792    8.479    8.640    9.455    9.585    9.883   10.117
            0.500000  0.050000  0.634862
  -64.037  -32.815  -32.807  -32.792    8.475    8.666    9.422    9.584    9.874   10.151
            0.500000  0.058333  0.644481
  -64.037  -32.815  -32.807  -32.792    8.472    8.694    9.385    9.587    9.865   10.183
            0.500000  0.066667  0.654100
  -64.037  -32.815  -32.807  -32.792    8.472    8.722    9.347    9.593    9.857   10.214
            0.500000  0.075000  0.663719
  -64.037  -32.815  -32.807  -32.792    8.474    8.751    9.308    9.601    9.848   10.242
            0.500000  0.083333  0.673338
  -64.037  -32.815  -32.807  -32.793    8.477    8.781    9.270    9.610    9.838   10.270
            0.500000  0.091667  0.682957
  -64.037  -32.815  -32.807  -32.793    8.483    8.810    9.235    9.621    9.829   10.295
            0.500000  0.100000  0.692576
  -64.037  -32.815  -32.807  -32.793    8.491    8.838    9.204    9.632    9.819   10.319
            0.500000  0.108333  0.702195
  -64.037  -32.815  -32.807  -32.793    8.500    8.864    9.177    9.644    9.809   10.342
            0.500000  0.116667  0.711815
  -64.037  -32.815  -32.807  -32.794    8.511    8.886    9.158    9.656    9.798   10.365
            0.500000  0.125000  0.721434
  -64.037  -32.815  -32.807  -32.794    8.524    8.901    9.148    9.669    9.787   10.388
            0.500000  0.133333  0.731053
  -64.037  -32.815  -32.807  -32.794    8.537    8.908    9.149    9.682    9.775   10.410
            0.500000  0.141667  0.740672
  -64.037  -32.815  -32.807  -32.794    8.552    8.907    9.161    9.694    9.763   10.434
            0.500000  0.150000  0.750291
  -64.037  -32.815  -32.807  -32.795    8.567    8.901    9.182    9.706    9.750   10.458
            0.500000  0.158333  0.759910
  -64.037  -32.815  -32.807  -32.795    8.582    8.893    9.208    9.717    9.738   10.484
            0.500000  0.166667  0.769529
  -64.037  -32.815  -32.807  -32.795    8.597    8.885    9.238    9.715    9.737   10.512
            0.500000  0.175000  0.779148
  -64.037  -32.814  -32.807  -32.796    8.611    8.880    9.269    9.700    9.747   10.541
            0.500000  0.183333  0.788767
  -64.037  -32.814  -32.807  -32.796    8.623    8.878    9.300    9.683    9.759   10.572
            0.500000  0.191667  0.798387
  -64.037  -32.814  -32.807  -32.796    8.634    8.880    9.331    9.663    9.772   10.605
            0.500000  0.200000  0.808006
  -64.037  -32.814  -32.807  -32.797    8.642    8.886    9.360    9.642    9.785   10.639
            0.500000  0.208333  0.817625
  -64.037  -32.814  -32.807  -32.797    8.649    8.897    9.386    9.619    9.800   10.675
            0.500000  0.216667  0.827244
  -64.037  -32.814  -32.807  -32.797    8.654    8.912    9.409    9.594    9.817   10.711
            0.500000  0.225000  0.836863
  -64.037  -32.814  -32.807  -32.798    8.659    8.929    9.426    9.569    9.835   10.741
            0.500000  0.233333  0.846482
  -64.037  -32.814  -32.806  -32.798    8.664    8.948    9.435    9.546    9.857   10.753
            0.500000  0.241667  0.856101
  -64.037  -32.814  -32.806  -32.798    8.669    8.969    9.432    9.528    9.882   10.749
            0.500000  0.250000  0.865720
  -64.037  -32.814  -32.806  -32.799    8.675    8.990    9.415    9.518    9.910   10.742
            0.500000  0.258333  0.862514
  -64.037  -32.814  -32.806  -32.799    8.660    9.009    9.415    9.531    9.926   10.727
            0.500000  0.266667  0.859308
  -64.037  -32.814  -32.806  -32.799    8.644    9.027    9.413    9.546    9.942   10.711
            0.500000  0.275000  0.856101
  -64.037  -32.814  -32.806  -32.800    8.628    9.045    9.409    9.562    9.958   10.695
            0.500000  0.283333  0.852895
  -64.037  -32.814  -32.806  -32.800    8.611    9.062    9.405    9.579    9.975   10.679
            0.500000  0.291667  0.849689
  -64.037  -32.814  -32.806  -32.801    8.594    9.079    9.400    9.596    9.992   10.663
            0.500000  0.300000  0.846482
  -64.037  -32.814  -32.806  -32.801    8.577    9.094    9.395    9.612   10.009   10.647
            0.500000  0.308333  0.843276
  -64.037  -32.814  -32.806  -32.801    8.561    9.107    9.390    9.628   10.025   10.631
            0.500000  0.316667  0.840069
  -64.037  -32.814  -32.806  -32.802    8.544    9.120    9.385    9.644   10.040   10.615
            0.500000  0.325000  0.836863
  -64.037  -32.814  -32.806  -32.802    8.528    9.131    9.381    9.660   10.054   10.600
            0.500000  0.333333  0.833657
  -64.037  -32.814  -32.806  -32.802    8.512    9.140    9.377    9.676   10.067   10.586
            0.500000  0.341667  0.830450
  -64.037  -32.814  -32.806  -32.802    8.497    9.149    9.373    9.692   10.078   10.571
            0.500000  0.350000  0.827244
  -64.037  -32.814  -32.806  -32.803    8.482    9.155    9.369    9.708   10.088   10.557
            0.500000  0.358333  0.824038
  -64.037  -32.814  -32.806  -32.803    8.468    9.161    9.366    9.723   10.096   10.544
            0.500000  0.366667  0.820831
  -64.037  -32.814  -32.806  -32.803    8.454    9.165    9.363    9.738   10.103   10.531
            0.500000  0.375000  0.817625
  -64.037  -32.814  -32.806  -32.804    8.442    9.168    9.361    9.753   10.108   10.519
            0.500000  0.383333  0.814418
  -64.037  -32.814  -32.806  -32.804    8.429    9.170    9.359    9.768   10.112   10.507
            0.500000  0.391667  0.811212
  -64.037  -32.814  -32.806  -32.804    8.418    9.172    9.357    9.782   10.115   10.496
            0.500000  0.400000  0.808006
  -64.037  -32.814  -32.806  -32.804    8.407    9.172    9.356    9.796   10.117   10.485
            0.500000  0.408333  0.804799
  -64.037  -32.814  -32.806  -32.804    8.397    9.172    9.355    9.809   10.118   10.476
            0.500000  0.416667  0.801593
  -64.037  -32.814  -32.806  -32.805    8.388    9.172    9.354    9.822   10.119   10.466
            0.500000  0.425000  0.798387
  -64.037  -32.814  -32.806  -32.805    8.380    9.171    9.353    9.833   10.119   10.458
            0.500000  0.433333  0.795180
  -64.037  -32.814  -32.806  -32.805    8.373    9.171    9.353    9.844   10.118   10.451
            0.500000  0.441667  0.791974
  -64.037  -32.814  -32.806  -32.805    8.366    9.170    9.353    9.854   10.117   10.444
            0.500000  0.450000  0.788767
  -64.037  -32.814  -32.806  -32.805    8.360    9.169    9.352    9.862   10.117   10.438
            0.500000  0.458333  0.785561
  -64.037  -32.814  -32.806  -32.805    8.355    9.168    9.352    9.870   10.116   10.433
            0.500000  0.466667  0.782355
  -64.037  -32.814  -32.806  -32.805    8.352    9.167    9.352    9.876   10.115   10.429
            0.500000  0.475000  0.779148
  -64.037  -32.814  -32.806  -32.805    8.348    9.166    9.352    9.881   10.114   10.425
            0.500000  0.483333  0.775942
  -64.037  -32.814  -32.806  -32.805    8.346    9.165    9.352    9.884   10.114   10.423
            0.500000  0.491667  0.772736
  -64.037  -32.814  -32.806  -32.805    8.345    9.165    9.352    9.887   10.113   10.422
            0.500000  0.500000  0.769529
  -64.037  -32.814  -32.806  -32.805    8.344    9.165    9.352    9.887   10.113   10.421
            0.483333  0.483333  0.743878
  -64.037  -32.814  -32.806  -32.805    8.352    9.168    9.338    9.847   10.158   10.433
            0.466667  0.466667  0.718227
  -64.037  -32.814  -32.806  -32.805    8.374    9.176    9.300    9.770   10.248   10.463
            0.450000  0.450000  0.692576
  -64.037  -32.814  -32.806  -32.805    8.410    9.185    9.253    9.689   10.348   10.497
            0.433333  0.433333  0.666925
  -64.037  -32.814  -32.806  -32.805    8.459    9.169    9.233    9.615   10.445   10.521
            0.416667  0.416667  0.641274
  -64.037  -32.814  -32.805  -32.804    8.519    9.126    9.250    9.550   10.518   10.532
            0.400000  0.400000  0.615623
  -64.037  -32.814  -32.805  -32.804    8.586    9.091    9.274    9.495   10.475   10.602
            0.383333  0.383333  0.589972
  -64.037  -32.814  -32.805  -32.804    8.657    9.074    9.299    9.452   10.388   10.649
            0.366667  0.366667  0.564321
  -64.037  -32.814  -32.804  -32.803    8.722    9.083    9.320    9.420   10.259   10.665
            0.350000  0.350000  0.538670
  -64.037  -32.814  -32.804  -32.803    8.774    9.120    9.334    9.399   10.100   10.643
            0.333333  0.333333  0.513019
  -64.037  -32.814  -32.803  -32.802    8.814    9.175    9.339    9.389    9.933   10.578
            0.316667  0.316667  0.487369
  -64.037  -32.814  -32.802  -32.801    8.845    9.225    9.334    9.388    9.784   10.477
            0.300000  0.300000  0.461718
  -64.037  -32.815  -32.802  -32.801    8.873    9.231    9.316    9.395    9.689   10.354
            0.283333  0.283333  0.436067
  -64.037  -32.815  -32.801  -32.800    8.900    9.187    9.255    9.408    9.677   10.225
            0.266667  0.266667  0.410416
  -64.037  -32.815  -32.801  -32.799    8.926    9.119    9.146    9.424    9.715   10.099
            0.250000  0.250000  0.384765
  -64.037  -32.815  -32.800  -32.799    8.938    8.997    9.059    9.438    9.766    9.987
            0.233333  0.233333  0.359114
  -64.037  -32.815  -32.799  -32.798    8.780    8.947    9.041    9.442    9.820    9.900
            0.216667  0.216667  0.333463
  -64.038  -32.815  -32.798  -32.797    8.532    8.928    9.066    9.428    9.849    9.877
            0.200000  0.200000  0.307812
  -64.038  -32.815  -32.798  -32.797    8.252    8.922    9.111    9.393    9.838    9.938
            0.183333  0.183333  0.282161
  -64.038  -32.815  -32.797  -32.796    7.956    8.935    9.173    9.345    9.860   10.001
            0.166667  0.166667  0.256510
  -64.038  -32.816  -32.797  -32.795    7.655    8.963    9.253    9.296    9.902   10.064
            0.150000  0.150000  0.230859
  -64.038  -32.816  -32.796  -32.795    7.361    9.003    9.255    9.354    9.959   10.124
            0.133333  0.133333  0.205208
  -64.038  -32.816  -32.795  -32.794    7.081    9.050    9.226    9.476   10.026   10.179
            0.116667  0.116667  0.179557
  -64.038  -32.816  -32.795  -32.794    6.823    9.103    9.208    9.614   10.099   10.226
            0.100000  0.100000  0.153906
  -64.038  -32.816  -32.794  -32.793    6.590    9.158    9.203    9.763   10.179   10.262
            0.083333  0.083333  0.128255
  -64.038  -32.816  -32.794  -32.793    6.388    9.209    9.216    9.911   10.261   10.286
            0.066667  0.066667  0.102604
  -64.038  -32.816  -32.794  -32.793    6.218    9.224    9.272   10.043   10.295   10.341
            0.050000  0.050000  0.076953
  -64.038  -32.816  -32.793  -32.793    6.084    9.243    9.324   10.139   10.290   10.409
            0.033333  0.033333  0.051302
  -64.038  -32.816  -32.793  -32.792    5.987    9.262    9.368   10.187   10.282   10.444
            0.016667  0.016667  0.025651
  -64.038  -32.816  -32.793  -32.792    5.929    9.276    9.397   10.198   10.281   10.447
            0.000000  0.000000  0.000000
  -64.038  -32.816  -32.793  -32.792    5.909    9.281    9.408   10.197   10.282   10.444
