0	0.395324	-2760.89
1	0.644239	-7449.31
2	0.822327	-12210.1
3	0.86185	-13477.6
4	0.881306	-13934.6
5	0.914575	-15071.4
6	0.943757	-15997.5
7	0.940493	-15923.5
8	0.943941	-16014.9
9	0.954542	-16390.7
10	0.945058	-16079.8
11	0.953899	-16332.5
12	0.958595	-16498.4
13	0.954608	-16367.7
14	0.953154	-16354.9
15	0.965547	-16766.9
16	0.971474	-16962.5
17	0.975268	-17108.1
18	0.979556	-17249.8
19	0.98087	-17299.4
20	0.982522	-17362.4
21	0.984199	-17413.2
22	0.989066	-17590.8
23	0.990215	-17634.3
24	0.991342	-17668.1
25	0.992761	-17711.7
26	0.993244	-17742.2
27	0.991882	-17687.1
28	0.991796	-17688.4
29	0.99086	-17655.9
30	0.991059	-17655.2
31	0.990058	-17628.1
32	0.990174	-17635
33	0.989818	-17621.2
34	0.991069	-17658.1
35	0.991068	-17666.9
36	0.990506	-17641.5
37	0.990101	-17630.1
38	0.990909	-17659.5
39	0.992923	-17726.4
40	0.993962	-17763.3
41	0.994399	-17780.6
42	0.995089	-17801.6
43	0.994917	-17801.5
44	0.9947	-17788.1
45	0.994304	-17771.2
46	0.994215	-17766.9
47	0.994353	-17777.7
48	0.993608	-17754.3
49	0.99281	-17728.6
50	0.992919	-17726.4
51	0.99413	-17770.7
52	0.994199	-17775.1
53	0.995091	-17809.4
54	0.99463	-17790.4
55	0.994463	-17780.2
56	0.994107	-17766.6
57	0.994137	-17771.5
58	0.994158	-17767.7
59	0.993401	-17732.3
60	0.993922	-17757.4
61	0.994681	-17785.3
62	0.995203	-17807.1
63	0.995356	-17811.2
64	0.996003	-17833.6
65	0.996014	-17836.6
66	0.995918	-17836.1
67	0.995455	-17819.7
68	0.995047	-17800.8
69	0.995456	-17820.1
70	0.996015	-17840.6
71	0.996478	-17851.9
72	0.99639	-17854.6
73	0.996199	-17844.3
74	0.996475	-17850.7
75	0.99636	-17850.8
76	0.995915	-17837.3
77	0.995329	-17813.9
78	0.995158	-17807.9
79	0.995577	-17821.9
80	0.995227	-17810
81	0.995263	-17808.4
82	0.994792	-17792.8
83	0.994501	-17782.3
84	0.994572	-17784.4
85	0.994196	-17768.6
86	0.993657	-17751.7
87	0.993351	-17745
88	0.9934	-17744.6
89	0.993263	-17729.1
90	0.993246	-17737.4
91	0.99284	-17724.8
92	0.992239	-17706
93	0.992036	-17696
94	0.991576	-17677.2
95	0.99132	-17678.9
96	0.992161	-17704.3
97	0.992716	-17714.3
98	0.991322	-17670.7
99	0.9912	-17662
100	0.99155	-17684.8
101	0.991464	-17676.3
102	0.992779	-17719.3
103	0.993168	-17734.9
104	0.991753	-17688.2
105	0.991658	-17682.7
106	0.991999	-17689.4
107	0.993163	-17734.9
108	0.992548	-17707
109	0.992651	-17704.6
110	0.992426	-17712.2
111	0.993337	-17742.8
112	0.993429	-17743.1
113	0.99291	-17730.8
114	0.99238	-17714.3
115	0.993503	-17742.4
116	0.994646	-17787.6
117	0.9952	-17808.4
118	0.995485	-17814.6
119	0.995675	-17821.5
120	0.996107	-17839
121	0.996292	-17847.9
122	0.996603	-17858.8
123	0.996632	-17858.5
124	0.997008	-17871.7
125	0.997321	-17883.9
126	0.997351	-17888.8
127	0.997702	-17898.7
128	0.998056	-17912.3
129	0.998216	-17917.9
130	0.998124	-17911.8
131	0.998123	-17912.4
132	0.998176	-17915.5
133	0.997992	-17908.1
134	0.997985	-17906.8
135	0.998016	-17908.9
136	0.997965	-17904.5
137	0.998101	-17912.5
138	0.998026	-17910.8
139	0.998085	-17910.7
140	0.998054	-17909.1
141	0.997948	-17903.1
142	0.99806	-17909.8
143	0.998039	-17907.4
144	0.998111	-17910.3
145	0.998259	-17917.9
146	0.998387	-17922
147	0.998429	-17923
148	0.998383	-17922
149	0.99844	-17924.4
150	0.998401	-17921.2
151	0.998339	-17920.6
152	0.998454	-17924
153	0.99861	-17929.7
154	0.998743	-17934.6
155	0.998797	-17936.5
156	0.99888	-17939.9
157	0.998904	-17940.3
158	0.998915	-17940.8
159	0.999013	-17944.2
160	0.999005	-17944.5
161	0.999065	-17945.8
162	0.999022	-17945.3
163	0.999116	-17948.7
164	0.999194	-17951.6
165	0.999191	-17951.1
166	0.999213	-17951.5
167	0.999257	-17952.9
168	0.999287	-17954.1
169	0.999309	-17954.8
170	0.999304	-17954
171	0.999322	-17954.4
172	0.999303	-17954.3
173	0.999364	-17956.4
174	0.999376	-17957
175	0.999359	-17956.4
176	0.999356	-17956.5
177	0.99935	-17956.7
178	0.99937	-17957.2
179	0.999359	-17957
180	0.999335	-17955.8
181	0.999355	-17956.3
182	0.999263	-17952.6
183	0.999242	-17952.5
184	0.999226	-17952.1
185	0.999305	-17954.8
186	0.999324	-17955.6
187	0.999331	-17955.7
188	0.999359	-17956.4
189	0.999392	-17957.7
190	0.999404	-17958.3
191	0.999414	-17958.9
192	0.999436	-17959.9
193	0.99942	-17959.5
194	0.999432	-17959.6
195	0.999427	-17959.5
196	0.99947	-17961.1
197	0.999452	-17960.6
198	0.999445	-17960.6
199	0.999459	-17960.6
200	0.999455	-17960.6
201	0.999454	-17960.4
202	0.999472	-17961.1
203	0.99944	-17960
204	0.999462	-17960.4
205	0.999468	-17960.6
206	0.99947	-17960.8
207	0.999459	-17960.7
208	0.99944	-17959.8
209	0.999435	-17959.7
210	0.999425	-17959.6
211	0.999442	-17959.7
212	0.999396	-17957.7
213	0.999394	-17958
214	0.999378	-17957.3
215	0.999326	-17955.9
216	0.999315	-17955.9
217	0.999247	-17954.2
218	0.999276	-17954.5
219	0.999249	-17953.3
220	0.999237	-17952.9
221	0.999194	-17951.9
222	0.999145	-17950
223	0.999066	-17947.7
224	0.999113	-17948.4
225	0.999146	-17949.7
226	0.999129	-17948.5
227	0.999186	-17950.3
228	0.999154	-17949.4
229	0.999101	-17948.2
230	0.999127	-17948.9
231	0.999147	-17949.8
232	0.999075	-17946.5
233	0.999102	-17947.5
234	0.99909	-17946.8
235	0.999119	-17948.3
236	0.999182	-17950.8
237	0.999129	-17948.7
238	0.999133	-17948.1
239	0.999148	-17948.5
240	0.999228	-17952.1
241	0.999267	-17954.5
242	0.999224	-17952.2
243	0.999224	-17952
244	0.999195	-17951.3
245	0.999207	-17951.5
246	0.99923	-17952.7
247	0.999202	-17952.3
248	0.999141	-17949.5
249	0.999117	-17948.3
250	0.999124	-17948.4
251	0.999138	-17949.3
252	0.999181	-17950.1
253	0.999199	-17951
254	0.999236	-17953.3
255	0.999288	-17954.8
256	0.999286	-17954.6
257	0.999248	-17953.6
258	0.99921	-17952
259	0.999244	-17953.2
260	0.999197	-17951.8
261	0.999205	-17951.9
262	0.999156	-17950.2
263	0.999179	-17951
264	0.99923	-17952.6
265	0.999271	-17953.4
266	0.999262	-17953.2
267	0.999289	-17953.7
268	0.999258	-17953.1
269	0.999334	-17955.7
270	0.999369	-17956.8
271	0.999337	-17956
272	0.999373	-17957.8
273	0.999421	-17959.3
274	0.999432	-17959.8
275	0.999449	-17960.1
276	0.999418	-17958.8
277	0.99944	-17959.9
278	0.999422	-17959.4
279	0.999414	-17959.6
280	0.999401	-17959.3
281	0.999408	-17959.3
282	0.999405	-17959.1
283	0.999453	-17960.6
284	0.999447	-17960.3
285	0.999489	-17961.6
286	0.9995	-17962.3
287	0.999529	-17963.3
288	0.999548	-17964
289	0.99954	-17963.8
290	0.999552	-17964.2
291	0.999533	-17963.8
292	0.999557	-17964.6
293	0.999542	-17963.6
294	0.999554	-17964
295	0.999568	-17964.4
296	0.999589	-17965.3
297	0.999574	-17964.8
298	0.999596	-17965.7
299	0.999616	-17966.3
300	0.99959	-17965.2
301	0.999611	-17966
302	0.999612	-17966
303	0.999625	-17966.6
304	0.999632	-17966.7
305	0.999658	-17967.9
306	0.999664	-17968.3
307	0.999675	-17968.5
308	0.999673	-17968.4
309	0.999687	-17968.6
310	0.999669	-17968
311	0.999677	-17968.4
312	0.999674	-17968.1
313	0.999685	-17968.5
314	0.999692	-17968.9
315	0.99971	-17969.5
316	0.999726	-17970.3
317	0.999726	-17970.2
318	0.99973	-17970.2
319	0.999742	-17970.4
320	0.999744	-17970.8
321	0.99973	-17970.2
322	0.999742	-17970.6
323	0.99975	-17971.1
324	0.999763	-17971.6
325	0.999755	-17971.2
326	0.999756	-17971.2
327	0.999745	-17970.9
328	0.999751	-17971.1
329	0.999755	-17971.3
330	0.999748	-17971
331	0.999765	-17971.6
332	0.999762	-17971.5
333	0.999757	-17971.4
334	0.999762	-17971.5
335	0.999756	-17971.3
336	0.999749	-17971.1
337	0.999762	-17971.6
338	0.999756	-17971.4
339	0.99976	-17971.4
340	0.999749	-17971.2
341	0.999747	-17971.2
342	0.999745	-17971
343	0.999739	-17970.7
344	0.999729	-17970.4
345	0.999734	-17970.5
346	0.999734	-17970.6
347	0.999735	-17970.6
348	0.999742	-17970.8
349	0.999729	-17970.5
350	0.999726	-17970.3
351	0.999723	-17970.3
352	0.999717	-17970
353	0.999733	-17970.5
354	0.999748	-17971.1
355	0.999758	-17971.5
356	0.999757	-17971.6
357	0.999765	-17971.8
358	0.99977	-17972
359	0.999782	-17972.6
360	0.99978	-17972.4
361	0.99978	-17972.2
362	0.999782	-17972.3
363	0.999788	-17972.5
364	0.999777	-17972
365	0.999781	-17972.1
366	0.999779	-17972
367	0.999778	-17972.1
368	0.999775	-17972.2
369	0.999765	-17971.8
370	0.999761	-17971.6
371	0.999761	-17971.6
372	0.999771	-17971.9
373	0.999789	-17972.6
374	0.999802	-17973
375	0.999812	-17973.2
376	0.999823	-17973.6
377	0.999814	-17973.3
378	0.999814	-17973.4
379	0.999827	-17973.9
380	0.999823	-17973.8
381	0.999832	-17974.1
382	0.99983	-17973.9
383	0.999824	-17973.7
384	0.999816	-17973.3
385	0.999821	-17973.5
386	0.999828	-17973.8
387	0.999833	-17974.1
388	0.999841	-17974.4
389	0.999844	-17974.5
390	0.999848	-17974.7
391	0.999851	-17974.8
392	0.999856	-17975
393	0.999856	-17974.9
394	0.999856	-17974.9
395	0.999857	-17974.9
396	0.99986	-17975
397	0.99986	-17975
398	0.999861	-17975
399	0.999856	-17974.9
400	0.99985	-17974.6
401	0.999853	-17974.8
402	0.999862	-17975.1
403	0.999866	-17975.2
404	0.999872	-17975.4
405	0.999877	-17975.6
406	0.999877	-17975.7
407	0.999882	-17975.8
408	0.99988	-17975.8
409	0.999882	-17975.9
410	0.999882	-17975.8
411	0.999883	-17975.8
412	0.999884	-17975.8
413	0.999886	-17975.9
414	0.999885	-17975.9
415	0.999886	-17976
416	0.999886	-17976
417	0.999888	-17976.1
418	0.999885	-17976
419	0.999889	-17976.1
420	0.99989	-17976.1
421	0.99989	-17976.2
422	0.999886	-17976.1
423	0.999885	-17976
424	0.999885	-17976
425	0.999886	-17976
426	0.999885	-17975.9
427	0.999886	-17976
428	0.999891	-17976.2
429	0.999892	-17976.2
430	0.999893	-17976.3
431	0.9999	-17976.5
432	0.999899	-17976.5
433	0.999904	-17976.6
434	0.999907	-17976.7
435	0.999907	-17976.8
436	0.99991	-17976.9
437	0.99991	-17976.9
438	0.999914	-17976.9
439	0.999914	-17976.9
440	0.999916	-17977
441	0.999916	-17977
442	0.999917	-17977
443	0.999916	-17977.1
444	0.999921	-17977.2
445	0.999922	-17977.3
446	0.999921	-17977.3
447	0.999925	-17977.5
448	0.999923	-17977.4
449	0.999924	-17977.4
450	0.999925	-17977.4
451	0.999927	-17977.5
452	0.999926	-17977.4
453	0.999927	-17977.5
454	0.999927	-17977.4
455	0.999924	-17977.4
456	0.999922	-17977.4
457	0.999924	-17977.5
458	0.999922	-17977.4
459	0.999925	-17977.4
460	0.999925	-17977.4
461	0.999926	-17977.5
462	0.999924	-17977.4
463	0.999924	-17977.3
464	0.999924	-17977.3
465	0.999924	-17977.4
466	0.999924	-17977.4
467	0.999925	-17977.4
468	0.999927	-17977.5
469	0.999927	-17977.5
470	0.999927	-17977.5
471	0.999929	-17977.5
472	0.999929	-17977.5
473	0.999928	-17977.5
474	0.99993	-17977.6
475	0.999932	-17977.7
476	0.999934	-17977.8
477	0.999935	-17977.8
478	0.999934	-17977.7
479	0.999935	-17977.8
480	0.999936	-17977.8
481	0.999934	-17977.8
482	0.999933	-17977.7
483	0.999932	-17977.7
484	0.999933	-17977.7
485	0.999932	-17977.6
486	0.99993	-17977.5
487	0.999933	-17977.6
488	0.999934	-17977.7
489	0.999934	-17977.6
490	0.999932	-17977.6
491	0.999931	-17977.6
492	0.999933	-17977.6
493	0.999933	-17977.7
494	0.999933	-17977.6
495	0.999935	-17977.7
496	0.999936	-17977.8
497	0.999935	-17977.7
498	0.999936	-17977.8
499	0.999935	-17977.7
500	0.999937	-17977.8
501	0.999937	-17977.8
502	0.999939	-17977.9
503	0.999938	-17977.9
504	0.999937	-17977.8
505	0.999934	-17977.7
506	0.999935	-17977.7
507	0.999933	-17977.7
508	0.999935	-17977.7
509	0.999933	-17977.6
510	0.999936	-17977.8
511	0.999933	-17977.7
512	0.999933	-17977.7
513	0.999934	-17977.7
514	0.999933	-17977.7
515	0.999933	-17977.7
516	0.999932	-17977.6
517	0.999932	-17977.7
518	0.999931	-17977.6
519	0.999929	-17977.5
520	0.99993	-17977.5
521	0.999931	-17977.5
522	0.999932	-17977.6
523	0.999932	-17977.6
524	0.999933	-17977.6
525	0.999934	-17977.7
526	0.999935	-17977.7
527	0.999937	-17977.8
528	0.999937	-17977.8
529	0.99994	-17977.9
530	0.999939	-17977.9
531	0.999939	-17977.9
532	0.999939	-17977.8
533	0.999938	-17977.8
534	0.99994	-17977.9
535	0.999942	-17978
536	0.999942	-17978
537	0.999943	-17978
538	0.999944	-17978
539	0.999943	-17978
540	0.999944	-17978
541	0.999946	-17978.1
542	0.999947	-17978.1
543	0.999948	-17978.2
544	0.999949	-17978.2
545	0.999949	-17978.2
546	0.999948	-17978.2
547	0.999946	-17978.2
548	0.999945	-17978.1
549	0.999946	-17978.1
550	0.999943	-17978
551	0.999944	-17978
552	0.999947	-17978.1
553	0.999943	-17978
554	0.999938	-17977.9
555	0.999939	-17977.9
556	0.999938	-17977.9
557	0.999934	-17977.7
558	0.999932	-17977.6
559	0.999929	-17977.5
560	0.99993	-17977.6
561	0.999927	-17977.5
562	0.999925	-17977.5
563	0.99992	-17977.3
564	0.999921	-17977.4
565	0.999918	-17977.3
566	0.999918	-17977.3
567	0.999916	-17977.1
568	0.999918	-17977.1
569	0.999918	-17977.2
570	0.999917	-17977.2
571	0.999919	-17977.2
572	0.999919	-17977.2
573	0.999918	-17977.1
574	0.999915	-17977
575	0.999914	-17977
576	0.999917	-17977.1
577	0.999915	-17977.1
578	0.999917	-17977.2
579	0.999919	-17977.3
580	0.999915	-17977.1
581	0.999914	-17977.1
582	0.999913	-17977.1
583	0.999916	-17977.1
584	0.999915	-17977.1
585	0.999916	-17977.1
586	0.999914	-17977
587	0.999916	-17977.1
588	0.999918	-17977.1
589	0.999919	-17977.2
590	0.999918	-17977.1
591	0.999919	-17977.2
592	0.99992	-17977.2
593	0.999923	-17977.3
594	0.999925	-17977.4
595	0.999926	-17977.4
596	0.999925	-17977.3
597	0.999925	-17977.3
598	0.999924	-17977.3
599	0.999925	-17977.3
600	0.999923	-17977.3
601	0.999923	-17977.3
602	0.999923	-17977.3
603	0.999922	-17977.3
604	0.999923	-17977.3
605	0.999922	-17977.3
606	0.999924	-17977.4
607	0.999925	-17977.5
608	0.999926	-17977.5
609	0.999927	-17977.5
610	0.999926	-17977.5
611	0.999924	-17977.4
612	0.999924	-17977.3
613	0.999924	-17977.4
614	0.999923	-17977.3
615	0.999923	-17977.4
616	0.99992	-17977.2
617	0.999921	-17977.3
618	0.999923	-17977.3
619	0.999922	-17977.3
620	0.999924	-17977.4
621	0.999924	-17977.4
622	0.999925	-17977.5
623	0.999926	-17977.5
624	0.999925	-17977.5
625	0.999923	-17977.4
626	0.999922	-17977.3
627	0.999922	-17977.3
628	0.999922	-17977.3
629	0.999922	-17977.4
630	0.999918	-17977.2
631	0.999915	-17977.1
632	0.999912	-17976.9
633	0.999911	-17976.9
634	0.999908	-17976.8
635	0.999908	-17976.8
636	0.999907	-17976.7
637	0.999906	-17976.7
638	0.999903	-17976.7
639	0.999908	-17976.8
640	0.999909	-17976.9
641	0.999909	-17976.9
642	0.99991	-17976.9
643	0.999909	-17976.9
644	0.999909	-17976.9
645	0.99991	-17976.9
646	0.999911	-17977
647	0.999912	-17977
648	0.999911	-17977
649	0.999909	-17976.9
650	0.999909	-17976.9
651	0.999911	-17977
652	0.999914	-17977
653	0.999914	-17977
654	0.999915	-17977.1
655	0.999919	-17977.2
656	0.999918	-17977.2
657	0.999919	-17977.2
658	0.999918	-17977.2
659	0.999917	-17977.1
660	0.999919	-17977.2
661	0.999921	-17977.3
662	0.99992	-17977.2
663	0.99992	-17977.2
664	0.999917	-17977.1
665	0.999919	-17977.2
666	0.999924	-17977.3
667	0.999922	-17977.3
668	0.999922	-17977.3
669	0.999925	-17977.3
670	0.999925	-17977.4
671	0.999927	-17977.5
672	0.999928	-17977.5
673	0.999929	-17977.6
674	0.999929	-17977.5
675	0.99993	-17977.6
676	0.999933	-17977.7
677	0.999933	-17977.7
678	0.999934	-17977.7
679	0.999936	-17977.8
680	0.999937	-17977.8
681	0.999935	-17977.7
682	0.999936	-17977.8
683	0.999937	-17977.8
684	0.999935	-17977.8
685	0.999937	-17977.8
686	0.999938	-17977.8
687	0.999937	-17977.8
688	0.999939	-17977.8
689	0.999939	-17977.9
690	0.999938	-17977.9
691	0.999938	-17977.8
692	0.99994	-17977.9
693	0.999941	-17978
694	0.999941	-17978
695	0.999941	-17978
696	0.99994	-17977.9
697	0.999939	-17977.9
698	0.999941	-17978
699	0.999941	-17978
700	0.999942	-17978
701	0.999942	-17978
702	0.999942	-17978
703	0.999942	-17978
704	0.999944	-17978.1
705	0.999942	-17978
706	0.999942	-17978
707	0.999942	-17978
708	0.999944	-17978.1
709	0.999943	-17978.1
710	0.999942	-17978.1
711	0.999944	-17978.1
712	0.999945	-17978.1
713	0.999945	-17978.2
714	0.999944	-17978.1
715	0.999944	-17978.1
716	0.999946	-17978.2
717	0.999947	-17978.2
718	0.999946	-17978.2
719	0.999947	-17978.2
720	0.999947	-17978.2
721	0.999945	-17978.1
722	0.999946	-17978.1
723	0.999947	-17978.2
724	0.999949	-17978.2
725	0.99995	-17978.3
726	0.99995	-17978.3
727	0.99995	-17978.3
728	0.99995	-17978.3
729	0.99995	-17978.3
730	0.99995	-17978.3
731	0.99995	-17978.3
732	0.999951	-17978.3
733	0.999953	-17978.4
734	0.999953	-17978.4
735	0.999953	-17978.4
736	0.999952	-17978.4
737	0.999952	-17978.4
738	0.999951	-17978.3
739	0.999951	-17978.4
740	0.999949	-17978.3
741	0.999948	-17978.2
742	0.99995	-17978.3
743	0.99995	-17978.3
744	0.999951	-17978.3
745	0.999951	-17978.3
746	0.99995	-17978.3
747	0.99995	-17978.3
748	0.999947	-17978.2
749	0.999948	-17978.2
750	0.999947	-17978.2
751	0.999945	-17978.1
752	0.999943	-17978
753	0.999944	-17978
754	0.999946	-17978.1
755	0.999946	-17978.1
756	0.999942	-17977.9
757	0.999938	-17977.8
758	0.99994	-17977.9
759	0.99994	-17977.9
760	0.999938	-17977.8
761	0.999937	-17977.8
762	0.999938	-17977.9
763	0.999939	-17977.9
764	0.999936	-17977.8
765	0.999935	-17977.8
766	0.999936	-17977.8
767	0.999935	-17977.8
768	0.999932	-17977.6
769	0.999932	-17977.7
770	0.999933	-17977.7
771	0.999933	-17977.6
772	0.999934	-17977.7
773	0.999932	-17977.6
774	0.999935	-17977.7
775	0.999937	-17977.8
776	0.999936	-17977.8
777	0.999933	-17977.7
778	0.999927	-17977.5
779	0.999928	-17977.5
780	0.999924	-17977.4
781	0.999924	-17977.4
782	0.999924	-17977.3
783	0.999923	-17977.2
784	0.999923	-17977.2
785	0.999923	-17977.3
786	0.999923	-17977.3
787	0.999926	-17977.4
788	0.999926	-17977.4
789	0.999927	-17977.4
790	0.999927	-17977.4
791	0.999926	-17977.4
792	0.999925	-17977.3
793	0.999924	-17977.3
794	0.999925	-17977.3
795	0.999924	-17977.3
796	0.999924	-17977.3
797	0.999923	-17977.3
798	0.999921	-17977.2
799	0.999921	-17977.2
800	0.999924	-17977.3
801	0.999924	-17977.3
802	0.999925	-17977.4
803	0.999926	-17977.4
804	0.999926	-17977.4
805	0.999926	-17977.5
806	0.999928	-17977.5
807	0.99993	-17977.6
808	0.999931	-17977.6
809	0.999934	-17977.8
810	0.999936	-17977.8
811	0.999935	-17977.8
812	0.999935	-17977.8
813	0.999934	-17977.7
814	0.999934	-17977.7
815	0.999937	-17977.8
816	0.999937	-17977.8
817	0.999938	-17977.8
818	0.999938	-17977.9
819	0.999939	-17977.9
820	0.999939	-17977.9
821	0.999939	-17977.9
822	0.999941	-17978
823	0.999942	-17978
824	0.999942	-17978
825	0.999942	-17978
826	0.999942	-17978
827	0.999943	-17978
828	0.999943	-17978.1
829	0.999943	-17978
830	0.999942	-17978
831	0.999942	-17978
832	0.999945	-17978.1
833	0.999945	-17978.1
834	0.999944	-17978.1
835	0.999947	-17978.2
836	0.999945	-17978.1
837	0.999946	-17978.1
838	0.999947	-17978.2
839	0.999945	-17978.1
840	0.999945	-17978.1
841	0.999947	-17978.1
842	0.999947	-17978.1
843	0.999947	-17978.1
844	0.999947	-17978.2
845	0.99995	-17978.2
846	0.99995	-17978.3
847	0.999951	-17978.3
848	0.999951	-17978.3
849	0.999953	-17978.4
850	0.999953	-17978.4
851	0.999954	-17978.4
852	0.999955	-17978.5
853	0.999955	-17978.5
854	0.999955	-17978.5
855	0.999956	-17978.5
856	0.999957	-17978.6
857	0.999955	-17978.5
858	0.999954	-17978.5
859	0.999954	-17978.5
860	0.999951	-17978.4
861	0.999951	-17978.4
862	0.999952	-17978.4
863	0.999954	-17978.4
864	0.999953	-17978.4
865	0.999953	-17978.4
866	0.999953	-17978.4
867	0.999952	-17978.4
868	0.999951	-17978.3
869	0.99995	-17978.3
870	0.999949	-17978.3
871	0.999948	-17978.2
872	0.999945	-17978.1
873	0.999943	-17978.1
874	0.999943	-17978
875	0.999943	-17978.1
876	0.999943	-17978
877	0.999944	-17978.1
878	0.999947	-17978.2
879	0.999946	-17978.1
880	0.999948	-17978.2
881	0.999948	-17978.2
882	0.999948	-17978.2
883	0.999947	-17978.2
884	0.999945	-17978.1
885	0.999946	-17978.2
886	0.999948	-17978.2
887	0.999948	-17978.2
888	0.999948	-17978.3
889	0.999948	-17978.2
890	0.999948	-17978.2
891	0.999948	-17978.2
892	0.99995	-17978.3
893	0.999951	-17978.3
894	0.999949	-17978.2
895	0.999948	-17978.2
896	0.999949	-17978.2
897	0.999949	-17978.2
898	0.999949	-17978.2
899	0.99995	-17978.3
900	0.999949	-17978.2
901	0.99995	-17978.2
902	0.99995	-17978.2
903	0.999951	-17978.3
904	0.999953	-17978.4
905	0.999953	-17978.4
906	0.999953	-17978.4
907	0.999954	-17978.4
908	0.999954	-17978.4
909	0.999952	-17978.3
910	0.999954	-17978.4
911	0.999952	-17978.3
912	0.999952	-17978.3
913	0.999951	-17978.3
914	0.999951	-17978.3
915	0.999952	-17978.3
916	0.999952	-17978.4
917	0.999952	-17978.4
918	0.99995	-17978.3
919	0.99995	-17978.3
920	0.999949	-17978.3
921	0.999949	-17978.3
922	0.999952	-17978.3
923	0.999952	-17978.4
924	0.999952	-17978.3
925	0.999953	-17978.4
926	0.999953	-17978.4
927	0.999954	-17978.4
928	0.999954	-17978.4
929	0.999954	-17978.4
930	0.999954	-17978.4
931	0.999955	-17978.5
932	0.999956	-17978.5
933	0.999955	-17978.5
934	0.999956	-17978.5
935	0.999957	-17978.5
936	0.999957	-17978.5
937	0.999958	-17978.5
938	0.999958	-17978.5
939	0.999959	-17978.6
940	0.999961	-17978.7
941	0.999961	-17978.7
942	0.999961	-17978.6
943	0.99996	-17978.6
944	0.99996	-17978.6
945	0.99996	-17978.6
946	0.999959	-17978.6
947	0.99996	-17978.6
948	0.999959	-17978.6
949	0.99996	-17978.6
950	0.999959	-17978.6
951	0.99996	-17978.6
952	0.99996	-17978.6
953	0.99996	-17978.7
954	0.999962	-17978.7
955	0.999961	-17978.7
956	0.999961	-17978.7
957	0.999961	-17978.7
958	0.999962	-17978.7
959	0.999962	-17978.7
960	0.999962	-17978.7
961	0.999961	-17978.7
962	0.999962	-17978.7
963	0.999962	-17978.7
964	0.999964	-17978.7
965	0.999963	-17978.8
966	0.999963	-17978.8
967	0.999962	-17978.7
968	0.999962	-17978.7
969	0.999962	-17978.7
970	0.999962	-17978.7
971	0.999961	-17978.7
972	0.999959	-17978.6
973	0.999959	-17978.6
974	0.999961	-17978.7
975	0.999961	-17978.6
976	0.999961	-17978.6
977	0.99996	-17978.6
978	0.999958	-17978.5
979	0.999956	-17978.5
980	0.999957	-17978.5
981	0.999957	-17978.5
982	0.999956	-17978.5
983	0.999957	-17978.5
984	0.999956	-17978.5
985	0.999957	-17978.5
986	0.999956	-17978.5
987	0.999957	-17978.5
988	0.999958	-17978.6
989	0.999958	-17978.6
990	0.999959	-17978.6
991	0.999959	-17978.6
992	0.999959	-17978.6
993	0.999959	-17978.6
994	0.999957	-17978.6
995	0.999957	-17978.6
996	0.999958	-17978.6
997	0.999958	-17978.6
998	0.999959	-17978.6
999	0.999958	-17978.6
1000	0.999959	-17978.6
1001	0.999961	-17978.6
1002	0.999961	-17978.7
1003	0.999962	-17978.7
1004	0.999962	-17978.7
1005	0.999963	-17978.7
1006	0.999964	-17978.8
1007	0.999963	-17978.8
1008	0.999964	-17978.8
1009	0.999965	-17978.8
1010	0.999966	-17978.9
1011	0.999967	-17978.9
1012	0.999967	-17978.9
1013	0.999966	-17978.9
1014	0.999966	-17978.9
1015	0.999966	-17978.9
1016	0.999966	-17978.9
1017	0.999966	-17978.9
1018	0.999967	-17978.9
1019	0.999966	-17978.9
1020	0.999967	-17978.9
1021	0.999967	-17978.9
1022	0.999968	-17979
1023	0.999968	-17979
1024	0.999969	-17979
1025	0.999967	-17978.9
1026	0.999967	-17978.9
1027	0.999969	-17979
1028	0.999969	-17979
1029	0.999969	-17979
1030	0.999969	-17979
1031	0.999969	-17979
1032	0.99997	-17979
1033	0.999969	-17979
1034	0.999969	-17979
1035	0.999969	-17979
1036	0.999969	-17979
1037	0.999969	-17979
1038	0.999969	-17979
1039	0.99997	-17979
1040	0.999969	-17978.9
1041	0.999969	-17978.9
1042	0.999969	-17979
1043	0.999968	-17979
1044	0.999969	-17979
1045	0.999968	-17979
1046	0.999969	-17979
1047	0.999969	-17979
1048	0.999969	-17979
1049	0.99997	-17979
1050	0.999971	-17979.1
1051	0.999971	-17979.1
1052	0.999971	-17979.1
1053	0.999971	-17979.1
1054	0.999971	-17979.1
1055	0.99997	-17979
1056	0.99997	-17979
1057	0.99997	-17979
1058	0.99997	-17979
1059	0.999971	-17979
1060	0.999971	-17979.1
1061	0.99997	-17979
1062	0.99997	-17979
1063	0.999969	-17979
1064	0.999969	-17979
1065	0.999969	-17979
1066	0.999969	-17979
1067	0.999969	-17979
1068	0.99997	-17979
1069	0.99997	-17979
1070	0.99997	-17979
1071	0.999969	-17979
1072	0.99997	-17979
1073	0.99997	-17979
1074	0.99997	-17979
1075	0.99997	-17979
1076	0.99997	-17979
1077	0.999971	-17979
1078	0.999971	-17979.1
1079	0.99997	-17979
1080	0.99997	-17979
1081	0.99997	-17979
1082	0.999968	-17979
1083	0.999968	-17979
1084	0.999968	-17979
1085	0.999968	-17979
1086	0.999969	-17979
1087	0.999968	-17979
1088	0.999967	-17978.9
1089	0.999967	-17978.9
1090	0.999966	-17978.9
1091	0.999966	-17978.9
1092	0.999965	-17978.9
1093	0.999965	-17978.9
1094	0.999965	-17978.8
1095	0.999965	-17978.9
1096	0.999966	-17978.9
1097	0.999965	-17978.8
1098	0.999966	-17978.9
1099	0.999967	-17978.9
1100	0.999966	-17978.9
1101	0.999967	-17978.9
1102	0.999967	-17978.9
1103	0.999968	-17979
1104	0.999969	-17979
1105	0.99997	-17979
1106	0.999969	-17979
1107	0.999969	-17979
1108	0.99997	-17979
1109	0.99997	-17979
1110	0.999969	-17979
1111	0.999969	-17979
1112	0.999969	-17979
1113	0.999969	-17978.9
1114	0.99997	-17979
1115	0.99997	-17979
1116	0.99997	-17979
1117	0.999971	-17979
1118	0.99997	-17979
1119	0.99997	-17979
1120	0.99997	-17979
1121	0.99997	-17979
1122	0.999971	-17979
1123	0.999971	-17979
1124	0.999971	-17979
1125	0.999971	-17979
1126	0.999971	-17979
1127	0.999971	-17979
1128	0.99997	-17979
1129	0.99997	-17979
1130	0.999969	-17979
1131	0.999969	-17979
1132	0.999968	-17978.9
1133	0.999968	-17978.9
1134	0.999969	-17979
1135	0.999969	-17979
1136	0.99997	-17979
1137	0.999971	-17979
1138	0.999971	-17979
1139	0.999971	-17979
1140	0.999971	-17979
1141	0.999972	-17979.1
1142	0.999972	-17979.1
1143	0.999971	-17979
1144	0.999971	-17979
1145	0.999972	-17979.1
1146	0.999973	-17979.1
1147	0.999973	-17979.1
1148	0.999972	-17979.1
1149	0.999972	-17979
1150	0.999972	-17979
1151	0.999972	-17979
1152	0.999972	-17979.1
1153	0.999973	-17979.1
1154	0.999974	-17979.1
1155	0.999975	-17979.2
1156	0.999975	-17979.1
1157	0.999975	-17979.1
1158	0.999975	-17979.2
1159	0.999975	-17979.1
1160	0.999975	-17979.1
1161	0.999975	-17979.2
1162	0.999975	-17979.2
1163	0.999975	-17979.2
1164	0.999975	-17979.2
1165	0.999975	-17979.2
1166	0.999975	-17979.2
1167	0.999975	-17979.2
1168	0.999975	-17979.2
1169	0.999975	-17979.2
1170	0.999975	-17979.2
1171	0.999975	-17979.2
1172	0.999976	-17979.2
1173	0.999975	-17979.2
1174	0.999975	-17979.2
1175	0.999975	-17979.2
1176	0.999975	-17979.2
1177	0.999975	-17979.2
1178	0.999976	-17979.2
1179	0.999976	-17979.2
1180	0.999976	-17979.2
1181	0.999975	-17979.2
1182	0.999975	-17979.2
1183	0.999974	-17979.2
1184	0.999974	-17979.2
1185	0.999974	-17979.2
1186	0.999974	-17979.2
1187	0.999974	-17979.2
1188	0.999975	-17979.2
1189	0.999975	-17979.2
1190	0.999974	-17979.2
1191	0.999974	-17979.2
1192	0.999975	-17979.2
1193	0.999974	-17979.2
1194	0.999975	-17979.2
1195	0.999975	-17979.2
1196	0.999975	-17979.2
1197	0.999975	-17979.2
1198	0.999975	-17979.2
1199	0.999975	-17979.2
1200	0.999975	-17979.2
1201	0.999975	-17979.1
1202	0.999975	-17979.1
1203	0.999975	-17979.1
1204	0.999975	-17979.2
1205	0.999974	-17979.1
1206	0.999975	-17979.2
1207	0.999974	-17979.2
1208	0.999974	-17979.2
1209	0.999974	-17979.1
1210	0.999975	-17979.2
1211	0.999975	-17979.2
1212	0.999976	-17979.2
1213	0.999976	-17979.2
1214	0.999975	-17979.2
1215	0.999975	-17979.2
1216	0.999975	-17979.2
1217	0.999975	-17979.2
1218	0.999975	-17979.2
1219	0.999976	-17979.2
1220	0.999976	-17979.2
1221	0.999977	-17979.2
1222	0.999977	-17979.2
1223	0.999976	-17979.2
1224	0.999976	-17979.2
1225	0.999977	-17979.2
1226	0.999978	-17979.3
1227	0.999978	-17979.3
1228	0.999978	-17979.3
1229	0.999978	-17979.3
1230	0.999978	-17979.3
1231	0.999979	-17979.3
1232	0.999979	-17979.4
1233	0.99998	-17979.4
1234	0.999981	-17979.4
1235	0.99998	-17979.4
1236	0.99998	-17979.4
1237	0.99998	-17979.4
1238	0.99998	-17979.4
1239	0.99998	-17979.4
1240	0.99998	-17979.4
1241	0.99998	-17979.4
1242	0.99998	-17979.4
1243	0.99998	-17979.4
1244	0.99998	-17979.4
1245	0.99998	-17979.4
1246	0.99998	-17979.4
1247	0.99998	-17979.4
1248	0.99998	-17979.4
1249	0.99998	-17979.4
1250	0.99998	-17979.4
1251	0.99998	-17979.4
1252	0.99998	-17979.4
1253	0.99998	-17979.4
1254	0.999981	-17979.4
1255	0.999981	-17979.4
1256	0.999981	-17979.4
1257	0.99998	-17979.4
1258	0.99998	-17979.4
1259	0.99998	-17979.4
1260	0.999981	-17979.4
1261	0.99998	-17979.4
1262	0.999981	-17979.4
1263	0.999981	-17979.4
1264	0.999981	-17979.4
1265	0.99998	-17979.4
1266	0.999981	-17979.4
1267	0.99998	-17979.4
1268	0.99998	-17979.4
1269	0.999981	-17979.4
1270	0.999981	-17979.4
1271	0.999981	-17979.4
1272	0.999981	-17979.4
1273	0.999981	-17979.4
1274	0.999981	-17979.4
1275	0.999981	-17979.4
1276	0.999982	-17979.4
1277	0.999982	-17979.4
1278	0.999982	-17979.4
1279	0.999982	-17979.5
1280	0.999982	-17979.5
1281	0.999982	-17979.4
1282	0.999982	-17979.4
1283	0.999981	-17979.4
1284	0.999981	-17979.4
1285	0.999981	-17979.4
1286	0.999981	-17979.4
1287	0.999981	-17979.4
1288	0.999982	-17979.4
1289	0.999981	-17979.4
1290	0.999982	-17979.4
1291	0.999982	-17979.4
1292	0.999982	-17979.4
1293	0.999982	-17979.5
1294	0.999983	-17979.5
1295	0.999982	-17979.5
1296	0.999982	-17979.5
1297	0.999983	-17979.5
1298	0.999983	-17979.5
1299	0.999982	-17979.5
1300	0.999983	-17979.5
1301	0.999983	-17979.5
1302	0.999983	-17979.5
1303	0.999983	-17979.5
1304	0.999983	-17979.5
1305	0.999983	-17979.5
1306	0.999983	-17979.5
1307	0.999983	-17979.5
1308	0.999983	-17979.5
1309	0.999983	-17979.5
1310	0.999983	-17979.5
1311	0.999983	-17979.5
1312	0.999982	-17979.5
1313	0.999982	-17979.4
1314	0.999982	-17979.5
1315	0.999983	-17979.5
1316	0.999983	-17979.5
1317	0.999984	-17979.5
1318	0.999983	-17979.5
1319	0.999983	-17979.5
1320	0.999983	-17979.5
1321	0.999983	-17979.5
1322	0.999983	-17979.5
1323	0.999983	-17979.5
1324	0.999983	-17979.5
1325	0.999983	-17979.5
1326	0.999983	-17979.5
1327	0.999983	-17979.5
1328	0.999983	-17979.5
1329	0.999983	-17979.5
1330	0.999983	-17979.5
1331	0.999983	-17979.5
1332	0.999983	-17979.5
1333	0.999983	-17979.5
1334	0.999982	-17979.4
1335	0.999982	-17979.5
1336	0.999982	-17979.4
1337	0.999982	-17979.4
1338	0.999982	-17979.4
1339	0.999982	-17979.4
1340	0.999981	-17979.4
1341	0.999981	-17979.4
1342	0.999981	-17979.4
1343	0.999981	-17979.4
1344	0.999981	-17979.4
1345	0.99998	-17979.4
1346	0.999981	-17979.4
1347	0.999981	-17979.4
1348	0.999981	-17979.4
1349	0.999981	-17979.4
1350	0.999981	-17979.4
1351	0.999981	-17979.4
1352	0.999981	-17979.4
1353	0.999981	-17979.4
1354	0.999981	-17979.4
1355	0.999981	-17979.4
1356	0.999981	-17979.4
1357	0.999981	-17979.4
1358	0.99998	-17979.4
1359	0.999979	-17979.3
1360	0.999979	-17979.3
1361	0.999979	-17979.3
1362	0.999979	-17979.3
1363	0.999979	-17979.3
1364	0.99998	-17979.4
1365	0.99998	-17979.4
1366	0.999979	-17979.4
1367	0.99998	-17979.4
1368	0.999979	-17979.3
1369	0.999979	-17979.3
1370	0.999979	-17979.3
1371	0.999978	-17979.3
1372	0.999978	-17979.3
1373	0.999978	-17979.3
1374	0.999977	-17979.3
1375	0.999976	-17979.3
1376	0.999977	-17979.3
1377	0.999976	-17979.2
1378	0.999975	-17979.2
1379	0.999976	-17979.3
1380	0.999976	-17979.2
1381	0.999976	-17979.2
1382	0.999976	-17979.2
1383	0.999976	-17979.2
1384	0.999976	-17979.2
1385	0.999977	-17979.3
1386	0.999977	-17979.3
1387	0.999977	-17979.3
1388	0.999978	-17979.3
1389	0.999978	-17979.3
1390	0.999978	-17979.3
1391	0.999978	-17979.3
1392	0.999978	-17979.3
1393	0.999978	-17979.3
1394	0.999977	-17979.3
1395	0.999977	-17979.3
1396	0.999977	-17979.2
1397	0.999977	-17979.2
1398	0.999976	-17979.2
1399	0.999976	-17979.2
1400	0.999976	-17979.2
1401	0.999976	-17979.2
1402	0.999977	-17979.2
1403	0.999977	-17979.2
1404	0.999977	-17979.2
1405	0.999978	-17979.3
1406	0.999978	-17979.3
1407	0.999978	-17979.3
1408	0.999979	-17979.3
1409	0.99998	-17979.4
1410	0.99998	-17979.3
1411	0.99998	-17979.4
1412	0.99998	-17979.4
1413	0.99998	-17979.4
1414	0.999981	-17979.4
1415	0.99998	-17979.4
1416	0.99998	-17979.4
1417	0.99998	-17979.3
1418	0.999979	-17979.3
1419	0.99998	-17979.3
1420	0.99998	-17979.3
1421	0.999979	-17979.3
1422	0.999979	-17979.3
1423	0.99998	-17979.3
1424	0.999979	-17979.3
1425	0.999979	-17979.3
1426	0.99998	-17979.4
1427	0.99998	-17979.4
1428	0.999981	-17979.4
1429	0.999981	-17979.4
1430	0.999981	-17979.4
1431	0.999982	-17979.4
1432	0.999982	-17979.4
1433	0.999982	-17979.4
1434	0.999982	-17979.4
1435	0.999982	-17979.4
1436	0.999982	-17979.4
1437	0.999982	-17979.4
1438	0.999982	-17979.4
1439	0.999982	-17979.4
1440	0.999982	-17979.4
1441	0.999982	-17979.4
1442	0.999982	-17979.4
1443	0.999982	-17979.4
1444	0.999982	-17979.4
1445	0.999982	-17979.4
1446	0.999982	-17979.4
1447	0.999982	-17979.4
1448	0.999982	-17979.4
1449	0.999982	-17979.4
1450	0.999981	-17979.4
1451	0.999981	-17979.4
1452	0.999982	-17979.4
1453	0.999982	-17979.4
1454	0.999982	-17979.4
1455	0.999982	-17979.4
1456	0.999982	-17979.4
1457	0.999981	-17979.4
1458	0.999981	-17979.4
1459	0.999981	-17979.4
1460	0.999981	-17979.4
1461	0.999981	-17979.4
1462	0.999981	-17979.4
1463	0.999981	-17979.4
1464	0.999981	-17979.4
1465	0.999981	-17979.4
1466	0.999981	-17979.4
1467	0.99998	-17979.4
1468	0.999981	-17979.4
1469	0.999981	-17979.4
1470	0.999981	-17979.4
1471	0.999981	-17979.4
1472	0.99998	-17979.4
1473	0.99998	-17979.3
1474	0.999979	-17979.3
1475	0.99998	-17979.3
1476	0.99998	-17979.3
1477	0.99998	-17979.4
1478	0.99998	-17979.4
1479	0.999981	-17979.4
1480	0.999981	-17979.4
1481	0.999981	-17979.4
1482	0.999981	-17979.4
1483	0.999981	-17979.4
1484	0.999981	-17979.4
1485	0.999981	-17979.4
1486	0.999981	-17979.4
1487	0.999981	-17979.4
1488	0.999981	-17979.4
1489	0.999981	-17979.4
1490	0.999982	-17979.4
1491	0.999981	-17979.4
1492	0.999981	-17979.4
1493	0.999982	-17979.4
1494	0.999982	-17979.4
1495	0.999981	-17979.4
1496	0.999981	-17979.4
1497	0.999981	-17979.4
1498	0.999982	-17979.4
1499	0.999981	-17979.4
1500	0.999982	-17979.4
1501	0.999982	-17979.4
1502	0.999982	-17979.4
1503	0.999983	-17979.4
1504	0.999983	-17979.5
1505	0.999983	-17979.5
1506	0.999983	-17979.5
1507	0.999984	-17979.5
1508	0.999984	-17979.5
1509	0.999984	-17979.5
1510	0.999984	-17979.5
1511	0.999984	-17979.5
1512	0.999984	-17979.5
1513	0.999984	-17979.5
1514	0.999984	-17979.5
1515	0.999985	-17979.5
1516	0.999985	-17979.5
1517	0.999985	-17979.5
1518	0.999985	-17979.5
1519	0.999984	-17979.5
1520	0.999985	-17979.6
1521	0.999985	-17979.6
1522	0.999985	-17979.5
1523	0.999985	-17979.5
1524	0.999985	-17979.6
1525	0.999985	-17979.6
1526	0.999985	-17979.6
1527	0.999985	-17979.6
1528	0.999985	-17979.5
1529	0.999984	-17979.5
1530	0.999984	-17979.5
1531	0.999984	-17979.5
1532	0.999985	-17979.5
1533	0.999985	-17979.6
1534	0.999985	-17979.5
1535	0.999985	-17979.6
1536	0.999985	-17979.6
1537	0.999985	-17979.5
1538	0.999985	-17979.6
1539	0.999985	-17979.6
1540	0.999985	-17979.6
1541	0.999985	-17979.5
1542	0.999985	-17979.5
1543	0.999985	-17979.5
1544	0.999985	-17979.5
1545	0.999985	-17979.5
1546	0.999985	-17979.5
1547	0.999985	-17979.5
1548	0.999985	-17979.6
1549	0.999985	-17979.6
1550	0.999985	-17979.6
1551	0.999985	-17979.6
1552	0.999985	-17979.6
1553	0.999985	-17979.6
1554	0.999985	-17979.6
1555	0.999985	-17979.5
1556	0.999985	-17979.5
1557	0.999985	-17979.6
1558	0.999986	-17979.6
1559	0.999986	-17979.6
1560	0.999986	-17979.6
1561	0.999986	-17979.6
1562	0.999986	-17979.6
1563	0.999986	-17979.6
1564	0.999986	-17979.6
1565	0.999986	-17979.6
1566	0.999986	-17979.6
1567	0.999986	-17979.6
1568	0.999986	-17979.6
1569	0.999986	-17979.6
1570	0.999986	-17979.6
1571	0.999986	-17979.6
1572	0.999986	-17979.6
1573	0.999986	-17979.6
1574	0.999986	-17979.6
1575	0.999986	-17979.6
1576	0.999986	-17979.6
1577	0.999986	-17979.6
1578	0.999986	-17979.6
1579	0.999986	-17979.6
1580	0.999986	-17979.6
1581	0.999987	-17979.6
1582	0.999986	-17979.6
1583	0.999986	-17979.6
1584	0.999987	-17979.6
1585	0.999987	-17979.6
1586	0.999987	-17979.6
1587	0.999987	-17979.6
1588	0.999987	-17979.6
1589	0.999987	-17979.6
1590	0.999988	-17979.6
1591	0.999988	-17979.6
1592	0.999988	-17979.6
1593	0.999988	-17979.6
1594	0.999988	-17979.6
1595	0.999988	-17979.7
1596	0.999989	-17979.7
1597	0.999989	-17979.7
1598	0.999989	-17979.7
1599	0.999989	-17979.7
1600	0.999989	-17979.7
1601	0.999989	-17979.7
1602	0.999989	-17979.7
1603	0.999989	-17979.7
1604	0.999989	-17979.6
1605	0.999989	-17979.7
1606	0.999989	-17979.7
1607	0.999989	-17979.7
1608	0.999989	-17979.7
1609	0.999989	-17979.7
1610	0.999989	-17979.7
1611	0.999989	-17979.7
1612	0.999989	-17979.7
1613	0.999989	-17979.7
1614	0.999989	-17979.7
1615	0.99999	-17979.7
1616	0.99999	-17979.7
1617	0.999989	-17979.7
1618	0.99999	-17979.7
1619	0.99999	-17979.7
1620	0.99999	-17979.7
1621	0.99999	-17979.7
1622	0.99999	-17979.7
1623	0.99999	-17979.7
1624	0.99999	-17979.7
1625	0.99999	-17979.7
1626	0.99999	-17979.7
1627	0.99999	-17979.7
1628	0.99999	-17979.7
1629	0.99999	-17979.7
1630	0.99999	-17979.7
1631	0.999991	-17979.7
1632	0.999991	-17979.7
1633	0.999991	-17979.7
1634	0.999991	-17979.7
1635	0.999991	-17979.7
1636	0.999991	-17979.8
1637	0.999991	-17979.8
1638	0.999991	-17979.8
1639	0.999991	-17979.8
1640	0.999991	-17979.8
1641	0.999991	-17979.8
1642	0.999991	-17979.8
1643	0.999991	-17979.8
1644	0.999991	-17979.8
1645	0.999992	-17979.8
1646	0.999992	-17979.8
1647	0.999992	-17979.8
1648	0.999992	-17979.8
1649	0.999992	-17979.8
1650	0.999992	-17979.8
1651	0.999992	-17979.8
1652	0.999992	-17979.8
1653	0.999992	-17979.8
1654	0.999992	-17979.8
1655	0.999992	-17979.8
1656	0.999992	-17979.8
1657	0.999992	-17979.8
1658	0.999993	-17979.8
1659	0.999993	-17979.8
1660	0.999992	-17979.8
1661	0.999993	-17979.8
1662	0.999993	-17979.8
1663	0.999993	-17979.8
1664	0.999993	-17979.8
1665	0.999993	-17979.8
1666	0.999993	-17979.8
1667	0.999993	-17979.8
1668	0.999993	-17979.8
1669	0.999993	-17979.8
1670	0.999993	-17979.8
1671	0.999993	-17979.8
1672	0.999993	-17979.8
1673	0.999993	-17979.8
1674	0.999993	-17979.8
1675	0.999993	-17979.8
1676	0.999993	-17979.8
1677	0.999993	-17979.8
1678	0.999993	-17979.8
1679	0.999993	-17979.8
1680	0.999993	-17979.8
1681	0.999993	-17979.8
1682	0.999993	-17979.8
1683	0.999993	-17979.8
1684	0.999993	-17979.8
1685	0.999993	-17979.8
1686	0.999993	-17979.8
1687	0.999993	-17979.8
1688	0.999993	-17979.8
1689	0.999993	-17979.8
1690	0.999993	-17979.8
1691	0.999993	-17979.8
1692	0.999993	-17979.8
1693	0.999993	-17979.8
1694	0.999993	-17979.8
1695	0.999993	-17979.8
1696	0.999993	-17979.8
1697	0.999993	-17979.8
1698	0.999993	-17979.8
1699	0.999993	-17979.8
1700	0.999993	-17979.8
1701	0.999993	-17979.8
1702	0.999993	-17979.8
1703	0.999993	-17979.8
1704	0.999993	-17979.8
1705	0.999993	-17979.8
1706	0.999993	-17979.8
1707	0.999993	-17979.8
1708	0.999993	-17979.8
1709	0.999993	-17979.8
1710	0.999993	-17979.8
1711	0.999993	-17979.8
1712	0.999993	-17979.8
1713	0.999993	-17979.8
1714	0.999993	-17979.8
1715	0.999993	-17979.8
1716	0.999993	-17979.8
1717	0.999993	-17979.8
1718	0.999993	-17979.8
1719	0.999993	-17979.8
1720	0.999993	-17979.8
1721	0.999993	-17979.8
1722	0.999993	-17979.8
1723	0.999993	-17979.8
1724	0.999993	-17979.8
1725	0.999993	-17979.8
1726	0.999993	-17979.8
1727	0.999993	-17979.8
1728	0.999992	-17979.8
1729	0.999993	-17979.8
1730	0.999992	-17979.8
1731	0.999992	-17979.8
1732	0.999992	-17979.8
1733	0.999992	-17979.8
1734	0.999992	-17979.8
1735	0.999992	-17979.8
1736	0.999992	-17979.8
1737	0.999992	-17979.8
1738	0.999992	-17979.8
1739	0.999992	-17979.8
1740	0.999992	-17979.8
1741	0.999992	-17979.8
1742	0.999993	-17979.8
1743	0.999992	-17979.8
1744	0.999992	-17979.8
1745	0.999992	-17979.8
1746	0.999992	-17979.8
1747	0.999992	-17979.8
1748	0.999992	-17979.8
1749	0.999992	-17979.8
1750	0.999992	-17979.8
1751	0.999992	-17979.8
1752	0.999993	-17979.8
1753	0.999993	-17979.8
1754	0.999993	-17979.8
1755	0.999993	-17979.8
1756	0.999993	-17979.8
1757	0.999993	-17979.8
1758	0.999993	-17979.8
1759	0.999993	-17979.8
1760	0.999993	-17979.8
1761	0.999993	-17979.8
1762	0.999992	-17979.8
1763	0.999992	-17979.8
1764	0.999993	-17979.8
1765	0.999993	-17979.8
1766	0.999993	-17979.8
1767	0.999993	-17979.8
1768	0.999993	-17979.8
1769	0.999993	-17979.8
1770	0.999993	-17979.8
1771	0.999993	-17979.8
1772	0.999993	-17979.8
1773	0.999993	-17979.8
1774	0.999993	-17979.8
1775	0.999993	-17979.8
1776	0.999993	-17979.8
1777	0.999993	-17979.8
1778	0.999993	-17979.8
1779	0.999993	-17979.8
1780	0.999993	-17979.8
1781	0.999993	-17979.8
1782	0.999993	-17979.8
1783	0.999993	-17979.8
1784	0.999993	-17979.8
1785	0.999993	-17979.8
1786	0.999993	-17979.8
1787	0.999993	-17979.8
1788	0.999993	-17979.8
1789	0.999993	-17979.8
1790	0.999993	-17979.8
1791	0.999993	-17979.8
1792	0.999993	-17979.8
1793	0.999993	-17979.8
1794	0.999993	-17979.8
1795	0.999993	-17979.8
1796	0.999993	-17979.8
1797	0.999993	-17979.8
1798	0.999993	-17979.8
1799	0.999993	-17979.8
1800	0.999993	-17979.8
1801	0.999993	-17979.8
1802	0.999993	-17979.8
1803	0.999993	-17979.8
1804	0.999993	-17979.8
1805	0.999993	-17979.8
1806	0.999993	-17979.8
1807	0.999993	-17979.8
1808	0.999993	-17979.8
1809	0.999993	-17979.8
1810	0.999993	-17979.8
1811	0.999993	-17979.8
1812	0.999993	-17979.8
1813	0.999993	-17979.8
1814	0.999993	-17979.8
1815	0.999993	-17979.8
1816	0.999993	-17979.8
1817	0.999993	-17979.8
1818	0.999993	-17979.8
1819	0.999993	-17979.8
1820	0.999993	-17979.8
1821	0.999993	-17979.8
1822	0.999993	-17979.8
1823	0.999993	-17979.8
1824	0.999993	-17979.8
1825	0.999993	-17979.8
1826	0.999993	-17979.8
1827	0.999993	-17979.8
1828	0.999993	-17979.8
1829	0.999992	-17979.8
1830	0.999992	-17979.8
1831	0.999992	-17979.8
1832	0.999992	-17979.8
1833	0.999992	-17979.8
1834	0.999993	-17979.8
1835	0.999992	-17979.8
1836	0.999992	-17979.8
1837	0.999992	-17979.8
1838	0.999992	-17979.8
1839	0.999992	-17979.8
1840	0.999992	-17979.8
1841	0.999992	-17979.8
1842	0.999992	-17979.8
1843	0.999992	-17979.8
1844	0.999992	-17979.8
1845	0.999992	-17979.8
1846	0.999992	-17979.8
1847	0.999992	-17979.8
1848	0.999992	-17979.8
1849	0.999992	-17979.8
1850	0.999992	-17979.8
1851	0.999992	-17979.8
1852	0.999992	-17979.8
1853	0.999992	-17979.8
1854	0.999992	-17979.8
1855	0.999992	-17979.8
1856	0.999992	-17979.8
1857	0.999992	-17979.8
1858	0.999992	-17979.8
1859	0.999992	-17979.8
1860	0.999992	-17979.8
1861	0.999992	-17979.8
1862	0.999992	-17979.8
1863	0.999992	-17979.8
1864	0.999992	-17979.8
1865	0.999992	-17979.8
1866	0.999992	-17979.8
1867	0.999992	-17979.8
1868	0.999992	-17979.8
1869	0.999992	-17979.8
1870	0.999992	-17979.8
1871	0.999992	-17979.8
1872	0.999992	-17979.8
1873	0.999992	-17979.8
1874	0.999992	-17979.8
1875	0.999992	-17979.8
1876	0.999992	-17979.8
1877	0.999992	-17979.8
1878	0.999992	-17979.8
1879	0.999992	-17979.8
1880	0.999992	-17979.8
1881	0.999992	-17979.8
1882	0.999992	-17979.8
1883	0.999992	-17979.8
1884	0.999992	-17979.8
1885	0.999992	-17979.8
1886	0.999992	-17979.8
1887	0.999991	-17979.8
1888	0.999991	-17979.8
1889	0.999991	-17979.8
1890	0.999991	-17979.8
1891	0.999991	-17979.8
1892	0.999991	-17979.8
1893	0.999991	-17979.8
1894	0.999991	-17979.8
1895	0.999991	-17979.7
1896	0.999991	-17979.7
1897	0.999991	-17979.7
1898	0.999991	-17979.8
1899	0.99999	-17979.7
1900	0.99999	-17979.7
1901	0.99999	-17979.7
1902	0.99999	-17979.7
1903	0.99999	-17979.7
1904	0.99999	-17979.7
1905	0.99999	-17979.7
1906	0.99999	-17979.7
1907	0.99999	-17979.7
1908	0.99999	-17979.7
1909	0.99999	-17979.7
1910	0.999989	-17979.7
1911	0.999989	-17979.7
1912	0.999989	-17979.7
1913	0.999989	-17979.7
1914	0.999989	-17979.7
1915	0.999989	-17979.7
1916	0.999989	-17979.7
1917	0.999988	-17979.7
1918	0.999988	-17979.7
1919	0.999988	-17979.7
1920	0.999988	-17979.7
1921	0.999988	-17979.7
1922	0.999988	-17979.7
1923	0.999988	-17979.7
1924	0.999988	-17979.7
1925	0.999988	-17979.7
1926	0.999989	-17979.7
1927	0.999989	-17979.7
1928	0.999988	-17979.7
1929	0.999989	-17979.7
1930	0.999989	-17979.7
1931	0.999989	-17979.7
1932	0.999989	-17979.7
1933	0.999989	-17979.7
1934	0.999989	-17979.7
1935	0.999989	-17979.7
1936	0.999989	-17979.7
1937	0.999988	-17979.7
1938	0.999988	-17979.7
1939	0.999988	-17979.7
1940	0.999988	-17979.7
1941	0.999988	-17979.7
1942	0.999988	-17979.7
1943	0.999988	-17979.7
1944	0.999989	-17979.7
1945	0.999989	-17979.7
1946	0.999989	-17979.7
1947	0.999989	-17979.7
1948	0.999989	-17979.7
1949	0.999989	-17979.7
1950	0.999989	-17979.7
1951	0.999989	-17979.7
1952	0.999989	-17979.7
1953	0.999989	-17979.7
1954	0.999989	-17979.7
1955	0.999989	-17979.7
1956	0.999989	-17979.7
1957	0.999989	-17979.7
1958	0.999989	-17979.7
1959	0.999989	-17979.7
1960	0.999989	-17979.7
1961	0.999989	-17979.7
1962	0.999989	-17979.7
1963	0.999989	-17979.7
1964	0.99999	-17979.7
1965	0.99999	-17979.7
1966	0.99999	-17979.7
1967	0.999989	-17979.7
1968	0.99999	-17979.7
1969	0.99999	-17979.7
1970	0.99999	-17979.7
1971	0.99999	-17979.7
1972	0.99999	-17979.7
1973	0.99999	-17979.7
1974	0.99999	-17979.7
1975	0.99999	-17979.7
1976	0.99999	-17979.7
1977	0.999991	-17979.7
1978	0.999991	-17979.7
1979	0.99999	-17979.7
1980	0.999991	-17979.7
1981	0.99999	-17979.7
1982	0.99999	-17979.7
1983	0.999991	-17979.7
1984	0.999991	-17979.8
1985	0.999991	-17979.8
1986	0.999991	-17979.8
1987	0.999991	-17979.8
1988	0.999991	-17979.8
1989	0.999991	-17979.8
1990	0.999991	-17979.8
1991	0.999991	-17979.8
1992	0.999991	-17979.8
1993	0.999991	-17979.8
1994	0.999991	-17979.8
1995	0.999991	-17979.8
1996	0.999991	-17979.8
1997	0.999991	-17979.8
1998	0.999991	-17979.8
1999	0.999991	-17979.8
2000	0.999991	-17979.8
2001	0.999991	-17979.8
2002	0.999991	-17979.8
2003	0.999991	-17979.8
2004	0.999991	-17979.8
2005	0.999991	-17979.8
2006	0.999991	-17979.8
2007	0.999992	-17979.8
2008	0.999992	-17979.8
2009	0.999992	-17979.8
2010	0.999991	-17979.8
2011	0.999991	-17979.8
2012	0.999991	-17979.8
2013	0.999991	-17979.8
2014	0.999991	-17979.8
2015	0.999992	-17979.8
2016	0.999992	-17979.8
2017	0.999992	-17979.8
2018	0.999992	-17979.8
2019	0.999992	-17979.8
2020	0.999992	-17979.8
2021	0.999992	-17979.8
2022	0.999992	-17979.8
2023	0.999992	-17979.8
2024	0.999992	-17979.8
2025	0.999992	-17979.8
2026	0.999992	-17979.8
2027	0.999992	-17979.8
2028	0.999992	-17979.8
2029	0.999992	-17979.8
2030	0.999992	-17979.8
2031	0.999992	-17979.8
2032	0.999993	-17979.8
2033	0.999993	-17979.8
2034	0.999993	-17979.8
2035	0.999993	-17979.8
2036	0.999993	-17979.8
2037	0.999993	-17979.8
2038	0.999993	-17979.8
2039	0.999993	-17979.8
2040	0.999993	-17979.8
2041	0.999993	-17979.8
2042	0.999993	-17979.8
2043	0.999993	-17979.8
2044	0.999993	-17979.8
2045	0.999993	-17979.8
2046	0.999993	-17979.8
2047	0.999993	-17979.8
2048	0.999993	-17979.8
2049	0.999993	-17979.8
2050	0.999993	-17979.8
2051	0.999993	-17979.8
2052	0.999993	-17979.8
2053	0.999993	-17979.8
2054	0.999993	-17979.8
2055	0.999993	-17979.8
2056	0.999993	-17979.8
2057	0.999993	-17979.8
2058	0.999993	-17979.8
2059	0.999993	-17979.8
2060	0.999993	-17979.8
2061	0.999993	-17979.8
2062	0.999993	-17979.8
2063	0.999993	-17979.8
2064	0.999993	-17979.8
2065	0.999993	-17979.8
2066	0.999993	-17979.8
2067	0.999993	-17979.8
2068	0.999994	-17979.9
2069	0.999994	-17979.9
2070	0.999994	-17979.9
2071	0.999994	-17979.9
2072	0.999994	-17979.9
2073	0.999994	-17979.9
2074	0.999994	-17979.9
2075	0.999994	-17979.9
2076	0.999994	-17979.9
2077	0.999994	-17979.9
2078	0.999994	-17979.9
2079	0.999994	-17979.9
2080	0.999994	-17979.9
2081	0.999994	-17979.9
2082	0.999994	-17979.9
2083	0.999994	-17979.9
2084	0.999994	-17979.9
2085	0.999994	-17979.9
2086	0.999994	-17979.9
2087	0.999994	-17979.9
2088	0.999994	-17979.9
2089	0.999994	-17979.9
2090	0.999994	-17979.9
2091	0.999994	-17979.9
2092	0.999994	-17979.9
2093	0.999994	-17979.9
2094	0.999994	-17979.9
2095	0.999994	-17979.9
2096	0.999994	-17979.9
2097	0.999994	-17979.9
2098	0.999994	-17979.9
2099	0.999994	-17979.9
2100	0.999994	-17979.9
2101	0.999994	-17979.9
2102	0.999994	-17979.9
2103	0.999994	-17979.9
2104	0.999994	-17979.9
2105	0.999994	-17979.9
2106	0.999994	-17979.9
2107	0.999994	-17979.9
2108	0.999994	-17979.9
2109	0.999994	-17979.9
2110	0.999994	-17979.9
2111	0.999994	-17979.9
2112	0.999994	-17979.9
2113	0.999994	-17979.9
2114	0.999994	-17979.9
2115	0.999994	-17979.9
2116	0.999994	-17979.9
2117	0.999994	-17979.9
2118	0.999994	-17979.9
2119	0.999994	-17979.9
2120	0.999994	-17979.9
2121	0.999994	-17979.9
2122	0.999994	-17979.9
2123	0.999994	-17979.9
2124	0.999994	-17979.9
2125	0.999994	-17979.9
2126	0.999994	-17979.9
2127	0.999994	-17979.9
2128	0.999994	-17979.9
2129	0.999994	-17979.9
2130	0.999994	-17979.9
2131	0.999994	-17979.9
2132	0.999994	-17979.9
2133	0.999994	-17979.9
2134	0.999994	-17979.9
2135	0.999994	-17979.9
2136	0.999994	-17979.9
2137	0.999994	-17979.9
2138	0.999994	-17979.9
2139	0.999994	-17979.9
2140	0.999994	-17979.9
2141	0.999994	-17979.9
2142	0.999995	-17979.9
2143	0.999994	-17979.9
2144	0.999995	-17979.9
2145	0.999994	-17979.9
2146	0.999994	-17979.9
2147	0.999994	-17979.9
2148	0.999995	-17979.9
2149	0.999995	-17979.9
2150	0.999994	-17979.9
2151	0.999994	-17979.9
2152	0.999995	-17979.9
2153	0.999995	-17979.9
2154	0.999995	-17979.9
2155	0.999995	-17979.9
2156	0.999995	-17979.9
2157	0.999995	-17979.9
2158	0.999995	-17979.9
2159	0.999995	-17979.9
2160	0.999995	-17979.9
2161	0.999995	-17979.9
2162	0.999995	-17979.9
2163	0.999995	-17979.9
2164	0.999995	-17979.9
2165	0.999995	-17979.9
2166	0.999994	-17979.9
2167	0.999994	-17979.9
2168	0.999994	-17979.9
2169	0.999994	-17979.9
2170	0.999994	-17979.9
2171	0.999994	-17979.9
2172	0.999994	-17979.9
2173	0.999994	-17979.9
2174	0.999995	-17979.9
2175	0.999995	-17979.9
2176	0.999995	-17979.9
2177	0.999995	-17979.9
2178	0.999995	-17979.9
2179	0.999995	-17979.9
2180	0.999995	-17979.9
2181	0.999995	-17979.9
2182	0.999995	-17979.9
2183	0.999995	-17979.9
2184	0.999995	-17979.9
2185	0.999995	-17979.9
2186	0.999995	-17979.9
2187	0.999995	-17979.9
2188	0.999995	-17979.9
2189	0.999995	-17979.9
2190	0.999995	-17979.9
2191	0.999995	-17979.9
2192	0.999995	-17979.9
2193	0.999995	-17979.9
2194	0.999995	-17979.9
2195	0.999995	-17979.9
2196	0.999995	-17979.9
2197	0.999995	-17979.9
2198	0.999995	-17979.9
2199	0.999995	-17979.9
2200	0.999995	-17979.9
2201	0.999995	-17979.9
2202	0.999995	-17979.9
2203	0.999995	-17979.9
2204	0.999995	-17979.9
2205	0.999995	-17979.9
2206	0.999995	-17979.9
2207	0.999995	-17979.9
2208	0.999995	-17979.9
2209	0.999995	-17979.9
2210	0.999995	-17979.9
2211	0.999995	-17979.9
2212	0.999995	-17979.9
2213	0.999995	-17979.9
2214	0.999995	-17979.9
2215	0.999995	-17979.9
2216	0.999995	-17979.9
2217	0.999995	-17979.9
2218	0.999995	-17979.9
2219	0.999995	-17979.9
2220	0.999995	-17979.9
2221	0.999995	-17979.9
2222	0.999995	-17979.9
2223	0.999995	-17979.9
2224	0.999994	-17979.9
2225	0.999994	-17979.9
2226	0.999994	-17979.9
2227	0.999994	-17979.9
2228	0.999994	-17979.9
2229	0.999994	-17979.9
2230	0.999994	-17979.9
2231	0.999995	-17979.9
2232	0.999995	-17979.9
2233	0.999995	-17979.9
2234	0.999995	-17979.9
2235	0.999994	-17979.9
2236	0.999994	-17979.9
2237	0.999995	-17979.9
2238	0.999994	-17979.9
2239	0.999994	-17979.9
2240	0.999994	-17979.9
2241	0.999994	-17979.9
2242	0.999994	-17979.9
2243	0.999994	-17979.9
2244	0.999994	-17979.9
2245	0.999994	-17979.9
2246	0.999994	-17979.9
2247	0.999994	-17979.9
2248	0.999994	-17979.9
2249	0.999994	-17979.9
2250	0.999994	-17979.9
2251	0.999994	-17979.9
2252	0.999994	-17979.9
2253	0.999994	-17979.9
2254	0.999994	-17979.9
2255	0.999994	-17979.9
2256	0.999994	-17979.9
2257	0.999994	-17979.9
2258	0.999994	-17979.9
2259	0.999994	-17979.9
2260	0.999994	-17979.9
2261	0.999994	-17979.9
2262	0.999994	-17979.9
2263	0.999994	-17979.9
2264	0.999994	-17979.9
2265	0.999994	-17979.9
2266	0.999994	-17979.9
2267	0.999994	-17979.9
2268	0.999994	-17979.9
2269	0.999994	-17979.9
2270	0.999994	-17979.9
2271	0.999994	-17979.9
2272	0.999994	-17979.9
2273	0.999994	-17979.9
2274	0.999994	-17979.9
2275	0.999994	-17979.9
2276	0.999994	-17979.9
2277	0.999994	-17979.9
2278	0.999994	-17979.9
2279	0.999994	-17979.9
2280	0.999994	-17979.9
2281	0.999994	-17979.9
2282	0.999994	-17979.9
2283	0.999994	-17979.9
2284	0.999994	-17979.9
2285	0.999994	-17979.9
2286	0.999994	-17979.9
2287	0.999994	-17979.9
2288	0.999994	-17979.9
2289	0.999994	-17979.9
2290	0.999994	-17979.9
2291	0.999994	-17979.9
2292	0.999994	-17979.9
2293	0.999994	-17979.9
2294	0.999994	-17979.9
2295	0.999994	-17979.9
2296	0.999994	-17979.9
2297	0.999994	-17979.9
2298	0.999994	-17979.9
2299	0.999994	-17979.9
2300	0.999994	-17979.9
2301	0.999994	-17979.9
2302	0.999994	-17979.9
2303	0.999994	-17979.9
2304	0.999994	-17979.9
2305	0.999994	-17979.9
2306	0.999994	-17979.9
2307	0.999994	-17979.9
2308	0.999994	-17979.9
2309	0.999994	-17979.9
2310	0.999994	-17979.9
2311	0.999994	-17979.9
2312	0.999994	-17979.9
2313	0.999994	-17979.9
2314	0.999994	-17979.9
2315	0.999994	-17979.9
2316	0.999994	-17979.9
2317	0.999994	-17979.9
2318	0.999994	-17979.9
2319	0.999994	-17979.9
2320	0.999994	-17979.9
2321	0.999994	-17979.9
2322	0.999994	-17979.9
2323	0.999994	-17979.9
2324	0.999994	-17979.9
2325	0.999994	-17979.9
2326	0.999994	-17979.9
2327	0.999994	-17979.9
2328	0.999994	-17979.9
2329	0.999994	-17979.9
2330	0.999994	-17979.9
2331	0.999994	-17979.9
2332	0.999994	-17979.9
2333	0.999994	-17979.9
2334	0.999994	-17979.9
2335	0.999994	-17979.9
2336	0.999994	-17979.9
2337	0.999994	-17979.9
2338	0.999994	-17979.9
2339	0.999994	-17979.9
2340	0.999994	-17979.9
2341	0.999994	-17979.9
2342	0.999994	-17979.9
2343	0.999994	-17979.9
2344	0.999994	-17979.9
2345	0.999994	-17979.9
2346	0.999994	-17979.9
2347	0.999994	-17979.9
2348	0.999994	-17979.9
2349	0.999994	-17979.9
2350	0.999994	-17979.9
2351	0.999994	-17979.9
2352	0.999994	-17979.9
2353	0.999994	-17979.9
2354	0.999994	-17979.9
2355	0.999994	-17979.9
2356	0.999994	-17979.9
2357	0.999994	-17979.9
2358	0.999995	-17979.9
2359	0.999994	-17979.9
2360	0.999994	-17979.9
2361	0.999994	-17979.9
2362	0.999995	-17979.9
2363	0.999995	-17979.9
2364	0.999994	-17979.9
2365	0.999995	-17979.9
2366	0.999995	-17979.9
2367	0.999994	-17979.9
2368	0.999994	-17979.9
2369	0.999994	-17979.9
2370	0.999994	-17979.9
2371	0.999994	-17979.9
2372	0.999994	-17979.9
2373	0.999994	-17979.9
2374	0.999994	-17979.9
2375	0.999994	-17979.9
2376	0.999994	-17979.9
2377	0.999994	-17979.9
2378	0.999994	-17979.9
2379	0.999995	-17979.9
2380	0.999995	-17979.9
2381	0.999994	-17979.9
2382	0.999995	-17979.9
2383	0.999995	-17979.9
2384	0.999995	-17979.9
2385	0.999994	-17979.9
2386	0.999994	-17979.9
2387	0.999995	-17979.9
2388	0.999995	-17979.9
2389	0.999995	-17979.9
2390	0.999995	-17979.9
2391	0.999995	-17979.9
2392	0.999995	-17979.9
2393	0.999994	-17979.9
2394	0.999994	-17979.9
2395	0.999994	-17979.9
2396	0.999994	-17979.9
2397	0.999994	-17979.9
2398	0.999994	-17979.9
2399	0.999994	-17979.9
2400	0.999994	-17979.9
2401	0.999994	-17979.9
2402	0.999994	-17979.9
2403	0.999994	-17979.9
2404	0.999994	-17979.9
2405	0.999994	-17979.9
2406	0.999994	-17979.9
2407	0.999994	-17979.9
2408	0.999994	-17979.9
2409	0.999994	-17979.9
2410	0.999994	-17979.9
2411	0.999994	-17979.9
2412	0.999994	-17979.9
2413	0.999994	-17979.9
2414	0.999994	-17979.9
2415	0.999994	-17979.9
2416	0.999994	-17979.9
2417	0.999994	-17979.9
2418	0.999994	-17979.9
2419	0.999994	-17979.9
2420	0.999994	-17979.9
2421	0.999994	-17979.9
2422	0.999994	-17979.9
2423	0.999994	-17979.9
2424	0.999994	-17979.9
2425	0.999994	-17979.9
2426	0.999994	-17979.9
2427	0.999994	-17979.9
2428	0.999994	-17979.9
2429	0.999994	-17979.9
2430	0.999994	-17979.9
2431	0.999994	-17979.9
2432	0.999994	-17979.9
2433	0.999994	-17979.9
2434	0.999994	-17979.9
2435	0.999994	-17979.9
2436	0.999994	-17979.9
2437	0.999994	-17979.9
2438	0.999994	-17979.9
2439	0.999994	-17979.9
2440	0.999994	-17979.9
2441	0.999994	-17979.9
2442	0.999994	-17979.9
2443	0.999994	-17979.9
2444	0.999994	-17979.9
2445	0.999994	-17979.9
2446	0.999994	-17979.9
2447	0.999994	-17979.9
2448	0.999994	-17979.9
2449	0.999994	-17979.9
2450	0.999994	-17979.9
2451	0.999994	-17979.9
2452	0.999994	-17979.9
2453	0.999994	-17979.9
2454	0.999994	-17979.9
2455	0.999994	-17979.9
2456	0.999994	-17979.9
2457	0.999994	-17979.9
2458	0.999994	-17979.9
2459	0.999994	-17979.9
2460	0.999994	-17979.9
2461	0.999994	-17979.9
2462	0.999994	-17979.9
2463	0.999994	-17979.9
2464	0.999994	-17979.9
2465	0.999994	-17979.9
2466	0.999994	-17979.9
2467	0.999994	-17979.9
2468	0.999994	-17979.9
2469	0.999994	-17979.9
2470	0.999994	-17979.9
2471	0.999994	-17979.9
2472	0.999994	-17979.9
2473	0.999994	-17979.9
2474	0.999994	-17979.9
2475	0.999994	-17979.9
2476	0.999994	-17979.9
2477	0.999994	-17979.9
2478	0.999994	-17979.9
2479	0.999994	-17979.9
2480	0.999994	-17979.9
2481	0.999994	-17979.9
2482	0.999994	-17979.9
2483	0.999994	-17979.9
2484	0.999994	-17979.9
2485	0.999994	-17979.9
2486	0.999994	-17979.9
2487	0.999994	-17979.9
2488	0.999994	-17979.9
2489	0.999994	-17979.9
2490	0.999994	-17979.9
2491	0.999994	-17979.9
2492	0.999994	-17979.9
2493	0.999994	-17979.9
2494	0.999994	-17979.9
2495	0.999994	-17979.9
2496	0.999994	-17979.9
2497	0.999994	-17979.9
2498	0.999994	-17979.9
2499	0.999994	-17979.9
2500	0.999994	-17979.9
2501	0.999994	-17979.9
2502	0.999994	-17979.9
2503	0.999994	-17979.9
2504	0.999994	-17979.9
2505	0.999994	-17979.9
2506	0.999994	-17979.9
2507	0.999994	-17979.9
2508	0.999994	-17979.9
2509	0.999994	-17979.9
2510	0.999994	-17979.9
2511	0.999994	-17979.9
2512	0.999994	-17979.9
2513	0.999994	-17979.9
2514	0.999994	-17979.9
2515	0.999994	-17979.9
2516	0.999994	-17979.9
2517	0.999994	-17979.9
2518	0.999994	-17979.9
2519	0.999994	-17979.9
2520	0.999994	-17979.9
2521	0.999994	-17979.9
2522	0.999994	-17979.9
2523	0.999994	-17979.9
2524	0.999994	-17979.9
2525	0.999994	-17979.9
2526	0.999994	-17979.9
2527	0.999994	-17979.9
2528	0.999994	-17979.9
2529	0.999994	-17979.9
2530	0.999994	-17979.9
2531	0.999994	-17979.9
2532	0.999994	-17979.9
2533	0.999994	-17979.9
2534	0.999994	-17979.9
2535	0.999994	-17979.9
2536	0.999994	-17979.9
2537	0.999994	-17979.9
2538	0.999994	-17979.9
2539	0.999994	-17979.9
2540	0.999994	-17979.9
2541	0.999994	-17979.9
2542	0.999994	-17979.9
2543	0.999994	-17979.9
2544	0.999994	-17979.9
2545	0.999994	-17979.9
2546	0.999994	-17979.9
2547	0.999994	-17979.9
2548	0.999994	-17979.9
2549	0.999994	-17979.9
2550	0.999994	-17979.9
2551	0.999994	-17979.9
2552	0.999994	-17979.9
2553	0.999994	-17979.9
2554	0.999994	-17979.9
2555	0.999994	-17979.9
2556	0.999994	-17979.9
2557	0.999994	-17979.9
2558	0.999994	-17979.9
2559	0.999994	-17979.9
2560	0.999994	-17979.9
2561	0.999994	-17979.9
2562	0.999995	-17979.9
2563	0.999995	-17979.9
2564	0.999995	-17979.9
2565	0.999995	-17979.9
2566	0.999995	-17979.9
2567	0.999995	-17979.9
2568	0.999995	-17979.9
2569	0.999995	-17979.9
2570	0.999995	-17979.9
2571	0.999995	-17979.9
2572	0.999995	-17979.9
2573	0.999995	-17979.9
2574	0.999994	-17979.9
2575	0.999994	-17979.9
2576	0.999994	-17979.9
2577	0.999994	-17979.9
2578	0.999994	-17979.9
2579	0.999994	-17979.9
2580	0.999994	-17979.9
2581	0.999994	-17979.9
2582	0.999994	-17979.9
2583	0.999994	-17979.9
2584	0.999994	-17979.9
2585	0.999994	-17979.9
2586	0.999994	-17979.9
2587	0.999994	-17979.9
2588	0.999994	-17979.9
2589	0.999994	-17979.9
2590	0.999993	-17979.9
2591	0.999993	-17979.8
2592	0.999993	-17979.8
2593	0.999993	-17979.8
2594	0.999993	-17979.8
2595	0.999993	-17979.8
2596	0.999993	-17979.8
2597	0.999993	-17979.8
2598	0.999993	-17979.8
2599	0.999994	-17979.9
2600	0.999994	-17979.9
2601	0.999994	-17979.9
2602	0.999993	-17979.9
2603	0.999994	-17979.9
2604	0.999994	-17979.9
2605	0.999994	-17979.9
2606	0.999994	-17979.9
2607	0.999994	-17979.9
2608	0.999994	-17979.9
2609	0.999994	-17979.8
2610	0.999994	-17979.9
2611	0.999994	-17979.8
2612	0.999993	-17979.8
2613	0.999994	-17979.9
2614	0.999994	-17979.9
2615	0.999994	-17979.9
2616	0.999994	-17979.9
2617	0.999994	-17979.9
2618	0.999994	-17979.9
2619	0.999994	-17979.9
2620	0.999994	-17979.9
2621	0.999994	-17979.9
2622	0.999994	-17979.9
2623	0.999994	-17979.9
2624	0.999994	-17979.9
2625	0.999994	-17979.9
2626	0.999994	-17979.9
2627	0.999994	-17979.9
2628	0.999994	-17979.9
2629	0.999994	-17979.9
2630	0.999994	-17979.9
2631	0.999994	-17979.9
2632	0.999994	-17979.9
2633	0.999994	-17979.9
2634	0.999994	-17979.9
2635	0.999994	-17979.9
2636	0.999994	-17979.9
2637	0.999994	-17979.9
2638	0.999994	-17979.9
2639	0.999994	-17979.9
2640	0.999994	-17979.9
2641	0.999994	-17979.9
2642	0.999994	-17979.9
2643	0.999994	-17979.9
2644	0.999994	-17979.9
2645	0.999994	-17979.9
2646	0.999994	-17979.9
2647	0.999994	-17979.9
2648	0.999994	-17979.9
2649	0.999994	-17979.9
2650	0.999994	-17979.9
2651	0.999994	-17979.9
2652	0.999994	-17979.9
2653	0.999994	-17979.9
2654	0.999994	-17979.9
2655	0.999994	-17979.9
2656	0.999994	-17979.9
2657	0.999995	-17979.9
2658	0.999995	-17979.9
2659	0.999995	-17979.9
2660	0.999995	-17979.9
2661	0.999995	-17979.9
2662	0.999995	-17979.9
2663	0.999995	-17979.9
2664	0.999995	-17979.9
2665	0.999995	-17979.9
2666	0.999995	-17979.9
2667	0.999995	-17979.9
2668	0.999995	-17979.9
2669	0.999995	-17979.9
2670	0.999995	-17979.9
2671	0.999995	-17979.9
2672	0.999995	-17979.9
2673	0.999995	-17979.9
2674	0.999995	-17979.9
2675	0.999995	-17979.9
2676	0.999995	-17979.9
2677	0.999995	-17979.9
2678	0.999995	-17979.9
2679	0.999995	-17979.9
2680	0.999995	-17979.9
2681	0.999995	-17979.9
2682	0.999995	-17979.9
2683	0.999995	-17979.9
2684	0.999995	-17979.9
2685	0.999995	-17979.9
2686	0.999995	-17979.9
2687	0.999995	-17979.9
2688	0.999995	-17979.9
2689	0.999995	-17979.9
2690	0.999995	-17979.9
2691	0.999995	-17979.9
2692	0.999995	-17979.9
2693	0.999994	-17979.9
2694	0.999994	-17979.9
2695	0.999994	-17979.9
2696	0.999994	-17979.9
2697	0.999994	-17979.9
2698	0.999994	-17979.9
2699	0.999994	-17979.9
2700	0.999994	-17979.9
2701	0.999994	-17979.9
2702	0.999994	-17979.9
2703	0.999994	-17979.9
2704	0.999994	-17979.9
2705	0.999994	-17979.9
2706	0.999995	-17979.9
2707	0.999995	-17979.9
2708	0.999995	-17979.9
2709	0.999995	-17979.9
2710	0.999995	-17979.9
2711	0.999995	-17979.9
2712	0.999995	-17979.9
2713	0.999995	-17979.9
2714	0.999995	-17979.9
2715	0.999995	-17979.9
2716	0.999995	-17979.9
2717	0.999995	-17979.9
2718	0.999995	-17979.9
2719	0.999995	-17979.9
2720	0.999995	-17979.9
2721	0.999995	-17979.9
2722	0.999995	-17979.9
2723	0.999995	-17979.9
2724	0.999995	-17979.9
2725	0.999995	-17979.9
2726	0.999995	-17979.9
2727	0.999995	-17979.9
2728	0.999995	-17979.9
2729	0.999995	-17979.9
2730	0.999995	-17979.9
2731	0.999995	-17979.9
2732	0.999995	-17979.9
2733	0.999995	-17979.9
2734	0.999995	-17979.9
2735	0.999995	-17979.9
2736	0.999995	-17979.9
2737	0.999995	-17979.9
2738	0.999995	-17979.9
2739	0.999995	-17979.9
2740	0.999995	-17979.9
2741	0.999995	-17979.9
2742	0.999995	-17979.9
2743	0.999995	-17979.9
2744	0.999995	-17979.9
2745	0.999995	-17979.9
2746	0.999994	-17979.9
2747	0.999994	-17979.9
2748	0.999994	-17979.9
2749	0.999994	-17979.9
2750	0.999994	-17979.9
2751	0.999994	-17979.9
2752	0.999994	-17979.9
2753	0.999994	-17979.9
2754	0.999994	-17979.9
2755	0.999994	-17979.9
2756	0.999994	-17979.9
2757	0.999994	-17979.9
2758	0.999994	-17979.9
2759	0.999994	-17979.9
2760	0.999994	-17979.9
2761	0.999994	-17979.9
2762	0.999994	-17979.9
2763	0.999994	-17979.9
2764	0.999994	-17979.9
2765	0.999994	-17979.9
2766	0.999994	-17979.9
2767	0.999994	-17979.9
2768	0.999994	-17979.9
2769	0.999994	-17979.9
2770	0.999994	-17979.9
2771	0.999994	-17979.9
2772	0.999994	-17979.9
2773	0.999994	-17979.9
2774	0.999994	-17979.9
2775	0.999994	-17979.9
2776	0.999994	-17979.9
2777	0.999994	-17979.9
2778	0.999994	-17979.9
2779	0.999994	-17979.9
2780	0.999994	-17979.9
2781	0.999994	-17979.9
2782	0.999994	-17979.9
2783	0.999994	-17979.9
2784	0.999994	-17979.9
2785	0.999994	-17979.9
2786	0.999994	-17979.9
2787	0.999994	-17979.9
2788	0.999994	-17979.9
2789	0.999994	-17979.9
2790	0.999994	-17979.9
2791	0.999994	-17979.9
2792	0.999995	-17979.9
2793	0.999995	-17979.9
2794	0.999995	-17979.9
2795	0.999995	-17979.9
2796	0.999995	-17979.9
2797	0.999995	-17979.9
2798	0.999995	-17979.9
2799	0.999995	-17979.9
2800	0.999995	-17979.9
2801	0.999995	-17979.9
2802	0.999995	-17979.9
2803	0.999995	-17979.9
2804	0.999995	-17979.9
2805	0.999995	-17979.9
2806	0.999995	-17979.9
2807	0.999995	-17979.9
2808	0.999995	-17979.9
2809	0.999995	-17979.9
2810	0.999995	-17979.9
2811	0.999995	-17979.9
2812	0.999995	-17979.9
2813	0.999995	-17979.9
2814	0.999995	-17979.9
2815	0.999995	-17979.9
2816	0.999995	-17979.9
2817	0.999995	-17979.9
2818	0.999995	-17979.9
2819	0.999995	-17979.9
2820	0.999995	-17979.9
2821	0.999995	-17979.9
2822	0.999995	-17979.9
2823	0.999995	-17979.9
2824	0.999995	-17979.9
2825	0.999995	-17979.9
2826	0.999995	-17979.9
2827	0.999995	-17979.9
2828	0.999995	-17979.9
2829	0.999995	-17979.9
2830	0.999995	-17979.9
2831	0.999995	-17979.9
2832	0.999995	-17979.9
2833	0.999995	-17979.9
2834	0.999995	-17979.9
2835	0.999995	-17979.9
2836	0.999995	-17979.9
2837	0.999995	-17979.9
2838	0.999995	-17979.9
2839	0.999995	-17979.9
2840	0.999995	-17979.9
2841	0.999995	-17979.9
2842	0.999995	-17979.9
2843	0.999995	-17979.9
2844	0.999995	-17979.9
2845	0.999995	-17979.9
2846	0.999995	-17979.9
2847	0.999995	-17979.9
2848	0.999995	-17979.9
2849	0.999995	-17979.9
2850	0.999995	-17979.9
2851	0.999995	-17979.9
2852	0.999995	-17979.9
2853	0.999995	-17979.9
2854	0.999995	-17979.9
2855	0.999995	-17979.9
2856	0.999995	-17979.9
2857	0.999995	-17979.9
2858	0.999995	-17979.9
2859	0.999995	-17979.9
2860	0.999995	-17979.9
2861	0.999995	-17979.9
2862	0.999995	-17979.9
2863	0.999995	-17979.9
2864	0.999994	-17979.9
2865	0.999995	-17979.9
2866	0.999995	-17979.9
2867	0.999995	-17979.9
2868	0.999995	-17979.9
2869	0.999995	-17979.9
2870	0.999995	-17979.9
2871	0.999995	-17979.9
2872	0.999995	-17979.9
2873	0.999995	-17979.9
2874	0.999995	-17979.9
2875	0.999995	-17979.9
2876	0.999995	-17979.9
2877	0.999995	-17979.9
2878	0.999994	-17979.9
2879	0.999995	-17979.9
2880	0.999995	-17979.9
2881	0.999995	-17979.9
2882	0.999994	-17979.9
2883	0.999994	-17979.9
2884	0.999994	-17979.9
2885	0.999994	-17979.9
2886	0.999994	-17979.9
2887	0.999994	-17979.9
2888	0.999994	-17979.9
2889	0.999994	-17979.9
2890	0.999993	-17979.8
2891	0.999993	-17979.8
2892	0.999993	-17979.8
2893	0.999993	-17979.8
2894	0.999993	-17979.8
2895	0.999993	-17979.8
2896	0.999993	-17979.8
2897	0.999993	-17979.8
2898	0.999993	-17979.8
2899	0.999993	-17979.8
2900	0.999993	-17979.8
2901	0.999993	-17979.8
2902	0.999992	-17979.8
2903	0.999993	-17979.8
2904	0.999993	-17979.8
2905	0.999993	-17979.8
2906	0.999993	-17979.8
2907	0.999993	-17979.8
2908	0.999993	-17979.8
2909	0.999993	-17979.8
2910	0.999993	-17979.8
2911	0.999993	-17979.8
2912	0.999993	-17979.8
2913	0.999993	-17979.8
2914	0.999993	-17979.8
2915	0.999992	-17979.8
2916	0.999993	-17979.8
2917	0.999993	-17979.8
2918	0.999993	-17979.8
2919	0.999993	-17979.8
2920	0.999993	-17979.8
2921	0.999993	-17979.8
2922	0.999992	-17979.8
2923	0.999992	-17979.8
2924	0.999992	-17979.8
2925	0.999992	-17979.8
2926	0.999992	-17979.8
2927	0.999992	-17979.8
2928	0.999992	-17979.8
2929	0.999992	-17979.8
2930	0.999992	-17979.8
2931	0.999992	-17979.8
2932	0.999992	-17979.8
2933	0.999992	-17979.8
2934	0.999992	-17979.8
2935	0.999992	-17979.8
2936	0.999992	-17979.8
2937	0.999992	-17979.8
2938	0.999992	-17979.8
2939	0.999992	-17979.8
2940	0.999992	-17979.8
2941	0.999992	-17979.8
2942	0.999992	-17979.8
2943	0.999992	-17979.8
2944	0.999992	-17979.8
2945	0.999991	-17979.8
2946	0.999992	-17979.8
2947	0.999992	-17979.8
2948	0.999992	-17979.8
2949	0.999992	-17979.8
2950	0.999992	-17979.8
2951	0.999992	-17979.8
2952	0.999992	-17979.8
2953	0.999991	-17979.8
2954	0.999992	-17979.8
2955	0.999991	-17979.8
2956	0.999991	-17979.8
2957	0.999991	-17979.8
2958	0.999992	-17979.8
2959	0.999992	-17979.8
2960	0.999992	-17979.8
2961	0.999992	-17979.8
2962	0.999992	-17979.8
2963	0.999992	-17979.8
2964	0.999992	-17979.8
2965	0.999992	-17979.8
2966	0.999992	-17979.8
2967	0.999992	-17979.8
2968	0.999992	-17979.8
2969	0.999992	-17979.8
2970	0.999992	-17979.8
2971	0.999992	-17979.8
2972	0.999993	-17979.8
2973	0.999993	-17979.8
2974	0.999993	-17979.8
2975	0.999993	-17979.8
2976	0.999993	-17979.8
2977	0.999993	-17979.8
2978	0.999993	-17979.8
2979	0.999993	-17979.8
2980	0.999993	-17979.8
2981	0.999993	-17979.8
2982	0.999993	-17979.8
2983	0.999993	-17979.8
2984	0.999994	-17979.9
2985	0.999994	-17979.9
2986	0.999994	-17979.9
2987	0.999994	-17979.9
2988	0.999993	-17979.8
2989	0.999993	-17979.8
2990	0.999993	-17979.8
2991	0.999993	-17979.8
2992	0.999993	-17979.8
2993	0.999993	-17979.8
2994	0.999993	-17979.8
2995	0.999993	-17979.8
2996	0.999993	-17979.8
2997	0.999993	-17979.8
2998	0.999993	-17979.8
2999	0.999993	-17979.8
