0	0.359525	-2319.7
1	0.358023	-2319.67
2	0.363914	-2388.25
3	0.368378	-2413.37
4	0.361172	-2306.64
5	0.359118	-2335.52
6	0.357348	-2302.83
7	0.365683	-2356.5
8	0.351079	-2228.46
9	0.360476	-2345.32
10	0.362405	-2348.51
11	0.36253	-2339.07
12	0.354687	-2257.12
13	0.359775	-2358.82
14	0.367819	-2362.07
15	0.367055	-2524.75
16	0.357303	-2299.85
17	0.363951	-2383.56
18	0.353016	-2253.83
19	0.362255	-2384.83
20	0.359939	-2349.35
21	0.361781	-2305.48
22	0.362715	-2349.77
23	0.365141	-2389.26
24	0.360745	-2305.88
25	0.35968	-2372.77
26	0.362828	-2348.14
27	0.370835	-2471.26
28	0.361738	-2323.57
29	0.360671	-2364.22
30	0.36353	-2389.36
31	0.357792	-2301.46
32	0.359805	-2311.03
33	0.367326	-2395.89
34	0.368636	-2454.44
35	0.35201	-2280.92
36	0.358049	-2300.87
37	0.362793	-2381.4
38	0.37311	-2483.23
39	0.361938	-2379.71
40	0.36367	-2400.4
41	0.357236	-2330.83
42	0.361485	-2383.21
43	0.363287	-2381.72
44	0.362544	-2356.59
45	0.367807	-2425.09
46	0.357098	-2288.62
47	0.3673	-2397.18
48	0.365826	-2384.39
49	0.356811	-2322.98
50	0.359106	-2348.45
51	0.358941	-2309.69
52	0.358681	-2268.79
53	0.361424	-2347.35
54	0.359489	-2308.94
55	0.372374	-2501.29
56	0.359087	-2284.45
57	0.360871	-2330.44
58	0.364246	-2402.14
59	0.368411	-2465.56
60	0.355899	-2257.09
61	0.364442	-2371.78
62	0.361989	-2400.53
63	0.349527	-2195.65
64	0.355424	-2252.84
65	0.364466	-2382.15
66	0.359666	-2358.08
67	0.359017	-2333.36
68	0.351871	-2240.56
69	0.361355	-2340.78
70	0.368359	-2471.2
71	0.366536	-2396.66
72	0.368684	-2454.95
73	0.363265	-2303.92
74	0.366748	-2420.25
75	0.355576	-2284.48
76	0.364357	-2384.64
77	0.360208	-2295.37
78	0.357842	-2330.04
79	0.362853	-2390.32
80	0.368038	-2427.31
81	0.365954	-2430.31
82	0.364027	-2404.94
83	0.370111	-2436.41
84	0.354816	-2252.8
85	0.367429	-2452.04
86	0.360376	-2368.34
87	0.363205	-2363.58
88	0.365581	-2413.2
89	0.366665	-2415.21
90	0.363038	-2365.51
91	0.363035	-2375.13
92	0.354836	-2253.31
93	0.364732	-2420.71
94	0.358931	-2370.42
95	0.361099	-2352.43
96	0.364754	-2416.54
97	0.364183	-2395.32
98	0.366695	-2423.9
99	0.359789	-2322.39
100	0.364952	-2384.93
101	0.36136	-2366.85
102	0.363107	-2364.92
103	0.366764	-2389.82
104	0.370582	-2439.55
105	0.371937	-2492.85
106	0.354263	-2222.68
107	0.364393	-2447.45
108	0.361768	-2380.54
109	0.364439	-2374.78
110	0.36379	-2352.72
111	0.354968	-2279.6
112	0.359301	-2266.42
113	0.365553	-2441.09
114	0.363085	-2395.45
115	0.369941	-2459.56
116	0.364844	-2432.78
117	0.363621	-2372.5
118	0.363194	-2376.07
119	0.355622	-2254.43
120	0.362016	-2306.51
121	0.361486	-2348.35
122	0.362087	-2371.8
123	0.362642	-2385.7
124	0.364321	-2407.84
125	0.356591	-2250.07
126	0.366203	-2446.85
127	0.364721	-2389.42
128	0.356711	-2287.56
129	0.371383	-2482.63
130	0.361354	-2393.12
131	0.367223	-2442.9
132	0.355125	-2267.8
133	0.364971	-2375.26
134	0.369509	-2514.14
135	0.352097	-2240.1
136	0.358946	-2319.51
137	0.360247	-2318
138	0.371053	-2511.73
139	0.365171	-2405.36
140	0.358721	-2332.65
141	0.366026	-2400.59
142	0.364839	-2389.96
143	0.36772	-2420.13
144	0.362286	-2348.77
145	0.365302	-2419.85
146	0.3574	-2287.3
147	0.355801	-2311.15
148	0.356501	-2311.81
149	0.361349	-2371.39
150	0.368375	-2470.89
151	0.363948	-2376.39
152	0.361574	-2326.7
153	0.360693	-2306.61
154	0.365083	-2416.62
155	0.362718	-2356.1
156	0.371251	-2454.13
157	0.360648	-2296.53
158	0.357781	-2293.79
159	0.360227	-2341.58
160	0.373155	-2510.34
161	0.357691	-2313.64
162	0.353775	-2253.03
163	0.359776	-2336.39
164	0.361905	-2325.01
165	0.366231	-2428.03
166	0.360753	-2342.77
167	0.369302	-2463.33
168	0.35917	-2305.79
169	0.37231	-2486.85
170	0.363929	-2369.85
171	0.36611	-2395.57
172	0.361919	-2358.37
173	0.365846	-2368.69
174	0.354076	-2216.92
175	0.363168	-2374.31
176	0.363327	-2374.85
177	0.356115	-2270.25
178	0.366691	-2418.06
179	0.36282	-2332.45
180	0.371451	-2480.21
181	0.359672	-2288.07
182	0.363998	-2385.12
183	0.360212	-2330.14
184	0.363063	-2366.35
185	0.365604	-2427.83
186	0.360652	-2352.26
187	0.355551	-2241.48
188	0.362871	-2374.43
189	0.348728	-2212.8
190	0.361064	-2354.54
191	0.359276	-2337.55
192	0.365573	-2406.91
193	0.358089	-2306.48
194	0.360545	-2317.04
195	0.371915	-2517.41
196	0.369406	-2479.97
197	0.360043	-2326.04
198	0.365732	-2405.63
199	0.356964	-2289.96
200	0.356439	-2290.88
201	0.365271	-2427.25
202	0.362201	-2303.52
203	0.362253	-2380.04
204	0.355174	-2255.43
205	0.366673	-2372.59
206	0.363141	-2361.63
207	0.36722	-2409.54
208	0.36267	-2320.52
209	0.363198	-2318.89
210	0.357176	-2290.3
211	0.365015	-2402.75
212	0.362419	-2326.92
213	0.357258	-2301.33
214	0.368748	-2457.21
215	0.365755	-2356.91
216	0.365137	-2399.56
217	0.369775	-2453.08
218	0.353788	-2258.75
219	0.370055	-2457.01
220	0.359744	-2360.12
221	0.366487	-2367.95
222	0.360499	-2334.73
223	0.35698	-2254.43
224	0.368565	-2443.94
225	0.361118	-2310.36
226	0.365378	-2421.65
227	0.360286	-2338.92
228	0.34859	-2186.4
229	0.361679	-2316.96
230	0.359157	-2296.93
231	0.358032	-2319.04
232	0.367041	-2433.62
233	0.367805	-2427.89
234	0.373617	-2493.46
235	0.358036	-2283.68
236	0.362522	-2319.47
237	0.358683	-2283.67
238	0.367998	-2412.72
239	0.366534	-2390.28
240	0.363015	-2415.96
241	0.360315	-2323.41
242	0.363125	-2314.86
243	0.368726	-2421.07
244	0.363325	-2362.22
245	0.360071	-2324.24
246	0.360223	-2358.02
247	0.362038	-2341.11
248	0.359995	-2322.13
249	0.360903	-2315.36
250	0.364617	-2391.88
251	0.359071	-2340.68
252	0.36109	-2331.31
253	0.368558	-2432.2
254	0.361534	-2347.82
255	0.35521	-2299.09
256	0.365885	-2389.32
257	0.365719	-2406.43
258	0.37793	-2521.48
259	0.368143	-2449.13
260	0.361892	-2377.38
261	0.358335	-2325.38
262	0.360409	-2346.53
263	0.357088	-2274.83
264	0.360608	-2366.68
265	0.366696	-2388.9
266	0.364584	-2406.87
267	0.359324	-2356.65
268	0.359136	-2303.85
269	0.354423	-2271.49
270	0.36154	-2330.88
271	0.365281	-2469.18
272	0.365588	-2398.7
273	0.357738	-2287.14
274	0.366464	-2396.69
275	0.353051	-2225.73
276	0.367656	-2447.31
277	0.361853	-2369.95
278	0.364949	-2371.28
279	0.371057	-2487.99
280	0.367415	-2413.18
281	0.364581	-2387.11
282	0.365904	-2361.51
283	0.35973	-2350.47
284	0.364558	-2340.34
285	0.36149	-2334.49
286	0.353292	-2266.93
287	0.358411	-2327.19
288	0.36521	-2437.07
289	0.366868	-2442.67
290	0.367812	-2460.98
291	0.363702	-2404.15
292	0.363208	-2370.08
293	0.373232	-2528.24
294	0.354515	-2279.06
295	0.359743	-2328.45
296	0.365374	-2368.27
297	0.360011	-2303.69
298	0.36031	-2328.92
299	0.365677	-2415.81
300	0.364037	-2395.82
301	0.367779	-2429.65
302	0.362145	-2310.79
303	0.36466	-2415.04
304	0.3678	-2424.94
305	0.355637	-2240.39
306	0.363359	-2357.59
307	0.354919	-2297.02
308	0.363516	-2323.77
309	0.363979	-2396.33
310	0.359307	-2337.64
311	0.368243	-2418.5
312	0.370691	-2500.59
313	0.364446	-2398.35
314	0.357253	-2296.85
315	0.356337	-2292.23
316	0.367278	-2407.59
317	0.378281	-2551.6
318	0.353749	-2268.92
319	0.360538	-2379.08
320	0.367407	-2445.05
321	0.354899	-2269.42
322	0.35926	-2279.76
323	0.36004	-2348.07
324	0.360553	-2356.44
325	0.358361	-2315.24
326	0.359858	-2331.47
327	0.363702	-2352.04
328	0.358612	-2314.95
329	0.362106	-2371.1
330	0.356103	-2274.94
331	0.361715	-2352.78
332	0.364915	-2397.83
333	0.362042	-2350.4
334	0.366559	-2464.86
335	0.366937	-2441
336	0.358243	-2286.49
337	0.35741	-2258.58
338	0.360677	-2395.77
339	0.369666	-2477.15
340	0.361283	-2348.74
341	0.364767	-2369.28
342	0.362787	-2352.55
343	0.358813	-2273.89
344	0.371494	-2481.64
345	0.365153	-2390.02
346	0.367589	-2456.23
347	0.36482	-2380.94
348	0.367212	-2432.36
349	0.361241	-2348.49
350	0.370457	-2478.62
351	0.372142	-2458.71
352	0.361939	-2347.97
353	0.359404	-2327.24
354	0.364056	-2373.3
355	0.360529	-2321.57
356	0.359252	-2316.59
357	0.366162	-2433.47
358	0.365207	-2458.93
359	0.363829	-2398.15
360	0.37165	-2507.55
361	0.36224	-2348.01
362	0.358549	-2295.28
363	0.358707	-2291.01
364	0.360088	-2376.33
365	0.371513	-2482.09
366	0.364899	-2410.44
367	0.363789	-2385.44
368	0.357872	-2287.29
369	0.368532	-2390.49
370	0.365841	-2383.55
371	0.356172	-2317.43
372	0.356409	-2316.28
373	0.361183	-2385.82
374	0.3596	-2316.98
375	0.368147	-2422.46
376	0.364576	-2404.3
377	0.355466	-2263.7
378	0.356444	-2300.3
379	0.353557	-2274.19
380	0.365384	-2415.54
381	0.35888	-2286.66
382	0.368019	-2407.82
383	0.359423	-2312.78
384	0.35987	-2290.24
385	0.36243	-2340.3
386	0.36763	-2473.12
387	0.365742	-2437.55
388	0.365123	-2392.65
389	0.370726	-2497.02
390	0.360946	-2403.29
391	0.359998	-2332.14
392	0.368534	-2424.49
393	0.356977	-2329.05
394	0.359877	-2317.53
395	0.361213	-2351.9
396	0.36174	-2368.53
397	0.362227	-2306.84
398	0.365845	-2462.4
399	0.364721	-2402.7
400	0.36513	-2407.3
401	0.365854	-2371.67
402	0.361067	-2334.63
403	0.365719	-2352.97
404	0.369528	-2443.69
405	0.365777	-2413.16
406	0.356108	-2279.41
407	0.370238	-2424.67
408	0.364648	-2369.42
409	0.363927	-2351.61
410	0.363413	-2383.78
411	0.354909	-2255.86
412	0.360904	-2330.72
413	0.360967	-2324.06
414	0.364394	-2381.46
415	0.359119	-2340.08
416	0.361822	-2317.17
417	0.359053	-2378.54
418	0.357779	-2311.27
419	0.362757	-2386.87
420	0.356258	-2299.32
421	0.36189	-2305.98
422	0.363529	-2348.56
423	0.363177	-2353.67
424	0.369155	-2457.54
425	0.358903	-2342.53
426	0.35201	-2235.11
427	0.362187	-2397.01
428	0.351951	-2212.01
429	0.358473	-2317.24
430	0.353108	-2211.41
431	0.359199	-2362.24
432	0.367303	-2409.8
433	0.364499	-2386.93
434	0.36257	-2345.54
435	0.367859	-2421.52
436	0.35879	-2313.54
437	0.362573	-2426
438	0.363563	-2416.12
439	0.353906	-2229.71
440	0.367398	-2338.07
441	0.363139	-2341.24
442	0.361168	-2342.58
443	0.358912	-2339.52
444	0.369167	-2446.28
445	0.364282	-2391.52
446	0.361867	-2353.33
447	0.361312	-2333.02
448	0.354387	-2281.43
449	0.362597	-2375.41
450	0.354573	-2294.75
451	0.362883	-2374.11
452	0.364973	-2424.75
453	0.372282	-2498.26
454	0.364029	-2358.93
455	0.359106	-2343.67
456	0.359065	-2317.68
457	0.358468	-2334.33
458	0.362778	-2404.95
459	0.359887	-2349.94
460	0.369639	-2386.01
461	0.360274	-2281.17
462	0.358048	-2265.56
463	0.357545	-2280.6
464	0.360508	-2319.38
465	0.365895	-2405.94
466	0.368563	-2472.18
467	0.361381	-2350.86
468	0.366496	-2404.09
469	0.373136	-2525.72
470	0.364018	-2415.96
471	0.358647	-2297.13
472	0.367543	-2438.87
473	0.366166	-2418.03
474	0.360541	-2314.62
475	0.357864	-2361.06
476	0.363437	-2361.29
477	0.358145	-2350.39
478	0.360775	-2361.3
479	0.362589	-2271.24
480	0.358611	-2291.78
481	0.366411	-2404.8
482	0.369228	-2459.58
483	0.36625	-2430.5
484	0.363656	-2399.47
485	0.356435	-2259.84
486	0.362357	-2417.55
487	0.364807	-2431.58
488	0.366478	-2427.49
489	0.355577	-2289.53
490	0.364738	-2424.75
491	0.365102	-2378.67
492	0.360519	-2324.43
493	0.358931	-2298.74
494	0.373728	-2527.54
495	0.358522	-2313.85
496	0.352344	-2207.31
497	0.362956	-2366.98
498	0.361607	-2352.53
499	0.363929	-2349.48
500	0.362852	-2365.96
501	0.361956	-2377.5
502	0.37177	-2495.87
503	0.368268	-2439.3
504	0.353205	-2244.04
505	0.371582	-2487
506	0.354375	-2249.81
507	0.359091	-2337.28
508	0.360194	-2335.19
509	0.36498	-2426.51
510	0.356775	-2298.35
511	0.368551	-2429.88
512	0.363846	-2326.6
513	0.3617	-2369.33
514	0.35569	-2277.53
515	0.360135	-2367.09
516	0.369543	-2440.31
517	0.361062	-2321.38
518	0.371071	-2470.72
519	0.360371	-2343.73
520	0.36097	-2343.3
521	0.36591	-2424.96
522	0.364006	-2328.12
523	0.364897	-2437.81
524	0.354579	-2259.8
525	0.357138	-2278.72
526	0.368524	-2433.97
527	0.361587	-2380.11
528	0.362164	-2404.16
529	0.368169	-2438.96
530	0.368539	-2468.99
531	0.361621	-2338.69
532	0.361193	-2310.96
533	0.357989	-2262.04
534	0.365289	-2363.54
535	0.365109	-2402.05
536	0.357585	-2270.55
537	0.364652	-2350.04
538	0.374258	-2537.17
539	0.362321	-2347.21
540	0.369972	-2388.97
541	0.359235	-2288.26
542	0.359888	-2327.33
543	0.362607	-2330.52
544	0.365403	-2404.79
545	0.367664	-2452.83
546	0.369562	-2455.56
547	0.358754	-2318.62
548	0.360827	-2294.08
549	0.365118	-2408.24
550	0.356494	-2242.89
551	0.363137	-2333.8
552	0.366347	-2437
553	0.356803	-2300.8
554	0.360478	-2341.64
555	0.364151	-2411.38
556	0.365162	-2413.95
557	0.363486	-2403.53
558	0.369583	-2462.23
559	0.356148	-2295.94
560	0.363403	-2323.64
561	0.366615	-2387.63
562	0.355118	-2276.87
563	0.368103	-2411.45
564	0.348769	-2215.09
565	0.359468	-2320.15
566	0.358642	-2299.36
567	0.357074	-2298.75
568	0.369936	-2450.16
569	0.359602	-2309.6
570	0.356245	-2304.75
571	0.362877	-2296.93
572	0.362643	-2393.93
573	0.365072	-2423.48
574	0.358241	-2286.34
575	0.363291	-2392.96
576	0.362175	-2357.43
577	0.361059	-2353.15
578	0.365093	-2440.21
579	0.366595	-2377.33
580	0.359795	-2288.95
581	0.368699	-2414.48
582	0.361971	-2346.62
583	0.364173	-2398.5
584	0.366326	-2428.71
585	0.368757	-2447.05
586	0.360997	-2322.53
587	0.373661	-2498.71
588	0.353688	-2268.92
589	0.363378	-2347.81
590	0.366838	-2374.19
591	0.367049	-2418.78
592	0.357863	-2333.01
593	0.365987	-2418.09
594	0.366629	-2443.99
595	0.362443	-2338.43
596	0.361234	-2367.65
597	0.362016	-2361.08
598	0.351936	-2274.05
599	0.365702	-2439.73
600	0.366579	-2437.09
601	0.360854	-2337.37
602	0.369897	-2454.45
603	0.359677	-2346.28
604	0.359592	-2341.53
605	0.361999	-2339.35
606	0.360204	-2358.07
607	0.361695	-2370.89
608	0.366894	-2454.3
609	0.36727	-2430.84
610	0.360307	-2326.37
611	0.361194	-2361.04
612	0.360385	-2349.44
613	0.367556	-2399.84
614	0.361775	-2356.12
615	0.356023	-2328.26
616	0.368087	-2463.79
617	0.357612	-2320.92
618	0.365608	-2399.19
619	0.354392	-2268.45
620	0.361906	-2332.62
621	0.364057	-2379.34
622	0.357362	-2299.42
623	0.369454	-2434.58
624	0.357106	-2266.92
625	0.357659	-2274.51
626	0.364395	-2365.89
627	0.36389	-2391.88
628	0.361461	-2368.3
629	0.341431	-2101.46
630	0.359575	-2354.23
631	0.361039	-2281.08
632	0.36251	-2371.9
633	0.362426	-2394.71
634	0.361167	-2355.63
635	0.357831	-2316.19
636	0.36787	-2405.24
637	0.363449	-2357.93
638	0.357691	-2261.47
639	0.349926	-2214.69
640	0.356467	-2286.47
641	0.363835	-2395.98
642	0.372523	-2476.02
643	0.362395	-2328.38
644	0.358171	-2293.05
645	0.3685	-2441.36
646	0.360303	-2355.32
647	0.367017	-2481.63
648	0.357017	-2258.69
649	0.367734	-2411.38
650	0.374384	-2474.46
651	0.36588	-2402.79
652	0.362934	-2381.31
653	0.365092	-2397.39
654	0.354863	-2276.18
655	0.364834	-2377.18
656	0.353746	-2242.92
657	0.363372	-2382.62
658	0.363229	-2358.67
659	0.360888	-2346.15
660	0.364521	-2379.97
661	0.373116	-2511.61
662	0.367955	-2472.78
663	0.358414	-2292.02
664	0.358902	-2315.25
665	0.369982	-2450.12
666	0.355722	-2299.82
667	0.36374	-2362.69
668	0.367788	-2427.35
669	0.364516	-2413.15
670	0.356896	-2311.34
671	0.363237	-2335.05
672	0.366939	-2419.18
673	0.364708	-2402.91
674	0.354487	-2222.88
675	0.35702	-2278.98
676	0.358126	-2274.51
677	0.372736	-2503.61
678	0.372817	-2496.84
679	0.356252	-2287.8
680	0.369735	-2435.28
681	0.362554	-2382.14
682	0.361403	-2300.48
683	0.364036	-2381.94
684	0.362446	-2404.24
685	0.361547	-2302.79
686	0.360255	-2365.06
687	0.358182	-2331.7
688	0.354753	-2225.17
689	0.359933	-2317.51
690	0.357571	-2279
691	0.362188	-2362.24
692	0.360266	-2337.65
693	0.361924	-2343.59
694	0.363999	-2380.6
695	0.353965	-2285.29
696	0.361304	-2351.35
697	0.368544	-2457.79
698	0.374776	-2533.81
699	0.362339	-2370.03
700	0.358954	-2269.24
701	0.363543	-2391.38
702	0.3639	-2374.82
703	0.357902	-2261.33
704	0.359853	-2288.86
705	0.356743	-2254.43
706	0.361761	-2356.2
707	0.360122	-2340.04
708	0.3715	-2467.78
709	0.35944	-2352.07
710	0.357053	-2330.73
711	0.360027	-2321.75
712	0.367504	-2443.6
713	0.355405	-2260.98
714	0.361587	-2352.56
715	0.363671	-2359.13
716	0.361401	-2336.69
717	0.365928	-2435.38
718	0.365735	-2371.94
719	0.361043	-2344
720	0.356594	-2269.29
721	0.362507	-2353.25
722	0.360264	-2323.53
723	0.363471	-2416.64
724	0.361096	-2368.6
725	0.369464	-2429.95
726	0.359627	-2288.48
727	0.354341	-2246.33
728	0.36686	-2428.09
729	0.365124	-2406.1
730	0.355038	-2245.74
731	0.362095	-2379
732	0.367906	-2409.92
733	0.367084	-2431.38
734	0.362579	-2379.74
735	0.366662	-2402.77
736	0.365278	-2392.8
737	0.351497	-2241.03
738	0.367145	-2421.45
739	0.359252	-2292.12
740	0.367026	-2436.81
741	0.359347	-2319.53
742	0.363622	-2376.99
743	0.370976	-2479.57
744	0.352676	-2259.29
745	0.366061	-2414.52
746	0.360105	-2327.46
747	0.361525	-2359.98
748	0.363585	-2365.39
749	0.36164	-2317.43
750	0.369032	-2420.79
751	0.364387	-2364.2
752	0.364689	-2440.69
753	0.361904	-2373.82
754	0.360581	-2313.03
755	0.361634	-2358.15
756	0.370522	-2467.7
757	0.368269	-2451.24
758	0.361142	-2330.42
759	0.358907	-2336.66
760	0.364345	-2383.55
761	0.361995	-2321.85
762	0.354033	-2244.05
763	0.364363	-2367.32
764	0.363403	-2407.19
765	0.360041	-2337.12
766	0.368998	-2431.86
767	0.370469	-2481.31
768	0.3661	-2407.64
769	0.361756	-2357.84
770	0.359352	-2294.13
771	0.36448	-2408.59
772	0.361757	-2358.23
773	0.361476	-2332.03
774	0.366282	-2361.19
775	0.356185	-2324.08
776	0.364194	-2409.52
777	0.357779	-2270.16
778	0.371003	-2460.91
779	0.368846	-2499.32
780	0.36392	-2380.88
781	0.360639	-2362.21
782	0.358705	-2326.83
783	0.37122	-2447.95
784	0.36009	-2360.24
785	0.365774	-2383.57
786	0.363632	-2352.59
787	0.367208	-2439.03
788	0.362279	-2334.82
789	0.362914	-2393.39
790	0.366372	-2375.99
791	0.364655	-2418.17
792	0.358525	-2324.25
793	0.356911	-2292.73
794	0.3612	-2399.96
795	0.359936	-2323.29
796	0.362189	-2338.43
797	0.360942	-2301.83
798	0.365496	-2392.32
799	0.363325	-2376.04
800	0.357855	-2258.96
801	0.366761	-2400.2
802	0.361301	-2370.05
803	0.358569	-2310.28
804	0.364829	-2366.9
805	0.366473	-2409.59
806	0.359109	-2321.04
807	0.360462	-2333.53
808	0.360536	-2315.68
809	0.351801	-2231.58
810	0.360138	-2351.84
811	0.364556	-2402.17
812	0.353181	-2208.67
813	0.363177	-2373.8
814	0.367859	-2440.99
815	0.357517	-2297.88
816	0.358143	-2259.94
817	0.357053	-2337.41
818	0.364817	-2399.67
819	0.364708	-2406.62
820	0.365492	-2360.47
821	0.363484	-2351.28
822	0.357684	-2345.64
823	0.365584	-2413.94
824	0.36202	-2383.89
825	0.363459	-2343.44
826	0.358603	-2290.78
827	0.362655	-2359.59
828	0.354944	-2244.82
829	0.366273	-2399.41
830	0.353783	-2269.59
831	0.357518	-2290.54
832	0.362543	-2328.91
833	0.359877	-2291.81
834	0.363348	-2395.1
835	0.364094	-2395.94
836	0.360239	-2337.52
837	0.36257	-2374.67
838	0.3659	-2400.52
839	0.35876	-2317.64
840	0.36452	-2364.39
841	0.359318	-2312.01
842	0.360093	-2334.9
843	0.364799	-2427.41
844	0.359972	-2347.9
845	0.357276	-2309.27
846	0.360223	-2374.6
847	0.369676	-2493.83
848	0.362892	-2349.27
849	0.36324	-2351.64
850	0.365362	-2355.95
851	0.360354	-2346.75
852	0.364617	-2410.08
853	0.358886	-2296.43
854	0.357281	-2292.76
855	0.364014	-2377.05
856	0.363458	-2394.08
857	0.352624	-2240.29
858	0.363828	-2350.91
859	0.363164	-2360.42
860	0.36152	-2373.29
861	0.348728	-2209.13
862	0.361168	-2304.08
863	0.365953	-2391.69
864	0.351566	-2239.1
865	0.360186	-2353.11
866	0.370474	-2472
867	0.355299	-2287.46
868	0.355754	-2246.19
869	0.366651	-2398.48
870	0.352475	-2214.62
871	0.361515	-2367.75
872	0.357558	-2291.78
873	0.368469	-2455.09
874	0.357405	-2277.56
875	0.371401	-2486.1
876	0.369721	-2450.46
877	0.369868	-2424.38
878	0.355493	-2287.7
879	0.356468	-2301.41
880	0.363939	-2344.31
881	0.363835	-2436.49
882	0.358066	-2306.18
883	0.363041	-2354
884	0.358494	-2305.89
885	0.367259	-2410.49
886	0.358855	-2317.62
887	0.36465	-2372.03
888	0.367201	-2401.35
889	0.361398	-2311
890	0.362518	-2354.12
891	0.358587	-2341.94
892	0.364303	-2335.76
893	0.367352	-2431.04
894	0.365274	-2399.54
895	0.364632	-2434.09
896	0.366619	-2454.01
897	0.354511	-2294.7
898	0.361174	-2355.04
899	0.362927	-2403.36
900	0.35825	-2339.56
901	0.359707	-2287.88
902	0.364679	-2381.35
903	0.365333	-2374.93
904	0.362529	-2415.68
905	0.362133	-2413.65
906	0.357276	-2279.75
907	0.368811	-2478.5
908	0.36586	-2391.56
909	0.360027	-2327.89
910	0.357942	-2330.34
911	0.364293	-2363.07
912	0.357417	-2287.48
913	0.366773	-2422.34
914	0.361749	-2340.3
915	0.369909	-2492.08
916	0.371608	-2503.61
917	0.370699	-2499.22
918	0.362396	-2348.48
919	0.367349	-2393.69
920	0.367416	-2408.85
921	0.361421	-2331.4
922	0.370782	-2512.71
923	0.369922	-2502.26
924	0.362756	-2335.97
925	0.364975	-2413.89
926	0.364905	-2405.07
927	0.359664	-2319.75
928	0.358924	-2319.46
929	0.368727	-2430.22
930	0.368059	-2396.37
931	0.368527	-2471.81
932	0.358605	-2291.69
933	0.368438	-2439.69
934	0.363448	-2379.23
935	0.356049	-2301.63
936	0.364027	-2337.94
937	0.359785	-2333.36
938	0.350703	-2164.63
939	0.354389	-2235.74
940	0.370328	-2494.65
941	0.363961	-2401.51
942	0.360786	-2352.34
943	0.361806	-2350.57
944	0.362223	-2376.42
945	0.362389	-2376.41
946	0.363019	-2372.43
947	0.366904	-2369.34
948	0.362348	-2344.05
949	0.355764	-2280.93
950	0.364337	-2392.19
951	0.360979	-2378.43
952	0.359314	-2335.78
953	0.361268	-2395.4
954	0.368706	-2449.61
955	0.364132	-2359.16
956	0.362472	-2350.88
957	0.359872	-2327.93
958	0.361731	-2304.62
959	0.365361	-2353.09
960	0.366448	-2367.76
961	0.362005	-2388.16
962	0.362671	-2345.31
963	0.371153	-2491.63
964	0.366839	-2415.55
965	0.362209	-2368.95
966	0.355203	-2263.65
967	0.361348	-2380.85
968	0.367547	-2432.78
969	0.351173	-2230.01
970	0.352435	-2254.4
971	0.360664	-2352.78
972	0.358895	-2324.46
973	0.353574	-2231.28
974	0.364686	-2376.32
975	0.356944	-2298.22
976	0.363616	-2375.28
977	0.365042	-2400.82
978	0.36201	-2397.91
979	0.361457	-2422.18
980	0.363847	-2338.78
981	0.362257	-2323.74
982	0.35864	-2274.75
983	0.362314	-2374.1
984	0.358348	-2291.9
985	0.356384	-2290.81
986	0.365675	-2388.14
987	0.369828	-2486.42
988	0.37021	-2449.43
989	0.360547	-2290.16
990	0.360231	-2322.93
991	0.367014	-2452.96
992	0.368325	-2401.81
993	0.368425	-2429.29
994	0.368297	-2437.57
995	0.359066	-2269.88
996	0.36368	-2343.68
997	0.361436	-2369.23
998	0.366893	-2420.17
999	0.350239	-2221.06
1000	0.358156	-2320.95
1001	0.376054	-2540.04
1002	0.36493	-2392.27
1003	0.361983	-2356.37
1004	0.363021	-2361.74
1005	0.367942	-2448.38
1006	0.361775	-2384.21
1007	0.367115	-2468.28
1008	0.357502	-2293.43
1009	0.359891	-2312.43
1010	0.367834	-2429.11
1011	0.362532	-2380.27
1012	0.364858	-2361.98
1013	0.365132	-2378.92
1014	0.359325	-2328.23
1015	0.363224	-2353.79
1016	0.361232	-2351.2
1017	0.363885	-2352.89
1018	0.369168	-2499.77
1019	0.361043	-2330.69
1020	0.362006	-2331.75
1021	0.35987	-2348.29
1022	0.369623	-2469.54
1023	0.36191	-2396.48
1024	0.356498	-2261.8
1025	0.365985	-2399.69
1026	0.364268	-2373.25
1027	0.364986	-2428.19
1028	0.356857	-2274.71
1029	0.364074	-2387.28
1030	0.371261	-2495.32
1031	0.370457	-2400.89
1032	0.371636	-2462.91
1033	0.352578	-2225.41
1034	0.363565	-2337.17
1035	0.368592	-2424.89
1036	0.367282	-2436.35
1037	0.360565	-2316.94
1038	0.365497	-2417.32
1039	0.362309	-2397.56
1040	0.357885	-2322.71
1041	0.356486	-2332.06
1042	0.370027	-2508.62
1043	0.358259	-2291.41
1044	0.363966	-2395.7
1045	0.360611	-2354.74
1046	0.359687	-2292.39
1047	0.356457	-2258.34
1048	0.36235	-2365.37
1049	0.363253	-2364.33
1050	0.355163	-2278.87
1051	0.364418	-2403.74
1052	0.36407	-2395.88
1053	0.362369	-2385.13
1054	0.368078	-2487.23
1055	0.359813	-2287.31
1056	0.35575	-2239.11
1057	0.361398	-2365.21
1058	0.357456	-2300.61
1059	0.363864	-2389.42
1060	0.36177	-2342.36
1061	0.362958	-2360.11
1062	0.368095	-2459.45
1063	0.365606	-2425.98
1064	0.360692	-2335.76
1065	0.366356	-2453.4
1066	0.358835	-2339.11
1067	0.359888	-2346.38
1068	0.361442	-2373.04
1069	0.365812	-2430.7
1070	0.352769	-2247.93
1071	0.365917	-2376.01
1072	0.358422	-2321.95
1073	0.367496	-2445.31
1074	0.359611	-2298.6
1075	0.370098	-2403.54
1076	0.359804	-2343.69
1077	0.362578	-2357.47
1078	0.351807	-2226.12
1079	0.362862	-2374.05
1080	0.365637	-2376.7
1081	0.366252	-2428.67
1082	0.365001	-2432.12
1083	0.364721	-2430.78
1084	0.37568	-2505.18
1085	0.361854	-2305.35
1086	0.364869	-2358.78
1087	0.360623	-2374.97
1088	0.364221	-2383.18
1089	0.357469	-2295.76
1090	0.360241	-2321.73
1091	0.368166	-2425.35
1092	0.3615	-2336.16
1093	0.374761	-2543.51
1094	0.360284	-2302.65
1095	0.359387	-2304.84
1096	0.363973	-2328.82
1097	0.365978	-2417.31
1098	0.357863	-2287.26
1099	0.364253	-2377.64
1100	0.360752	-2363.08
1101	0.359817	-2335.54
1102	0.358618	-2276.96
1103	0.367013	-2388.77
1104	0.3638	-2341.15
1105	0.362529	-2349.9
1106	0.366631	-2422.01
1107	0.361558	-2360.24
1108	0.368706	-2454.79
1109	0.368067	-2442.13
1110	0.352837	-2248.7
1111	0.36276	-2359.06
1112	0.364966	-2356.26
1113	0.357948	-2269.83
1114	0.360354	-2364.25
1115	0.357973	-2287.06
1116	0.366821	-2402.41
1117	0.356281	-2286.15
1118	0.36496	-2344.54
1119	0.353801	-2256.14
1120	0.36753	-2439.86
1121	0.360533	-2362.85
1122	0.361639	-2353.15
1123	0.36482	-2383.33
1124	0.367051	-2419.41
1125	0.363171	-2372.02
1126	0.365547	-2391.33
1127	0.363857	-2380.53
1128	0.363568	-2399.05
1129	0.365494	-2395.08
1130	0.36705	-2407.88
1131	0.362093	-2342.41
1132	0.372793	-2497.36
1133	0.362592	-2346.08
1134	0.366588	-2394.83
1135	0.372298	-2523.42
1136	0.361515	-2381.88
1137	0.352453	-2199.58
1138	0.361886	-2341.49
1139	0.367974	-2406.01
1140	0.369331	-2439.66
1141	0.352864	-2254.09
1142	0.362062	-2367.79
1143	0.356463	-2273.94
1144	0.360824	-2316.19
1145	0.365683	-2377.89
1146	0.366938	-2387.03
1147	0.369189	-2482.57
1148	0.34885	-2171.38
1149	0.359344	-2330.6
1150	0.365302	-2429.72
1151	0.366234	-2428.57
1152	0.355782	-2273.82
1153	0.361204	-2334.18
1154	0.369373	-2489.28
1155	0.356144	-2264.58
1156	0.362525	-2399.61
1157	0.357012	-2314.74
1158	0.366664	-2400.52
1159	0.362537	-2355.24
1160	0.360912	-2345.91
1161	0.360044	-2303.11
1162	0.359728	-2345.72
1163	0.356398	-2309.39
1164	0.356641	-2315.54
1165	0.363314	-2396.05
1166	0.376474	-2554.56
1167	0.359564	-2286.28
1168	0.363995	-2442.96
1169	0.356285	-2260.46
1170	0.355816	-2280.47
1171	0.368316	-2438.21
1172	0.361961	-2323.1
1173	0.362835	-2357.56
1174	0.364412	-2408.73
1175	0.359131	-2295.98
1176	0.369293	-2427.43
1177	0.363022	-2379.59
1178	0.364518	-2416.96
1179	0.35756	-2310.01
1180	0.361943	-2330.44
1181	0.367959	-2465.25
1182	0.362938	-2365.11
1183	0.361344	-2330.1
1184	0.359969	-2303.83
1185	0.358355	-2307.73
1186	0.355315	-2260.24
1187	0.360239	-2273.09
1188	0.354667	-2246.25
1189	0.35793	-2323.93
1190	0.364753	-2349.34
1191	0.364654	-2382.23
1192	0.365618	-2392.54
1193	0.365258	-2354.68
1194	0.3584	-2321.75
1195	0.363841	-2366.41
1196	0.366705	-2461.71
1197	0.371229	-2450.88
1198	0.358781	-2306.7
1199	0.35878	-2290.24
1200	0.366325	-2370.09
1201	0.352713	-2277.74
1202	0.372594	-2486.53
1203	0.359725	-2314.41
1204	0.364509	-2398.88
1205	0.351143	-2192.73
1206	0.36281	-2404.74
1207	0.358196	-2306.3
1208	0.359999	-2312.71
1209	0.358827	-2310.39
1210	0.366927	-2397.24
1211	0.360494	-2369.65
1212	0.368883	-2415.81
1213	0.355905	-2268.24
1214	0.34876	-2173.55
1215	0.357026	-2275.99
1216	0.355537	-2277.68
1217	0.362509	-2395.21
1218	0.361736	-2360.14
1219	0.364672	-2392.06
1220	0.367745	-2384.74
1221	0.368721	-2493.26
1222	0.367811	-2445.44
1223	0.359577	-2278.6
1224	0.365552	-2382.76
1225	0.361568	-2352.59
1226	0.365401	-2451.25
1227	0.361378	-2352.42
1228	0.358104	-2363.04
1229	0.36299	-2353.71
1230	0.358886	-2330.41
1231	0.360156	-2361.29
1232	0.362293	-2361.06
1233	0.369557	-2463.45
1234	0.369786	-2367.23
1235	0.356321	-2261.62
1236	0.365714	-2415.2
1237	0.359676	-2318.28
1238	0.362225	-2357.18
1239	0.361002	-2284.43
1240	0.359429	-2296.27
1241	0.362235	-2327.74
1242	0.369345	-2438.91
1243	0.360792	-2347.11
1244	0.363057	-2350.95
1245	0.353282	-2195.07
1246	0.355483	-2279.17
1247	0.358235	-2306.78
1248	0.365331	-2420.47
1249	0.364277	-2369.59
1250	0.355616	-2339.4
1251	0.366844	-2408.22
1252	0.364413	-2412.76
1253	0.366738	-2478.72
1254	0.364107	-2391.1
1255	0.360235	-2360.79
1256	0.359406	-2341.65
1257	0.360258	-2309.76
1258	0.354045	-2311.2
1259	0.366585	-2407.86
1260	0.357516	-2274.05
1261	0.367264	-2399.43
1262	0.367449	-2438.37
1263	0.360931	-2370.9
1264	0.360678	-2364.45
1265	0.360842	-2360.46
1266	0.363706	-2385.86
1267	0.36497	-2419.48
1268	0.356404	-2298.41
1269	0.364227	-2345.01
1270	0.355591	-2275.36
1271	0.35389	-2239.62
1272	0.35882	-2306.1
1273	0.357294	-2308.83
1274	0.360461	-2350.63
1275	0.354917	-2291.42
1276	0.367415	-2458.47
1277	0.360834	-2284.73
1278	0.356224	-2343.36
1279	0.355285	-2242.31
1280	0.359512	-2303.08
1281	0.358589	-2325.2
1282	0.36729	-2416.48
1283	0.360148	-2318.85
1284	0.36205	-2376.46
1285	0.364894	-2398.62
1286	0.362144	-2369.01
1287	0.35579	-2293.98
1288	0.36153	-2332.93
1289	0.357474	-2310.74
1290	0.358605	-2272.85
1291	0.366901	-2442.08
1292	0.359473	-2340.46
1293	0.362414	-2330.48
1294	0.364519	-2381.58
1295	0.371929	-2484.19
1296	0.358583	-2329.26
1297	0.362882	-2332.64
1298	0.363656	-2360.26
1299	0.356901	-2279.52
1300	0.363057	-2377.81
1301	0.369231	-2430.12
1302	0.360418	-2353.36
1303	0.364713	-2352.79
1304	0.354396	-2225.08
1305	0.366388	-2435.76
1306	0.36293	-2339.1
1307	0.349339	-2190.63
1308	0.351384	-2208.92
1309	0.365468	-2409.85
1310	0.358785	-2277.43
1311	0.357919	-2347.28
1312	0.360506	-2342.59
1313	0.365859	-2407.4
1314	0.364423	-2410.08
1315	0.361176	-2328.39
1316	0.353977	-2267.78
1317	0.357736	-2255.16
1318	0.363296	-2376.31
1319	0.357532	-2294.19
1320	0.372232	-2526.49
1321	0.358767	-2313.03
1322	0.355472	-2265.97
1323	0.36144	-2381.51
1324	0.363601	-2363.4
1325	0.365391	-2423.99
1326	0.370493	-2488.57
1327	0.364096	-2378.17
1328	0.361206	-2349.26
1329	0.360387	-2314.68
1330	0.366355	-2397.04
1331	0.360668	-2338.5
1332	0.370492	-2444.56
1333	0.359283	-2312.31
1334	0.364961	-2415.36
1335	0.358128	-2288.37
1336	0.36057	-2343.44
1337	0.365659	-2458.17
1338	0.359077	-2291.7
1339	0.366164	-2398.25
1340	0.360687	-2305.5
1341	0.360402	-2307.01
1342	0.356593	-2260.1
1343	0.368353	-2475.5
1344	0.361596	-2352
1345	0.366069	-2430
1346	0.352859	-2218.62
1347	0.368237	-2414.28
1348	0.366457	-2430.16
1349	0.368119	-2414.66
1350	0.359081	-2305.78
1351	0.36103	-2384.19
1352	0.356851	-2331.48
1353	0.360442	-2306.33
1354	0.359165	-2358.35
1355	0.367321	-2365.24
1356	0.367811	-2424.34
1357	0.363851	-2418.61
1358	0.359809	-2315.6
1359	0.35605	-2250.69
1360	0.362244	-2359.03
1361	0.355464	-2303.25
1362	0.362076	-2351.67
1363	0.361153	-2342.56
1364	0.368309	-2441.13
1365	0.366298	-2397.3
1366	0.357104	-2279.55
1367	0.367452	-2434.08
1368	0.359381	-2324.77
1369	0.363363	-2378.37
1370	0.366218	-2412.89
1371	0.360132	-2318.79
1372	0.357201	-2294.01
1373	0.363389	-2352.8
1374	0.367261	-2417.52
1375	0.365827	-2425.6
1376	0.366547	-2414.75
1377	0.355562	-2346.69
1378	0.365626	-2439.94
1379	0.360189	-2325.35
1380	0.360508	-2348.64
1381	0.356561	-2288.1
1382	0.365394	-2444.85
1383	0.361214	-2341.41
1384	0.362762	-2382.93
1385	0.357135	-2301.61
1386	0.357956	-2303.47
1387	0.356749	-2311.37
1388	0.36998	-2446.62
1389	0.367163	-2448.12
1390	0.364448	-2396.3
1391	0.367171	-2413
1392	0.359107	-2330.21
1393	0.358358	-2271.56
1394	0.351855	-2189.59
1395	0.364386	-2390.25
1396	0.366721	-2412.29
1397	0.362187	-2355
1398	0.362728	-2339.88
1399	0.36376	-2361.34
1400	0.363365	-2397.68
1401	0.359397	-2327.64
1402	0.361634	-2369.15
1403	0.36239	-2351.53
1404	0.363844	-2378.8
1405	0.363699	-2351.89
1406	0.362131	-2322.77
1407	0.365753	-2403.2
1408	0.358088	-2314.01
1409	0.364743	-2419.16
1410	0.363877	-2345.53
1411	0.36339	-2403.64
1412	0.36888	-2451.19
1413	0.361971	-2354.43
1414	0.363827	-2397.71
1415	0.36711	-2419.06
1416	0.366775	-2401.87
1417	0.355408	-2254.09
1418	0.36467	-2405.64
1419	0.367178	-2418.58
1420	0.366273	-2426.04
1421	0.367106	-2418.29
1422	0.36042	-2312.35
1423	0.363632	-2334.39
1424	0.361878	-2391.95
1425	0.367088	-2416.18
1426	0.3627	-2349.51
1427	0.354212	-2308.49
1428	0.359791	-2336.85
1429	0.364298	-2379.14
1430	0.360935	-2359.17
1431	0.36582	-2415.11
1432	0.361355	-2297.85
1433	0.367711	-2434.94
1434	0.362065	-2329.26
1435	0.362562	-2349.04
1436	0.362356	-2315.39
1437	0.371877	-2476.44
1438	0.36557	-2368.26
1439	0.37075	-2487.2
1440	0.361665	-2353.11
1441	0.360878	-2313.2
1442	0.358165	-2357.72
1443	0.366823	-2398.55
1444	0.359592	-2332.15
1445	0.360407	-2333.02
1446	0.354252	-2234.53
1447	0.362237	-2365.26
1448	0.359161	-2361.29
1449	0.360138	-2300.97
1450	0.354671	-2251.15
1451	0.363784	-2325.47
1452	0.368677	-2427.58
1453	0.360532	-2306.97
1454	0.36895	-2417.53
1455	0.3641	-2377.96
1456	0.36816	-2420.06
1457	0.367595	-2431.64
1458	0.365954	-2452.68
1459	0.358389	-2278.01
1460	0.357466	-2333.19
1461	0.358867	-2315
1462	0.35716	-2275.12
1463	0.368003	-2424.46
1464	0.363373	-2377.76
1465	0.363816	-2376.33
1466	0.359691	-2320.08
1467	0.367895	-2453.77
1468	0.353609	-2273.05
1469	0.367295	-2411.86
1470	0.356426	-2257.74
1471	0.36868	-2487.99
1472	0.356543	-2288.91
1473	0.358247	-2268.4
1474	0.36251	-2330.46
1475	0.366042	-2356.67
1476	0.363891	-2353.15
1477	0.360416	-2359.93
1478	0.357033	-2268.93
1479	0.367804	-2436.36
1480	0.360316	-2324.64
1481	0.362798	-2385.9
1482	0.361333	-2329.36
1483	0.361623	-2370.88
1484	0.364165	-2371.28
1485	0.359235	-2278.87
1486	0.36805	-2440.65
1487	0.37502	-2532.7
1488	0.358791	-2333.23
1489	0.368431	-2442.51
1490	0.363157	-2399.6
1491	0.35944	-2341.69
1492	0.365124	-2389.2
1493	0.356162	-2263.98
1494	0.359129	-2313.86
1495	0.370522	-2445.34
1496	0.359656	-2320.82
1497	0.365761	-2378.17
1498	0.36378	-2384.53
1499	0.361027	-2352.27
1500	0.359856	-2309.89
1501	0.37282	-2480.71
1502	0.358804	-2350.95
1503	0.358163	-2287.95
1504	0.372875	-2498.93
1505	0.369344	-2429.32
1506	0.365393	-2381.22
1507	0.362385	-2375.47
1508	0.364311	-2354.05
1509	0.362578	-2316.54
1510	0.358905	-2329.69
1511	0.360687	-2328.73
1512	0.35885	-2338.52
1513	0.364512	-2393.73
1514	0.358288	-2298.08
1515	0.366214	-2429.71
1516	0.352562	-2235.38
1517	0.360945	-2298.24
1518	0.365895	-2439.16
1519	0.358577	-2323.95
1520	0.364502	-2355.38
1521	0.363349	-2359.33
1522	0.3645	-2414.52
1523	0.357144	-2290.77
1524	0.367086	-2437.38
1525	0.36178	-2339.27
1526	0.35748	-2267.44
1527	0.359354	-2317.98
1528	0.360835	-2352.17
1529	0.358447	-2288.03
1530	0.367678	-2422.25
1531	0.371974	-2511.62
1532	0.359225	-2329.51
1533	0.356654	-2284.62
1534	0.36213	-2370.47
1535	0.361231	-2300.82
1536	0.36021	-2360.97
1537	0.365767	-2373.39
1538	0.371523	-2479.34
1539	0.361751	-2355.75
1540	0.361437	-2331.26
1541	0.362767	-2333.69
1542	0.364536	-2315.4
1543	0.360766	-2306.15
1544	0.364137	-2369.43
1545	0.363081	-2378.08
1546	0.361523	-2390.15
1547	0.367652	-2438.05
1548	0.356159	-2307.35
1549	0.360976	-2358.03
1550	0.361795	-2342.45
1551	0.365609	-2409.75
1552	0.356928	-2322.51
1553	0.356963	-2229.27
1554	0.365856	-2420.88
1555	0.370644	-2437.69
1556	0.368264	-2450.74
1557	0.36755	-2433.3
1558	0.376469	-2514.14
1559	0.369575	-2454.98
1560	0.367088	-2393.16
1561	0.369069	-2457.56
1562	0.365114	-2361.01
1563	0.371719	-2501.95
1564	0.353159	-2263.65
1565	0.360296	-2372.61
1566	0.361558	-2360.31
1567	0.353236	-2270.15
1568	0.36068	-2348.68
1569	0.363293	-2351.88
1570	0.364225	-2357.64
1571	0.363363	-2338.82
1572	0.369501	-2466.12
1573	0.357836	-2264.62
1574	0.36152	-2380.38
1575	0.359787	-2292.16
1576	0.363113	-2367.63
1577	0.35419	-2219.47
1578	0.370606	-2477.01
1579	0.355942	-2220.27
1580	0.3685	-2458.57
1581	0.368333	-2453.12
1582	0.358879	-2341.62
1583	0.366121	-2406.81
1584	0.357999	-2320.71
1585	0.36216	-2372.94
1586	0.371695	-2515.84
1587	0.353837	-2261.5
1588	0.368511	-2424.04
1589	0.360882	-2352.35
1590	0.363915	-2391.39
1591	0.362356	-2364.45
1592	0.372934	-2499.04
1593	0.366729	-2399.51
1594	0.367712	-2446.79
1595	0.358425	-2303.57
1596	0.368074	-2449.91
1597	0.362836	-2384.31
1598	0.355544	-2204.89
1599	0.353243	-2254.52
1600	0.365295	-2380.99
1601	0.358886	-2309.4
1602	0.358668	-2287.71
1603	0.369406	-2418.21
1604	0.365712	-2384.46
1605	0.364418	-2397.9
1606	0.352658	-2206.94
1607	0.368697	-2472.16
1608	0.3617	-2360.37
1609	0.353123	-2234.07
1610	0.359983	-2356.13
1611	0.36531	-2416.94
1612	0.364203	-2397.59
1613	0.364707	-2407.3
1614	0.360037	-2314.39
1615	0.364796	-2371.68
1616	0.364856	-2394.45
1617	0.368786	-2451.25
1618	0.365933	-2417.06
1619	0.36059	-2307.51
1620	0.359531	-2317.94
1621	0.3586	-2330.25
1622	0.369199	-2455.11
1623	0.362268	-2342.68
1624	0.364327	-2375.79
1625	0.362641	-2411.49
1626	0.364885	-2378.38
1627	0.363794	-2367.36
1628	0.362616	-2387.49
1629	0.358025	-2303.25
1630	0.35468	-2260.71
1631	0.363288	-2354.27
1632	0.360273	-2338.82
1633	0.363603	-2388.56
1634	0.363063	-2330.59
1635	0.365908	-2401.82
1636	0.361766	-2342.46
1637	0.364785	-2392.94
1638	0.368057	-2424.38
1639	0.366398	-2422.58
1640	0.360566	-2365.42
1641	0.359553	-2330.56
1642	0.361805	-2352.67
1643	0.3576	-2291.49
1644	0.360243	-2331.01
1645	0.359735	-2326.25
1646	0.358317	-2317.8
1647	0.357375	-2312.53
1648	0.370315	-2460.79
1649	0.361897	-2334.16
1650	0.361137	-2338.83
1651	0.361656	-2321.39
1652	0.35767	-2300.36
1653	0.363092	-2376.39
1654	0.364742	-2396.07
1655	0.361926	-2372.65
1656	0.365141	-2402.91
1657	0.361841	-2318.21
1658	0.360578	-2297.09
1659	0.365124	-2396.99
1660	0.367396	-2390
1661	0.359412	-2324.42
1662	0.359352	-2324.85
1663	0.360139	-2348.06
1664	0.361576	-2368.89
1665	0.353727	-2253
1666	0.36464	-2377.36
1667	0.365266	-2359.34
1668	0.365345	-2377.11
1669	0.367781	-2463.59
1670	0.357656	-2285.2
1671	0.358954	-2317.92
1672	0.359941	-2334.58
1673	0.362535	-2323.52
1674	0.357955	-2279.78
1675	0.366143	-2400.88
1676	0.36713	-2407.75
1677	0.359667	-2287.03
1678	0.357868	-2262.62
1679	0.3752	-2531.55
1680	0.350519	-2246.64
1681	0.367579	-2427.96
1682	0.365892	-2441.82
1683	0.356726	-2287.77
1684	0.35775	-2333.54
1685	0.3547	-2268.81
1686	0.36521	-2423.23
1687	0.360382	-2289.49
1688	0.361328	-2370.39
1689	0.362519	-2305.94
1690	0.363633	-2389.44
1691	0.364973	-2387.26
1692	0.36308	-2364.43
1693	0.366134	-2440.04
1694	0.362359	-2332.36
1695	0.35205	-2170.57
1696	0.369859	-2495.73
1697	0.367092	-2420.08
1698	0.3522	-2263.39
1699	0.364968	-2404.01
1700	0.36895	-2463.05
1701	0.356175	-2283.39
1702	0.360264	-2359.98
1703	0.365704	-2438.76
1704	0.365946	-2444.17
1705	0.358074	-2309.25
1706	0.358664	-2321.31
1707	0.360677	-2345.27
1708	0.359269	-2338.27
1709	0.354633	-2256.32
1710	0.363744	-2343.07
1711	0.35267	-2279.97
1712	0.365142	-2379.58
1713	0.359724	-2311.89
1714	0.363742	-2361.55
1715	0.361275	-2316.93
1716	0.358542	-2315.42
1717	0.368143	-2427.49
1718	0.358905	-2333.95
1719	0.367031	-2399.76
1720	0.364877	-2396.36
1721	0.361256	-2383.21
1722	0.363463	-2320.08
1723	0.358891	-2303.75
1724	0.363126	-2349.68
1725	0.360609	-2347.13
1726	0.365821	-2403.7
1727	0.363865	-2366.87
1728	0.358153	-2252.02
1729	0.363701	-2384.09
1730	0.369393	-2407.17
1731	0.359417	-2340.62
1732	0.355825	-2234.64
1733	0.367776	-2407.9
1734	0.358072	-2289.6
1735	0.360603	-2379.68
1736	0.359241	-2326.87
1737	0.358737	-2329.04
1738	0.351242	-2209.14
1739	0.360833	-2353.56
1740	0.3669	-2401.13
1741	0.362162	-2363.44
1742	0.371153	-2469.12
1743	0.360178	-2339.61
1744	0.355368	-2319.75
1745	0.362657	-2334.82
1746	0.360176	-2281.33
1747	0.368007	-2454.16
1748	0.362554	-2412.14
1749	0.364857	-2410.58
1750	0.364184	-2401.51
1751	0.361705	-2374.73
1752	0.366799	-2434.93
1753	0.366415	-2393.79
1754	0.364625	-2347.97
1755	0.369094	-2454.98
1756	0.353536	-2279.97
1757	0.363612	-2379.91
1758	0.36496	-2387.59
1759	0.359768	-2330.48
1760	0.364815	-2430.19
1761	0.365884	-2351.75
1762	0.35582	-2284.87
1763	0.356766	-2260.89
1764	0.358379	-2324.23
1765	0.3627	-2352.34
1766	0.369221	-2466
1767	0.361443	-2336.04
1768	0.363348	-2402.32
1769	0.35907	-2330.85
1770	0.357245	-2279.29
1771	0.36644	-2425.1
1772	0.37037	-2500.75
1773	0.358372	-2280.82
1774	0.356914	-2321.72
1775	0.364137	-2404.51
1776	0.35607	-2260.64
1777	0.360476	-2366.56
1778	0.358338	-2335.4
1779	0.355953	-2305.64
1780	0.351172	-2251.99
1781	0.361986	-2359.3
1782	0.366531	-2408.96
1783	0.363855	-2363.13
1784	0.364345	-2360.29
1785	0.3579	-2295.93
1786	0.365442	-2373.28
1787	0.361099	-2365.83
1788	0.36892	-2495.06
1789	0.368016	-2411.68
1790	0.352733	-2225.37
1791	0.367696	-2454.9
1792	0.366291	-2425.56
1793	0.363327	-2383.54
1794	0.361344	-2319.79
1795	0.355107	-2234.62
1796	0.367902	-2449.77
1797	0.361134	-2394.42
1798	0.365763	-2415.06
1799	0.360602	-2304.61
1800	0.363977	-2366
1801	0.36083	-2369.63
1802	0.358005	-2287.25
1803	0.355453	-2291.52
1804	0.36379	-2352.57
1805	0.360109	-2348.06
1806	0.361468	-2372.72
1807	0.362025	-2269.33
1808	0.360717	-2339.45
1809	0.366493	-2418.44
1810	0.361734	-2355.35
1811	0.356767	-2324.43
1812	0.359337	-2304.75
1813	0.374028	-2499.62
1814	0.370079	-2472.73
1815	0.364616	-2387.3
1816	0.362922	-2355.83
1817	0.364956	-2403.97
1818	0.362127	-2339.95
1819	0.362792	-2359.75
1820	0.364752	-2390.28
1821	0.373259	-2525.83
1822	0.358449	-2290.85
1823	0.369607	-2469.79
1824	0.360572	-2351.47
1825	0.361064	-2390.19
1826	0.361219	-2378.68
1827	0.362804	-2397.01
1828	0.360667	-2333.88
1829	0.363959	-2344.52
1830	0.354696	-2201.38
1831	0.370926	-2508.38
1832	0.364837	-2395.54
1833	0.362097	-2364.42
1834	0.361956	-2365
1835	0.362023	-2383.1
1836	0.363104	-2426.32
1837	0.366899	-2396.69
1838	0.358756	-2300.2
1839	0.367701	-2422.58
1840	0.359559	-2330.04
1841	0.357921	-2305.44
1842	0.362769	-2369.77
1843	0.365724	-2394.76
1844	0.354023	-2261.25
1845	0.368709	-2454.27
1846	0.361621	-2386.53
1847	0.359389	-2339.55
1848	0.362532	-2340.93
1849	0.361363	-2358.52
1850	0.364419	-2325.62
1851	0.364004	-2376.32
1852	0.362159	-2344.35
1853	0.368075	-2406.06
1854	0.357863	-2288.75
1855	0.363549	-2396.96
1856	0.370547	-2438.22
1857	0.357164	-2255.79
1858	0.363969	-2414
1859	0.357578	-2303.55
1860	0.354976	-2241.56
1861	0.370246	-2446.24
1862	0.365938	-2386.4
1863	0.365546	-2409.22
1864	0.360789	-2365.33
1865	0.357674	-2271.58
1866	0.358742	-2353.1
1867	0.363755	-2343.14
1868	0.363547	-2371.39
1869	0.365382	-2402.18
1870	0.360695	-2312.76
1871	0.368983	-2432.1
1872	0.364236	-2381.26
1873	0.362642	-2368.98
1874	0.356654	-2277.73
1875	0.36397	-2377.86
1876	0.364898	-2360.57
1877	0.363412	-2403.73
1878	0.360691	-2354.23
1879	0.361387	-2334.65
1880	0.366359	-2412.24
1881	0.368561	-2420.36
1882	0.367361	-2406.87
1883	0.364166	-2388.89
1884	0.371584	-2470.94
1885	0.363875	-2387.93
1886	0.362628	-2395.27
1887	0.362705	-2427.85
1888	0.363388	-2396.89
1889	0.361279	-2325.14
1890	0.363861	-2382.91
1891	0.362451	-2403.73
1892	0.357463	-2313.35
1893	0.360314	-2294.42
1894	0.360023	-2340.48
1895	0.355973	-2241.31
1896	0.365838	-2362.92
1897	0.359574	-2305.74
1898	0.359785	-2323.16
1899	0.364559	-2378.74
1900	0.366558	-2468.69
1901	0.363689	-2376.07
1902	0.368395	-2476.82
1903	0.35646	-2314.41
1904	0.360207	-2361.8
1905	0.361267	-2410.67
1906	0.367736	-2426.58
1907	0.351164	-2231.09
1908	0.358712	-2313.47
1909	0.372037	-2474.67
1910	0.358045	-2327.97
1911	0.371774	-2459.08
1912	0.367855	-2442.31
1913	0.356893	-2304.78
1914	0.368184	-2478.4
1915	0.369447	-2501.86
1916	0.357741	-2335.35
1917	0.363912	-2382.05
1918	0.34974	-2192
1919	0.362811	-2360.47
1920	0.354371	-2211.46
1921	0.37028	-2445.36
1922	0.359693	-2344.75
1923	0.357671	-2287.67
1924	0.364092	-2337.71
1925	0.362622	-2352.95
1926	0.355316	-2317.8
1927	0.369912	-2456.99
1928	0.36014	-2323.72
1929	0.360949	-2343.96
1930	0.364156	-2374.98
1931	0.356058	-2275.77
1932	0.371743	-2512.82
1933	0.370569	-2473.65
1934	0.35879	-2344.35
1935	0.365172	-2423.07
1936	0.355618	-2251.15
1937	0.360471	-2330.27
1938	0.371611	-2484.32
1939	0.367768	-2387.59
1940	0.364468	-2357.13
1941	0.361571	-2355.88
1942	0.360336	-2379.99
1943	0.37152	-2477.52
1944	0.367309	-2445.16
1945	0.363628	-2391.75
1946	0.362356	-2354.71
1947	0.370763	-2457.27
1948	0.355242	-2256.41
1949	0.356333	-2274.02
1950	0.366028	-2441.36
1951	0.363111	-2380.68
1952	0.365755	-2360.36
1953	0.367296	-2402.73
1954	0.371988	-2520.52
1955	0.359822	-2300.31
1956	0.356004	-2304.18
1957	0.364226	-2324.44
1958	0.360362	-2277
1959	0.363943	-2344.31
1960	0.363908	-2352.97
1961	0.35464	-2247.41
1962	0.355929	-2265.77
1963	0.359907	-2272.56
1964	0.352608	-2241.09
1965	0.368421	-2448.22
1966	0.357365	-2286.44
1967	0.356369	-2241.79
1968	0.359445	-2337.49
1969	0.36969	-2481.97
1970	0.363942	-2357.88
1971	0.357365	-2312.68
1972	0.356702	-2277.72
1973	0.364896	-2425.32
1974	0.371092	-2452.85
1975	0.360304	-2358.3
1976	0.363607	-2406.37
1977	0.356812	-2250.4
1978	0.364789	-2342.77
1979	0.359716	-2346.88
1980	0.359301	-2335.81
1981	0.362333	-2353.78
1982	0.365983	-2432.49
1983	0.362922	-2372.83
1984	0.366379	-2444.02
1985	0.357614	-2307.38
1986	0.360202	-2343.76
1987	0.361102	-2369.72
1988	0.365837	-2430.17
1989	0.362123	-2341.38
1990	0.367265	-2419.24
1991	0.370348	-2498.25
1992	0.362726	-2396.52
1993	0.361009	-2354.64
1994	0.36917	-2443.94
1995	0.362591	-2358.54
1996	0.364671	-2402.23
1997	0.357985	-2278.7
1998	0.363789	-2386.47
1999	0.355988	-2301.71
2000	0.372185	-2499.53
2001	0.359004	-2296.07
2002	0.363413	-2378.85
2003	0.360561	-2387.45
2004	0.375301	-2486.19
2005	0.361614	-2342.03
2006	0.363682	-2387.47
2007	0.36017	-2330.47
2008	0.361098	-2358.99
2009	0.361322	-2338.67
2010	0.364397	-2391.81
2011	0.358312	-2279.68
2012	0.368632	-2456.92
2013	0.367571	-2466.43
2014	0.365819	-2417.91
2015	0.359322	-2331.18
2016	0.365298	-2414.5
2017	0.366326	-2419.02
2018	0.359672	-2334
2019	0.362828	-2403.17
2020	0.359138	-2343.59
2021	0.360237	-2293.5
2022	0.36666	-2414.39
2023	0.362319	-2344.6
2024	0.357156	-2268.32
2025	0.355687	-2295.29
2026	0.355263	-2260.01
2027	0.368342	-2416.87
2028	0.364133	-2361.84
2029	0.357132	-2267.62
2030	0.363364	-2403.91
2031	0.368149	-2430.8
2032	0.35941	-2357.92
2033	0.362309	-2368.38
2034	0.366255	-2432.41
2035	0.361671	-2375.14
2036	0.362167	-2321.9
2037	0.362982	-2404.2
2038	0.367662	-2456.41
2039	0.36438	-2383.31
2040	0.361773	-2320.91
2041	0.362571	-2377.34
2042	0.365238	-2359.79
2043	0.358917	-2322.55
2044	0.359035	-2321.91
2045	0.357868	-2290.68
2046	0.366588	-2454.97
2047	0.353087	-2267.28
2048	0.358827	-2330.05
2049	0.36798	-2432.84
2050	0.36594	-2424.2
2051	0.362361	-2331.37
2052	0.358823	-2311.06
2053	0.372107	-2479.34
2054	0.359859	-2318.5
2055	0.366691	-2437.32
2056	0.359176	-2320.85
2057	0.356139	-2269.87
2058	0.357755	-2337.12
2059	0.360811	-2307.25
2060	0.352763	-2213.22
2061	0.367568	-2443.96
2062	0.35863	-2301.38
2063	0.370852	-2466.6
2064	0.363546	-2411.82
2065	0.371915	-2522.62
2066	0.355393	-2294.17
2067	0.350915	-2226.2
2068	0.363483	-2352.36
2069	0.359181	-2338.55
2070	0.360411	-2315.5
2071	0.367616	-2431.67
2072	0.349105	-2180.19
2073	0.360713	-2353.73
2074	0.36742	-2404.32
2075	0.35915	-2332.91
2076	0.361182	-2326.12
2077	0.361095	-2317.19
2078	0.368207	-2456.2
2079	0.368358	-2462.23
2080	0.361582	-2348.55
2081	0.361962	-2335.54
2082	0.361114	-2336.55
2083	0.365719	-2418.1
2084	0.360622	-2330.71
2085	0.359162	-2327.22
2086	0.363762	-2376.28
2087	0.355979	-2260.91
2088	0.360557	-2364.99
2089	0.367426	-2387.93
2090	0.366687	-2389.8
2091	0.350111	-2185.99
2092	0.359916	-2287.87
2093	0.360857	-2356.16
2094	0.355387	-2300.07
2095	0.363603	-2369.56
2096	0.372922	-2474.02
2097	0.363466	-2350.77
2098	0.365301	-2348.88
2099	0.359814	-2305.36
2100	0.362363	-2360.94
2101	0.368144	-2454.85
2102	0.359654	-2310.61
2103	0.358147	-2280.74
2104	0.354188	-2264.14
2105	0.360155	-2339.77
2106	0.365898	-2394.1
2107	0.365158	-2402.88
2108	0.356154	-2293.57
2109	0.363378	-2369.21
2110	0.358054	-2290.94
2111	0.378315	-2567.75
2112	0.357152	-2307.21
2113	0.368256	-2361.76
2114	0.371432	-2500.3
2115	0.365785	-2395.22
2116	0.369783	-2436.62
2117	0.357429	-2360.72
2118	0.365021	-2387.47
2119	0.365988	-2396.36
2120	0.372223	-2479.35
2121	0.357906	-2359.3
2122	0.362645	-2367.52
2123	0.377021	-2535.05
2124	0.356334	-2300.28
2125	0.360851	-2319.62
2126	0.363682	-2433.66
2127	0.368348	-2441.72
2128	0.367842	-2465.01
2129	0.358438	-2302.2
2130	0.363302	-2322.16
2131	0.354891	-2298.03
2132	0.363211	-2334.2
2133	0.357318	-2320.14
2134	0.358112	-2268.69
2135	0.358306	-2328.04
2136	0.358592	-2293.83
2137	0.357232	-2329.93
2138	0.364036	-2341.05
2139	0.365054	-2404
2140	0.367565	-2367.64
2141	0.360854	-2306.51
2142	0.363427	-2386.13
2143	0.363506	-2363.3
2144	0.363665	-2375.78
2145	0.352057	-2263.59
2146	0.361534	-2341.49
2147	0.36545	-2416.13
2148	0.36075	-2344.4
2149	0.3701	-2453.72
2150	0.361427	-2335.6
2151	0.357455	-2341.34
2152	0.360303	-2323.39
2153	0.366207	-2429.68
2154	0.359022	-2323.96
2155	0.363744	-2379.85
2156	0.360895	-2365.15
2157	0.358932	-2295.83
2158	0.366557	-2414.59
2159	0.359256	-2328.44
2160	0.356377	-2266.72
2161	0.36742	-2482.12
2162	0.361263	-2317.41
2163	0.361898	-2332.66
2164	0.35386	-2236.27
2165	0.358684	-2321.45
2166	0.371363	-2476.59
2167	0.36429	-2385.74
2168	0.362014	-2375.07
2169	0.364337	-2381.49
2170	0.365812	-2359.6
2171	0.364447	-2380.77
2172	0.361935	-2363.2
2173	0.358755	-2313.84
2174	0.369964	-2460.06
2175	0.359678	-2350.5
2176	0.363378	-2381.95
2177	0.366415	-2440.22
2178	0.361804	-2361.58
2179	0.362907	-2411.21
2180	0.366097	-2443.37
2181	0.363133	-2406.48
2182	0.36431	-2395.05
2183	0.359086	-2291.51
2184	0.359652	-2309.01
2185	0.35954	-2331.22
2186	0.35754	-2295.9
2187	0.372467	-2497.37
2188	0.356606	-2291.91
2189	0.359233	-2336.67
2190	0.362158	-2337.31
2191	0.36436	-2406.99
2192	0.362022	-2351.57
2193	0.356229	-2313.35
2194	0.359777	-2310.56
2195	0.361686	-2326.03
2196	0.357281	-2269.67
2197	0.357944	-2296.9
2198	0.353999	-2249.85
2199	0.36065	-2373.67
2200	0.360667	-2322.49
2201	0.367845	-2467.7
2202	0.367685	-2424.15
2203	0.353943	-2220.9
2204	0.372648	-2533.29
2205	0.363938	-2405.42
2206	0.362681	-2333.41
2207	0.368153	-2412.44
2208	0.362225	-2363.69
2209	0.363941	-2369.62
2210	0.359565	-2358.78
2211	0.360547	-2311.92
2212	0.355145	-2260.54
2213	0.369621	-2487.87
2214	0.365647	-2383.33
2215	0.363226	-2360.78
2216	0.363334	-2413.48
2217	0.358434	-2313.37
2218	0.364455	-2448.93
2219	0.36574	-2390.42
2220	0.362491	-2351.25
2221	0.36588	-2467.32
2222	0.353044	-2194.9
2223	0.363797	-2368.16
2224	0.370635	-2500.98
2225	0.361262	-2352.28
2226	0.359985	-2339.18
2227	0.359144	-2329.07
2228	0.366171	-2386.66
2229	0.365481	-2359.4
2230	0.358445	-2254.67
2231	0.361425	-2383.73
2232	0.369426	-2443.05
2233	0.352997	-2265.97
2234	0.359318	-2324.94
2235	0.356388	-2259.15
2236	0.359458	-2344.21
2237	0.353933	-2267.38
2238	0.355313	-2217.69
2239	0.369651	-2474.46
2240	0.355331	-2257.47
2241	0.367621	-2461.05
2242	0.363149	-2353.34
2243	0.363743	-2382.47
2244	0.364855	-2334.05
2245	0.368091	-2429.05
2246	0.362459	-2381.42
2247	0.36155	-2320.72
2248	0.365482	-2394.22
2249	0.36264	-2399.44
2250	0.366437	-2399.23
2251	0.367524	-2430.1
2252	0.361229	-2350.12
2253	0.363888	-2404.85
2254	0.372827	-2515.79
2255	0.359956	-2299.86
2256	0.363938	-2406.48
2257	0.365155	-2357.45
2258	0.360718	-2358.88
2259	0.36685	-2454.91
2260	0.362872	-2347.59
2261	0.360064	-2352.43
2262	0.364178	-2409.13
2263	0.35873	-2299.07
2264	0.370345	-2511.08
2265	0.359026	-2334.07
2266	0.354087	-2240.11
2267	0.362453	-2339.83
2268	0.369123	-2408.51
2269	0.355926	-2277.52
2270	0.369576	-2486.87
2271	0.369232	-2438.41
2272	0.369738	-2454.64
2273	0.365614	-2410.67
2274	0.367677	-2411.13
2275	0.360743	-2318.83
2276	0.36326	-2380.95
2277	0.352629	-2203.04
2278	0.365948	-2396.93
2279	0.361485	-2401.35
2280	0.364955	-2445.56
2281	0.357725	-2305.06
2282	0.358505	-2292.63
2283	0.368328	-2423.67
2284	0.36179	-2339.17
2285	0.36554	-2416.17
2286	0.367981	-2453.15
2287	0.357926	-2306.41
2288	0.351368	-2204.96
2289	0.362948	-2390.56
2290	0.366503	-2416.98
2291	0.358688	-2302.13
2292	0.356013	-2295.68
2293	0.360797	-2348.47
2294	0.364408	-2394.31
2295	0.362356	-2363.08
2296	0.362919	-2363.68
2297	0.368565	-2407.59
2298	0.354425	-2266.66
2299	0.357163	-2323.81
2300	0.362769	-2372.4
2301	0.370093	-2452.95
2302	0.368805	-2449.75
2303	0.355863	-2304.9
2304	0.367947	-2467.01
2305	0.363641	-2441.86
2306	0.367381	-2397.23
2307	0.364647	-2367.05
2308	0.356689	-2275.07
2309	0.355217	-2245.32
2310	0.356936	-2209.66
2311	0.356656	-2291.92
2312	0.352203	-2220.77
2313	0.35784	-2299.69
2314	0.359035	-2308.88
2315	0.367826	-2416.74
2316	0.369207	-2484.99
2317	0.359925	-2273.71
2318	0.364141	-2380.06
2319	0.365669	-2369.54
2320	0.360153	-2314.03
2321	0.363556	-2362.74
2322	0.355294	-2261.36
2323	0.368115	-2414.99
2324	0.36617	-2413.48
2325	0.361158	-2256.13
2326	0.356963	-2328.55
2327	0.360571	-2339.19
2328	0.358832	-2319.71
2329	0.365336	-2396.2
2330	0.369259	-2463.39
2331	0.359963	-2316.86
2332	0.362539	-2339.33
2333	0.372021	-2482.6
2334	0.362705	-2363.1
2335	0.360051	-2309.53
2336	0.363011	-2343.22
2337	0.363754	-2360.69
2338	0.356407	-2323.25
2339	0.358546	-2344.89
2340	0.366338	-2359.4
2341	0.368325	-2480.35
2342	0.355603	-2266.67
2343	0.367272	-2428.55
2344	0.363495	-2388.63
2345	0.366267	-2385.05
2346	0.354328	-2240.06
2347	0.359446	-2308.05
2348	0.361217	-2336.81
2349	0.36303	-2392.93
2350	0.356481	-2235.42
2351	0.355027	-2231.25
2352	0.367494	-2429.42
2353	0.362988	-2305.19
2354	0.359694	-2282.18
2355	0.356188	-2303.74
2356	0.360648	-2321.49
2357	0.367186	-2434.54
2358	0.365615	-2359.6
2359	0.363895	-2392.38
2360	0.363968	-2372.44
2361	0.361771	-2360.26
2362	0.363564	-2370.63
2363	0.3649	-2401.6
2364	0.363276	-2350.22
2365	0.360853	-2353.29
2366	0.363397	-2366.52
2367	0.366759	-2397.61
2368	0.359924	-2333.78
2369	0.357361	-2251.79
2370	0.354	-2254.3
2371	0.354925	-2279.68
2372	0.358437	-2324.94
2373	0.360062	-2343.49
2374	0.361185	-2348.15
2375	0.358177	-2322.03
2376	0.362986	-2345.93
2377	0.359075	-2313.88
2378	0.358186	-2309.68
2379	0.356907	-2261.7
2380	0.36099	-2319.08
2381	0.362493	-2404.18
2382	0.36384	-2387.07
2383	0.3631	-2355.63
2384	0.356418	-2267
2385	0.361437	-2366.45
2386	0.366604	-2398.19
2387	0.373203	-2536.78
2388	0.357983	-2380.43
2389	0.35384	-2259.57
2390	0.362527	-2369.26
2391	0.362419	-2339.9
2392	0.356697	-2259.22
2393	0.363849	-2328.97
2394	0.368395	-2443.48
2395	0.364088	-2353.54
2396	0.367582	-2392.23
2397	0.352693	-2240.55
2398	0.361057	-2366.55
2399	0.354921	-2250.21
2400	0.36532	-2403.76
2401	0.367423	-2439.65
2402	0.366525	-2422.81
2403	0.35584	-2263.81
2404	0.367237	-2391.95
2405	0.349128	-2263.19
2406	0.34871	-2194.78
2407	0.356295	-2240.65
2408	0.364003	-2363.13
2409	0.359861	-2315.78
2410	0.374382	-2543.36
2411	0.365534	-2398.7
2412	0.35965	-2315.68
2413	0.368613	-2429.01
2414	0.354711	-2257.3
2415	0.362634	-2340.79
2416	0.352591	-2208.48
2417	0.362067	-2372.84
2418	0.360957	-2362.44
2419	0.364907	-2436.21
2420	0.367432	-2406.14
2421	0.356832	-2213.83
2422	0.370374	-2461.79
2423	0.364811	-2448.19
2424	0.360114	-2324.41
2425	0.360455	-2327.28
2426	0.364852	-2424.52
2427	0.363455	-2394.25
2428	0.36403	-2357.94
2429	0.358061	-2302.58
2430	0.363603	-2341.6
2431	0.366309	-2403.87
2432	0.365501	-2384.55
2433	0.361366	-2354.71
2434	0.362725	-2332.36
2435	0.35938	-2275.02
2436	0.369946	-2476.37
2437	0.365962	-2394.6
2438	0.363794	-2405.95
2439	0.35933	-2322.33
2440	0.353685	-2285.76
2441	0.350683	-2200.99
2442	0.352519	-2202.77
2443	0.35837	-2264.29
2444	0.362568	-2351.63
2445	0.370201	-2439.7
2446	0.347193	-2162.7
2447	0.367036	-2445.33
2448	0.36888	-2453.32
2449	0.364226	-2376.61
2450	0.362093	-2326.67
2451	0.362403	-2340.58
2452	0.35799	-2332.06
2453	0.359223	-2327.99
2454	0.367368	-2416.21
2455	0.368168	-2438.02
2456	0.363595	-2353.52
2457	0.36285	-2381.28
2458	0.368988	-2435.63
2459	0.370344	-2471.94
2460	0.359173	-2314.24
2461	0.361075	-2335.31
2462	0.366053	-2415.33
2463	0.362458	-2355.47
2464	0.35469	-2268.05
2465	0.362611	-2357.41
2466	0.369957	-2459.64
2467	0.367012	-2435.3
2468	0.361431	-2334.26
2469	0.368737	-2436.34
2470	0.365176	-2433.84
2471	0.368401	-2457.57
2472	0.360801	-2371.14
2473	0.353643	-2236.03
2474	0.366033	-2372.63
2475	0.363774	-2363.06
2476	0.368927	-2440.48
2477	0.361397	-2368.72
2478	0.355808	-2277.89
2479	0.36961	-2444.85
2480	0.358701	-2320.69
2481	0.360807	-2382.06
2482	0.361707	-2375.01
2483	0.365411	-2343.19
2484	0.363478	-2378.31
2485	0.355954	-2323
2486	0.365819	-2438.52
2487	0.358872	-2319.09
2488	0.359282	-2345.72
2489	0.365827	-2430.06
2490	0.362433	-2361.85
2491	0.357608	-2314.09
2492	0.36316	-2364.4
2493	0.3545	-2242.13
2494	0.359813	-2319.95
2495	0.361204	-2351.2
2496	0.353954	-2244.62
2497	0.356014	-2306.37
2498	0.367627	-2400.65
2499	0.370917	-2476.04
2500	0.361066	-2376.73
2501	0.361446	-2342.36
2502	0.354802	-2269.96
2503	0.357904	-2296.67
2504	0.357756	-2288.83
2505	0.358609	-2303.91
2506	0.367386	-2425.12
2507	0.365203	-2369.87
2508	0.368978	-2475.93
2509	0.364063	-2390.23
2510	0.364486	-2432.96
2511	0.362784	-2331.15
2512	0.363818	-2375.55
2513	0.359885	-2315.94
2514	0.371765	-2521.35
2515	0.364041	-2369.01
2516	0.359269	-2388.97
2517	0.358116	-2323.14
2518	0.362152	-2351.15
2519	0.363704	-2362.02
2520	0.363402	-2354.98
2521	0.361772	-2338.78
2522	0.360773	-2360.3
2523	0.364695	-2385.02
2524	0.364372	-2389
2525	0.364777	-2394.25
2526	0.369652	-2484.2
2527	0.368365	-2474.48
2528	0.356324	-2298.39
2529	0.361729	-2356.42
2530	0.353917	-2242.64
2531	0.360093	-2364.09
2532	0.365835	-2424.55
2533	0.364029	-2393.67
2534	0.356039	-2306.85
2535	0.360954	-2391.73
2536	0.357158	-2295.89
2537	0.364183	-2391.04
2538	0.356759	-2286.77
2539	0.368949	-2484.65
2540	0.36071	-2336.63
2541	0.37051	-2416.93
2542	0.367594	-2404.82
2543	0.356189	-2275.92
2544	0.361375	-2356.4
2545	0.365067	-2376.33
2546	0.365958	-2433.67
2547	0.364381	-2398.52
2548	0.368472	-2431.82
2549	0.364608	-2391.81
2550	0.364142	-2360.6
2551	0.371092	-2466.23
2552	0.363988	-2367.32
2553	0.357111	-2279.76
2554	0.360042	-2322.07
2555	0.352514	-2236.69
2556	0.365192	-2385.87
2557	0.36416	-2376.51
2558	0.364814	-2430.51
2559	0.358513	-2336.6
2560	0.367131	-2427.21
2561	0.363218	-2392.51
2562	0.360045	-2312.7
2563	0.360944	-2338.59
2564	0.364075	-2409.5
2565	0.361077	-2364.92
2566	0.359929	-2328.79
2567	0.363939	-2410.78
2568	0.361609	-2372.03
2569	0.359648	-2261.57
2570	0.3606	-2294.36
2571	0.36385	-2363.93
2572	0.367038	-2406.55
2573	0.359126	-2315.71
2574	0.363082	-2329.53
2575	0.369278	-2457.81
2576	0.362692	-2349.7
2577	0.363583	-2362.85
2578	0.361491	-2384.58
2579	0.3494	-2201.42
2580	0.357746	-2289.28
2581	0.360301	-2335.4
2582	0.359543	-2338.99
2583	0.360989	-2342.54
2584	0.371393	-2475.86
2585	0.364293	-2359.71
2586	0.368637	-2382.62
2587	0.363811	-2426.63
2588	0.369305	-2466.97
2589	0.363754	-2409.83
2590	0.362433	-2379.43
2591	0.354353	-2262.63
2592	0.357788	-2272.61
2593	0.358084	-2316.45
2594	0.367211	-2422.57
2595	0.355999	-2295.86
2596	0.360276	-2292.32
2597	0.372036	-2475.56
2598	0.366553	-2436.07
2599	0.364837	-2442.3
2600	0.357421	-2297.82
2601	0.369766	-2463.71
2602	0.359156	-2327.95
2603	0.35946	-2322.17
2604	0.354512	-2274.95
2605	0.35685	-2279.57
2606	0.366616	-2440.18
2607	0.355379	-2284.97
2608	0.365117	-2359.93
2609	0.355329	-2252.62
2610	0.351588	-2263.2
2611	0.370285	-2481.28
2612	0.363203	-2388.87
2613	0.362385	-2321.57
2614	0.360139	-2345.52
2615	0.35719	-2240.29
2616	0.357731	-2308.72
2617	0.367186	-2414.11
2618	0.359923	-2319.12
2619	0.36248	-2390.44
2620	0.36328	-2399.86
2621	0.361748	-2377.44
2622	0.358739	-2311.35
2623	0.363817	-2423.74
2624	0.372286	-2494.38
2625	0.357553	-2289.45
2626	0.358618	-2307.61
2627	0.364952	-2398
2628	0.364454	-2407.21
2629	0.360625	-2391.41
2630	0.351754	-2238.52
2631	0.363871	-2368.51
2632	0.371383	-2472.53
2633	0.360372	-2344.97
2634	0.364579	-2369.58
2635	0.362588	-2357.6
2636	0.35639	-2256.05
2637	0.354831	-2252.37
2638	0.36577	-2415.04
2639	0.359811	-2351.03
2640	0.362298	-2345.67
2641	0.363274	-2382.31
2642	0.360775	-2326.25
2643	0.364374	-2390.37
2644	0.361239	-2320.92
2645	0.360482	-2298.71
2646	0.35175	-2257.3
2647	0.354262	-2264.21
2648	0.363833	-2376.55
2649	0.357495	-2317.89
2650	0.367275	-2422.8
2651	0.356592	-2291.19
2652	0.369594	-2439.15
2653	0.363284	-2362.36
2654	0.360839	-2369.77
2655	0.360605	-2321.6
2656	0.365395	-2375.43
2657	0.363005	-2386.85
2658	0.357669	-2258.74
2659	0.36669	-2366.12
2660	0.363441	-2371.24
2661	0.351486	-2161.39
2662	0.361836	-2357.73
2663	0.365046	-2409.63
2664	0.359405	-2347.09
2665	0.362106	-2367.41
2666	0.370951	-2459.04
2667	0.358975	-2334.73
2668	0.367368	-2406.4
2669	0.369984	-2471.26
2670	0.361248	-2340.56
2671	0.364366	-2373.21
2672	0.364679	-2410.46
2673	0.362686	-2298.93
2674	0.365848	-2373.22
2675	0.36126	-2376.75
2676	0.367044	-2411.67
2677	0.368828	-2450.55
2678	0.357897	-2306.9
2679	0.367517	-2392.83
2680	0.367465	-2409.84
2681	0.362188	-2344.94
2682	0.35485	-2231.76
2683	0.363167	-2373.53
2684	0.363406	-2387.28
2685	0.356469	-2284.72
2686	0.366106	-2437.41
2687	0.360947	-2389.82
2688	0.359476	-2323.3
2689	0.35766	-2290.99
2690	0.362483	-2317.5
2691	0.36415	-2378.38
2692	0.363391	-2397.19
2693	0.36769	-2412.68
2694	0.368794	-2420.84
2695	0.370261	-2480.75
2696	0.359355	-2310.93
2697	0.360977	-2331.23
2698	0.361869	-2334.39
2699	0.357259	-2274.59
2700	0.359759	-2277.79
2701	0.362655	-2379.44
2702	0.355694	-2305.36
2703	0.36383	-2395.62
2704	0.363617	-2365.39
2705	0.368005	-2449.28
2706	0.369226	-2482.8
2707	0.361196	-2347.83
2708	0.366128	-2449.53
2709	0.362092	-2391.96
2710	0.367791	-2414.49
2711	0.35833	-2328.96
2712	0.361489	-2400.31
2713	0.360582	-2329.7
2714	0.373558	-2524.33
2715	0.358165	-2272.17
2716	0.363317	-2393.22
2717	0.368774	-2396.36
2718	0.363402	-2355.29
2719	0.364251	-2404.2
2720	0.361495	-2345.12
2721	0.351137	-2173.3
2722	0.36444	-2361.42
2723	0.36009	-2319.18
2724	0.359723	-2363.88
2725	0.364546	-2408.97
2726	0.362701	-2380.67
2727	0.365517	-2369.04
2728	0.366551	-2421.14
2729	0.360151	-2335.53
2730	0.364875	-2429.18
2731	0.358543	-2346.26
2732	0.366323	-2411.81
2733	0.363749	-2383.47
2734	0.359536	-2314.35
2735	0.359714	-2345.57
2736	0.368184	-2394.16
2737	0.354155	-2231.02
2738	0.368538	-2458.2
2739	0.363221	-2357.43
2740	0.361148	-2352.86
2741	0.360839	-2345.59
2742	0.366873	-2438.06
2743	0.356884	-2280.09
2744	0.360073	-2343.66
2745	0.363975	-2399.45
2746	0.372316	-2490.77
2747	0.357665	-2303.35
2748	0.368903	-2470.14
2749	0.35575	-2295.66
2750	0.366696	-2425.01
2751	0.37035	-2467.87
2752	0.360627	-2326.62
2753	0.369006	-2466.3
2754	0.358059	-2274
2755	0.362113	-2314.2
2756	0.3609	-2367.16
2757	0.361446	-2372.99
2758	0.355158	-2311.32
2759	0.358788	-2320.75
2760	0.357018	-2284.65
2761	0.361567	-2353.26
2762	0.362828	-2323.51
2763	0.364502	-2376.03
2764	0.355441	-2293.53
2765	0.360961	-2354.29
2766	0.36867	-2397.54
2767	0.353676	-2274.97
2768	0.35696	-2273.33
2769	0.360921	-2326.85
2770	0.36874	-2445.24
2771	0.364769	-2368.71
2772	0.361918	-2374
2773	0.355249	-2248.79
2774	0.3707	-2499.99
2775	0.36195	-2353.78
2776	0.355922	-2276.88
2777	0.35813	-2345.47
2778	0.364229	-2363.79
2779	0.35875	-2335.54
2780	0.357501	-2312.68
2781	0.370314	-2426.7
2782	0.364911	-2396.05
2783	0.366207	-2377.82
2784	0.374111	-2508.17
2785	0.367466	-2467.13
2786	0.361005	-2314.51
2787	0.356427	-2280.57
2788	0.351768	-2209.85
2789	0.36838	-2399.29
2790	0.356411	-2294.31
2791	0.354668	-2282.79
2792	0.360714	-2288.17
2793	0.354987	-2307.48
2794	0.3646	-2361.92
2795	0.368274	-2392.22
2796	0.355435	-2278.19
2797	0.359348	-2334.15
2798	0.359291	-2309.7
2799	0.363402	-2413.32
2800	0.372338	-2452.6
2801	0.368709	-2467.74
2802	0.365859	-2423.42
2803	0.358215	-2299.17
2804	0.375069	-2581.63
2805	0.363621	-2354.79
2806	0.361123	-2354.53
2807	0.357205	-2274.68
2808	0.358995	-2340.27
2809	0.358521	-2329.12
2810	0.372089	-2501.52
2811	0.364598	-2346.22
2812	0.364608	-2421.34
2813	0.36248	-2332.51
2814	0.367868	-2458.01
2815	0.364522	-2365.49
2816	0.362029	-2342.61
2817	0.363813	-2336.39
2818	0.370047	-2467.09
2819	0.358364	-2290.36
2820	0.358345	-2319.06
2821	0.360165	-2353.81
2822	0.356972	-2315.28
2823	0.370775	-2492
2824	0.366853	-2406.44
2825	0.370792	-2519.49
2826	0.362939	-2365.2
2827	0.35581	-2296.56
2828	0.360649	-2328.16
2829	0.361405	-2378.15
2830	0.365628	-2402.7
2831	0.369025	-2426.43
2832	0.357691	-2287.1
2833	0.361591	-2351.45
2834	0.362413	-2331.07
2835	0.361511	-2398.61
2836	0.361573	-2354.81
2837	0.364475	-2398.02
2838	0.363302	-2424.72
2839	0.359599	-2285.57
2840	0.358184	-2287.22
2841	0.358039	-2341.63
2842	0.352169	-2231.69
2843	0.365223	-2402.52
2844	0.357926	-2289.57
2845	0.364608	-2425.68
2846	0.36871	-2444.49
2847	0.364375	-2368.35
2848	0.371946	-2510.22
2849	0.357046	-2279.91
2850	0.366874	-2386.22
2851	0.364242	-2379.16
2852	0.366701	-2396.83
2853	0.37073	-2431.06
2854	0.367739	-2434.89
2855	0.363319	-2428.91
2856	0.35708	-2289.99
2857	0.36169	-2391.88
2858	0.356775	-2283.84
2859	0.361147	-2370.52
2860	0.355929	-2236.88
2861	0.362761	-2353.64
2862	0.354638	-2264.35
2863	0.355804	-2269.82
2864	0.358192	-2321.66
2865	0.363334	-2404.97
2866	0.368001	-2414.09
2867	0.357116	-2281.51
2868	0.363812	-2384.19
2869	0.357577	-2286.05
2870	0.359881	-2303.14
2871	0.363074	-2403.81
2872	0.35893	-2340.75
2873	0.358762	-2316.55
2874	0.354824	-2229.1
2875	0.364692	-2418.32
2876	0.358806	-2345.62
2877	0.359028	-2270.31
2878	0.37157	-2493.11
2879	0.355862	-2287.24
2880	0.362845	-2337.16
2881	0.365645	-2419.46
2882	0.358859	-2282.63
2883	0.364312	-2370.51
2884	0.35639	-2280.43
2885	0.362117	-2354.87
2886	0.364114	-2423.65
2887	0.366703	-2414.12
2888	0.358954	-2330.77
2889	0.363321	-2375.79
2890	0.367262	-2448.81
2891	0.370625	-2501.9
2892	0.36021	-2328.98
2893	0.355328	-2214.26
2894	0.355904	-2248.76
2895	0.36747	-2416.61
2896	0.358563	-2336.02
2897	0.360793	-2336.67
2898	0.355592	-2295.47
2899	0.362303	-2358.13
2900	0.363649	-2373.79
2901	0.358691	-2277.47
2902	0.362333	-2343.25
2903	0.364312	-2380.92
2904	0.363697	-2360.41
2905	0.362989	-2371.2
2906	0.368321	-2463.95
2907	0.363794	-2379.36
2908	0.363971	-2374.11
2909	0.362774	-2375.73
2910	0.357384	-2309.98
2911	0.366757	-2416.09
2912	0.361091	-2284.13
2913	0.358033	-2294.02
2914	0.363001	-2349.61
2915	0.35927	-2322.84
2916	0.356392	-2245.93
2917	0.360389	-2344.56
2918	0.36449	-2408.47
2919	0.363158	-2342.86
2920	0.361474	-2344.95
2921	0.360849	-2383.43
2922	0.364407	-2379.61
2923	0.363513	-2396.44
2924	0.3633	-2388.5
2925	0.362269	-2353.03
2926	0.359899	-2337.41
2927	0.360959	-2385.27
2928	0.356573	-2280.93
2929	0.35784	-2286.33
2930	0.371869	-2469.27
2931	0.374586	-2489.45
2932	0.360991	-2320.61
2933	0.351222	-2257.72
2934	0.365237	-2406.41
2935	0.361283	-2345.24
2936	0.365121	-2401.62
2937	0.365365	-2399.93
2938	0.363537	-2317.29
2939	0.364885	-2429.06
2940	0.357918	-2350.94
2941	0.365477	-2392
2942	0.354962	-2242.75
2943	0.362681	-2350.34
2944	0.355165	-2264.87
2945	0.368496	-2494.43
2946	0.362397	-2408.85
2947	0.35878	-2330.27
2948	0.366907	-2453.53
2949	0.364768	-2393.28
2950	0.356844	-2296.33
2951	0.362986	-2420.71
2952	0.371846	-2491.66
2953	0.364864	-2421.54
2954	0.356643	-2276.43
2955	0.36331	-2359.64
2956	0.368256	-2434.37
2957	0.357228	-2274.42
2958	0.356505	-2271.21
2959	0.35889	-2322.65
2960	0.356766	-2287.41
2961	0.360208	-2320.66
2962	0.367942	-2459.37
2963	0.348763	-2188.33
2964	0.365612	-2383.16
2965	0.365478	-2404.12
2966	0.358401	-2311.98
2967	0.35844	-2300.96
2968	0.355788	-2229.79
2969	0.370543	-2452.93
2970	0.360085	-2322.98
2971	0.361689	-2319.67
2972	0.367165	-2400.59
2973	0.364435	-2374.37
2974	0.363182	-2383.13
2975	0.364604	-2432.71
2976	0.361558	-2346.68
2977	0.351713	-2211.77
2978	0.364238	-2357.36
2979	0.362385	-2338.32
2980	0.363006	-2371.92
2981	0.351304	-2235.91
2982	0.359231	-2300.44
2983	0.357064	-2308.97
2984	0.367723	-2439.1
2985	0.364573	-2396.79
2986	0.356743	-2346.41
2987	0.355835	-2285.45
2988	0.360618	-2317.86
2989	0.361939	-2366.78
2990	0.359058	-2349.87
2991	0.371148	-2489.41
2992	0.370991	-2496.37
2993	0.368101	-2410.15
2994	0.360307	-2338.42
2995	0.37058	-2460.66
2996	0.357481	-2330.15
2997	0.366457	-2416.14
2998	0.365559	-2405.72
2999	0.347393	-2212.15
