0	0.353577	-2285.96
1	0.357028	-2275.88
2	0.370038	-2459.5
3	0.360594	-2325.12
4	0.362457	-2337.73
5	0.350883	-2221.54
6	0.362056	-2394.8
7	0.367431	-2435.73
8	0.36309	-2377.07
9	0.360383	-2282.54
10	0.366414	-2377.54
11	0.363421	-2328.6
12	0.353442	-2233.43
13	0.358764	-2370.89
14	0.358851	-2339.66
15	0.354438	-2255.21
16	0.357499	-2283.87
17	0.362649	-2377.46
18	0.354436	-2252.01
19	0.357858	-2276.29
20	0.360799	-2369.44
21	0.365637	-2398.54
22	0.367395	-2391.34
23	0.358826	-2271.19
24	0.362645	-2379.83
25	0.364618	-2375.78
26	0.357051	-2299.6
27	0.358467	-2303.49
28	0.35951	-2351.87
29	0.364419	-2436.57
30	0.360565	-2312.98
31	0.367107	-2372.36
32	0.363794	-2403.53
33	0.36663	-2391.73
34	0.349766	-2211.66
35	0.358234	-2317.29
36	0.36159	-2321.09
37	0.357328	-2271.37
38	0.355647	-2306.47
39	0.365279	-2401.32
40	0.35491	-2258.66
41	0.359403	-2345.59
42	0.359506	-2325.5
43	0.352541	-2219.19
44	0.357574	-2274.45
45	0.359469	-2346.76
46	0.363134	-2395.64
47	0.369922	-2464.92
48	0.361048	-2314.45
49	0.364562	-2386.27
50	0.366204	-2444.5
51	0.360376	-2355.7
52	0.361141	-2383.52
53	0.363294	-2405.11
54	0.363561	-2360.51
55	0.362987	-2399.07
56	0.358231	-2254.02
57	0.362853	-2369.05
58	0.360935	-2308.58
59	0.361494	-2372.79
60	0.355368	-2247.23
61	0.353237	-2269.08
62	0.36003	-2322.89
63	0.354007	-2258.42
64	0.358449	-2280.87
65	0.364221	-2367.04
66	0.357522	-2293.58
67	0.359316	-2286.54
68	0.35557	-2265.04
69	0.35523	-2242.93
70	0.356162	-2329.67
71	0.350831	-2233.68
72	0.367149	-2430.1
73	0.361859	-2373.85
74	0.368846	-2483.22
75	0.36495	-2368.53
76	0.357769	-2289.3
77	0.359903	-2332.47
78	0.359413	-2276.24
79	0.366999	-2459.37
80	0.354619	-2273.36
81	0.356767	-2299.31
82	0.362967	-2358.64
83	0.358715	-2298.01
84	0.364104	-2399.68
85	0.370383	-2445.7
86	0.360035	-2305.67
87	0.357049	-2292.64
88	0.363213	-2390.43
89	0.359541	-2369.96
90	0.354529	-2276.97
91	0.351203	-2208.28
92	0.353393	-2219.58
93	0.357464	-2311.75
94	0.361829	-2361.22
95	0.366865	-2410.73
96	0.358378	-2348.64
97	0.3595	-2346.05
98	0.36038	-2293.05
99	0.364483	-2376.45
100	0.361096	-2341.49
101	0.348667	-2181.88
102	0.362156	-2347.45
103	0.368039	-2410.12
104	0.371794	-2515.75
105	0.359898	-2309.14
106	0.35875	-2328.38
107	0.357125	-2280.48
108	0.36999	-2479.57
109	0.350483	-2221.5
110	0.357343	-2298.58
111	0.371679	-2441.21
112	0.374138	-2529.71
113	0.36797	-2429.58
114	0.360054	-2312.46
115	0.362028	-2363.06
116	0.361799	-2330.19
117	0.354736	-2227.65
118	0.366689	-2430.73
119	0.350484	-2238.02
120	0.35305	-2231.41
121	0.359372	-2327.25
122	0.356108	-2304.49
123	0.350069	-2218.75
124	0.359483	-2317.54
125	0.364401	-2402.9
126	0.356819	-2293.41
127	0.357359	-2308.17
128	0.353992	-2280.23
129	0.363794	-2376.05
130	0.35672	-2270.57
131	0.352157	-2252.54
132	0.366046	-2415.95
133	0.34796	-2157.86
134	0.354999	-2229.77
135	0.360813	-2325.42
136	0.365857	-2390.84
137	0.358429	-2310.04
138	0.362389	-2375.06
139	0.366292	-2375.87
140	0.353051	-2232.61
141	0.360342	-2362.18
142	0.35554	-2266.34
143	0.367161	-2449.63
144	0.365386	-2412.94
145	0.369901	-2453.69
146	0.361615	-2325.63
147	0.358449	-2314.94
148	0.356029	-2271.68
149	0.356384	-2305.02
150	0.356143	-2306.7
151	0.364309	-2362.24
152	0.362441	-2383.75
153	0.358544	-2323.43
154	0.360362	-2326.57
155	0.364821	-2426.34
156	0.365375	-2402.04
157	0.352135	-2236.92
158	0.366626	-2403.37
159	0.35481	-2226.59
160	0.362298	-2399.14
161	0.360105	-2386.52
162	0.349521	-2181.78
163	0.354173	-2237.72
164	0.359743	-2356.89
165	0.367361	-2428.43
166	0.364539	-2381.1
167	0.358717	-2316.7
168	0.360947	-2366.8
169	0.364816	-2407.96
170	0.358292	-2335.33
171	0.368308	-2424.86
172	0.362151	-2353.97
173	0.367375	-2387.38
174	0.354697	-2262.3
175	0.361726	-2353.31
176	0.349094	-2201.59
177	0.362632	-2404.25
178	0.370649	-2454.93
179	0.358049	-2342.3
180	0.36746	-2486.8
181	0.355383	-2299.36
182	0.36292	-2408.15
183	0.364018	-2368.26
184	0.36782	-2412.09
185	0.362852	-2345.18
186	0.363385	-2384.71
187	0.357443	-2265.46
188	0.355917	-2261.29
189	0.360574	-2335.34
190	0.359607	-2334.29
191	0.360825	-2351.03
192	0.363655	-2375.69
193	0.367464	-2433.09
194	0.357025	-2299.56
195	0.359393	-2295.81
196	0.367349	-2417.59
197	0.356418	-2279.73
198	0.365019	-2377.57
199	0.361164	-2375.14
200	0.363734	-2419.63
201	0.346504	-2157.55
202	0.360106	-2315.5
203	0.364418	-2405.14
204	0.355216	-2335.7
205	0.355759	-2290.74
206	0.361917	-2333.84
207	0.358832	-2322.6
208	0.360017	-2340.57
209	0.367263	-2429.96
210	0.365293	-2381.71
211	0.353021	-2241.7
212	0.358595	-2312.73
213	0.36641	-2393.92
214	0.357798	-2301.86
215	0.364153	-2408.75
216	0.368759	-2457.91
217	0.366109	-2421.62
218	0.362638	-2346.79
219	0.359896	-2329.54
220	0.370133	-2467.35
221	0.363519	-2369.94
222	0.350627	-2248.26
223	0.35683	-2275.01
224	0.358081	-2336.58
225	0.359515	-2336.25
226	0.362724	-2362.73
227	0.356679	-2323.54
228	0.355629	-2278.8
229	0.362921	-2383.91
230	0.367064	-2437.86
231	0.35344	-2245.92
232	0.358684	-2306.41
233	0.367638	-2463.73
234	0.360825	-2335.74
235	0.36592	-2392.41
236	0.357829	-2297.75
237	0.357551	-2289.58
238	0.366493	-2420.72
239	0.35492	-2242.29
240	0.360936	-2297.13
241	0.364539	-2389.3
242	0.366783	-2397.39
243	0.360785	-2366.3
244	0.363838	-2410.83
245	0.361969	-2279.48
246	0.37483	-2538.33
247	0.358523	-2289.05
248	0.352544	-2227.18
249	0.365392	-2380.38
250	0.351169	-2170.19
251	0.365917	-2397.69
252	0.359454	-2326.02
253	0.361085	-2387.54
254	0.364116	-2341.39
255	0.360256	-2343.7
256	0.355631	-2244.68
257	0.364046	-2393.42
258	0.361442	-2353
259	0.357644	-2336.05
260	0.362421	-2331.03
261	0.369791	-2496.46
262	0.365334	-2393.55
263	0.359267	-2329.98
264	0.357448	-2330.12
265	0.370163	-2459.6
266	0.363146	-2348.39
267	0.355898	-2243.79
268	0.365477	-2413.74
269	0.356556	-2301.93
270	0.358473	-2272.41
271	0.367055	-2408.87
272	0.354832	-2286.55
273	0.355107	-2217.93
274	0.360201	-2347.46
275	0.360889	-2325.69
276	0.365018	-2364.01
277	0.365406	-2375.87
278	0.362881	-2365.81
279	0.370427	-2512.01
280	0.366139	-2425.15
281	0.36169	-2365.83
282	0.356414	-2299.52
283	0.361243	-2348.39
284	0.364467	-2411.37
285	0.361528	-2323.41
286	0.361399	-2380.52
287	0.354821	-2216.17
288	0.365231	-2420.47
289	0.354185	-2280.27
290	0.360496	-2350.89
291	0.35942	-2297.52
292	0.365712	-2408.28
293	0.370142	-2447.89
294	0.365598	-2429.13
295	0.356639	-2294.57
296	0.370531	-2461.03
297	0.353627	-2248.23
298	0.360849	-2353.61
299	0.358604	-2242.58
300	0.36035	-2306.35
301	0.366053	-2383.01
302	0.360638	-2317.78
303	0.358315	-2333.82
304	0.353416	-2236.27
305	0.355964	-2293.64
306	0.360706	-2334.18
307	0.35452	-2258.99
308	0.360463	-2317.92
309	0.365681	-2369.17
310	0.358117	-2286.73
311	0.358804	-2320.68
312	0.36625	-2380
313	0.35589	-2270.73
314	0.356009	-2275.29
315	0.367582	-2419.68
316	0.354153	-2235.49
317	0.368876	-2483.12
318	0.354021	-2244.61
319	0.354929	-2270.42
320	0.345072	-2184.73
321	0.363879	-2356.01
322	0.369549	-2466.79
323	0.357993	-2299.15
324	0.357569	-2299.07
325	0.362622	-2337.05
326	0.358044	-2314.72
327	0.362677	-2365.99
328	0.352608	-2264.89
329	0.35181	-2220.95
330	0.362191	-2317.61
331	0.362334	-2329.07
332	0.358299	-2276.59
333	0.364696	-2383
334	0.355116	-2270.62
335	0.360493	-2373.73
336	0.358084	-2319.78
337	0.358491	-2354.88
338	0.359043	-2295.37
339	0.355983	-2247.26
340	0.363495	-2411.23
341	0.361204	-2352.75
342	0.35676	-2264.52
343	0.349845	-2199.29
344	0.35752	-2284.68
345	0.363714	-2371.32
346	0.368287	-2507.71
347	0.368094	-2381.38
348	0.362	-2396.98
349	0.355261	-2249.28
350	0.354533	-2253.35
351	0.362859	-2356.08
352	0.365913	-2395.99
353	0.358226	-2253.13
354	0.358361	-2323.06
355	0.366447	-2415.68
356	0.361769	-2376.5
357	0.367568	-2445.96
358	0.356229	-2246.49
359	0.359371	-2373.36
360	0.359749	-2307.95
361	0.356302	-2275.25
362	0.361051	-2319.7
363	0.368117	-2435.5
364	0.365105	-2388.9
365	0.363741	-2418.04
366	0.359899	-2285.33
367	0.357682	-2329.57
368	0.360692	-2364.84
369	0.348513	-2200.68
370	0.365516	-2377.5
371	0.356497	-2274.96
372	0.356061	-2252.33
373	0.359721	-2319.66
374	0.359399	-2349.34
375	0.359469	-2357.67
376	0.365131	-2402.82
377	0.365757	-2412.66
378	0.355147	-2249.99
379	0.35537	-2270.61
380	0.354864	-2219.49
381	0.353472	-2220.99
382	0.369433	-2471.73
383	0.358757	-2321.41
384	0.366755	-2493.99
385	0.356938	-2287.03
386	0.359465	-2350.48
387	0.363819	-2347.22
388	0.362124	-2413.74
389	0.360563	-2350.01
390	0.369557	-2426.12
391	0.371061	-2459.51
392	0.364039	-2379.49
393	0.361932	-2377.43
394	0.358409	-2305.93
395	0.359278	-2368.64
396	0.362599	-2377.78
397	0.357679	-2321.64
398	0.35287	-2239.33
399	0.358651	-2283.85
400	0.354657	-2269.45
401	0.3603	-2325.86
402	0.35369	-2258.73
403	0.359353	-2278.95
404	0.371226	-2490.52
405	0.364582	-2365.5
406	0.361465	-2355.45
407	0.364972	-2373.75
408	0.348923	-2212.14
409	0.369224	-2436.68
410	0.360431	-2380.49
411	0.364698	-2397.39
412	0.360258	-2303.96
413	0.360937	-2352.83
414	0.356215	-2319.04
415	0.366558	-2462.78
416	0.353567	-2295.61
417	0.361183	-2368.5
418	0.362051	-2348.31
419	0.355448	-2263.45
420	0.364319	-2341.96
421	0.364546	-2338.39
422	0.358711	-2294.53
423	0.360131	-2303.79
424	0.370171	-2442.83
425	0.356722	-2302.3
426	0.361028	-2348.49
427	0.35357	-2216.29
428	0.36128	-2310.7
429	0.366874	-2444.47
430	0.367651	-2433.63
431	0.363437	-2363.34
432	0.358555	-2274.82
433	0.360845	-2296.54
434	0.366199	-2418.75
435	0.362394	-2388.3
436	0.350226	-2225.91
437	0.363158	-2390.81
438	0.357559	-2300.3
439	0.360248	-2379.24
440	0.360212	-2349.35
441	0.370122	-2491.4
442	0.366557	-2399.77
443	0.352847	-2232.07
444	0.364439	-2340.88
445	0.362949	-2367.19
446	0.352561	-2188.34
447	0.35527	-2266.25
448	0.355976	-2306.42
449	0.369626	-2451.12
450	0.358764	-2300.4
451	0.361319	-2372.15
452	0.357356	-2270.67
453	0.357726	-2280.24
454	0.359375	-2265.76
455	0.351682	-2233.6
456	0.362707	-2356.09
457	0.361365	-2352.44
458	0.361876	-2364.56
459	0.361967	-2367.84
460	0.358929	-2274.5
461	0.357533	-2313.5
462	0.354944	-2288.12
463	0.35992	-2287.82
464	0.360152	-2367.23
465	0.359582	-2279.85
466	0.352013	-2219.92
467	0.360999	-2372.81
468	0.363145	-2382.12
469	0.34834	-2195.82
470	0.361639	-2366.32
471	0.356469	-2304.31
472	0.358398	-2310.24
473	0.361723	-2397.28
474	0.362403	-2378.66
475	0.352539	-2236.95
476	0.360676	-2324.53
477	0.362285	-2359.1
478	0.361428	-2348.62
479	0.361932	-2365.05
480	0.35279	-2236.65
481	0.36292	-2402.93
482	0.358866	-2334.09
483	0.359154	-2345.12
484	0.371381	-2468.48
485	0.349198	-2200.97
486	0.365069	-2390.22
487	0.357397	-2305.43
488	0.364372	-2375.4
489	0.361772	-2324.46
490	0.35006	-2196.79
491	0.366392	-2420.99
492	0.359387	-2343.09
493	0.358929	-2292.79
494	0.36225	-2333.97
495	0.354778	-2254.9
496	0.365984	-2360.2
497	0.371698	-2448.03
498	0.358346	-2287.36
499	0.355059	-2250.36
500	0.350838	-2229.19
501	0.355021	-2280.26
502	0.371592	-2446.6
503	0.360907	-2310.81
504	0.360605	-2379.26
505	0.37404	-2490.42
506	0.363324	-2369.77
507	0.366119	-2392.84
508	0.360116	-2348.03
509	0.361646	-2354.31
510	0.348671	-2187.59
511	0.355754	-2278.08
512	0.363354	-2351.53
513	0.356659	-2255.95
514	0.363748	-2329.74
515	0.361956	-2317.8
516	0.366872	-2414.17
517	0.362583	-2365.41
518	0.351916	-2191.82
519	0.363625	-2374.41
520	0.359997	-2294.06
521	0.355583	-2282.21
522	0.358897	-2286.82
523	0.35759	-2296.34
524	0.368801	-2426.99
525	0.361337	-2384.86
526	0.365107	-2413.64
527	0.366007	-2355.71
528	0.358052	-2290.7
529	0.361823	-2373.13
530	0.358668	-2347.55
531	0.371627	-2500.67
532	0.361721	-2319.47
533	0.356302	-2296.6
534	0.361523	-2354.27
535	0.36544	-2416.75
536	0.364284	-2371.54
537	0.359541	-2310.65
538	0.359218	-2337.4
539	0.37548	-2523.64
540	0.366035	-2361.79
541	0.358028	-2314.85
542	0.35423	-2232.11
543	0.359895	-2298.36
544	0.364661	-2369.48
545	0.361023	-2368.74
546	0.36116	-2341.57
547	0.362621	-2341.37
548	0.355462	-2288.91
549	0.361335	-2368.43
550	0.35858	-2305.01
551	0.365178	-2382.87
552	0.364319	-2389.07
553	0.363459	-2388.66
554	0.364192	-2349.21
555	0.360795	-2350.16
556	0.363756	-2392.72
557	0.358851	-2341.61
558	0.362124	-2371.32
559	0.360274	-2311.18
560	0.354818	-2268.66
561	0.360408	-2365.82
562	0.355347	-2292.09
563	0.361832	-2317.61
564	0.366185	-2448.26
565	0.363208	-2369.06
566	0.361274	-2301.23
567	0.364701	-2363.28
568	0.362804	-2352.86
569	0.364008	-2397.03
570	0.360704	-2354.22
571	0.355554	-2251.64
572	0.352861	-2204.13
573	0.358099	-2278.43
574	0.356525	-2274.31
575	0.367639	-2446.65
576	0.363703	-2383.96
577	0.35394	-2296.54
578	0.360336	-2389.92
579	0.355387	-2289.99
580	0.363749	-2411.27
581	0.363877	-2406.46
582	0.366841	-2390.22
583	0.362533	-2376.13
584	0.358237	-2296.56
585	0.360003	-2292.03
586	0.356992	-2341.29
587	0.365693	-2403.87
588	0.353157	-2267.89
589	0.360269	-2332.6
590	0.355953	-2290.66
591	0.359508	-2316.39
592	0.360987	-2363.11
593	0.358257	-2295.25
594	0.362722	-2370.18
595	0.359695	-2321.86
596	0.357789	-2276.49
597	0.359055	-2333.51
598	0.359791	-2292.24
599	0.370961	-2464.44
600	0.359543	-2322.79
601	0.355054	-2261.11
602	0.355869	-2284.72
603	0.360784	-2384.82
604	0.365124	-2374.98
605	0.35688	-2300.51
606	0.356606	-2307.08
607	0.363816	-2368.31
608	0.353991	-2296.93
609	0.361911	-2335.62
610	0.36498	-2422.5
611	0.355205	-2265.99
612	0.366472	-2418.55
613	0.358962	-2295.96
614	0.353964	-2293.77
615	0.364592	-2343.53
616	0.362143	-2351.03
617	0.362001	-2346.24
618	0.36839	-2375.21
619	0.360129	-2326.35
620	0.359874	-2318.49
621	0.360437	-2329.47
622	0.35495	-2271.33
623	0.354955	-2249.92
624	0.358154	-2283.68
625	0.352947	-2211.42
626	0.360963	-2341.97
627	0.365798	-2359.23
628	0.353754	-2227.59
629	0.370153	-2442.24
630	0.356786	-2267.04
631	0.361741	-2361.58
632	0.365325	-2363.56
633	0.351794	-2258.44
634	0.36086	-2348.01
635	0.361132	-2347.58
636	0.360984	-2314.45
637	0.367558	-2393.78
638	0.361673	-2378.03
639	0.354161	-2257.51
640	0.358693	-2320.25
641	0.353176	-2272.81
642	0.361599	-2312.96
643	0.354028	-2270.35
644	0.365039	-2379.09
645	0.36075	-2338.97
646	0.358832	-2335.87
647	0.364131	-2370.24
648	0.355857	-2278
649	0.358557	-2293.01
650	0.360938	-2374.61
651	0.359248	-2309.24
652	0.35938	-2293.79
653	0.348356	-2213.75
654	0.357216	-2274.34
655	0.372522	-2506.93
656	0.359815	-2342.18
657	0.360845	-2350.97
658	0.360017	-2341.79
659	0.357303	-2335.45
660	0.367251	-2458.83
661	0.364162	-2394.37
662	0.360363	-2312.63
663	0.360214	-2361.3
664	0.360253	-2344.59
665	0.361307	-2349.23
666	0.359153	-2281.64
667	0.353569	-2238.64
668	0.358038	-2323.26
669	0.35681	-2311.94
670	0.3588	-2351.99
671	0.363723	-2399.65
672	0.359151	-2294.69
673	0.355516	-2331.64
674	0.359502	-2317.23
675	0.363164	-2334.99
676	0.355865	-2274.52
677	0.356144	-2299.05
678	0.359842	-2357.87
679	0.366803	-2392.81
680	0.359048	-2306.16
681	0.365141	-2432.32
682	0.35388	-2256.32
683	0.366632	-2397.55
684	0.356749	-2313.2
685	0.359496	-2338.38
686	0.364224	-2376.05
687	0.353267	-2272.53
688	0.35419	-2285.52
689	0.355255	-2284.27
690	0.356099	-2264.28
691	0.364809	-2407.85
692	0.371482	-2500.18
693	0.363869	-2345.46
694	0.347484	-2198.87
695	0.366961	-2417.95
696	0.360575	-2380.55
697	0.368181	-2440.41
698	0.362777	-2329.74
699	0.356028	-2283.87
700	0.362241	-2353.53
701	0.360756	-2320.78
702	0.359987	-2352.88
703	0.362824	-2384.27
704	0.360532	-2380.25
705	0.368165	-2421.45
706	0.363912	-2352.03
707	0.362361	-2352.04
708	0.352399	-2240.25
709	0.353666	-2225.2
710	0.362041	-2375.89
711	0.357493	-2283.21
712	0.360954	-2328.33
713	0.358161	-2249.05
714	0.350836	-2207.22
715	0.364162	-2375.31
716	0.357656	-2287.86
717	0.358598	-2316.13
718	0.360905	-2304.87
719	0.353119	-2233.98
720	0.363559	-2392.36
721	0.355801	-2310.64
722	0.356074	-2252.03
723	0.352802	-2245.15
724	0.349552	-2174.13
725	0.358835	-2357.87
726	0.360687	-2298.77
727	0.362779	-2302.77
728	0.362372	-2409.71
729	0.356859	-2260.44
730	0.361234	-2291.41
731	0.364066	-2404.44
732	0.362692	-2370.03
733	0.367153	-2402.51
734	0.362499	-2345.92
735	0.357728	-2294.25
736	0.35646	-2311.24
737	0.355539	-2288.67
738	0.359613	-2309.05
739	0.35411	-2271.68
740	0.352329	-2244.88
741	0.362905	-2360.6
742	0.364348	-2399.86
743	0.354853	-2279.32
744	0.363704	-2366.22
745	0.358213	-2321.26
746	0.361262	-2317.72
747	0.364744	-2358.88
748	0.353604	-2251.67
749	0.35445	-2267.16
750	0.359665	-2294.1
751	0.358567	-2324.91
752	0.367172	-2433.78
753	0.357041	-2280.93
754	0.35633	-2251.13
755	0.359643	-2312.77
756	0.357857	-2301.22
757	0.3546	-2248.53
758	0.355892	-2294.68
759	0.352297	-2244.11
760	0.355385	-2268.51
761	0.35921	-2353.25
762	0.354122	-2268.7
763	0.363402	-2402.34
764	0.358465	-2332.28
765	0.368633	-2411.69
766	0.361251	-2374.39
767	0.355142	-2249.06
768	0.367223	-2429.57
769	0.354608	-2265.35
770	0.362445	-2303.68
771	0.365482	-2410.09
772	0.363146	-2351.72
773	0.357532	-2260.5
774	0.354299	-2244.15
775	0.370113	-2457.42
776	0.360448	-2384.81
777	0.359888	-2361.25
778	0.358074	-2289.61
779	0.368574	-2409.91
780	0.355113	-2264.49
781	0.359175	-2324.81
782	0.366882	-2404.04
783	0.356232	-2311.06
784	0.355608	-2263.24
785	0.35364	-2243.13
786	0.359609	-2333.43
787	0.361533	-2390.98
788	0.364628	-2396.13
789	0.359856	-2302.72
790	0.358778	-2312.23
791	0.361268	-2314.28
792	0.353184	-2193.21
793	0.357065	-2260.3
794	0.361571	-2336.23
795	0.352319	-2222.23
796	0.35805	-2294.71
797	0.37029	-2513.6
798	0.358536	-2289.16
799	0.367136	-2418.97
800	0.347999	-2170.02
801	0.361352	-2403.63
802	0.366513	-2398.89
803	0.35501	-2271.5
804	0.35387	-2314.98
805	0.366306	-2448.71
806	0.359264	-2315.73
807	0.363064	-2358.93
808	0.357982	-2317.03
809	0.357383	-2270.58
810	0.352363	-2235.68
811	0.365129	-2444.81
812	0.361889	-2340.93
813	0.352812	-2232.26
814	0.363669	-2356.89
815	0.356454	-2231.75
816	0.359107	-2305.55
817	0.352995	-2217.07
818	0.356952	-2287.07
819	0.356412	-2284.47
820	0.349656	-2190.24
821	0.364799	-2386.98
822	0.36651	-2435.06
823	0.356565	-2283.43
824	0.349275	-2184
825	0.360686	-2341.91
826	0.362998	-2384.56
827	0.358803	-2317.6
828	0.350756	-2200.56
829	0.364638	-2384.13
830	0.35682	-2303.34
831	0.363752	-2404.92
832	0.356184	-2287.12
833	0.35984	-2286.8
834	0.357829	-2301.72
835	0.351825	-2248.15
836	0.365421	-2401.94
837	0.354431	-2291.16
838	0.366841	-2433.36
839	0.359978	-2356.66
840	0.358617	-2311.23
841	0.358957	-2351.78
842	0.360437	-2363.35
843	0.357871	-2279.84
844	0.362794	-2394.38
845	0.366073	-2369.92
846	0.371408	-2470.11
847	0.36049	-2328.78
848	0.36056	-2361.14
849	0.366309	-2430.26
850	0.357118	-2319.46
851	0.358177	-2293.85
852	0.364053	-2384.29
853	0.359785	-2311.46
854	0.360228	-2333.81
855	0.356689	-2294.42
856	0.368105	-2446.31
857	0.357676	-2295.83
858	0.349208	-2156.64
859	0.362067	-2359.09
860	0.352071	-2267.3
861	0.36463	-2397.49
862	0.370455	-2470.04
863	0.363014	-2346.32
864	0.361959	-2345.14
865	0.359828	-2331.02
866	0.362527	-2380.45
867	0.365023	-2417.68
868	0.368766	-2449.14
869	0.364612	-2407.49
870	0.357294	-2348.7
871	0.355859	-2291.8
872	0.353505	-2248.65
873	0.359245	-2336.81
874	0.356973	-2299.18
875	0.366035	-2408.98
876	0.353435	-2214.9
877	0.361948	-2353.53
878	0.361336	-2317.36
879	0.356663	-2321.41
880	0.363724	-2341.16
881	0.365687	-2413.44
882	0.358492	-2291.68
883	0.355206	-2288.88
884	0.3622	-2409.63
885	0.365363	-2391.43
886	0.365348	-2373.38
887	0.36415	-2397.99
888	0.365035	-2391.88
889	0.344081	-2132.49
890	0.360225	-2326.88
891	0.360559	-2341.32
892	0.354905	-2277.91
893	0.354245	-2257.46
894	0.360354	-2315.17
895	0.354464	-2267.39
896	0.374754	-2546.49
897	0.365233	-2418.63
898	0.368967	-2424.58
899	0.357794	-2299.79
900	0.352345	-2207.09
901	0.359072	-2272.35
902	0.358423	-2322.96
903	0.366375	-2431.77
904	0.36168	-2370.81
905	0.358992	-2307.2
906	0.364471	-2417.45
907	0.365485	-2407.38
908	0.363809	-2356.17
909	0.36207	-2350.85
910	0.363482	-2340.65
911	0.360295	-2367.89
912	0.364738	-2409.28
913	0.361801	-2377.81
914	0.364812	-2371.09
915	0.35443	-2240.63
916	0.365622	-2406.9
917	0.365422	-2362.78
918	0.353741	-2248.29
919	0.358535	-2328.33
920	0.359004	-2343.85
921	0.352901	-2261.61
922	0.369101	-2462.37
923	0.367062	-2425.43
924	0.361236	-2358.19
925	0.354301	-2261.98
926	0.352969	-2253.02
927	0.366241	-2387.36
928	0.359636	-2304.27
929	0.36225	-2372.2
930	0.350122	-2207.56
931	0.360581	-2364.74
932	0.366291	-2395.5
933	0.363309	-2384.14
934	0.354292	-2278.22
935	0.366125	-2364.08
936	0.357092	-2310.82
937	0.353863	-2252.15
938	0.349115	-2222.07
939	0.351595	-2197.33
940	0.355526	-2286.02
941	0.366591	-2404.51
942	0.357476	-2295.07
943	0.355441	-2319.94
944	0.363724	-2366.07
945	0.359354	-2299.67
946	0.35719	-2310.41
947	0.358886	-2317.24
948	0.360224	-2290.29
949	0.370688	-2467.28
950	0.354355	-2237
951	0.36418	-2378.15
952	0.35209	-2237.92
953	0.368895	-2443.72
954	0.357855	-2309.51
955	0.348485	-2175
956	0.359851	-2317.47
957	0.364518	-2392.03
958	0.355905	-2300.8
959	0.355614	-2248.62
960	0.35012	-2207.25
961	0.360209	-2383.77
962	0.367892	-2460.84
963	0.355376	-2235.62
964	0.362905	-2397.88
965	0.362133	-2383.7
966	0.362521	-2359.06
967	0.357937	-2330.85
968	0.366935	-2412.45
969	0.358244	-2302.19
970	0.355936	-2228.03
971	0.35438	-2326.1
972	0.360734	-2342.54
973	0.355961	-2193.92
974	0.357169	-2315.45
975	0.358884	-2286.89
976	0.364834	-2413.11
977	0.358906	-2304.65
978	0.360585	-2370.09
979	0.357918	-2286.78
980	0.361311	-2337.81
981	0.359448	-2345.16
982	0.371894	-2482.34
983	0.362316	-2391.05
984	0.360156	-2324.37
985	0.364442	-2332.39
986	0.361183	-2380.73
987	0.362294	-2315.84
988	0.360181	-2288.11
989	0.357351	-2322.35
990	0.356429	-2305.3
991	0.363371	-2418.96
992	0.357987	-2337.63
993	0.361795	-2387.29
994	0.36128	-2334.13
995	0.356109	-2242.62
996	0.359353	-2318.02
997	0.354008	-2274.01
998	0.357891	-2345.35
999	0.355796	-2205.72
1000	0.366546	-2448.96
1001	0.358531	-2342.23
1002	0.35391	-2305.02
1003	0.361676	-2348.07
1004	0.365995	-2381.56
1005	0.355201	-2306.98
1006	0.365244	-2383.59
1007	0.364003	-2398.4
1008	0.357742	-2314.35
1009	0.353544	-2216.23
1010	0.358548	-2300.5
1011	0.360618	-2356.2
1012	0.360327	-2337.85
1013	0.36546	-2404.01
1014	0.366833	-2444.1
1015	0.358726	-2335.12
1016	0.366169	-2386.35
1017	0.364592	-2365.18
1018	0.360092	-2316.67
1019	0.366622	-2407.53
1020	0.352881	-2218.3
1021	0.3624	-2289.98
1022	0.366248	-2380.79
1023	0.365812	-2406.05
1024	0.375257	-2536.32
1025	0.361813	-2339.44
1026	0.359402	-2316.72
1027	0.361308	-2316.82
1028	0.355799	-2240.79
1029	0.351302	-2224.36
1030	0.363258	-2385.61
1031	0.365856	-2440.38
1032	0.360022	-2302.75
1033	0.357587	-2347.82
1034	0.359289	-2315.55
1035	0.348782	-2194.3
1036	0.372616	-2495.11
1037	0.363302	-2352.45
1038	0.364441	-2360.07
1039	0.367491	-2452.36
1040	0.361535	-2381.22
1041	0.366455	-2430.4
1042	0.357933	-2314.24
1043	0.34776	-2144.46
1044	0.359644	-2322.88
1045	0.357683	-2277.72
1046	0.358468	-2304.16
1047	0.367928	-2436.21
1048	0.362276	-2352.37
1049	0.363524	-2416.66
1050	0.360802	-2341.49
1051	0.35759	-2313.79
1052	0.357808	-2299.33
1053	0.364715	-2347.8
1054	0.357267	-2282.87
1055	0.359809	-2297.72
1056	0.358056	-2327.1
1057	0.369797	-2425.14
1058	0.352616	-2267.32
1059	0.365184	-2380.07
1060	0.364128	-2395.46
1061	0.3664	-2430.07
1062	0.359741	-2336.78
1063	0.363029	-2366.44
1064	0.357197	-2299.77
1065	0.354756	-2187.57
1066	0.363596	-2387.6
1067	0.367234	-2433.44
1068	0.35714	-2299.58
1069	0.361787	-2344.63
1070	0.364871	-2403.37
1071	0.361041	-2349.34
1072	0.361898	-2330.49
1073	0.359479	-2369.31
1074	0.354706	-2257.31
1075	0.360991	-2360.37
1076	0.357679	-2290.61
1077	0.362232	-2374.15
1078	0.35814	-2258.46
1079	0.358615	-2334.79
1080	0.361339	-2322.22
1081	0.35294	-2266.46
1082	0.359072	-2312.93
1083	0.362742	-2367.33
1084	0.370899	-2484.49
1085	0.361027	-2367.7
1086	0.368745	-2447.17
1087	0.358303	-2336.66
1088	0.361815	-2366.46
1089	0.360809	-2335.66
1090	0.365495	-2420.63
1091	0.358672	-2333.43
1092	0.360255	-2353.4
1093	0.358177	-2294.01
1094	0.359306	-2330.17
1095	0.356639	-2277.75
1096	0.354715	-2278.87
1097	0.356679	-2288.87
1098	0.356243	-2258.86
1099	0.364053	-2378.09
1100	0.359137	-2354.35
1101	0.35145	-2220.01
1102	0.354526	-2279.27
1103	0.358665	-2260.29
1104	0.365417	-2402.43
1105	0.374806	-2526.29
1106	0.360821	-2343.39
1107	0.356169	-2305.31
1108	0.358094	-2325.57
1109	0.356881	-2290.46
1110	0.361168	-2398.49
1111	0.361049	-2336.02
1112	0.370811	-2443.29
1113	0.356652	-2262.74
1114	0.355217	-2315.22
1115	0.355769	-2234.26
1116	0.35704	-2310.22
1117	0.365409	-2411.78
1118	0.365514	-2419.88
1119	0.364965	-2393.47
1120	0.364248	-2342.18
1121	0.347061	-2126.53
1122	0.368095	-2432.67
1123	0.366733	-2449.46
1124	0.363829	-2355.59
1125	0.356841	-2279.68
1126	0.363929	-2387.08
1127	0.358173	-2294.38
1128	0.365449	-2403.1
1129	0.354665	-2322.97
1130	0.362222	-2386.1
1131	0.356783	-2249.04
1132	0.352554	-2219.07
1133	0.360539	-2317.21
1134	0.35466	-2286.19
1135	0.359017	-2332.7
1136	0.368503	-2420.4
1137	0.356917	-2276.5
1138	0.357598	-2331.26
1139	0.361315	-2281.32
1140	0.362384	-2327.1
1141	0.36005	-2325.65
1142	0.362047	-2333.11
1143	0.357829	-2269.12
1144	0.363969	-2391.1
1145	0.364014	-2404.24
1146	0.359819	-2379.48
1147	0.356538	-2298.81
1148	0.36842	-2432.05
1149	0.355897	-2282.73
1150	0.348683	-2190.25
1151	0.35953	-2321.13
1152	0.361056	-2337.31
1153	0.356892	-2310.7
1154	0.352607	-2227.49
1155	0.360848	-2333.63
1156	0.359473	-2337.54
1157	0.372874	-2503.73
1158	0.359554	-2311.78
1159	0.352716	-2240.14
1160	0.357646	-2257.84
1161	0.353435	-2247.58
1162	0.356627	-2290.52
1163	0.364458	-2393.91
1164	0.361954	-2353.84
1165	0.349599	-2161.62
1166	0.362877	-2366.32
1167	0.354205	-2273.92
1168	0.361085	-2320.54
1169	0.358491	-2358
1170	0.347924	-2157.1
1171	0.348768	-2160.09
1172	0.355807	-2310.35
1173	0.362971	-2357.92
1174	0.349767	-2144.53
1175	0.360953	-2320.51
1176	0.352297	-2236.36
1177	0.366243	-2451.63
1178	0.360835	-2350.26
1179	0.363821	-2382.74
1180	0.359609	-2322.76
1181	0.365643	-2411.72
1182	0.356987	-2305.15
1183	0.353647	-2255.27
1184	0.376379	-2560.37
1185	0.35789	-2292.11
1186	0.357215	-2263.23
1187	0.36209	-2330.62
1188	0.366325	-2411.72
1189	0.356881	-2263.07
1190	0.360849	-2310.45
1191	0.362431	-2382.61
1192	0.363185	-2418.31
1193	0.366804	-2411.3
1194	0.359546	-2306.27
1195	0.365011	-2416.69
1196	0.360167	-2354.55
1197	0.359492	-2320.76
1198	0.369632	-2442.38
1199	0.368849	-2428.34
1200	0.367417	-2426.59
1201	0.362876	-2368.89
1202	0.362507	-2371.58
1203	0.359057	-2322.06
1204	0.360744	-2303.51
1205	0.36141	-2368.34
1206	0.357119	-2280.69
1207	0.35765	-2272.23
1208	0.36573	-2410.7
1209	0.349221	-2194.62
1210	0.364165	-2350.18
1211	0.358582	-2311.68
1212	0.356566	-2301.69
1213	0.354447	-2218.75
1214	0.361049	-2325.31
1215	0.359959	-2259.7
1216	0.366068	-2455.45
1217	0.35165	-2243.67
1218	0.358915	-2268.2
1219	0.373463	-2564.53
1220	0.357114	-2306.6
1221	0.366277	-2365.23
1222	0.352193	-2231.56
1223	0.365146	-2398.72
1224	0.359472	-2328.45
1225	0.362314	-2344.09
1226	0.3603	-2341.61
1227	0.355882	-2288.83
1228	0.355831	-2284.44
1229	0.359216	-2300.42
1230	0.368709	-2470.82
1231	0.362808	-2395.8
1232	0.362762	-2361.31
1233	0.353341	-2219.47
1234	0.356527	-2276.02
1235	0.362524	-2360.41
1236	0.358992	-2299.35
1237	0.36752	-2406.11
1238	0.354499	-2232.88
1239	0.36399	-2348.48
1240	0.371447	-2534.15
1241	0.357344	-2326.66
1242	0.365655	-2440.93
1243	0.354469	-2270.11
1244	0.361681	-2333.89
1245	0.362875	-2361.2
1246	0.359916	-2338.36
1247	0.363598	-2377.91
1248	0.363069	-2312.71
1249	0.348656	-2179.35
1250	0.356414	-2256.34
1251	0.351109	-2234.46
1252	0.353386	-2271.86
1253	0.353515	-2281.14
1254	0.363002	-2362.03
1255	0.351351	-2181.81
1256	0.357084	-2321.02
1257	0.358079	-2271.99
1258	0.362925	-2359.59
1259	0.36258	-2341.32
1260	0.353848	-2182.92
1261	0.357989	-2293.77
1262	0.353377	-2248.23
1263	0.354848	-2281.47
1264	0.36215	-2397.52
1265	0.358516	-2266.44
1266	0.358206	-2360.08
1267	0.354621	-2245.24
1268	0.368044	-2459.91
1269	0.36461	-2420.35
1270	0.356484	-2276.16
1271	0.358606	-2322.93
1272	0.356305	-2316.26
1273	0.368784	-2449.42
1274	0.362025	-2356.81
1275	0.361061	-2348.08
1276	0.358426	-2282.07
1277	0.370318	-2450.05
1278	0.367376	-2390.38
1279	0.362423	-2388.62
1280	0.359964	-2344.62
1281	0.356281	-2345.51
1282	0.359229	-2318.52
1283	0.356336	-2255.48
1284	0.353135	-2210.49
1285	0.363147	-2393.85
1286	0.370205	-2434.06
1287	0.356699	-2231.39
1288	0.366492	-2432.6
1289	0.361479	-2355.12
1290	0.351704	-2222.99
1291	0.358009	-2307.6
1292	0.367649	-2361.06
1293	0.362098	-2406.27
1294	0.373484	-2488.09
1295	0.354795	-2257.19
1296	0.357475	-2318.15
1297	0.3589	-2341.59
1298	0.357521	-2305.97
1299	0.360254	-2305.86
1300	0.35268	-2230.72
1301	0.356508	-2274.91
1302	0.362592	-2348.39
1303	0.360855	-2364.9
1304	0.359758	-2327.15
1305	0.35954	-2286.86
1306	0.365601	-2419.4
1307	0.363348	-2351.98
1308	0.363984	-2381.07
1309	0.368066	-2464.4
1310	0.361394	-2366.58
1311	0.368363	-2413.96
1312	0.363495	-2355.56
1313	0.352988	-2264.27
1314	0.364668	-2374.16
1315	0.360274	-2364.67
1316	0.360996	-2351.42
1317	0.361067	-2371.73
1318	0.359695	-2335.37
1319	0.35574	-2261.83
1320	0.35768	-2310.58
1321	0.361685	-2392.02
1322	0.359491	-2339.49
1323	0.361515	-2324.61
1324	0.358672	-2329.55
1325	0.354644	-2270.92
1326	0.363967	-2317.67
1327	0.358826	-2308.46
1328	0.357147	-2325.76
1329	0.358784	-2264.52
1330	0.354133	-2247.19
1331	0.364927	-2470.31
1332	0.357813	-2240.23
1333	0.357967	-2309.52
1334	0.363108	-2363.36
1335	0.364325	-2420.35
1336	0.360977	-2353.67
1337	0.359967	-2339.89
1338	0.36013	-2357.51
1339	0.367673	-2422.61
1340	0.361526	-2352.46
1341	0.353519	-2294.22
1342	0.360118	-2346.03
1343	0.361303	-2322.81
1344	0.365019	-2376.05
1345	0.364838	-2362.6
1346	0.357699	-2291.28
1347	0.361077	-2302.94
1348	0.362232	-2369.87
1349	0.356439	-2275.72
1350	0.345532	-2146.01
1351	0.363961	-2447.33
1352	0.35647	-2272.3
1353	0.362037	-2323.54
1354	0.355378	-2285.7
1355	0.359201	-2318.63
1356	0.354521	-2282.83
1357	0.358966	-2307.71
1358	0.362393	-2346.93
1359	0.369929	-2458.86
1360	0.36542	-2387.35
1361	0.370422	-2494.42
1362	0.359313	-2289.06
1363	0.36819	-2457.1
1364	0.352089	-2265.21
1365	0.355049	-2271.54
1366	0.36456	-2381.17
1367	0.362636	-2320.31
1368	0.36748	-2458.46
1369	0.359741	-2335.06
1370	0.35871	-2330.69
1371	0.364696	-2374.94
1372	0.358436	-2358.87
1373	0.36154	-2353.75
1374	0.366797	-2426.47
1375	0.359864	-2348.03
1376	0.362262	-2378.88
1377	0.360127	-2349.2
1378	0.360343	-2328.51
1379	0.359103	-2291.79
1380	0.362479	-2365
1381	0.368684	-2440.81
1382	0.364726	-2377.52
1383	0.36049	-2307.75
1384	0.365663	-2424.9
1385	0.367423	-2448.41
1386	0.360031	-2298.05
1387	0.360204	-2353.18
1388	0.365265	-2417.45
1389	0.368521	-2463
1390	0.352002	-2216.7
1391	0.358152	-2311.71
1392	0.357125	-2316.75
1393	0.357698	-2305.14
1394	0.365909	-2405.29
1395	0.358822	-2300.75
1396	0.364622	-2416.35
1397	0.361594	-2354.85
1398	0.36291	-2405.47
1399	0.361647	-2323.65
1400	0.367837	-2416.59
1401	0.363867	-2343.86
1402	0.346543	-2145.99
1403	0.351581	-2261.92
1404	0.35585	-2255.57
1405	0.360885	-2368.49
1406	0.361672	-2371.85
1407	0.359643	-2311.75
1408	0.36692	-2421.28
1409	0.359172	-2338.75
1410	0.363326	-2398.09
1411	0.359099	-2313.92
1412	0.359336	-2329.76
1413	0.361191	-2377.23
1414	0.360893	-2350.52
1415	0.36713	-2452
1416	0.35756	-2293.67
1417	0.354567	-2220.25
1418	0.356045	-2295.45
1419	0.360763	-2296.78
1420	0.36207	-2384.23
1421	0.3705	-2503.03
1422	0.354069	-2235.09
1423	0.352084	-2250.87
1424	0.361872	-2367.95
1425	0.371415	-2472.38
1426	0.363231	-2349.28
1427	0.357816	-2321.39
1428	0.358737	-2327.11
1429	0.36112	-2340.64
1430	0.364514	-2380.44
1431	0.363696	-2418.43
1432	0.354431	-2273.66
1433	0.364743	-2385.04
1434	0.358965	-2364.87
1435	0.368465	-2395.32
1436	0.361031	-2381.21
1437	0.357947	-2271.88
1438	0.365896	-2398.52
1439	0.358919	-2330.37
1440	0.356528	-2332.97
1441	0.358602	-2327.22
1442	0.364899	-2402.64
1443	0.353646	-2311.34
1444	0.360232	-2308.98
1445	0.353645	-2253.73
1446	0.358328	-2269.16
1447	0.358855	-2313.96
1448	0.365502	-2352.44
1449	0.358543	-2303.86
1450	0.356715	-2241.98
1451	0.367442	-2450.02
1452	0.363207	-2319.29
1453	0.358715	-2316.08
1454	0.365741	-2373.25
1455	0.365779	-2471.8
1456	0.360284	-2352.57
1457	0.356351	-2258.04
1458	0.360197	-2306.17
1459	0.357397	-2292.61
1460	0.363597	-2415.42
1461	0.364582	-2329.92
1462	0.360159	-2312.25
1463	0.356969	-2313.89
1464	0.363963	-2345.09
1465	0.357431	-2296.56
1466	0.355599	-2279.4
1467	0.362666	-2384.65
1468	0.35508	-2207.37
1469	0.362018	-2345.35
1470	0.356296	-2243.37
1471	0.358212	-2268.31
1472	0.360961	-2348.46
1473	0.358045	-2301.03
1474	0.359771	-2350.09
1475	0.362795	-2362.88
1476	0.361649	-2389
1477	0.363219	-2371.5
1478	0.358252	-2326.53
1479	0.365088	-2400.53
1480	0.362665	-2358.71
1481	0.362544	-2340.5
1482	0.358294	-2338.96
1483	0.360424	-2364.84
1484	0.362618	-2373.27
1485	0.361378	-2310.65
1486	0.371029	-2467.44
1487	0.351248	-2168.38
1488	0.35265	-2199.17
1489	0.364799	-2448.58
1490	0.364299	-2368.59
1491	0.360211	-2319.99
1492	0.353021	-2160.31
1493	0.357414	-2326.3
1494	0.359633	-2336.92
1495	0.353252	-2232.37
1496	0.363723	-2398.25
1497	0.362549	-2367.49
1498	0.348457	-2184.56
1499	0.360426	-2304.49
1500	0.347156	-2165.96
1501	0.362372	-2368.87
1502	0.361779	-2360.57
1503	0.357204	-2326.63
1504	0.365871	-2362.85
1505	0.357997	-2276.63
1506	0.365879	-2390.15
1507	0.357335	-2286.16
1508	0.360907	-2344.65
1509	0.357382	-2287.21
1510	0.364012	-2396.72
1511	0.354698	-2256.6
1512	0.357849	-2289.11
1513	0.361475	-2348.65
1514	0.359312	-2330.4
1515	0.358038	-2307.66
1516	0.35673	-2243.64
1517	0.358701	-2299.41
1518	0.365087	-2411.35
1519	0.360607	-2305.89
1520	0.356231	-2317.86
1521	0.364774	-2393.36
1522	0.358654	-2287.94
1523	0.365643	-2446.73
1524	0.362865	-2344.78
1525	0.362068	-2374.99
1526	0.366185	-2399.83
1527	0.360074	-2292.64
1528	0.356985	-2280.47
1529	0.358629	-2310.15
1530	0.361641	-2320.23
1531	0.362273	-2361.23
1532	0.351614	-2245.55
1533	0.360415	-2354.65
1534	0.360011	-2334.92
1535	0.364344	-2357.26
1536	0.361146	-2337.17
1537	0.370593	-2437.99
1538	0.365309	-2418.52
1539	0.363074	-2388.96
1540	0.361447	-2327.96
1541	0.357286	-2301.8
1542	0.359094	-2360.78
1543	0.366017	-2410.3
1544	0.360035	-2318.21
1545	0.361236	-2338.89
1546	0.361577	-2324.7
1547	0.360036	-2298.77
1548	0.358923	-2336.95
1549	0.353574	-2276.23
1550	0.364395	-2417.47
1551	0.35826	-2332.14
1552	0.353015	-2262.02
1553	0.349531	-2197.4
1554	0.367219	-2434.13
1555	0.356152	-2277.32
1556	0.36322	-2361.76
1557	0.367535	-2432.96
1558	0.363124	-2354.08
1559	0.366839	-2456.08
1560	0.357298	-2317.34
1561	0.364619	-2412.34
1562	0.360139	-2299.38
1563	0.359646	-2293.92
1564	0.365185	-2409.39
1565	0.357887	-2279.66
1566	0.364467	-2372.2
1567	0.36775	-2414.13
1568	0.365919	-2430.1
1569	0.370356	-2413.05
1570	0.35926	-2325.27
1571	0.346588	-2206.13
1572	0.368828	-2461.59
1573	0.362684	-2333.22
1574	0.370268	-2499.39
1575	0.356927	-2305.45
1576	0.357498	-2278.66
1577	0.369074	-2440.1
1578	0.360621	-2361.61
1579	0.359008	-2313.44
1580	0.357483	-2280.37
1581	0.362811	-2352.84
1582	0.35096	-2224.13
1583	0.358861	-2341.51
1584	0.359277	-2277.94
1585	0.362489	-2368.75
1586	0.369771	-2474.54
1587	0.364259	-2400.81
1588	0.346298	-2147.5
1589	0.36739	-2391.57
1590	0.356007	-2235
1591	0.368885	-2453.33
1592	0.355778	-2259.8
1593	0.362971	-2360.06
1594	0.359719	-2312.34
1595	0.360825	-2350.12
1596	0.360348	-2300.12
1597	0.354086	-2243.92
1598	0.363545	-2351.69
1599	0.355823	-2254.32
1600	0.35094	-2227.31
1601	0.358801	-2314.45
1602	0.364793	-2397.83
1603	0.364836	-2405.07
1604	0.360131	-2332.06
1605	0.356409	-2291.57
1606	0.358891	-2282.65
1607	0.358384	-2303.11
1608	0.36061	-2335.65
1609	0.365104	-2423.68
1610	0.364594	-2365.99
1611	0.367343	-2452.27
1612	0.361998	-2368.75
1613	0.354514	-2284.31
1614	0.360057	-2345.35
1615	0.358746	-2304.64
1616	0.366315	-2393.89
1617	0.357858	-2272.19
1618	0.361837	-2399.98
1619	0.362381	-2354.52
1620	0.366294	-2412.67
1621	0.3585	-2341.85
1622	0.359096	-2309.43
1623	0.356337	-2300.06
1624	0.362833	-2359.27
1625	0.359747	-2291.67
1626	0.354949	-2236.2
1627	0.356738	-2266.61
1628	0.368429	-2451.79
1629	0.360655	-2364.25
1630	0.356473	-2299.82
1631	0.361182	-2359.65
1632	0.367626	-2385.71
1633	0.359584	-2301.56
1634	0.370266	-2473.55
1635	0.352278	-2206.82
1636	0.362738	-2361.23
1637	0.358172	-2304.16
1638	0.361942	-2284.93
1639	0.36407	-2440.99
1640	0.35441	-2244.36
1641	0.359534	-2305.4
1642	0.366431	-2414.87
1643	0.359745	-2359.42
1644	0.360661	-2357.7
1645	0.3609	-2346.13
1646	0.349562	-2216.88
1647	0.350217	-2216.05
1648	0.358728	-2338.32
1649	0.35586	-2303.37
1650	0.362564	-2333.68
1651	0.357428	-2274.61
1652	0.357061	-2282.61
1653	0.362028	-2356.53
1654	0.360544	-2345.3
1655	0.352986	-2263.41
1656	0.363399	-2368.97
1657	0.359414	-2298.6
1658	0.36093	-2337
1659	0.359032	-2363.66
1660	0.350712	-2212.71
1661	0.364625	-2332.21
1662	0.368283	-2440.62
1663	0.36027	-2366.62
1664	0.360802	-2345.23
1665	0.351971	-2197.62
1666	0.35681	-2276.02
1667	0.364497	-2342.48
1668	0.364648	-2379.81
1669	0.358316	-2297.53
1670	0.354325	-2266.2
1671	0.360947	-2333.55
1672	0.361244	-2364.81
1673	0.359611	-2271.55
1674	0.358127	-2236.28
1675	0.354111	-2232.97
1676	0.357607	-2303.66
1677	0.35853	-2337.45
1678	0.355163	-2272.69
1679	0.345575	-2138.02
1680	0.357952	-2289.56
1681	0.354959	-2278.51
1682	0.358686	-2264.01
1683	0.364116	-2415.15
1684	0.360558	-2295.82
1685	0.354953	-2282.99
1686	0.361492	-2327.01
1687	0.35951	-2282.25
1688	0.357631	-2300.6
1689	0.353487	-2236.99
1690	0.366567	-2406.34
1691	0.363258	-2373.39
1692	0.358062	-2334.07
1693	0.366744	-2405.86
1694	0.357218	-2291.53
1695	0.360611	-2333.64
1696	0.357516	-2290.13
1697	0.350537	-2189.03
1698	0.358618	-2322.69
1699	0.36743	-2434.02
1700	0.356514	-2278.39
1701	0.362667	-2399.1
1702	0.362252	-2363.74
1703	0.356711	-2286.83
1704	0.36425	-2364.29
1705	0.363149	-2413.79
1706	0.365901	-2406.91
1707	0.367279	-2457.25
1708	0.372885	-2469.43
1709	0.355818	-2253.01
1710	0.358285	-2296.1
1711	0.358294	-2322.04
1712	0.356794	-2286.76
1713	0.351641	-2207.39
1714	0.362606	-2366.17
1715	0.359154	-2301.38
1716	0.366219	-2450.28
1717	0.349603	-2269.96
1718	0.360493	-2310.57
1719	0.35557	-2266.76
1720	0.359363	-2330.32
1721	0.365103	-2345.98
1722	0.362238	-2411.08
1723	0.357745	-2287.64
1724	0.355429	-2232.15
1725	0.359515	-2333.32
1726	0.351742	-2232.42
1727	0.354346	-2276.05
1728	0.373197	-2485.14
1729	0.347591	-2161.37
1730	0.359548	-2343.48
1731	0.356715	-2260.76
1732	0.360243	-2269.74
1733	0.368324	-2429.06
1734	0.352258	-2247.04
1735	0.363609	-2358.93
1736	0.360295	-2328.19
1737	0.360707	-2401.41
1738	0.358179	-2357.65
1739	0.359273	-2274.83
1740	0.361731	-2354.91
1741	0.361247	-2331.1
1742	0.358201	-2266.72
1743	0.368426	-2440.47
1744	0.357625	-2294.87
1745	0.362996	-2347.63
1746	0.362641	-2347.65
1747	0.358354	-2329.32
1748	0.358456	-2369.58
1749	0.370239	-2454.94
1750	0.362331	-2389.32
1751	0.359578	-2299.29
1752	0.360048	-2317.93
1753	0.362681	-2373.6
1754	0.362308	-2366.09
1755	0.356162	-2239.54
1756	0.359995	-2335.69
1757	0.353672	-2240.48
1758	0.367113	-2430.75
1759	0.36954	-2444.83
1760	0.368812	-2428.02
1761	0.3577	-2304.94
1762	0.352761	-2260.43
1763	0.363115	-2415
1764	0.361133	-2384.7
1765	0.365146	-2368.12
1766	0.362368	-2326.11
1767	0.355021	-2254.31
1768	0.361123	-2283.12
1769	0.35901	-2398.87
1770	0.365066	-2392.06
1771	0.361998	-2400.62
1772	0.360428	-2366.59
1773	0.350525	-2218.62
1774	0.358724	-2283.79
1775	0.360666	-2351.18
1776	0.353221	-2268.96
1777	0.36588	-2406.6
1778	0.356772	-2289.84
1779	0.364134	-2400
1780	0.369488	-2446.91
1781	0.361343	-2357.74
1782	0.370258	-2450.98
1783	0.356467	-2246.53
1784	0.35732	-2298.13
1785	0.370459	-2466.49
1786	0.353722	-2246.78
1787	0.357964	-2291.84
1788	0.361214	-2346.25
1789	0.359302	-2326.88
1790	0.358412	-2324.62
1791	0.35644	-2274.44
1792	0.360899	-2319.22
1793	0.360548	-2359.39
1794	0.36218	-2378.45
1795	0.364764	-2391.17
1796	0.366281	-2439.96
1797	0.35965	-2319.81
1798	0.359993	-2325.94
1799	0.357716	-2272.3
1800	0.354059	-2270.44
1801	0.356242	-2258.31
1802	0.359807	-2329.72
1803	0.361244	-2343.31
1804	0.359309	-2331.96
1805	0.365908	-2388.05
1806	0.361514	-2363.18
1807	0.360326	-2344.03
1808	0.363085	-2381.66
1809	0.362967	-2374.59
1810	0.356573	-2306.55
1811	0.357994	-2323.4
1812	0.362788	-2372.44
1813	0.354377	-2297.14
1814	0.36715	-2429.58
1815	0.360937	-2382.35
1816	0.365618	-2410.72
1817	0.363765	-2336.16
1818	0.354099	-2264.55
1819	0.36393	-2402.7
1820	0.364212	-2351.41
1821	0.366342	-2422.83
1822	0.363494	-2332.77
1823	0.354298	-2296.23
1824	0.352264	-2207.04
1825	0.364221	-2375.21
1826	0.358831	-2286.11
1827	0.361928	-2370.84
1828	0.368508	-2413.73
1829	0.364875	-2391.38
1830	0.358278	-2288.35
1831	0.365532	-2401.06
1832	0.356065	-2280.59
1833	0.355889	-2287.14
1834	0.346075	-2196.67
1835	0.35698	-2261.65
1836	0.356143	-2280.26
1837	0.363104	-2355.69
1838	0.362066	-2332.04
1839	0.360602	-2347.18
1840	0.362033	-2372.37
1841	0.357642	-2329.54
1842	0.353867	-2250.24
1843	0.353711	-2221.97
1844	0.354119	-2247.88
1845	0.362485	-2344.96
1846	0.366473	-2412.76
1847	0.366782	-2435.28
1848	0.36441	-2392.02
1849	0.360005	-2341.84
1850	0.361642	-2355.07
1851	0.364969	-2360.77
1852	0.364507	-2375.23
1853	0.364454	-2402.63
1854	0.361852	-2344.69
1855	0.352213	-2263.79
1856	0.358119	-2314.82
1857	0.369708	-2421.71
1858	0.360953	-2391.99
1859	0.360812	-2312.09
1860	0.359342	-2304.98
1861	0.365007	-2395.4
1862	0.363551	-2376.55
1863	0.357138	-2292.63
1864	0.358657	-2304.72
1865	0.351443	-2215.3
1866	0.363036	-2334.92
1867	0.364473	-2382.82
1868	0.358803	-2291.17
1869	0.352258	-2254.13
1870	0.360418	-2297.49
1871	0.363046	-2345.53
1872	0.358052	-2283.81
1873	0.361763	-2316.65
1874	0.361385	-2376.28
1875	0.363532	-2383.89
1876	0.361688	-2366.22
1877	0.360856	-2333.84
1878	0.34935	-2230.44
1879	0.352656	-2209.9
1880	0.359641	-2310.64
1881	0.36406	-2347.08
1882	0.358965	-2396.06
1883	0.365531	-2423.56
1884	0.358229	-2296.56
1885	0.369183	-2465.89
1886	0.358814	-2323.68
1887	0.358204	-2308.54
1888	0.367295	-2426.67
1889	0.357503	-2270.55
1890	0.359279	-2293.01
1891	0.36089	-2388.51
1892	0.353323	-2258.98
1893	0.360837	-2308.58
1894	0.359378	-2328.63
1895	0.359285	-2316.91
1896	0.366116	-2459.43
1897	0.367794	-2446.46
1898	0.352342	-2244.78
1899	0.354453	-2265.93
1900	0.363643	-2355.85
1901	0.358223	-2339.32
1902	0.355285	-2214.9
1903	0.357404	-2298.81
1904	0.363668	-2376.77
1905	0.360794	-2307.36
1906	0.354695	-2241.69
1907	0.361571	-2373.67
1908	0.363573	-2339.17
1909	0.364294	-2410.43
1910	0.358438	-2330.29
1911	0.356197	-2242.14
1912	0.363391	-2400.54
1913	0.356885	-2263.79
1914	0.365974	-2440.92
1915	0.364009	-2353.16
1916	0.360689	-2353.82
1917	0.367965	-2459.41
1918	0.353014	-2216.22
1919	0.360944	-2326.74
1920	0.360813	-2351.45
1921	0.361273	-2359.54
1922	0.367071	-2438.25
1923	0.358189	-2288.19
1924	0.359216	-2305.47
1925	0.359684	-2331.78
1926	0.360199	-2356.44
1927	0.359441	-2339.55
1928	0.361288	-2330.68
1929	0.364412	-2413.54
1930	0.363505	-2356.53
1931	0.361762	-2391.75
1932	0.365011	-2405.92
1933	0.349009	-2173.62
1934	0.355474	-2271.72
1935	0.357504	-2332.38
1936	0.369542	-2456.11
1937	0.357768	-2313.49
1938	0.363029	-2367.13
1939	0.352	-2205.24
1940	0.363649	-2322.12
1941	0.370917	-2451.98
1942	0.363513	-2364.77
1943	0.363662	-2378.01
1944	0.3638	-2381.87
1945	0.358649	-2305.27
1946	0.362273	-2317.29
1947	0.358522	-2321.12
1948	0.353743	-2258.93
1949	0.356859	-2285.38
1950	0.365341	-2425.53
1951	0.357069	-2299.1
1952	0.36564	-2401.33
1953	0.354661	-2271.67
1954	0.365879	-2419.93
1955	0.357552	-2272.51
1956	0.356296	-2256.17
1957	0.365275	-2396.57
1958	0.366894	-2444.26
1959	0.359946	-2325.42
1960	0.366006	-2370.1
1961	0.355068	-2287.87
1962	0.360473	-2317.46
1963	0.366146	-2400.7
1964	0.365184	-2377.56
1965	0.357797	-2267.86
1966	0.362269	-2316.57
1967	0.349783	-2186.44
1968	0.358967	-2354.87
1969	0.367392	-2430.63
1970	0.365635	-2417.72
1971	0.360369	-2355.88
1972	0.359326	-2318.97
1973	0.359026	-2320.94
1974	0.361663	-2304.41
1975	0.363677	-2384.53
1976	0.361109	-2346.53
1977	0.355927	-2276.86
1978	0.361821	-2373.17
1979	0.359102	-2289.36
1980	0.363881	-2435.97
1981	0.361609	-2355.77
1982	0.365409	-2403.52
1983	0.369768	-2442.71
1984	0.359637	-2335.36
1985	0.355407	-2277.03
1986	0.36632	-2429.45
1987	0.366439	-2393.94
1988	0.352095	-2216.79
1989	0.362214	-2337.75
1990	0.35963	-2343.38
1991	0.366246	-2445.02
1992	0.358653	-2290.64
1993	0.36145	-2378.91
1994	0.361638	-2368.72
1995	0.361924	-2372.66
1996	0.357362	-2280.75
1997	0.359008	-2317.51
1998	0.358519	-2332.04
1999	0.370737	-2460.06
2000	0.367699	-2443.7
2001	0.361838	-2364.94
2002	0.357186	-2260.52
2003	0.358341	-2283.1
2004	0.354205	-2288.58
2005	0.360968	-2360.31
2006	0.362838	-2360.74
2007	0.360429	-2357.16
2008	0.357551	-2302.54
2009	0.356593	-2308.81
2010	0.360545	-2316.21
2011	0.369724	-2420.31
2012	0.35516	-2258.28
2013	0.36134	-2355.84
2014	0.352608	-2235.89
2015	0.348281	-2180.97
2016	0.364528	-2409.09
2017	0.354278	-2257.78
2018	0.362488	-2391.15
2019	0.362842	-2355.39
2020	0.367458	-2451.08
2021	0.364063	-2384.49
2022	0.361421	-2319.93
2023	0.365401	-2379.65
2024	0.361538	-2303.98
2025	0.36064	-2318.48
2026	0.351702	-2261.6
2027	0.361603	-2397.72
2028	0.37278	-2502.59
2029	0.36581	-2369.99
2030	0.349793	-2150.77
2031	0.364877	-2415.02
2032	0.354448	-2284.62
2033	0.357789	-2351.6
2034	0.363651	-2380.12
2035	0.367761	-2391.81
2036	0.361138	-2399.13
2037	0.359034	-2318.73
2038	0.357517	-2288.69
2039	0.355431	-2262.51
2040	0.359109	-2337.55
2041	0.356514	-2331.11
2042	0.358278	-2334.92
2043	0.363409	-2348.52
2044	0.362432	-2333.95
2045	0.357245	-2266.8
2046	0.362498	-2358.07
2047	0.365763	-2429.41
2048	0.359526	-2374.13
2049	0.36382	-2370.28
2050	0.359594	-2313.22
2051	0.35762	-2359.21
2052	0.358166	-2329.59
2053	0.361114	-2316.03
2054	0.358297	-2329.57
2055	0.361865	-2398.25
2056	0.358931	-2289.02
2057	0.357717	-2284.05
2058	0.362713	-2335.72
2059	0.35573	-2267.77
2060	0.360062	-2311.36
2061	0.366672	-2425.67
2062	0.359684	-2322.64
2063	0.356084	-2253.36
2064	0.366572	-2479.41
2065	0.351496	-2225.51
2066	0.365882	-2477.99
2067	0.360994	-2336.3
2068	0.358451	-2270.18
2069	0.362114	-2367.56
2070	0.362002	-2392.38
2071	0.357036	-2273.49
2072	0.356036	-2257.45
2073	0.361264	-2338.02
2074	0.353939	-2219.27
2075	0.364146	-2362.92
2076	0.358232	-2310.46
2077	0.353624	-2227.93
2078	0.36015	-2376.88
2079	0.357693	-2305.19
2080	0.36569	-2422.61
2081	0.350916	-2172.64
2082	0.364915	-2395.58
2083	0.365053	-2390.29
2084	0.367913	-2417.21
2085	0.365494	-2354.82
2086	0.356816	-2305.55
2087	0.360391	-2352.75
2088	0.353652	-2235.32
2089	0.360863	-2311.52
2090	0.364036	-2371.59
2091	0.364667	-2354.82
2092	0.362929	-2368.8
2093	0.359619	-2306.19
2094	0.35563	-2234.08
2095	0.362723	-2342.92
2096	0.354969	-2245.11
2097	0.357784	-2288.59
2098	0.362437	-2395.82
2099	0.366969	-2375.65
2100	0.363782	-2343.72
2101	0.357307	-2309.24
2102	0.359371	-2322.65
2103	0.366203	-2388.1
2104	0.358495	-2300.46
2105	0.360538	-2349.83
2106	0.3521	-2222.44
2107	0.353232	-2245.85
2108	0.362726	-2403.11
2109	0.356951	-2330.21
2110	0.363959	-2379.78
2111	0.361271	-2356.81
2112	0.348395	-2169.92
2113	0.358237	-2260.57
2114	0.361072	-2338.54
2115	0.361473	-2349.21
2116	0.368605	-2474.04
2117	0.355256	-2270.54
2118	0.362434	-2354.32
2119	0.361194	-2294.37
2120	0.360584	-2307.1
2121	0.358563	-2315.07
2122	0.359911	-2338.91
2123	0.353314	-2246.58
2124	0.358471	-2310.62
2125	0.360262	-2359.4
2126	0.352404	-2237.76
2127	0.350359	-2193.84
2128	0.362414	-2324.02
2129	0.361344	-2330.76
2130	0.363556	-2355.4
2131	0.363622	-2386.48
2132	0.3602	-2345.58
2133	0.356654	-2327
2134	0.362539	-2366.65
2135	0.361149	-2331.97
2136	0.363342	-2343.43
2137	0.359504	-2310.57
2138	0.363417	-2394.31
2139	0.361495	-2322.23
2140	0.359281	-2304.51
2141	0.36774	-2433.66
2142	0.353519	-2235.29
2143	0.356362	-2271.81
2144	0.357616	-2243.5
2145	0.359898	-2303.79
2146	0.362981	-2371.58
2147	0.368468	-2418.05
2148	0.359431	-2340.6
2149	0.351599	-2278.09
2150	0.350401	-2239.62
2151	0.357002	-2253.44
2152	0.368982	-2433.63
2153	0.359041	-2333.3
2154	0.357086	-2292.63
2155	0.365224	-2376.15
2156	0.360481	-2285.15
2157	0.363431	-2356.87
2158	0.363771	-2358.09
2159	0.349918	-2175.56
2160	0.363932	-2382.83
2161	0.356023	-2272.32
2162	0.360586	-2359.88
2163	0.355209	-2287.59
2164	0.362435	-2366.09
2165	0.358255	-2300.42
2166	0.367979	-2400.87
2167	0.361694	-2371.01
2168	0.364392	-2337.57
2169	0.361955	-2388.39
2170	0.364913	-2417.36
2171	0.361106	-2319.55
2172	0.355672	-2299.34
2173	0.356317	-2270.67
2174	0.359018	-2305.91
2175	0.363927	-2365.72
2176	0.364237	-2404.12
2177	0.360597	-2351.6
2178	0.352497	-2218.55
2179	0.365319	-2399.89
2180	0.358175	-2276.25
2181	0.355938	-2303.92
2182	0.354216	-2240.55
2183	0.361755	-2334.32
2184	0.36429	-2413.43
2185	0.356668	-2281.41
2186	0.35604	-2300.76
2187	0.367601	-2420.65
2188	0.351494	-2223.09
2189	0.356462	-2245.8
2190	0.362562	-2347.52
2191	0.358923	-2301.5
2192	0.355884	-2264.19
2193	0.35138	-2244.07
2194	0.358429	-2312.51
2195	0.361394	-2333.85
2196	0.355741	-2301.08
2197	0.357904	-2318.96
2198	0.363722	-2357.01
2199	0.362215	-2377.8
2200	0.357571	-2300.99
2201	0.365278	-2360.17
2202	0.361727	-2359.83
2203	0.354085	-2226.24
2204	0.352224	-2240.1
2205	0.352161	-2242.25
2206	0.362964	-2365.73
2207	0.35537	-2241.78
2208	0.366138	-2429.57
2209	0.361571	-2329.58
2210	0.359222	-2320.39
2211	0.366359	-2392.49
2212	0.359403	-2323.03
2213	0.355355	-2284.3
2214	0.364554	-2395.08
2215	0.361056	-2313.72
2216	0.360696	-2360.38
2217	0.359386	-2334.81
2218	0.351748	-2230.33
2219	0.363086	-2390.1
2220	0.362337	-2357.93
2221	0.363381	-2357.96
2222	0.359077	-2327.89
2223	0.36005	-2320.75
2224	0.361994	-2354.01
2225	0.351687	-2219.34
2226	0.360975	-2366.91
2227	0.361536	-2364.06
2228	0.360197	-2394.84
2229	0.355437	-2220.54
2230	0.360653	-2318.8
2231	0.366972	-2418.12
2232	0.363991	-2377.6
2233	0.361962	-2365.68
2234	0.364025	-2341.19
2235	0.360524	-2352.33
2236	0.361374	-2353.97
2237	0.363409	-2426.84
2238	0.36061	-2348.96
2239	0.353564	-2245.98
2240	0.360862	-2356.38
2241	0.35725	-2260.49
2242	0.357457	-2282.18
2243	0.369742	-2467.93
2244	0.362888	-2316.09
2245	0.363161	-2374.3
2246	0.359882	-2313.69
2247	0.358521	-2284.55
2248	0.370849	-2465
2249	0.360537	-2356.88
2250	0.363781	-2323.04
2251	0.366326	-2419.36
2252	0.365138	-2406.76
2253	0.363039	-2405.33
2254	0.360188	-2312.37
2255	0.361579	-2338.04
2256	0.360541	-2341.36
2257	0.364022	-2420.44
2258	0.369669	-2466.22
2259	0.358532	-2250.49
2260	0.363318	-2363.41
2261	0.355712	-2237.71
2262	0.362731	-2336.01
2263	0.363361	-2361.71
2264	0.361492	-2376.61
2265	0.357297	-2280.75
2266	0.364451	-2407.18
2267	0.360831	-2353.91
2268	0.350441	-2199.34
2269	0.35883	-2299
2270	0.362738	-2358.58
2271	0.358665	-2316.72
2272	0.353811	-2228.83
2273	0.363761	-2418.56
2274	0.350575	-2259.74
2275	0.362217	-2362.34
2276	0.358153	-2287.76
2277	0.361644	-2308.81
2278	0.363472	-2340.83
2279	0.357406	-2313.94
2280	0.360645	-2308.5
2281	0.362276	-2393.3
2282	0.363029	-2361.07
2283	0.362964	-2343.86
2284	0.365066	-2371.66
2285	0.361618	-2381.83
2286	0.363048	-2381.85
2287	0.362506	-2348.84
2288	0.360418	-2311.58
2289	0.367156	-2398.65
2290	0.364527	-2417.17
2291	0.365211	-2404.21
2292	0.362517	-2351.58
2293	0.353079	-2227.98
2294	0.354227	-2266.76
2295	0.359075	-2330.78
2296	0.359702	-2330.41
2297	0.354453	-2278.26
2298	0.358889	-2315.63
2299	0.352621	-2294.95
2300	0.359163	-2330.38
2301	0.364999	-2403.46
2302	0.362144	-2362.15
2303	0.35954	-2309.23
2304	0.368624	-2429.69
2305	0.355413	-2283.02
2306	0.358802	-2364.04
2307	0.352685	-2270.42
2308	0.365811	-2421.91
2309	0.363621	-2414.6
2310	0.356258	-2265.14
2311	0.353943	-2189.66
2312	0.358804	-2309.8
2313	0.357842	-2322.33
2314	0.356964	-2298.2
2315	0.354283	-2296.42
2316	0.356606	-2308.71
2317	0.361485	-2352.09
2318	0.361407	-2380.76
2319	0.359908	-2354.99
2320	0.356237	-2279.8
2321	0.359494	-2333.39
2322	0.356953	-2303.94
2323	0.350244	-2229.45
2324	0.368113	-2418.18
2325	0.359003	-2304.78
2326	0.361061	-2328.19
2327	0.36379	-2357.49
2328	0.36314	-2347.39
2329	0.351951	-2209.62
2330	0.367891	-2420.96
2331	0.367607	-2468.26
2332	0.360047	-2350.8
2333	0.354623	-2273.34
2334	0.35363	-2230.53
2335	0.361328	-2334.16
2336	0.355496	-2335.7
2337	0.354153	-2250.49
2338	0.365178	-2394.77
2339	0.362433	-2349.49
2340	0.367436	-2418.06
2341	0.35818	-2267.25
2342	0.352857	-2216.69
2343	0.351508	-2239.43
2344	0.362112	-2370.31
2345	0.364483	-2411.8
2346	0.359286	-2310.86
2347	0.358757	-2300.58
2348	0.362329	-2380.63
2349	0.353962	-2233.85
2350	0.369713	-2425.39
2351	0.361942	-2357.76
2352	0.360084	-2314.58
2353	0.355297	-2283.79
2354	0.367174	-2419.33
2355	0.357893	-2319.43
2356	0.362122	-2326.52
2357	0.349294	-2187.97
2358	0.360735	-2320.52
2359	0.354646	-2293.32
2360	0.356258	-2277.96
2361	0.366033	-2421.39
2362	0.363802	-2403.46
2363	0.360884	-2328.95
2364	0.357489	-2291.73
2365	0.367023	-2441.28
2366	0.354955	-2299.04
2367	0.361169	-2302.93
2368	0.357236	-2322.26
2369	0.353943	-2253.56
2370	0.363131	-2368.72
2371	0.354696	-2275.54
2372	0.361271	-2329.05
2373	0.35099	-2215.75
2374	0.357938	-2285.06
2375	0.371755	-2451.75
2376	0.362554	-2341.83
2377	0.362671	-2339.42
2378	0.361084	-2338.82
2379	0.357575	-2277.88
2380	0.37039	-2445.55
2381	0.355421	-2302.22
2382	0.353512	-2266.83
2383	0.365792	-2366.82
2384	0.358618	-2335.18
2385	0.359684	-2311.51
2386	0.361254	-2354.04
2387	0.354822	-2249.51
2388	0.365155	-2408.05
2389	0.36276	-2365.5
2390	0.356914	-2340.9
2391	0.363924	-2396.83
2392	0.363645	-2391.41
2393	0.363807	-2400.6
2394	0.363063	-2342.51
2395	0.363693	-2387.59
2396	0.362116	-2381.73
2397	0.358113	-2309.62
2398	0.35998	-2330.06
2399	0.360019	-2308.85
2400	0.357137	-2269.94
2401	0.36242	-2341.01
2402	0.364504	-2367.4
2403	0.359836	-2354.94
2404	0.359197	-2317.81
2405	0.359901	-2309.48
2406	0.365748	-2401.9
2407	0.368155	-2432.77
2408	0.364986	-2358.39
2409	0.354563	-2224.66
2410	0.354378	-2257.32
2411	0.362866	-2398.58
2412	0.359804	-2341.95
2413	0.357876	-2283.38
2414	0.358067	-2332.04
2415	0.36454	-2426.41
2416	0.365734	-2387.06
2417	0.351365	-2225.66
2418	0.361623	-2319.08
2419	0.359577	-2303.75
2420	0.356217	-2298.83
2421	0.358958	-2285.99
2422	0.360665	-2318.1
2423	0.364726	-2392.83
2424	0.356369	-2287.65
2425	0.352593	-2271.86
2426	0.35271	-2283.66
2427	0.367724	-2422.77
2428	0.359659	-2348.62
2429	0.363023	-2402.04
2430	0.355438	-2264.54
2431	0.355713	-2238.99
2432	0.358896	-2339.23
2433	0.363498	-2335.88
2434	0.358644	-2309.89
2435	0.366389	-2376.58
2436	0.367558	-2413.7
2437	0.361458	-2370.96
2438	0.368054	-2440.1
2439	0.359517	-2277.52
2440	0.352355	-2213.82
2441	0.360962	-2317.09
2442	0.358376	-2327.27
2443	0.361687	-2350.91
2444	0.359409	-2340.85
2445	0.35025	-2201.35
2446	0.355462	-2288.71
2447	0.365768	-2409.41
2448	0.366285	-2427.13
2449	0.366513	-2434.42
2450	0.361568	-2372.78
2451	0.361238	-2402.7
2452	0.361795	-2363.33
2453	0.358059	-2293.46
2454	0.36742	-2426.19
2455	0.360806	-2327.01
2456	0.360541	-2323.21
2457	0.350394	-2226.06
2458	0.3498	-2210.68
2459	0.361167	-2365.55
2460	0.359847	-2299.62
2461	0.355626	-2269.95
2462	0.361924	-2381.71
2463	0.353645	-2196.91
2464	0.357545	-2254.29
2465	0.361381	-2315.44
2466	0.353719	-2231.73
2467	0.367028	-2398.71
2468	0.352147	-2251.76
2469	0.359451	-2292.73
2470	0.359131	-2320.42
2471	0.354953	-2275.08
2472	0.357783	-2285.78
2473	0.358028	-2269.8
2474	0.361032	-2369.02
2475	0.351349	-2190.74
2476	0.358167	-2283.32
2477	0.362062	-2391.47
2478	0.357656	-2336.69
2479	0.361108	-2397.2
2480	0.351778	-2249
2481	0.365255	-2368.21
2482	0.352071	-2225.32
2483	0.367086	-2426.82
2484	0.35815	-2309.06
2485	0.360888	-2372.1
2486	0.357606	-2297.29
2487	0.365962	-2411.34
2488	0.356212	-2275.25
2489	0.362062	-2376.05
2490	0.349067	-2214.95
2491	0.358449	-2331
2492	0.357421	-2277.23
2493	0.356688	-2246.55
2494	0.365134	-2429.59
2495	0.358424	-2335.97
2496	0.364316	-2389.78
2497	0.366906	-2453.25
2498	0.359632	-2315.28
2499	0.370973	-2443.18
2500	0.356477	-2266.95
2501	0.36379	-2356.12
2502	0.360037	-2323.44
2503	0.360614	-2307.98
2504	0.362679	-2330.05
2505	0.357195	-2299.19
2506	0.359762	-2322.88
2507	0.36273	-2365.97
2508	0.357985	-2345.2
2509	0.353682	-2251.56
2510	0.370585	-2463.85
2511	0.35657	-2321.49
2512	0.359928	-2333.67
2513	0.358387	-2266.77
2514	0.361045	-2331.1
2515	0.366249	-2390.57
2516	0.354482	-2259.18
2517	0.348633	-2173.38
2518	0.363713	-2393.12
2519	0.36105	-2357.01
2520	0.362219	-2412.58
2521	0.364023	-2417.31
2522	0.359271	-2301.8
2523	0.361367	-2341.83
2524	0.367384	-2400.55
2525	0.357306	-2273.93
2526	0.360201	-2301.37
2527	0.362647	-2344.3
2528	0.362253	-2351.66
2529	0.35887	-2304.59
2530	0.359537	-2338.84
2531	0.362259	-2413.61
2532	0.348639	-2192.01
2533	0.365544	-2392.97
2534	0.360138	-2372.61
2535	0.36537	-2450.44
2536	0.358763	-2327.87
2537	0.346493	-2136.58
2538	0.353677	-2241.23
2539	0.36957	-2465.15
2540	0.359334	-2302.25
2541	0.358623	-2306.58
2542	0.357464	-2297.26
2543	0.356845	-2303.82
2544	0.364339	-2389.95
2545	0.357436	-2301.6
2546	0.361726	-2382.99
2547	0.360682	-2309.59
2548	0.366257	-2393.05
2549	0.373209	-2506.72
2550	0.354142	-2263.66
2551	0.363099	-2404.67
2552	0.358233	-2302.18
2553	0.364148	-2367.62
2554	0.362208	-2356.43
2555	0.357084	-2263.41
2556	0.364795	-2384.4
2557	0.354705	-2266.58
2558	0.352016	-2248.3
2559	0.358289	-2332.41
2560	0.355581	-2246.19
2561	0.369055	-2409.74
2562	0.36013	-2331.05
2563	0.367203	-2393.55
2564	0.365759	-2399.93
2565	0.360851	-2371.65
2566	0.355825	-2334.26
2567	0.343649	-2124.09
2568	0.358621	-2237.97
2569	0.356583	-2253.92
2570	0.363937	-2359.29
2571	0.355668	-2247.2
2572	0.364271	-2376.67
2573	0.354153	-2271.4
2574	0.356279	-2250.79
2575	0.362861	-2375.31
2576	0.359836	-2314.54
2577	0.374782	-2541.78
2578	0.356972	-2327.64
2579	0.349565	-2212.15
2580	0.357797	-2314.66
2581	0.355299	-2250.8
2582	0.358744	-2313.39
2583	0.357107	-2320.89
2584	0.353913	-2290.79
2585	0.36381	-2354.68
2586	0.358328	-2333.9
2587	0.363353	-2349.96
2588	0.354196	-2279.38
2589	0.357306	-2293.56
2590	0.34959	-2179.79
2591	0.364784	-2407.12
2592	0.3646	-2385.37
2593	0.363274	-2367.52
2594	0.357269	-2293.38
2595	0.364842	-2414.52
2596	0.360864	-2395.25
2597	0.365949	-2458.34
2598	0.367202	-2447.33
2599	0.363106	-2340.6
2600	0.350987	-2236.66
2601	0.356866	-2290.53
2602	0.363972	-2413.85
2603	0.352911	-2263.68
2604	0.36332	-2408.36
2605	0.360333	-2316.59
2606	0.345831	-2119.94
2607	0.361861	-2390.44
2608	0.365272	-2418
2609	0.365039	-2423.79
2610	0.364384	-2395.3
2611	0.351092	-2187.32
2612	0.358368	-2307.51
2613	0.358367	-2311.11
2614	0.355798	-2266.59
2615	0.365882	-2379.67
2616	0.359782	-2305.99
2617	0.363359	-2348.17
2618	0.356976	-2295.29
2619	0.354241	-2254.21
2620	0.363178	-2406.64
2621	0.357097	-2279.58
2622	0.357502	-2303.05
2623	0.35964	-2319.9
2624	0.364537	-2372.78
2625	0.35994	-2348.21
2626	0.35542	-2242.59
2627	0.351843	-2157.64
2628	0.362851	-2370.8
2629	0.357713	-2292.38
2630	0.361596	-2363.91
2631	0.355931	-2310.81
2632	0.356735	-2336.54
2633	0.354391	-2225.17
2634	0.36749	-2439.88
2635	0.366071	-2374.18
2636	0.351004	-2189.3
2637	0.357775	-2302.74
2638	0.358086	-2306.76
2639	0.362354	-2373.95
2640	0.350203	-2245.28
2641	0.358466	-2288.56
2642	0.365843	-2389.24
2643	0.359946	-2350.43
2644	0.359977	-2319.43
2645	0.356517	-2283.63
2646	0.359382	-2280.04
2647	0.362686	-2338.88
2648	0.368763	-2441.43
2649	0.362338	-2358.91
2650	0.366529	-2435.68
2651	0.36247	-2349.75
2652	0.359316	-2324.2
2653	0.354704	-2259.54
2654	0.35773	-2313.8
2655	0.367948	-2386.5
2656	0.367476	-2417.5
2657	0.358337	-2299.15
2658	0.358091	-2299.6
2659	0.36737	-2455.71
2660	0.353003	-2280.62
2661	0.360813	-2375.78
2662	0.352223	-2224.86
2663	0.362581	-2365.42
2664	0.356225	-2298.91
2665	0.359809	-2324.14
2666	0.358526	-2325.29
2667	0.359888	-2365.6
2668	0.361522	-2376.45
2669	0.363603	-2390.71
2670	0.352947	-2211.56
2671	0.365137	-2323.91
2672	0.36439	-2394.12
2673	0.368428	-2462.55
2674	0.363357	-2338.94
2675	0.355562	-2248.97
2676	0.357506	-2277.82
2677	0.359719	-2311.05
2678	0.360813	-2349.96
2679	0.368476	-2445.6
2680	0.362354	-2351.51
2681	0.358925	-2345.34
2682	0.359586	-2326.11
2683	0.34892	-2173.41
2684	0.363251	-2430.48
2685	0.35623	-2264.71
2686	0.353815	-2267.49
2687	0.35898	-2239.28
2688	0.360299	-2331.79
2689	0.362109	-2412.7
2690	0.363973	-2365.86
2691	0.363674	-2426.09
2692	0.358838	-2358.68
2693	0.35658	-2249.79
2694	0.361047	-2354.89
2695	0.35431	-2291.68
2696	0.355962	-2256.04
2697	0.361748	-2307.83
2698	0.365176	-2372.94
2699	0.360101	-2344.36
2700	0.358473	-2314.08
2701	0.359328	-2324.34
2702	0.363226	-2383.76
2703	0.358198	-2299.56
2704	0.354477	-2224.75
2705	0.356535	-2312.86
2706	0.352357	-2220.12
2707	0.356137	-2305.6
2708	0.360047	-2315.61
2709	0.361389	-2346.9
2710	0.361539	-2337.56
2711	0.358046	-2289.05
2712	0.359815	-2316.67
2713	0.360881	-2401.86
2714	0.367525	-2412.66
2715	0.358452	-2350.25
2716	0.352913	-2227.77
2717	0.36428	-2403.36
2718	0.355617	-2292.65
2719	0.361973	-2389.63
2720	0.362417	-2345.97
2721	0.365417	-2375.94
2722	0.362131	-2409.14
2723	0.357083	-2309.01
2724	0.362292	-2334.13
2725	0.361484	-2341.93
2726	0.359375	-2317.15
2727	0.361023	-2379.54
2728	0.354135	-2299.14
2729	0.355407	-2221.86
2730	0.362573	-2372.74
2731	0.361823	-2373.5
2732	0.34721	-2151.54
2733	0.361197	-2331.86
2734	0.355733	-2285.09
2735	0.35525	-2291.33
2736	0.357014	-2279.87
2737	0.370532	-2476.22
2738	0.349003	-2142.24
2739	0.364816	-2369.65
2740	0.356091	-2244.49
2741	0.361881	-2342.27
2742	0.357026	-2282.97
2743	0.369231	-2476.66
2744	0.361775	-2322.45
2745	0.357583	-2276.83
2746	0.358064	-2325.01
2747	0.360095	-2338.24
2748	0.364019	-2384.36
2749	0.358183	-2272.92
2750	0.362046	-2338.81
2751	0.357588	-2310.8
2752	0.363833	-2370.22
2753	0.35299	-2262.38
2754	0.356481	-2260.85
2755	0.361776	-2365.62
2756	0.355837	-2251.95
2757	0.361377	-2365.85
2758	0.357038	-2298.65
2759	0.366348	-2432.07
2760	0.37147	-2527.18
2761	0.354973	-2236.15
2762	0.364427	-2391.47
2763	0.351598	-2244.69
2764	0.368751	-2464.05
2765	0.351294	-2223.35
2766	0.362526	-2346.72
2767	0.359914	-2326.21
2768	0.361476	-2319.75
2769	0.365631	-2387.34
2770	0.360941	-2337.65
2771	0.356488	-2310.66
2772	0.35678	-2283
2773	0.364875	-2383.87
2774	0.35267	-2187.06
2775	0.359636	-2340.84
2776	0.352935	-2230.81
2777	0.360088	-2258.79
2778	0.364757	-2380.01
2779	0.358415	-2298.01
2780	0.357727	-2355.73
2781	0.353868	-2222.48
2782	0.367103	-2461.27
2783	0.364333	-2391.57
2784	0.359766	-2332.94
2785	0.354477	-2264.15
2786	0.3589	-2287.22
2787	0.364012	-2375.14
2788	0.362403	-2352.98
2789	0.364617	-2350.21
2790	0.349831	-2211.36
2791	0.356511	-2262.16
2792	0.374428	-2464.28
2793	0.363723	-2430.85
2794	0.363275	-2374.77
2795	0.35577	-2297.82
2796	0.365311	-2398.39
2797	0.36664	-2423.75
2798	0.362699	-2356.08
2799	0.356199	-2294.84
2800	0.362617	-2345.97
2801	0.353909	-2284.83
2802	0.361632	-2333.79
2803	0.361218	-2342.03
2804	0.362761	-2354.53
2805	0.357704	-2271.71
2806	0.358212	-2287.54
2807	0.354445	-2287.46
2808	0.360444	-2351.53
2809	0.358071	-2299.95
2810	0.358438	-2350.23
2811	0.371261	-2509.55
2812	0.359275	-2306.35
2813	0.360311	-2337.48
2814	0.358245	-2313.35
2815	0.364237	-2358.34
2816	0.357682	-2318.05
2817	0.36859	-2466.43
2818	0.359585	-2323.33
2819	0.353296	-2273.84
2820	0.361387	-2323.8
2821	0.362543	-2381.74
2822	0.356923	-2273.99
2823	0.362385	-2402.7
2824	0.359272	-2338.14
2825	0.365695	-2362.61
2826	0.352384	-2254.42
2827	0.358516	-2321.84
2828	0.355128	-2308.62
2829	0.353607	-2204.31
2830	0.364074	-2360.02
2831	0.352224	-2208.5
2832	0.349786	-2238.92
2833	0.361167	-2371.42
2834	0.367709	-2439.46
2835	0.366149	-2434.61
2836	0.365166	-2432.89
2837	0.361253	-2334.66
2838	0.364676	-2399.1
2839	0.362455	-2371.08
2840	0.362367	-2364.39
2841	0.373622	-2493.46
2842	0.35369	-2235.41
2843	0.362915	-2392.48
2844	0.358845	-2297.84
2845	0.361345	-2358
2846	0.363093	-2371.77
2847	0.355848	-2237.33
2848	0.364212	-2399.39
2849	0.355874	-2277.99
2850	0.36939	-2457.32
2851	0.360316	-2312.41
2852	0.369111	-2449.38
2853	0.360174	-2347.42
2854	0.36477	-2355.35
2855	0.357321	-2283.51
2856	0.373675	-2485.39
2857	0.361918	-2361.45
2858	0.360024	-2306.64
2859	0.359782	-2317.18
2860	0.359045	-2339.68
2861	0.355912	-2249.43
2862	0.358573	-2315.09
2863	0.358377	-2346.83
2864	0.357393	-2305.79
2865	0.368667	-2448.75
2866	0.35417	-2248.43
2867	0.367194	-2420.33
2868	0.362911	-2358.21
2869	0.358475	-2277.91
2870	0.35714	-2293.89
2871	0.354676	-2283.74
2872	0.364225	-2399
2873	0.36451	-2421.12
2874	0.363177	-2332.37
2875	0.362072	-2344.12
2876	0.360219	-2305.97
2877	0.357771	-2237.56
2878	0.363605	-2420.66
2879	0.346821	-2170.78
2880	0.35745	-2276.51
2881	0.359187	-2319
2882	0.365149	-2371.1
2883	0.359833	-2332.45
2884	0.351907	-2243.42
2885	0.361448	-2365.55
2886	0.357194	-2301.95
2887	0.364159	-2374.2
2888	0.36152	-2354.32
2889	0.353164	-2208.34
2890	0.365554	-2400.31
2891	0.369188	-2472.69
2892	0.365721	-2359.16
2893	0.362581	-2390.93
2894	0.363983	-2374.79
2895	0.361684	-2342.85
2896	0.357828	-2290.67
2897	0.361788	-2368.66
2898	0.360641	-2293.78
2899	0.365945	-2412.12
2900	0.360458	-2297.24
2901	0.360036	-2343.19
2902	0.357604	-2293.55
2903	0.366056	-2421.08
2904	0.359265	-2320.81
2905	0.358708	-2302.74
2906	0.364829	-2391.6
2907	0.35108	-2165.02
2908	0.364237	-2321.04
2909	0.355642	-2286.98
2910	0.363849	-2371.27
2911	0.356781	-2327.92
2912	0.36616	-2473.31
2913	0.373545	-2542.24
2914	0.365555	-2358.98
2915	0.36065	-2382.91
2916	0.359639	-2335.87
2917	0.356417	-2273.04
2918	0.360351	-2322.51
2919	0.361046	-2367.17
2920	0.357442	-2252.29
2921	0.357723	-2301.08
2922	0.36106	-2339.34
2923	0.355971	-2279.16
2924	0.364431	-2382.98
2925	0.360437	-2323.43
2926	0.355581	-2258.11
2927	0.361429	-2310.63
2928	0.359771	-2310.61
2929	0.355443	-2295.1
2930	0.358127	-2282.78
2931	0.362103	-2388.71
2932	0.363974	-2378.37
2933	0.35962	-2282.9
2934	0.362473	-2368.42
2935	0.354878	-2263.79
2936	0.354992	-2213.56
2937	0.367099	-2438.04
2938	0.358036	-2287.88
2939	0.35956	-2336.11
2940	0.362494	-2326.63
2941	0.367636	-2399.18
2942	0.36113	-2302.87
2943	0.363476	-2375.75
2944	0.360948	-2321.28
2945	0.363685	-2340.34
2946	0.366604	-2434.37
2947	0.361151	-2312.81
2948	0.359208	-2331.91
2949	0.367591	-2414.17
2950	0.366266	-2386.29
2951	0.355451	-2215.72
2952	0.35896	-2330.58
2953	0.347962	-2183.97
2954	0.364183	-2432.36
2955	0.361931	-2377.76
2956	0.361591	-2363.1
2957	0.360685	-2339.95
2958	0.367527	-2370.18
2959	0.36424	-2392.17
2960	0.358872	-2297.26
2961	0.360245	-2312.02
2962	0.362741	-2378.89
2963	0.365361	-2461.88
2964	0.351793	-2242.04
2965	0.355595	-2267.27
2966	0.362667	-2356.37
2967	0.357861	-2305.49
2968	0.35548	-2294.99
2969	0.353353	-2227.66
2970	0.357214	-2295.46
2971	0.359042	-2326.18
2972	0.359928	-2370.37
2973	0.365377	-2417.37
2974	0.361789	-2353.27
2975	0.356365	-2304.36
2976	0.364417	-2354.65
2977	0.348244	-2170.97
2978	0.354894	-2247.66
2979	0.358314	-2285.59
2980	0.361882	-2386.85
2981	0.352853	-2209.97
2982	0.361787	-2381.47
2983	0.37398	-2472.98
2984	0.359795	-2294.01
2985	0.364372	-2410.12
2986	0.356816	-2285.37
2987	0.363682	-2387.45
2988	0.354759	-2288.57
2989	0.357912	-2269.81
2990	0.362793	-2338.2
2991	0.367995	-2461.23
2992	0.357443	-2306
2993	0.36052	-2343.95
2994	0.357676	-2332.53
2995	0.366767	-2422.86
2996	0.356535	-2298.87
2997	0.366823	-2429.51
2998	0.358121	-2291.34
2999	0.363471	-2410.56
