0	0.363106	-2371.76
1	0.363261	-2380.61
2	0.357678	-2291.35
3	0.351749	-2197.85
4	0.357748	-2301.95
5	0.361953	-2372.28
6	0.363531	-2366.31
7	0.352403	-2233.71
8	0.35587	-2278.57
9	0.354006	-2252.57
10	0.362944	-2359.69
11	0.365582	-2417.04
12	0.357723	-2314.73
13	0.355561	-2255.36
14	0.369314	-2460.44
15	0.367216	-2422.28
16	0.358676	-2309.65
17	0.360848	-2337.07
18	0.352631	-2277.74
19	0.360287	-2330.37
20	0.355736	-2253.67
21	0.360075	-2337.15
22	0.368333	-2403.39
23	0.347537	-2167.3
24	0.364316	-2395.22
25	0.367084	-2387.22
26	0.370024	-2443.04
27	0.359809	-2308.07
28	0.35258	-2233.07
29	0.367141	-2429.94
30	0.357223	-2279.59
31	0.368156	-2451.6
32	0.360224	-2312.57
33	0.353081	-2222.86
34	0.369254	-2465.96
35	0.365995	-2437.98
36	0.359896	-2333.51
37	0.351959	-2227.26
38	0.364594	-2394.27
39	0.359176	-2286.06
40	0.364987	-2428.02
41	0.356071	-2301.99
42	0.35069	-2187.74
43	0.361201	-2301.93
44	0.363836	-2380.66
45	0.367911	-2436.54
46	0.364609	-2375.06
47	0.359728	-2356.96
48	0.357419	-2276.46
49	0.341087	-2090.78
50	0.362634	-2342.27
51	0.355632	-2260.45
52	0.356975	-2257.85
53	0.356785	-2257.4
54	0.358774	-2297.75
55	0.355282	-2251.59
56	0.358709	-2314.16
57	0.359279	-2326.29
58	0.35607	-2292.3
59	0.360727	-2394.6
60	0.353148	-2257.37
61	0.362847	-2377.07
62	0.361368	-2347.62
63	0.358077	-2285.56
64	0.359072	-2293.2
65	0.364498	-2406.03
66	0.348777	-2164.1
67	0.361286	-2376.64
68	0.361923	-2385.62
69	0.361563	-2317.73
70	0.36554	-2406.98
71	0.360385	-2339.05
72	0.362293	-2377.38
73	0.361035	-2328.06
74	0.354997	-2248.18
75	0.360029	-2337.43
76	0.353432	-2296.55
77	0.353567	-2231.73
78	0.363018	-2351.15
79	0.364711	-2414.56
80	0.364584	-2405.11
81	0.366382	-2423.02
82	0.367603	-2467.51
83	0.359544	-2273.74
84	0.355043	-2262.93
85	0.369348	-2424.1
86	0.365459	-2402.7
87	0.364496	-2376.52
88	0.356681	-2286.36
89	0.362855	-2351.64
90	0.354045	-2279.01
91	0.356786	-2323.95
92	0.363993	-2375.56
93	0.365723	-2375.61
94	0.361807	-2369.14
95	0.357736	-2321.97
96	0.371795	-2527.37
97	0.360584	-2323.14
98	0.360987	-2349.59
99	0.362402	-2341.9
100	0.343447	-2149.85
101	0.360159	-2354.16
102	0.351376	-2290.83
103	0.359199	-2331.1
104	0.352834	-2263.71
105	0.367065	-2434.1
106	0.358049	-2313.35
107	0.361067	-2344.32
108	0.362636	-2338.77
109	0.364839	-2389.35
110	0.358382	-2314.84
111	0.360771	-2328.61
112	0.363373	-2365.19
113	0.363966	-2378.66
114	0.360855	-2360.45
115	0.362758	-2365.59
116	0.362309	-2366.02
117	0.358986	-2353.51
118	0.366552	-2398.09
119	0.360681	-2270.28
120	0.357375	-2319.39
121	0.354155	-2260.05
122	0.362078	-2394.94
123	0.361203	-2300.84
124	0.361018	-2344.71
125	0.363863	-2337.18
126	0.357674	-2302.48
127	0.352587	-2248.51
128	0.358971	-2295.09
129	0.360855	-2329.04
130	0.362998	-2391.06
131	0.356982	-2308.26
132	0.358053	-2310.44
133	0.358069	-2278.02
134	0.35639	-2323.18
135	0.362078	-2342.92
136	0.35715	-2310.62
137	0.367386	-2442.47
138	0.349174	-2159.01
139	0.368301	-2426.45
140	0.364401	-2367.55
141	0.35377	-2240.61
142	0.362471	-2384.49
143	0.363666	-2331.63
144	0.353556	-2266.39
145	0.366969	-2451.98
146	0.368048	-2404.3
147	0.361857	-2370.06
148	0.362577	-2392.17
149	0.354557	-2256.99
150	0.367928	-2459.2
151	0.355203	-2269.92
152	0.361958	-2376.23
153	0.366551	-2397.07
154	0.367276	-2444.47
155	0.352735	-2195.89
156	0.356211	-2271.01
157	0.356553	-2308.61
158	0.355848	-2291.92
159	0.35759	-2281.55
160	0.360817	-2327.64
161	0.359147	-2326.47
162	0.367908	-2436.41
163	0.350511	-2265.6
164	0.366571	-2413.98
165	0.355861	-2266.04
166	0.360121	-2314.87
167	0.359325	-2296.86
168	0.362791	-2341.87
169	0.360567	-2335.7
170	0.358007	-2314.42
171	0.369543	-2462.86
172	0.363085	-2357.08
173	0.362572	-2374.23
174	0.357956	-2306.02
175	0.367873	-2442.25
176	0.361614	-2372.35
177	0.36252	-2382.22
178	0.358473	-2308.67
179	0.354854	-2266.12
180	0.364311	-2400.53
181	0.360077	-2339.52
182	0.361798	-2307.57
183	0.356794	-2276.77
184	0.356994	-2286.83
185	0.361843	-2390.12
186	0.360603	-2310.41
187	0.361883	-2336.97
188	0.361865	-2391.11
189	0.355489	-2330.16
190	0.364421	-2399.73
191	0.365575	-2381.19
192	0.34911	-2198.76
193	0.358463	-2324.44
194	0.365408	-2400.23
195	0.362671	-2380.88
196	0.362235	-2374.12
197	0.357605	-2281.42
198	0.362352	-2385.95
199	0.365983	-2419.64
200	0.352862	-2275.45
201	0.356772	-2276.28
202	0.358433	-2323.39
203	0.353451	-2234.35
204	0.352791	-2200.41
205	0.361758	-2360.31
206	0.361893	-2373.37
207	0.350988	-2180.85
208	0.356309	-2256.33
209	0.364891	-2381.27
210	0.357264	-2277.49
211	0.360679	-2363.52
212	0.362994	-2331.77
213	0.366831	-2413.44
214	0.361441	-2371.17
215	0.362836	-2380.58
216	0.356538	-2261.42
217	0.35756	-2272.94
218	0.358965	-2336.4
219	0.356432	-2260.71
220	0.362754	-2352.9
221	0.358622	-2292.33
222	0.359038	-2302.89
223	0.359783	-2351.64
224	0.356952	-2293.29
225	0.362717	-2344.12
226	0.361779	-2338.45
227	0.370758	-2500.01
228	0.366077	-2410.32
229	0.357432	-2313.88
230	0.357241	-2323.19
231	0.355745	-2236.45
232	0.354717	-2284.94
233	0.358625	-2334.02
234	0.356942	-2314.81
235	0.35224	-2265.01
236	0.365178	-2399.61
237	0.356557	-2271.41
238	0.359131	-2370.8
239	0.355932	-2265.41
240	0.35888	-2313.89
241	0.354319	-2243.91
242	0.357251	-2287.73
243	0.362705	-2383.23
244	0.35939	-2299.45
245	0.357496	-2282.15
246	0.34947	-2159.09
247	0.360594	-2339.07
248	0.357157	-2284.88
249	0.35949	-2317.68
250	0.357203	-2279.07
251	0.360122	-2299.03
252	0.359292	-2326.86
253	0.357304	-2293.52
254	0.354863	-2291.49
255	0.355145	-2259.14
256	0.356771	-2273.89
257	0.366359	-2418.34
258	0.352758	-2258.87
259	0.358677	-2302.43
260	0.357817	-2327.99
261	0.364851	-2403.17
262	0.3566	-2265.09
263	0.36277	-2381.03
264	0.357514	-2299.83
265	0.365303	-2388.3
266	0.355926	-2318.4
267	0.359008	-2337.29
268	0.355526	-2260.55
269	0.355008	-2262.32
270	0.359721	-2294.77
271	0.351813	-2218.35
272	0.35848	-2328.26
273	0.350163	-2182.2
274	0.361085	-2372.14
275	0.360159	-2320.04
276	0.358666	-2256.56
277	0.36448	-2420.62
278	0.361253	-2362.44
279	0.359751	-2340.85
280	0.364637	-2364.28
281	0.357541	-2291.6
282	0.358808	-2311.48
283	0.364817	-2383.85
284	0.356381	-2288.05
285	0.360794	-2342.68
286	0.363639	-2368.14
287	0.357614	-2351.8
288	0.353613	-2223.79
289	0.361167	-2302.02
290	0.358882	-2292.1
291	0.357591	-2263.38
292	0.361334	-2283.75
293	0.363032	-2382.47
294	0.360936	-2329.9
295	0.368462	-2419.97
296	0.370491	-2433.8
297	0.364845	-2449.46
298	0.356653	-2312.18
299	0.363507	-2340.62
300	0.363886	-2390.15
301	0.357516	-2313.54
302	0.362379	-2406.4
303	0.361514	-2304.13
304	0.356236	-2243.26
305	0.361567	-2343.56
306	0.359349	-2323.17
307	0.351838	-2219.21
308	0.358801	-2330.81
309	0.353265	-2259
310	0.369414	-2478.62
311	0.368391	-2442.34
312	0.35394	-2275.36
313	0.360046	-2293.39
314	0.358604	-2323.25
315	0.358097	-2310.97
316	0.357533	-2329.49
317	0.358152	-2342.79
318	0.36303	-2370.43
319	0.359781	-2341.72
320	0.361762	-2351.24
321	0.353798	-2241.09
322	0.35233	-2231.1
323	0.355939	-2271.36
324	0.354528	-2256.45
325	0.357653	-2302.91
326	0.352538	-2262.96
327	0.354556	-2228.82
328	0.367062	-2457.86
329	0.355687	-2256.24
330	0.35469	-2266.55
331	0.351533	-2264.96
332	0.358346	-2295.77
333	0.36228	-2365.74
334	0.363387	-2374.4
335	0.358124	-2289.93
336	0.361088	-2343.08
337	0.36499	-2377.94
338	0.365601	-2431.89
339	0.360373	-2377.1
340	0.362659	-2390.76
341	0.356501	-2276.89
342	0.358704	-2333.72
343	0.352812	-2251.54
344	0.3638	-2337.43
345	0.363341	-2343.73
346	0.366815	-2391.27
347	0.36242	-2377.29
348	0.358165	-2301.9
349	0.360091	-2323.43
350	0.354824	-2236.9
351	0.357625	-2299.23
352	0.355704	-2238.87
353	0.358397	-2296.26
354	0.371314	-2464.88
355	0.364426	-2414.05
356	0.360739	-2343.24
357	0.355362	-2269.32
358	0.354093	-2282.33
359	0.358599	-2280.35
360	0.358358	-2324.33
361	0.359896	-2312.88
362	0.358545	-2323.17
363	0.355495	-2183.49
364	0.357085	-2308.31
365	0.360018	-2342.42
366	0.363901	-2412.88
367	0.355662	-2218.06
368	0.365911	-2471.89
369	0.356372	-2304.47
370	0.369776	-2456.46
371	0.366824	-2416.9
372	0.354381	-2230.37
373	0.362096	-2357.72
374	0.356123	-2265.43
375	0.36435	-2392.52
376	0.364855	-2389.73
377	0.350115	-2231.56
378	0.357173	-2274.31
379	0.350583	-2179.86
380	0.349207	-2212.73
381	0.372096	-2496.58
382	0.34933	-2209.39
383	0.366571	-2405.6
384	0.354076	-2249.27
385	0.365403	-2410.91
386	0.360084	-2343.45
387	0.360761	-2386.02
388	0.361287	-2349.87
389	0.367243	-2419.74
390	0.357524	-2312.01
391	0.358479	-2306.69
392	0.357319	-2318.77
393	0.360582	-2337.5
394	0.362164	-2389.25
395	0.361494	-2333.89
396	0.356844	-2274.58
397	0.350135	-2226.94
398	0.36458	-2346.24
399	0.365357	-2379.45
400	0.360874	-2329.48
401	0.356042	-2313.99
402	0.348378	-2178.18
403	0.361162	-2365.01
404	0.355317	-2249.93
405	0.358945	-2263.51
406	0.359893	-2286.29
407	0.367475	-2468.37
408	0.358955	-2318.13
409	0.362067	-2373.12
410	0.358367	-2353.34
411	0.365368	-2415.24
412	0.359726	-2331.95
413	0.353216	-2236.91
414	0.362557	-2360
415	0.360189	-2327.58
416	0.365179	-2382.1
417	0.35863	-2277.66
418	0.353467	-2279.19
419	0.356925	-2302.53
420	0.361391	-2317.53
421	0.358768	-2309.2
422	0.354819	-2241.46
423	0.353611	-2212.52
424	0.355095	-2229.99
425	0.357598	-2270.07
426	0.363552	-2368.02
427	0.353188	-2271.7
428	0.362477	-2315.46
429	0.354917	-2297.44
430	0.35433	-2244.68
431	0.355893	-2255.51
432	0.355718	-2270.01
433	0.359409	-2323.43
434	0.361829	-2359.19
435	0.359772	-2313.69
436	0.360044	-2340.08
437	0.359167	-2341.97
438	0.356594	-2276.24
439	0.354423	-2291.03
440	0.357775	-2337.51
441	0.363485	-2395.86
442	0.361184	-2345.34
443	0.359311	-2288.92
444	0.356052	-2230.45
445	0.366903	-2435.22
446	0.357651	-2290.47
447	0.359749	-2340.31
448	0.355139	-2254.91
449	0.362241	-2340.07
450	0.354165	-2245.86
451	0.364338	-2368.29
452	0.36552	-2407.6
453	0.358743	-2308.04
454	0.362515	-2375.47
455	0.362796	-2360.77
456	0.356809	-2319.28
457	0.361457	-2410.5
458	0.36678	-2415.97
459	0.36376	-2330.76
460	0.355292	-2271.04
461	0.355737	-2282.16
462	0.363997	-2402.95
463	0.361478	-2341.59
464	0.35755	-2311.33
465	0.357569	-2331.81
466	0.359669	-2339.94
467	0.356389	-2232.94
468	0.362774	-2339.03
469	0.354657	-2270.94
470	0.363175	-2366.24
471	0.363321	-2364.99
472	0.361451	-2351.99
473	0.355408	-2283.61
474	0.363408	-2421.25
475	0.35655	-2239.99
476	0.363982	-2366.92
477	0.355477	-2268.88
478	0.361689	-2389.87
479	0.359976	-2326.73
480	0.364707	-2405.87
481	0.356422	-2300.32
482	0.363021	-2369.82
483	0.362592	-2347.4
484	0.352983	-2228.53
485	0.366847	-2455.69
486	0.361503	-2352.79
487	0.35377	-2238.22
488	0.350195	-2177.84
489	0.359845	-2302.25
490	0.359246	-2288.69
491	0.358483	-2295.54
492	0.361054	-2354.18
493	0.364704	-2428.55
494	0.362104	-2351.9
495	0.361313	-2358.14
496	0.367549	-2432.03
497	0.358174	-2342.47
498	0.364891	-2379.81
499	0.361866	-2370.72
500	0.369398	-2397.96
501	0.354243	-2262.73
502	0.361865	-2357.58
503	0.358113	-2291.43
504	0.358454	-2293.27
505	0.359707	-2295.68
506	0.363038	-2372.27
507	0.349939	-2179.43
508	0.359635	-2341.11
509	0.3579	-2316.68
510	0.361415	-2353.83
511	0.358002	-2316.49
512	0.360164	-2360.92
513	0.35396	-2192.39
514	0.366803	-2448.01
515	0.361651	-2347
516	0.362227	-2373.71
517	0.361773	-2358.08
518	0.362773	-2359.82
519	0.363278	-2377.25
520	0.352447	-2215.81
521	0.365082	-2399.59
522	0.362715	-2376.89
523	0.363005	-2379.14
524	0.357118	-2297.76
525	0.358155	-2310.55
526	0.358931	-2329.87
527	0.357369	-2279.79
528	0.361834	-2337.85
529	0.354381	-2257.85
530	0.360269	-2322.1
531	0.351081	-2216.9
532	0.362141	-2336.13
533	0.361623	-2368.53
534	0.367949	-2434.52
535	0.356112	-2294.54
536	0.35499	-2262.19
537	0.358677	-2290.8
538	0.362772	-2374.72
539	0.353579	-2243.14
540	0.358453	-2326.95
541	0.359582	-2325.23
542	0.365946	-2410
543	0.367197	-2425.44
544	0.357376	-2255.41
545	0.368423	-2462.63
546	0.365026	-2385.75
547	0.359198	-2324.47
548	0.356423	-2229.95
549	0.361357	-2359.65
550	0.363496	-2340.68
551	0.351471	-2211.42
552	0.364023	-2376.41
553	0.35863	-2299.39
554	0.367638	-2473.51
555	0.361116	-2347.89
556	0.351532	-2244.66
557	0.36254	-2394.01
558	0.361719	-2402.92
559	0.364879	-2386.85
560	0.3556	-2286.87
561	0.351151	-2248.75
562	0.362516	-2432.66
563	0.366685	-2407.91
564	0.356931	-2279.09
565	0.356507	-2308.05
566	0.367701	-2439.69
567	0.364422	-2389.36
568	0.350938	-2222.51
569	0.358592	-2335.56
570	0.36266	-2356.39
571	0.35519	-2279.29
572	0.366105	-2414.57
573	0.367095	-2435.96
574	0.3521	-2229.04
575	0.359597	-2322.44
576	0.36419	-2385.19
577	0.35309	-2237.06
578	0.364452	-2364.2
579	0.36393	-2348.7
580	0.358497	-2291.47
581	0.365124	-2366.42
582	0.361587	-2338.67
583	0.356512	-2281.11
584	0.368891	-2418.83
585	0.360265	-2286.7
586	0.36479	-2441.53
587	0.364343	-2357.77
588	0.353558	-2267.42
589	0.358793	-2338.58
590	0.357271	-2306.79
591	0.362307	-2334.7
592	0.357085	-2283.29
593	0.354473	-2259.14
594	0.359466	-2379.42
595	0.36373	-2454.67
596	0.357037	-2302.38
597	0.363191	-2354.24
598	0.363992	-2351.77
599	0.358551	-2294
600	0.356	-2334.38
601	0.357361	-2329.07
602	0.356364	-2297.75
603	0.354529	-2267.62
604	0.354122	-2226.32
605	0.36847	-2485.26
606	0.355247	-2291.67
607	0.366244	-2394.53
608	0.363025	-2359.55
609	0.354482	-2313.47
610	0.357446	-2334.62
611	0.355709	-2264.74
612	0.363559	-2360.17
613	0.364089	-2397.92
614	0.36021	-2352.39
615	0.349323	-2231.19
616	0.360346	-2379.49
617	0.351557	-2204.18
618	0.359013	-2319.79
619	0.358744	-2337.53
620	0.362564	-2376.71
621	0.364475	-2397.95
622	0.356704	-2276.26
623	0.369484	-2434.04
624	0.347029	-2151.02
625	0.362775	-2366.29
626	0.358263	-2299.34
627	0.362109	-2385.52
628	0.356109	-2252.25
629	0.353745	-2230.48
630	0.361975	-2367.66
631	0.358036	-2290.67
632	0.362816	-2337.81
633	0.361612	-2318.73
634	0.363152	-2363.52
635	0.358302	-2284.1
636	0.370997	-2460.37
637	0.360021	-2313.12
638	0.358104	-2313.9
639	0.35079	-2198.67
640	0.363759	-2396.65
641	0.362021	-2384.63
642	0.354537	-2296.41
643	0.358029	-2327.29
644	0.363515	-2324.74
645	0.363141	-2394.5
646	0.365467	-2412.05
647	0.363847	-2379.9
648	0.356511	-2310.84
649	0.354719	-2243.79
650	0.356457	-2309.09
651	0.358579	-2315.09
652	0.355951	-2249.34
653	0.354355	-2305.13
654	0.366544	-2458.57
655	0.362633	-2348.31
656	0.351172	-2213.48
657	0.360518	-2354.39
658	0.353101	-2267.57
659	0.356694	-2311.37
660	0.362927	-2382.01
661	0.368115	-2419
662	0.347653	-2187.17
663	0.362111	-2315.99
664	0.365104	-2374.33
665	0.365593	-2398.6
666	0.358525	-2316.89
667	0.358324	-2325.25
668	0.360599	-2316.1
669	0.363196	-2378.43
670	0.355369	-2200.21
671	0.360701	-2299.02
672	0.365125	-2406.06
673	0.356816	-2298.86
674	0.360176	-2330.43
675	0.358244	-2241.92
676	0.366342	-2413.38
677	0.360296	-2386
678	0.36029	-2352.15
679	0.353616	-2261.56
680	0.356981	-2259.46
681	0.358281	-2274.94
682	0.362923	-2340.08
683	0.36004	-2343.35
684	0.356831	-2308.44
685	0.361268	-2363.75
686	0.361616	-2333.28
687	0.356697	-2268.82
688	0.36388	-2348.95
689	0.351107	-2216.62
690	0.361413	-2381.98
691	0.367379	-2418.51
692	0.366679	-2431.24
693	0.357125	-2345.04
694	0.348671	-2164.21
695	0.358166	-2313.62
696	0.351075	-2221.93
697	0.352715	-2213.63
698	0.358262	-2338.6
699	0.36014	-2298.19
700	0.364864	-2363.93
701	0.358533	-2312.01
702	0.356617	-2283.53
703	0.3539	-2243.08
704	0.362399	-2342.76
705	0.355623	-2254.14
706	0.369913	-2453.55
707	0.364794	-2390.66
708	0.354375	-2262.2
709	0.367802	-2477.4
710	0.360514	-2396.3
711	0.365306	-2397.03
712	0.358231	-2290.84
713	0.36295	-2373.63
714	0.355771	-2273.05
715	0.355528	-2282.07
716	0.351997	-2211.21
717	0.368849	-2430.28
718	0.362836	-2323.59
719	0.36161	-2346.96
720	0.359737	-2311.64
721	0.368206	-2433.88
722	0.359933	-2324.79
723	0.364278	-2354.65
724	0.355826	-2238.18
725	0.363052	-2361.41
726	0.359375	-2339.23
727	0.356751	-2274.1
728	0.359338	-2340.39
729	0.363663	-2394.33
730	0.35707	-2270.59
731	0.361089	-2343.04
732	0.357026	-2300.18
733	0.357257	-2249.31
734	0.358416	-2278.83
735	0.360891	-2380.24
736	0.356899	-2292.5
737	0.358617	-2355.15
738	0.358492	-2286.24
739	0.354987	-2246.61
740	0.366142	-2395.7
741	0.360081	-2327.63
742	0.358648	-2276.48
743	0.360355	-2326.25
744	0.361483	-2361.62
745	0.352237	-2257.83
746	0.365922	-2427.47
747	0.356723	-2304.43
748	0.361483	-2328.45
749	0.36295	-2353.36
750	0.357541	-2286.41
751	0.356022	-2257.71
752	0.362812	-2359.06
753	0.361719	-2316.48
754	0.361041	-2332.1
755	0.357283	-2274.38
756	0.36374	-2343.15
757	0.356192	-2276.43
758	0.358611	-2298.43
759	0.357522	-2284.99
760	0.364288	-2381.42
761	0.361576	-2357.12
762	0.360571	-2271.84
763	0.35511	-2240.47
764	0.358201	-2329.92
765	0.353752	-2236.57
766	0.36463	-2423.83
767	0.353303	-2301.39
768	0.362524	-2311.07
769	0.359527	-2348.05
770	0.354571	-2265.12
771	0.367265	-2401.59
772	0.362655	-2346.78
773	0.371647	-2537.56
774	0.369652	-2445.37
775	0.347619	-2153.77
776	0.362735	-2353.22
777	0.363511	-2384
778	0.360595	-2332.52
779	0.363332	-2398.8
780	0.35688	-2286.29
781	0.362182	-2339.01
782	0.359587	-2314.35
783	0.37214	-2509.87
784	0.368359	-2433.57
785	0.358265	-2297.55
786	0.360562	-2309.01
787	0.364048	-2339.22
788	0.351923	-2226.29
789	0.358121	-2263.23
790	0.359531	-2303.73
791	0.353463	-2238.43
792	0.355632	-2228.73
793	0.358706	-2359.24
794	0.361142	-2360.12
795	0.357908	-2298.13
796	0.356892	-2300.43
797	0.359846	-2288.43
798	0.355558	-2223.06
799	0.373342	-2515.57
800	0.360697	-2350.26
801	0.357619	-2303.15
802	0.362675	-2407.92
803	0.357022	-2288.64
804	0.35716	-2295.18
805	0.365316	-2388.51
806	0.370635	-2460.15
807	0.357252	-2301.67
808	0.347838	-2155.92
809	0.368977	-2453.49
810	0.346109	-2156.93
811	0.362232	-2361.53
812	0.358937	-2360.26
813	0.356416	-2275.65
814	0.355758	-2284.61
815	0.363595	-2416.96
816	0.35772	-2326.37
817	0.367129	-2437.38
818	0.356487	-2291.77
819	0.354355	-2264.89
820	0.362366	-2397.15
821	0.362934	-2370.52
822	0.364624	-2393.64
823	0.354971	-2275.34
824	0.360618	-2327.43
825	0.361664	-2360.69
826	0.363024	-2353.32
827	0.349371	-2237.8
828	0.353864	-2251.8
829	0.365756	-2410.65
830	0.355468	-2268.67
831	0.361284	-2341.47
832	0.362754	-2329.29
833	0.361673	-2379.1
834	0.358018	-2343.59
835	0.358023	-2285.81
836	0.360422	-2311.14
837	0.36184	-2336.68
838	0.356484	-2273.04
839	0.364175	-2388.54
840	0.353325	-2206.44
841	0.364531	-2366.27
842	0.359431	-2336.69
843	0.361453	-2368.05
844	0.362089	-2329.91
845	0.35808	-2373.21
846	0.359291	-2315.35
847	0.362685	-2360.51
848	0.360207	-2309.86
849	0.359441	-2359.57
850	0.360899	-2408.2
851	0.364919	-2393.31
852	0.356349	-2262.03
853	0.363389	-2380.49
854	0.356603	-2281.42
855	0.353486	-2253.71
856	0.360805	-2338.08
857	0.355264	-2195.73
858	0.357726	-2312.02
859	0.364249	-2406.91
860	0.348603	-2160.69
861	0.363842	-2328.82
862	0.36606	-2379.7
863	0.36458	-2355.23
864	0.350194	-2177.47
865	0.358467	-2303.68
866	0.365022	-2351.16
867	0.355667	-2279.36
868	0.363392	-2388.57
869	0.362256	-2405.16
870	0.356028	-2275.4
871	0.360538	-2325.31
872	0.362321	-2314.59
873	0.370095	-2451.71
874	0.357845	-2326.84
875	0.3573	-2329.88
876	0.360011	-2317.49
877	0.365333	-2423.25
878	0.353703	-2218.44
879	0.367143	-2403.95
880	0.357568	-2309.05
881	0.354623	-2262.8
882	0.352594	-2221.21
883	0.364699	-2403.71
884	0.356928	-2286.27
885	0.353639	-2230.18
886	0.356612	-2285.37
887	0.355271	-2218.21
888	0.361881	-2368.44
889	0.358847	-2292.32
890	0.364606	-2408.51
891	0.363681	-2387.8
892	0.362885	-2386.95
893	0.366046	-2429.56
894	0.354566	-2254.18
895	0.359168	-2320.41
896	0.356636	-2266.39
897	0.356302	-2244.72
898	0.359183	-2346.99
899	0.357292	-2328.72
900	0.354399	-2242.75
901	0.365412	-2394.15
902	0.360077	-2381.59
903	0.359875	-2322.36
904	0.356432	-2260.77
905	0.36379	-2342.94
906	0.360733	-2379.6
907	0.357182	-2320.37
908	0.359582	-2313.32
909	0.360863	-2307.53
910	0.351636	-2215.84
911	0.357805	-2306.18
912	0.356246	-2301.27
913	0.372105	-2519.88
914	0.360102	-2300.08
915	0.35929	-2323.33
916	0.360259	-2354.59
917	0.368808	-2460.79
918	0.34947	-2156.31
919	0.353101	-2227.66
920	0.370215	-2450.99
921	0.363555	-2344.51
922	0.363896	-2359.22
923	0.364997	-2356.44
924	0.362266	-2364.88
925	0.357009	-2326.46
926	0.364655	-2380.62
927	0.355428	-2272.41
928	0.353392	-2199.98
929	0.361727	-2313.53
930	0.35733	-2274.2
931	0.365583	-2356.01
932	0.360593	-2325.38
933	0.362996	-2341.51
934	0.359044	-2310.33
935	0.36329	-2399.94
936	0.365605	-2402.52
937	0.359706	-2323.94
938	0.355204	-2296.93
939	0.358019	-2278.7
940	0.36573	-2431.16
941	0.353208	-2205.08
942	0.356453	-2291.57
943	0.355736	-2288.89
944	0.356753	-2296.7
945	0.367813	-2419.09
946	0.358485	-2302.47
947	0.366619	-2407.47
948	0.355092	-2294.35
949	0.347549	-2192.02
950	0.356581	-2272.26
951	0.354853	-2266.55
952	0.359172	-2344.91
953	0.359419	-2347.86
954	0.3611	-2341.93
955	0.365225	-2344.47
956	0.356595	-2266.37
957	0.362239	-2396.04
958	0.348197	-2205.38
959	0.349786	-2196.04
960	0.362599	-2375.02
961	0.357152	-2289.14
962	0.365466	-2385.97
963	0.361709	-2347.51
964	0.35748	-2305.18
965	0.358615	-2300.06
966	0.35828	-2302.65
967	0.361402	-2355.9
968	0.356831	-2291.65
969	0.359167	-2287.72
970	0.361348	-2331.52
971	0.352988	-2215.58
972	0.362508	-2290.36
973	0.364388	-2348.83
974	0.35207	-2299.94
975	0.365093	-2404.57
976	0.36296	-2381.61
977	0.367672	-2428.04
978	0.353559	-2245.64
979	0.363433	-2360.03
980	0.359984	-2310.57
981	0.362564	-2348.52
982	0.351637	-2222.92
983	0.353734	-2228.33
984	0.363067	-2322.55
985	0.365312	-2389.43
986	0.362659	-2366.95
987	0.359368	-2325.61
988	0.357228	-2325.12
989	0.37347	-2520.33
990	0.362524	-2358.96
991	0.369109	-2423.29
992	0.350471	-2228.07
993	0.365044	-2372.12
994	0.35619	-2296.32
995	0.357679	-2335.19
996	0.362666	-2377.58
997	0.360948	-2327.12
998	0.35792	-2339.96
999	0.356817	-2302.8
1000	0.370596	-2451.91
1001	0.360727	-2388.3
1002	0.366649	-2408.15
1003	0.360487	-2314.08
1004	0.36222	-2361.74
1005	0.36441	-2353.71
1006	0.360259	-2333.55
1007	0.369122	-2421.65
1008	0.370929	-2438.16
1009	0.358127	-2300.35
1010	0.366857	-2406
1011	0.358178	-2307.24
1012	0.362709	-2389.87
1013	0.360639	-2357.51
1014	0.363089	-2353.68
1015	0.36239	-2344.65
1016	0.357423	-2319.86
1017	0.356781	-2269.48
1018	0.366671	-2412.93
1019	0.35868	-2282.42
1020	0.361547	-2372.7
1021	0.349413	-2222.96
1022	0.364646	-2417.47
1023	0.357896	-2320.02
1024	0.357384	-2238.26
1025	0.358053	-2326.98
1026	0.35567	-2278.47
1027	0.364354	-2430.81
1028	0.362856	-2387.02
1029	0.352223	-2207.67
1030	0.356807	-2357
1031	0.364543	-2390.93
1032	0.358296	-2302.83
1033	0.365345	-2408.68
1034	0.349734	-2208.13
1035	0.356632	-2282.14
1036	0.362337	-2385.38
1037	0.359606	-2336.21
1038	0.36503	-2372.05
1039	0.365746	-2403.74
1040	0.363258	-2360.47
1041	0.356133	-2260.57
1042	0.361377	-2353.38
1043	0.357809	-2269.36
1044	0.363812	-2342.02
1045	0.357362	-2279.61
1046	0.356176	-2290.38
1047	0.3586	-2277.84
1048	0.353206	-2212.33
1049	0.358236	-2347.45
1050	0.36699	-2396.15
1051	0.356299	-2297.62
1052	0.357566	-2282.37
1053	0.367434	-2421.3
1054	0.364759	-2385.21
1055	0.365073	-2443.52
1056	0.364757	-2402.69
1057	0.362245	-2335.07
1058	0.370863	-2481.86
1059	0.363974	-2389.77
1060	0.361479	-2323.42
1061	0.354189	-2269.9
1062	0.353795	-2221.94
1063	0.359744	-2332.37
1064	0.365059	-2371.65
1065	0.351848	-2207.23
1066	0.351883	-2181.39
1067	0.359185	-2316.75
1068	0.364862	-2396.9
1069	0.357008	-2282.41
1070	0.362282	-2372.88
1071	0.358786	-2334.9
1072	0.36497	-2386.35
1073	0.35102	-2235.5
1074	0.359965	-2321.17
1075	0.352537	-2191.45
1076	0.35886	-2344.35
1077	0.366478	-2422.01
1078	0.358169	-2323.7
1079	0.366905	-2419.45
1080	0.349886	-2209.97
1081	0.359039	-2334.22
1082	0.358283	-2335.31
1083	0.362514	-2380.31
1084	0.35774	-2281.21
1085	0.361217	-2345.2
1086	0.359747	-2319.69
1087	0.368223	-2444.97
1088	0.353851	-2264.36
1089	0.363245	-2390.42
1090	0.359506	-2336.12
1091	0.349276	-2146.67
1092	0.366741	-2405.55
1093	0.354799	-2262.63
1094	0.356496	-2274.68
1095	0.36263	-2352.83
1096	0.360962	-2392.33
1097	0.359084	-2327.14
1098	0.36282	-2375.93
1099	0.35713	-2309.26
1100	0.358148	-2292.75
1101	0.368866	-2505.35
1102	0.356178	-2251.67
1103	0.362152	-2345.91
1104	0.360839	-2400.66
1105	0.359654	-2321.44
1106	0.358803	-2302.53
1107	0.360441	-2355.03
1108	0.350625	-2161.79
1109	0.361801	-2323.2
1110	0.363075	-2377.63
1111	0.361052	-2376.66
1112	0.351996	-2175.28
1113	0.363144	-2375.51
1114	0.359587	-2320.78
1115	0.350848	-2203.43
1116	0.363023	-2389.08
1117	0.35912	-2284.45
1118	0.362893	-2386.18
1119	0.362143	-2368.62
1120	0.364415	-2405.83
1121	0.357243	-2277.3
1122	0.348254	-2165.66
1123	0.351829	-2267.11
1124	0.358756	-2331.32
1125	0.365305	-2418.45
1126	0.361117	-2323.03
1127	0.356511	-2300.42
1128	0.36078	-2356.6
1129	0.364665	-2417.07
1130	0.359146	-2380.1
1131	0.354721	-2331.55
1132	0.359451	-2322.64
1133	0.363045	-2408.45
1134	0.359739	-2313.56
1135	0.357704	-2325.85
1136	0.359634	-2354.76
1137	0.351162	-2251.04
1138	0.364141	-2367.16
1139	0.361037	-2329.15
1140	0.360231	-2286.22
1141	0.363173	-2391.67
1142	0.355211	-2253.89
1143	0.359012	-2305.45
1144	0.358035	-2290.9
1145	0.356197	-2270.94
1146	0.36225	-2371.47
1147	0.359088	-2278.68
1148	0.354863	-2267.91
1149	0.363858	-2381.41
1150	0.363751	-2386.1
1151	0.35818	-2313.18
1152	0.365138	-2403.36
1153	0.364148	-2375.69
1154	0.358638	-2325.77
1155	0.356984	-2277.37
1156	0.363776	-2389.69
1157	0.358625	-2291.98
1158	0.351764	-2176.73
1159	0.360961	-2338.84
1160	0.365966	-2397.36
1161	0.357227	-2308.08
1162	0.359165	-2326.6
1163	0.367923	-2426.2
1164	0.353658	-2195.77
1165	0.359179	-2282.94
1166	0.363939	-2361.28
1167	0.362968	-2369.55
1168	0.352355	-2208.77
1169	0.356591	-2291.2
1170	0.365134	-2416.57
1171	0.362512	-2367.63
1172	0.358402	-2333.31
1173	0.363233	-2355.74
1174	0.359677	-2299.37
1175	0.353666	-2232.97
1176	0.355537	-2273.05
1177	0.353281	-2234.48
1178	0.359292	-2312.75
1179	0.364487	-2389.86
1180	0.35291	-2244.93
1181	0.359224	-2323.78
1182	0.362587	-2378.05
1183	0.360129	-2364.93
1184	0.360305	-2327.13
1185	0.358001	-2271.62
1186	0.359951	-2393.65
1187	0.365438	-2398.85
1188	0.359258	-2318.92
1189	0.360894	-2370.69
1190	0.36105	-2334.37
1191	0.35513	-2248.87
1192	0.366205	-2437.09
1193	0.358146	-2313.91
1194	0.35881	-2325.9
1195	0.366704	-2380.92
1196	0.369252	-2430.56
1197	0.359642	-2292.02
1198	0.370503	-2519.12
1199	0.359296	-2295.77
1200	0.354534	-2229.93
1201	0.356404	-2261.07
1202	0.359876	-2348.39
1203	0.362647	-2364.6
1204	0.357471	-2300.98
1205	0.357759	-2292.3
1206	0.364428	-2358.85
1207	0.366962	-2407.47
1208	0.358325	-2313.17
1209	0.361456	-2315.75
1210	0.360362	-2367.47
1211	0.357464	-2287.16
1212	0.359413	-2278.83
1213	0.362853	-2343.03
1214	0.362505	-2316.54
1215	0.36759	-2424.73
1216	0.355775	-2361.52
1217	0.354998	-2282.88
1218	0.364168	-2374.41
1219	0.356298	-2276.05
1220	0.359169	-2294.57
1221	0.362185	-2359.8
1222	0.360073	-2333.16
1223	0.364013	-2376.17
1224	0.358943	-2297.07
1225	0.35409	-2278.68
1226	0.362084	-2381.94
1227	0.361028	-2324.82
1228	0.358037	-2301.13
1229	0.354882	-2219.36
1230	0.353942	-2201.22
1231	0.366525	-2398.22
1232	0.349536	-2216.53
1233	0.360728	-2352.09
1234	0.354259	-2258.08
1235	0.357691	-2313.52
1236	0.356083	-2293.22
1237	0.358424	-2290.01
1238	0.363097	-2378.35
1239	0.354253	-2273.8
1240	0.35389	-2263.56
1241	0.351489	-2205.4
1242	0.361345	-2315.2
1243	0.351723	-2233.38
1244	0.355288	-2228.76
1245	0.357121	-2298.48
1246	0.358668	-2323.69
1247	0.362678	-2418.66
1248	0.359468	-2336
1249	0.356226	-2286.05
1250	0.354259	-2268.21
1251	0.363615	-2336.35
1252	0.363886	-2402.34
1253	0.367132	-2415.16
1254	0.365115	-2353.67
1255	0.36206	-2336.64
1256	0.358327	-2292.54
1257	0.361413	-2328.67
1258	0.359	-2337.67
1259	0.35837	-2318.65
1260	0.359291	-2309.04
1261	0.364349	-2328.29
1262	0.370626	-2497.9
1263	0.359934	-2341.13
1264	0.355479	-2242.28
1265	0.35442	-2274.85
1266	0.359715	-2320.87
1267	0.365851	-2439.21
1268	0.35391	-2236.37
1269	0.355723	-2258.88
1270	0.359758	-2296.87
1271	0.366573	-2413.18
1272	0.358505	-2307.47
1273	0.353322	-2278.72
1274	0.363917	-2384.62
1275	0.356269	-2256.09
1276	0.355026	-2240.53
1277	0.360851	-2356.04
1278	0.359107	-2332.29
1279	0.361889	-2339.09
1280	0.35288	-2250.69
1281	0.36225	-2373.27
1282	0.363856	-2350.41
1283	0.360192	-2342.8
1284	0.362098	-2368.07
1285	0.354024	-2225.62
1286	0.372993	-2440.01
1287	0.35601	-2288.28
1288	0.362923	-2351.8
1289	0.356835	-2315.48
1290	0.359035	-2319.34
1291	0.356704	-2300.58
1292	0.363758	-2351.3
1293	0.354382	-2251.84
1294	0.362889	-2421.67
1295	0.359383	-2319.74
1296	0.359352	-2331.81
1297	0.354739	-2269.88
1298	0.352507	-2254.58
1299	0.358852	-2332.08
1300	0.361972	-2418.97
1301	0.36256	-2338.04
1302	0.362786	-2399.01
1303	0.366122	-2431.5
1304	0.364078	-2387.21
1305	0.365356	-2417.24
1306	0.366209	-2408.38
1307	0.366156	-2392.66
1308	0.356168	-2252.63
1309	0.35803	-2284.03
1310	0.35906	-2308.03
1311	0.363819	-2426.45
1312	0.363855	-2342.72
1313	0.352631	-2228.85
1314	0.364482	-2380.38
1315	0.360133	-2308.03
1316	0.350041	-2193.98
1317	0.359799	-2310.25
1318	0.36516	-2375.57
1319	0.366103	-2431.24
1320	0.355765	-2251.58
1321	0.36668	-2409.59
1322	0.360322	-2365.53
1323	0.361622	-2366.13
1324	0.362159	-2337.27
1325	0.36627	-2431.94
1326	0.366061	-2415.74
1327	0.358263	-2334.19
1328	0.366481	-2409.75
1329	0.358	-2318.77
1330	0.365021	-2401.87
1331	0.36093	-2336.98
1332	0.359551	-2368.41
1333	0.358021	-2312.66
1334	0.349549	-2189.95
1335	0.360452	-2341.24
1336	0.358258	-2322.77
1337	0.355862	-2255.56
1338	0.352968	-2265.06
1339	0.3683	-2456.6
1340	0.363411	-2371.4
1341	0.355247	-2224.18
1342	0.354414	-2262.21
1343	0.359159	-2308.94
1344	0.358601	-2309.91
1345	0.363574	-2388.52
1346	0.363189	-2312.53
1347	0.361744	-2341.86
1348	0.355161	-2287
1349	0.358509	-2321.17
1350	0.361731	-2374.98
1351	0.360115	-2334.6
1352	0.358111	-2330.28
1353	0.36702	-2417.38
1354	0.360744	-2322.26
1355	0.358486	-2295.99
1356	0.361863	-2350.04
1357	0.359285	-2278.98
1358	0.359321	-2347.6
1359	0.358174	-2311.14
1360	0.360082	-2327.53
1361	0.365987	-2392.04
1362	0.360954	-2348
1363	0.362317	-2391.62
1364	0.379108	-2565.44
1365	0.354501	-2250.04
1366	0.363168	-2383.3
1367	0.372644	-2494.17
1368	0.36135	-2327.2
1369	0.363637	-2400.62
1370	0.360207	-2315.28
1371	0.358193	-2310.93
1372	0.362286	-2320.33
1373	0.357553	-2345.82
1374	0.356177	-2274.1
1375	0.351639	-2186.02
1376	0.363495	-2382.52
1377	0.361144	-2318.41
1378	0.366077	-2367.41
1379	0.353538	-2220.39
1380	0.359444	-2284.05
1381	0.358184	-2316.81
1382	0.35473	-2234.67
1383	0.353791	-2262.62
1384	0.353795	-2277.15
1385	0.366562	-2423.54
1386	0.358384	-2345.68
1387	0.359757	-2329.18
1388	0.367719	-2437.54
1389	0.356404	-2288.62
1390	0.349626	-2220.17
1391	0.358525	-2345.81
1392	0.357026	-2272.3
1393	0.354953	-2232.64
1394	0.35957	-2307.87
1395	0.364797	-2374.49
1396	0.359038	-2299.18
1397	0.365797	-2424.32
1398	0.361101	-2358.45
1399	0.354637	-2272.61
1400	0.356104	-2254.36
1401	0.364935	-2373.57
1402	0.362848	-2311.37
1403	0.354655	-2206.01
1404	0.364876	-2384.61
1405	0.361089	-2378.53
1406	0.363204	-2373.87
1407	0.362634	-2339.26
1408	0.366024	-2423.56
1409	0.365435	-2418.99
1410	0.366392	-2390.81
1411	0.356894	-2295.53
1412	0.359497	-2317.92
1413	0.354867	-2300.57
1414	0.363786	-2382.36
1415	0.368602	-2439.7
1416	0.355196	-2235.85
1417	0.36599	-2392.81
1418	0.356186	-2270.09
1419	0.356466	-2287.64
1420	0.353236	-2221.46
1421	0.356057	-2247.45
1422	0.360408	-2324.98
1423	0.357833	-2371.34
1424	0.359442	-2319.77
1425	0.360549	-2344.88
1426	0.359517	-2295.91
1427	0.357976	-2296.41
1428	0.355923	-2277.17
1429	0.352257	-2236.36
1430	0.359315	-2286.18
1431	0.365201	-2394.41
1432	0.366921	-2395
1433	0.371429	-2529.41
1434	0.361174	-2329.22
1435	0.353666	-2244.28
1436	0.365456	-2407.27
1437	0.363629	-2368.24
1438	0.356943	-2317.04
1439	0.36066	-2319.9
1440	0.365996	-2399.16
1441	0.357089	-2313.75
1442	0.36014	-2323.91
1443	0.353567	-2266.49
1444	0.354362	-2216.73
1445	0.354342	-2251.62
1446	0.35542	-2246.57
1447	0.362754	-2348.96
1448	0.347457	-2204.51
1449	0.365319	-2382.56
1450	0.353977	-2207.55
1451	0.356902	-2329.37
1452	0.363407	-2398.05
1453	0.369641	-2463.37
1454	0.359423	-2308.1
1455	0.363419	-2371.07
1456	0.368924	-2410.41
1457	0.352726	-2222.03
1458	0.36457	-2401.06
1459	0.357896	-2324.01
1460	0.364557	-2347.54
1461	0.355873	-2237.4
1462	0.361332	-2370.25
1463	0.35507	-2285.76
1464	0.362958	-2393.82
1465	0.365449	-2331.86
1466	0.354916	-2257.35
1467	0.351754	-2221.25
1468	0.35967	-2332.42
1469	0.360449	-2342.81
1470	0.360987	-2334.29
1471	0.370083	-2455.47
1472	0.355211	-2259.78
1473	0.364464	-2406.86
1474	0.365547	-2379.98
1475	0.359208	-2305.72
1476	0.349934	-2186.45
1477	0.36979	-2516.18
1478	0.364671	-2376.67
1479	0.362845	-2374.76
1480	0.366655	-2464.96
1481	0.363178	-2387.94
1482	0.363068	-2404.94
1483	0.368724	-2457.44
1484	0.357703	-2315.19
1485	0.367898	-2413.89
1486	0.371471	-2480.1
1487	0.358137	-2288.03
1488	0.362859	-2338.58
1489	0.364582	-2395.83
1490	0.358441	-2264.56
1491	0.364653	-2422.52
1492	0.370352	-2519.79
1493	0.357933	-2322.54
1494	0.363551	-2324.86
1495	0.363545	-2357.04
1496	0.36467	-2341.46
1497	0.361959	-2362.14
1498	0.364156	-2370.23
1499	0.36431	-2345.05
1500	0.35732	-2333.91
1501	0.363439	-2374.06
1502	0.35904	-2356.91
1503	0.360203	-2324.98
1504	0.357095	-2267.12
1505	0.357664	-2266.29
1506	0.354934	-2276.79
1507	0.348449	-2229.66
1508	0.360191	-2339.91
1509	0.366369	-2427.47
1510	0.358055	-2271.13
1511	0.361173	-2358.69
1512	0.354014	-2243.31
1513	0.376704	-2550.17
1514	0.370634	-2456.53
1515	0.353255	-2227.17
1516	0.359579	-2353.74
1517	0.359487	-2313.21
1518	0.349732	-2226.12
1519	0.360457	-2340.26
1520	0.350878	-2204.04
1521	0.358142	-2291.15
1522	0.353357	-2239.98
1523	0.357427	-2288.31
1524	0.358182	-2304.73
1525	0.365631	-2410.15
1526	0.360701	-2373.53
1527	0.36527	-2434.51
1528	0.366091	-2429.41
1529	0.361777	-2342.47
1530	0.363039	-2352.74
1531	0.361371	-2351.82
1532	0.360795	-2318.7
1533	0.362531	-2369.31
1534	0.362352	-2384.26
1535	0.362745	-2415.96
1536	0.356285	-2313.1
1537	0.352477	-2243.08
1538	0.35687	-2263.91
1539	0.355712	-2244.4
1540	0.370311	-2487.89
1541	0.362562	-2337.83
1542	0.359233	-2312.43
1543	0.360739	-2312.76
1544	0.36532	-2422.89
1545	0.365198	-2405.9
1546	0.362325	-2318.7
1547	0.365278	-2380.5
1548	0.363791	-2375.3
1549	0.359242	-2330.18
1550	0.360513	-2286.48
1551	0.361201	-2369.41
1552	0.366427	-2431.69
1553	0.365254	-2422.72
1554	0.357356	-2265.76
1555	0.363481	-2351.94
1556	0.360523	-2329.64
1557	0.346748	-2146.45
1558	0.365641	-2393.23
1559	0.364334	-2379.76
1560	0.357941	-2289.95
1561	0.359133	-2317.19
1562	0.358764	-2326.19
1563	0.350923	-2252.1
1564	0.362918	-2345.21
1565	0.361484	-2341.94
1566	0.357899	-2294.33
1567	0.3674	-2407.32
1568	0.356374	-2277.9
1569	0.362156	-2348.29
1570	0.36015	-2363.02
1571	0.353184	-2242.61
1572	0.35386	-2241.29
1573	0.352785	-2204.56
1574	0.354297	-2220.67
1575	0.356971	-2256.15
1576	0.362196	-2398.99
1577	0.368037	-2391.65
1578	0.365174	-2396.91
1579	0.356184	-2282.35
1580	0.358887	-2323.46
1581	0.355697	-2295.83
1582	0.356897	-2319.97
1583	0.357247	-2314.66
1584	0.361145	-2345.61
1585	0.363559	-2377.1
1586	0.362132	-2352.66
1587	0.358489	-2308.85
1588	0.360105	-2318.62
1589	0.357315	-2255.23
1590	0.363818	-2383.14
1591	0.36149	-2311.43
1592	0.355028	-2253.91
1593	0.362823	-2344.89
1594	0.366099	-2411.89
1595	0.362067	-2393.5
1596	0.361516	-2338.92
1597	0.366719	-2406.8
1598	0.365734	-2416.14
1599	0.362671	-2380.47
1600	0.361248	-2327.81
1601	0.364308	-2385.52
1602	0.345428	-2142.59
1603	0.356511	-2260.48
1604	0.372258	-2484.94
1605	0.366038	-2419.91
1606	0.365122	-2382.58
1607	0.36569	-2394.31
1608	0.357743	-2285.84
1609	0.3559	-2295.61
1610	0.355485	-2273.41
1611	0.359947	-2284.03
1612	0.35638	-2321.33
1613	0.360852	-2298.56
1614	0.366068	-2419.03
1615	0.356499	-2271.28
1616	0.36061	-2353.33
1617	0.362094	-2347.4
1618	0.362184	-2354.49
1619	0.369312	-2438.17
1620	0.360376	-2323.55
1621	0.361008	-2301.76
1622	0.360972	-2314.22
1623	0.366417	-2402.96
1624	0.362993	-2340.07
1625	0.366468	-2446.38
1626	0.356697	-2346.26
1627	0.365146	-2396.55
1628	0.363428	-2381.86
1629	0.347895	-2176.16
1630	0.365472	-2404.9
1631	0.353813	-2232.62
1632	0.359907	-2337.63
1633	0.362549	-2324.49
1634	0.369959	-2474.83
1635	0.365616	-2382.37
1636	0.350297	-2182.2
1637	0.355844	-2300.88
1638	0.364803	-2400.5
1639	0.359769	-2333.38
1640	0.36943	-2474.03
1641	0.362208	-2393.34
1642	0.359302	-2340.45
1643	0.358709	-2341.61
1644	0.36609	-2422.67
1645	0.363924	-2360.79
1646	0.359713	-2292.39
1647	0.354782	-2260.24
1648	0.356644	-2297.97
1649	0.356854	-2254.02
1650	0.362031	-2361.03
1651	0.359977	-2333.92
1652	0.358236	-2303.89
1653	0.363264	-2406.25
1654	0.359018	-2271.48
1655	0.363539	-2393.37
1656	0.354322	-2270.52
1657	0.358947	-2304.32
1658	0.358767	-2309.7
1659	0.359621	-2299.86
1660	0.358595	-2333.42
1661	0.362385	-2358.05
1662	0.355088	-2288.51
1663	0.357958	-2305.18
1664	0.357414	-2326.57
1665	0.365921	-2401.64
1666	0.359412	-2303.8
1667	0.360333	-2325.29
1668	0.360664	-2302.22
1669	0.361883	-2373.78
1670	0.366422	-2432.48
1671	0.366777	-2450.6
1672	0.36923	-2486.4
1673	0.362058	-2368.85
1674	0.356897	-2301.39
1675	0.360406	-2355.49
1676	0.364426	-2368.62
1677	0.357235	-2288.39
1678	0.353252	-2243.94
1679	0.368386	-2460.22
1680	0.358341	-2317.31
1681	0.358855	-2278.32
1682	0.361146	-2332.79
1683	0.368425	-2476.8
1684	0.368632	-2497.62
1685	0.353955	-2261.64
1686	0.362269	-2387.41
1687	0.362975	-2317.23
1688	0.361442	-2382.81
1689	0.367696	-2408.38
1690	0.367336	-2474.55
1691	0.363803	-2350.28
1692	0.357095	-2287.06
1693	0.351699	-2209.16
1694	0.352512	-2279.7
1695	0.362299	-2375.31
1696	0.363065	-2394.46
1697	0.359096	-2298.26
1698	0.353899	-2264.99
1699	0.360639	-2332.04
1700	0.363209	-2366.91
1701	0.367564	-2417.23
1702	0.352098	-2230.98
1703	0.360256	-2331.39
1704	0.365896	-2384
1705	0.36075	-2309.09
1706	0.362517	-2359.87
1707	0.36811	-2409.82
1708	0.359611	-2308.37
1709	0.352334	-2221.51
1710	0.354948	-2276.61
1711	0.364249	-2388.7
1712	0.367084	-2392.7
1713	0.361376	-2354.36
1714	0.362299	-2376.81
1715	0.358991	-2271.45
1716	0.362626	-2340.53
1717	0.361325	-2337.41
1718	0.356736	-2298.52
1719	0.357751	-2300.81
1720	0.359374	-2291.62
1721	0.357356	-2274.37
1722	0.360538	-2293.59
1723	0.354362	-2234.95
1724	0.364349	-2359.22
1725	0.368146	-2442.29
1726	0.360417	-2354.13
1727	0.365749	-2370.63
1728	0.367137	-2444.23
1729	0.359989	-2335.8
1730	0.365068	-2433.04
1731	0.352055	-2217.03
1732	0.362436	-2359.2
1733	0.36125	-2365.23
1734	0.3483	-2170.29
1735	0.35725	-2313.56
1736	0.359347	-2327.75
1737	0.36267	-2395.75
1738	0.357194	-2252.05
1739	0.36323	-2309.02
1740	0.35926	-2362.24
1741	0.353166	-2267.99
1742	0.364188	-2366.4
1743	0.35179	-2228.92
1744	0.365064	-2350.02
1745	0.364542	-2404.89
1746	0.364033	-2339.56
1747	0.356349	-2278.87
1748	0.357914	-2334.8
1749	0.357981	-2343.53
1750	0.364176	-2357.64
1751	0.354283	-2311.72
1752	0.361449	-2374.01
1753	0.358683	-2299.43
1754	0.355387	-2248.48
1755	0.354862	-2263.11
1756	0.366861	-2387.16
1757	0.355847	-2228.38
1758	0.363627	-2385.26
1759	0.356953	-2276.71
1760	0.364087	-2385.47
1761	0.364925	-2409.53
1762	0.356312	-2284.19
1763	0.361158	-2383.39
1764	0.355845	-2301.98
1765	0.357243	-2291.55
1766	0.362954	-2337.92
1767	0.351659	-2214.43
1768	0.358868	-2300.11
1769	0.354339	-2304.77
1770	0.358281	-2293.67
1771	0.35906	-2309.1
1772	0.363195	-2337.14
1773	0.355611	-2269.11
1774	0.356014	-2299.1
1775	0.359134	-2293.99
1776	0.359825	-2317.4
1777	0.358622	-2332.43
1778	0.358275	-2275.91
1779	0.36156	-2359.76
1780	0.368596	-2460.52
1781	0.365064	-2423.55
1782	0.361903	-2311.31
1783	0.361868	-2367.52
1784	0.354491	-2298.65
1785	0.35538	-2258.17
1786	0.35883	-2310.03
1787	0.352463	-2231.03
1788	0.358719	-2363.21
1789	0.359957	-2337.13
1790	0.35136	-2227.94
1791	0.35662	-2237.54
1792	0.356208	-2287.86
1793	0.367793	-2458.97
1794	0.358991	-2329.99
1795	0.360605	-2333.31
1796	0.359694	-2338.42
1797	0.362194	-2349.93
1798	0.36046	-2292.3
1799	0.363461	-2369.99
1800	0.357591	-2284.54
1801	0.352977	-2256.61
1802	0.36038	-2325.96
1803	0.358136	-2289.52
1804	0.370546	-2450.02
1805	0.360002	-2312.16
1806	0.34512	-2191.98
1807	0.366469	-2438.89
1808	0.371451	-2493.13
1809	0.355073	-2232.28
1810	0.3617	-2378.06
1811	0.362903	-2357.92
1812	0.353845	-2253.21
1813	0.35686	-2264.76
1814	0.364391	-2352.09
1815	0.360209	-2345.3
1816	0.355556	-2320.16
1817	0.358142	-2324.62
1818	0.351797	-2209.51
1819	0.357736	-2307.41
1820	0.364368	-2355.92
1821	0.363356	-2374.36
1822	0.364318	-2369.88
1823	0.364222	-2397.03
1824	0.365137	-2403
1825	0.360164	-2315.38
1826	0.360808	-2317.19
1827	0.354639	-2243.56
1828	0.362382	-2368.05
1829	0.36237	-2361.01
1830	0.363359	-2377.13
1831	0.357176	-2262.78
1832	0.363969	-2388.84
1833	0.364387	-2367.45
1834	0.360018	-2326.15
1835	0.355288	-2269.1
1836	0.364984	-2404.94
1837	0.358644	-2348.34
1838	0.355342	-2232.92
1839	0.360706	-2364.69
1840	0.364198	-2394.94
1841	0.356139	-2272.79
1842	0.356936	-2338.32
1843	0.361099	-2343.29
1844	0.360994	-2344.21
1845	0.359384	-2336.7
1846	0.360111	-2360.6
1847	0.366237	-2387.9
1848	0.357041	-2296.08
1849	0.350346	-2189.57
1850	0.352686	-2204.56
1851	0.361053	-2358.92
1852	0.360295	-2353.21
1853	0.368343	-2402.04
1854	0.36062	-2381.99
1855	0.355648	-2291.38
1856	0.354019	-2276.88
1857	0.361224	-2343.29
1858	0.353951	-2233.43
1859	0.35626	-2291.46
1860	0.352573	-2263.89
1861	0.361148	-2359.79
1862	0.36662	-2395.42
1863	0.362487	-2384.04
1864	0.362958	-2391.62
1865	0.36234	-2355.83
1866	0.34969	-2142.95
1867	0.360783	-2302.11
1868	0.358043	-2308.07
1869	0.358466	-2312.77
1870	0.359507	-2312.67
1871	0.35969	-2362.17
1872	0.356658	-2275.48
1873	0.349221	-2198.58
1874	0.354431	-2295.97
1875	0.357017	-2320.7
1876	0.349317	-2205.01
1877	0.361035	-2331.8
1878	0.361711	-2402.57
1879	0.36327	-2371.41
1880	0.351796	-2172.67
1881	0.359751	-2322.57
1882	0.359918	-2350.49
1883	0.360377	-2341.5
1884	0.367124	-2433.45
1885	0.354353	-2234.15
1886	0.351932	-2265.19
1887	0.363028	-2374.29
1888	0.356463	-2277.74
1889	0.350115	-2210.79
1890	0.36022	-2282.11
1891	0.358402	-2303.51
1892	0.363431	-2382.53
1893	0.360191	-2277.93
1894	0.368964	-2477.73
1895	0.359776	-2351.99
1896	0.36166	-2321.66
1897	0.370974	-2490.56
1898	0.356998	-2314.36
1899	0.356667	-2293.48
1900	0.355914	-2285.36
1901	0.365373	-2423.3
1902	0.360213	-2349.94
1903	0.361114	-2341.72
1904	0.362941	-2385.05
1905	0.354558	-2255.31
1906	0.363509	-2366.89
1907	0.35672	-2281.41
1908	0.35905	-2319.78
1909	0.360821	-2360.8
1910	0.36564	-2423.74
1911	0.355973	-2287.07
1912	0.366115	-2413.29
1913	0.361031	-2324.27
1914	0.356238	-2309.07
1915	0.361728	-2355.44
1916	0.357111	-2265.06
1917	0.357594	-2309.18
1918	0.353566	-2279.73
1919	0.363972	-2351.98
1920	0.366054	-2435.49
1921	0.37077	-2495.19
1922	0.358142	-2283.61
1923	0.356118	-2292.43
1924	0.368056	-2486.67
1925	0.357102	-2289.33
1926	0.355962	-2278.6
1927	0.355789	-2302.82
1928	0.356496	-2343.19
1929	0.358084	-2350.19
1930	0.362031	-2344.2
1931	0.363306	-2331.39
1932	0.356571	-2255.38
1933	0.360392	-2260.47
1934	0.365166	-2346.38
1935	0.363398	-2343
1936	0.361004	-2365.15
1937	0.362481	-2375.03
1938	0.36497	-2396.25
1939	0.35862	-2297.53
1940	0.359509	-2311.37
1941	0.360198	-2368.96
1942	0.355968	-2207.95
1943	0.352974	-2189.01
1944	0.35906	-2277.5
1945	0.354226	-2227.81
1946	0.356202	-2283.29
1947	0.354283	-2252.46
1948	0.357041	-2314.45
1949	0.360674	-2320.2
1950	0.359031	-2316.17
1951	0.369889	-2457.17
1952	0.356734	-2296.08
1953	0.369119	-2465.57
1954	0.362427	-2381.49
1955	0.360641	-2304.91
1956	0.353481	-2230.65
1957	0.361628	-2327.51
1958	0.364756	-2397.77
1959	0.363994	-2355.49
1960	0.359117	-2296
1961	0.362008	-2363.61
1962	0.356206	-2273.94
1963	0.356309	-2290.7
1964	0.354845	-2275.01
1965	0.363107	-2364.52
1966	0.364662	-2448.77
1967	0.362053	-2289.64
1968	0.364245	-2422.34
1969	0.360644	-2339.45
1970	0.368157	-2419.41
1971	0.360468	-2305.17
1972	0.362797	-2381.78
1973	0.365469	-2413.12
1974	0.364671	-2366.55
1975	0.353563	-2202.47
1976	0.357772	-2301.43
1977	0.369315	-2444.21
1978	0.359885	-2385.54
1979	0.365007	-2336.16
1980	0.353768	-2261.83
1981	0.351466	-2209.38
1982	0.361949	-2350.88
1983	0.358746	-2352.25
1984	0.356299	-2274.18
1985	0.361883	-2314.81
1986	0.356993	-2273.1
1987	0.358237	-2274.68
1988	0.358039	-2294.23
1989	0.362216	-2349.84
1990	0.35973	-2357.6
1991	0.366163	-2416.84
1992	0.363422	-2375.77
1993	0.360042	-2345.29
1994	0.354556	-2228.07
1995	0.362953	-2377.63
1996	0.360618	-2342.35
1997	0.3513	-2239.78
1998	0.362327	-2341.9
1999	0.353706	-2230.88
2000	0.361372	-2346.37
2001	0.361663	-2358.19
2002	0.359993	-2306.72
2003	0.367584	-2451.66
2004	0.368425	-2502.37
2005	0.360228	-2313.87
2006	0.354836	-2314.31
2007	0.356851	-2290.53
2008	0.360788	-2377.82
2009	0.366558	-2467.6
2010	0.360438	-2356.52
2011	0.356375	-2295.92
2012	0.364702	-2336.66
2013	0.356814	-2309.19
2014	0.364357	-2359.69
2015	0.355144	-2241.95
2016	0.363748	-2415.95
2017	0.361793	-2356.84
2018	0.363027	-2394.94
2019	0.348195	-2150.3
2020	0.364023	-2391.67
2021	0.356851	-2273.14
2022	0.364658	-2411.54
2023	0.36027	-2328.38
2024	0.361256	-2360.75
2025	0.355967	-2254.48
2026	0.352856	-2235.26
2027	0.358615	-2318.06
2028	0.363801	-2379.78
2029	0.367071	-2404.77
2030	0.360472	-2302.52
2031	0.371443	-2506.82
2032	0.354495	-2258.47
2033	0.358525	-2327.65
2034	0.353776	-2260.63
2035	0.359593	-2317.29
2036	0.361766	-2285.06
2037	0.360495	-2349.03
2038	0.358618	-2336.02
2039	0.362067	-2343.53
2040	0.354042	-2267.59
2041	0.342886	-2131.06
2042	0.35815	-2335.04
2043	0.355602	-2281.52
2044	0.353256	-2233.52
2045	0.364807	-2384.15
2046	0.358434	-2332.73
2047	0.359155	-2296.96
2048	0.361606	-2366.09
2049	0.356736	-2309.59
2050	0.364497	-2389.88
2051	0.359811	-2325.22
2052	0.351104	-2242.55
2053	0.366361	-2433.34
2054	0.365491	-2412.15
2055	0.35639	-2275.32
2056	0.351993	-2205.49
2057	0.354618	-2236.36
2058	0.364585	-2371.06
2059	0.349656	-2146.16
2060	0.359041	-2300.84
2061	0.35838	-2267.7
2062	0.362141	-2358.59
2063	0.356298	-2253.12
2064	0.362371	-2328.87
2065	0.352628	-2229.97
2066	0.35923	-2321.07
2067	0.360182	-2369.73
2068	0.353214	-2275.89
2069	0.360133	-2334.85
2070	0.353349	-2226.21
2071	0.358591	-2304
2072	0.366144	-2416.96
2073	0.363468	-2335.2
2074	0.353964	-2243.76
2075	0.356693	-2261.82
2076	0.357523	-2268.03
2077	0.367603	-2423.77
2078	0.368665	-2466.79
2079	0.356462	-2251.89
2080	0.352997	-2267.75
2081	0.354874	-2273.97
2082	0.363572	-2416.85
2083	0.365464	-2417.38
2084	0.354476	-2242.2
2085	0.365545	-2376.83
2086	0.357901	-2313.63
2087	0.361837	-2360.21
2088	0.364856	-2377.51
2089	0.357318	-2270.66
2090	0.358503	-2315.78
2091	0.356448	-2297.01
2092	0.362341	-2360.01
2093	0.371014	-2489.33
2094	0.351675	-2229.39
2095	0.36221	-2380.37
2096	0.358543	-2328.39
2097	0.35417	-2274.46
2098	0.370006	-2439.32
2099	0.354133	-2255.39
2100	0.357709	-2290.16
2101	0.360485	-2353.68
2102	0.356814	-2297.8
2103	0.362989	-2350.39
2104	0.356848	-2340.39
2105	0.353639	-2246.16
2106	0.364184	-2345.69
2107	0.364405	-2367.58
2108	0.360631	-2313.77
2109	0.354834	-2240.42
2110	0.360791	-2363.28
2111	0.36354	-2385.49
2112	0.354541	-2303.96
2113	0.36113	-2331.5
2114	0.360578	-2344.13
2115	0.363564	-2347.71
2116	0.363792	-2391.71
2117	0.357095	-2261.18
2118	0.363138	-2402.37
2119	0.358138	-2280.82
2120	0.366778	-2398.29
2121	0.374552	-2514.71
2122	0.363989	-2344.83
2123	0.360497	-2353.35
2124	0.352456	-2226.1
2125	0.361648	-2358.2
2126	0.360071	-2299.47
2127	0.354573	-2297.94
2128	0.358126	-2322.5
2129	0.370064	-2476.8
2130	0.361844	-2384.42
2131	0.361711	-2358.41
2132	0.359242	-2328.86
2133	0.355063	-2272.09
2134	0.357493	-2314.98
2135	0.353136	-2250.44
2136	0.352767	-2278.94
2137	0.355235	-2247.7
2138	0.352946	-2238.19
2139	0.351057	-2208.84
2140	0.359643	-2325.5
2141	0.366864	-2393.39
2142	0.364204	-2383.49
2143	0.363205	-2394.06
2144	0.357931	-2327.52
2145	0.355096	-2227.74
2146	0.36243	-2400.74
2147	0.36417	-2384.83
2148	0.366879	-2414.96
2149	0.355454	-2238.48
2150	0.361852	-2365.78
2151	0.35928	-2384.61
2152	0.362681	-2402.3
2153	0.361976	-2372.54
2154	0.358222	-2268.03
2155	0.358007	-2326.37
2156	0.364407	-2324.43
2157	0.356747	-2306.37
2158	0.361472	-2407.45
2159	0.35609	-2273.91
2160	0.364113	-2383.49
2161	0.359186	-2311.44
2162	0.364696	-2385.4
2163	0.353472	-2224.48
2164	0.353901	-2274.92
2165	0.353489	-2223.05
2166	0.360976	-2421.79
2167	0.363227	-2324.41
2168	0.361447	-2351.38
2169	0.357641	-2304.61
2170	0.34851	-2181.57
2171	0.351767	-2223.37
2172	0.351027	-2240.86
2173	0.357293	-2280.56
2174	0.357578	-2310.37
2175	0.363713	-2332.06
2176	0.354911	-2243.43
2177	0.354149	-2268.29
2178	0.363423	-2392.4
2179	0.351917	-2216.16
2180	0.360258	-2355.5
2181	0.361711	-2312.8
2182	0.349432	-2166.34
2183	0.354692	-2245.91
2184	0.357746	-2311.72
2185	0.370225	-2416.17
2186	0.347863	-2171.37
2187	0.359774	-2297.03
2188	0.364674	-2384.76
2189	0.358879	-2303.77
2190	0.355785	-2296.21
2191	0.361641	-2359.95
2192	0.357774	-2248.28
2193	0.369173	-2458.86
2194	0.361891	-2350.26
2195	0.359285	-2368.53
2196	0.356412	-2288.51
2197	0.367841	-2435.06
2198	0.356867	-2338.45
2199	0.355753	-2281.75
2200	0.351379	-2201.68
2201	0.364199	-2380.62
2202	0.358456	-2331.59
2203	0.356346	-2326.53
2204	0.35578	-2274.4
2205	0.364984	-2435.73
2206	0.365735	-2368.9
2207	0.362746	-2327.99
2208	0.362452	-2363.38
2209	0.366616	-2402.46
2210	0.359265	-2314.32
2211	0.361445	-2320.46
2212	0.358734	-2338.98
2213	0.3592	-2313.57
2214	0.361538	-2338.04
2215	0.364572	-2363.75
2216	0.364549	-2380.96
2217	0.36398	-2402.7
2218	0.359968	-2308.34
2219	0.357844	-2302.92
2220	0.362472	-2355.81
2221	0.357206	-2297.87
2222	0.355235	-2265.78
2223	0.36215	-2328.93
2224	0.356011	-2268.94
2225	0.355873	-2251.4
2226	0.362152	-2378.66
2227	0.344542	-2142.43
2228	0.362743	-2361.78
2229	0.3521	-2240.49
2230	0.361319	-2362.83
2231	0.353386	-2257.46
2232	0.358526	-2289.36
2233	0.360729	-2304.68
2234	0.359904	-2324.43
2235	0.35837	-2315.52
2236	0.366112	-2412.58
2237	0.362276	-2339.54
2238	0.366332	-2462.36
2239	0.367806	-2420.77
2240	0.357546	-2319.3
2241	0.356799	-2271.57
2242	0.353701	-2240.6
2243	0.35815	-2260.52
2244	0.36479	-2350.91
2245	0.352339	-2216.61
2246	0.364282	-2391.5
2247	0.361883	-2273.96
2248	0.352876	-2237.4
2249	0.363122	-2378.28
2250	0.354641	-2289.43
2251	0.36065	-2366.1
2252	0.357736	-2304.43
2253	0.353262	-2243.63
2254	0.360605	-2350.78
2255	0.36065	-2373.09
2256	0.358938	-2344.48
2257	0.357254	-2309.46
2258	0.355352	-2253.46
2259	0.355639	-2311.99
2260	0.365059	-2401.63
2261	0.355379	-2261.82
2262	0.359154	-2345.75
2263	0.353981	-2210.06
2264	0.357845	-2312.8
2265	0.364123	-2373.48
2266	0.358878	-2310.44
2267	0.363699	-2407.63
2268	0.356718	-2288.68
2269	0.366134	-2385.95
2270	0.350424	-2221.52
2271	0.365134	-2446.77
2272	0.352614	-2248.88
2273	0.363899	-2382.95
2274	0.348177	-2226.44
2275	0.362002	-2316.54
2276	0.35821	-2285.59
2277	0.353128	-2219.66
2278	0.355171	-2245.89
2279	0.363489	-2324.79
2280	0.360523	-2330.26
2281	0.35309	-2266.8
2282	0.352504	-2269.83
2283	0.364853	-2376.75
2284	0.351972	-2239.53
2285	0.360075	-2331.61
2286	0.361155	-2372.56
2287	0.368723	-2434.91
2288	0.358082	-2274.63
2289	0.360518	-2351.85
2290	0.355446	-2257.42
2291	0.355846	-2273.74
2292	0.355824	-2277.26
2293	0.359959	-2299.68
2294	0.366831	-2436.5
2295	0.364886	-2388.34
2296	0.357137	-2271.98
2297	0.356351	-2246.78
2298	0.367765	-2448.82
2299	0.361362	-2378.89
2300	0.353804	-2275.13
2301	0.356822	-2298.23
2302	0.364806	-2414.05
2303	0.362218	-2330.64
2304	0.35469	-2229.07
2305	0.359839	-2310.2
2306	0.357807	-2278.42
2307	0.358169	-2279.66
2308	0.357747	-2353.51
2309	0.360269	-2335.52
2310	0.358669	-2281.82
2311	0.361186	-2355.1
2312	0.363207	-2385.29
2313	0.367045	-2418.32
2314	0.357808	-2317.4
2315	0.363502	-2378.26
2316	0.358073	-2277.28
2317	0.356014	-2254.71
2318	0.362419	-2356.07
2319	0.363409	-2349.55
2320	0.362841	-2419.5
2321	0.359898	-2334.69
2322	0.368498	-2448.5
2323	0.363565	-2373.58
2324	0.366443	-2436.85
2325	0.358565	-2323.21
2326	0.35559	-2278.76
2327	0.361577	-2393.94
2328	0.360787	-2375.19
2329	0.363956	-2379.2
2330	0.370073	-2483.25
2331	0.36334	-2371.43
2332	0.358368	-2291.75
2333	0.356987	-2282.7
2334	0.359605	-2304.2
2335	0.365596	-2393.49
2336	0.366071	-2437.75
2337	0.357106	-2314.02
2338	0.365583	-2406.2
2339	0.360704	-2334.86
2340	0.357782	-2315.1
2341	0.365256	-2412.67
2342	0.355893	-2291.66
2343	0.358735	-2276.79
2344	0.365724	-2412.93
2345	0.362515	-2379.85
2346	0.357257	-2276.08
2347	0.359565	-2280.51
2348	0.360282	-2308.46
2349	0.357838	-2287.27
2350	0.357093	-2299.49
2351	0.352231	-2265.47
2352	0.357912	-2261.25
2353	0.368044	-2465.06
2354	0.365275	-2373.03
2355	0.358011	-2312
2356	0.351721	-2230.23
2357	0.357712	-2337.2
2358	0.362589	-2341.49
2359	0.362936	-2399.66
2360	0.365187	-2407.55
2361	0.356562	-2243.82
2362	0.363536	-2337.83
2363	0.362043	-2311.61
2364	0.364542	-2365.85
2365	0.357989	-2341.83
2366	0.364573	-2387.19
2367	0.362989	-2357.91
2368	0.358102	-2275.8
2369	0.361356	-2307.91
2370	0.368398	-2510.75
2371	0.361971	-2362.14
2372	0.363959	-2459.2
2373	0.36098	-2328.37
2374	0.359001	-2318.43
2375	0.363967	-2394.4
2376	0.360747	-2344.6
2377	0.360695	-2309.11
2378	0.364702	-2397.81
2379	0.361932	-2311.4
2380	0.35441	-2283.51
2381	0.355857	-2254.51
2382	0.358868	-2322.69
2383	0.361545	-2339.99
2384	0.359367	-2362.63
2385	0.353033	-2231.42
2386	0.355762	-2290.6
2387	0.361615	-2354.85
2388	0.368974	-2467.82
2389	0.358995	-2310.66
2390	0.352144	-2240.65
2391	0.368832	-2471.73
2392	0.356965	-2291.33
2393	0.358357	-2309.16
2394	0.364794	-2389.28
2395	0.359584	-2337.75
2396	0.354554	-2243.44
2397	0.367441	-2380.97
2398	0.364351	-2385.13
2399	0.361172	-2365.49
2400	0.359241	-2292.79
2401	0.369581	-2448.44
2402	0.366452	-2398.51
2403	0.359936	-2283.37
2404	0.359856	-2310.77
2405	0.359927	-2323.39
2406	0.354666	-2253.09
2407	0.351597	-2253.78
2408	0.357982	-2285.62
2409	0.365701	-2396.25
2410	0.352585	-2218.62
2411	0.364497	-2387.58
2412	0.35684	-2253.59
2413	0.364337	-2382.3
2414	0.362056	-2366.39
2415	0.366634	-2430.94
2416	0.357102	-2298.68
2417	0.359193	-2326.14
2418	0.364177	-2387.3
2419	0.358712	-2325.97
2420	0.362687	-2358.92
2421	0.35884	-2313.79
2422	0.359187	-2325.66
2423	0.349819	-2200.65
2424	0.35769	-2294.23
2425	0.364713	-2382.71
2426	0.366668	-2372.84
2427	0.370024	-2457.72
2428	0.359055	-2280.51
2429	0.358411	-2311.04
2430	0.361212	-2343.58
2431	0.357616	-2278.87
2432	0.367663	-2433.25
2433	0.358463	-2353.4
2434	0.354655	-2254.22
2435	0.369323	-2496.51
2436	0.363632	-2430.37
2437	0.361298	-2346.82
2438	0.363172	-2327.45
2439	0.361296	-2348.11
2440	0.362925	-2385.43
2441	0.367951	-2459.66
2442	0.364135	-2417.64
2443	0.350457	-2230.57
2444	0.358595	-2303.7
2445	0.354614	-2228.87
2446	0.362479	-2373.44
2447	0.361564	-2367.5
2448	0.355302	-2297.35
2449	0.360841	-2339.76
2450	0.351457	-2231.44
2451	0.359751	-2362.82
2452	0.367134	-2454.62
2453	0.356643	-2285
2454	0.36345	-2359.81
2455	0.359431	-2335.78
2456	0.351072	-2232.77
2457	0.363248	-2378.54
2458	0.358315	-2305.4
2459	0.364198	-2380.81
2460	0.360563	-2337.46
2461	0.363035	-2378.78
2462	0.359101	-2368.84
2463	0.36518	-2408.75
2464	0.366189	-2422.1
2465	0.365187	-2391.18
2466	0.358103	-2295.69
2467	0.364831	-2338.72
2468	0.360825	-2312.19
2469	0.351333	-2220.44
2470	0.361599	-2345.32
2471	0.35898	-2321.17
2472	0.354542	-2248.82
2473	0.356881	-2239.3
2474	0.361965	-2386.74
2475	0.365833	-2383.08
2476	0.348891	-2246.73
2477	0.360207	-2374.85
2478	0.350004	-2199.86
2479	0.365471	-2412.5
2480	0.360257	-2348.1
2481	0.359273	-2314.83
2482	0.360564	-2339.99
2483	0.366002	-2384.91
2484	0.359259	-2311.65
2485	0.362414	-2360.56
2486	0.35329	-2219.66
2487	0.358849	-2314.72
2488	0.36363	-2423.6
2489	0.362215	-2368.58
2490	0.362576	-2374.63
2491	0.353867	-2264.98
2492	0.364408	-2370.36
2493	0.356921	-2251.06
2494	0.357718	-2313.89
2495	0.353069	-2230.9
2496	0.35804	-2348.84
2497	0.350818	-2210.28
2498	0.3619	-2308.77
2499	0.35829	-2313.36
2500	0.355725	-2328.06
2501	0.362259	-2389.12
2502	0.361863	-2355.76
2503	0.352895	-2252.05
2504	0.358232	-2344.36
2505	0.366019	-2400.92
2506	0.364507	-2378
2507	0.351642	-2225.88
2508	0.355685	-2253.05
2509	0.360841	-2367.47
2510	0.359402	-2340.81
2511	0.370433	-2470.45
2512	0.360937	-2354.99
2513	0.356715	-2286.33
2514	0.35964	-2307.81
2515	0.358897	-2306.07
2516	0.361282	-2356.57
2517	0.36166	-2337.51
2518	0.353787	-2264.37
2519	0.363886	-2364.01
2520	0.355815	-2278.98
2521	0.364933	-2364.12
2522	0.357723	-2263.92
2523	0.361898	-2339.27
2524	0.364005	-2368.87
2525	0.361326	-2341.6
2526	0.361081	-2369.59
2527	0.360984	-2338.62
2528	0.364997	-2382.58
2529	0.360929	-2322.61
2530	0.353693	-2252.73
2531	0.358913	-2332.27
2532	0.35463	-2288.41
2533	0.356952	-2334.81
2534	0.352249	-2234.64
2535	0.358354	-2273.29
2536	0.362768	-2384.61
2537	0.360233	-2309.88
2538	0.361986	-2377.28
2539	0.363087	-2341.44
2540	0.367487	-2439.97
2541	0.352371	-2230.13
2542	0.363411	-2379.54
2543	0.355173	-2306.34
2544	0.368766	-2433.62
2545	0.356077	-2269.28
2546	0.358012	-2258.31
2547	0.360576	-2332.19
2548	0.369122	-2407.93
2549	0.366157	-2421.32
2550	0.360516	-2321.76
2551	0.359593	-2344.16
2552	0.35487	-2282.17
2553	0.36708	-2438.22
2554	0.359332	-2377.58
2555	0.356494	-2294.63
2556	0.357259	-2289.17
2557	0.363847	-2326.73
2558	0.362208	-2360.56
2559	0.35742	-2300.65
2560	0.361697	-2323.7
2561	0.368878	-2475.27
2562	0.353778	-2240.37
2563	0.351536	-2247.89
2564	0.355882	-2277.38
2565	0.359612	-2289.82
2566	0.358368	-2317.69
2567	0.360172	-2348.05
2568	0.359388	-2315.06
2569	0.357012	-2291.44
2570	0.356315	-2255.93
2571	0.36313	-2352.79
2572	0.362681	-2396.88
2573	0.362817	-2352.73
2574	0.37152	-2473.94
2575	0.356577	-2301.4
2576	0.358467	-2342.41
2577	0.358252	-2311.33
2578	0.358787	-2341.05
2579	0.356214	-2292.34
2580	0.356944	-2311.5
2581	0.367257	-2368.3
2582	0.366574	-2413.32
2583	0.356097	-2264.68
2584	0.35023	-2193.48
2585	0.364442	-2387.18
2586	0.365882	-2438.36
2587	0.356084	-2275.97
2588	0.360335	-2388.24
2589	0.357274	-2261.39
2590	0.358391	-2312.26
2591	0.352165	-2232.87
2592	0.358462	-2303.17
2593	0.365126	-2379.68
2594	0.357437	-2280.81
2595	0.366597	-2425.33
2596	0.367041	-2440.18
2597	0.358352	-2337.45
2598	0.363958	-2378.97
2599	0.358043	-2322.09
2600	0.357917	-2287.3
2601	0.360002	-2311.52
2602	0.364854	-2416.99
2603	0.364137	-2406.98
2604	0.361998	-2327.05
2605	0.362997	-2407.99
2606	0.36358	-2310.33
2607	0.364077	-2409.54
2608	0.373748	-2488.24
2609	0.360607	-2330.64
2610	0.368971	-2437.97
2611	0.362209	-2344.42
2612	0.351443	-2246.12
2613	0.374084	-2511.07
2614	0.354066	-2227.29
2615	0.359947	-2332.48
2616	0.360511	-2356.22
2617	0.358099	-2282.52
2618	0.35975	-2292.45
2619	0.365666	-2402.17
2620	0.355913	-2309.99
2621	0.35375	-2224.53
2622	0.360803	-2330.75
2623	0.36312	-2433.13
2624	0.363201	-2401.66
2625	0.360201	-2339.05
2626	0.365046	-2399.18
2627	0.363396	-2315.9
2628	0.357988	-2262.58
2629	0.365992	-2435.72
2630	0.355805	-2297.81
2631	0.370694	-2445.31
2632	0.359956	-2328.16
2633	0.36782	-2427.75
2634	0.35754	-2334.04
2635	0.365276	-2375.89
2636	0.360899	-2359.98
2637	0.36137	-2324.75
2638	0.35178	-2215.34
2639	0.363092	-2364.33
2640	0.362565	-2377.97
2641	0.361109	-2342.17
2642	0.366538	-2411.91
2643	0.370615	-2489.08
2644	0.358233	-2335.05
2645	0.349746	-2204.43
2646	0.360285	-2346.86
2647	0.36026	-2335.46
2648	0.358157	-2318.17
2649	0.366495	-2441.54
2650	0.367344	-2472.49
2651	0.348543	-2171.12
2652	0.34961	-2185.28
2653	0.366042	-2413.52
2654	0.36771	-2426.26
2655	0.350418	-2188.65
2656	0.360898	-2358.59
2657	0.357717	-2278.57
2658	0.361553	-2363.35
2659	0.36345	-2394.83
2660	0.366566	-2369.87
2661	0.354282	-2306.24
2662	0.366317	-2389.7
2663	0.354707	-2297.39
2664	0.360034	-2328.14
2665	0.359271	-2297.25
2666	0.356178	-2302.7
2667	0.355942	-2285.23
2668	0.356875	-2326.15
2669	0.369685	-2463.56
2670	0.362672	-2398.58
2671	0.355039	-2237.89
2672	0.360649	-2346.32
2673	0.363293	-2370.39
2674	0.357159	-2275.71
2675	0.357496	-2329.41
2676	0.360462	-2335.31
2677	0.356966	-2301.73
2678	0.360083	-2329.56
2679	0.359689	-2308.05
2680	0.345355	-2137.23
2681	0.358765	-2343.95
2682	0.356201	-2303.96
2683	0.360217	-2329.07
2684	0.358547	-2317.12
2685	0.361213	-2327.11
2686	0.368301	-2416.4
2687	0.357206	-2291.67
2688	0.358989	-2323.12
2689	0.360276	-2318.19
2690	0.358735	-2334.44
2691	0.362955	-2390.76
2692	0.361604	-2389.57
2693	0.367768	-2449.18
2694	0.362925	-2395.3
2695	0.364697	-2391.25
2696	0.367112	-2477.78
2697	0.347227	-2130.39
2698	0.356329	-2309.32
2699	0.365435	-2431.87
2700	0.362376	-2401.33
2701	0.362394	-2395.93
2702	0.358923	-2359.74
2703	0.360188	-2337.79
2704	0.360745	-2332.57
2705	0.355991	-2265.25
2706	0.35876	-2334.84
2707	0.359025	-2356.11
2708	0.359161	-2281.34
2709	0.36505	-2379.74
2710	0.360741	-2329.82
2711	0.361969	-2404.87
2712	0.368238	-2466.51
2713	0.368813	-2432.26
2714	0.360572	-2328.99
2715	0.359824	-2320.34
2716	0.362392	-2372.39
2717	0.367849	-2437.3
2718	0.358882	-2312.08
2719	0.359665	-2299.08
2720	0.365476	-2410.83
2721	0.351148	-2262
2722	0.357938	-2329.82
2723	0.362587	-2340.17
2724	0.36204	-2315.64
2725	0.361789	-2366.05
2726	0.361398	-2384.54
2727	0.363131	-2379.59
2728	0.362347	-2353.89
2729	0.368812	-2434.68
2730	0.366709	-2414.41
2731	0.359649	-2311.57
2732	0.360356	-2329.9
2733	0.362574	-2360.55
2734	0.356376	-2287.1
2735	0.361553	-2344.15
2736	0.359851	-2339.26
2737	0.362525	-2363.17
2738	0.358904	-2334.54
2739	0.359708	-2346.96
2740	0.357357	-2327.23
2741	0.360234	-2315.27
2742	0.366427	-2432.05
2743	0.363155	-2327.66
2744	0.354216	-2264.47
2745	0.367114	-2451.6
2746	0.358765	-2329.01
2747	0.359493	-2316.5
2748	0.352762	-2220.18
2749	0.364088	-2369.27
2750	0.362806	-2391.43
2751	0.357682	-2298.09
2752	0.368635	-2431.99
2753	0.360992	-2330.64
2754	0.360189	-2323.87
2755	0.363006	-2373.82
2756	0.35575	-2245.13
2757	0.35787	-2272.94
2758	0.356367	-2272.04
2759	0.35753	-2306.22
2760	0.36149	-2341.5
2761	0.364647	-2375.06
2762	0.358413	-2236.75
2763	0.360373	-2320.85
2764	0.36158	-2338.49
2765	0.355927	-2282.18
2766	0.350094	-2189.74
2767	0.352651	-2217.44
2768	0.363544	-2355.34
2769	0.35562	-2257.63
2770	0.364071	-2389.27
2771	0.363277	-2383.69
2772	0.361315	-2322.58
2773	0.362406	-2356.5
2774	0.368259	-2448.86
2775	0.3618	-2374.02
2776	0.362401	-2369.23
2777	0.367717	-2447.87
2778	0.35255	-2281.7
2779	0.354368	-2299.69
2780	0.364647	-2397.98
2781	0.359861	-2276.04
2782	0.361988	-2341.63
2783	0.359539	-2313.94
2784	0.359894	-2328.07
2785	0.356243	-2313.46
2786	0.363455	-2387.83
2787	0.36353	-2379.69
2788	0.351568	-2257.34
2789	0.36921	-2426.69
2790	0.358412	-2326.65
2791	0.354885	-2270.04
2792	0.359991	-2314.63
2793	0.357978	-2334.35
2794	0.362575	-2398.83
2795	0.361742	-2300.26
2796	0.361456	-2383.65
2797	0.350481	-2205.68
2798	0.356226	-2284.74
2799	0.346692	-2165.07
2800	0.358531	-2279.77
2801	0.357756	-2286.95
2802	0.359786	-2337.41
2803	0.35613	-2264.17
2804	0.351014	-2212.7
2805	0.365417	-2384.27
2806	0.356328	-2298.27
2807	0.351288	-2182.48
2808	0.361969	-2363.8
2809	0.356886	-2297.48
2810	0.357954	-2283.09
2811	0.365916	-2380.7
2812	0.359024	-2346.98
2813	0.358616	-2270.03
2814	0.359333	-2366.8
2815	0.360031	-2338.89
2816	0.356816	-2348.36
2817	0.367966	-2457.93
2818	0.350803	-2178.74
2819	0.36149	-2335.94
2820	0.360098	-2320.2
2821	0.360653	-2354.61
2822	0.359985	-2325.71
2823	0.351826	-2195.01
2824	0.364351	-2437.93
2825	0.352788	-2218.62
2826	0.356297	-2311.77
2827	0.357187	-2285.7
2828	0.362516	-2347.9
2829	0.360013	-2334.98
2830	0.359414	-2344.47
2831	0.358958	-2318.64
2832	0.358373	-2316.98
2833	0.362752	-2376.72
2834	0.359982	-2288.11
2835	0.359565	-2300.56
2836	0.35864	-2323.83
2837	0.356941	-2302.82
2838	0.363465	-2397.18
2839	0.365425	-2387.58
2840	0.364233	-2364.53
2841	0.366517	-2369.18
2842	0.364675	-2374.92
2843	0.362439	-2361.29
2844	0.366695	-2399.99
2845	0.361352	-2380.54
2846	0.35469	-2226.76
2847	0.35869	-2295.41
2848	0.348165	-2203.82
2849	0.366756	-2453.56
2850	0.355168	-2271.22
2851	0.36961	-2458.01
2852	0.37037	-2459.7
2853	0.35587	-2300.56
2854	0.356305	-2226.39
2855	0.353314	-2205.84
2856	0.373279	-2489.7
2857	0.368687	-2403.12
2858	0.357529	-2235.63
2859	0.35977	-2374.39
2860	0.364001	-2350.48
2861	0.35769	-2321.4
2862	0.356682	-2268.27
2863	0.36555	-2383.2
2864	0.354763	-2261.55
2865	0.369395	-2435.8
2866	0.360483	-2334.64
2867	0.363506	-2367.17
2868	0.367728	-2436.82
2869	0.357573	-2327.87
2870	0.355804	-2341.27
2871	0.357305	-2311.66
2872	0.358048	-2323.75
2873	0.365997	-2409.27
2874	0.365581	-2345.81
2875	0.350982	-2231.76
2876	0.363691	-2349.31
2877	0.353528	-2241.86
2878	0.360362	-2317.88
2879	0.357281	-2309.78
2880	0.358958	-2326.06
2881	0.357006	-2303.37
2882	0.354935	-2217.38
2883	0.357321	-2301.78
2884	0.356072	-2258.75
2885	0.369611	-2502.83
2886	0.351675	-2222.56
2887	0.355511	-2220.61
2888	0.365893	-2430.88
2889	0.351725	-2249.69
2890	0.350342	-2207.9
2891	0.353493	-2259.1
2892	0.362008	-2392.45
2893	0.358057	-2329.36
2894	0.362258	-2349.45
2895	0.364334	-2374.7
2896	0.360964	-2318.93
2897	0.355655	-2278.7
2898	0.363635	-2372.15
2899	0.369837	-2466.59
2900	0.360932	-2321.5
2901	0.357828	-2264.57
2902	0.363345	-2335.78
2903	0.364102	-2353.46
2904	0.366224	-2411.65
2905	0.367647	-2459.83
2906	0.36625	-2418.35
2907	0.358113	-2360.54
2908	0.357781	-2288.33
2909	0.365699	-2364.15
2910	0.364444	-2386.21
2911	0.357897	-2265.43
2912	0.357072	-2253.8
2913	0.357357	-2303.89
2914	0.360839	-2369.09
2915	0.359466	-2328.42
2916	0.360419	-2364.54
2917	0.352715	-2276.06
2918	0.36298	-2383.88
2919	0.35467	-2249.31
2920	0.365367	-2406.69
2921	0.359703	-2358.68
2922	0.360341	-2356.84
2923	0.354797	-2254.14
2924	0.359674	-2334.13
2925	0.34725	-2161.79
2926	0.358487	-2349.87
2927	0.363186	-2374.05
2928	0.370162	-2419.18
2929	0.355745	-2250.45
2930	0.361871	-2358.14
2931	0.354762	-2254.45
2932	0.36219	-2380.32
2933	0.343856	-2128.66
2934	0.356385	-2304.1
2935	0.359033	-2331.82
2936	0.360367	-2308.78
2937	0.359303	-2334.91
2938	0.350633	-2201.51
2939	0.35752	-2260.92
2940	0.356216	-2312.73
2941	0.356026	-2274.08
2942	0.370683	-2473.64
2943	0.367734	-2409.57
2944	0.357662	-2300.23
2945	0.358893	-2296.89
2946	0.35997	-2326.33
2947	0.363174	-2347.34
2948	0.352818	-2210.67
2949	0.359929	-2352.54
2950	0.361361	-2350.54
2951	0.366032	-2413.87
2952	0.356278	-2283.12
2953	0.370645	-2457.68
2954	0.35247	-2228.53
2955	0.363526	-2344.75
2956	0.370657	-2469.79
2957	0.363274	-2358.14
2958	0.361762	-2332.1
2959	0.362927	-2389.58
2960	0.359099	-2324.06
2961	0.374625	-2498.7
2962	0.359682	-2384.96
2963	0.364773	-2409.76
2964	0.356624	-2251.78
2965	0.373477	-2556.1
2966	0.357986	-2330.76
2967	0.358546	-2320.46
2968	0.360712	-2355.46
2969	0.354437	-2236.84
2970	0.353441	-2258.89
2971	0.363083	-2394.59
2972	0.363268	-2370.99
2973	0.358484	-2349.61
2974	0.358375	-2257.62
2975	0.362899	-2354.67
2976	0.358387	-2329.64
2977	0.361255	-2353.1
2978	0.357844	-2296.66
2979	0.362375	-2345.75
2980	0.356585	-2323.8
2981	0.353835	-2222.42
2982	0.35474	-2250.37
2983	0.358442	-2321.63
2984	0.354468	-2254.69
2985	0.35701	-2342.35
2986	0.365328	-2360.49
2987	0.36209	-2357.48
2988	0.361457	-2384.45
2989	0.360747	-2319.26
2990	0.355591	-2274.83
2991	0.354411	-2251.54
2992	0.359929	-2359.28
2993	0.355305	-2240.24
2994	0.359869	-2277.9
2995	0.356072	-2245.3
2996	0.354435	-2269.47
2997	0.357222	-2306.28
2998	0.362836	-2434.49
2999	0.359776	-2317.51
