0	0.368755	-2454.25
1	0.353163	-2279.24
2	0.361992	-2337.93
3	0.363402	-2365.89
4	0.354146	-2263.33
5	0.353014	-2237.1
6	0.355986	-2260.61
7	0.35272	-2240.53
8	0.349008	-2169.25
9	0.354603	-2212.89
10	0.361929	-2352.67
11	0.356224	-2311.34
12	0.348765	-2178.13
13	0.368363	-2411.93
14	0.355262	-2263.36
15	0.350135	-2201.95
16	0.356366	-2272.82
17	0.365139	-2437.44
18	0.3636	-2349.73
19	0.355537	-2325.83
20	0.362763	-2377.34
21	0.354903	-2241.64
22	0.349186	-2194.97
23	0.359519	-2353.72
24	0.365496	-2366.17
25	0.355674	-2270.26
26	0.348561	-2166.08
27	0.360629	-2301.75
28	0.366537	-2402.54
29	0.363723	-2395.93
30	0.363227	-2366.79
31	0.365557	-2418.48
32	0.357447	-2277.82
33	0.353303	-2247.19
34	0.359637	-2311.29
35	0.357317	-2338.84
36	0.361387	-2340.43
37	0.363135	-2383.73
38	0.356514	-2300.69
39	0.361185	-2340
40	0.350213	-2191.71
41	0.362628	-2335.58
42	0.365313	-2406.93
43	0.35951	-2330.58
44	0.353297	-2259.43
45	0.356335	-2289.43
46	0.359196	-2322.37
47	0.348777	-2139.42
48	0.357084	-2293.34
49	0.364631	-2394.03
50	0.358044	-2309.43
51	0.356096	-2294.75
52	0.35502	-2285.57
53	0.349617	-2199.03
54	0.366848	-2414.71
55	0.362588	-2398.63
56	0.353756	-2284.54
57	0.366697	-2391.18
58	0.350317	-2188.72
59	0.359226	-2305.11
60	0.357957	-2325.37
61	0.349096	-2221.96
62	0.35564	-2292.2
63	0.363359	-2399.29
64	0.350629	-2190.02
65	0.357398	-2273.32
66	0.361959	-2316.09
67	0.364697	-2402.15
68	0.361848	-2366.39
69	0.367355	-2383.22
70	0.355194	-2286.42
71	0.354696	-2288.82
72	0.363369	-2371.92
73	0.361035	-2339.11
74	0.349703	-2207.17
75	0.358623	-2283.67
76	0.361878	-2354.4
77	0.358967	-2325.54
78	0.353585	-2233.34
79	0.357906	-2309.39
80	0.358817	-2338.07
81	0.358348	-2318.93
82	0.356922	-2271.82
83	0.350744	-2218.06
84	0.365757	-2413.73
85	0.35602	-2250.06
86	0.364704	-2382.26
87	0.357193	-2310.15
88	0.351254	-2217.21
89	0.363133	-2371.06
90	0.360067	-2324.04
91	0.360442	-2330.41
92	0.351631	-2207.92
93	0.357503	-2266.97
94	0.360832	-2281.67
95	0.359196	-2295.69
96	0.344544	-2151.52
97	0.36027	-2386.2
98	0.358619	-2330.48
99	0.356314	-2273.91
100	0.359575	-2310.98
101	0.366749	-2438.27
102	0.365149	-2403.52
103	0.344765	-2160.56
104	0.351706	-2230.46
105	0.354297	-2210.81
106	0.363907	-2340.62
107	0.357815	-2276.54
108	0.353432	-2255.65
109	0.35546	-2279.18
110	0.35565	-2248.64
111	0.358116	-2300.83
112	0.362816	-2371.12
113	0.360625	-2396.1
114	0.364979	-2449.61
115	0.35153	-2211.93
116	0.354737	-2271.36
117	0.356775	-2308.46
118	0.359468	-2324.49
119	0.357062	-2288.87
120	0.361002	-2334.1
121	0.357236	-2339.32
122	0.358007	-2296.61
123	0.357269	-2336.52
124	0.361852	-2335.18
125	0.36601	-2432.01
126	0.362711	-2326.82
127	0.366368	-2357.48
128	0.36053	-2359.32
129	0.36072	-2334.53
130	0.35359	-2261.88
131	0.366922	-2406.11
132	0.356725	-2284.11
133	0.360872	-2380.58
134	0.358016	-2302.24
135	0.366679	-2384.98
136	0.355002	-2253.62
137	0.348112	-2188
138	0.363219	-2290.65
139	0.354282	-2255
140	0.36742	-2415.49
141	0.35644	-2320.58
142	0.352743	-2236.79
143	0.365079	-2408.28
144	0.360249	-2338.47
145	0.357044	-2279.09
146	0.354477	-2211.51
147	0.349153	-2204.11
148	0.370611	-2483.81
149	0.363868	-2395.05
150	0.354158	-2294.67
151	0.351576	-2223.41
152	0.356781	-2253.08
153	0.352169	-2256.42
154	0.354339	-2240.53
155	0.359049	-2350.6
156	0.37061	-2486.18
157	0.360668	-2332.99
158	0.363969	-2388.18
159	0.350621	-2198.81
160	0.357093	-2279.67
161	0.357951	-2297.4
162	0.365373	-2384.52
163	0.356899	-2314.99
164	0.360156	-2316.34
165	0.367911	-2457.2
166	0.358052	-2346.83
167	0.36614	-2413.92
168	0.351428	-2202.47
169	0.359231	-2289.07
170	0.357773	-2296.08
171	0.364391	-2423.59
172	0.355715	-2273.33
173	0.356335	-2269.46
174	0.36479	-2385.25
175	0.362499	-2354.3
176	0.371888	-2479.43
177	0.358548	-2363.3
178	0.364632	-2367.14
179	0.354717	-2252.18
180	0.356674	-2297
181	0.3609	-2355.52
182	0.360691	-2324.6
183	0.359481	-2320.83
184	0.363306	-2390.17
185	0.361453	-2373.75
186	0.358395	-2325.24
187	0.355696	-2253.64
188	0.351899	-2199.46
189	0.357692	-2302.54
190	0.353083	-2262.97
191	0.361336	-2372.02
192	0.352008	-2301.01
193	0.367367	-2387.82
194	0.363231	-2315.27
195	0.353253	-2253.51
196	0.352752	-2259.9
197	0.367532	-2451.49
198	0.357353	-2310.97
199	0.347492	-2178.41
200	0.372008	-2453.79
201	0.357052	-2314.51
202	0.36292	-2343.95
203	0.355293	-2308.99
204	0.360076	-2378.62
205	0.364949	-2364.87
206	0.356412	-2332.22
207	0.353991	-2272.52
208	0.360456	-2259.56
209	0.356912	-2284.02
210	0.358456	-2337.58
211	0.353374	-2260.74
212	0.360488	-2335.74
213	0.35949	-2316.91
214	0.358542	-2275.03
215	0.362861	-2341.51
216	0.359187	-2291.07
217	0.361358	-2344.03
218	0.361183	-2355.6
219	0.35857	-2301.34
220	0.356939	-2273.43
221	0.362956	-2337.04
222	0.35024	-2194.11
223	0.359262	-2346.97
224	0.363058	-2339.27
225	0.363385	-2371.24
226	0.365932	-2428.83
227	0.354473	-2215.21
228	0.357422	-2304.56
229	0.353857	-2218.55
230	0.362403	-2377.4
231	0.355571	-2283.07
232	0.360676	-2382.1
233	0.357735	-2326.53
234	0.35283	-2220.54
235	0.359548	-2330.95
236	0.358785	-2308.74
237	0.361926	-2346.61
238	0.35859	-2313.85
239	0.360386	-2366.02
240	0.359853	-2339.26
241	0.35782	-2313.29
242	0.360481	-2299.79
243	0.360236	-2342.69
244	0.364039	-2400.39
245	0.365613	-2417.09
246	0.359449	-2323.32
247	0.363519	-2398.3
248	0.360023	-2322.31
249	0.35854	-2312.63
250	0.371493	-2466.81
251	0.358918	-2308.27
252	0.364838	-2387.18
253	0.354307	-2223.61
254	0.367985	-2429.69
255	0.361519	-2383.48
256	0.359634	-2333.92
257	0.357179	-2294.16
258	0.358218	-2276.38
259	0.35627	-2271.08
260	0.36534	-2352.97
261	0.358173	-2277.78
262	0.362851	-2347.4
263	0.348883	-2220.24
264	0.369432	-2440.05
265	0.366621	-2387.26
266	0.357884	-2304.01
267	0.359329	-2319.1
268	0.34957	-2166.58
269	0.354579	-2287.01
270	0.351439	-2228.9
271	0.351577	-2199.26
272	0.35636	-2226.01
273	0.364593	-2393.41
274	0.367377	-2425.72
275	0.35214	-2216.11
276	0.360389	-2358.36
277	0.348446	-2192.15
278	0.370093	-2446.02
279	0.361448	-2380.22
280	0.365508	-2437.4
281	0.358868	-2347.07
282	0.349562	-2194.24
283	0.361502	-2395.3
284	0.358995	-2326.64
285	0.363783	-2375.69
286	0.363765	-2399.44
287	0.353681	-2230.51
288	0.358989	-2286.83
289	0.354814	-2230.19
290	0.362049	-2318.68
291	0.35821	-2319.2
292	0.350788	-2231.71
293	0.364615	-2410.34
294	0.36178	-2377.3
295	0.356405	-2287.71
296	0.357469	-2323.75
297	0.362115	-2354.49
298	0.354667	-2263.6
299	0.361067	-2338.69
300	0.352905	-2222.92
301	0.354698	-2251.84
302	0.356726	-2251.09
303	0.362867	-2362.03
304	0.358598	-2260.36
305	0.360175	-2312.63
306	0.350134	-2212.63
307	0.355702	-2256.77
308	0.360196	-2388.97
309	0.361705	-2364.19
310	0.362846	-2345.7
311	0.354448	-2226.71
312	0.360775	-2344.98
313	0.355904	-2273.82
314	0.367505	-2409.12
315	0.355246	-2247.62
316	0.360231	-2330.45
317	0.356654	-2297.63
318	0.354383	-2278.4
319	0.359761	-2349.55
320	0.365154	-2374.14
321	0.358985	-2304.38
322	0.361924	-2408.33
323	0.360654	-2334.83
324	0.355249	-2267.98
325	0.365042	-2386.13
326	0.356439	-2294.08
327	0.356084	-2254.3
328	0.355012	-2276.13
329	0.357346	-2298.69
330	0.362334	-2343.21
331	0.363412	-2413.89
332	0.367048	-2383.26
333	0.357915	-2297.51
334	0.360738	-2369.13
335	0.364551	-2389.58
336	0.365316	-2412.34
337	0.361073	-2347.19
338	0.360278	-2319.05
339	0.367509	-2403.08
340	0.364401	-2431.54
341	0.36094	-2320.49
342	0.357267	-2320.57
343	0.348377	-2206.11
344	0.358545	-2293.78
345	0.355779	-2223.71
346	0.354985	-2294.33
347	0.364908	-2385.85
348	0.352052	-2226.5
349	0.352979	-2255.9
350	0.35063	-2216.16
351	0.358323	-2350.23
352	0.362365	-2337.35
353	0.368269	-2448.23
354	0.364406	-2406.51
355	0.358015	-2275.42
356	0.363387	-2366.2
357	0.355448	-2231.8
358	0.356059	-2290.71
359	0.360201	-2357.99
360	0.358718	-2329.92
361	0.364668	-2397.01
362	0.366154	-2414.29
363	0.366791	-2431.89
364	0.355995	-2230.43
365	0.353823	-2208.46
366	0.355483	-2271.66
367	0.365504	-2443.74
368	0.357398	-2303.83
369	0.361259	-2348.4
370	0.360492	-2307.24
371	0.360199	-2332.38
372	0.367054	-2419.03
373	0.362121	-2352.95
374	0.361389	-2356.99
375	0.356073	-2286.33
376	0.358445	-2296.43
377	0.356229	-2264.56
378	0.359567	-2350.16
379	0.357328	-2318.48
380	0.360798	-2299.71
381	0.363944	-2396.16
382	0.36091	-2343.88
383	0.361043	-2332.23
384	0.353768	-2256.95
385	0.357626	-2284.68
386	0.361405	-2369.69
387	0.356738	-2317.99
388	0.35528	-2265.1
389	0.359225	-2362.61
390	0.357468	-2270.3
391	0.351452	-2181.44
392	0.360642	-2346.68
393	0.361694	-2346.92
394	0.359438	-2308.98
395	0.356451	-2292.14
396	0.35599	-2284.61
397	0.352235	-2302.64
398	0.359715	-2335.84
399	0.367794	-2399.9
400	0.358608	-2344.14
401	0.364628	-2383.81
402	0.359609	-2319.79
403	0.355194	-2291.22
404	0.351209	-2246.8
405	0.365812	-2373.49
406	0.360699	-2308.32
407	0.360388	-2369.93
408	0.358886	-2291.09
409	0.356222	-2265.26
410	0.362203	-2309.41
411	0.355454	-2257.49
412	0.365677	-2368.47
413	0.359496	-2326.08
414	0.34394	-2082.61
415	0.349175	-2198
416	0.356655	-2291.75
417	0.351781	-2230.66
418	0.361493	-2370.23
419	0.356347	-2314.68
420	0.35289	-2274.94
421	0.360882	-2338.37
422	0.355684	-2270.16
423	0.365037	-2377.24
424	0.3643	-2355.21
425	0.367571	-2367.51
426	0.361489	-2290.52
427	0.350251	-2202.5
428	0.356618	-2300.84
429	0.352105	-2248.52
430	0.356188	-2272.82
431	0.356887	-2309.56
432	0.361614	-2334.33
433	0.34934	-2190.83
434	0.348242	-2183.2
435	0.359867	-2323.38
436	0.355459	-2295.09
437	0.357948	-2243.52
438	0.361908	-2340.71
439	0.363112	-2385.2
440	0.36241	-2350.32
441	0.358273	-2323.71
442	0.355804	-2295.75
443	0.355452	-2245.59
444	0.358196	-2317.21
445	0.363895	-2375.28
446	0.353827	-2273.58
447	0.352602	-2215.62
448	0.354516	-2270.49
449	0.353393	-2243.17
450	0.352125	-2181.88
451	0.357818	-2290.76
452	0.357394	-2276.88
453	0.359164	-2328.56
454	0.361609	-2379.84
455	0.360595	-2345.96
456	0.358998	-2334.48
457	0.35878	-2336.99
458	0.365189	-2400.82
459	0.354488	-2247.99
460	0.363618	-2379.74
461	0.365104	-2382.1
462	0.355226	-2283.72
463	0.356741	-2294.74
464	0.357307	-2335.76
465	0.363146	-2359.39
466	0.360435	-2322.25
467	0.366169	-2463.66
468	0.358337	-2269.19
469	0.36307	-2346.36
470	0.357042	-2332.37
471	0.359272	-2323.72
472	0.359007	-2310.35
473	0.355442	-2282.8
474	0.36159	-2369.72
475	0.360641	-2340.13
476	0.358827	-2324.89
477	0.368178	-2410.82
478	0.361225	-2348.8
479	0.365348	-2363.79
480	0.359546	-2324.69
481	0.352427	-2232.07
482	0.361994	-2344.38
483	0.356384	-2304.73
484	0.361051	-2358.84
485	0.359947	-2328.54
486	0.360734	-2339.63
487	0.362912	-2388.68
488	0.363259	-2371.47
489	0.371777	-2478.81
490	0.357676	-2351.14
491	0.368739	-2471.44
492	0.363653	-2367.73
493	0.360153	-2321.54
494	0.348619	-2193.94
495	0.365098	-2385.46
496	0.364964	-2352.82
497	0.360504	-2344.01
498	0.360499	-2344.67
499	0.359035	-2339.29
500	0.350017	-2231.45
501	0.349987	-2214.89
502	0.362447	-2354.64
503	0.370442	-2465.91
504	0.361673	-2333.34
505	0.360374	-2317.22
506	0.361073	-2339.47
507	0.35138	-2228.1
508	0.359044	-2298.83
509	0.351222	-2225.85
510	0.354212	-2224.93
511	0.359022	-2341.02
512	0.362028	-2367.26
513	0.358982	-2319.18
514	0.364039	-2402.34
515	0.358219	-2303.96
516	0.353975	-2275.4
517	0.356152	-2289.18
518	0.366593	-2410.71
519	0.356915	-2225.31
520	0.365503	-2397.82
521	0.355892	-2293.89
522	0.366429	-2425.73
523	0.364419	-2378.9
524	0.357326	-2324.41
525	0.365986	-2393.3
526	0.363171	-2391.09
527	0.358954	-2347.73
528	0.361883	-2415.89
529	0.353519	-2240.06
530	0.360429	-2324.85
531	0.359087	-2274.31
532	0.356429	-2248.19
533	0.361667	-2389.71
534	0.361233	-2358.64
535	0.359174	-2286.8
536	0.366304	-2402.55
537	0.360859	-2349.75
538	0.363579	-2379.74
539	0.365202	-2410.32
540	0.368058	-2440.55
541	0.363758	-2391.34
542	0.358699	-2300.21
543	0.3599	-2381.79
544	0.357778	-2278.37
545	0.357479	-2348.45
546	0.359564	-2346.01
547	0.354133	-2247.15
548	0.361623	-2348.14
549	0.357283	-2308.3
550	0.360993	-2344.24
551	0.359423	-2295.43
552	0.352318	-2244.97
553	0.351681	-2206.96
554	0.360763	-2363.01
555	0.368222	-2432.43
556	0.36077	-2333.48
557	0.357499	-2313.76
558	0.357972	-2319.75
559	0.354256	-2273.66
560	0.351052	-2190.13
561	0.356421	-2282.27
562	0.362666	-2384.67
563	0.360078	-2300.42
564	0.353109	-2229.86
565	0.360033	-2309.47
566	0.359104	-2341.75
567	0.360264	-2327.51
568	0.36108	-2323.18
569	0.357914	-2327.31
570	0.360734	-2329.25
571	0.358581	-2335.62
572	0.366602	-2479.07
573	0.35907	-2341.87
574	0.362033	-2384.36
575	0.356382	-2266.82
576	0.362294	-2340.19
577	0.360059	-2326.24
578	0.363827	-2363.51
579	0.361132	-2344.09
580	0.35867	-2292.59
581	0.355341	-2238.08
582	0.364153	-2357.9
583	0.364195	-2381.13
584	0.363541	-2372.46
585	0.363831	-2326.31
586	0.361652	-2322.27
587	0.366509	-2442.52
588	0.36163	-2363.1
589	0.361596	-2331.32
590	0.350936	-2220.9
591	0.365831	-2401.68
592	0.360136	-2337.75
593	0.353085	-2291.84
594	0.353897	-2255.97
595	0.368388	-2420.4
596	0.367147	-2469.07
597	0.358054	-2354.57
598	0.35633	-2293.6
599	0.363933	-2366.02
600	0.359823	-2379.3
601	0.365927	-2411.36
602	0.360463	-2302.76
603	0.356134	-2293.77
604	0.368705	-2427.06
605	0.355294	-2281.32
606	0.364917	-2413.11
607	0.357833	-2286.66
608	0.352827	-2234.22
609	0.356783	-2261.75
610	0.361208	-2317.3
611	0.365096	-2373.91
612	0.356605	-2298.41
613	0.366497	-2442
614	0.366931	-2407.68
615	0.361245	-2376.66
616	0.363073	-2412.8
617	0.362214	-2374.13
618	0.359027	-2332.43
619	0.369787	-2491.48
620	0.353897	-2285.35
621	0.366462	-2402.05
622	0.356764	-2281.33
623	0.356722	-2320.11
624	0.356482	-2252.75
625	0.356322	-2280.95
626	0.362922	-2360.04
627	0.365358	-2415.13
628	0.362585	-2402.53
629	0.359442	-2348.77
630	0.357893	-2281.02
631	0.356614	-2292.78
632	0.363315	-2386.16
633	0.360537	-2342.79
634	0.356973	-2291.95
635	0.371943	-2490.1
636	0.360417	-2302
637	0.358019	-2273.5
638	0.358655	-2308.79
639	0.360434	-2303.94
640	0.359586	-2334.61
641	0.358415	-2329.65
642	0.355668	-2309.51
643	0.356031	-2252.28
644	0.359428	-2321.34
645	0.35648	-2315.42
646	0.35529	-2277.38
647	0.35633	-2283.3
648	0.356508	-2247.88
649	0.351036	-2205.57
650	0.359213	-2304.87
651	0.350709	-2240.78
652	0.351869	-2185.85
653	0.36158	-2394.11
654	0.350744	-2172.14
655	0.358477	-2338.79
656	0.366945	-2423.45
657	0.366199	-2403.11
658	0.355509	-2258.25
659	0.3632	-2393.37
660	0.358634	-2307.67
661	0.35637	-2306.07
662	0.355467	-2274.56
663	0.356747	-2343.78
664	0.354784	-2242.84
665	0.361763	-2355.5
666	0.363321	-2387.23
667	0.354075	-2263.27
668	0.366174	-2444.92
669	0.362319	-2394.6
670	0.365155	-2425.64
671	0.355449	-2262.5
672	0.353964	-2273.98
673	0.356365	-2253
674	0.356928	-2290.86
675	0.358246	-2311.72
676	0.35278	-2232.97
677	0.356864	-2265.83
678	0.358228	-2307.88
679	0.357238	-2286.02
680	0.359801	-2312.95
681	0.367758	-2439.34
682	0.363144	-2372.97
683	0.350434	-2206.87
684	0.353067	-2228.14
685	0.357027	-2306.19
686	0.362193	-2360.39
687	0.360302	-2292.74
688	0.356861	-2258.34
689	0.363166	-2427.5
690	0.363837	-2355.03
691	0.35527	-2315.05
692	0.364929	-2360.02
693	0.369801	-2422.7
694	0.362428	-2395.89
695	0.366164	-2342.23
696	0.359335	-2323.85
697	0.362765	-2400.65
698	0.356748	-2309.59
699	0.353968	-2287.44
700	0.365446	-2377.94
701	0.361524	-2369.75
702	0.360828	-2330.17
703	0.359226	-2311.21
704	0.357212	-2256.53
705	0.352986	-2264.85
706	0.361959	-2301.93
707	0.358847	-2283.59
708	0.363561	-2400.78
709	0.356863	-2251.62
710	0.360261	-2305.95
711	0.358631	-2302.29
712	0.361229	-2303.45
713	0.36092	-2340.49
714	0.353998	-2262.58
715	0.360756	-2342.56
716	0.355632	-2266.03
717	0.363929	-2346.75
718	0.355686	-2275.02
719	0.355885	-2258.66
720	0.357421	-2277.24
721	0.368702	-2447.9
722	0.36563	-2370.71
723	0.362697	-2336.16
724	0.359464	-2326.88
725	0.365956	-2401.43
726	0.364724	-2350.95
727	0.359324	-2329.28
728	0.358575	-2309.22
729	0.362639	-2348.19
730	0.3671	-2415.07
731	0.357494	-2273.42
732	0.354814	-2296.25
733	0.361852	-2347.32
734	0.354147	-2235.78
735	0.360444	-2332.8
736	0.361221	-2349.11
737	0.36338	-2393.96
738	0.358307	-2276.42
739	0.35032	-2198.97
740	0.360234	-2343.08
741	0.364002	-2424.22
742	0.360084	-2314.29
743	0.35899	-2363.83
744	0.366575	-2435.29
745	0.351954	-2172.96
746	0.36333	-2364.41
747	0.369841	-2439.31
748	0.357919	-2323.94
749	0.358561	-2271.1
750	0.368758	-2471.13
751	0.357436	-2274.52
752	0.365766	-2410.91
753	0.35307	-2239.84
754	0.357835	-2293.41
755	0.359239	-2335.99
756	0.36222	-2395.83
757	0.349112	-2187.13
758	0.363509	-2342.94
759	0.358824	-2346.27
760	0.350293	-2190.68
761	0.362153	-2327.74
762	0.364016	-2420.23
763	0.359994	-2299.96
764	0.359164	-2334.52
765	0.360515	-2373.14
766	0.361921	-2359.65
767	0.366462	-2397.18
768	0.360249	-2356.58
769	0.354005	-2291.08
770	0.348963	-2213.42
771	0.358021	-2309.42
772	0.364939	-2455.63
773	0.364759	-2352.16
774	0.355048	-2245.78
775	0.365563	-2359.31
776	0.355797	-2240.38
777	0.358661	-2350.87
778	0.359713	-2274.44
779	0.363112	-2398.96
780	0.363542	-2428.51
781	0.363874	-2397.18
782	0.354929	-2288.09
783	0.353099	-2255.37
784	0.368736	-2432.85
785	0.360718	-2324.59
786	0.358434	-2341.57
787	0.351741	-2221.24
788	0.362155	-2382.77
789	0.356647	-2312.53
790	0.362796	-2364.7
791	0.365586	-2400.75
792	0.375509	-2527.21
793	0.352604	-2226.73
794	0.368441	-2446.43
795	0.354421	-2256.64
796	0.352318	-2240.05
797	0.359267	-2350.29
798	0.355475	-2253.72
799	0.355282	-2286
800	0.352637	-2228.63
801	0.359822	-2305.33
802	0.359417	-2295.83
803	0.361196	-2364.91
804	0.358881	-2337.76
805	0.361977	-2350.82
806	0.355526	-2254.17
807	0.356273	-2305.33
808	0.367056	-2466.86
809	0.359696	-2339.23
810	0.349455	-2239.82
811	0.361397	-2351.35
812	0.35936	-2329.21
813	0.358672	-2302.56
814	0.360152	-2291.01
815	0.351839	-2240.49
816	0.364853	-2412.72
817	0.363196	-2409.23
818	0.36017	-2361.51
819	0.361283	-2335.26
820	0.361914	-2380.94
821	0.35232	-2212.87
822	0.359838	-2393.72
823	0.360512	-2322.59
824	0.36021	-2350
825	0.357726	-2275.71
826	0.358639	-2290.24
827	0.363371	-2369.58
828	0.356519	-2304.07
829	0.362107	-2330.94
830	0.356222	-2329.99
831	0.354815	-2271.89
832	0.354901	-2204.01
833	0.367205	-2428.82
834	0.363532	-2375.87
835	0.357318	-2330.27
836	0.364153	-2376.4
837	0.361748	-2370.78
838	0.354261	-2244.36
839	0.36108	-2293.95
840	0.354195	-2229.17
841	0.352848	-2229.76
842	0.355153	-2249.84
843	0.355673	-2253.05
844	0.359047	-2312.36
845	0.355558	-2275.53
846	0.358955	-2304.49
847	0.356146	-2266.37
848	0.354245	-2213.86
849	0.362348	-2342.06
850	0.357562	-2320.66
851	0.350178	-2196
852	0.353992	-2260.98
853	0.361087	-2298.44
854	0.368	-2424.74
855	0.356734	-2284.1
856	0.366246	-2403.98
857	0.350307	-2157.71
858	0.362091	-2354.08
859	0.362737	-2335.33
860	0.364968	-2416.61
861	0.354998	-2285.6
862	0.354685	-2263.93
863	0.362126	-2367.06
864	0.364539	-2383.7
865	0.353073	-2284.81
866	0.354419	-2259.33
867	0.354519	-2219.89
868	0.362618	-2378.85
869	0.361077	-2313.21
870	0.361768	-2319.89
871	0.3572	-2278.19
872	0.354415	-2281.82
873	0.360354	-2362.73
874	0.361496	-2371.66
875	0.35919	-2352.1
876	0.358966	-2349.07
877	0.356798	-2304.61
878	0.35841	-2297.83
879	0.363759	-2397.3
880	0.360048	-2379.2
881	0.36231	-2322.01
882	0.360458	-2340.67
883	0.354411	-2266.53
884	0.36248	-2343.28
885	0.357887	-2304.39
886	0.361426	-2349.49
887	0.356578	-2291.69
888	0.359772	-2353.26
889	0.363576	-2356.79
890	0.354231	-2261.94
891	0.358268	-2336.59
892	0.354209	-2274.98
893	0.36206	-2352.78
894	0.358761	-2328.44
895	0.351857	-2242.12
896	0.35043	-2184.18
897	0.363954	-2401.26
898	0.358095	-2281.05
899	0.357686	-2303.09
900	0.359587	-2360.66
901	0.356759	-2267.79
902	0.362676	-2376.89
903	0.36159	-2327.71
904	0.358332	-2280.95
905	0.364609	-2400.24
906	0.352573	-2252.68
907	0.350298	-2203.51
908	0.363949	-2409.4
909	0.354665	-2235.9
910	0.362209	-2355.63
911	0.349655	-2164.68
912	0.358399	-2301.34
913	0.35817	-2287.35
914	0.362245	-2337.05
915	0.359967	-2302.11
916	0.35344	-2256.09
917	0.354178	-2238.39
918	0.360871	-2332.32
919	0.364968	-2437.41
920	0.35912	-2382.3
921	0.362646	-2344
922	0.352626	-2244.15
923	0.361935	-2378.93
924	0.358069	-2326.78
925	0.359862	-2326.1
926	0.361901	-2325.07
927	0.367877	-2481.11
928	0.352859	-2274.05
929	0.350479	-2217.44
930	0.364357	-2366.33
931	0.361559	-2390.56
932	0.348154	-2118.43
933	0.36661	-2387.69
934	0.35542	-2279.85
935	0.368974	-2462.6
936	0.361785	-2355.81
937	0.352316	-2233.57
938	0.364586	-2398.98
939	0.362656	-2399.34
940	0.355805	-2260.64
941	0.356378	-2246.78
942	0.356274	-2295.21
943	0.359357	-2286.37
944	0.364755	-2392.35
945	0.356268	-2257.83
946	0.353337	-2249.15
947	0.366095	-2381.74
948	0.359191	-2318.99
949	0.357845	-2283.18
950	0.355923	-2263.64
951	0.356724	-2289.66
952	0.359745	-2318.48
953	0.362248	-2341.17
954	0.365922	-2410.9
955	0.363821	-2387.93
956	0.37046	-2475.65
957	0.363916	-2368.88
958	0.355954	-2264.7
959	0.351885	-2195.42
960	0.362257	-2382.07
961	0.364679	-2385.85
962	0.354866	-2244.45
963	0.359871	-2366.36
964	0.354869	-2295.62
965	0.355967	-2295.57
966	0.350308	-2174.04
967	0.353733	-2260.96
968	0.355932	-2264.76
969	0.356545	-2298.79
970	0.365879	-2384.52
971	0.355203	-2219.93
972	0.350979	-2200.14
973	0.36686	-2391.54
974	0.362306	-2331.04
975	0.354211	-2226.42
976	0.365109	-2368.54
977	0.355378	-2269.24
978	0.361005	-2313.61
979	0.360492	-2356.92
980	0.362175	-2355.06
981	0.35905	-2309.63
982	0.359611	-2311.87
983	0.368709	-2452.72
984	0.352319	-2247.94
985	0.358522	-2297.04
986	0.356834	-2322
987	0.359648	-2344.12
988	0.352239	-2175.71
989	0.359478	-2312.19
990	0.363005	-2388.79
991	0.356767	-2286.62
992	0.358048	-2340.87
993	0.35691	-2262.14
994	0.352476	-2209.72
995	0.35441	-2260.21
996	0.354586	-2255.97
997	0.367644	-2430.75
998	0.356916	-2292.75
999	0.353241	-2209.97
1000	0.366847	-2439.6
1001	0.360399	-2321.34
1002	0.359904	-2365.95
1003	0.358925	-2329.37
1004	0.360521	-2368.1
1005	0.360218	-2331.11
1006	0.364424	-2413.09
1007	0.354143	-2248.09
1008	0.36377	-2360.78
1009	0.347244	-2205.39
1010	0.356413	-2287.42
1011	0.364728	-2399.36
1012	0.348466	-2175.46
1013	0.35947	-2339.93
1014	0.353087	-2261.06
1015	0.346249	-2153.07
1016	0.357477	-2302.67
1017	0.356599	-2306.39
1018	0.358689	-2295.65
1019	0.358812	-2287.36
1020	0.350635	-2209.85
1021	0.359177	-2287.34
1022	0.362895	-2358.43
1023	0.365951	-2396.19
1024	0.363301	-2376.71
1025	0.363449	-2353.37
1026	0.35939	-2332.01
1027	0.362804	-2387.28
1028	0.356003	-2285.77
1029	0.359081	-2317.04
1030	0.358814	-2304.34
1031	0.36118	-2330.18
1032	0.359364	-2262.06
1033	0.363296	-2350
1034	0.356993	-2256.94
1035	0.356331	-2312.06
1036	0.354175	-2186.74
1037	0.35679	-2280.62
1038	0.358476	-2256.21
1039	0.37001	-2491.04
1040	0.362166	-2363.31
1041	0.353564	-2207.42
1042	0.358109	-2284.42
1043	0.351731	-2180.06
1044	0.356859	-2286.89
1045	0.358523	-2307.3
1046	0.359107	-2359.88
1047	0.354042	-2237.38
1048	0.359443	-2351.43
1049	0.359873	-2318.16
1050	0.372243	-2492.92
1051	0.361123	-2342.08
1052	0.360077	-2279.05
1053	0.36709	-2437.74
1054	0.357114	-2280.45
1055	0.35228	-2204.4
1056	0.36508	-2404.52
1057	0.364983	-2353.83
1058	0.362367	-2379.58
1059	0.359743	-2286.33
1060	0.36199	-2315.83
1061	0.354943	-2313.11
1062	0.360362	-2348.57
1063	0.360086	-2332.19
1064	0.365362	-2431.68
1065	0.353688	-2251.82
1066	0.358932	-2326.71
1067	0.357176	-2296.14
1068	0.358642	-2305.92
1069	0.358276	-2354.16
1070	0.371201	-2496.68
1071	0.358457	-2333.99
1072	0.364309	-2369
1073	0.361577	-2349.35
1074	0.350477	-2239.98
1075	0.358742	-2331.59
1076	0.358927	-2303.6
1077	0.360077	-2344.58
1078	0.36113	-2371.8
1079	0.362571	-2359.65
1080	0.3567	-2280.79
1081	0.355706	-2308.75
1082	0.357266	-2290.06
1083	0.357717	-2269.89
1084	0.352347	-2264.65
1085	0.355956	-2271.76
1086	0.357548	-2300.11
1087	0.355608	-2299.84
1088	0.35842	-2302.77
1089	0.352737	-2271.31
1090	0.356505	-2277.03
1091	0.361405	-2328.71
1092	0.353253	-2262.5
1093	0.366786	-2449.86
1094	0.354692	-2229.9
1095	0.354903	-2214.27
1096	0.358069	-2301.76
1097	0.357112	-2265.07
1098	0.354781	-2241.51
1099	0.358362	-2298.58
1100	0.352595	-2229.08
1101	0.364987	-2446.89
1102	0.348881	-2172.39
1103	0.366846	-2416.45
1104	0.358206	-2289.21
1105	0.358173	-2337.46
1106	0.35888	-2281.04
1107	0.363076	-2397.25
1108	0.359365	-2278.37
1109	0.357501	-2345.93
1110	0.359989	-2334.41
1111	0.355309	-2281.09
1112	0.365746	-2412.49
1113	0.357927	-2323.08
1114	0.359646	-2278.46
1115	0.368359	-2481.65
1116	0.361343	-2337.97
1117	0.353875	-2237.68
1118	0.358917	-2330.21
1119	0.355931	-2273.7
1120	0.355265	-2266.99
1121	0.365955	-2380.63
1122	0.359436	-2306.73
1123	0.36445	-2377.79
1124	0.361598	-2373.25
1125	0.358939	-2327.23
1126	0.364052	-2365.7
1127	0.354453	-2245.44
1128	0.369201	-2446.82
1129	0.365334	-2455
1130	0.348713	-2194.69
1131	0.366671	-2386.72
1132	0.365657	-2391.51
1133	0.354226	-2268.6
1134	0.357996	-2311.97
1135	0.362905	-2363.47
1136	0.353388	-2214.12
1137	0.354931	-2257.98
1138	0.353434	-2214.97
1139	0.362077	-2378.44
1140	0.360676	-2333.01
1141	0.356513	-2329.48
1142	0.362251	-2369.23
1143	0.366062	-2410.41
1144	0.357526	-2263.77
1145	0.360707	-2398.76
1146	0.365929	-2432.66
1147	0.355759	-2257.13
1148	0.359557	-2324.77
1149	0.348205	-2190.94
1150	0.359377	-2301.38
1151	0.359165	-2296.58
1152	0.359356	-2305.61
1153	0.357651	-2274.14
1154	0.362987	-2412.63
1155	0.350831	-2210.26
1156	0.354769	-2218.53
1157	0.358842	-2306.06
1158	0.34938	-2219.8
1159	0.355742	-2245.88
1160	0.366168	-2375.05
1161	0.360308	-2326.36
1162	0.35085	-2238.8
1163	0.357832	-2277.59
1164	0.361118	-2333.35
1165	0.361801	-2315.37
1166	0.364061	-2392.24
1167	0.364725	-2388.52
1168	0.360346	-2351.37
1169	0.368675	-2446.55
1170	0.361085	-2321.57
1171	0.360271	-2325.24
1172	0.36848	-2405.99
1173	0.358042	-2313.42
1174	0.365639	-2415.35
1175	0.365301	-2421.15
1176	0.359502	-2309.24
1177	0.360616	-2335.94
1178	0.366559	-2383.05
1179	0.355573	-2231.46
1180	0.353346	-2249.01
1181	0.359773	-2337.57
1182	0.356163	-2276.76
1183	0.355838	-2304.45
1184	0.35544	-2290.16
1185	0.35977	-2306.17
1186	0.36422	-2433.23
1187	0.355514	-2276.18
1188	0.364893	-2395.62
1189	0.361211	-2339.06
1190	0.362145	-2400.03
1191	0.359839	-2331.41
1192	0.358103	-2303.43
1193	0.357321	-2315.33
1194	0.361072	-2327.57
1195	0.356999	-2282.52
1196	0.356614	-2293.11
1197	0.353064	-2209.52
1198	0.362096	-2387.56
1199	0.350782	-2207.22
1200	0.355714	-2264.39
1201	0.360468	-2291.26
1202	0.36258	-2347.3
1203	0.360856	-2382.81
1204	0.353146	-2236.05
1205	0.365568	-2420.9
1206	0.364011	-2376.8
1207	0.372351	-2492.1
1208	0.360968	-2361.92
1209	0.360052	-2365.95
1210	0.355668	-2269.36
1211	0.358091	-2306.78
1212	0.356803	-2301.15
1213	0.358596	-2278.59
1214	0.362105	-2392.09
1215	0.359608	-2357.67
1216	0.36031	-2323.31
1217	0.362979	-2327.54
1218	0.360238	-2328.1
1219	0.362215	-2385.16
1220	0.352898	-2251.15
1221	0.357058	-2292.66
1222	0.361491	-2362.29
1223	0.361766	-2338.28
1224	0.357432	-2286.45
1225	0.360809	-2380.76
1226	0.356906	-2262.81
1227	0.360883	-2306.15
1228	0.360888	-2327.84
1229	0.356941	-2307.58
1230	0.359914	-2372.11
1231	0.349098	-2186.23
1232	0.362076	-2409.77
1233	0.354675	-2279.85
1234	0.366772	-2413.01
1235	0.360179	-2320.68
1236	0.365934	-2353.07
1237	0.357317	-2263.45
1238	0.355114	-2268.14
1239	0.356709	-2248.3
1240	0.36064	-2311.97
1241	0.353553	-2238.44
1242	0.365093	-2426.56
1243	0.352483	-2205.07
1244	0.361545	-2255.31
1245	0.36223	-2352.98
1246	0.352711	-2253.99
1247	0.354495	-2295.84
1248	0.354812	-2245.91
1249	0.361144	-2392.39
1250	0.364154	-2413.72
1251	0.35939	-2347.23
1252	0.348582	-2174.69
1253	0.356975	-2302.01
1254	0.357969	-2259.52
1255	0.363296	-2323.98
1256	0.355126	-2287.99
1257	0.364165	-2375.88
1258	0.35748	-2312.38
1259	0.351271	-2205.94
1260	0.367836	-2470.27
1261	0.35879	-2298.26
1262	0.364364	-2367.48
1263	0.363945	-2359.62
1264	0.358351	-2315.24
1265	0.355727	-2256.91
1266	0.362074	-2311.66
1267	0.351975	-2249.9
1268	0.347742	-2187.73
1269	0.35236	-2235.92
1270	0.361749	-2339.07
1271	0.355056	-2240.87
1272	0.363265	-2375.99
1273	0.355436	-2263.58
1274	0.361602	-2366.71
1275	0.350701	-2271.42
1276	0.364268	-2426.32
1277	0.363506	-2347.26
1278	0.354946	-2278.9
1279	0.356021	-2304.78
1280	0.348482	-2166.46
1281	0.357613	-2325.26
1282	0.35551	-2274.71
1283	0.355467	-2293.82
1284	0.359906	-2384.27
1285	0.360288	-2346.22
1286	0.360892	-2362.41
1287	0.364684	-2411.77
1288	0.358578	-2326.69
1289	0.355146	-2269.78
1290	0.355395	-2290.97
1291	0.359278	-2380.31
1292	0.35737	-2290.62
1293	0.363665	-2423.16
1294	0.354008	-2258.48
1295	0.357824	-2315.2
1296	0.353428	-2234.51
1297	0.362737	-2405.51
1298	0.359032	-2303.52
1299	0.357355	-2285.45
1300	0.360055	-2390.73
1301	0.36852	-2400.82
1302	0.358551	-2285.65
1303	0.36264	-2362.85
1304	0.357525	-2293.1
1305	0.357619	-2305.82
1306	0.357588	-2260.18
1307	0.357306	-2297.69
1308	0.354369	-2268.72
1309	0.357082	-2342.85
1310	0.352802	-2265.66
1311	0.349787	-2188.94
1312	0.351198	-2156.99
1313	0.361161	-2336.39
1314	0.363045	-2410.97
1315	0.361022	-2324.79
1316	0.351423	-2219.3
1317	0.360611	-2314.56
1318	0.357144	-2259.52
1319	0.358101	-2278.13
1320	0.355239	-2268.11
1321	0.357809	-2360.06
1322	0.367577	-2422.05
1323	0.352798	-2233.43
1324	0.366095	-2407.5
1325	0.365823	-2425.25
1326	0.35434	-2257.82
1327	0.355554	-2265.74
1328	0.361838	-2374.18
1329	0.361725	-2296.05
1330	0.362337	-2361.11
1331	0.35737	-2310.74
1332	0.361957	-2320.76
1333	0.347955	-2160.02
1334	0.358661	-2334.13
1335	0.357985	-2276.84
1336	0.358231	-2272.38
1337	0.353231	-2262.44
1338	0.348794	-2252.42
1339	0.356244	-2305.91
1340	0.350026	-2184.61
1341	0.357301	-2326.02
1342	0.355007	-2298.42
1343	0.356953	-2303.43
1344	0.354751	-2231.22
1345	0.35806	-2276.37
1346	0.356393	-2299.51
1347	0.360944	-2371.02
1348	0.365999	-2375.5
1349	0.356957	-2262.61
1350	0.36684	-2389.99
1351	0.364821	-2361.67
1352	0.356407	-2287.09
1353	0.354534	-2285.5
1354	0.359244	-2301.98
1355	0.365651	-2396.6
1356	0.349789	-2194.63
1357	0.350269	-2188.49
1358	0.360992	-2328.45
1359	0.357603	-2276.36
1360	0.359055	-2289.45
1361	0.36677	-2410.12
1362	0.36193	-2376.82
1363	0.356471	-2258.82
1364	0.359755	-2304.11
1365	0.363036	-2366.63
1366	0.364172	-2395.56
1367	0.360471	-2330.98
1368	0.363088	-2402.54
1369	0.358167	-2299.46
1370	0.356368	-2316
1371	0.358251	-2329.04
1372	0.354591	-2251.94
1373	0.35383	-2252.17
1374	0.358464	-2315.19
1375	0.365045	-2397.17
1376	0.364576	-2371.94
1377	0.35613	-2276.76
1378	0.351201	-2192.21
1379	0.356283	-2301.5
1380	0.358253	-2312.75
1381	0.35962	-2354.82
1382	0.366187	-2401.21
1383	0.355401	-2280.68
1384	0.354525	-2274.78
1385	0.363966	-2398.37
1386	0.351185	-2207.18
1387	0.365452	-2396.4
1388	0.354751	-2230.56
1389	0.361191	-2371.85
1390	0.36046	-2347.46
1391	0.359498	-2321.07
1392	0.35806	-2319.3
1393	0.35771	-2286.21
1394	0.362591	-2352.44
1395	0.359667	-2328.89
1396	0.356763	-2301.08
1397	0.358767	-2303.98
1398	0.357934	-2292.49
1399	0.362567	-2320.47
1400	0.362627	-2348.47
1401	0.361785	-2371.13
1402	0.361889	-2404.74
1403	0.358501	-2275.8
1404	0.348915	-2160.66
1405	0.359704	-2357.42
1406	0.361294	-2315.78
1407	0.357792	-2324.46
1408	0.362697	-2339.8
1409	0.36255	-2347.72
1410	0.355175	-2272.84
1411	0.356741	-2313.89
1412	0.353593	-2283.2
1413	0.362124	-2370.08
1414	0.360014	-2349.7
1415	0.348126	-2187.51
1416	0.361238	-2373.01
1417	0.359636	-2367.62
1418	0.359751	-2352.6
1419	0.358446	-2277.98
1420	0.361995	-2384.72
1421	0.359002	-2313.5
1422	0.361175	-2348.95
1423	0.362841	-2367.66
1424	0.35506	-2308.27
1425	0.358535	-2304.78
1426	0.361325	-2336.15
1427	0.36406	-2348.12
1428	0.358766	-2284.7
1429	0.353076	-2202.83
1430	0.360044	-2292.24
1431	0.357249	-2290.97
1432	0.355676	-2302.59
1433	0.358227	-2331.09
1434	0.362789	-2314.68
1435	0.357153	-2310.45
1436	0.35586	-2273.04
1437	0.35509	-2248.57
1438	0.354656	-2226.69
1439	0.356716	-2229.57
1440	0.357039	-2282.27
1441	0.362857	-2366.02
1442	0.364478	-2397.44
1443	0.355892	-2265.14
1444	0.360507	-2358.54
1445	0.357844	-2315.32
1446	0.360034	-2322.27
1447	0.356881	-2236.87
1448	0.356591	-2283.29
1449	0.358297	-2276.24
1450	0.359184	-2332.92
1451	0.359481	-2318.14
1452	0.361761	-2337.62
1453	0.357048	-2243.4
1454	0.355456	-2276.76
1455	0.358541	-2276.26
1456	0.355207	-2292.73
1457	0.356243	-2252.19
1458	0.354034	-2255.38
1459	0.354704	-2281.47
1460	0.36152	-2318.53
1461	0.35499	-2252.05
1462	0.364964	-2359.65
1463	0.348897	-2193.23
1464	0.36287	-2383.34
1465	0.360335	-2345.47
1466	0.359167	-2309.52
1467	0.359326	-2296.09
1468	0.365114	-2359.47
1469	0.361707	-2334.12
1470	0.36197	-2327.56
1471	0.36116	-2358.44
1472	0.359662	-2303.31
1473	0.356418	-2298.52
1474	0.358681	-2313.68
1475	0.36352	-2371.74
1476	0.354722	-2238.18
1477	0.355306	-2277.38
1478	0.360921	-2323.9
1479	0.363837	-2317.32
1480	0.366412	-2405.71
1481	0.35734	-2331.47
1482	0.361639	-2359.61
1483	0.359684	-2366.49
1484	0.352793	-2244
1485	0.356631	-2253.42
1486	0.356567	-2306.69
1487	0.36513	-2437.15
1488	0.351082	-2216.25
1489	0.358751	-2302.97
1490	0.356011	-2304.07
1491	0.356518	-2345.73
1492	0.355897	-2263.73
1493	0.358799	-2315.29
1494	0.370649	-2452.18
1495	0.35409	-2272.1
1496	0.359668	-2301.52
1497	0.363614	-2412.36
1498	0.363564	-2378.58
1499	0.36315	-2327.16
1500	0.355959	-2287.82
1501	0.363613	-2378.73
1502	0.345384	-2162.93
1503	0.361541	-2337.09
1504	0.365251	-2413.65
1505	0.35558	-2299.58
1506	0.358237	-2269.68
1507	0.350537	-2240.6
1508	0.360106	-2364.57
1509	0.365269	-2434.96
1510	0.350951	-2242.13
1511	0.357705	-2309.06
1512	0.35943	-2296.18
1513	0.357214	-2320.6
1514	0.358576	-2325.27
1515	0.35287	-2224.26
1516	0.355554	-2271.13
1517	0.357992	-2329.9
1518	0.367121	-2421.21
1519	0.353252	-2228.76
1520	0.357894	-2288.72
1521	0.355073	-2260.51
1522	0.355537	-2285.44
1523	0.360504	-2355.98
1524	0.359682	-2324.36
1525	0.355559	-2251.58
1526	0.358753	-2314.82
1527	0.362098	-2363.97
1528	0.368797	-2414.84
1529	0.366788	-2393.97
1530	0.356792	-2280.21
1531	0.368984	-2461.1
1532	0.363705	-2331.78
1533	0.362322	-2345.8
1534	0.357317	-2274.96
1535	0.365033	-2407.84
1536	0.354075	-2197.27
1537	0.351446	-2219.43
1538	0.357165	-2315.21
1539	0.359541	-2333.35
1540	0.35738	-2299.59
1541	0.356419	-2286.47
1542	0.360578	-2349.47
1543	0.350906	-2176.59
1544	0.359594	-2332.75
1545	0.36577	-2375.73
1546	0.357605	-2300.27
1547	0.363856	-2398.67
1548	0.356466	-2257.97
1549	0.363776	-2350.78
1550	0.36364	-2354.66
1551	0.361167	-2396.67
1552	0.354613	-2272.91
1553	0.356017	-2289.92
1554	0.36476	-2388.08
1555	0.359199	-2302
1556	0.365813	-2425.72
1557	0.361673	-2344.44
1558	0.362142	-2309.85
1559	0.357411	-2284.39
1560	0.362507	-2404.73
1561	0.349585	-2191.94
1562	0.362717	-2361.85
1563	0.355806	-2266.91
1564	0.36263	-2346.88
1565	0.356465	-2312.37
1566	0.363007	-2383.74
1567	0.363264	-2403.17
1568	0.358608	-2328.83
1569	0.360147	-2294.49
1570	0.357361	-2285.18
1571	0.351872	-2208.85
1572	0.36329	-2427.05
1573	0.361267	-2326.63
1574	0.359434	-2313.17
1575	0.362388	-2360.5
1576	0.361629	-2349.69
1577	0.363613	-2411.9
1578	0.358796	-2307.93
1579	0.357028	-2295.45
1580	0.359443	-2306.12
1581	0.360413	-2363.2
1582	0.359857	-2328.82
1583	0.360833	-2316.51
1584	0.357654	-2330.11
1585	0.36812	-2488.66
1586	0.36321	-2348.73
1587	0.363937	-2381.9
1588	0.361609	-2374.71
1589	0.355115	-2249.51
1590	0.352977	-2192.87
1591	0.359745	-2328.66
1592	0.364798	-2412.07
1593	0.361356	-2339.88
1594	0.35966	-2334.8
1595	0.35667	-2297.19
1596	0.354419	-2224.13
1597	0.359273	-2362.75
1598	0.355232	-2290.42
1599	0.358924	-2306.88
1600	0.354532	-2292.73
1601	0.356027	-2327.07
1602	0.352203	-2269.06
1603	0.364936	-2383.55
1604	0.363199	-2368.39
1605	0.366232	-2395.51
1606	0.360312	-2317.89
1607	0.358452	-2257.54
1608	0.363872	-2387.9
1609	0.362492	-2360.96
1610	0.352311	-2212.15
1611	0.35906	-2343.9
1612	0.352336	-2263.72
1613	0.355815	-2261.68
1614	0.358928	-2305.01
1615	0.362267	-2318.54
1616	0.353225	-2244.15
1617	0.358214	-2292.38
1618	0.353263	-2263.23
1619	0.359969	-2334.38
1620	0.355193	-2278.77
1621	0.363496	-2381.64
1622	0.368344	-2483.2
1623	0.351271	-2211.28
1624	0.356706	-2284.24
1625	0.359854	-2322.21
1626	0.35949	-2312.33
1627	0.3583	-2324.07
1628	0.354825	-2292.7
1629	0.355997	-2252.9
1630	0.35685	-2312.37
1631	0.361469	-2348.58
1632	0.3539	-2202.86
1633	0.355456	-2258.25
1634	0.363221	-2330.57
1635	0.367795	-2420.05
1636	0.365364	-2392.98
1637	0.36282	-2349.85
1638	0.356144	-2296.59
1639	0.363863	-2409.74
1640	0.370318	-2476.17
1641	0.361076	-2342.03
1642	0.359881	-2330.32
1643	0.359266	-2292.44
1644	0.359324	-2356.12
1645	0.365084	-2350.96
1646	0.371851	-2481.72
1647	0.369267	-2433.96
1648	0.360115	-2335.36
1649	0.352121	-2233.8
1650	0.350572	-2172.81
1651	0.365645	-2463.53
1652	0.3609	-2348.39
1653	0.361666	-2373.2
1654	0.363718	-2353.83
1655	0.359048	-2335.17
1656	0.358742	-2334.54
1657	0.363706	-2365.91
1658	0.349581	-2145.5
1659	0.365274	-2398.43
1660	0.360415	-2321.97
1661	0.370631	-2474.6
1662	0.362728	-2356.41
1663	0.36141	-2313.99
1664	0.354548	-2230.56
1665	0.351129	-2224.86
1666	0.360428	-2294.49
1667	0.364521	-2395.35
1668	0.360453	-2330.13
1669	0.351121	-2243.42
1670	0.356168	-2274.3
1671	0.359874	-2356.14
1672	0.358493	-2318.78
1673	0.362641	-2340.83
1674	0.364089	-2371.46
1675	0.361539	-2325
1676	0.359042	-2341.6
1677	0.357643	-2287.85
1678	0.357551	-2319.89
1679	0.360399	-2327.28
1680	0.364601	-2389.62
1681	0.36465	-2376.63
1682	0.362185	-2395.05
1683	0.359021	-2306.48
1684	0.361334	-2362.62
1685	0.359573	-2336.96
1686	0.355098	-2294.64
1687	0.365332	-2395.48
1688	0.361369	-2327.94
1689	0.366068	-2403.42
1690	0.364935	-2381.66
1691	0.34637	-2168.06
1692	0.353552	-2228.47
1693	0.35483	-2297.52
1694	0.364362	-2379.13
1695	0.354673	-2185.68
1696	0.362319	-2285.82
1697	0.351754	-2233.65
1698	0.351361	-2219.77
1699	0.357824	-2300.59
1700	0.359714	-2345.59
1701	0.353812	-2199.35
1702	0.35338	-2235.62
1703	0.350164	-2198.67
1704	0.351964	-2244.37
1705	0.355813	-2256.71
1706	0.357826	-2296.35
1707	0.357238	-2316.23
1708	0.352959	-2268.93
1709	0.356324	-2265.23
1710	0.363247	-2352.91
1711	0.356122	-2282.27
1712	0.358782	-2349.48
1713	0.348293	-2201.45
1714	0.358282	-2318.39
1715	0.363773	-2364.28
1716	0.357367	-2292.62
1717	0.356843	-2287.66
1718	0.370881	-2444.7
1719	0.364445	-2364.75
1720	0.352734	-2265.86
1721	0.353653	-2289.01
1722	0.355222	-2322.09
1723	0.365749	-2436.44
1724	0.355862	-2274.33
1725	0.363895	-2370.11
1726	0.366013	-2417.23
1727	0.365316	-2347.73
1728	0.363754	-2325.51
1729	0.355535	-2239.38
1730	0.360714	-2403.08
1731	0.363516	-2422.67
1732	0.357513	-2283.44
1733	0.360514	-2332.14
1734	0.359248	-2304.09
1735	0.36115	-2262.38
1736	0.353333	-2265.45
1737	0.359741	-2297.13
1738	0.353005	-2229.76
1739	0.362053	-2360.85
1740	0.360807	-2342.4
1741	0.357786	-2314.64
1742	0.355159	-2287.46
1743	0.359718	-2296.08
1744	0.358558	-2342.71
1745	0.35946	-2277.85
1746	0.359825	-2347.45
1747	0.357928	-2296.56
1748	0.354563	-2245.76
1749	0.362574	-2362.87
1750	0.35682	-2352.21
1751	0.354978	-2288.81
1752	0.356351	-2316.87
1753	0.362673	-2330.46
1754	0.356863	-2249.22
1755	0.360258	-2336.35
1756	0.348653	-2168.37
1757	0.358799	-2378.78
1758	0.357059	-2273.63
1759	0.358972	-2305.56
1760	0.361857	-2379.9
1761	0.365251	-2415.81
1762	0.355892	-2303.36
1763	0.357523	-2313.84
1764	0.358755	-2337.57
1765	0.351521	-2266.77
1766	0.367372	-2446.14
1767	0.353185	-2233.16
1768	0.362132	-2348.82
1769	0.353838	-2205.59
1770	0.356252	-2300.64
1771	0.362104	-2311.16
1772	0.362508	-2338.45
1773	0.359687	-2315.56
1774	0.35292	-2210.79
1775	0.357084	-2283.47
1776	0.366004	-2414.47
1777	0.353768	-2254.11
1778	0.356965	-2284.75
1779	0.373946	-2491.36
1780	0.34664	-2161.47
1781	0.355763	-2307.63
1782	0.362091	-2380.21
1783	0.351563	-2206.58
1784	0.357151	-2315.05
1785	0.359539	-2318.63
1786	0.368787	-2465.14
1787	0.363181	-2376.68
1788	0.35028	-2177.04
1789	0.357797	-2291.62
1790	0.36076	-2340.15
1791	0.35694	-2280.52
1792	0.362708	-2344.33
1793	0.365987	-2391.84
1794	0.355354	-2244.83
1795	0.360565	-2357.67
1796	0.359222	-2321.3
1797	0.366498	-2389.26
1798	0.360171	-2348.01
1799	0.357445	-2238.87
1800	0.358443	-2299.34
1801	0.356698	-2272.95
1802	0.352552	-2216.28
1803	0.365035	-2347.66
1804	0.36009	-2326.02
1805	0.358125	-2312.44
1806	0.364922	-2383.65
1807	0.351954	-2235.3
1808	0.35389	-2216.5
1809	0.359803	-2324.38
1810	0.351535	-2241.93
1811	0.366326	-2407.38
1812	0.359886	-2300.7
1813	0.355557	-2262.15
1814	0.36715	-2392.41
1815	0.348037	-2181.03
1816	0.35341	-2280.99
1817	0.364395	-2368.6
1818	0.360718	-2346.24
1819	0.353179	-2241.45
1820	0.36345	-2373.43
1821	0.358694	-2275.89
1822	0.351663	-2221.04
1823	0.364168	-2375.27
1824	0.364226	-2356.69
1825	0.358258	-2314.66
1826	0.351056	-2263.65
1827	0.351423	-2188.43
1828	0.363856	-2342.77
1829	0.363445	-2381.86
1830	0.364474	-2378.85
1831	0.352429	-2223.47
1832	0.364776	-2338.13
1833	0.356513	-2294
1834	0.361453	-2357.05
1835	0.352766	-2232.4
1836	0.363591	-2408.5
1837	0.357836	-2357.74
1838	0.365748	-2386.82
1839	0.366512	-2426.92
1840	0.35955	-2304.88
1841	0.34702	-2142.8
1842	0.357639	-2282.61
1843	0.356642	-2299.75
1844	0.359186	-2278.64
1845	0.362999	-2347.94
1846	0.361251	-2350.95
1847	0.361324	-2382.6
1848	0.356504	-2305.56
1849	0.359225	-2366.94
1850	0.360988	-2374.1
1851	0.361803	-2343.71
1852	0.356856	-2288.36
1853	0.358325	-2305.91
1854	0.365463	-2387.56
1855	0.356871	-2256.4
1856	0.359146	-2347.75
1857	0.350938	-2216.3
1858	0.363507	-2381.24
1859	0.359399	-2339.36
1860	0.363135	-2399.29
1861	0.360171	-2339.68
1862	0.367002	-2418.19
1863	0.363178	-2399.59
1864	0.360305	-2343.47
1865	0.363647	-2429.29
1866	0.361345	-2323.53
1867	0.356588	-2326.96
1868	0.360628	-2349.57
1869	0.351016	-2218.16
1870	0.36682	-2416.91
1871	0.361245	-2373.78
1872	0.354925	-2244.57
1873	0.361867	-2331.83
1874	0.361674	-2321.46
1875	0.361693	-2352.37
1876	0.362313	-2407.19
1877	0.369319	-2437.93
1878	0.357482	-2287.49
1879	0.355424	-2266.43
1880	0.364078	-2402.62
1881	0.364781	-2376.14
1882	0.352081	-2262.05
1883	0.356354	-2302.57
1884	0.357987	-2295.22
1885	0.361216	-2348.12
1886	0.361564	-2365.1
1887	0.36138	-2344.92
1888	0.366598	-2396.6
1889	0.369635	-2447.05
1890	0.358363	-2323.46
1891	0.36343	-2404.55
1892	0.362061	-2373.36
1893	0.362328	-2325.43
1894	0.361472	-2334.65
1895	0.364943	-2376.86
1896	0.350188	-2230.18
1897	0.360191	-2305.62
1898	0.354418	-2281.79
1899	0.361036	-2326.61
1900	0.361576	-2377.79
1901	0.363104	-2370.61
1902	0.354365	-2249.47
1903	0.362526	-2344.55
1904	0.35586	-2281.39
1905	0.354795	-2273.71
1906	0.353424	-2234.42
1907	0.35996	-2353.73
1908	0.356209	-2276.53
1909	0.354998	-2258.85
1910	0.359534	-2338.86
1911	0.364437	-2406.15
1912	0.364244	-2384.31
1913	0.357142	-2307.65
1914	0.356696	-2305.25
1915	0.357849	-2299.71
1916	0.353899	-2272.13
1917	0.362604	-2397.91
1918	0.353389	-2249.65
1919	0.35339	-2278.31
1920	0.365379	-2371.98
1921	0.360512	-2331.37
1922	0.35297	-2239.07
1923	0.364814	-2366.07
1924	0.355383	-2285.86
1925	0.363234	-2363.53
1926	0.362172	-2347.4
1927	0.364005	-2335.1
1928	0.361162	-2364.54
1929	0.365633	-2408.13
1930	0.358916	-2295.56
1931	0.364842	-2396.05
1932	0.354478	-2296.28
1933	0.36627	-2416.84
1934	0.357676	-2291.27
1935	0.360932	-2315.59
1936	0.366473	-2417.82
1937	0.360659	-2349.48
1938	0.356876	-2325.95
1939	0.360804	-2343.56
1940	0.360724	-2331.6
1941	0.352705	-2250.67
1942	0.358789	-2340.24
1943	0.351502	-2208.84
1944	0.354085	-2255.51
1945	0.354764	-2261.46
1946	0.357025	-2243.85
1947	0.355561	-2289.83
1948	0.356629	-2276.7
1949	0.358127	-2307.25
1950	0.363794	-2396.6
1951	0.359952	-2275.08
1952	0.363064	-2370.27
1953	0.359185	-2354.39
1954	0.358432	-2278.9
1955	0.35926	-2316.56
1956	0.354302	-2307.08
1957	0.363494	-2363.27
1958	0.357549	-2280.71
1959	0.350256	-2209.54
1960	0.355339	-2285.92
1961	0.354309	-2262.09
1962	0.35937	-2289.78
1963	0.365204	-2370.14
1964	0.35056	-2174.27
1965	0.362274	-2347.75
1966	0.358463	-2301.08
1967	0.361761	-2376.48
1968	0.357221	-2293.77
1969	0.36897	-2428.87
1970	0.361676	-2363.29
1971	0.359879	-2330.88
1972	0.354231	-2244.8
1973	0.360338	-2302.41
1974	0.347408	-2160.02
1975	0.356179	-2272.7
1976	0.363149	-2343.11
1977	0.360294	-2293.97
1978	0.357965	-2292.65
1979	0.355089	-2262.39
1980	0.35241	-2206.73
1981	0.358014	-2298.3
1982	0.355233	-2247.58
1983	0.364163	-2349.57
1984	0.351391	-2192.78
1985	0.356692	-2302.95
1986	0.366328	-2396.76
1987	0.360994	-2342.66
1988	0.362497	-2340.2
1989	0.356166	-2233.69
1990	0.357215	-2270.36
1991	0.358532	-2286.54
1992	0.34947	-2211.36
1993	0.358227	-2337.06
1994	0.360241	-2297.4
1995	0.35659	-2301.58
1996	0.357792	-2314.57
1997	0.357294	-2321.24
1998	0.362405	-2322.17
1999	0.366699	-2393.82
2000	0.360969	-2320.95
2001	0.364548	-2363.44
2002	0.357921	-2254.89
2003	0.358507	-2312.43
2004	0.353731	-2285.94
2005	0.348937	-2233.08
2006	0.367045	-2408.67
2007	0.358679	-2358.66
2008	0.350978	-2209.51
2009	0.359609	-2338.46
2010	0.3642	-2383.17
2011	0.360622	-2346.89
2012	0.361475	-2336.59
2013	0.358968	-2313.96
2014	0.373238	-2488.99
2015	0.358602	-2341.41
2016	0.365	-2361.61
2017	0.355007	-2244.91
2018	0.36054	-2332.69
2019	0.366489	-2413.06
2020	0.35424	-2268.47
2021	0.364382	-2401.72
2022	0.356926	-2302.74
2023	0.356303	-2292.97
2024	0.356262	-2273.22
2025	0.356233	-2264.62
2026	0.359277	-2314.25
2027	0.356084	-2227.6
2028	0.364034	-2377.24
2029	0.364292	-2381.38
2030	0.348596	-2214.77
2031	0.371464	-2459.84
2032	0.36604	-2373.75
2033	0.352422	-2286.91
2034	0.35587	-2286.69
2035	0.36293	-2356.77
2036	0.356331	-2317.9
2037	0.352617	-2213.86
2038	0.36675	-2443.84
2039	0.353174	-2226.72
2040	0.355662	-2279.27
2041	0.357322	-2302.29
2042	0.353441	-2203.8
2043	0.360045	-2344.25
2044	0.363632	-2391.41
2045	0.359558	-2311.14
2046	0.356452	-2273.41
2047	0.364542	-2380.16
2048	0.355799	-2277.68
2049	0.353135	-2193.68
2050	0.366413	-2384.64
2051	0.354637	-2265.71
2052	0.359961	-2356.48
2053	0.363783	-2382.65
2054	0.358109	-2275.81
2055	0.360362	-2339.4
2056	0.357161	-2258.51
2057	0.354918	-2271.41
2058	0.359768	-2334.11
2059	0.363483	-2318.47
2060	0.369261	-2438.21
2061	0.350526	-2242.03
2062	0.362538	-2384.31
2063	0.359386	-2353.63
2064	0.355689	-2246.71
2065	0.361592	-2339.58
2066	0.364905	-2408.05
2067	0.348865	-2166.17
2068	0.360553	-2353.12
2069	0.363018	-2402.6
2070	0.355716	-2236.64
2071	0.357136	-2257.84
2072	0.35571	-2325.62
2073	0.351181	-2189.37
2074	0.35651	-2239.16
2075	0.349742	-2167.75
2076	0.362368	-2383.28
2077	0.362286	-2350.93
2078	0.361814	-2305.72
2079	0.370844	-2472.34
2080	0.361159	-2335.66
2081	0.356025	-2298.84
2082	0.356723	-2281.24
2083	0.368849	-2435.51
2084	0.359193	-2332.27
2085	0.359609	-2301.26
2086	0.353784	-2254.01
2087	0.356817	-2289.74
2088	0.354493	-2276.68
2089	0.355893	-2277.99
2090	0.361182	-2284.43
2091	0.362735	-2423.92
2092	0.355538	-2274.17
2093	0.361423	-2306.95
2094	0.365329	-2448.12
2095	0.36248	-2319.04
2096	0.366356	-2399.19
2097	0.36244	-2362.08
2098	0.353301	-2222.94
2099	0.359813	-2401.62
2100	0.360501	-2319.1
2101	0.349709	-2192.41
2102	0.359371	-2317.85
2103	0.357264	-2281.25
2104	0.36125	-2283.15
2105	0.35184	-2241.24
2106	0.357335	-2317.89
2107	0.360617	-2348.98
2108	0.357279	-2290.34
2109	0.35215	-2209.74
2110	0.348788	-2189.1
2111	0.358686	-2320.82
2112	0.354223	-2290.16
2113	0.356336	-2292.69
2114	0.349315	-2183.3
2115	0.348293	-2202.05
2116	0.351642	-2207.13
2117	0.35096	-2207.88
2118	0.356052	-2308.47
2119	0.361988	-2345.79
2120	0.353806	-2250.44
2121	0.354277	-2257.17
2122	0.359983	-2321.31
2123	0.362165	-2348.28
2124	0.364311	-2401.25
2125	0.361502	-2367.18
2126	0.361162	-2367.94
2127	0.360417	-2342.03
2128	0.347511	-2166.79
2129	0.362605	-2344.53
2130	0.357097	-2312.55
2131	0.354452	-2236.01
2132	0.353545	-2197.71
2133	0.36394	-2354.44
2134	0.356757	-2261.52
2135	0.363829	-2406.96
2136	0.359607	-2318.97
2137	0.359674	-2320.1
2138	0.353023	-2226.73
2139	0.358165	-2282.85
2140	0.356148	-2293.7
2141	0.348552	-2184.36
2142	0.353814	-2293.22
2143	0.363279	-2347.4
2144	0.361656	-2370.37
2145	0.360053	-2317.45
2146	0.359595	-2328.94
2147	0.365094	-2366.82
2148	0.355581	-2267.59
2149	0.369885	-2460.45
2150	0.354631	-2274.78
2151	0.358071	-2340.37
2152	0.354805	-2282.23
2153	0.353125	-2265.14
2154	0.3675	-2401.37
2155	0.349131	-2176.24
2156	0.355681	-2327.53
2157	0.367568	-2413.14
2158	0.362707	-2341.61
2159	0.356016	-2243.46
2160	0.360545	-2338.84
2161	0.361322	-2338.01
2162	0.359897	-2330.56
2163	0.362627	-2342.86
2164	0.360079	-2303.14
2165	0.358827	-2337.24
2166	0.35982	-2363.63
2167	0.36074	-2367.38
2168	0.361689	-2379.37
2169	0.353005	-2201.59
2170	0.363092	-2360.25
2171	0.365624	-2366.43
2172	0.361626	-2322.17
2173	0.362888	-2370.57
2174	0.353687	-2245.31
2175	0.3517	-2249.62
2176	0.355407	-2265.89
2177	0.363033	-2340.43
2178	0.360528	-2287.04
2179	0.354652	-2233.97
2180	0.362996	-2400.59
2181	0.360437	-2370.46
2182	0.358851	-2312.71
2183	0.356816	-2293.79
2184	0.35777	-2332.04
2185	0.359886	-2306.95
2186	0.360032	-2339.14
2187	0.367039	-2399.14
2188	0.360772	-2354.45
2189	0.357171	-2279.94
2190	0.357066	-2309.16
2191	0.357998	-2280.43
2192	0.360442	-2314.68
2193	0.354957	-2263.79
2194	0.36401	-2345.81
2195	0.357145	-2271.23
2196	0.356281	-2303.11
2197	0.362536	-2366.46
2198	0.352538	-2212.1
2199	0.359871	-2319.91
2200	0.358958	-2320.36
2201	0.360738	-2381.65
2202	0.365238	-2409.16
2203	0.356188	-2275.93
2204	0.356496	-2279.85
2205	0.359679	-2298.4
2206	0.356181	-2270.08
2207	0.360019	-2296.36
2208	0.367871	-2359.52
2209	0.346436	-2153.14
2210	0.351443	-2246.83
2211	0.35717	-2291.72
2212	0.366762	-2392.85
2213	0.360671	-2345.39
2214	0.362641	-2344.66
2215	0.362155	-2369.75
2216	0.357834	-2290.55
2217	0.362104	-2347.82
2218	0.354475	-2263.21
2219	0.359033	-2307.74
2220	0.37005	-2435.78
2221	0.362842	-2358.74
2222	0.358471	-2351.73
2223	0.366129	-2408.41
2224	0.3615	-2332.59
2225	0.354829	-2240.02
2226	0.35401	-2214.37
2227	0.357409	-2275.93
2228	0.36746	-2462.81
2229	0.357748	-2277.73
2230	0.361937	-2331.47
2231	0.360829	-2343.5
2232	0.364252	-2415.59
2233	0.352898	-2204.23
2234	0.360146	-2309.85
2235	0.359574	-2345.94
2236	0.35464	-2279.64
2237	0.359602	-2322.88
2238	0.358733	-2308.06
2239	0.35762	-2307.65
2240	0.35988	-2313.91
2241	0.352414	-2253.46
2242	0.363068	-2357.52
2243	0.359275	-2314.32
2244	0.356947	-2275.8
2245	0.359229	-2289.33
2246	0.347625	-2141.85
2247	0.365173	-2431.37
2248	0.365225	-2422.49
2249	0.352162	-2222.72
2250	0.363032	-2343.32
2251	0.363891	-2375.73
2252	0.356677	-2268.32
2253	0.361491	-2349.73
2254	0.354148	-2267.83
2255	0.345156	-2179.08
2256	0.352077	-2255.89
2257	0.348531	-2201.39
2258	0.366855	-2413.55
2259	0.356811	-2304.62
2260	0.359056	-2292.04
2261	0.356054	-2293.72
2262	0.357745	-2320.24
2263	0.360876	-2330.84
2264	0.358589	-2301.32
2265	0.360504	-2338.9
2266	0.354695	-2274.01
2267	0.362176	-2372.6
2268	0.356209	-2289.56
2269	0.363512	-2354.01
2270	0.348773	-2155.15
2271	0.358414	-2334.06
2272	0.350825	-2202.43
2273	0.358134	-2294.27
2274	0.365955	-2405.32
2275	0.356148	-2264.38
2276	0.360921	-2340.8
2277	0.361783	-2382.58
2278	0.36483	-2389.68
2279	0.355931	-2273.25
2280	0.355558	-2251.43
2281	0.356292	-2283.28
2282	0.359618	-2312.2
2283	0.358448	-2280.43
2284	0.355294	-2317.98
2285	0.362609	-2367.03
2286	0.364422	-2386.01
2287	0.354445	-2283.76
2288	0.361524	-2349.09
2289	0.350557	-2196.83
2290	0.360806	-2322.17
2291	0.358981	-2341.42
2292	0.353143	-2242.58
2293	0.36267	-2346.18
2294	0.363298	-2354.15
2295	0.360133	-2342.87
2296	0.363836	-2349.62
2297	0.357945	-2321.65
2298	0.353009	-2229.44
2299	0.354706	-2248.49
2300	0.352531	-2231.25
2301	0.348394	-2188.77
2302	0.361239	-2350.18
2303	0.364811	-2394.01
2304	0.357818	-2333.49
2305	0.35919	-2293.46
2306	0.35985	-2281.2
2307	0.361556	-2368.5
2308	0.358053	-2287.12
2309	0.362448	-2391.46
2310	0.361288	-2341.34
2311	0.359252	-2318.38
2312	0.365045	-2380.34
2313	0.361715	-2335.51
2314	0.367706	-2451.21
2315	0.360525	-2327.22
2316	0.357427	-2291.27
2317	0.366869	-2431.89
2318	0.358315	-2319.44
2319	0.368105	-2461.93
2320	0.359696	-2278.83
2321	0.361223	-2327.44
2322	0.36027	-2344.76
2323	0.358679	-2305.27
2324	0.352941	-2225.43
2325	0.361675	-2327.17
2326	0.361523	-2353.37
2327	0.3586	-2292.57
2328	0.35805	-2311.48
2329	0.362533	-2364.33
2330	0.35388	-2271.53
2331	0.359933	-2361.37
2332	0.35341	-2242.35
2333	0.352775	-2211.48
2334	0.363748	-2411.78
2335	0.35342	-2256.15
2336	0.362112	-2375.79
2337	0.361616	-2339.43
2338	0.351149	-2226.91
2339	0.361951	-2343.43
2340	0.354696	-2230.84
2341	0.361342	-2329.23
2342	0.358026	-2274.9
2343	0.36016	-2358.67
2344	0.365443	-2415.44
2345	0.362034	-2361.08
2346	0.358931	-2347.33
2347	0.362774	-2375.08
2348	0.355955	-2293.81
2349	0.349262	-2220.66
2350	0.355635	-2302.45
2351	0.36387	-2337.05
2352	0.361896	-2355.41
2353	0.362734	-2345.09
2354	0.362748	-2384.93
2355	0.364527	-2429.82
2356	0.361368	-2364.27
2357	0.366175	-2425.78
2358	0.356555	-2269.88
2359	0.362093	-2368.77
2360	0.356033	-2272.9
2361	0.362463	-2330.2
2362	0.349969	-2225.57
2363	0.364162	-2391.08
2364	0.35332	-2253.52
2365	0.359424	-2299.21
2366	0.361506	-2348.99
2367	0.350665	-2195.25
2368	0.362627	-2351.65
2369	0.34785	-2151.8
2370	0.352972	-2244.53
2371	0.35607	-2268.03
2372	0.355726	-2281.14
2373	0.365931	-2445.58
2374	0.355431	-2266.52
2375	0.358678	-2352.02
2376	0.362451	-2289.22
2377	0.352667	-2218.54
2378	0.350259	-2210.91
2379	0.370187	-2490.96
2380	0.361491	-2359.65
2381	0.359405	-2347.3
2382	0.362088	-2303.61
2383	0.354387	-2260.73
2384	0.362606	-2376.38
2385	0.358384	-2275.87
2386	0.352528	-2228.71
2387	0.352018	-2198.64
2388	0.349202	-2190.86
2389	0.358493	-2332.81
2390	0.358766	-2266.03
2391	0.355597	-2319.9
2392	0.354593	-2290.97
2393	0.356298	-2229.5
2394	0.362354	-2335.25
2395	0.365943	-2363.31
2396	0.363506	-2395.63
2397	0.363716	-2353.7
2398	0.355365	-2245.84
2399	0.370393	-2460.84
2400	0.366564	-2391.68
2401	0.361823	-2342.74
2402	0.356497	-2326.88
2403	0.352003	-2243.93
2404	0.359078	-2302.36
2405	0.360873	-2403.34
2406	0.354586	-2284.7
2407	0.360506	-2340.15
2408	0.356401	-2285.47
2409	0.355719	-2293.91
2410	0.361338	-2322.06
2411	0.348376	-2190.42
2412	0.360846	-2324.66
2413	0.355311	-2236.32
2414	0.361372	-2350.75
2415	0.355409	-2290.01
2416	0.372776	-2493.82
2417	0.359532	-2305.4
2418	0.366594	-2410.77
2419	0.351463	-2267.61
2420	0.356145	-2289.35
2421	0.360847	-2331.47
2422	0.365121	-2351.19
2423	0.358107	-2349.95
2424	0.357214	-2280.7
2425	0.350616	-2178.85
2426	0.352177	-2202.38
2427	0.36078	-2326.71
2428	0.357896	-2319.61
2429	0.35472	-2245.41
2430	0.352895	-2222.21
2431	0.361043	-2316.41
2432	0.365856	-2377.86
2433	0.365272	-2403.14
2434	0.363189	-2360.63
2435	0.360591	-2325.89
2436	0.365127	-2380.84
2437	0.35517	-2263.74
2438	0.359021	-2282.21
2439	0.366312	-2398.26
2440	0.362486	-2403.78
2441	0.352647	-2239.98
2442	0.360359	-2289.27
2443	0.358893	-2316.85
2444	0.355212	-2266.18
2445	0.362007	-2362.62
2446	0.360115	-2374.49
2447	0.358598	-2306.34
2448	0.361502	-2388.57
2449	0.351822	-2255.56
2450	0.359913	-2338.85
2451	0.352349	-2270.54
2452	0.355696	-2229.32
2453	0.364085	-2401.85
2454	0.3574	-2252.32
2455	0.357825	-2270.32
2456	0.354059	-2209.73
2457	0.359653	-2299.33
2458	0.365379	-2388.59
2459	0.358749	-2342.58
2460	0.35861	-2305.1
2461	0.353937	-2236.55
2462	0.36621	-2406.37
2463	0.35396	-2253.9
2464	0.356477	-2289.79
2465	0.357741	-2299.12
2466	0.351387	-2218.13
2467	0.351726	-2208.06
2468	0.357984	-2292.27
2469	0.353425	-2243.37
2470	0.360431	-2372.04
2471	0.353742	-2251.73
2472	0.353096	-2258.3
2473	0.360449	-2332.63
2474	0.360967	-2346.93
2475	0.358111	-2258.59
2476	0.360196	-2278.11
2477	0.355825	-2265.5
2478	0.352917	-2246.68
2479	0.360846	-2388.19
2480	0.355125	-2278.11
2481	0.362519	-2353.48
2482	0.363198	-2365.68
2483	0.35254	-2249.07
2484	0.350999	-2225.22
2485	0.357701	-2356.84
2486	0.358412	-2308.44
2487	0.359776	-2349.93
2488	0.367443	-2390.59
2489	0.356284	-2290.38
2490	0.365825	-2388.13
2491	0.361787	-2319.36
2492	0.36059	-2322.72
2493	0.358453	-2338.28
2494	0.367728	-2457.3
2495	0.357262	-2345.06
2496	0.359809	-2339.3
2497	0.363041	-2364.18
2498	0.347595	-2153.27
2499	0.359475	-2320.6
2500	0.3511	-2231.11
2501	0.356441	-2255.53
2502	0.358743	-2277.16
2503	0.356715	-2234.01
2504	0.361935	-2375.19
2505	0.361707	-2339.99
2506	0.352844	-2228.66
2507	0.358947	-2317.3
2508	0.360897	-2361.05
2509	0.35691	-2298.86
2510	0.352647	-2244.02
2511	0.364245	-2381.38
2512	0.355428	-2269.06
2513	0.369995	-2474.39
2514	0.354166	-2257.78
2515	0.362726	-2360.01
2516	0.364443	-2410.91
2517	0.360591	-2328.74
2518	0.353395	-2240.7
2519	0.362313	-2366.98
2520	0.365055	-2398.13
2521	0.364218	-2409.43
2522	0.363605	-2382.9
2523	0.362909	-2378.15
2524	0.354062	-2293.05
2525	0.35821	-2302.45
2526	0.352337	-2256.06
2527	0.369612	-2447.71
2528	0.359106	-2305.04
2529	0.36059	-2308.79
2530	0.3617	-2341.29
2531	0.363274	-2363.74
2532	0.365016	-2420.16
2533	0.364122	-2400.79
2534	0.362012	-2355.48
2535	0.358661	-2318.11
2536	0.366106	-2431.61
2537	0.356407	-2290.69
2538	0.356055	-2282.64
2539	0.367673	-2428.02
2540	0.35664	-2265.87
2541	0.358482	-2316.83
2542	0.360813	-2338.11
2543	0.355276	-2304.97
2544	0.358749	-2306.58
2545	0.355576	-2243.92
2546	0.359326	-2298.96
2547	0.353233	-2263.5
2548	0.353989	-2286.1
2549	0.360079	-2338.77
2550	0.352172	-2279.91
2551	0.359329	-2325.11
2552	0.3571	-2315.82
2553	0.356236	-2292.62
2554	0.362726	-2378.83
2555	0.361364	-2314.18
2556	0.366137	-2390.3
2557	0.363798	-2390.72
2558	0.363248	-2352.21
2559	0.35271	-2242.28
2560	0.359424	-2338.42
2561	0.351694	-2234.61
2562	0.353915	-2245.2
2563	0.355125	-2261.93
2564	0.358573	-2316.46
2565	0.369463	-2459.24
2566	0.357293	-2300.36
2567	0.367222	-2395.44
2568	0.358894	-2371.17
2569	0.352184	-2225.34
2570	0.349798	-2167.28
2571	0.350616	-2222.45
2572	0.355292	-2311.51
2573	0.363017	-2368.23
2574	0.369773	-2435.94
2575	0.367216	-2394.63
2576	0.367532	-2434.08
2577	0.352968	-2224.71
2578	0.35754	-2326.16
2579	0.359747	-2361.03
2580	0.351078	-2209.27
2581	0.371697	-2478.35
2582	0.363799	-2402.31
2583	0.3531	-2249.51
2584	0.360455	-2352.01
2585	0.354868	-2259.12
2586	0.362353	-2365.32
2587	0.354087	-2239.53
2588	0.360534	-2376.19
2589	0.354826	-2243.83
2590	0.35716	-2256.72
2591	0.360547	-2321.54
2592	0.363609	-2385.22
2593	0.361677	-2372.49
2594	0.366096	-2391.49
2595	0.361549	-2302.66
2596	0.359932	-2338.59
2597	0.36431	-2423.92
2598	0.36476	-2362.52
2599	0.349295	-2172.53
2600	0.362537	-2360.48
2601	0.36133	-2326.35
2602	0.344474	-2150.41
2603	0.360211	-2365.69
2604	0.366812	-2424.49
2605	0.360516	-2362.77
2606	0.353804	-2230.86
2607	0.358959	-2286.44
2608	0.361009	-2284.58
2609	0.362965	-2386.74
2610	0.368546	-2432.3
2611	0.356746	-2277.72
2612	0.351956	-2188.04
2613	0.366125	-2386.85
2614	0.361537	-2376.41
2615	0.365424	-2423.28
2616	0.35991	-2368.57
2617	0.356655	-2302.83
2618	0.360241	-2324.47
2619	0.361412	-2340.8
2620	0.352469	-2282.23
2621	0.363004	-2398.15
2622	0.365972	-2399.56
2623	0.348696	-2212.67
2624	0.356419	-2272.04
2625	0.361171	-2330.86
2626	0.367273	-2441.35
2627	0.355417	-2259.04
2628	0.356841	-2319.76
2629	0.356622	-2322.35
2630	0.366484	-2435.98
2631	0.354468	-2258.57
2632	0.361985	-2383.6
2633	0.366137	-2338.89
2634	0.365425	-2406.13
2635	0.358253	-2309.67
2636	0.353926	-2264.47
2637	0.360101	-2331.51
2638	0.358511	-2308.48
2639	0.358017	-2279.04
2640	0.357652	-2269.27
2641	0.371448	-2437.92
2642	0.363806	-2351.31
2643	0.361152	-2347.15
2644	0.361306	-2337.74
2645	0.356948	-2269.95
2646	0.36359	-2339.83
2647	0.361227	-2367.54
2648	0.358241	-2279.34
2649	0.364654	-2378.28
2650	0.357978	-2286.72
2651	0.360102	-2303.67
2652	0.357689	-2296.23
2653	0.359505	-2295.01
2654	0.361514	-2373.01
2655	0.362293	-2345.74
2656	0.364284	-2369.41
2657	0.357608	-2272.72
2658	0.360463	-2339.65
2659	0.348032	-2183.41
2660	0.356597	-2266.66
2661	0.360504	-2346.91
2662	0.360481	-2349.42
2663	0.351775	-2223.09
2664	0.354479	-2233.09
2665	0.356361	-2326.01
2666	0.358925	-2345.99
2667	0.360597	-2334.55
2668	0.3597	-2343.74
2669	0.366164	-2350.77
2670	0.35017	-2198.25
2671	0.365021	-2402.13
2672	0.354576	-2265.93
2673	0.357129	-2316.29
2674	0.360689	-2354.19
2675	0.361235	-2362.95
2676	0.35948	-2313.36
2677	0.35997	-2344.94
2678	0.35935	-2304.78
2679	0.361431	-2329.3
2680	0.370921	-2509.3
2681	0.36356	-2392.94
2682	0.357839	-2297.51
2683	0.35623	-2314.53
2684	0.359441	-2331.3
2685	0.362158	-2335.39
2686	0.362251	-2325.52
2687	0.360071	-2302.8
2688	0.359382	-2306.18
2689	0.357747	-2290.47
2690	0.357801	-2307.55
2691	0.36167	-2354.31
2692	0.357722	-2277.9
2693	0.365614	-2413.45
2694	0.354622	-2234.44
2695	0.369012	-2452.68
2696	0.358352	-2293.39
2697	0.367388	-2456.88
2698	0.356055	-2245.89
2699	0.354434	-2275.73
2700	0.357339	-2295.41
2701	0.362041	-2373.89
2702	0.348638	-2187.07
2703	0.350493	-2151.75
2704	0.368215	-2442.2
2705	0.361319	-2345.98
2706	0.360412	-2323.43
2707	0.352559	-2265.71
2708	0.357912	-2297.49
2709	0.364847	-2365.72
2710	0.361146	-2343
2711	0.3507	-2211.54
2712	0.362944	-2382.92
2713	0.355338	-2282.38
2714	0.362957	-2385.81
2715	0.359012	-2303.58
2716	0.360664	-2365.76
2717	0.36004	-2342.92
2718	0.358933	-2300.88
2719	0.365992	-2368.17
2720	0.356612	-2286.59
2721	0.365189	-2418.71
2722	0.351493	-2246.85
2723	0.355586	-2267.12
2724	0.356528	-2259.69
2725	0.356896	-2271.74
2726	0.361494	-2373.42
2727	0.370275	-2440.2
2728	0.361002	-2365.13
2729	0.361918	-2311.6
2730	0.357598	-2269.79
2731	0.36956	-2455.91
2732	0.361178	-2379.93
2733	0.355814	-2272.9
2734	0.346091	-2177.07
2735	0.357411	-2329.1
2736	0.353355	-2259.51
2737	0.359102	-2334.58
2738	0.366776	-2405.12
2739	0.359605	-2360.73
2740	0.362248	-2334.53
2741	0.353638	-2208.31
2742	0.361587	-2318.71
2743	0.365063	-2394.28
2744	0.358094	-2282.24
2745	0.358109	-2303.46
2746	0.35958	-2361.18
2747	0.359613	-2289.98
2748	0.364287	-2394.69
2749	0.362243	-2365.04
2750	0.35415	-2279.34
2751	0.355014	-2266.11
2752	0.360731	-2325.68
2753	0.368427	-2412.8
2754	0.357806	-2319.81
2755	0.355348	-2236.37
2756	0.362024	-2361
2757	0.361062	-2343.36
2758	0.362661	-2308.25
2759	0.363259	-2373.97
2760	0.363409	-2353.86
2761	0.354531	-2222.79
2762	0.363687	-2367.85
2763	0.364528	-2376.1
2764	0.355179	-2320.53
2765	0.363762	-2386.84
2766	0.355635	-2284.49
2767	0.355516	-2271.54
2768	0.355401	-2236.25
2769	0.367558	-2420.88
2770	0.362826	-2357.43
2771	0.356844	-2250.95
2772	0.349511	-2187.35
2773	0.363448	-2349.71
2774	0.355252	-2286.75
2775	0.35805	-2320.86
2776	0.364534	-2356.81
2777	0.357466	-2342.15
2778	0.362096	-2370.94
2779	0.36238	-2373.77
2780	0.357394	-2325.97
2781	0.354873	-2254.35
2782	0.362651	-2358.97
2783	0.354852	-2224.72
2784	0.355618	-2323.2
2785	0.357005	-2301.56
2786	0.361145	-2335.02
2787	0.359495	-2291.47
2788	0.354897	-2276.94
2789	0.356432	-2305.28
2790	0.366183	-2395.09
2791	0.355322	-2286.06
2792	0.351508	-2208.34
2793	0.36461	-2402.78
2794	0.359496	-2281.45
2795	0.369874	-2505.8
2796	0.35157	-2189.73
2797	0.363932	-2371.17
2798	0.359886	-2307.87
2799	0.363905	-2372.16
2800	0.356468	-2243.44
2801	0.3634	-2394.62
2802	0.365953	-2430.7
2803	0.361882	-2301.34
2804	0.359835	-2305.12
2805	0.349162	-2155.14
2806	0.349347	-2205.45
2807	0.363544	-2420.58
2808	0.356465	-2276.59
2809	0.351901	-2217.59
2810	0.363699	-2388.13
2811	0.358372	-2306.47
2812	0.360611	-2328.75
2813	0.351831	-2211.76
2814	0.363391	-2381.01
2815	0.35805	-2372.38
2816	0.355669	-2293.33
2817	0.35991	-2322.68
2818	0.355378	-2277.83
2819	0.359209	-2319.89
2820	0.36925	-2414.89
2821	0.359132	-2335.73
2822	0.361641	-2336.37
2823	0.35975	-2284.44
2824	0.366926	-2408.48
2825	0.348272	-2151.67
2826	0.360535	-2320.84
2827	0.353028	-2259.3
2828	0.363338	-2366.54
2829	0.358103	-2318.59
2830	0.354543	-2250.89
2831	0.364688	-2395.15
2832	0.363049	-2352.26
2833	0.348925	-2203.93
2834	0.350551	-2205.82
2835	0.359109	-2344.53
2836	0.359124	-2253.17
2837	0.355665	-2278.94
2838	0.365544	-2424.55
2839	0.359086	-2314.67
2840	0.361637	-2383.73
2841	0.355618	-2301.59
2842	0.357685	-2347.23
2843	0.355716	-2253.81
2844	0.358872	-2303.86
2845	0.362351	-2334.54
2846	0.358129	-2317.3
2847	0.352366	-2238.84
2848	0.357205	-2271.47
2849	0.362621	-2423.83
2850	0.359047	-2286.04
2851	0.356249	-2256.11
2852	0.352811	-2227.21
2853	0.360502	-2358.04
2854	0.357964	-2315.37
2855	0.357139	-2303.75
2856	0.353549	-2242.89
2857	0.352537	-2226.69
2858	0.361043	-2384.02
2859	0.355671	-2276
2860	0.361136	-2383.02
2861	0.359431	-2310.13
2862	0.345528	-2133.41
2863	0.351829	-2232.28
2864	0.352824	-2201.11
2865	0.366573	-2430.85
2866	0.361473	-2356.43
2867	0.35884	-2365.97
2868	0.360883	-2324.05
2869	0.352817	-2215.97
2870	0.36691	-2439.77
2871	0.355197	-2227.31
2872	0.369852	-2433.67
2873	0.35656	-2290.54
2874	0.352108	-2204.95
2875	0.350717	-2203.75
2876	0.36118	-2335.5
2877	0.354106	-2258.95
2878	0.362673	-2338.26
2879	0.361037	-2370.29
2880	0.361309	-2365.26
2881	0.358667	-2338.96
2882	0.356942	-2284.39
2883	0.363382	-2397.44
2884	0.357965	-2327.86
2885	0.363103	-2327.29
2886	0.360029	-2316.62
2887	0.356045	-2306.38
2888	0.361024	-2325.83
2889	0.359822	-2324.84
2890	0.351963	-2215.22
2891	0.354638	-2283.62
2892	0.356993	-2336.05
2893	0.357306	-2286.66
2894	0.361905	-2367.69
2895	0.365569	-2388.47
2896	0.364324	-2415.44
2897	0.357831	-2279.7
2898	0.35928	-2317.93
2899	0.361888	-2392.39
2900	0.360212	-2351.65
2901	0.355246	-2273.88
2902	0.357101	-2294
2903	0.350202	-2215.81
2904	0.359371	-2351.24
2905	0.358388	-2284.11
2906	0.359134	-2319.37
2907	0.365478	-2472.91
2908	0.360376	-2326.28
2909	0.362289	-2390.32
2910	0.360652	-2353.98
2911	0.353914	-2243.11
2912	0.367993	-2434.58
2913	0.359074	-2310.44
2914	0.367542	-2407.62
2915	0.359559	-2350.1
2916	0.353122	-2235.71
2917	0.360708	-2334.89
2918	0.357375	-2266.42
2919	0.361768	-2355.97
2920	0.363294	-2319.1
2921	0.36685	-2371.75
2922	0.358099	-2312.59
2923	0.365596	-2426.28
2924	0.355875	-2284.96
2925	0.352984	-2244.4
2926	0.35399	-2305.32
2927	0.354272	-2250.25
2928	0.354518	-2273.38
2929	0.351648	-2221.83
2930	0.354879	-2257.92
2931	0.359437	-2399.48
2932	0.354634	-2251.12
2933	0.358617	-2309.79
2934	0.357235	-2276.54
2935	0.354087	-2241.06
2936	0.357011	-2282.88
2937	0.36148	-2341.89
2938	0.360309	-2296.87
2939	0.357783	-2307.29
2940	0.35704	-2288.74
2941	0.358509	-2337.48
2942	0.361061	-2352.25
2943	0.365492	-2425.37
2944	0.355923	-2303.93
2945	0.357212	-2305.26
2946	0.350152	-2214.52
2947	0.358093	-2331.9
2948	0.353994	-2252.14
2949	0.359008	-2315.15
2950	0.352368	-2196.79
2951	0.349927	-2228.99
2952	0.359021	-2293.96
2953	0.357236	-2268.46
2954	0.353058	-2265.7
2955	0.36114	-2327.21
2956	0.355313	-2254.6
2957	0.366194	-2368.87
2958	0.359978	-2348.18
2959	0.35429	-2288.88
2960	0.347444	-2149.09
2961	0.361555	-2317.72
2962	0.364467	-2391.65
2963	0.35136	-2212.02
2964	0.361105	-2339.16
2965	0.363828	-2397.92
2966	0.363048	-2333.79
2967	0.350805	-2202.01
2968	0.363341	-2386.43
2969	0.361672	-2389.18
2970	0.364965	-2382.74
2971	0.35628	-2311.75
2972	0.358424	-2307.87
2973	0.3665	-2474.25
2974	0.359222	-2319.16
2975	0.353153	-2265.15
2976	0.358348	-2286.43
2977	0.357571	-2314.46
2978	0.363203	-2399.27
2979	0.358658	-2295.21
2980	0.356586	-2268.09
2981	0.364589	-2378.47
2982	0.355033	-2285.47
2983	0.364174	-2357.34
2984	0.364782	-2369.11
2985	0.348466	-2211.82
2986	0.360648	-2363.64
2987	0.355672	-2299.04
2988	0.356972	-2296.24
2989	0.364272	-2376.6
2990	0.361727	-2335.88
2991	0.36064	-2337.58
2992	0.357644	-2296.63
2993	0.358746	-2303.89
2994	0.360055	-2335.92
2995	0.349883	-2190.93
2996	0.357092	-2309.3
2997	0.356576	-2265.9
2998	0.354952	-2267.93
2999	0.360861	-2351.14
