0	0.348408	-2178.76
1	0.346521	-2152.23
2	0.35984	-2277.63
3	0.362291	-2384.7
4	0.350504	-2236.09
5	0.356827	-2264.17
6	0.364578	-2374.7
7	0.36208	-2337.81
8	0.355506	-2241.17
9	0.349512	-2194.67
10	0.349496	-2171.72
11	0.361609	-2383.42
12	0.354569	-2305.5
13	0.359813	-2326.82
14	0.364887	-2375.99
15	0.35536	-2261.42
16	0.364767	-2433.13
17	0.354921	-2262.99
18	0.359042	-2321.04
19	0.352964	-2213.99
20	0.360353	-2329.44
21	0.357261	-2303.65
22	0.359006	-2367.58
23	0.357782	-2316.78
24	0.351385	-2212.67
25	0.350423	-2181.15
26	0.358993	-2319.36
27	0.350754	-2178.67
28	0.366031	-2419.03
29	0.355349	-2224.17
30	0.356563	-2303.15
31	0.365827	-2434.76
32	0.359377	-2301.79
33	0.360477	-2363.42
34	0.357612	-2299.66
35	0.359472	-2290.25
36	0.353835	-2333.35
37	0.356522	-2277.39
38	0.361061	-2365.69
39	0.357802	-2282.77
40	0.351616	-2222.95
41	0.354032	-2242.62
42	0.363784	-2382
43	0.362169	-2349.73
44	0.354913	-2244.82
45	0.363401	-2379.32
46	0.354484	-2269.43
47	0.355834	-2284.23
48	0.363657	-2392.42
49	0.358556	-2294.32
50	0.356195	-2289.88
51	0.357908	-2339.4
52	0.359903	-2305.59
53	0.362354	-2338.66
54	0.355539	-2252.85
55	0.354753	-2250.6
56	0.354372	-2281.36
57	0.365962	-2423.91
58	0.35244	-2222.85
59	0.36226	-2348.9
60	0.362806	-2359.99
61	0.353974	-2269.92
62	0.361286	-2295.81
63	0.354774	-2241.72
64	0.35233	-2237.64
65	0.362402	-2325.62
66	0.350247	-2209.92
67	0.3606	-2357.54
68	0.360081	-2355.02
69	0.353044	-2253.09
70	0.358056	-2273.35
71	0.349768	-2217.04
72	0.35692	-2276.75
73	0.357278	-2281.55
74	0.369701	-2450.7
75	0.368513	-2448.88
76	0.353651	-2250.65
77	0.35675	-2271.51
78	0.358268	-2329.06
79	0.357413	-2280.35
80	0.353121	-2246.45
81	0.365995	-2399.29
82	0.356949	-2303.57
83	0.352597	-2244.26
84	0.361099	-2331.07
85	0.359669	-2358.21
86	0.349189	-2177.85
87	0.364568	-2363.36
88	0.35106	-2228.21
89	0.362083	-2366.31
90	0.358208	-2308.46
91	0.352984	-2254.3
92	0.365031	-2410.62
93	0.358827	-2325.75
94	0.357534	-2316.72
95	0.352493	-2272.75
96	0.365715	-2429.29
97	0.370365	-2460.5
98	0.352379	-2205.27
99	0.365623	-2422.57
100	0.365632	-2357.54
101	0.35108	-2207.62
102	0.359239	-2351.24
103	0.36454	-2407.16
104	0.360329	-2315.37
105	0.356428	-2304.27
106	0.359613	-2355.16
107	0.35058	-2209.87
108	0.356635	-2287.21
109	0.35943	-2338.25
110	0.363992	-2405.99
111	0.357582	-2330.12
112	0.358878	-2372.86
113	0.362636	-2355.78
114	0.363118	-2417.28
115	0.35806	-2298.78
116	0.354281	-2259.23
117	0.357354	-2325.28
118	0.356078	-2275.64
119	0.351494	-2202.05
120	0.363564	-2387.21
121	0.361099	-2341.01
122	0.36205	-2324.39
123	0.358399	-2348.52
124	0.366311	-2395.38
125	0.358013	-2267.85
126	0.354872	-2294.01
127	0.358425	-2286.16
128	0.349451	-2147.4
129	0.36001	-2332.03
130	0.36459	-2404.26
131	0.354985	-2259.37
132	0.361016	-2344.2
133	0.354199	-2208.65
134	0.36504	-2352.68
135	0.359483	-2320.1
136	0.366256	-2424.21
137	0.356743	-2289.61
138	0.360344	-2311.98
139	0.36647	-2428.98
140	0.359027	-2346.55
141	0.360477	-2330.2
142	0.355053	-2266.08
143	0.349042	-2194.22
144	0.352785	-2251.86
145	0.36588	-2412.87
146	0.353268	-2255.23
147	0.358816	-2310.46
148	0.360419	-2330.4
149	0.361512	-2383.7
150	0.351527	-2228.44
151	0.36409	-2409.71
152	0.358542	-2311.16
153	0.349543	-2196.04
154	0.35374	-2258.06
155	0.363213	-2377.6
156	0.364676	-2381.87
157	0.355781	-2281.97
158	0.353701	-2237.51
159	0.355783	-2245.6
160	0.371039	-2515.06
161	0.354408	-2302.39
162	0.368579	-2452.43
163	0.351373	-2263.88
164	0.356602	-2277.25
165	0.365643	-2381.63
166	0.365082	-2353.93
167	0.357489	-2338.04
168	0.353923	-2277.79
169	0.359059	-2362.16
170	0.361856	-2366.66
171	0.358617	-2318.07
172	0.36447	-2370.19
173	0.364663	-2409.34
174	0.355978	-2257.36
175	0.357322	-2333.02
176	0.367898	-2466.62
177	0.372579	-2467.17
178	0.355339	-2244.62
179	0.354064	-2292.53
180	0.35288	-2236.11
181	0.354347	-2260.74
182	0.357882	-2302.47
183	0.356529	-2282.75
184	0.353612	-2291.22
185	0.35923	-2320.8
186	0.35472	-2261.84
187	0.368116	-2439.54
188	0.355843	-2261.41
189	0.353483	-2233.42
190	0.353844	-2230.48
191	0.357678	-2258.78
192	0.363771	-2398.23
193	0.355923	-2265.47
194	0.362772	-2392.83
195	0.353775	-2296.01
196	0.34971	-2182.57
197	0.353374	-2223.99
198	0.355108	-2298.26
199	0.360042	-2338.05
200	0.355336	-2262.33
201	0.359264	-2332.73
202	0.362169	-2357.25
203	0.356807	-2278.04
204	0.356478	-2268.72
205	0.361286	-2377.3
206	0.353285	-2255.93
207	0.356629	-2311.47
208	0.349139	-2190.5
209	0.352259	-2269.12
210	0.355448	-2280.9
211	0.364671	-2363.44
212	0.359306	-2292.7
213	0.367413	-2414.53
214	0.351956	-2224.02
215	0.352209	-2240.42
216	0.366283	-2400.35
217	0.356532	-2286.38
218	0.350778	-2194.66
219	0.362054	-2329.38
220	0.36623	-2427.49
221	0.359116	-2344.26
222	0.357057	-2285.71
223	0.354478	-2298.79
224	0.355879	-2278.9
225	0.353094	-2256.61
226	0.372761	-2502.13
227	0.364064	-2394.62
228	0.368608	-2448.24
229	0.359075	-2376.09
230	0.364921	-2410.94
231	0.36248	-2317.74
232	0.364899	-2412.94
233	0.36121	-2353.21
234	0.357361	-2342.26
235	0.361356	-2317.37
236	0.352806	-2260.17
237	0.357797	-2329.33
238	0.355259	-2297.55
239	0.356512	-2305.94
240	0.360757	-2317.56
241	0.358651	-2346.29
242	0.361021	-2369.45
243	0.354262	-2237.09
244	0.363669	-2358.23
245	0.36547	-2417.13
246	0.361014	-2327.51
247	0.356407	-2280.52
248	0.363062	-2322.41
249	0.351482	-2229.54
250	0.358877	-2314.84
251	0.361339	-2320.7
252	0.358611	-2339.08
253	0.350441	-2178.81
254	0.362656	-2366.55
255	0.353751	-2259.04
256	0.359432	-2311.93
257	0.358258	-2319.82
258	0.362907	-2388.84
259	0.364722	-2394.33
260	0.362746	-2413.88
261	0.354322	-2240.51
262	0.353413	-2247.19
263	0.360329	-2341.71
264	0.350802	-2231.98
265	0.358496	-2357.73
266	0.357245	-2329.51
267	0.355811	-2220.61
268	0.357426	-2302.19
269	0.360852	-2311.31
270	0.359297	-2303.14
271	0.365894	-2387.21
272	0.356759	-2340.7
273	0.357507	-2278.41
274	0.355907	-2285.54
275	0.356932	-2253.04
276	0.36628	-2387.45
277	0.366649	-2456.38
278	0.359583	-2339.24
279	0.361472	-2353.06
280	0.363067	-2365.85
281	0.356442	-2293.41
282	0.360845	-2296.97
283	0.343905	-2130.94
284	0.354797	-2252.22
285	0.353205	-2227.28
286	0.366459	-2380.08
287	0.359643	-2321
288	0.359431	-2299.05
289	0.364572	-2426.08
290	0.359617	-2319.37
291	0.351774	-2249.55
292	0.367198	-2420.95
293	0.359918	-2343.18
294	0.356231	-2288.19
295	0.359397	-2321.79
296	0.36413	-2385.69
297	0.358986	-2333.39
298	0.348163	-2172.38
299	0.361145	-2364.75
300	0.346246	-2149.26
301	0.35787	-2339.48
302	0.360522	-2362.98
303	0.364765	-2375.14
304	0.348559	-2183.89
305	0.361126	-2297.11
306	0.344093	-2133.77
307	0.35648	-2276.55
308	0.357282	-2316.24
309	0.354578	-2260.44
310	0.369353	-2458.48
311	0.36311	-2388.61
312	0.364698	-2416.04
313	0.357369	-2308.52
314	0.362658	-2354.86
315	0.350874	-2192.5
316	0.355453	-2278.84
317	0.3595	-2291.09
318	0.367346	-2419.13
319	0.358044	-2298.95
320	0.358196	-2328.1
321	0.360412	-2346.79
322	0.359314	-2288.51
323	0.357348	-2304.11
324	0.356777	-2289.21
325	0.362612	-2403.3
326	0.358165	-2283.23
327	0.352443	-2168.3
328	0.359502	-2342.29
329	0.359985	-2301.22
330	0.360586	-2363.69
331	0.366079	-2410.51
332	0.358743	-2274.3
333	0.35847	-2289.07
334	0.351859	-2231.8
335	0.363738	-2351.6
336	0.352441	-2230.65
337	0.36124	-2332.27
338	0.36324	-2324.89
339	0.355406	-2280.19
340	0.366196	-2392.49
341	0.349643	-2164.75
342	0.354819	-2271.03
343	0.355146	-2235.93
344	0.35835	-2330.4
345	0.352844	-2232.88
346	0.353503	-2227.03
347	0.35875	-2338.66
348	0.36342	-2376.67
349	0.34981	-2216.53
350	0.358658	-2319.16
351	0.360135	-2344.26
352	0.358481	-2306.11
353	0.35134	-2210.26
354	0.362827	-2356.88
355	0.357784	-2321.54
356	0.357357	-2318.1
357	0.3531	-2251.64
358	0.352705	-2234.05
359	0.359391	-2304.72
360	0.366205	-2427.94
361	0.356893	-2279.42
362	0.357643	-2302.09
363	0.35291	-2235.85
364	0.36118	-2350.8
365	0.364114	-2417.38
366	0.359508	-2268.32
367	0.363695	-2345.83
368	0.377632	-2578.27
369	0.359772	-2340.8
370	0.352942	-2240.08
371	0.358412	-2272.54
372	0.357127	-2295.42
373	0.365534	-2421.76
374	0.361109	-2332.57
375	0.366317	-2417.29
376	0.363118	-2346.81
377	0.358996	-2295.23
378	0.359281	-2341.66
379	0.357077	-2225.33
380	0.361544	-2371.08
381	0.359808	-2349.25
382	0.360961	-2341.14
383	0.356731	-2273.12
384	0.366946	-2440.12
385	0.35831	-2331.18
386	0.359203	-2270.42
387	0.358936	-2289.18
388	0.359899	-2328.33
389	0.360045	-2335.38
390	0.36572	-2423.37
391	0.365576	-2409.65
392	0.360157	-2350.29
393	0.35617	-2291.46
394	0.355715	-2269.9
395	0.359959	-2344.07
396	0.360488	-2323.1
397	0.346654	-2170.48
398	0.35338	-2212.02
399	0.358347	-2376.22
400	0.363446	-2370.68
401	0.358933	-2299.02
402	0.365945	-2458.55
403	0.355051	-2256.7
404	0.356167	-2280.6
405	0.364267	-2403.55
406	0.361657	-2276.74
407	0.355355	-2299.66
408	0.357561	-2260.63
409	0.356812	-2295
410	0.352038	-2237.56
411	0.354934	-2286.01
412	0.356262	-2323.93
413	0.355476	-2308.59
414	0.355298	-2307.81
415	0.354709	-2208.87
416	0.364634	-2395.06
417	0.361485	-2345.96
418	0.361964	-2316.77
419	0.35965	-2327.25
420	0.354317	-2240.24
421	0.353641	-2225.66
422	0.355382	-2309.06
423	0.355752	-2270.74
424	0.353178	-2233.81
425	0.355523	-2276.11
426	0.354651	-2281.2
427	0.370608	-2447.65
428	0.363962	-2372.74
429	0.356941	-2267.4
430	0.356414	-2281.01
431	0.347976	-2148.33
432	0.359736	-2329.21
433	0.353595	-2215.52
434	0.356557	-2285.65
435	0.359217	-2307.71
436	0.36366	-2384.81
437	0.36806	-2439.11
438	0.361765	-2377.06
439	0.358029	-2317.21
440	0.360166	-2334.81
441	0.369692	-2441.09
442	0.347845	-2205.18
443	0.35944	-2402.89
444	0.363412	-2352.23
445	0.364742	-2382.73
446	0.34938	-2215.19
447	0.361523	-2361.22
448	0.356326	-2327.06
449	0.348311	-2176.97
450	0.363583	-2365.39
451	0.360456	-2326.77
452	0.347899	-2143.36
453	0.350622	-2209.62
454	0.360796	-2355.33
455	0.358772	-2306.33
456	0.361162	-2362.53
457	0.355007	-2277.73
458	0.360417	-2289.53
459	0.355425	-2283.8
460	0.359457	-2281.24
461	0.360027	-2316.9
462	0.365152	-2353.53
463	0.361272	-2358.76
464	0.359976	-2333.69
465	0.363265	-2404.59
466	0.359009	-2261.42
467	0.357193	-2327.95
468	0.353294	-2261.57
469	0.361164	-2382.66
470	0.364529	-2411.67
471	0.367035	-2416.45
472	0.355591	-2270.35
473	0.357961	-2313.12
474	0.355947	-2324.83
475	0.357344	-2294.63
476	0.355139	-2263.98
477	0.353654	-2219.67
478	0.361461	-2325.15
479	0.35656	-2228.88
480	0.358377	-2308.86
481	0.353256	-2188.57
482	0.366019	-2357.68
483	0.356327	-2272.04
484	0.36276	-2391.83
485	0.363018	-2360.63
486	0.357892	-2300.45
487	0.364712	-2390.03
488	0.364557	-2368.38
489	0.363882	-2403.14
490	0.361733	-2360.4
491	0.35868	-2301.1
492	0.357162	-2298.13
493	0.362511	-2384.54
494	0.355141	-2241.17
495	0.348745	-2209.2
496	0.353188	-2214.56
497	0.354644	-2259.3
498	0.363841	-2388.99
499	0.362382	-2372.36
500	0.363899	-2379.47
501	0.359584	-2320.2
502	0.359221	-2270.46
503	0.354738	-2256.11
504	0.368101	-2423.5
505	0.358423	-2336.7
506	0.356757	-2309.7
507	0.362646	-2393.58
508	0.352885	-2267.76
509	0.360527	-2341.67
510	0.362994	-2369.18
511	0.357546	-2346.76
512	0.361852	-2369.73
513	0.361545	-2386.53
514	0.34641	-2166.85
515	0.367242	-2405.32
516	0.359631	-2285.58
517	0.359505	-2325.44
518	0.359438	-2362.53
519	0.358792	-2326.23
520	0.35696	-2291.45
521	0.359501	-2344.17
522	0.351068	-2224.53
523	0.356881	-2289.07
524	0.3613	-2399.3
525	0.356231	-2263.38
526	0.366124	-2380.89
527	0.367355	-2449.08
528	0.35772	-2282.38
529	0.34956	-2165.34
530	0.36599	-2432.52
531	0.362929	-2341.8
532	0.36813	-2428
533	0.356384	-2294.66
534	0.357007	-2309.12
535	0.357533	-2302.51
536	0.367645	-2468.13
537	0.35931	-2316.11
538	0.363073	-2320.8
539	0.357677	-2304.02
540	0.365413	-2399.44
541	0.362498	-2364.76
542	0.357236	-2250.85
543	0.361714	-2355.38
544	0.362181	-2340.9
545	0.360196	-2311.68
546	0.362519	-2353.44
547	0.362578	-2387.76
548	0.356746	-2274.7
549	0.359681	-2275.12
550	0.364853	-2415.6
551	0.362062	-2353.89
552	0.365319	-2394.48
553	0.362656	-2358.51
554	0.365364	-2450.1
555	0.363237	-2367.42
556	0.358611	-2362.93
557	0.35753	-2326.68
558	0.363707	-2403.16
559	0.3647	-2400
560	0.360419	-2344.8
561	0.367594	-2415.57
562	0.349584	-2202.21
563	0.355773	-2283.4
564	0.354789	-2270.13
565	0.352855	-2248.98
566	0.358043	-2306
567	0.35511	-2258.17
568	0.362878	-2351.51
569	0.355638	-2265.28
570	0.358415	-2312.78
571	0.355743	-2284.71
572	0.364602	-2398.79
573	0.364235	-2388.1
574	0.352739	-2233.28
575	0.362202	-2314.11
576	0.362332	-2366.53
577	0.356993	-2266.29
578	0.357007	-2295.4
579	0.363173	-2379.33
580	0.3621	-2327.35
581	0.362816	-2392.44
582	0.369883	-2474.23
583	0.368127	-2445.56
584	0.357064	-2259.45
585	0.361813	-2339.89
586	0.354992	-2252.58
587	0.358545	-2299.45
588	0.359843	-2341.85
589	0.364676	-2411.64
590	0.348369	-2182.95
591	0.362137	-2383.87
592	0.359576	-2336.87
593	0.361587	-2335.97
594	0.365623	-2402.69
595	0.35664	-2313.31
596	0.350888	-2199.22
597	0.354021	-2241.96
598	0.363462	-2357.17
599	0.364478	-2381.41
600	0.355538	-2265.1
601	0.37045	-2500.4
602	0.357385	-2267.19
603	0.348506	-2194.56
604	0.350673	-2194.38
605	0.359046	-2294.77
606	0.355232	-2267.77
607	0.359843	-2334.97
608	0.363123	-2396.34
609	0.356671	-2319.55
610	0.358121	-2296.3
611	0.35646	-2231.97
612	0.357411	-2277.96
613	0.371	-2479.61
614	0.35702	-2309.53
615	0.361796	-2386.7
616	0.365174	-2376.26
617	0.357012	-2316.6
618	0.353146	-2249.67
619	0.359923	-2320.31
620	0.362591	-2376.58
621	0.363644	-2377.15
622	0.367282	-2444.38
623	0.355801	-2241.27
624	0.366598	-2380.96
625	0.360431	-2328.31
626	0.35909	-2301.09
627	0.363436	-2364.18
628	0.363657	-2366.25
629	0.357321	-2264.36
630	0.36148	-2384.27
631	0.350959	-2212.83
632	0.363971	-2372.38
633	0.356061	-2262.6
634	0.359937	-2341.94
635	0.355322	-2283.19
636	0.354243	-2250.21
637	0.363592	-2364.99
638	0.357761	-2295.49
639	0.354972	-2274.23
640	0.350253	-2185.64
641	0.346541	-2127.52
642	0.358899	-2296.07
643	0.363132	-2385.39
644	0.365966	-2421.6
645	0.359718	-2303.76
646	0.363306	-2393.85
647	0.367072	-2422.65
648	0.358984	-2312.07
649	0.367751	-2425.01
650	0.355109	-2260.24
651	0.358249	-2337.21
652	0.355514	-2295.02
653	0.355031	-2269.35
654	0.361986	-2330.52
655	0.355247	-2275.01
656	0.355611	-2244.47
657	0.355376	-2230.79
658	0.357169	-2283.03
659	0.361249	-2319.37
660	0.362127	-2315.43
661	0.356154	-2288.64
662	0.361705	-2371.63
663	0.369097	-2418.8
664	0.350133	-2258.2
665	0.354136	-2283.09
666	0.357753	-2277.23
667	0.365895	-2420.57
668	0.356789	-2290.17
669	0.356309	-2242.31
670	0.356863	-2277.49
671	0.358629	-2338.53
672	0.350992	-2187.08
673	0.348809	-2183.58
674	0.356007	-2299.44
675	0.356851	-2268.82
676	0.352653	-2296.89
677	0.360362	-2311.12
678	0.367011	-2448.78
679	0.358564	-2294.8
680	0.349346	-2211.24
681	0.359407	-2329.22
682	0.36168	-2340.76
683	0.36697	-2450.54
684	0.36085	-2373.5
685	0.353273	-2221.35
686	0.359399	-2306.66
687	0.371644	-2489.14
688	0.354889	-2253.4
689	0.370726	-2434.33
690	0.360067	-2333.21
691	0.355658	-2282.52
692	0.353635	-2227.68
693	0.359425	-2317.43
694	0.360325	-2364.45
695	0.359234	-2342.94
696	0.353788	-2256.22
697	0.360565	-2330.02
698	0.367047	-2439.26
699	0.357363	-2320.33
700	0.356503	-2249.86
701	0.353796	-2247.77
702	0.358331	-2317.02
703	0.352869	-2256.25
704	0.364499	-2391.73
705	0.366602	-2429.36
706	0.364063	-2413.8
707	0.362261	-2344.68
708	0.357793	-2316.16
709	0.364296	-2380.84
710	0.351775	-2267.95
711	0.360624	-2321.23
712	0.362201	-2374.36
713	0.354113	-2260.19
714	0.35563	-2260.77
715	0.357911	-2317.94
716	0.357825	-2297.59
717	0.367531	-2435.17
718	0.358033	-2297.11
719	0.355231	-2282.03
720	0.351288	-2203.6
721	0.35993	-2317.07
722	0.360664	-2351.96
723	0.373531	-2531.91
724	0.362751	-2372.8
725	0.351232	-2237.94
726	0.354158	-2265.2
727	0.361525	-2363.75
728	0.363301	-2401.5
729	0.355803	-2314.06
730	0.359619	-2304.68
731	0.359187	-2345.29
732	0.35803	-2289.68
733	0.35358	-2280.59
734	0.35004	-2234.65
735	0.359241	-2308.24
736	0.353597	-2247.45
737	0.366867	-2462.15
738	0.358854	-2335.26
739	0.36021	-2367.67
740	0.359811	-2320.97
741	0.362954	-2341.05
742	0.364319	-2370.02
743	0.361286	-2338.87
744	0.349708	-2210.87
745	0.35954	-2324.86
746	0.361806	-2341.7
747	0.36094	-2326.16
748	0.365884	-2358.36
749	0.355933	-2261.88
750	0.357637	-2282.05
751	0.348094	-2163.18
752	0.356214	-2251.01
753	0.356815	-2288.44
754	0.360886	-2323
755	0.350242	-2197.59
756	0.368453	-2437.34
757	0.364212	-2388.03
758	0.35653	-2299.13
759	0.358375	-2349.55
760	0.35227	-2232.02
761	0.370074	-2488.86
762	0.36657	-2412.32
763	0.360524	-2337.74
764	0.350527	-2175.01
765	0.367175	-2436.89
766	0.360048	-2266.75
767	0.357962	-2312.56
768	0.351053	-2217.11
769	0.360315	-2349.95
770	0.353036	-2276.31
771	0.355814	-2273.71
772	0.358703	-2325.76
773	0.359877	-2349.36
774	0.361525	-2324.8
775	0.360219	-2348.63
776	0.357608	-2330.3
777	0.363325	-2357.06
778	0.357478	-2305.75
779	0.3607	-2316.52
780	0.346422	-2159.57
781	0.354414	-2266.82
782	0.352762	-2238.63
783	0.361981	-2350.54
784	0.358928	-2371.19
785	0.361472	-2332.65
786	0.348532	-2192.66
787	0.364706	-2378.29
788	0.36575	-2414.21
789	0.361104	-2336.57
790	0.361846	-2397.39
791	0.351374	-2186.21
792	0.360395	-2342.56
793	0.357905	-2267.26
794	0.367101	-2450.04
795	0.367067	-2422.12
796	0.359888	-2342.97
797	0.360425	-2395.45
798	0.365225	-2425.79
799	0.349214	-2192.68
800	0.362933	-2384.82
801	0.358423	-2284.38
802	0.361503	-2351.19
803	0.363134	-2395.96
804	0.360243	-2357.27
805	0.355774	-2245.33
806	0.361485	-2389.23
807	0.362895	-2358.02
808	0.3608	-2337.47
809	0.349326	-2181.4
810	0.359991	-2362.37
811	0.354097	-2250.07
812	0.356326	-2294.68
813	0.358469	-2289.24
814	0.345187	-2132.87
815	0.35859	-2311.49
816	0.355477	-2285.13
817	0.353988	-2243.13
818	0.357164	-2306.39
819	0.35234	-2211.89
820	0.359058	-2287.49
821	0.366294	-2418.69
822	0.364287	-2355.96
823	0.349773	-2189.91
824	0.359498	-2363.66
825	0.353119	-2247.79
826	0.35877	-2298.58
827	0.362451	-2371.42
828	0.367232	-2455.18
829	0.364768	-2381.91
830	0.36634	-2416.21
831	0.351163	-2228.36
832	0.354008	-2225.38
833	0.351338	-2195.63
834	0.359923	-2319.08
835	0.364419	-2398.13
836	0.367607	-2428.54
837	0.359985	-2337.82
838	0.360365	-2381
839	0.354271	-2206.48
840	0.361169	-2336.88
841	0.358208	-2331.95
842	0.367065	-2430.98
843	0.367349	-2429.07
844	0.361238	-2369.39
845	0.371347	-2434.29
846	0.360555	-2353.59
847	0.360633	-2381.07
848	0.351473	-2245.37
849	0.361215	-2344.65
850	0.35401	-2236.71
851	0.363033	-2363.28
852	0.353996	-2283.16
853	0.358087	-2296.02
854	0.366022	-2427.72
855	0.354739	-2284.41
856	0.357621	-2302.66
857	0.357174	-2307.51
858	0.354804	-2284.32
859	0.35561	-2293.29
860	0.360179	-2347.43
861	0.368522	-2440.32
862	0.358759	-2313.56
863	0.35954	-2369.02
864	0.361016	-2280.13
865	0.358098	-2303.81
866	0.358373	-2316.58
867	0.359321	-2315.17
868	0.360641	-2351.41
869	0.358219	-2316.27
870	0.363691	-2391.95
871	0.359436	-2313.85
872	0.35676	-2284.08
873	0.357646	-2295.36
874	0.360085	-2295.96
875	0.366021	-2351.11
876	0.35848	-2324.46
877	0.347845	-2193.48
878	0.35661	-2243.43
879	0.363508	-2375.24
880	0.35817	-2285.68
881	0.357896	-2315.11
882	0.359736	-2300.71
883	0.351102	-2241.86
884	0.352235	-2221.99
885	0.347419	-2208.81
886	0.35706	-2251.53
887	0.356154	-2249.56
888	0.367835	-2467.59
889	0.356851	-2272.21
890	0.364968	-2379.31
891	0.360364	-2354.35
892	0.356699	-2274.92
893	0.360645	-2316.74
894	0.358344	-2300.86
895	0.361422	-2323.26
896	0.357032	-2272.19
897	0.359132	-2310.08
898	0.357453	-2314.62
899	0.356578	-2255.31
900	0.347406	-2157.3
901	0.368452	-2381.23
902	0.361127	-2333.18
903	0.356885	-2300.75
904	0.359154	-2287.8
905	0.360359	-2334.41
906	0.359417	-2333.8
907	0.35593	-2276.33
908	0.36611	-2437.91
909	0.359859	-2306.15
910	0.357827	-2340.16
911	0.363836	-2390.96
912	0.358792	-2299.45
913	0.352119	-2297.43
914	0.363906	-2410.16
915	0.347147	-2173.38
916	0.356802	-2274.12
917	0.355097	-2284.13
918	0.366866	-2466.28
919	0.361938	-2346.53
920	0.363723	-2399.44
921	0.362612	-2365.59
922	0.358261	-2316.65
923	0.358856	-2295.02
924	0.353659	-2269.33
925	0.354863	-2283.46
926	0.35268	-2255.77
927	0.363751	-2363.2
928	0.355897	-2305.79
929	0.364196	-2400.81
930	0.36302	-2413.37
931	0.362492	-2371.22
932	0.346847	-2140.78
933	0.363244	-2375.3
934	0.364413	-2398.31
935	0.362652	-2392.27
936	0.370261	-2476.24
937	0.36494	-2336.93
938	0.355723	-2287.08
939	0.355369	-2263.55
940	0.351721	-2212.86
941	0.354223	-2256.48
942	0.361162	-2331.62
943	0.362107	-2396.74
944	0.36963	-2422.15
945	0.365367	-2412.53
946	0.350203	-2218.51
947	0.358742	-2298.84
948	0.354085	-2229.57
949	0.364878	-2362.72
950	0.357424	-2301.35
951	0.358561	-2317.36
952	0.359298	-2362.05
953	0.368463	-2422.35
954	0.359026	-2312.61
955	0.349069	-2181.07
956	0.359735	-2351.4
957	0.358059	-2286.81
958	0.358328	-2280.87
959	0.364803	-2362.83
960	0.353072	-2211.9
961	0.356828	-2322.76
962	0.360326	-2280.91
963	0.354925	-2274.27
964	0.362607	-2374
965	0.364778	-2401.33
966	0.358246	-2298.09
967	0.360973	-2284.15
968	0.36543	-2372.15
969	0.359791	-2334.72
970	0.356927	-2251.24
971	0.363957	-2383.78
972	0.357264	-2321.93
973	0.366001	-2390.66
974	0.359476	-2318.47
975	0.354714	-2281.87
976	0.350387	-2188.62
977	0.361419	-2348.58
978	0.353891	-2268.59
979	0.360416	-2312.67
980	0.358945	-2296.66
981	0.359642	-2281.05
982	0.366973	-2421.29
983	0.358956	-2287.94
984	0.352346	-2248.59
985	0.361922	-2354.32
986	0.364864	-2400.37
987	0.343894	-2134.47
988	0.345154	-2145.56
989	0.362276	-2323.31
990	0.362542	-2346.13
991	0.359248	-2304.84
992	0.355548	-2267.18
993	0.362266	-2336.98
994	0.359123	-2337.28
995	0.355273	-2285.89
996	0.360806	-2397.61
997	0.362654	-2363.29
998	0.370989	-2473.58
999	0.370229	-2453.98
1000	0.360782	-2320.47
1001	0.357495	-2302.85
1002	0.358181	-2293.87
1003	0.367047	-2460.71
1004	0.350484	-2231.12
1005	0.350223	-2177.23
1006	0.367466	-2478.64
1007	0.362463	-2329.23
1008	0.357572	-2278.47
1009	0.36062	-2340.87
1010	0.361241	-2340.42
1011	0.355665	-2241.69
1012	0.35617	-2294.53
1013	0.359799	-2355.84
1014	0.357938	-2301.94
1015	0.359871	-2353.5
1016	0.353906	-2260.46
1017	0.365508	-2377.38
1018	0.365386	-2358.71
1019	0.368631	-2434.34
1020	0.357543	-2293.72
1021	0.354183	-2297.8
1022	0.358359	-2360.71
1023	0.350713	-2233.57
1024	0.356052	-2218.55
1025	0.358984	-2334.98
1026	0.349971	-2184.71
1027	0.363356	-2388.2
1028	0.360169	-2385.46
1029	0.35769	-2311.58
1030	0.350677	-2202.19
1031	0.357202	-2306.14
1032	0.359027	-2367.92
1033	0.3656	-2396.77
1034	0.363895	-2366.75
1035	0.362447	-2369.9
1036	0.358635	-2359.11
1037	0.359846	-2327.95
1038	0.352859	-2251.54
1039	0.354304	-2256.31
1040	0.360218	-2325.07
1041	0.360606	-2352.52
1042	0.355457	-2274.76
1043	0.356862	-2305.18
1044	0.355111	-2267.26
1045	0.357318	-2318.99
1046	0.360726	-2321.1
1047	0.354073	-2234.51
1048	0.361032	-2383.85
1049	0.351068	-2155.36
1050	0.360733	-2356.79
1051	0.349957	-2163.43
1052	0.359819	-2281.33
1053	0.361502	-2335.09
1054	0.357226	-2266.09
1055	0.36184	-2369.1
1056	0.356325	-2340.7
1057	0.356651	-2289.17
1058	0.366538	-2398.76
1059	0.354412	-2238.98
1060	0.359459	-2352.15
1061	0.361245	-2331.24
1062	0.357575	-2260.84
1063	0.355479	-2258.3
1064	0.362636	-2362.08
1065	0.355854	-2279.59
1066	0.348093	-2201.12
1067	0.361795	-2340.16
1068	0.360845	-2304.71
1069	0.358083	-2309.09
1070	0.355255	-2257.66
1071	0.366371	-2379.22
1072	0.363914	-2361.93
1073	0.356583	-2254.4
1074	0.359429	-2303.47
1075	0.34943	-2181.64
1076	0.350956	-2216.26
1077	0.369119	-2461.29
1078	0.35045	-2163.9
1079	0.357676	-2296.15
1080	0.35509	-2272.63
1081	0.353907	-2260.14
1082	0.366304	-2419.36
1083	0.359984	-2312.5
1084	0.350625	-2251.47
1085	0.359725	-2364.24
1086	0.358559	-2299.24
1087	0.363426	-2350.04
1088	0.346936	-2206.44
1089	0.352684	-2258.7
1090	0.370441	-2470.77
1091	0.359588	-2351.72
1092	0.358109	-2338.53
1093	0.362392	-2316.93
1094	0.363435	-2371.43
1095	0.356845	-2277.84
1096	0.356976	-2262.58
1097	0.358156	-2278.74
1098	0.345453	-2117.17
1099	0.359166	-2319.42
1100	0.366286	-2445.91
1101	0.350556	-2172.32
1102	0.372003	-2520.83
1103	0.352282	-2230.13
1104	0.358117	-2332.42
1105	0.36016	-2297.55
1106	0.356264	-2294.74
1107	0.35938	-2296.03
1108	0.349143	-2171.46
1109	0.355891	-2267.82
1110	0.355501	-2273.78
1111	0.354509	-2276.16
1112	0.356142	-2261.59
1113	0.362206	-2309.69
1114	0.35584	-2229.84
1115	0.355019	-2247.25
1116	0.350785	-2232.39
1117	0.355839	-2254
1118	0.358812	-2321.43
1119	0.352694	-2216.35
1120	0.360331	-2351.5
1121	0.356062	-2263.53
1122	0.351464	-2248.57
1123	0.36072	-2361.26
1124	0.356226	-2302.5
1125	0.357816	-2269.05
1126	0.366749	-2374.95
1127	0.361784	-2335.81
1128	0.36623	-2362.68
1129	0.361942	-2342.76
1130	0.362752	-2389.61
1131	0.355297	-2276.44
1132	0.360857	-2329.54
1133	0.353203	-2261.53
1134	0.356279	-2276.81
1135	0.352364	-2249.62
1136	0.358897	-2296.45
1137	0.364437	-2393.07
1138	0.364775	-2397.26
1139	0.366678	-2415.39
1140	0.362098	-2305.12
1141	0.363794	-2402.94
1142	0.360673	-2333.96
1143	0.354211	-2256.5
1144	0.357927	-2277.96
1145	0.346934	-2165.23
1146	0.354107	-2205.2
1147	0.359675	-2322.88
1148	0.359992	-2294.88
1149	0.361443	-2292.57
1150	0.358854	-2326.96
1151	0.360002	-2308.17
1152	0.363768	-2398.64
1153	0.357939	-2303.8
1154	0.346072	-2174
1155	0.364304	-2414.06
1156	0.359993	-2297.16
1157	0.350039	-2212.75
1158	0.360921	-2373.91
1159	0.356942	-2299.38
1160	0.356625	-2296.3
1161	0.356947	-2325.96
1162	0.361278	-2324.7
1163	0.359277	-2321.45
1164	0.365787	-2418.13
1165	0.363784	-2350.86
1166	0.360314	-2324.2
1167	0.353333	-2214.55
1168	0.360301	-2366.8
1169	0.3566	-2288.64
1170	0.353586	-2262.86
1171	0.356797	-2244.23
1172	0.363445	-2359.63
1173	0.35691	-2292.29
1174	0.359004	-2340.53
1175	0.356013	-2284.55
1176	0.361707	-2337.58
1177	0.362883	-2382.82
1178	0.351455	-2205.64
1179	0.350169	-2209.7
1180	0.357753	-2296.99
1181	0.364892	-2360.95
1182	0.35644	-2324.76
1183	0.351249	-2236.8
1184	0.36974	-2460.74
1185	0.366662	-2448.66
1186	0.355457	-2292.68
1187	0.364554	-2391.53
1188	0.358185	-2292.05
1189	0.355538	-2270.76
1190	0.360385	-2329.4
1191	0.353114	-2234.63
1192	0.365782	-2359.56
1193	0.367057	-2435.95
1194	0.360175	-2269.38
1195	0.35685	-2226.71
1196	0.352901	-2241.52
1197	0.363172	-2372.02
1198	0.36414	-2406.38
1199	0.354712	-2277.78
1200	0.352076	-2223.43
1201	0.356455	-2264.18
1202	0.363947	-2342.31
1203	0.353804	-2238.28
1204	0.357111	-2309.99
1205	0.359446	-2346.46
1206	0.351718	-2226.81
1207	0.35651	-2338.35
1208	0.36226	-2347.83
1209	0.357436	-2290.78
1210	0.368695	-2442.3
1211	0.3492	-2167.73
1212	0.360313	-2316.14
1213	0.355295	-2279.43
1214	0.361792	-2384.48
1215	0.354299	-2261.18
1216	0.358944	-2303.96
1217	0.361834	-2350.85
1218	0.350099	-2215.12
1219	0.355975	-2280.89
1220	0.363501	-2359.69
1221	0.356957	-2289.08
1222	0.358479	-2303.01
1223	0.364041	-2333.18
1224	0.361016	-2355.43
1225	0.358766	-2293.03
1226	0.364226	-2371.24
1227	0.363026	-2359.79
1228	0.353678	-2241.5
1229	0.361842	-2382.11
1230	0.36058	-2318.56
1231	0.360218	-2332.21
1232	0.360593	-2361.25
1233	0.357048	-2296.6
1234	0.364016	-2379.43
1235	0.360942	-2325.23
1236	0.361567	-2358.28
1237	0.364877	-2405.29
1238	0.357037	-2263.82
1239	0.362004	-2361.44
1240	0.363844	-2367.68
1241	0.357265	-2334.38
1242	0.362299	-2410.47
1243	0.3546	-2268.94
1244	0.359149	-2344.45
1245	0.358105	-2330.36
1246	0.361214	-2324.74
1247	0.36046	-2336.02
1248	0.357497	-2300.86
1249	0.359407	-2323.43
1250	0.360151	-2342.28
1251	0.360474	-2317.67
1252	0.358875	-2280.48
1253	0.360105	-2338.82
1254	0.356378	-2297.07
1255	0.358874	-2306.81
1256	0.357749	-2332.9
1257	0.366869	-2416.81
1258	0.359804	-2325.98
1259	0.362356	-2350.87
1260	0.35508	-2299.67
1261	0.348267	-2184.33
1262	0.354353	-2258.47
1263	0.361025	-2341.08
1264	0.354132	-2244.03
1265	0.353129	-2210.39
1266	0.358668	-2381.14
1267	0.350773	-2214.57
1268	0.354523	-2255.05
1269	0.361166	-2356.91
1270	0.357243	-2240.84
1271	0.352401	-2249.03
1272	0.36302	-2361.21
1273	0.358434	-2276.71
1274	0.364225	-2397.78
1275	0.361549	-2336.01
1276	0.352688	-2252.52
1277	0.358252	-2315.39
1278	0.349777	-2173.5
1279	0.36498	-2413.39
1280	0.348322	-2197.29
1281	0.348256	-2196.79
1282	0.364163	-2379.38
1283	0.357197	-2341.62
1284	0.366688	-2435.06
1285	0.362905	-2398.32
1286	0.35706	-2358.79
1287	0.358876	-2310.57
1288	0.359371	-2340.66
1289	0.358272	-2272.86
1290	0.351367	-2235.91
1291	0.362051	-2382.99
1292	0.353508	-2273.55
1293	0.355003	-2284.69
1294	0.363493	-2384.58
1295	0.360953	-2374.01
1296	0.352115	-2187.57
1297	0.353161	-2271.78
1298	0.356455	-2280.99
1299	0.354073	-2262.01
1300	0.358856	-2319.34
1301	0.355686	-2272.51
1302	0.365149	-2383.96
1303	0.361888	-2366.95
1304	0.364214	-2363.21
1305	0.355917	-2282.85
1306	0.358806	-2274.87
1307	0.356545	-2283.63
1308	0.351223	-2235.16
1309	0.353024	-2207.45
1310	0.357172	-2283.84
1311	0.362066	-2355.54
1312	0.355665	-2268.89
1313	0.360786	-2362.87
1314	0.358124	-2291.06
1315	0.357091	-2279.56
1316	0.35594	-2320.47
1317	0.362054	-2334.39
1318	0.356012	-2301.62
1319	0.363199	-2374.59
1320	0.354876	-2230.92
1321	0.354877	-2262.69
1322	0.363384	-2395.42
1323	0.363691	-2329.67
1324	0.358699	-2290.74
1325	0.35245	-2254.83
1326	0.36	-2321.58
1327	0.352115	-2234.97
1328	0.359331	-2327.87
1329	0.35342	-2246.59
1330	0.352424	-2228.99
1331	0.355608	-2238.09
1332	0.355958	-2267.35
1333	0.357552	-2281.06
1334	0.360069	-2305.13
1335	0.361767	-2324.33
1336	0.355553	-2255.05
1337	0.361023	-2307.05
1338	0.356452	-2302.95
1339	0.363699	-2326.9
1340	0.361479	-2347.34
1341	0.360154	-2305.49
1342	0.36231	-2366.58
1343	0.35503	-2250.53
1344	0.365611	-2395.59
1345	0.357664	-2332.58
1346	0.358482	-2333.58
1347	0.35211	-2227.13
1348	0.362656	-2324.81
1349	0.362334	-2393.38
1350	0.355865	-2268.61
1351	0.354773	-2230.23
1352	0.363045	-2381.11
1353	0.351255	-2212.36
1354	0.353875	-2215.75
1355	0.364739	-2379.73
1356	0.355087	-2269.79
1357	0.363654	-2373.07
1358	0.358587	-2297.92
1359	0.360243	-2332.72
1360	0.358456	-2364.39
1361	0.362279	-2313.37
1362	0.358047	-2330.64
1363	0.357607	-2287.97
1364	0.362239	-2360.05
1365	0.362231	-2368.81
1366	0.357471	-2300.54
1367	0.361086	-2317.57
1368	0.354993	-2255.13
1369	0.345057	-2148.07
1370	0.358903	-2330.05
1371	0.35594	-2300.1
1372	0.367159	-2435.19
1373	0.365693	-2431.2
1374	0.364369	-2403.81
1375	0.357966	-2305.59
1376	0.35867	-2271.84
1377	0.354211	-2263.6
1378	0.35326	-2236.55
1379	0.355351	-2295.48
1380	0.357967	-2332.7
1381	0.355454	-2287.12
1382	0.354668	-2277.07
1383	0.362591	-2372.6
1384	0.355299	-2270.27
1385	0.346691	-2164.17
1386	0.360072	-2270.69
1387	0.358798	-2300.61
1388	0.36365	-2375.46
1389	0.360949	-2346.64
1390	0.363255	-2387.19
1391	0.368049	-2462.83
1392	0.351199	-2219.91
1393	0.34905	-2166.08
1394	0.356878	-2306.18
1395	0.363717	-2398.48
1396	0.357891	-2311.41
1397	0.363905	-2415.77
1398	0.364094	-2360
1399	0.356007	-2276.74
1400	0.359948	-2350.97
1401	0.359465	-2348.74
1402	0.361233	-2322.98
1403	0.353071	-2224.57
1404	0.345907	-2136.24
1405	0.357173	-2289.91
1406	0.355745	-2274.49
1407	0.348654	-2220.26
1408	0.357483	-2233.17
1409	0.361486	-2359.42
1410	0.364863	-2374.6
1411	0.354476	-2252.39
1412	0.365377	-2399.14
1413	0.367283	-2470.52
1414	0.352531	-2219.6
1415	0.360538	-2307.7
1416	0.355232	-2304.09
1417	0.359429	-2325.3
1418	0.356022	-2302.59
1419	0.364797	-2372.03
1420	0.363542	-2396.5
1421	0.352132	-2241.77
1422	0.358411	-2296.27
1423	0.355524	-2259.86
1424	0.359095	-2324.07
1425	0.353014	-2244.14
1426	0.359337	-2366.63
1427	0.363047	-2367.68
1428	0.353345	-2285.34
1429	0.355386	-2266.58
1430	0.353443	-2228.71
1431	0.354316	-2261.9
1432	0.354796	-2286.2
1433	0.367211	-2422.14
1434	0.360457	-2319.77
1435	0.356982	-2296.85
1436	0.362394	-2387.04
1437	0.355778	-2268.35
1438	0.364291	-2332.99
1439	0.355817	-2310.25
1440	0.352367	-2240.7
1441	0.355143	-2250.49
1442	0.356082	-2270.61
1443	0.360546	-2348.12
1444	0.356389	-2320.94
1445	0.363355	-2360.94
1446	0.357833	-2292.66
1447	0.362405	-2379.42
1448	0.358049	-2313.5
1449	0.354947	-2309.15
1450	0.369343	-2476.29
1451	0.357232	-2282.37
1452	0.350211	-2206.87
1453	0.357813	-2339.21
1454	0.359827	-2353.42
1455	0.355556	-2269.87
1456	0.357655	-2274.62
1457	0.364953	-2417.12
1458	0.360303	-2325.96
1459	0.358122	-2308.63
1460	0.358787	-2268.66
1461	0.362905	-2406.33
1462	0.358687	-2274.34
1463	0.354603	-2246.02
1464	0.358467	-2309.37
1465	0.353273	-2190.62
1466	0.365197	-2438.69
1467	0.359216	-2315.15
1468	0.359487	-2278.34
1469	0.352669	-2248.46
1470	0.35292	-2216.36
1471	0.365672	-2422.81
1472	0.358743	-2335.26
1473	0.36024	-2316.92
1474	0.358038	-2316.1
1475	0.366973	-2429.33
1476	0.35209	-2220.1
1477	0.364777	-2395.59
1478	0.362972	-2363.23
1479	0.36253	-2317.03
1480	0.363397	-2339.23
1481	0.354338	-2281.89
1482	0.365953	-2447.01
1483	0.354082	-2252.35
1484	0.365846	-2420.69
1485	0.357578	-2333.27
1486	0.355256	-2291.19
1487	0.359558	-2340.41
1488	0.356744	-2293.75
1489	0.358916	-2325.59
1490	0.361886	-2318.88
1491	0.365114	-2412.06
1492	0.361205	-2348.85
1493	0.352852	-2241.86
1494	0.360711	-2331.83
1495	0.358022	-2280.27
1496	0.356532	-2277.47
1497	0.352964	-2269.31
1498	0.363054	-2358.83
1499	0.360768	-2375.99
1500	0.360892	-2350.55
1501	0.357844	-2290.81
1502	0.358852	-2282.61
1503	0.35747	-2249.97
1504	0.359347	-2289.34
1505	0.366878	-2417.18
1506	0.345246	-2139.8
1507	0.35749	-2298.9
1508	0.363492	-2390.94
1509	0.365075	-2386.16
1510	0.35831	-2309.16
1511	0.360006	-2307.63
1512	0.357942	-2274.18
1513	0.359421	-2333.75
1514	0.352387	-2203.17
1515	0.363987	-2382.56
1516	0.357825	-2307.32
1517	0.36284	-2357.45
1518	0.358965	-2343.24
1519	0.361584	-2348.53
1520	0.360562	-2361.51
1521	0.356642	-2260.99
1522	0.360034	-2274.23
1523	0.359461	-2313.33
1524	0.361774	-2364.81
1525	0.366303	-2356.66
1526	0.360776	-2342.33
1527	0.355786	-2239.83
1528	0.354643	-2293.94
1529	0.36291	-2344.03
1530	0.35467	-2265
1531	0.350401	-2200.91
1532	0.357367	-2327.6
1533	0.357121	-2288.37
1534	0.364855	-2385.23
1535	0.350602	-2260.13
1536	0.345173	-2125.18
1537	0.355088	-2295.52
1538	0.36108	-2342.22
1539	0.363397	-2341.36
1540	0.358512	-2309.19
1541	0.353557	-2265.64
1542	0.354906	-2275.75
1543	0.354349	-2302.65
1544	0.358136	-2304.85
1545	0.363826	-2384.09
1546	0.361888	-2356.36
1547	0.362771	-2352.09
1548	0.359526	-2336.59
1549	0.358412	-2294.45
1550	0.360541	-2364.34
1551	0.36718	-2430.41
1552	0.360417	-2339.56
1553	0.35958	-2298.46
1554	0.357242	-2319.07
1555	0.349068	-2233.51
1556	0.355155	-2291.3
1557	0.361806	-2379.73
1558	0.354979	-2301.17
1559	0.363551	-2324.79
1560	0.365651	-2399.76
1561	0.357338	-2314.87
1562	0.367952	-2456.22
1563	0.365359	-2428.57
1564	0.360521	-2371.56
1565	0.358088	-2296.3
1566	0.348411	-2183.19
1567	0.367682	-2423.17
1568	0.357625	-2276.29
1569	0.366683	-2412.48
1570	0.359618	-2304.28
1571	0.361146	-2405.09
1572	0.352339	-2220.24
1573	0.356444	-2246.4
1574	0.359578	-2339.35
1575	0.357389	-2304.51
1576	0.365613	-2398.6
1577	0.355784	-2284.95
1578	0.354853	-2217.94
1579	0.35014	-2256.84
1580	0.365914	-2445.06
1581	0.355786	-2252.82
1582	0.357722	-2294.36
1583	0.356219	-2330.88
1584	0.362518	-2380.25
1585	0.359968	-2339.25
1586	0.364085	-2332.58
1587	0.356347	-2288.61
1588	0.365634	-2384.13
1589	0.359006	-2314.29
1590	0.354789	-2286.73
1591	0.356103	-2309.8
1592	0.365877	-2404.08
1593	0.354562	-2258.07
1594	0.356022	-2285.23
1595	0.357232	-2342.48
1596	0.360203	-2299.02
1597	0.357887	-2289.19
1598	0.348949	-2205.1
1599	0.356339	-2289.64
1600	0.355547	-2246.71
1601	0.356723	-2266.82
1602	0.365353	-2435.37
1603	0.353503	-2276.77
1604	0.360518	-2360.78
1605	0.359891	-2344.12
1606	0.35987	-2365.84
1607	0.365361	-2381.63
1608	0.353343	-2299.22
1609	0.356133	-2255.61
1610	0.355832	-2235.78
1611	0.362338	-2348.58
1612	0.362586	-2341.54
1613	0.356867	-2234.2
1614	0.358665	-2334.48
1615	0.353589	-2215.56
1616	0.351796	-2258.86
1617	0.362028	-2409.28
1618	0.360565	-2327.17
1619	0.36068	-2326.95
1620	0.365148	-2374.2
1621	0.35098	-2191.54
1622	0.349567	-2159.55
1623	0.353722	-2242.69
1624	0.35078	-2213.08
1625	0.361854	-2343.18
1626	0.359482	-2319.21
1627	0.354678	-2206.9
1628	0.365847	-2411.96
1629	0.361475	-2402.06
1630	0.358657	-2328.3
1631	0.361155	-2360.92
1632	0.351918	-2234.74
1633	0.361211	-2323.89
1634	0.352871	-2249.57
1635	0.350602	-2223.37
1636	0.358965	-2360.77
1637	0.35811	-2312.28
1638	0.357386	-2270.35
1639	0.357375	-2307.86
1640	0.355217	-2319.85
1641	0.356717	-2300.72
1642	0.34846	-2170.46
1643	0.361745	-2352.68
1644	0.354031	-2272.34
1645	0.363714	-2367.96
1646	0.357143	-2355.94
1647	0.357535	-2280.92
1648	0.359667	-2329.15
1649	0.358742	-2309.33
1650	0.357778	-2313.44
1651	0.356778	-2327.64
1652	0.354581	-2255.59
1653	0.359773	-2322.86
1654	0.365082	-2422.93
1655	0.351244	-2197.56
1656	0.368381	-2394.36
1657	0.361899	-2379.24
1658	0.362292	-2374.96
1659	0.358263	-2313.38
1660	0.355687	-2275.46
1661	0.358607	-2320.32
1662	0.352552	-2280.53
1663	0.357353	-2293.07
1664	0.352836	-2219.97
1665	0.361284	-2327.78
1666	0.35804	-2293.35
1667	0.353394	-2255.49
1668	0.356312	-2260.13
1669	0.355142	-2238.06
1670	0.360593	-2346.85
1671	0.365877	-2401.67
1672	0.366835	-2414.58
1673	0.364807	-2382.29
1674	0.353724	-2251.44
1675	0.356917	-2283.77
1676	0.354752	-2270.09
1677	0.354915	-2286.44
1678	0.366317	-2387.77
1679	0.354948	-2292.87
1680	0.354486	-2277.61
1681	0.359495	-2323.81
1682	0.365623	-2410.59
1683	0.356182	-2282.32
1684	0.356187	-2287.91
1685	0.354566	-2304.41
1686	0.359556	-2322.65
1687	0.353636	-2216.52
1688	0.36129	-2354.19
1689	0.354699	-2272.27
1690	0.361756	-2347.26
1691	0.36154	-2344.32
1692	0.354886	-2280.55
1693	0.363654	-2407.04
1694	0.361774	-2338.76
1695	0.354559	-2239.92
1696	0.350126	-2202.83
1697	0.363745	-2357.76
1698	0.359329	-2324.76
1699	0.351963	-2226.42
1700	0.353567	-2244.31
1701	0.347351	-2221.15
1702	0.354832	-2244.6
1703	0.361215	-2364.5
1704	0.351042	-2238.62
1705	0.365354	-2389.83
1706	0.355836	-2284.94
1707	0.36665	-2400.96
1708	0.352587	-2214.6
1709	0.359473	-2297.17
1710	0.36291	-2325.38
1711	0.350161	-2195.03
1712	0.354162	-2273.81
1713	0.355356	-2276.96
1714	0.359511	-2336.59
1715	0.350192	-2180.24
1716	0.356421	-2282.73
1717	0.361369	-2337.75
1718	0.359724	-2342.84
1719	0.362429	-2311.82
1720	0.352598	-2221.8
1721	0.350429	-2172.28
1722	0.351399	-2235.15
1723	0.363226	-2407.39
1724	0.360356	-2305.82
1725	0.358195	-2322.41
1726	0.358047	-2317.06
1727	0.362592	-2393.22
1728	0.36673	-2402.48
1729	0.358034	-2321.51
1730	0.355323	-2258.3
1731	0.357567	-2330.95
1732	0.35891	-2271.07
1733	0.353017	-2276.49
1734	0.358618	-2294.25
1735	0.360844	-2316.4
1736	0.355334	-2242.71
1737	0.352447	-2223.64
1738	0.363154	-2390.73
1739	0.358175	-2337.49
1740	0.34956	-2185.38
1741	0.3605	-2308.82
1742	0.359113	-2341.49
1743	0.349854	-2223.12
1744	0.360975	-2364.11
1745	0.367205	-2435.59
1746	0.358923	-2310.9
1747	0.362814	-2431.49
1748	0.345809	-2148.95
1749	0.360484	-2316.26
1750	0.362508	-2375.25
1751	0.349928	-2184.13
1752	0.36346	-2347.79
1753	0.352687	-2244.24
1754	0.355446	-2258.74
1755	0.362817	-2376.29
1756	0.35981	-2281.16
1757	0.350719	-2248.87
1758	0.364347	-2420.88
1759	0.359187	-2285.23
1760	0.359031	-2299.45
1761	0.360324	-2374.28
1762	0.355926	-2313.15
1763	0.357113	-2283.24
1764	0.364462	-2440.93
1765	0.363554	-2378.28
1766	0.359541	-2288.84
1767	0.35358	-2244.42
1768	0.363646	-2393.41
1769	0.356303	-2268.12
1770	0.361693	-2367.55
1771	0.363306	-2375.26
1772	0.357863	-2363.62
1773	0.355384	-2296.59
1774	0.365293	-2397.57
1775	0.35073	-2224.11
1776	0.36077	-2386.77
1777	0.354916	-2267.22
1778	0.360351	-2309.66
1779	0.360168	-2355.19
1780	0.356884	-2320.76
1781	0.356044	-2298.68
1782	0.3676	-2413.55
1783	0.361671	-2361.26
1784	0.368708	-2455.34
1785	0.362703	-2387.48
1786	0.354442	-2215.95
1787	0.363485	-2387.13
1788	0.360917	-2347.54
1789	0.361456	-2319.21
1790	0.352669	-2230
1791	0.354778	-2266.26
1792	0.36359	-2347.24
1793	0.363818	-2376.29
1794	0.351628	-2213.03
1795	0.358702	-2309.45
1796	0.361355	-2343.32
1797	0.362436	-2371.92
1798	0.35932	-2309.09
1799	0.360785	-2328.94
1800	0.362969	-2342.02
1801	0.364277	-2406.42
1802	0.356737	-2271.24
1803	0.357174	-2339.89
1804	0.352801	-2276.86
1805	0.359373	-2306.79
1806	0.35913	-2288.35
1807	0.354937	-2273.97
1808	0.362586	-2340.95
1809	0.362314	-2366.28
1810	0.357088	-2285.39
1811	0.355637	-2248.74
1812	0.364941	-2410.42
1813	0.359359	-2329.87
1814	0.360391	-2314.82
1815	0.356345	-2299.03
1816	0.36749	-2466.5
1817	0.357155	-2314.22
1818	0.368011	-2350.9
1819	0.361459	-2348.51
1820	0.354823	-2252.76
1821	0.355705	-2280
1822	0.354915	-2235.77
1823	0.35896	-2339.28
1824	0.360522	-2307.07
1825	0.355148	-2239.56
1826	0.356242	-2324.42
1827	0.353248	-2285.97
1828	0.358041	-2295.3
1829	0.351926	-2227.34
1830	0.360385	-2333.11
1831	0.359172	-2333.02
1832	0.353948	-2284.74
1833	0.35636	-2279.23
1834	0.352771	-2218.94
1835	0.354535	-2264.46
1836	0.352797	-2257.81
1837	0.364461	-2429.12
1838	0.351165	-2246.5
1839	0.357542	-2278.96
1840	0.359884	-2362.83
1841	0.359541	-2376.49
1842	0.354004	-2299.18
1843	0.355904	-2279.42
1844	0.364451	-2386.38
1845	0.350536	-2160.56
1846	0.356702	-2309.06
1847	0.351711	-2234.93
1848	0.347989	-2201.04
1849	0.361496	-2354.66
1850	0.364387	-2384.15
1851	0.357685	-2298.1
1852	0.357198	-2247.63
1853	0.362901	-2402.67
1854	0.35496	-2281.14
1855	0.357919	-2309.25
1856	0.363773	-2379.86
1857	0.356927	-2283.32
1858	0.354385	-2233.08
1859	0.353229	-2238.58
1860	0.35438	-2204.38
1861	0.355606	-2255.21
1862	0.361479	-2349.26
1863	0.354537	-2244.25
1864	0.357663	-2299.94
1865	0.359281	-2308.7
1866	0.356801	-2259.2
1867	0.363077	-2384.1
1868	0.353621	-2261.28
1869	0.357779	-2348.15
1870	0.350076	-2180.49
1871	0.361601	-2381.02
1872	0.3559	-2287.14
1873	0.361062	-2392.65
1874	0.355936	-2287.92
1875	0.350207	-2185.2
1876	0.363279	-2357.72
1877	0.355224	-2250.27
1878	0.350613	-2203.68
1879	0.351454	-2184.62
1880	0.359049	-2272.49
1881	0.362935	-2373.55
1882	0.360104	-2304.47
1883	0.364243	-2390.54
1884	0.368786	-2419.1
1885	0.361537	-2318.71
1886	0.363787	-2415.69
1887	0.35928	-2343.39
1888	0.358102	-2287.48
1889	0.352735	-2203.27
1890	0.350055	-2225.36
1891	0.363416	-2418.83
1892	0.359932	-2345.22
1893	0.358919	-2338.1
1894	0.36149	-2349.86
1895	0.367566	-2394.33
1896	0.367835	-2468.3
1897	0.352579	-2256.14
1898	0.354295	-2249.8
1899	0.360358	-2359
1900	0.362189	-2326.39
1901	0.364948	-2410.41
1902	0.360701	-2319.12
1903	0.35761	-2343.4
1904	0.365877	-2411.04
1905	0.355857	-2254.64
1906	0.354107	-2274.11
1907	0.363845	-2372.98
1908	0.353395	-2228.95
1909	0.366899	-2397.93
1910	0.355096	-2241.87
1911	0.358361	-2316.63
1912	0.360939	-2395.47
1913	0.358328	-2311.88
1914	0.361609	-2343.57
1915	0.350818	-2201.59
1916	0.361926	-2344.85
1917	0.36256	-2380.76
1918	0.360606	-2327.31
1919	0.358009	-2360.6
1920	0.361512	-2370.28
1921	0.364695	-2386.37
1922	0.356857	-2251.98
1923	0.361994	-2386.69
1924	0.353972	-2232.44
1925	0.365006	-2387.47
1926	0.363443	-2393.06
1927	0.352796	-2268.09
1928	0.355789	-2271.97
1929	0.359106	-2277.68
1930	0.357082	-2279.25
1931	0.367013	-2384.47
1932	0.360311	-2325.88
1933	0.357737	-2262.62
1934	0.353027	-2238.69
1935	0.360854	-2319.78
1936	0.35966	-2347.59
1937	0.363888	-2387.36
1938	0.359296	-2308.41
1939	0.360084	-2366.74
1940	0.366997	-2421.67
1941	0.366827	-2427.43
1942	0.364133	-2373.54
1943	0.366839	-2428.73
1944	0.361747	-2339.46
1945	0.361421	-2344.9
1946	0.359144	-2326.77
1947	0.362379	-2368.98
1948	0.356915	-2296.43
1949	0.36105	-2380.27
1950	0.364716	-2367.16
1951	0.353516	-2244.69
1952	0.363946	-2368.85
1953	0.354265	-2250.12
1954	0.36	-2365.82
1955	0.360146	-2309.13
1956	0.360462	-2300.29
1957	0.361906	-2349.01
1958	0.360537	-2330.35
1959	0.35974	-2309.12
1960	0.368605	-2432.02
1961	0.358596	-2324.07
1962	0.362916	-2409.6
1963	0.360021	-2329.73
1964	0.346056	-2164.22
1965	0.355652	-2255.7
1966	0.356155	-2251.13
1967	0.363367	-2410.86
1968	0.362434	-2439.19
1969	0.357444	-2326.2
1970	0.362046	-2332.07
1971	0.355063	-2268.66
1972	0.360189	-2356.31
1973	0.369412	-2460.74
1974	0.361781	-2300.37
1975	0.349275	-2178.35
1976	0.370171	-2466.17
1977	0.351421	-2206.56
1978	0.356231	-2270.13
1979	0.356342	-2302.74
1980	0.357971	-2271.51
1981	0.361947	-2365.29
1982	0.36091	-2347.66
1983	0.356508	-2285.34
1984	0.356066	-2313.36
1985	0.35907	-2306.59
1986	0.356386	-2279.06
1987	0.363493	-2375.75
1988	0.347504	-2200.69
1989	0.357785	-2273.32
1990	0.353079	-2247.84
1991	0.359667	-2304.14
1992	0.350588	-2166.44
1993	0.36849	-2436.32
1994	0.360789	-2355.89
1995	0.368994	-2425.72
1996	0.352231	-2232.18
1997	0.355955	-2264.7
1998	0.354711	-2260.5
1999	0.351027	-2212.83
2000	0.356739	-2305.77
2001	0.354732	-2270.87
2002	0.359203	-2340.55
2003	0.360541	-2341.17
2004	0.364847	-2388.75
2005	0.350194	-2252.19
2006	0.360095	-2323.26
2007	0.35796	-2284.32
2008	0.353395	-2270.78
2009	0.35719	-2266.25
2010	0.361622	-2360.93
2011	0.349364	-2161.15
2012	0.358128	-2290.48
2013	0.359037	-2327.89
2014	0.351405	-2231.38
2015	0.356928	-2297.54
2016	0.358887	-2297.7
2017	0.359293	-2342.96
2018	0.353088	-2269.77
2019	0.356146	-2290.16
2020	0.350511	-2197.74
2021	0.357345	-2317.91
2022	0.35495	-2294.35
2023	0.360403	-2321.1
2024	0.353521	-2253.61
2025	0.360472	-2368.12
2026	0.358494	-2286.99
2027	0.360066	-2324.13
2028	0.351329	-2188.53
2029	0.35747	-2272.31
2030	0.36092	-2321.48
2031	0.357588	-2317.92
2032	0.357769	-2318.79
2033	0.361516	-2349.15
2034	0.368366	-2423.62
2035	0.361096	-2299.16
2036	0.363809	-2380.32
2037	0.357717	-2328.02
2038	0.364667	-2361.95
2039	0.363505	-2365.16
2040	0.349982	-2200.45
2041	0.361217	-2340.66
2042	0.361104	-2374.79
2043	0.36054	-2326.5
2044	0.354911	-2245.49
2045	0.359302	-2301.8
2046	0.361204	-2306.37
2047	0.361223	-2364.64
2048	0.353968	-2239.67
2049	0.358687	-2335.04
2050	0.364859	-2404.13
2051	0.359589	-2310.2
2052	0.358004	-2293.94
2053	0.362164	-2321.11
2054	0.360572	-2319.48
2055	0.361807	-2284.06
2056	0.354837	-2242.45
2057	0.362446	-2358.2
2058	0.352786	-2225.75
2059	0.354889	-2211.3
2060	0.357696	-2312.38
2061	0.36465	-2422.33
2062	0.35647	-2310.47
2063	0.371815	-2501.91
2064	0.361196	-2328.5
2065	0.362024	-2338.16
2066	0.361184	-2329.27
2067	0.364524	-2408.06
2068	0.362738	-2373.47
2069	0.354239	-2240.71
2070	0.354833	-2260.89
2071	0.355082	-2299.53
2072	0.346582	-2119.63
2073	0.353441	-2248.79
2074	0.357156	-2304.18
2075	0.359296	-2308.81
2076	0.346791	-2172.79
2077	0.368267	-2422.94
2078	0.358151	-2305.48
2079	0.361203	-2350.94
2080	0.355605	-2262.5
2081	0.358235	-2273.61
2082	0.352856	-2246.64
2083	0.360823	-2281.22
2084	0.352043	-2205.34
2085	0.359685	-2361.89
2086	0.37266	-2501.32
2087	0.362624	-2369.59
2088	0.360668	-2347.65
2089	0.35709	-2297.96
2090	0.360057	-2335.05
2091	0.364611	-2363.35
2092	0.362925	-2393.13
2093	0.359725	-2354.13
2094	0.356849	-2269.04
2095	0.363589	-2371.44
2096	0.359419	-2344.19
2097	0.357876	-2288.55
2098	0.36303	-2394.68
2099	0.358703	-2290.1
2100	0.356987	-2294.89
2101	0.350574	-2182.05
2102	0.351881	-2218.71
2103	0.354202	-2229.45
2104	0.362079	-2355.25
2105	0.358557	-2315.96
2106	0.353793	-2245.61
2107	0.355202	-2270.78
2108	0.359652	-2306.12
2109	0.347371	-2155.62
2110	0.361481	-2329.66
2111	0.364469	-2368.08
2112	0.359541	-2315.89
2113	0.348114	-2133.82
2114	0.354036	-2214.11
2115	0.366986	-2429.35
2116	0.359783	-2343.61
2117	0.352504	-2248.69
2118	0.357986	-2292.91
2119	0.349977	-2199.36
2120	0.357085	-2296.83
2121	0.348097	-2173.81
2122	0.358617	-2280.22
2123	0.36102	-2314.45
2124	0.360067	-2386.83
2125	0.35861	-2358.58
2126	0.354249	-2276.5
2127	0.357015	-2288.71
2128	0.350872	-2200.33
2129	0.351183	-2213.88
2130	0.355397	-2249.63
2131	0.353109	-2241.06
2132	0.360444	-2314.01
2133	0.363719	-2362.66
2134	0.353689	-2232.41
2135	0.357312	-2321.39
2136	0.352928	-2175.45
2137	0.355214	-2248.5
2138	0.361125	-2395.6
2139	0.359919	-2340.8
2140	0.368119	-2423.03
2141	0.359013	-2300.49
2142	0.349201	-2171.08
2143	0.35733	-2281.36
2144	0.372123	-2459.77
2145	0.363909	-2353.92
2146	0.356617	-2253.91
2147	0.346001	-2170.04
2148	0.360431	-2329.57
2149	0.348092	-2199.13
2150	0.355717	-2264.39
2151	0.357234	-2312.87
2152	0.357375	-2272.24
2153	0.357415	-2307.36
2154	0.362901	-2405.14
2155	0.359536	-2333.26
2156	0.351343	-2210.62
2157	0.366381	-2403.38
2158	0.352898	-2223.24
2159	0.359081	-2322.61
2160	0.358626	-2301.96
2161	0.368803	-2448.99
2162	0.35418	-2274.63
2163	0.358401	-2308.35
2164	0.351644	-2268.76
2165	0.362791	-2343.66
2166	0.356392	-2225.81
2167	0.365865	-2373.58
2168	0.355225	-2236.7
2169	0.359599	-2358.47
2170	0.358626	-2331.99
2171	0.352924	-2238.4
2172	0.36753	-2395.18
2173	0.356488	-2288.99
2174	0.361742	-2342.87
2175	0.365986	-2407.87
2176	0.356337	-2251.81
2177	0.363809	-2429.98
2178	0.364722	-2395.6
2179	0.351252	-2217.89
2180	0.359463	-2286.16
2181	0.355	-2219.1
2182	0.351876	-2257.42
2183	0.366727	-2424.15
2184	0.363237	-2381.31
2185	0.356151	-2301.03
2186	0.357232	-2287.21
2187	0.35544	-2270.64
2188	0.364685	-2386.12
2189	0.349132	-2176.03
2190	0.362836	-2390.31
2191	0.356688	-2311.19
2192	0.369355	-2420.55
2193	0.359973	-2281.48
2194	0.35047	-2206.89
2195	0.356404	-2285.63
2196	0.361114	-2353.11
2197	0.359079	-2303.54
2198	0.365312	-2370.95
2199	0.35736	-2310.84
2200	0.354936	-2208.17
2201	0.357303	-2228.6
2202	0.351844	-2218.89
2203	0.353492	-2238.23
2204	0.354521	-2248.81
2205	0.364086	-2383.6
2206	0.36575	-2395.82
2207	0.359158	-2279.52
2208	0.361573	-2354.33
2209	0.358306	-2292.92
2210	0.362131	-2379.68
2211	0.359895	-2348.65
2212	0.357899	-2297.91
2213	0.363271	-2402.65
2214	0.359281	-2305.11
2215	0.349199	-2165.32
2216	0.361265	-2309.91
2217	0.355425	-2259.92
2218	0.355499	-2248.05
2219	0.353882	-2271.28
2220	0.357236	-2240.79
2221	0.35813	-2285.25
2222	0.356865	-2272.91
2223	0.35535	-2255.86
2224	0.354327	-2261.48
2225	0.364841	-2397.17
2226	0.355216	-2288.8
2227	0.353573	-2237.69
2228	0.357935	-2276.71
2229	0.359346	-2365.28
2230	0.351155	-2206.33
2231	0.364737	-2393.65
2232	0.355622	-2263.59
2233	0.349901	-2208.81
2234	0.360127	-2392.36
2235	0.357498	-2314.12
2236	0.358932	-2343.26
2237	0.357026	-2289.95
2238	0.360885	-2360.9
2239	0.356349	-2305.99
2240	0.354113	-2263.81
2241	0.351754	-2229.47
2242	0.351927	-2248.96
2243	0.368006	-2391.43
2244	0.362483	-2363.62
2245	0.353279	-2293.79
2246	0.353058	-2222.42
2247	0.363294	-2394.31
2248	0.366817	-2396.99
2249	0.35309	-2226.29
2250	0.355163	-2274.54
2251	0.365408	-2442
2252	0.361056	-2359.99
2253	0.362059	-2370.84
2254	0.360078	-2282.42
2255	0.359915	-2337.47
2256	0.362346	-2367.61
2257	0.354751	-2290.74
2258	0.357589	-2266.36
2259	0.350715	-2202.36
2260	0.36144	-2395.83
2261	0.356482	-2301.83
2262	0.362042	-2388.35
2263	0.356601	-2261.55
2264	0.362848	-2395.43
2265	0.353964	-2251.03
2266	0.358344	-2270.91
2267	0.354842	-2219.32
2268	0.357711	-2271.98
2269	0.363878	-2389.82
2270	0.358258	-2292.82
2271	0.356805	-2298.41
2272	0.365614	-2405.21
2273	0.362434	-2402.84
2274	0.362848	-2362.95
2275	0.365835	-2398.84
2276	0.371207	-2454.96
2277	0.349496	-2227.82
2278	0.364435	-2390.81
2279	0.357294	-2321.8
2280	0.353319	-2227.96
2281	0.35339	-2218.86
2282	0.358255	-2316.8
2283	0.352273	-2217.43
2284	0.351008	-2223.67
2285	0.357539	-2289.04
2286	0.363153	-2361.63
2287	0.356912	-2307.19
2288	0.355939	-2291.12
2289	0.363209	-2401.86
2290	0.361472	-2322.45
2291	0.351147	-2227.67
2292	0.367843	-2449.12
2293	0.35143	-2263.29
2294	0.356665	-2315.02
2295	0.350792	-2185.66
2296	0.35796	-2262.7
2297	0.357547	-2335.98
2298	0.365012	-2372.29
2299	0.350639	-2182.13
2300	0.353544	-2253.62
2301	0.366312	-2437.2
2302	0.355399	-2261.48
2303	0.360295	-2332.34
2304	0.355094	-2256.02
2305	0.370685	-2441.18
2306	0.361262	-2303.61
2307	0.348616	-2233.06
2308	0.368346	-2438.92
2309	0.360409	-2330.94
2310	0.354438	-2222.35
2311	0.355642	-2268.72
2312	0.352043	-2210.96
2313	0.36058	-2374.37
2314	0.357014	-2308.2
2315	0.360571	-2339.42
2316	0.367418	-2400.36
2317	0.365682	-2406.8
2318	0.358448	-2347.59
2319	0.355587	-2266.69
2320	0.345883	-2114.74
2321	0.361506	-2328.96
2322	0.356883	-2271.54
2323	0.361598	-2377.62
2324	0.353331	-2277.72
2325	0.357088	-2319.84
2326	0.359639	-2342.91
2327	0.360662	-2360.19
2328	0.358388	-2309.08
2329	0.357616	-2284.19
2330	0.355708	-2296.85
2331	0.347207	-2172.17
2332	0.360369	-2359.1
2333	0.364468	-2406.16
2334	0.354695	-2277.33
2335	0.358059	-2318.66
2336	0.362321	-2350.24
2337	0.359048	-2279.17
2338	0.3524	-2236.35
2339	0.362096	-2333.15
2340	0.363816	-2409.98
2341	0.362731	-2343.44
2342	0.358585	-2296.45
2343	0.354182	-2223.45
2344	0.356279	-2298.73
2345	0.36657	-2371.61
2346	0.354608	-2226.6
2347	0.363373	-2326.09
2348	0.356874	-2288.58
2349	0.363813	-2387.54
2350	0.347019	-2163.35
2351	0.360673	-2336.63
2352	0.361397	-2332.3
2353	0.356729	-2316.93
2354	0.362515	-2362.61
2355	0.363054	-2371.46
2356	0.350216	-2210.04
2357	0.360498	-2333.16
2358	0.366438	-2403.26
2359	0.367389	-2420.79
2360	0.355804	-2267.74
2361	0.357878	-2289.74
2362	0.351341	-2243.5
2363	0.356976	-2324.82
2364	0.360069	-2355.37
2365	0.350319	-2204.91
2366	0.355276	-2238.13
2367	0.359868	-2327.51
2368	0.360119	-2337.3
2369	0.35073	-2191.68
2370	0.366085	-2423.22
2371	0.353801	-2229.31
2372	0.362534	-2392.68
2373	0.355219	-2282.02
2374	0.365821	-2416.13
2375	0.36061	-2361.77
2376	0.353905	-2208.66
2377	0.358798	-2298.63
2378	0.34907	-2213.49
2379	0.358056	-2323.45
2380	0.36236	-2344.94
2381	0.353869	-2272.7
2382	0.354845	-2293.01
2383	0.363524	-2333.15
2384	0.359201	-2305.43
2385	0.36136	-2345.88
2386	0.353446	-2270.84
2387	0.352159	-2233.7
2388	0.350676	-2191.14
2389	0.366767	-2407.64
2390	0.368608	-2453.93
2391	0.366737	-2425.34
2392	0.362751	-2380.18
2393	0.365887	-2400
2394	0.358864	-2360.42
2395	0.365754	-2431.28
2396	0.355595	-2269.09
2397	0.364787	-2387.21
2398	0.353643	-2254.63
2399	0.348574	-2177.64
2400	0.341133	-2134.39
2401	0.35728	-2247.6
2402	0.362542	-2334.23
2403	0.359691	-2343.23
2404	0.356167	-2275.42
2405	0.354725	-2251.05
2406	0.368467	-2449.75
2407	0.349429	-2185.5
2408	0.360583	-2310.15
2409	0.368209	-2454.87
2410	0.356795	-2290.41
2411	0.356034	-2263.04
2412	0.36099	-2396.05
2413	0.357226	-2268.17
2414	0.356481	-2274.64
2415	0.362958	-2333.99
2416	0.355676	-2301.46
2417	0.357424	-2273.11
2418	0.359741	-2342.34
2419	0.368933	-2428.73
2420	0.366716	-2448.19
2421	0.360663	-2309.71
2422	0.365761	-2404.63
2423	0.358892	-2345.16
2424	0.355069	-2287.31
2425	0.352678	-2199.25
2426	0.354858	-2223.74
2427	0.355689	-2222.06
2428	0.359939	-2344.29
2429	0.358434	-2310.52
2430	0.368819	-2500.09
2431	0.354861	-2228.84
2432	0.363134	-2358.62
2433	0.362477	-2397.25
2434	0.361901	-2352.54
2435	0.350738	-2240.66
2436	0.361663	-2367.32
2437	0.348765	-2182.53
2438	0.364322	-2373.98
2439	0.363143	-2352.67
2440	0.367215	-2442.51
2441	0.359285	-2253.62
2442	0.358026	-2323.67
2443	0.354404	-2293.65
2444	0.356708	-2280.3
2445	0.35553	-2263.72
2446	0.362227	-2395.46
2447	0.354627	-2295.06
2448	0.363865	-2364.24
2449	0.357753	-2283.76
2450	0.367261	-2445.6
2451	0.352075	-2237.37
2452	0.353309	-2225.54
2453	0.357689	-2299.66
2454	0.361713	-2356.94
2455	0.358908	-2363.37
2456	0.355868	-2276.08
2457	0.355547	-2257.34
2458	0.358957	-2331.56
2459	0.361004	-2317.11
2460	0.350373	-2181.34
2461	0.360703	-2358.4
2462	0.361333	-2350.61
2463	0.355859	-2242.22
2464	0.352458	-2281.63
2465	0.354789	-2223.2
2466	0.359872	-2341.55
2467	0.3593	-2332.56
2468	0.362831	-2333.87
2469	0.3652	-2371.83
2470	0.358403	-2301.06
2471	0.366099	-2438.81
2472	0.371149	-2460.75
2473	0.363845	-2409.21
2474	0.3644	-2357.96
2475	0.362087	-2313.2
2476	0.360996	-2340.87
2477	0.352634	-2245
2478	0.360834	-2310.34
2479	0.360893	-2354.1
2480	0.358934	-2328.56
2481	0.359491	-2287.61
2482	0.358095	-2293.53
2483	0.363471	-2412.65
2484	0.360459	-2337.7
2485	0.34834	-2165.15
2486	0.356816	-2261.69
2487	0.355614	-2280.26
2488	0.376514	-2561.21
2489	0.354918	-2240.79
2490	0.359817	-2285.24
2491	0.359538	-2316.09
2492	0.369958	-2440.31
2493	0.357532	-2292.75
2494	0.351509	-2187.72
2495	0.361094	-2330.73
2496	0.358411	-2306.94
2497	0.361938	-2338.14
2498	0.361233	-2352.48
2499	0.359658	-2274.36
2500	0.351936	-2235.43
2501	0.359589	-2280.07
2502	0.353168	-2236.27
2503	0.360911	-2322.07
2504	0.364127	-2369.03
2505	0.35518	-2311.87
2506	0.353419	-2263.75
2507	0.36733	-2425.54
2508	0.360252	-2315.24
2509	0.359297	-2338.5
2510	0.360489	-2332.36
2511	0.352878	-2248.43
2512	0.359924	-2311.7
2513	0.361583	-2336.15
2514	0.35481	-2240.71
2515	0.355828	-2295.65
2516	0.358394	-2244.82
2517	0.364236	-2367.64
2518	0.364169	-2423.15
2519	0.358159	-2309.27
2520	0.351326	-2266.69
2521	0.363263	-2360.63
2522	0.357375	-2237.64
2523	0.354434	-2241.14
2524	0.362661	-2392.95
2525	0.355855	-2303.32
2526	0.358292	-2293.28
2527	0.361155	-2307.12
2528	0.357054	-2309.85
2529	0.354051	-2320.33
2530	0.359798	-2307.9
2531	0.352668	-2202.09
2532	0.362736	-2347.52
2533	0.354467	-2240.64
2534	0.358087	-2326.18
2535	0.353786	-2221.68
2536	0.360519	-2359.46
2537	0.35531	-2215.75
2538	0.36309	-2353.18
2539	0.34705	-2130.28
2540	0.353358	-2242.88
2541	0.357711	-2313.71
2542	0.352925	-2212.64
2543	0.3586	-2355.37
2544	0.356347	-2266.97
2545	0.353976	-2226.94
2546	0.371497	-2495.24
2547	0.355005	-2264.37
2548	0.345945	-2157.69
2549	0.360071	-2318.26
2550	0.363437	-2360.14
2551	0.370008	-2443.1
2552	0.356011	-2268.93
2553	0.35988	-2337.39
2554	0.369431	-2439.52
2555	0.352669	-2223.23
2556	0.354843	-2242.35
2557	0.360786	-2357.02
2558	0.35979	-2322.39
2559	0.354318	-2225.56
2560	0.357587	-2303.33
2561	0.36141	-2342.22
2562	0.351026	-2194.82
2563	0.361131	-2403.41
2564	0.357931	-2311.38
2565	0.352503	-2229.95
2566	0.351412	-2201.15
2567	0.355833	-2293.77
2568	0.349894	-2209.09
2569	0.361886	-2359.95
2570	0.356148	-2260.33
2571	0.3574	-2274.02
2572	0.354497	-2275.94
2573	0.361765	-2337.53
2574	0.363847	-2389.81
2575	0.350516	-2217.49
2576	0.361819	-2361.64
2577	0.356784	-2291.9
2578	0.356297	-2250.66
2579	0.360436	-2339.81
2580	0.362979	-2352.87
2581	0.359158	-2236.73
2582	0.354496	-2256.17
2583	0.365021	-2395.85
2584	0.355465	-2261.62
2585	0.358976	-2327.08
2586	0.357609	-2314.6
2587	0.356302	-2250.47
2588	0.364359	-2370.5
2589	0.362415	-2392.15
2590	0.357072	-2237.08
2591	0.366208	-2422.68
2592	0.359912	-2353.55
2593	0.355709	-2323.48
2594	0.363579	-2345.86
2595	0.359759	-2323.71
2596	0.360792	-2330.73
2597	0.363249	-2367.35
2598	0.361025	-2322.19
2599	0.361685	-2388.55
2600	0.357533	-2238.87
2601	0.353287	-2162.45
2602	0.356989	-2310.51
2603	0.350894	-2236.63
2604	0.363478	-2379.64
2605	0.357473	-2328.45
2606	0.360758	-2346.47
2607	0.364263	-2376.81
2608	0.353336	-2220.61
2609	0.351895	-2194.13
2610	0.364976	-2412.56
2611	0.364324	-2401.87
2612	0.359364	-2326.96
2613	0.351913	-2214.82
2614	0.363349	-2447.21
2615	0.353247	-2246.99
2616	0.357289	-2276.16
2617	0.353901	-2243.84
2618	0.361579	-2377.6
2619	0.359019	-2302.15
2620	0.354158	-2260.38
2621	0.360935	-2358.4
2622	0.356406	-2246.24
2623	0.355853	-2258.56
2624	0.364629	-2399.04
2625	0.357782	-2318.62
2626	0.359641	-2292.58
2627	0.362078	-2374.35
2628	0.356668	-2326.48
2629	0.356914	-2292.77
2630	0.361073	-2354.13
2631	0.354424	-2289.05
2632	0.355964	-2283.04
2633	0.363262	-2414.34
2634	0.360318	-2346.5
2635	0.353736	-2256.61
2636	0.36102	-2319.74
2637	0.354483	-2244.38
2638	0.362251	-2368.5
2639	0.359306	-2338.33
2640	0.357084	-2245.57
2641	0.355059	-2247.65
2642	0.354189	-2280.08
2643	0.359376	-2328.78
2644	0.363202	-2382.83
2645	0.364264	-2372.46
2646	0.361816	-2359.24
2647	0.364738	-2354.59
2648	0.356225	-2309.06
2649	0.360955	-2326.34
2650	0.36017	-2309
2651	0.355247	-2303.4
2652	0.36789	-2418.42
2653	0.360543	-2318.62
2654	0.356594	-2262.07
2655	0.353272	-2228.91
2656	0.35614	-2300.59
2657	0.367868	-2425.89
2658	0.364643	-2389.64
2659	0.35322	-2228.52
2660	0.354655	-2262.51
2661	0.353169	-2248.59
2662	0.362004	-2346.35
2663	0.358751	-2367.08
2664	0.351149	-2195.69
2665	0.368386	-2448.34
2666	0.357413	-2291.18
2667	0.353387	-2280.39
2668	0.350057	-2193.17
2669	0.355367	-2294.23
2670	0.36366	-2392.63
2671	0.355524	-2291.47
2672	0.350816	-2179.07
2673	0.35109	-2249.14
2674	0.361681	-2335.32
2675	0.361035	-2326.82
2676	0.365148	-2416.97
2677	0.359955	-2352.67
2678	0.358551	-2312.01
2679	0.362541	-2426.64
2680	0.365105	-2371.01
2681	0.352374	-2227.21
2682	0.361014	-2311.84
2683	0.354527	-2272.4
2684	0.348438	-2147.6
2685	0.355842	-2289.46
2686	0.35862	-2330.97
2687	0.370354	-2444.29
2688	0.361445	-2380.14
2689	0.365883	-2381.48
2690	0.34731	-2132.95
2691	0.34785	-2150.28
2692	0.359836	-2337.93
2693	0.363706	-2383.56
2694	0.365878	-2416.19
2695	0.3698	-2475.07
2696	0.356303	-2286.51
2697	0.349463	-2221.86
2698	0.359589	-2323.13
2699	0.349961	-2195.34
2700	0.351852	-2220.23
2701	0.351471	-2188.89
2702	0.365728	-2404.69
2703	0.364942	-2361.13
2704	0.356714	-2276.79
2705	0.355286	-2297.1
2706	0.355875	-2261.17
2707	0.368155	-2434.11
2708	0.367819	-2429.21
2709	0.366444	-2403.61
2710	0.358112	-2351.45
2711	0.357121	-2267.61
2712	0.356115	-2256.64
2713	0.345861	-2168.84
2714	0.349347	-2206.09
2715	0.365557	-2389.51
2716	0.362255	-2326.87
2717	0.363709	-2392.46
2718	0.36828	-2406.64
2719	0.356742	-2291.74
2720	0.357643	-2285.47
2721	0.365011	-2404.78
2722	0.355362	-2311.79
2723	0.3604	-2296.66
2724	0.363068	-2365.1
2725	0.355621	-2313.12
2726	0.354135	-2294.43
2727	0.361638	-2316.65
2728	0.355096	-2269.88
2729	0.357402	-2306.75
2730	0.364042	-2370.47
2731	0.366602	-2425.69
2732	0.352747	-2269.69
2733	0.358757	-2315.25
2734	0.361321	-2334.37
2735	0.360171	-2303.78
2736	0.358183	-2293.81
2737	0.359854	-2320.89
2738	0.359161	-2304.63
2739	0.356719	-2284.14
2740	0.354777	-2248.83
2741	0.353196	-2258.67
2742	0.356963	-2314.09
2743	0.356134	-2285.71
2744	0.351545	-2226.7
2745	0.357575	-2258.63
2746	0.354305	-2229.8
2747	0.358791	-2326.21
2748	0.365624	-2406.18
2749	0.352184	-2215.05
2750	0.362453	-2392.82
2751	0.357971	-2324.47
2752	0.361218	-2371.55
2753	0.366316	-2404.53
2754	0.361296	-2381.33
2755	0.355722	-2264.33
2756	0.348531	-2171.07
2757	0.361821	-2343.93
2758	0.3606	-2337.36
2759	0.35095	-2200.8
2760	0.357129	-2323.51
2761	0.355796	-2282.13
2762	0.354908	-2272.82
2763	0.347459	-2151.96
2764	0.346524	-2209.07
2765	0.355192	-2307.64
2766	0.357633	-2304.35
2767	0.358557	-2304.97
2768	0.356326	-2296.64
2769	0.354045	-2213.65
2770	0.354123	-2264.34
2771	0.365074	-2419.72
2772	0.356121	-2252.56
2773	0.362163	-2308.59
2774	0.356162	-2294.29
2775	0.365131	-2433.82
2776	0.354638	-2293.29
2777	0.366839	-2458.81
2778	0.365253	-2399.25
2779	0.35337	-2240.73
2780	0.370171	-2500.18
2781	0.35674	-2283.39
2782	0.356619	-2309.41
2783	0.356157	-2238.85
2784	0.359771	-2333.22
2785	0.359785	-2330.96
2786	0.36293	-2348.32
2787	0.351744	-2161.91
2788	0.360771	-2308.2
2789	0.357356	-2321.04
2790	0.362904	-2351.12
2791	0.359601	-2318.96
2792	0.359664	-2312.86
2793	0.361732	-2370.41
2794	0.360447	-2336.3
2795	0.357761	-2294.84
2796	0.363576	-2386.2
2797	0.358277	-2293.94
2798	0.3525	-2221.93
2799	0.349485	-2183.29
2800	0.361253	-2339.72
2801	0.359322	-2337.86
2802	0.354584	-2278.19
2803	0.361981	-2345.35
2804	0.354578	-2225.98
2805	0.353519	-2270.18
2806	0.360425	-2324.26
2807	0.353837	-2287.27
2808	0.362567	-2390.35
2809	0.359313	-2353.62
2810	0.350444	-2197
2811	0.366628	-2437.32
2812	0.360299	-2330.17
2813	0.36466	-2371.53
2814	0.356163	-2293.46
2815	0.354021	-2237.26
2816	0.353272	-2254.82
2817	0.354884	-2225.37
2818	0.361235	-2335.96
2819	0.353189	-2212.12
2820	0.362456	-2337.09
2821	0.358686	-2299.79
2822	0.358838	-2360.49
2823	0.359753	-2300.41
2824	0.358536	-2288.63
2825	0.362632	-2333.98
2826	0.360945	-2305.99
2827	0.358598	-2296
2828	0.35513	-2256.17
2829	0.364016	-2434.91
2830	0.353774	-2247.88
2831	0.359494	-2338.19
2832	0.359086	-2298.25
2833	0.346755	-2137.35
2834	0.36105	-2331.45
2835	0.359789	-2318.52
2836	0.364078	-2336.38
2837	0.364405	-2394.87
2838	0.360244	-2340.36
2839	0.355598	-2236.54
2840	0.352781	-2224.23
2841	0.358992	-2320.68
2842	0.35811	-2332.52
2843	0.361097	-2344.41
2844	0.356642	-2322.47
2845	0.358939	-2272.7
2846	0.362005	-2405.97
2847	0.355894	-2279.4
2848	0.359164	-2338.55
2849	0.355779	-2282.02
2850	0.356233	-2280.2
2851	0.357815	-2280.73
2852	0.361969	-2343.97
2853	0.359478	-2289.3
2854	0.36132	-2344.14
2855	0.359579	-2302.27
2856	0.365966	-2399.9
2857	0.357495	-2311.65
2858	0.358173	-2273.46
2859	0.357071	-2311.39
2860	0.361877	-2334.14
2861	0.360929	-2351.99
2862	0.359451	-2322.29
2863	0.359465	-2349.91
2864	0.356275	-2262.05
2865	0.355099	-2276.75
2866	0.360595	-2340.68
2867	0.357856	-2256.88
2868	0.358197	-2324.94
2869	0.352019	-2261.38
2870	0.357001	-2223.5
2871	0.354531	-2231.35
2872	0.360501	-2332.48
2873	0.356388	-2302.01
2874	0.36392	-2371.77
2875	0.355466	-2264.99
2876	0.363354	-2399.96
2877	0.360555	-2309.6
2878	0.352438	-2281.71
2879	0.362525	-2343.33
2880	0.365285	-2430.55
2881	0.363706	-2401.84
2882	0.362405	-2345.5
2883	0.356187	-2284.7
2884	0.35494	-2243.78
2885	0.358472	-2328.74
2886	0.358102	-2305.79
2887	0.362832	-2334.2
2888	0.359744	-2338.94
2889	0.351775	-2235.05
2890	0.353139	-2243.6
2891	0.357813	-2320.11
2892	0.36716	-2403.37
2893	0.36803	-2458.22
2894	0.355373	-2293.05
2895	0.356614	-2246.15
2896	0.362257	-2361.96
2897	0.358941	-2314.97
2898	0.358122	-2304.36
2899	0.362224	-2358.68
2900	0.352833	-2237.12
2901	0.363146	-2404.6
2902	0.360288	-2342.96
2903	0.356709	-2275.55
2904	0.352475	-2196.36
2905	0.348697	-2186.35
2906	0.362557	-2351.7
2907	0.353114	-2252.41
2908	0.360695	-2266.95
2909	0.356818	-2268.8
2910	0.355097	-2278.76
2911	0.360239	-2324.82
2912	0.348507	-2175.31
2913	0.355304	-2267.06
2914	0.356241	-2292.04
2915	0.36268	-2361.3
2916	0.363734	-2345.85
2917	0.365025	-2409.92
2918	0.354163	-2259.88
2919	0.363698	-2355.99
2920	0.35195	-2238.45
2921	0.35132	-2256.45
2922	0.353369	-2251.76
2923	0.358288	-2283.62
2924	0.3567	-2265.51
2925	0.362871	-2356.69
2926	0.372332	-2478.66
2927	0.35689	-2275.16
2928	0.355184	-2295.1
2929	0.363877	-2367.89
2930	0.366079	-2417.86
2931	0.355853	-2245.98
2932	0.363651	-2400.39
2933	0.352428	-2185.71
2934	0.35854	-2312.85
2935	0.362441	-2389.56
2936	0.364168	-2400.12
2937	0.362725	-2352.99
2938	0.352011	-2248.69
2939	0.362557	-2378.63
2940	0.356527	-2258.8
2941	0.357253	-2345.15
2942	0.365194	-2384.8
2943	0.353604	-2242.01
2944	0.35965	-2298.64
2945	0.360168	-2351.53
2946	0.356567	-2280.56
2947	0.358031	-2295.7
2948	0.361391	-2337.42
2949	0.352568	-2236.98
2950	0.364506	-2391.23
2951	0.359802	-2358.34
2952	0.35224	-2230.64
2953	0.355849	-2289.41
2954	0.350379	-2235.02
2955	0.36604	-2407.66
2956	0.357091	-2299.36
2957	0.356072	-2272.74
2958	0.348657	-2219.92
2959	0.355814	-2289.92
2960	0.360185	-2330.02
2961	0.34672	-2164.73
2962	0.352195	-2235.7
2963	0.352732	-2233.27
2964	0.357679	-2294.57
2965	0.364851	-2415.4
2966	0.361948	-2388.64
2967	0.353374	-2237.55
2968	0.358043	-2284.52
2969	0.353939	-2175.47
2970	0.357872	-2308.07
2971	0.364359	-2379.29
2972	0.356938	-2273.31
2973	0.363413	-2338.04
2974	0.349492	-2194.87
2975	0.359554	-2292.4
2976	0.35221	-2214.59
2977	0.353882	-2245.2
2978	0.358976	-2324.97
2979	0.352665	-2247.19
2980	0.361439	-2333.8
2981	0.360531	-2355.84
2982	0.352006	-2259.46
2983	0.347715	-2163.02
2984	0.358554	-2329.44
2985	0.36503	-2400.92
2986	0.3534	-2188.35
2987	0.365075	-2381.31
2988	0.351747	-2226.22
2989	0.352754	-2221.86
2990	0.35943	-2326.09
2991	0.359414	-2336.17
2992	0.353841	-2247.02
2993	0.352718	-2240.75
2994	0.363488	-2400.7
2995	0.356804	-2281.43
2996	0.364234	-2389.49
2997	0.353753	-2236.7
2998	0.352007	-2221.6
2999	0.358136	-2282.92
