0	0.35213	-2274.86
1	0.361628	-2365.44
2	0.354726	-2252.27
3	0.359281	-2289.64
4	0.358251	-2305.44
5	0.363205	-2339.25
6	0.361309	-2346.75
7	0.362873	-2388.28
8	0.358944	-2274.71
9	0.365833	-2419.5
10	0.3593	-2306.04
11	0.359718	-2302.25
12	0.357512	-2310.88
13	0.368708	-2437.59
14	0.366464	-2407.1
15	0.358209	-2273.01
16	0.364202	-2360.64
17	0.350586	-2248.15
18	0.353402	-2244.43
19	0.354664	-2253.19
20	0.354059	-2247.8
21	0.360966	-2372.29
22	0.3514	-2204.24
23	0.358053	-2302.98
24	0.357224	-2285.37
25	0.349145	-2177.67
26	0.369217	-2462.82
27	0.353281	-2253.15
28	0.358103	-2291.85
29	0.352757	-2224.15
30	0.345541	-2139.23
31	0.357234	-2275.28
32	0.362215	-2361.39
33	0.354618	-2275.14
34	0.356182	-2291.63
35	0.355959	-2285.01
36	0.351618	-2199.88
37	0.359593	-2304.52
38	0.354462	-2279.27
39	0.360205	-2280.35
40	0.357666	-2258.88
41	0.359075	-2308.07
42	0.351303	-2221.12
43	0.356905	-2286.7
44	0.355826	-2265.67
45	0.346862	-2175.07
46	0.35648	-2328.16
47	0.355869	-2291.43
48	0.358419	-2345.75
49	0.364097	-2351.58
50	0.359831	-2316.3
51	0.365903	-2391.06
52	0.34888	-2170.3
53	0.365259	-2416.65
54	0.352016	-2237.06
55	0.350117	-2210.34
56	0.364823	-2385.4
57	0.359099	-2321.42
58	0.358362	-2324.31
59	0.358295	-2298.93
60	0.360618	-2344.89
61	0.352946	-2235.17
62	0.358711	-2326.93
63	0.365362	-2406.41
64	0.353598	-2247.84
65	0.364437	-2396.31
66	0.364438	-2418.4
67	0.372276	-2482.84
68	0.357356	-2272.44
69	0.362428	-2381.87
70	0.363013	-2401.39
71	0.356171	-2257.95
72	0.350089	-2221.18
73	0.35298	-2231.7
74	0.353108	-2272.15
75	0.355457	-2216.47
76	0.354665	-2259.96
77	0.355319	-2254.19
78	0.356764	-2290.93
79	0.361406	-2371.45
80	0.35368	-2222.12
81	0.361085	-2320.14
82	0.352453	-2218.78
83	0.357985	-2327.74
84	0.359098	-2351.51
85	0.354537	-2256.2
86	0.364206	-2369.23
87	0.354368	-2250.11
88	0.354214	-2265.45
89	0.365902	-2412.67
90	0.360834	-2341.18
91	0.360561	-2373.33
92	0.356235	-2284.58
93	0.353407	-2248.53
94	0.36193	-2347.55
95	0.362146	-2362.47
96	0.364802	-2378.66
97	0.35613	-2244.47
98	0.359805	-2333.47
99	0.356692	-2289.72
100	0.344077	-2131.84
101	0.364243	-2387.77
102	0.358679	-2265.86
103	0.358539	-2303.79
104	0.35514	-2275.89
105	0.360033	-2370.58
106	0.350829	-2237
107	0.359159	-2319.26
108	0.355404	-2240.98
109	0.359742	-2265.99
110	0.354	-2236.33
111	0.359347	-2321.51
112	0.355714	-2326.18
113	0.348454	-2168.07
114	0.363881	-2374
115	0.359622	-2348.29
116	0.35971	-2343.42
117	0.346531	-2165.47
118	0.35898	-2303.69
119	0.361411	-2339.83
120	0.360133	-2283.77
121	0.359792	-2301.86
122	0.351117	-2231.18
123	0.355584	-2312.11
124	0.35722	-2252.59
125	0.358218	-2299.87
126	0.356354	-2290.78
127	0.355541	-2259.32
128	0.360752	-2336.67
129	0.362794	-2370.79
130	0.355053	-2248.54
131	0.348769	-2181.07
132	0.361713	-2353.65
133	0.357528	-2303
134	0.356585	-2317.51
135	0.352544	-2186.21
136	0.35604	-2283.53
137	0.358012	-2318.75
138	0.358615	-2345.85
139	0.360785	-2327.75
140	0.358595	-2324.24
141	0.357847	-2307.3
142	0.360366	-2356.44
143	0.355342	-2236.42
144	0.359761	-2349.16
145	0.352129	-2255.88
146	0.354265	-2223.85
147	0.354391	-2216.26
148	0.356138	-2284.57
149	0.355651	-2255.81
150	0.361198	-2359.69
151	0.353249	-2218.6
152	0.35708	-2244.38
153	0.361622	-2399.72
154	0.359508	-2353.84
155	0.363819	-2339.56
156	0.356042	-2265.04
157	0.35982	-2278.33
158	0.370082	-2475.7
159	0.362462	-2374.75
160	0.364425	-2367.42
161	0.363502	-2401.34
162	0.367142	-2475.38
163	0.359951	-2328.44
164	0.357527	-2266.22
165	0.356381	-2296.43
166	0.367361	-2379.6
167	0.353652	-2225.44
168	0.351276	-2228.47
169	0.357738	-2274.87
170	0.365616	-2349.74
171	0.358793	-2352.04
172	0.357277	-2317.07
173	0.355105	-2293.29
174	0.347778	-2169.72
175	0.361109	-2341.85
176	0.355758	-2258.84
177	0.362748	-2335.19
178	0.362519	-2350.2
179	0.35827	-2302.33
180	0.362973	-2351.13
181	0.356068	-2270.14
182	0.365465	-2432.14
183	0.361216	-2336.49
184	0.36667	-2385.09
185	0.34488	-2111.33
186	0.356979	-2281.11
187	0.352576	-2251.97
188	0.35048	-2202.65
189	0.349244	-2241.32
190	0.363149	-2348.74
191	0.359818	-2345.29
192	0.350957	-2255.69
193	0.362831	-2313.67
194	0.350479	-2254.21
195	0.354406	-2253.92
196	0.353194	-2214.83
197	0.360361	-2302.63
198	0.350686	-2223.62
199	0.352947	-2276.59
200	0.351047	-2231.52
201	0.350871	-2249.42
202	0.347881	-2176.44
203	0.36391	-2371.58
204	0.361362	-2378.88
205	0.361948	-2354.42
206	0.348516	-2203.42
207	0.354381	-2242.95
208	0.355372	-2281.75
209	0.348654	-2201.08
210	0.356333	-2306.25
211	0.360124	-2326.75
212	0.361566	-2351.92
213	0.354008	-2226.49
214	0.351592	-2208.59
215	0.356562	-2308.36
216	0.361556	-2317.7
217	0.357954	-2346.24
218	0.35972	-2370.25
219	0.358176	-2322.89
220	0.363432	-2359.54
221	0.359648	-2282.79
222	0.351775	-2253.42
223	0.350029	-2208.71
224	0.360748	-2352.34
225	0.363203	-2383.41
226	0.355147	-2265.52
227	0.359739	-2299.96
228	0.358902	-2345.98
229	0.35874	-2332.06
230	0.3529	-2233.02
231	0.3581	-2313.23
232	0.356034	-2337.63
233	0.365216	-2440.06
234	0.353014	-2250.86
235	0.36513	-2458.92
236	0.357523	-2286.36
237	0.359195	-2339.78
238	0.356953	-2295.89
239	0.356001	-2300.29
240	0.360457	-2334.7
241	0.357385	-2259.67
242	0.360849	-2353.61
243	0.360993	-2314.75
244	0.355779	-2245.06
245	0.3517	-2223.87
246	0.355467	-2261.36
247	0.360435	-2326.07
248	0.359104	-2319.85
249	0.358884	-2265.01
250	0.351765	-2213.01
251	0.357106	-2314.65
252	0.359071	-2286.91
253	0.356889	-2283.31
254	0.362129	-2375.42
255	0.34531	-2161.93
256	0.356924	-2287.59
257	0.361046	-2325.4
258	0.356888	-2315.53
259	0.354821	-2279.67
260	0.36042	-2363.72
261	0.355681	-2285.56
262	0.355848	-2228.51
263	0.361955	-2353.86
264	0.368682	-2407.36
265	0.35991	-2331.98
266	0.358968	-2286.31
267	0.356502	-2281.44
268	0.366754	-2361.19
269	0.358662	-2290.02
270	0.363012	-2366.33
271	0.356592	-2322.42
272	0.3566	-2266.07
273	0.36268	-2353.07
274	0.361213	-2349.93
275	0.355816	-2253.24
276	0.359712	-2268.09
277	0.360279	-2341.69
278	0.3641	-2388.16
279	0.357885	-2274.77
280	0.358083	-2302.55
281	0.369495	-2447.27
282	0.364649	-2392.95
283	0.353981	-2262.43
284	0.356984	-2278.12
285	0.353294	-2199.36
286	0.360185	-2343.93
287	0.356628	-2267.85
288	0.360807	-2339.92
289	0.350879	-2196.52
290	0.35964	-2324.31
291	0.358431	-2324.49
292	0.363766	-2391.73
293	0.358908	-2374.79
294	0.35959	-2322.77
295	0.35402	-2277.45
296	0.361588	-2329.63
297	0.35403	-2238.47
298	0.364635	-2399.36
299	0.358943	-2308.26
300	0.358156	-2252.62
301	0.361038	-2340.73
302	0.364931	-2398.94
303	0.362796	-2356.98
304	0.360076	-2274.23
305	0.360021	-2372.26
306	0.357872	-2316.86
307	0.354686	-2285.61
308	0.356617	-2266.79
309	0.361721	-2341.67
310	0.358253	-2321.89
311	0.364728	-2371.59
312	0.359784	-2317.54
313	0.354567	-2270.01
314	0.342233	-2145.77
315	0.364402	-2425.1
316	0.359291	-2314.15
317	0.356598	-2297.41
318	0.360831	-2341.56
319	0.36012	-2325.7
320	0.366314	-2397.38
321	0.356782	-2311.66
322	0.36013	-2334.56
323	0.353923	-2274.63
324	0.35667	-2268.99
325	0.355341	-2272.8
326	0.359953	-2327.08
327	0.378823	-2576.41
328	0.358254	-2341.79
329	0.359734	-2333.35
330	0.358592	-2309.39
331	0.357422	-2283.4
332	0.352578	-2188.29
333	0.345409	-2115.09
334	0.362018	-2388.38
335	0.358717	-2339.16
336	0.359955	-2315.77
337	0.358578	-2306.06
338	0.361252	-2358.63
339	0.35927	-2283.24
340	0.36422	-2440.61
341	0.35757	-2322.73
342	0.346923	-2150.25
343	0.356426	-2258.92
344	0.370215	-2483.4
345	0.356734	-2282.64
346	0.366858	-2439.54
347	0.362498	-2375.38
348	0.353723	-2221.64
349	0.35828	-2334.08
350	0.368335	-2415.42
351	0.357238	-2297.29
352	0.360365	-2357.78
353	0.355562	-2267.9
354	0.358759	-2331.65
355	0.353551	-2254
356	0.354896	-2260.91
357	0.350517	-2174.57
358	0.354878	-2232.62
359	0.353849	-2273.13
360	0.350776	-2222.17
361	0.353109	-2241.78
362	0.360333	-2321.39
363	0.358414	-2313.26
364	0.36128	-2361.84
365	0.366357	-2395.35
366	0.357748	-2257.04
367	0.360739	-2326
368	0.364954	-2365.87
369	0.357691	-2294.35
370	0.35667	-2273.41
371	0.353092	-2237.97
372	0.355181	-2270.37
373	0.362995	-2408.49
374	0.358346	-2317.45
375	0.366295	-2452.63
376	0.360853	-2311.15
377	0.364247	-2348.85
378	0.362576	-2409.05
379	0.364454	-2436.39
380	0.361872	-2350.14
381	0.364527	-2419.38
382	0.36111	-2383.23
383	0.360891	-2296.7
384	0.352807	-2238.63
385	0.362533	-2358.12
386	0.359202	-2309.4
387	0.353958	-2271.05
388	0.356325	-2284.25
389	0.356935	-2305.99
390	0.359483	-2339.87
391	0.354809	-2255.25
392	0.362326	-2366.23
393	0.359948	-2342.58
394	0.362838	-2358.57
395	0.353934	-2253.57
396	0.349738	-2177.07
397	0.352317	-2233.07
398	0.360676	-2321.14
399	0.361798	-2327.01
400	0.349528	-2189.29
401	0.359376	-2341.75
402	0.354242	-2273.34
403	0.359804	-2315.09
404	0.363407	-2337.29
405	0.357362	-2306.28
406	0.360576	-2297.8
407	0.358355	-2299.01
408	0.358825	-2300
409	0.351028	-2234.38
410	0.356894	-2289.3
411	0.363427	-2366.7
412	0.359528	-2300.18
413	0.357078	-2312.09
414	0.358804	-2281.46
415	0.357063	-2299.53
416	0.365818	-2425.12
417	0.35333	-2273.55
418	0.365348	-2404.41
419	0.360125	-2314.03
420	0.358465	-2303.6
421	0.348364	-2151.97
422	0.343691	-2136.68
423	0.363252	-2352.74
424	0.362812	-2373.78
425	0.356198	-2268.51
426	0.360508	-2342.99
427	0.357857	-2307.13
428	0.360181	-2309.15
429	0.361002	-2338.34
430	0.362833	-2383.18
431	0.357958	-2286
432	0.361421	-2328.97
433	0.366113	-2438.38
434	0.359701	-2327.24
435	0.35902	-2346.55
436	0.357401	-2319.65
437	0.354776	-2273.19
438	0.359735	-2347.76
439	0.354055	-2242.82
440	0.357757	-2295.11
441	0.359898	-2325.94
442	0.36146	-2281.16
443	0.365191	-2394.49
444	0.359337	-2329.98
445	0.354679	-2246.94
446	0.360977	-2296.05
447	0.361372	-2310.85
448	0.349692	-2180.02
449	0.36084	-2328.92
450	0.366511	-2409.44
451	0.355721	-2250.96
452	0.364668	-2389.04
453	0.36228	-2371.49
454	0.359028	-2322.05
455	0.357876	-2284.07
456	0.355199	-2272.83
457	0.354618	-2242.28
458	0.35732	-2307.41
459	0.367538	-2443.06
460	0.358687	-2316.03
461	0.357048	-2270.48
462	0.360979	-2381.26
463	0.360495	-2308.8
464	0.36257	-2359.52
465	0.357118	-2308.28
466	0.36163	-2350.44
467	0.353669	-2210.31
468	0.360974	-2352.35
469	0.356779	-2274.58
470	0.36418	-2414.31
471	0.362649	-2332.26
472	0.355931	-2326.9
473	0.354765	-2294.87
474	0.367437	-2404.24
475	0.355943	-2258.7
476	0.355947	-2280.82
477	0.357956	-2287.25
478	0.364588	-2358.24
479	0.34725	-2163.63
480	0.363663	-2384.02
481	0.359267	-2274.78
482	0.366246	-2347.14
483	0.360544	-2331.99
484	0.36246	-2369.17
485	0.356013	-2255.58
486	0.354756	-2282.34
487	0.36424	-2423.84
488	0.355531	-2225
489	0.354	-2234.55
490	0.36079	-2306.52
491	0.356754	-2295.81
492	0.357824	-2316.63
493	0.36044	-2380
494	0.362182	-2385.57
495	0.353459	-2211.52
496	0.360786	-2355.49
497	0.359775	-2337.58
498	0.359356	-2286.65
499	0.35354	-2261.55
500	0.36964	-2475.35
501	0.354663	-2255.44
502	0.365999	-2407.34
503	0.36032	-2299.15
504	0.359982	-2334.66
505	0.357478	-2289.94
506	0.36083	-2352.12
507	0.354283	-2233.63
508	0.354451	-2286.94
509	0.35664	-2321.66
510	0.360291	-2360.21
511	0.353327	-2257.47
512	0.353508	-2230.91
513	0.355856	-2284.93
514	0.356737	-2250.31
515	0.362287	-2361.78
516	0.356959	-2338.59
517	0.353172	-2195.35
518	0.352481	-2238.3
519	0.359633	-2367.91
520	0.350712	-2202.57
521	0.353781	-2223.12
522	0.357997	-2313.99
523	0.359366	-2329.04
524	0.363046	-2334.67
525	0.358763	-2381.21
526	0.361603	-2309.27
527	0.364294	-2393.08
528	0.356751	-2287.34
529	0.365517	-2404.76
530	0.36392	-2369.67
531	0.356509	-2287.82
532	0.352199	-2215.46
533	0.358668	-2340.91
534	0.360949	-2315.62
535	0.360056	-2331.48
536	0.354397	-2246.08
537	0.354382	-2241.87
538	0.354343	-2301.76
539	0.357718	-2296.29
540	0.36103	-2377.65
541	0.361065	-2291.07
542	0.358284	-2326.55
543	0.366572	-2428.44
544	0.359711	-2308.81
545	0.358012	-2307.14
546	0.367079	-2414.03
547	0.360224	-2350.13
548	0.35468	-2253.59
549	0.361144	-2299.85
550	0.356599	-2288.26
551	0.358343	-2292.22
552	0.364243	-2372.34
553	0.354129	-2209.84
554	0.358353	-2304.01
555	0.356069	-2255.29
556	0.357728	-2305.28
557	0.360893	-2347.81
558	0.35345	-2252.43
559	0.349655	-2160.65
560	0.352002	-2251.23
561	0.359766	-2319.69
562	0.357151	-2291.09
563	0.363961	-2356.3
564	0.35739	-2290.48
565	0.353146	-2205.62
566	0.356666	-2303.67
567	0.363544	-2389.98
568	0.356738	-2279.98
569	0.348989	-2178.03
570	0.359497	-2291.88
571	0.351132	-2179.68
572	0.35649	-2293.95
573	0.354561	-2247.58
574	0.356349	-2278.81
575	0.369778	-2446.64
576	0.355416	-2268
577	0.357149	-2329.8
578	0.363882	-2412.69
579	0.356395	-2290.93
580	0.352524	-2217.48
581	0.360429	-2324.39
582	0.354183	-2283.83
583	0.367305	-2457.19
584	0.36359	-2385.85
585	0.361101	-2314.73
586	0.362441	-2349.31
587	0.352438	-2186.99
588	0.353673	-2233.07
589	0.349025	-2198.26
590	0.353459	-2306.27
591	0.356723	-2281.44
592	0.366048	-2406.81
593	0.352218	-2244.38
594	0.359004	-2301.05
595	0.352708	-2248.42
596	0.3608	-2372.38
597	0.35388	-2240.32
598	0.364944	-2377.92
599	0.359406	-2365.43
600	0.354179	-2235.31
601	0.359742	-2311.94
602	0.3557	-2271.93
603	0.354189	-2224.72
604	0.352233	-2262.65
605	0.364754	-2418.56
606	0.361422	-2348.05
607	0.358697	-2297.39
608	0.355102	-2265.13
609	0.354769	-2238.42
610	0.354264	-2234.09
611	0.363926	-2365.46
612	0.365667	-2393.94
613	0.354127	-2250.75
614	0.355535	-2298.89
615	0.357265	-2256.01
616	0.359245	-2298.62
617	0.355994	-2265.85
618	0.360856	-2322.16
619	0.365576	-2432.19
620	0.349002	-2188
621	0.364387	-2369.46
622	0.351475	-2203.54
623	0.354605	-2284.1
624	0.357546	-2267.01
625	0.357643	-2299.15
626	0.364354	-2393.45
627	0.352303	-2210.6
628	0.355458	-2219.76
629	0.354404	-2259.21
630	0.356554	-2281.35
631	0.362591	-2432.97
632	0.353794	-2243.92
633	0.352584	-2186.84
634	0.35195	-2261.18
635	0.35099	-2143.66
636	0.356662	-2234.19
637	0.366378	-2410.17
638	0.361285	-2368.97
639	0.35844	-2296.53
640	0.356154	-2275.15
641	0.367065	-2437.75
642	0.358597	-2296.6
643	0.362669	-2313.56
644	0.369481	-2470.36
645	0.359293	-2360.71
646	0.357972	-2300.95
647	0.352552	-2317.86
648	0.358235	-2280.31
649	0.364767	-2392.74
650	0.35882	-2334.35
651	0.352056	-2231.17
652	0.361829	-2378.38
653	0.352187	-2228.92
654	0.356907	-2262.45
655	0.367722	-2438.72
656	0.362601	-2316.36
657	0.362099	-2349.65
658	0.361888	-2373.43
659	0.360848	-2303.19
660	0.363569	-2326.5
661	0.34962	-2181.66
662	0.360191	-2275.37
663	0.355885	-2318.4
664	0.359055	-2336.15
665	0.353793	-2270.76
666	0.353792	-2229.72
667	0.365279	-2403.3
668	0.363422	-2378.23
669	0.351976	-2229.89
670	0.353143	-2239.45
671	0.352567	-2220.96
672	0.354225	-2262.51
673	0.357137	-2258.52
674	0.371435	-2449.99
675	0.356916	-2272.79
676	0.357354	-2282.12
677	0.352517	-2264.85
678	0.357249	-2273.57
679	0.353589	-2244.4
680	0.363286	-2359.16
681	0.35584	-2269.07
682	0.357283	-2285.5
683	0.356189	-2347.39
684	0.362948	-2392.84
685	0.356054	-2291.98
686	0.36096	-2341.75
687	0.354593	-2225.35
688	0.352725	-2232.98
689	0.352954	-2235.64
690	0.353877	-2244.73
691	0.352637	-2276.48
692	0.365236	-2403.03
693	0.356326	-2215.38
694	0.361169	-2367.3
695	0.35439	-2263.58
696	0.351116	-2220.05
697	0.3572	-2312.04
698	0.354316	-2274.07
699	0.355724	-2310.65
700	0.355467	-2266.13
701	0.359416	-2294.03
702	0.358876	-2355.57
703	0.357448	-2257.07
704	0.35317	-2189.88
705	0.358777	-2293.57
706	0.364924	-2408.41
707	0.361745	-2338.57
708	0.362138	-2370.78
709	0.353231	-2210.89
710	0.358351	-2326.25
711	0.361214	-2299.59
712	0.357019	-2318.12
713	0.361682	-2345.53
714	0.352521	-2223.58
715	0.366709	-2441.04
716	0.356635	-2279.49
717	0.349669	-2230.82
718	0.358966	-2304.62
719	0.355782	-2277.1
720	0.360202	-2386.64
721	0.351984	-2199.98
722	0.35432	-2244.27
723	0.356961	-2297
724	0.3676	-2429.9
725	0.351016	-2215.42
726	0.362018	-2338.51
727	0.353271	-2275.6
728	0.350989	-2239.57
729	0.359641	-2338.58
730	0.360982	-2351.22
731	0.356281	-2274.31
732	0.362676	-2327.17
733	0.359197	-2334.59
734	0.362965	-2369.88
735	0.359982	-2306.33
736	0.358846	-2277.34
737	0.362277	-2398.55
738	0.363764	-2366.61
739	0.351161	-2198.4
740	0.361021	-2351.5
741	0.357784	-2324.86
742	0.35671	-2349.09
743	0.356747	-2280.09
744	0.357558	-2328.62
745	0.354622	-2243.01
746	0.360693	-2357.52
747	0.349109	-2187.91
748	0.360415	-2330.75
749	0.367316	-2432.63
750	0.356801	-2276.32
751	0.353583	-2232.68
752	0.358832	-2276.02
753	0.355451	-2292.54
754	0.355861	-2279.03
755	0.347212	-2195.01
756	0.349844	-2188.73
757	0.35089	-2230.26
758	0.356464	-2325.22
759	0.363108	-2365.59
760	0.354597	-2267.03
761	0.362099	-2348.25
762	0.357358	-2264.53
763	0.351712	-2218.05
764	0.36411	-2361.61
765	0.352634	-2264.85
766	0.360959	-2285.82
767	0.351238	-2194.67
768	0.360533	-2363
769	0.364201	-2394.79
770	0.349204	-2142.47
771	0.354317	-2291.67
772	0.350039	-2207.81
773	0.358339	-2306.9
774	0.359475	-2315.21
775	0.343211	-2149.21
776	0.358505	-2306.37
777	0.350415	-2227.84
778	0.359264	-2306.29
779	0.362654	-2413.95
780	0.356774	-2289.69
781	0.358538	-2308.91
782	0.359636	-2297.67
783	0.34089	-2110.36
784	0.358311	-2343.05
785	0.359643	-2349.11
786	0.359494	-2324.48
787	0.358612	-2311.29
788	0.355679	-2282.48
789	0.359398	-2329.67
790	0.352227	-2261.87
791	0.360856	-2378.23
792	0.361106	-2330.95
793	0.352197	-2222.59
794	0.355547	-2229.92
795	0.362502	-2366.78
796	0.354449	-2267.3
797	0.349756	-2184.55
798	0.36175	-2373.74
799	0.352272	-2172.63
800	0.367487	-2432.63
801	0.367384	-2379.83
802	0.357938	-2309.27
803	0.349757	-2221.98
804	0.360943	-2346.3
805	0.351022	-2241.48
806	0.361214	-2311.06
807	0.353485	-2267
808	0.356762	-2272.71
809	0.356906	-2319.03
810	0.36091	-2367.89
811	0.348486	-2194.5
812	0.356323	-2320.26
813	0.357343	-2268.81
814	0.365213	-2435.74
815	0.34999	-2154.94
816	0.352746	-2230.22
817	0.355616	-2308.15
818	0.359122	-2356.29
819	0.352149	-2229.83
820	0.360038	-2351.13
821	0.368179	-2448.94
822	0.358032	-2303.41
823	0.359986	-2329.91
824	0.356994	-2317.81
825	0.354008	-2254.08
826	0.353304	-2230.76
827	0.364163	-2399.75
828	0.359163	-2359.12
829	0.355477	-2293.55
830	0.353619	-2294.43
831	0.364189	-2445.67
832	0.352468	-2225.18
833	0.351219	-2211.38
834	0.362301	-2442.66
835	0.36686	-2424.74
836	0.35225	-2214.5
837	0.36163	-2319.22
838	0.358683	-2296.62
839	0.362305	-2329.16
840	0.357646	-2294.73
841	0.354753	-2226.73
842	0.359395	-2349.98
843	0.364038	-2357.62
844	0.358962	-2278.33
845	0.367136	-2416.78
846	0.359913	-2314.77
847	0.357556	-2326.9
848	0.365336	-2381.86
849	0.367934	-2377.51
850	0.351865	-2229.85
851	0.360159	-2308.34
852	0.367847	-2396.5
853	0.356902	-2225.2
854	0.356314	-2294.69
855	0.362638	-2390.54
856	0.367377	-2416.51
857	0.359172	-2319.65
858	0.366761	-2410.66
859	0.350535	-2213.63
860	0.354492	-2245.72
861	0.353222	-2191.82
862	0.360143	-2304.15
863	0.355045	-2276.94
864	0.363516	-2355.42
865	0.358721	-2279.15
866	0.353988	-2253.35
867	0.361074	-2315.7
868	0.359727	-2327.88
869	0.356146	-2299.99
870	0.357413	-2306.35
871	0.358509	-2314.06
872	0.359576	-2338.91
873	0.353446	-2241.73
874	0.350289	-2199.08
875	0.348704	-2192.7
876	0.350151	-2221.97
877	0.361877	-2376.34
878	0.353058	-2246.67
879	0.355799	-2238.74
880	0.352606	-2225.11
881	0.355927	-2277.69
882	0.359202	-2264.29
883	0.372573	-2522.86
884	0.358419	-2283.6
885	0.34909	-2197.32
886	0.361199	-2369.73
887	0.357811	-2306.39
888	0.356985	-2257.73
889	0.348948	-2110.76
890	0.363374	-2375.37
891	0.350867	-2186.71
892	0.363517	-2402.73
893	0.364195	-2372.51
894	0.354707	-2265.31
895	0.354017	-2206.99
896	0.359179	-2335.07
897	0.351995	-2250.85
898	0.35052	-2202.77
899	0.357998	-2325.76
900	0.361006	-2374.43
901	0.356797	-2305.49
902	0.357898	-2311.59
903	0.36075	-2372.78
904	0.354962	-2274.91
905	0.364294	-2412.56
906	0.366009	-2430.55
907	0.35445	-2256.05
908	0.351758	-2197.44
909	0.354364	-2258.32
910	0.364262	-2397.53
911	0.358314	-2287.55
912	0.360155	-2304.13
913	0.35788	-2305.01
914	0.350828	-2246.18
915	0.349435	-2187.09
916	0.357665	-2273.8
917	0.36136	-2334.28
918	0.360727	-2312.04
919	0.355255	-2230.97
920	0.360903	-2347.69
921	0.356242	-2274.77
922	0.359376	-2323.86
923	0.355501	-2243.95
924	0.358854	-2305.28
925	0.357845	-2282.8
926	0.356979	-2310.75
927	0.35659	-2329.95
928	0.361204	-2343.51
929	0.361178	-2355.12
930	0.359842	-2355.36
931	0.361874	-2371.06
932	0.355183	-2288.43
933	0.356045	-2249.75
934	0.357415	-2299.43
935	0.357244	-2289.91
936	0.35307	-2260.54
937	0.353416	-2253.53
938	0.358848	-2315.51
939	0.353684	-2244.73
940	0.355491	-2298.44
941	0.357993	-2301.83
942	0.356312	-2309.07
943	0.361886	-2390.02
944	0.355514	-2323.66
945	0.349702	-2223.99
946	0.367546	-2478.86
947	0.357597	-2306.81
948	0.354841	-2272.72
949	0.351204	-2186.48
950	0.364176	-2389.48
951	0.352657	-2194.48
952	0.345596	-2081.71
953	0.365255	-2411.61
954	0.360446	-2340.69
955	0.36275	-2340.41
956	0.365623	-2375.66
957	0.350766	-2211.96
958	0.36058	-2317.14
959	0.360735	-2368.61
960	0.356172	-2323.29
961	0.358786	-2294.85
962	0.353501	-2242.36
963	0.357904	-2325.78
964	0.372608	-2520.26
965	0.369623	-2466.72
966	0.364849	-2387.98
967	0.354295	-2221.47
968	0.35147	-2203.31
969	0.360314	-2280.9
970	0.359746	-2318.67
971	0.358284	-2286.62
972	0.352992	-2249.62
973	0.3655	-2394.85
974	0.359313	-2311.45
975	0.350755	-2237.47
976	0.371661	-2443.26
977	0.360547	-2380
978	0.364133	-2381.05
979	0.352722	-2213.01
980	0.359919	-2320.92
981	0.346391	-2125.74
982	0.348444	-2200.66
983	0.360385	-2317.71
984	0.355197	-2287.09
985	0.356547	-2265.61
986	0.369557	-2420.05
987	0.34853	-2129.61
988	0.351038	-2230.68
989	0.3613	-2394.43
990	0.352431	-2212.24
991	0.354371	-2290.08
992	0.354394	-2291.14
993	0.358845	-2323.93
994	0.365282	-2352.38
995	0.370476	-2475.38
996	0.357051	-2331.49
997	0.350004	-2192.82
998	0.362197	-2342.53
999	0.352182	-2195.1
1000	0.362826	-2368.73
1001	0.358141	-2268.63
1002	0.364452	-2394.29
1003	0.352023	-2258.69
1004	0.351829	-2260.18
1005	0.356738	-2302.32
1006	0.353725	-2250.88
1007	0.359877	-2368.55
1008	0.353748	-2222.66
1009	0.35006	-2222.29
1010	0.360244	-2336.98
1011	0.35972	-2281.17
1012	0.357852	-2289.83
1013	0.359638	-2331.22
1014	0.359794	-2286.82
1015	0.356782	-2330.78
1016	0.352468	-2266.47
1017	0.348777	-2181.39
1018	0.36416	-2395.86
1019	0.370486	-2415.03
1020	0.358902	-2297.18
1021	0.349274	-2226.34
1022	0.356264	-2278.7
1023	0.35926	-2319.8
1024	0.3693	-2415.61
1025	0.361301	-2355.49
1026	0.359075	-2325.62
1027	0.365493	-2430.04
1028	0.350819	-2252.63
1029	0.350375	-2208.77
1030	0.365358	-2385.68
1031	0.357509	-2277.45
1032	0.366455	-2395.7
1033	0.347602	-2144.89
1034	0.351521	-2226.79
1035	0.356848	-2262.18
1036	0.363481	-2364.8
1037	0.369399	-2398.11
1038	0.350549	-2180.23
1039	0.36548	-2390.97
1040	0.362014	-2388.95
1041	0.366032	-2398.76
1042	0.364489	-2406.41
1043	0.358207	-2271.64
1044	0.359663	-2335.19
1045	0.35703	-2286.32
1046	0.353363	-2299.97
1047	0.355484	-2275.69
1048	0.35774	-2308.74
1049	0.351564	-2217.22
1050	0.357954	-2338.52
1051	0.361699	-2350.34
1052	0.360962	-2340.1
1053	0.361542	-2367.4
1054	0.368997	-2430.32
1055	0.357564	-2285.25
1056	0.357879	-2312.38
1057	0.356972	-2312.19
1058	0.356271	-2306.6
1059	0.358977	-2295.52
1060	0.364476	-2396.12
1061	0.357989	-2309.64
1062	0.359304	-2275.28
1063	0.360657	-2316.83
1064	0.357774	-2331.73
1065	0.355455	-2259.23
1066	0.360725	-2368.67
1067	0.364807	-2377.93
1068	0.364533	-2375.22
1069	0.357971	-2290.38
1070	0.36158	-2360.68
1071	0.356838	-2271.64
1072	0.36256	-2361.76
1073	0.357434	-2309.91
1074	0.36073	-2260.38
1075	0.351414	-2186.36
1076	0.359601	-2337.95
1077	0.359323	-2340.61
1078	0.356964	-2310.49
1079	0.346999	-2207.31
1080	0.362078	-2344.9
1081	0.362974	-2391.26
1082	0.353637	-2240.96
1083	0.353095	-2293.82
1084	0.348594	-2178.35
1085	0.36088	-2320.9
1086	0.360911	-2359.85
1087	0.357191	-2265.1
1088	0.35225	-2231.74
1089	0.363736	-2372.04
1090	0.35877	-2302.84
1091	0.359788	-2323.71
1092	0.359651	-2320.08
1093	0.359119	-2314.38
1094	0.359384	-2286.4
1095	0.364878	-2381.53
1096	0.352355	-2219.62
1097	0.359579	-2286.39
1098	0.364237	-2376.4
1099	0.369473	-2411.51
1100	0.356409	-2334.12
1101	0.358661	-2347.78
1102	0.358946	-2335.95
1103	0.36931	-2429.28
1104	0.359286	-2324.62
1105	0.348823	-2185.98
1106	0.355369	-2284.53
1107	0.356702	-2290.36
1108	0.349701	-2210.74
1109	0.344417	-2134.91
1110	0.359337	-2303.17
1111	0.361085	-2318.69
1112	0.362777	-2364.96
1113	0.364081	-2410.59
1114	0.364305	-2380.29
1115	0.363374	-2366.36
1116	0.364486	-2391.93
1117	0.35934	-2318.04
1118	0.366118	-2404.44
1119	0.358406	-2348.09
1120	0.362062	-2334.4
1121	0.353604	-2239.35
1122	0.357747	-2283.31
1123	0.357322	-2309.98
1124	0.359101	-2330.49
1125	0.363761	-2372.58
1126	0.353969	-2271.49
1127	0.354991	-2258.32
1128	0.359701	-2307.2
1129	0.347924	-2182.02
1130	0.359978	-2332.97
1131	0.355189	-2278.19
1132	0.370123	-2490.34
1133	0.362349	-2376.52
1134	0.356076	-2282.99
1135	0.366539	-2417.22
1136	0.366053	-2431.72
1137	0.357558	-2277.98
1138	0.35998	-2263.67
1139	0.352605	-2248.26
1140	0.360141	-2318.99
1141	0.360238	-2288.53
1142	0.355547	-2255.8
1143	0.352143	-2226.37
1144	0.352974	-2259.27
1145	0.359253	-2315.4
1146	0.358551	-2357.61
1147	0.357365	-2267.65
1148	0.360999	-2359.14
1149	0.354253	-2223.8
1150	0.354806	-2279.52
1151	0.354011	-2306.56
1152	0.352197	-2242.1
1153	0.350759	-2192.63
1154	0.36599	-2399.94
1155	0.365726	-2377.87
1156	0.351922	-2229.9
1157	0.364084	-2382.12
1158	0.355486	-2260.51
1159	0.36639	-2407.92
1160	0.360213	-2366.44
1161	0.358933	-2296.05
1162	0.352561	-2248.78
1163	0.35867	-2314.57
1164	0.352748	-2230.82
1165	0.361281	-2309.28
1166	0.352147	-2264.26
1167	0.360077	-2336.74
1168	0.365115	-2399.22
1169	0.361126	-2337.66
1170	0.356871	-2308.12
1171	0.34745	-2193.26
1172	0.358457	-2321.81
1173	0.357928	-2327.71
1174	0.355075	-2256.04
1175	0.351025	-2188.32
1176	0.362877	-2348.46
1177	0.35924	-2324.03
1178	0.359587	-2288.78
1179	0.361656	-2376.33
1180	0.362957	-2397.07
1181	0.350532	-2186.01
1182	0.36043	-2322.6
1183	0.359884	-2371
1184	0.357122	-2251.94
1185	0.359511	-2295.58
1186	0.359543	-2305.67
1187	0.364774	-2425.49
1188	0.356947	-2281.84
1189	0.357475	-2293.7
1190	0.369078	-2431.78
1191	0.350038	-2234.92
1192	0.353524	-2273.6
1193	0.353557	-2235.44
1194	0.364857	-2390.16
1195	0.35887	-2294.45
1196	0.350782	-2208.62
1197	0.363814	-2377.71
1198	0.357517	-2272.27
1199	0.356887	-2271.26
1200	0.355898	-2266.21
1201	0.367464	-2431.64
1202	0.358833	-2345.3
1203	0.35269	-2244.46
1204	0.358408	-2288.97
1205	0.361113	-2289.22
1206	0.356543	-2251.47
1207	0.356107	-2282.43
1208	0.373208	-2505.84
1209	0.360551	-2327.57
1210	0.359453	-2358.66
1211	0.359697	-2308.19
1212	0.354201	-2281.89
1213	0.360541	-2310.71
1214	0.363098	-2359.02
1215	0.361778	-2327.23
1216	0.351896	-2232.38
1217	0.363149	-2321.6
1218	0.351594	-2209.57
1219	0.365487	-2431.56
1220	0.359563	-2275.24
1221	0.354858	-2263.44
1222	0.356419	-2268.29
1223	0.353509	-2274.26
1224	0.361728	-2364.18
1225	0.355259	-2275.16
1226	0.361296	-2358.14
1227	0.358323	-2283.77
1228	0.348748	-2195.82
1229	0.353224	-2243
1230	0.359244	-2327.98
1231	0.359218	-2398.32
1232	0.354769	-2234.55
1233	0.364378	-2342.37
1234	0.35254	-2205.81
1235	0.36077	-2308.78
1236	0.359939	-2292.13
1237	0.366502	-2454.23
1238	0.363085	-2356.42
1239	0.352691	-2237.92
1240	0.356096	-2332.01
1241	0.365496	-2380.71
1242	0.356295	-2229.43
1243	0.356697	-2273.06
1244	0.357679	-2338.92
1245	0.346529	-2127.8
1246	0.347887	-2198.49
1247	0.355204	-2258.41
1248	0.371201	-2470.78
1249	0.361307	-2331.37
1250	0.356137	-2265.95
1251	0.352956	-2275.79
1252	0.365283	-2442.82
1253	0.356719	-2277.55
1254	0.363419	-2379.4
1255	0.354607	-2267.23
1256	0.360676	-2339.94
1257	0.355061	-2244.46
1258	0.364052	-2357.05
1259	0.358205	-2326.84
1260	0.347219	-2166.26
1261	0.361515	-2329.03
1262	0.353637	-2253.48
1263	0.354249	-2263.59
1264	0.361356	-2350.33
1265	0.361365	-2409.17
1266	0.354426	-2275.88
1267	0.349138	-2210.57
1268	0.351621	-2210.95
1269	0.36026	-2339.7
1270	0.356644	-2276.8
1271	0.354089	-2240.98
1272	0.358999	-2329.86
1273	0.357388	-2300.01
1274	0.359428	-2336.23
1275	0.352132	-2216.88
1276	0.351683	-2211.86
1277	0.362887	-2374.01
1278	0.361121	-2355.55
1279	0.358161	-2317.79
1280	0.358692	-2275.02
1281	0.364001	-2465.6
1282	0.356727	-2270.24
1283	0.368738	-2405.66
1284	0.347983	-2198.42
1285	0.35812	-2312.05
1286	0.353196	-2212.21
1287	0.356915	-2261.65
1288	0.359457	-2313.38
1289	0.363509	-2388.74
1290	0.356386	-2266.98
1291	0.360196	-2395.47
1292	0.357561	-2247.17
1293	0.355068	-2257.24
1294	0.35836	-2337.44
1295	0.356034	-2273.67
1296	0.356657	-2348.45
1297	0.35461	-2260.25
1298	0.364268	-2412.6
1299	0.365751	-2399.48
1300	0.353466	-2227.23
1301	0.355996	-2275.34
1302	0.361509	-2337.41
1303	0.35782	-2264.48
1304	0.356289	-2317.38
1305	0.367864	-2397.05
1306	0.369935	-2449.73
1307	0.360958	-2307.2
1308	0.353911	-2235.34
1309	0.360097	-2301.17
1310	0.358757	-2335.17
1311	0.364852	-2397.37
1312	0.364324	-2400.09
1313	0.359623	-2336.47
1314	0.354274	-2262.63
1315	0.358189	-2303.83
1316	0.357617	-2315.28
1317	0.363443	-2329.56
1318	0.347769	-2176.72
1319	0.365719	-2410.25
1320	0.358962	-2313.11
1321	0.367205	-2440.15
1322	0.363542	-2366.59
1323	0.363406	-2324.75
1324	0.353948	-2240.08
1325	0.355572	-2252.36
1326	0.349506	-2248.73
1327	0.356914	-2305.99
1328	0.359268	-2290.01
1329	0.351096	-2198.37
1330	0.358318	-2288.05
1331	0.360002	-2287.41
1332	0.356216	-2270.91
1333	0.351194	-2235.16
1334	0.364257	-2391.59
1335	0.361455	-2356.99
1336	0.355711	-2288.58
1337	0.352463	-2218.33
1338	0.362878	-2350.47
1339	0.359022	-2272.36
1340	0.352429	-2249.22
1341	0.361962	-2344.6
1342	0.357722	-2338.63
1343	0.353724	-2263.4
1344	0.366213	-2374.89
1345	0.348575	-2183.34
1346	0.349475	-2173.97
1347	0.363607	-2408.62
1348	0.353416	-2239.76
1349	0.36189	-2413.83
1350	0.358148	-2337.16
1351	0.351174	-2199.39
1352	0.359595	-2310.09
1353	0.360037	-2344.37
1354	0.354271	-2217.91
1355	0.350637	-2174.79
1356	0.354973	-2253.25
1357	0.352778	-2185.38
1358	0.353509	-2296.16
1359	0.357287	-2320.34
1360	0.365213	-2422.03
1361	0.350859	-2228.78
1362	0.349955	-2188.63
1363	0.362762	-2404.45
1364	0.346021	-2131.52
1365	0.354441	-2270.32
1366	0.356289	-2280.96
1367	0.369203	-2457.02
1368	0.352169	-2221.2
1369	0.350518	-2171.78
1370	0.358416	-2303
1371	0.353642	-2240.17
1372	0.358005	-2332.34
1373	0.3633	-2330.84
1374	0.36585	-2388.23
1375	0.359039	-2347.21
1376	0.357601	-2343.26
1377	0.357116	-2265.9
1378	0.360244	-2313.3
1379	0.37025	-2496.05
1380	0.362004	-2345.44
1381	0.364111	-2365.32
1382	0.35009	-2136.5
1383	0.356207	-2245.2
1384	0.356261	-2277.56
1385	0.358794	-2290.02
1386	0.35642	-2290.35
1387	0.362582	-2386.17
1388	0.354547	-2266.3
1389	0.356262	-2270.14
1390	0.350663	-2229.77
1391	0.360405	-2354.69
1392	0.357788	-2280.95
1393	0.358521	-2286.91
1394	0.358971	-2326.11
1395	0.358345	-2311.95
1396	0.365095	-2410.24
1397	0.358644	-2328.8
1398	0.352979	-2247.46
1399	0.361433	-2391.41
1400	0.358425	-2295.95
1401	0.360716	-2360.63
1402	0.352713	-2241.4
1403	0.355982	-2264.22
1404	0.364235	-2397.77
1405	0.362081	-2357.33
1406	0.360976	-2298.77
1407	0.361187	-2326.89
1408	0.364347	-2395.72
1409	0.349886	-2191.92
1410	0.363816	-2396.86
1411	0.360265	-2371.34
1412	0.360585	-2272.82
1413	0.356397	-2263.41
1414	0.355044	-2261.3
1415	0.356133	-2289.23
1416	0.352212	-2236.7
1417	0.363086	-2360.18
1418	0.364385	-2416.48
1419	0.354178	-2280.83
1420	0.363227	-2327.35
1421	0.35573	-2297.79
1422	0.350375	-2229.09
1423	0.350977	-2175.43
1424	0.363257	-2349.75
1425	0.358562	-2311.19
1426	0.356544	-2297.92
1427	0.357202	-2254.72
1428	0.356678	-2284.49
1429	0.363439	-2374.01
1430	0.362733	-2308.22
1431	0.360178	-2332.78
1432	0.356523	-2269.78
1433	0.350255	-2203.99
1434	0.352953	-2251.66
1435	0.3573	-2270.52
1436	0.358918	-2349.77
1437	0.354855	-2224.27
1438	0.367012	-2423.01
1439	0.357978	-2300.03
1440	0.354553	-2294.42
1441	0.352747	-2222.05
1442	0.361972	-2343.53
1443	0.361426	-2365.99
1444	0.354273	-2235.71
1445	0.362107	-2371.72
1446	0.356673	-2290.82
1447	0.367479	-2434.76
1448	0.357152	-2276.69
1449	0.363567	-2398.48
1450	0.360039	-2320.11
1451	0.358046	-2342.28
1452	0.354047	-2270.79
1453	0.364344	-2385.54
1454	0.350126	-2213.35
1455	0.354384	-2239.39
1456	0.360435	-2366.28
1457	0.35082	-2192.58
1458	0.361318	-2352.78
1459	0.351922	-2217.78
1460	0.35559	-2252.18
1461	0.358348	-2300.66
1462	0.367083	-2417.64
1463	0.357641	-2289.74
1464	0.35631	-2250.61
1465	0.359624	-2361.84
1466	0.353319	-2226.46
1467	0.364858	-2381.38
1468	0.350988	-2241.9
1469	0.363485	-2374.59
1470	0.354778	-2257.27
1471	0.356051	-2335.98
1472	0.366149	-2419.2
1473	0.36761	-2413.07
1474	0.360192	-2349.33
1475	0.358435	-2300.82
1476	0.350877	-2200.51
1477	0.356566	-2259.68
1478	0.361731	-2306.86
1479	0.349615	-2172.5
1480	0.354105	-2249.98
1481	0.358507	-2312.41
1482	0.361188	-2307.1
1483	0.356623	-2287.85
1484	0.364931	-2402.71
1485	0.367524	-2452.1
1486	0.354628	-2261.48
1487	0.358542	-2266.89
1488	0.353706	-2267.81
1489	0.362199	-2359.4
1490	0.34986	-2191.87
1491	0.359249	-2335.64
1492	0.358865	-2319.6
1493	0.356651	-2294.05
1494	0.357131	-2288.9
1495	0.349867	-2207.48
1496	0.364812	-2396.41
1497	0.355574	-2281.03
1498	0.350146	-2202.97
1499	0.351263	-2219.61
1500	0.359896	-2348.27
1501	0.363668	-2376.41
1502	0.351601	-2217.2
1503	0.368142	-2429.37
1504	0.359284	-2314.47
1505	0.36379	-2392.62
1506	0.35411	-2269.57
1507	0.364174	-2406
1508	0.35435	-2273.74
1509	0.364416	-2400.72
1510	0.36304	-2397.59
1511	0.353276	-2273.64
1512	0.354129	-2246.15
1513	0.361263	-2324.61
1514	0.363307	-2354.14
1515	0.363514	-2366.15
1516	0.362307	-2353.49
1517	0.361406	-2351.21
1518	0.360801	-2346.44
1519	0.359139	-2336.12
1520	0.359658	-2328.54
1521	0.362435	-2336.01
1522	0.356259	-2263.74
1523	0.363216	-2378.99
1524	0.363221	-2360.4
1525	0.361308	-2319.99
1526	0.357644	-2273.3
1527	0.364209	-2380.52
1528	0.357451	-2237.38
1529	0.358098	-2336.07
1530	0.352944	-2239.06
1531	0.364543	-2371.1
1532	0.360931	-2375.54
1533	0.354741	-2213.79
1534	0.356668	-2285.36
1535	0.352532	-2258.97
1536	0.363328	-2333.43
1537	0.367827	-2451.92
1538	0.359003	-2318.88
1539	0.357222	-2305.07
1540	0.350556	-2212.87
1541	0.354008	-2245.32
1542	0.366115	-2380.65
1543	0.358089	-2251.73
1544	0.356083	-2301.76
1545	0.359492	-2387.22
1546	0.359543	-2347.06
1547	0.356254	-2283.64
1548	0.356704	-2314.51
1549	0.358481	-2307.34
1550	0.361131	-2320.68
1551	0.357491	-2270.95
1552	0.356213	-2290.92
1553	0.350411	-2208.31
1554	0.352727	-2259.73
1555	0.358729	-2339.81
1556	0.346656	-2182.62
1557	0.355102	-2284.44
1558	0.359004	-2311.74
1559	0.366402	-2431.71
1560	0.362238	-2363.13
1561	0.357002	-2293.61
1562	0.358002	-2264.48
1563	0.36301	-2362.78
1564	0.363342	-2374.87
1565	0.364616	-2408.79
1566	0.360872	-2342.92
1567	0.353813	-2233.14
1568	0.360016	-2289.97
1569	0.361398	-2333.33
1570	0.353718	-2272.78
1571	0.348885	-2207.26
1572	0.364352	-2355.6
1573	0.360027	-2293.07
1574	0.362164	-2383.71
1575	0.356598	-2287.23
1576	0.351949	-2184.38
1577	0.362528	-2385.9
1578	0.355222	-2261.53
1579	0.362347	-2359.01
1580	0.364612	-2398.98
1581	0.35959	-2317.03
1582	0.357933	-2298.38
1583	0.35728	-2293.79
1584	0.362738	-2349.33
1585	0.351922	-2173.06
1586	0.356374	-2268.1
1587	0.358693	-2327.22
1588	0.355723	-2310.26
1589	0.354748	-2306.36
1590	0.36186	-2336.53
1591	0.358971	-2324.24
1592	0.357545	-2277.83
1593	0.355073	-2279.15
1594	0.35017	-2176.51
1595	0.357143	-2291.84
1596	0.350745	-2193.56
1597	0.361184	-2353.38
1598	0.356036	-2280.05
1599	0.357963	-2341.74
1600	0.357095	-2321.18
1601	0.354124	-2233.44
1602	0.346818	-2151.97
1603	0.361583	-2299.58
1604	0.357728	-2336.9
1605	0.358113	-2280.86
1606	0.359032	-2311.83
1607	0.368746	-2423.21
1608	0.363943	-2380.85
1609	0.359807	-2333.38
1610	0.362589	-2351.13
1611	0.358291	-2302.53
1612	0.359988	-2346.63
1613	0.355599	-2260.87
1614	0.352399	-2217.07
1615	0.352911	-2258.14
1616	0.35862	-2274.1
1617	0.353297	-2207.21
1618	0.357378	-2311.96
1619	0.358106	-2258.85
1620	0.361518	-2351.99
1621	0.357229	-2295.51
1622	0.359796	-2298.61
1623	0.359422	-2322.95
1624	0.350786	-2158.71
1625	0.353695	-2259.36
1626	0.358617	-2298.66
1627	0.353068	-2260.96
1628	0.362592	-2341.72
1629	0.357483	-2309.8
1630	0.36376	-2400.67
1631	0.351809	-2226.06
1632	0.357703	-2275.33
1633	0.359875	-2326.71
1634	0.352678	-2243.25
1635	0.35294	-2253.19
1636	0.359562	-2323.16
1637	0.364517	-2341.87
1638	0.363291	-2400.47
1639	0.354675	-2259.7
1640	0.362322	-2381.47
1641	0.361688	-2317.71
1642	0.356082	-2277.7
1643	0.358656	-2345.16
1644	0.360033	-2300.26
1645	0.356145	-2243.07
1646	0.359496	-2286.05
1647	0.351805	-2217.44
1648	0.360293	-2330.71
1649	0.368722	-2447.05
1650	0.354231	-2265.02
1651	0.350322	-2194.63
1652	0.35878	-2361.79
1653	0.357728	-2278.46
1654	0.361615	-2332.74
1655	0.361858	-2361.75
1656	0.354105	-2240.42
1657	0.355357	-2265.83
1658	0.354592	-2243.24
1659	0.357599	-2254.72
1660	0.343373	-2078.34
1661	0.353832	-2214.7
1662	0.359346	-2338.11
1663	0.353071	-2228.22
1664	0.354163	-2252.63
1665	0.355154	-2245.98
1666	0.365327	-2380.33
1667	0.359745	-2329.22
1668	0.362177	-2350.47
1669	0.356826	-2313.63
1670	0.360233	-2339.82
1671	0.345257	-2157.96
1672	0.357182	-2293.06
1673	0.35701	-2239.18
1674	0.35709	-2262.53
1675	0.359482	-2328.89
1676	0.357917	-2333.67
1677	0.358994	-2290.45
1678	0.358251	-2277.9
1679	0.351941	-2246.11
1680	0.361778	-2308.46
1681	0.360684	-2305.36
1682	0.358825	-2302.86
1683	0.352707	-2222.36
1684	0.36578	-2405.38
1685	0.364061	-2429.89
1686	0.346917	-2172.28
1687	0.365055	-2392.89
1688	0.360157	-2313.39
1689	0.362611	-2382.88
1690	0.360564	-2360.36
1691	0.36085	-2370.48
1692	0.357901	-2279.58
1693	0.36149	-2348.97
1694	0.354589	-2288.34
1695	0.356161	-2284.06
1696	0.357135	-2292.9
1697	0.352604	-2199.24
1698	0.361718	-2407.09
1699	0.358442	-2292.06
1700	0.350179	-2162.09
1701	0.349114	-2203.64
1702	0.354475	-2243.52
1703	0.350531	-2197.51
1704	0.355931	-2288.48
1705	0.359721	-2378.47
1706	0.356687	-2252.98
1707	0.358956	-2361.8
1708	0.354882	-2236.62
1709	0.360511	-2350.52
1710	0.361584	-2352.37
1711	0.35863	-2329.89
1712	0.359281	-2319.52
1713	0.349904	-2176.97
1714	0.361071	-2339.67
1715	0.358632	-2301.63
1716	0.345929	-2122.02
1717	0.354634	-2279.08
1718	0.359845	-2343.85
1719	0.354662	-2211.27
1720	0.356915	-2286.69
1721	0.355509	-2266.59
1722	0.360524	-2300.05
1723	0.352511	-2281.38
1724	0.352982	-2217.59
1725	0.364777	-2330.12
1726	0.355066	-2270.73
1727	0.356379	-2271.44
1728	0.359278	-2335.12
1729	0.360959	-2333.14
1730	0.360432	-2316.57
1731	0.360663	-2336.09
1732	0.359101	-2355.33
1733	0.356117	-2254.11
1734	0.363996	-2362.56
1735	0.359567	-2343.05
1736	0.362469	-2347.92
1737	0.359974	-2355.29
1738	0.351444	-2229.55
1739	0.364	-2384.53
1740	0.35473	-2274.43
1741	0.357746	-2288.43
1742	0.355597	-2245.06
1743	0.34639	-2130.71
1744	0.359426	-2292.74
1745	0.35592	-2266.78
1746	0.355413	-2217.26
1747	0.356321	-2305.96
1748	0.356228	-2299.72
1749	0.357382	-2306.44
1750	0.363813	-2361.11
1751	0.365778	-2420.01
1752	0.364387	-2444.38
1753	0.352518	-2271.48
1754	0.35798	-2272.1
1755	0.363089	-2359.91
1756	0.365834	-2421.31
1757	0.36532	-2421.41
1758	0.363756	-2396.05
1759	0.350595	-2222.51
1760	0.360162	-2356.97
1761	0.35433	-2222.3
1762	0.354416	-2264.05
1763	0.360915	-2333.91
1764	0.351141	-2200.68
1765	0.351807	-2163.64
1766	0.354691	-2253.28
1767	0.356791	-2300.02
1768	0.357474	-2329.39
1769	0.360873	-2304.89
1770	0.355187	-2287.72
1771	0.348572	-2199.66
1772	0.359083	-2336.84
1773	0.362895	-2413.59
1774	0.357667	-2313.84
1775	0.358228	-2286.67
1776	0.355898	-2284.33
1777	0.363655	-2357.44
1778	0.351315	-2201.44
1779	0.350596	-2217.38
1780	0.363192	-2415.12
1781	0.359989	-2382.76
1782	0.356399	-2291.64
1783	0.361985	-2344.95
1784	0.367551	-2435.74
1785	0.355825	-2255.74
1786	0.353716	-2249.03
1787	0.361417	-2285.8
1788	0.366799	-2426.8
1789	0.350874	-2209.89
1790	0.356113	-2256.26
1791	0.355303	-2266.67
1792	0.35649	-2256.41
1793	0.362633	-2405.28
1794	0.356888	-2297.91
1795	0.358054	-2347.38
1796	0.35326	-2294.93
1797	0.352124	-2210.56
1798	0.35739	-2310.25
1799	0.362447	-2391.64
1800	0.349587	-2187.4
1801	0.358059	-2328.22
1802	0.359582	-2293.48
1803	0.353379	-2243.46
1804	0.352763	-2293.5
1805	0.349272	-2214.29
1806	0.356825	-2301.67
1807	0.353254	-2215.28
1808	0.364451	-2392.67
1809	0.354556	-2223.01
1810	0.345553	-2127.48
1811	0.354048	-2249.88
1812	0.353547	-2245.31
1813	0.357631	-2283.48
1814	0.354612	-2258.82
1815	0.350986	-2226.85
1816	0.3545	-2278.06
1817	0.343495	-2131.85
1818	0.362727	-2336.24
1819	0.357377	-2303.91
1820	0.349603	-2199.63
1821	0.356721	-2280.98
1822	0.354822	-2271.83
1823	0.364941	-2415.18
1824	0.363938	-2372.89
1825	0.3593	-2342.94
1826	0.354877	-2232.54
1827	0.352737	-2238.69
1828	0.362487	-2341.64
1829	0.362273	-2353.36
1830	0.350673	-2253.71
1831	0.355838	-2287.57
1832	0.363443	-2396.68
1833	0.352373	-2220.52
1834	0.349401	-2200.62
1835	0.366568	-2476.92
1836	0.356058	-2267.29
1837	0.345466	-2138.4
1838	0.354664	-2259.74
1839	0.362662	-2338.73
1840	0.359542	-2329.59
1841	0.350703	-2224.27
1842	0.360076	-2330.64
1843	0.35781	-2255.37
1844	0.356887	-2265.32
1845	0.356942	-2281.02
1846	0.359159	-2304.28
1847	0.350417	-2241.29
1848	0.360317	-2346.61
1849	0.357419	-2301.41
1850	0.347574	-2143.32
1851	0.361484	-2363.5
1852	0.365818	-2388.97
1853	0.356884	-2304.93
1854	0.360692	-2284
1855	0.352763	-2177.29
1856	0.357465	-2259.73
1857	0.346222	-2187.8
1858	0.364488	-2400.62
1859	0.365621	-2426.27
1860	0.369989	-2486.78
1861	0.35102	-2170.19
1862	0.361036	-2333.26
1863	0.355429	-2298.93
1864	0.349759	-2168.9
1865	0.358886	-2310.86
1866	0.355051	-2278.76
1867	0.355898	-2283.91
1868	0.353117	-2220
1869	0.361471	-2365.09
1870	0.365405	-2365.73
1871	0.35247	-2250.17
1872	0.35102	-2212.24
1873	0.36081	-2340.41
1874	0.348216	-2195.31
1875	0.356472	-2305.92
1876	0.353406	-2210.13
1877	0.34679	-2133.99
1878	0.363018	-2354.98
1879	0.35573	-2275.9
1880	0.357409	-2289
1881	0.355648	-2279.86
1882	0.360929	-2350.22
1883	0.357046	-2272.59
1884	0.35706	-2265.14
1885	0.3534	-2258.49
1886	0.35649	-2272.15
1887	0.359097	-2306.41
1888	0.363507	-2380.65
1889	0.359224	-2334.93
1890	0.360096	-2322.88
1891	0.361776	-2391.11
1892	0.359688	-2307.2
1893	0.365327	-2384.82
1894	0.362267	-2382.41
1895	0.356667	-2246.41
1896	0.359437	-2331.98
1897	0.364875	-2398.47
1898	0.355809	-2275
1899	0.359888	-2312.9
1900	0.354664	-2249.6
1901	0.354858	-2289.74
1902	0.362177	-2339.03
1903	0.3518	-2208.84
1904	0.35971	-2355.71
1905	0.355913	-2233.25
1906	0.354141	-2213.37
1907	0.35731	-2254.37
1908	0.364838	-2391.86
1909	0.352604	-2227.18
1910	0.358032	-2319.48
1911	0.364029	-2384.34
1912	0.364463	-2417.52
1913	0.358289	-2318.72
1914	0.353449	-2219.38
1915	0.360093	-2361.27
1916	0.352371	-2217.14
1917	0.356368	-2278.98
1918	0.358914	-2296.83
1919	0.355743	-2274.06
1920	0.352191	-2255.88
1921	0.361411	-2308.21
1922	0.364084	-2359.05
1923	0.356068	-2292.39
1924	0.360547	-2336.11
1925	0.35311	-2265.69
1926	0.360303	-2311
1927	0.355092	-2263.24
1928	0.358704	-2326.54
1929	0.355537	-2286.51
1930	0.354172	-2272.44
1931	0.367951	-2399.31
1932	0.362364	-2333.74
1933	0.359717	-2334.56
1934	0.351491	-2190.3
1935	0.361349	-2357.92
1936	0.36044	-2372.31
1937	0.359406	-2334.56
1938	0.361882	-2345.87
1939	0.348749	-2161.08
1940	0.361928	-2369.9
1941	0.35919	-2322.94
1942	0.359712	-2331.16
1943	0.359197	-2308.01
1944	0.363421	-2378.21
1945	0.361771	-2331.86
1946	0.365017	-2419.87
1947	0.352656	-2253.07
1948	0.352796	-2231.13
1949	0.354874	-2275.16
1950	0.359809	-2323.79
1951	0.357237	-2305.57
1952	0.355799	-2252.69
1953	0.366446	-2385.43
1954	0.359713	-2355.38
1955	0.349643	-2215.19
1956	0.357881	-2296.34
1957	0.358434	-2321.81
1958	0.361958	-2304.97
1959	0.359386	-2324.35
1960	0.363596	-2401.51
1961	0.348797	-2164.85
1962	0.353298	-2218.76
1963	0.358617	-2273.88
1964	0.35589	-2248.52
1965	0.348214	-2145.68
1966	0.356892	-2250.89
1967	0.363316	-2359.15
1968	0.367508	-2409.23
1969	0.353688	-2305.14
1970	0.358348	-2319.04
1971	0.355637	-2261.78
1972	0.365636	-2401.22
1973	0.362203	-2361.6
1974	0.361226	-2322.14
1975	0.362765	-2361.47
1976	0.36382	-2383.83
1977	0.350209	-2209.9
1978	0.34839	-2215.33
1979	0.363272	-2394.36
1980	0.357385	-2277.01
1981	0.357238	-2287.02
1982	0.35388	-2243.46
1983	0.348406	-2154.49
1984	0.362916	-2378.67
1985	0.36348	-2387.67
1986	0.356108	-2257.19
1987	0.357089	-2273.45
1988	0.35361	-2224.82
1989	0.354138	-2260.84
1990	0.359923	-2353.26
1991	0.366283	-2387.55
1992	0.360834	-2310.08
1993	0.356754	-2315.13
1994	0.363739	-2391.87
1995	0.358129	-2324.02
1996	0.354393	-2262.55
1997	0.356993	-2260.43
1998	0.360278	-2314.34
1999	0.365083	-2396.92
2000	0.352904	-2263.86
2001	0.35073	-2237.34
2002	0.362291	-2357.13
2003	0.3606	-2350.67
2004	0.352352	-2243.89
2005	0.359064	-2307.21
2006	0.35388	-2223.36
2007	0.3537	-2270.06
2008	0.358441	-2291.92
2009	0.354812	-2272
2010	0.354007	-2240.17
2011	0.360638	-2360.96
2012	0.350244	-2243.4
2013	0.355782	-2270.24
2014	0.362174	-2360.04
2015	0.362935	-2395.48
2016	0.347822	-2159.15
2017	0.361909	-2347.93
2018	0.359993	-2362.66
2019	0.36164	-2352.28
2020	0.352976	-2227.28
2021	0.356977	-2299.86
2022	0.361112	-2319.68
2023	0.356407	-2248.19
2024	0.353997	-2265.3
2025	0.359351	-2312.78
2026	0.362784	-2353.75
2027	0.363625	-2385.54
2028	0.361748	-2339.61
2029	0.361725	-2324.52
2030	0.355877	-2289.53
2031	0.354927	-2227.63
2032	0.356279	-2277.34
2033	0.360744	-2317.63
2034	0.361297	-2354.66
2035	0.352307	-2227.96
2036	0.36095	-2361.48
2037	0.353435	-2203.96
2038	0.358036	-2263.24
2039	0.363208	-2319.23
2040	0.354768	-2332.42
2041	0.355371	-2279.03
2042	0.369121	-2469.84
2043	0.353345	-2226.61
2044	0.353427	-2246.3
2045	0.36093	-2324.67
2046	0.357412	-2293.65
2047	0.361302	-2393.62
2048	0.347309	-2161.6
2049	0.358904	-2313.53
2050	0.364211	-2366.51
2051	0.356384	-2301.99
2052	0.360995	-2315.45
2053	0.352973	-2225.36
2054	0.362819	-2377.41
2055	0.36171	-2338.7
2056	0.362468	-2399.38
2057	0.354431	-2278.85
2058	0.358743	-2323.28
2059	0.358237	-2327.42
2060	0.360339	-2310.51
2061	0.364436	-2367.63
2062	0.355234	-2246.31
2063	0.353269	-2260.39
2064	0.343431	-2172.36
2065	0.357718	-2261.99
2066	0.360022	-2297.61
2067	0.357924	-2280.31
2068	0.348716	-2176.05
2069	0.361573	-2404.94
2070	0.351955	-2266
2071	0.365921	-2380.86
2072	0.359377	-2303.7
2073	0.36033	-2305.03
2074	0.356992	-2296.78
2075	0.355995	-2264.08
2076	0.358071	-2319.23
2077	0.358804	-2309.7
2078	0.350895	-2194.27
2079	0.356339	-2274.7
2080	0.36057	-2326.5
2081	0.345801	-2150.08
2082	0.355524	-2295.91
2083	0.353422	-2263.71
2084	0.352849	-2213.69
2085	0.366849	-2393.85
2086	0.357963	-2324.38
2087	0.35617	-2292.57
2088	0.356185	-2270.61
2089	0.359888	-2295.63
2090	0.363862	-2358.72
2091	0.352398	-2240.59
2092	0.36108	-2337.4
2093	0.358314	-2274.75
2094	0.352405	-2203.56
2095	0.367622	-2457.12
2096	0.360303	-2320.39
2097	0.360556	-2297.96
2098	0.360254	-2362.19
2099	0.359253	-2262.49
2100	0.35706	-2306.09
2101	0.370739	-2433.43
2102	0.356436	-2255.46
2103	0.360907	-2326.45
2104	0.361374	-2334.96
2105	0.363642	-2380.05
2106	0.357837	-2315.06
2107	0.353537	-2282.86
2108	0.357046	-2288.68
2109	0.370828	-2486.01
2110	0.355642	-2308.37
2111	0.361539	-2367.08
2112	0.356859	-2314.32
2113	0.36371	-2379.84
2114	0.365283	-2426.51
2115	0.356889	-2313.44
2116	0.362898	-2372.09
2117	0.35718	-2292.74
2118	0.357454	-2316.79
2119	0.357139	-2296.71
2120	0.352123	-2193.56
2121	0.359696	-2351.59
2122	0.358156	-2334.3
2123	0.367323	-2426.74
2124	0.360003	-2362.17
2125	0.360417	-2367.07
2126	0.349445	-2228.95
2127	0.359131	-2367.88
2128	0.358882	-2301.73
2129	0.35638	-2301.8
2130	0.359526	-2306.27
2131	0.356649	-2325.07
2132	0.359078	-2308.28
2133	0.35586	-2340.86
2134	0.350413	-2198.95
2135	0.361129	-2320.38
2136	0.360812	-2329.53
2137	0.355944	-2270.01
2138	0.357481	-2278.44
2139	0.363465	-2369.57
2140	0.358875	-2317.24
2141	0.362296	-2329.85
2142	0.356263	-2256.82
2143	0.362809	-2374.65
2144	0.352029	-2213.75
2145	0.346956	-2167.14
2146	0.35883	-2350.28
2147	0.360292	-2286.58
2148	0.362652	-2375.78
2149	0.357807	-2295.61
2150	0.347861	-2192.13
2151	0.351017	-2230.23
2152	0.351541	-2229.25
2153	0.362642	-2375.63
2154	0.359381	-2306.54
2155	0.355425	-2259.34
2156	0.35552	-2243.31
2157	0.35719	-2277.25
2158	0.362121	-2370.82
2159	0.359676	-2360.87
2160	0.358823	-2336.97
2161	0.364918	-2397.16
2162	0.356812	-2336.24
2163	0.355148	-2261.28
2164	0.353343	-2238.72
2165	0.359838	-2332.19
2166	0.353456	-2246.68
2167	0.356704	-2279.66
2168	0.357765	-2270.5
2169	0.357217	-2260.97
2170	0.35586	-2284.91
2171	0.359315	-2319.78
2172	0.361235	-2345.03
2173	0.359846	-2364.51
2174	0.356652	-2292.47
2175	0.35587	-2328.37
2176	0.362742	-2370.43
2177	0.356033	-2278.84
2178	0.358122	-2264.99
2179	0.362296	-2323.37
2180	0.355726	-2250.79
2181	0.350009	-2215.07
2182	0.356259	-2327.44
2183	0.354069	-2231.97
2184	0.362164	-2348.92
2185	0.364	-2370.2
2186	0.35873	-2308.51
2187	0.364628	-2419.73
2188	0.355173	-2272.35
2189	0.355803	-2307.75
2190	0.357474	-2272.35
2191	0.358648	-2325.68
2192	0.361416	-2315.72
2193	0.366777	-2410.54
2194	0.359533	-2313.56
2195	0.357364	-2300.57
2196	0.361732	-2380.41
2197	0.362841	-2389.04
2198	0.356571	-2354.86
2199	0.353295	-2224.91
2200	0.352969	-2242.03
2201	0.357481	-2294.2
2202	0.351632	-2227.28
2203	0.362977	-2390.76
2204	0.358728	-2336.85
2205	0.354864	-2269.69
2206	0.358492	-2293.09
2207	0.357083	-2335.14
2208	0.36168	-2347.42
2209	0.353311	-2185.25
2210	0.358067	-2317.33
2211	0.357289	-2332.27
2212	0.355882	-2281.69
2213	0.353164	-2247.83
2214	0.366331	-2426.89
2215	0.357324	-2309.15
2216	0.351371	-2232.03
2217	0.358435	-2294.86
2218	0.356374	-2287.49
2219	0.360269	-2326.93
2220	0.356706	-2264.91
2221	0.361813	-2340.92
2222	0.358555	-2339.54
2223	0.355626	-2287.1
2224	0.359694	-2278.59
2225	0.352834	-2253.55
2226	0.349148	-2196.33
2227	0.365639	-2380.93
2228	0.367658	-2438.56
2229	0.354036	-2212.27
2230	0.35989	-2335.79
2231	0.350741	-2215.07
2232	0.362035	-2352.09
2233	0.353103	-2248.55
2234	0.357829	-2256.11
2235	0.358005	-2338.57
2236	0.363421	-2352.09
2237	0.355186	-2264.53
2238	0.357675	-2324.44
2239	0.353458	-2281.63
2240	0.358557	-2301.85
2241	0.360954	-2309.64
2242	0.36137	-2342.47
2243	0.355031	-2249.16
2244	0.361413	-2351.79
2245	0.362543	-2376.85
2246	0.357585	-2296.87
2247	0.357922	-2305.67
2248	0.354296	-2294.21
2249	0.362062	-2372.67
2250	0.364848	-2372.66
2251	0.36891	-2430.21
2252	0.359109	-2337.78
2253	0.359156	-2286.37
2254	0.352458	-2201.39
2255	0.359322	-2337.15
2256	0.3611	-2357.85
2257	0.362001	-2307.22
2258	0.366525	-2385.69
2259	0.355787	-2328.02
2260	0.354254	-2236.34
2261	0.361735	-2380.01
2262	0.368124	-2432.57
2263	0.357598	-2319.42
2264	0.354455	-2239.24
2265	0.358082	-2266.46
2266	0.354777	-2277.77
2267	0.357038	-2270.77
2268	0.356566	-2320.14
2269	0.363569	-2399.3
2270	0.362357	-2376.28
2271	0.362384	-2402.01
2272	0.355292	-2276.11
2273	0.356774	-2306.13
2274	0.362183	-2361.79
2275	0.354501	-2234.9
2276	0.354333	-2260.21
2277	0.353069	-2253.9
2278	0.359374	-2267.25
2279	0.361966	-2373.93
2280	0.356911	-2302.49
2281	0.35947	-2332.31
2282	0.369595	-2462.82
2283	0.352075	-2217.65
2284	0.352905	-2265.31
2285	0.366712	-2392.85
2286	0.354257	-2276.08
2287	0.350002	-2219.18
2288	0.363399	-2399.03
2289	0.357945	-2286.82
2290	0.359712	-2337.9
2291	0.355923	-2281.54
2292	0.367156	-2410.76
2293	0.354011	-2275.36
2294	0.353443	-2244.43
2295	0.351683	-2218.8
2296	0.353774	-2232.44
2297	0.356843	-2301.58
2298	0.362168	-2348.26
2299	0.360174	-2357.54
2300	0.358305	-2299.94
2301	0.360837	-2323.49
2302	0.366446	-2411.63
2303	0.353796	-2261.21
2304	0.351043	-2206.14
2305	0.360889	-2339.34
2306	0.354904	-2266.96
2307	0.359861	-2328.59
2308	0.357421	-2340.71
2309	0.357985	-2307.99
2310	0.358711	-2299.87
2311	0.346875	-2212.55
2312	0.361915	-2376.75
2313	0.358563	-2270.31
2314	0.353571	-2247.23
2315	0.355668	-2248.51
2316	0.361279	-2346.32
2317	0.365668	-2407.59
2318	0.360772	-2375.17
2319	0.354516	-2274.9
2320	0.362472	-2353.86
2321	0.360754	-2327.68
2322	0.360847	-2364.33
2323	0.361565	-2341.65
2324	0.358196	-2274.13
2325	0.359332	-2329.32
2326	0.356798	-2283.82
2327	0.366354	-2431.86
2328	0.358237	-2313.81
2329	0.350271	-2230.03
2330	0.358204	-2317.52
2331	0.363298	-2376.37
2332	0.36561	-2417.76
2333	0.359938	-2308.49
2334	0.361339	-2356.95
2335	0.352052	-2228.94
2336	0.353687	-2236.64
2337	0.363185	-2361.29
2338	0.365738	-2402.31
2339	0.363128	-2382.89
2340	0.358814	-2320.74
2341	0.356978	-2323.29
2342	0.36172	-2374.77
2343	0.357246	-2278.39
2344	0.355202	-2276.41
2345	0.358079	-2291.89
2346	0.350803	-2187.23
2347	0.362559	-2357.31
2348	0.355747	-2265.24
2349	0.357649	-2303.18
2350	0.365207	-2391.16
2351	0.35256	-2267.3
2352	0.358804	-2284.25
2353	0.368301	-2423.29
2354	0.358651	-2308.6
2355	0.361591	-2371.52
2356	0.359361	-2328.08
2357	0.35185	-2216.78
2358	0.359188	-2289.97
2359	0.35734	-2300.8
2360	0.356823	-2304.45
2361	0.355924	-2276.98
2362	0.357484	-2273.92
2363	0.35683	-2288.88
2364	0.355698	-2288.04
2365	0.360154	-2364.07
2366	0.351921	-2271.22
2367	0.351896	-2250.24
2368	0.354356	-2271.18
2369	0.347887	-2180.83
2370	0.357128	-2293.48
2371	0.34531	-2170.99
2372	0.354247	-2270.21
2373	0.350936	-2195.45
2374	0.36159	-2359.05
2375	0.35667	-2289.6
2376	0.355758	-2256.14
2377	0.359778	-2376.4
2378	0.357844	-2277.16
2379	0.360295	-2344.52
2380	0.359512	-2291.19
2381	0.359329	-2368.01
2382	0.358221	-2282.86
2383	0.354783	-2272.35
2384	0.363512	-2384.02
2385	0.355284	-2303.71
2386	0.351189	-2253.42
2387	0.357937	-2307.11
2388	0.363888	-2373.79
2389	0.361804	-2382.71
2390	0.354414	-2239.72
2391	0.355204	-2268.84
2392	0.362775	-2384.93
2393	0.360842	-2326.25
2394	0.363186	-2341.9
2395	0.369387	-2481.03
2396	0.353141	-2190.94
2397	0.360314	-2353.74
2398	0.358208	-2312.49
2399	0.347067	-2151.02
2400	0.356717	-2299.87
2401	0.363791	-2385.35
2402	0.357594	-2271.94
2403	0.360869	-2332.43
2404	0.35568	-2288.18
2405	0.355855	-2239.01
2406	0.359276	-2331.22
2407	0.358506	-2300.3
2408	0.35754	-2321.64
2409	0.358436	-2373.89
2410	0.357969	-2326.72
2411	0.353049	-2275.76
2412	0.3512	-2281.32
2413	0.360562	-2336.36
2414	0.356693	-2282.74
2415	0.35597	-2313.45
2416	0.364104	-2376.9
2417	0.355863	-2282.95
2418	0.3645	-2349.02
2419	0.360717	-2328.65
2420	0.363321	-2380.37
2421	0.358929	-2323.91
2422	0.354015	-2257.02
2423	0.356437	-2278.28
2424	0.360147	-2398.47
2425	0.352032	-2228.09
2426	0.355909	-2340.23
2427	0.359842	-2306.87
2428	0.356391	-2293.93
2429	0.361916	-2341.84
2430	0.361578	-2298.76
2431	0.355615	-2270.03
2432	0.358998	-2379.83
2433	0.355297	-2238.78
2434	0.347559	-2190.54
2435	0.353572	-2294.42
2436	0.371957	-2497.43
2437	0.347367	-2162.48
2438	0.360397	-2309.79
2439	0.364321	-2343.36
2440	0.364032	-2352.18
2441	0.357461	-2257.37
2442	0.366346	-2365.61
2443	0.354063	-2260.78
2444	0.351491	-2238.58
2445	0.35386	-2288.91
2446	0.360398	-2338.93
2447	0.360371	-2314.92
2448	0.355692	-2304.67
2449	0.353727	-2250.02
2450	0.356489	-2315.33
2451	0.34347	-2125.83
2452	0.360448	-2355.67
2453	0.360325	-2281.45
2454	0.365776	-2405.19
2455	0.356622	-2314.52
2456	0.363246	-2382.5
2457	0.364129	-2386.03
2458	0.359138	-2334.49
2459	0.360384	-2353.32
2460	0.361515	-2370.43
2461	0.362579	-2365.57
2462	0.353957	-2248.28
2463	0.357594	-2244.75
2464	0.359569	-2316.06
2465	0.353246	-2256.08
2466	0.358147	-2282.06
2467	0.354072	-2225.84
2468	0.353872	-2245.25
2469	0.363701	-2413.21
2470	0.360412	-2322.07
2471	0.350335	-2212.55
2472	0.354314	-2230.95
2473	0.357341	-2308.36
2474	0.355911	-2230.52
2475	0.356457	-2281.46
2476	0.354397	-2230.91
2477	0.357685	-2311.36
2478	0.35686	-2287.26
2479	0.366303	-2421.73
2480	0.359693	-2317.93
2481	0.359483	-2318.13
2482	0.354559	-2246.33
2483	0.355806	-2214.17
2484	0.358882	-2266.05
2485	0.363639	-2409.75
2486	0.359385	-2307.78
2487	0.362649	-2371.62
2488	0.353422	-2256.4
2489	0.357546	-2294.32
2490	0.349849	-2159.59
2491	0.368158	-2457.07
2492	0.35427	-2270.29
2493	0.351136	-2202.95
2494	0.354829	-2268.12
2495	0.358511	-2321.77
2496	0.355457	-2239.73
2497	0.353876	-2206.39
2498	0.364076	-2378.06
2499	0.360014	-2303.16
2500	0.354253	-2254.14
2501	0.364705	-2338.49
2502	0.358464	-2321.28
2503	0.360551	-2373.01
2504	0.358335	-2354.15
2505	0.356963	-2250.07
2506	0.355482	-2303.38
2507	0.356302	-2316.65
2508	0.359195	-2307.03
2509	0.365678	-2391.72
2510	0.357527	-2285.86
2511	0.363304	-2383.56
2512	0.360116	-2345.59
2513	0.365372	-2402.21
2514	0.363966	-2423.87
2515	0.351802	-2193.09
2516	0.362718	-2376.68
2517	0.359568	-2339.32
2518	0.361507	-2395.17
2519	0.358475	-2335.6
2520	0.356171	-2252.27
2521	0.36075	-2348.05
2522	0.356486	-2314.58
2523	0.365647	-2392.17
2524	0.362157	-2385.79
2525	0.358027	-2276.54
2526	0.359087	-2321.11
2527	0.350208	-2191.43
2528	0.361394	-2361.31
2529	0.358361	-2334.35
2530	0.353015	-2270.69
2531	0.355241	-2283.46
2532	0.349087	-2200.28
2533	0.358507	-2327.55
2534	0.357838	-2269.54
2535	0.356471	-2261.5
2536	0.369671	-2501.64
2537	0.371394	-2492.02
2538	0.36478	-2357.97
2539	0.351921	-2224.63
2540	0.359631	-2316.15
2541	0.364121	-2347.98
2542	0.352698	-2218.85
2543	0.359449	-2293.5
2544	0.359771	-2386.36
2545	0.358753	-2307.84
2546	0.365044	-2380.58
2547	0.356473	-2295.79
2548	0.355225	-2249.43
2549	0.35066	-2248.83
2550	0.358582	-2267.66
2551	0.359665	-2306.31
2552	0.354838	-2253.47
2553	0.352137	-2214.46
2554	0.352726	-2278.7
2555	0.352003	-2239.03
2556	0.355307	-2278.1
2557	0.365976	-2385.69
2558	0.358693	-2311.67
2559	0.35322	-2296.45
2560	0.357054	-2287.73
2561	0.362604	-2344.76
2562	0.363802	-2381.7
2563	0.35924	-2356.39
2564	0.362996	-2335.52
2565	0.353348	-2251.78
2566	0.359943	-2335.35
2567	0.364799	-2399.73
2568	0.350838	-2194.22
2569	0.360274	-2319.94
2570	0.36483	-2402.83
2571	0.357675	-2276.01
2572	0.358531	-2343.19
2573	0.352722	-2203.9
2574	0.36406	-2406.38
2575	0.359067	-2259.84
2576	0.359181	-2292.24
2577	0.351511	-2210.17
2578	0.365983	-2431.61
2579	0.347889	-2164.62
2580	0.358152	-2303.92
2581	0.372155	-2479.41
2582	0.365984	-2396.97
2583	0.361247	-2363.57
2584	0.358071	-2353.54
2585	0.365428	-2390.48
2586	0.342899	-2134.44
2587	0.360907	-2326.86
2588	0.36073	-2359.04
2589	0.364551	-2388.47
2590	0.359199	-2298.45
2591	0.3569	-2271.09
2592	0.356529	-2301.95
2593	0.342953	-2115.52
2594	0.351341	-2242.87
2595	0.360376	-2350.51
2596	0.356831	-2306.08
2597	0.362059	-2355.63
2598	0.363563	-2343.11
2599	0.35702	-2304.09
2600	0.35359	-2266.17
2601	0.353997	-2239.7
2602	0.349743	-2191.56
2603	0.359601	-2305.8
2604	0.358738	-2328.59
2605	0.365907	-2386.27
2606	0.371494	-2542.31
2607	0.368263	-2439.4
2608	0.357494	-2297.52
2609	0.354419	-2241.61
2610	0.353882	-2229.04
2611	0.360125	-2301.64
2612	0.353697	-2220.92
2613	0.360156	-2371.19
2614	0.364855	-2401.29
2615	0.362987	-2411.22
2616	0.353406	-2241.28
2617	0.356915	-2345.62
2618	0.352052	-2258.45
2619	0.359105	-2309.85
2620	0.361283	-2377.77
2621	0.349743	-2170.29
2622	0.355853	-2258.32
2623	0.353182	-2249.27
2624	0.363233	-2417.78
2625	0.366971	-2427.35
2626	0.369271	-2468.99
2627	0.364263	-2387.11
2628	0.356869	-2238.15
2629	0.355211	-2299.36
2630	0.352157	-2247.86
2631	0.358677	-2332.63
2632	0.363282	-2369.07
2633	0.362081	-2361.3
2634	0.350218	-2193.17
2635	0.357314	-2263.46
2636	0.361388	-2379.03
2637	0.358605	-2319.04
2638	0.35697	-2290.83
2639	0.360755	-2329.41
2640	0.361847	-2359.05
2641	0.360353	-2334.36
2642	0.356798	-2294.89
2643	0.358026	-2267.66
2644	0.363649	-2353.5
2645	0.35083	-2199.48
2646	0.362308	-2386.25
2647	0.360342	-2288.68
2648	0.36464	-2408.6
2649	0.355197	-2243.83
2650	0.355382	-2290.18
2651	0.357529	-2297.95
2652	0.351517	-2211.46
2653	0.359582	-2307.05
2654	0.360071	-2330.41
2655	0.357779	-2346.16
2656	0.354509	-2248.93
2657	0.357878	-2299.06
2658	0.355697	-2289.55
2659	0.365045	-2357.16
2660	0.354819	-2253.46
2661	0.357659	-2250.33
2662	0.351253	-2265.34
2663	0.355956	-2283.83
2664	0.35441	-2241.98
2665	0.357838	-2290.85
2666	0.357258	-2313.49
2667	0.357513	-2297.96
2668	0.362111	-2377.93
2669	0.353529	-2243.78
2670	0.357607	-2298.63
2671	0.353761	-2275.08
2672	0.355777	-2280.04
2673	0.356041	-2284.76
2674	0.355511	-2233.94
2675	0.360794	-2334.21
2676	0.363113	-2349.99
2677	0.359349	-2304.64
2678	0.357713	-2296.91
2679	0.366082	-2375.52
2680	0.356689	-2296.2
2681	0.35422	-2250.33
2682	0.351971	-2235.45
2683	0.365883	-2445.21
2684	0.365875	-2406.34
2685	0.354617	-2266.17
2686	0.357135	-2263.14
2687	0.361667	-2367.86
2688	0.357404	-2283.22
2689	0.361472	-2339.94
2690	0.36619	-2390.29
2691	0.358104	-2275.34
2692	0.346995	-2214.21
2693	0.356779	-2261.67
2694	0.358761	-2334.69
2695	0.360964	-2361.43
2696	0.354263	-2252.22
2697	0.357193	-2284.02
2698	0.35918	-2348.77
2699	0.356932	-2299.65
2700	0.358451	-2322.49
2701	0.356061	-2262.66
2702	0.36254	-2319.91
2703	0.351287	-2196.82
2704	0.363523	-2412.88
2705	0.363177	-2341.81
2706	0.356599	-2287.6
2707	0.363937	-2347.87
2708	0.350191	-2214
2709	0.354793	-2303.4
2710	0.353925	-2258.69
2711	0.354477	-2257.04
2712	0.36182	-2352.85
2713	0.35644	-2329.54
2714	0.348657	-2199.88
2715	0.364769	-2409.51
2716	0.359137	-2330.74
2717	0.362334	-2339.64
2718	0.365046	-2386.79
2719	0.352913	-2211.18
2720	0.360239	-2295.95
2721	0.353599	-2238.26
2722	0.352205	-2269.74
2723	0.353808	-2290.81
2724	0.360537	-2364.75
2725	0.362228	-2348.24
2726	0.354859	-2272.95
2727	0.358623	-2311.88
2728	0.358092	-2284.34
2729	0.357994	-2329.46
2730	0.360522	-2323.58
2731	0.362335	-2318.13
2732	0.355218	-2293.1
2733	0.352089	-2223.99
2734	0.356646	-2272.51
2735	0.371399	-2491.29
2736	0.363088	-2374.85
2737	0.358605	-2355.22
2738	0.361825	-2388.72
2739	0.358627	-2344.63
2740	0.360567	-2337.7
2741	0.349333	-2228.45
2742	0.364355	-2393.24
2743	0.354866	-2240.43
2744	0.356349	-2272.57
2745	0.355849	-2284.6
2746	0.35382	-2266.53
2747	0.363253	-2371.76
2748	0.357503	-2326.63
2749	0.355375	-2264.94
2750	0.369072	-2429.08
2751	0.353414	-2238.68
2752	0.360978	-2338.08
2753	0.366372	-2419.12
2754	0.362091	-2371.93
2755	0.364244	-2358.35
2756	0.365448	-2402.3
2757	0.357398	-2311.79
2758	0.352322	-2224.39
2759	0.350062	-2198.19
2760	0.361072	-2338.04
2761	0.357203	-2283.35
2762	0.35342	-2214.03
2763	0.358646	-2316.47
2764	0.356671	-2263.94
2765	0.362117	-2356.05
2766	0.356576	-2309.56
2767	0.351693	-2229.58
2768	0.352285	-2225.25
2769	0.360439	-2344.17
2770	0.361528	-2377.84
2771	0.355603	-2270.09
2772	0.356479	-2281.03
2773	0.360724	-2333.81
2774	0.358388	-2293.41
2775	0.359837	-2289.22
2776	0.360805	-2329.02
2777	0.356753	-2301.23
2778	0.346912	-2151.73
2779	0.354764	-2237.49
2780	0.348836	-2171.23
2781	0.367995	-2477.65
2782	0.360564	-2319.78
2783	0.364033	-2382.02
2784	0.359241	-2324.06
2785	0.353837	-2228.3
2786	0.36005	-2337.49
2787	0.353185	-2252.99
2788	0.361458	-2320.81
2789	0.358569	-2335.76
2790	0.366345	-2395.53
2791	0.367409	-2455.92
2792	0.356872	-2317.33
2793	0.36259	-2359.35
2794	0.358443	-2353.9
2795	0.365745	-2400.12
2796	0.359234	-2366.3
2797	0.355969	-2247.39
2798	0.355261	-2307.71
2799	0.350851	-2174.05
2800	0.355642	-2266.1
2801	0.357537	-2293.45
2802	0.352784	-2188.17
2803	0.352622	-2244.88
2804	0.362373	-2374.97
2805	0.362388	-2378.39
2806	0.35726	-2292.98
2807	0.361992	-2342.44
2808	0.363754	-2384.6
2809	0.362025	-2340.03
2810	0.365077	-2402.06
2811	0.358124	-2302.3
2812	0.348811	-2199.06
2813	0.351041	-2170.03
2814	0.356297	-2303.85
2815	0.357044	-2294.41
2816	0.352191	-2221.74
2817	0.366939	-2386.65
2818	0.346013	-2183.58
2819	0.362005	-2347.44
2820	0.356233	-2255.99
2821	0.35861	-2319.58
2822	0.353189	-2253.48
2823	0.353096	-2233.35
2824	0.34607	-2105.1
2825	0.362957	-2351.59
2826	0.354222	-2295.61
2827	0.354016	-2198.53
2828	0.362034	-2329.9
2829	0.357357	-2295.61
2830	0.359123	-2348.42
2831	0.359869	-2332.08
2832	0.348999	-2220.74
2833	0.354721	-2249.49
2834	0.355798	-2292.06
2835	0.358572	-2300.28
2836	0.360843	-2356.26
2837	0.36045	-2374.09
2838	0.356722	-2266.11
2839	0.361238	-2331.24
2840	0.351771	-2247.26
2841	0.365098	-2405.48
2842	0.366155	-2431.64
2843	0.363903	-2424.54
2844	0.359667	-2307.58
2845	0.363612	-2343.08
2846	0.356671	-2317.63
2847	0.355834	-2265.04
2848	0.361198	-2376.07
2849	0.346212	-2185.61
2850	0.345035	-2098.84
2851	0.364206	-2391.72
2852	0.358175	-2334.38
2853	0.361417	-2316.95
2854	0.365637	-2426.61
2855	0.367024	-2398.54
2856	0.354517	-2280.47
2857	0.358519	-2291.33
2858	0.362636	-2319.03
2859	0.351936	-2223.46
2860	0.35574	-2249.05
2861	0.361335	-2365.84
2862	0.357312	-2322.19
2863	0.352214	-2274.36
2864	0.36407	-2386.4
2865	0.367331	-2412.78
2866	0.355182	-2281.46
2867	0.357286	-2298.1
2868	0.360452	-2355.14
2869	0.363447	-2366.01
2870	0.355759	-2276.04
2871	0.363533	-2317.73
2872	0.358507	-2332.92
2873	0.359045	-2319.9
2874	0.356249	-2253.01
2875	0.360473	-2296.05
2876	0.36025	-2345.64
2877	0.363355	-2342.63
2878	0.354719	-2239.62
2879	0.36765	-2432.18
2880	0.357852	-2309.58
2881	0.358037	-2291.77
2882	0.35785	-2281.48
2883	0.350505	-2179.19
2884	0.357798	-2319.63
2885	0.3568	-2220.03
2886	0.345614	-2167.76
2887	0.365434	-2379.03
2888	0.358554	-2291.17
2889	0.362184	-2343.25
2890	0.358691	-2335.33
2891	0.358894	-2317.42
2892	0.355616	-2256.88
2893	0.361456	-2324.98
2894	0.355381	-2287.18
2895	0.361842	-2357.42
2896	0.362285	-2365.4
2897	0.355009	-2293.46
2898	0.356015	-2268.49
2899	0.36266	-2374.95
2900	0.350383	-2212.87
2901	0.352656	-2251.87
2902	0.362003	-2358.46
2903	0.360012	-2330.53
2904	0.354785	-2291.51
2905	0.362999	-2421.2
2906	0.352066	-2245.73
2907	0.356658	-2268.4
2908	0.363381	-2393.87
2909	0.360742	-2328.06
2910	0.355635	-2268.71
2911	0.362335	-2379.47
2912	0.36201	-2331.05
2913	0.353989	-2265.47
2914	0.357738	-2297.91
2915	0.360188	-2302.64
2916	0.356369	-2269.22
2917	0.357534	-2268.47
2918	0.365833	-2421.39
2919	0.36349	-2354.15
2920	0.358035	-2313.1
2921	0.355605	-2240.6
2922	0.364725	-2379
2923	0.360895	-2380.99
2924	0.361426	-2355.44
2925	0.354902	-2287.92
2926	0.360984	-2322.89
2927	0.351761	-2199.91
2928	0.360085	-2340.77
2929	0.357187	-2265.09
2930	0.348581	-2165.19
2931	0.358888	-2294.15
2932	0.355075	-2219.07
2933	0.367511	-2431.19
2934	0.358768	-2313.68
2935	0.357863	-2295.04
2936	0.362883	-2347.63
2937	0.360756	-2351.7
2938	0.352472	-2207.79
2939	0.352021	-2174.68
2940	0.349652	-2164.02
2941	0.358978	-2380.25
2942	0.367087	-2430.74
2943	0.361799	-2298.46
2944	0.365788	-2446.57
2945	0.357105	-2318.32
2946	0.347513	-2160.79
2947	0.352459	-2238.81
2948	0.365524	-2373.36
2949	0.356899	-2288.61
2950	0.357033	-2314.42
2951	0.361813	-2379.76
2952	0.355407	-2249.39
2953	0.361829	-2357.52
2954	0.355892	-2312.99
2955	0.353561	-2224.32
2956	0.362002	-2367.34
2957	0.357472	-2276.98
2958	0.35161	-2237.75
2959	0.354941	-2261.16
2960	0.364437	-2401.8
2961	0.360916	-2318.45
2962	0.352771	-2218.76
2963	0.354838	-2245.02
2964	0.353013	-2271.8
2965	0.358114	-2326.05
2966	0.369166	-2435.37
2967	0.362036	-2382.75
2968	0.362899	-2367.74
2969	0.356506	-2326.29
2970	0.356354	-2282.82
2971	0.361153	-2353.75
2972	0.356223	-2287.63
2973	0.36425	-2365.51
2974	0.356924	-2256.9
2975	0.352344	-2211.71
2976	0.359973	-2302.7
2977	0.35637	-2300.37
2978	0.358303	-2331.55
2979	0.355501	-2303.97
2980	0.35472	-2274.62
2981	0.356809	-2334.17
2982	0.369683	-2468.71
2983	0.364056	-2375.71
2984	0.35551	-2242.23
2985	0.355112	-2314.52
2986	0.369612	-2437.08
2987	0.36407	-2351.69
2988	0.357853	-2328.7
2989	0.358278	-2325.83
2990	0.360085	-2351.85
2991	0.351363	-2211.29
2992	0.351636	-2200.36
2993	0.351896	-2211.36
2994	0.362533	-2362.34
2995	0.362736	-2361.79
2996	0.36541	-2395.9
2997	0.368135	-2399.13
2998	0.354055	-2218.42
2999	0.347149	-2173.61
