0	0.36128	-2315.23
1	0.357344	-2303.44
2	0.359443	-2346.22
3	0.359948	-2330.96
4	0.360581	-2374.71
5	0.353841	-2249.91
6	0.352543	-2233.15
7	0.355507	-2300.35
8	0.352804	-2218.24
9	0.361818	-2355.36
10	0.362529	-2366.41
11	0.357307	-2237.22
12	0.35729	-2287.81
13	0.349966	-2185.85
14	0.358101	-2332.67
15	0.352613	-2297.06
16	0.358511	-2297.11
17	0.349244	-2199.99
18	0.357103	-2261.84
19	0.353138	-2257.66
20	0.351749	-2221.18
21	0.359506	-2310.81
22	0.357773	-2275.05
23	0.362188	-2382.3
24	0.349309	-2195.89
25	0.357182	-2284.9
26	0.35049	-2219.61
27	0.352746	-2222.77
28	0.356263	-2284.07
29	0.360507	-2311.75
30	0.351972	-2244.77
31	0.357154	-2275.68
32	0.366267	-2361.1
33	0.357353	-2287.02
34	0.356859	-2349.69
35	0.364641	-2410.19
36	0.350736	-2228.22
37	0.357808	-2311.66
38	0.357984	-2313.63
39	0.351314	-2198.74
40	0.354077	-2260.54
41	0.355769	-2265.05
42	0.361857	-2342
43	0.364593	-2351.13
44	0.355123	-2277.94
45	0.362389	-2339.78
46	0.361653	-2326.35
47	0.35199	-2226.69
48	0.364281	-2373.82
49	0.351388	-2218.4
50	0.361006	-2342.85
51	0.353124	-2280.37
52	0.354784	-2276.2
53	0.354341	-2292.73
54	0.358202	-2295.54
55	0.360919	-2321.84
56	0.35652	-2287.54
57	0.363201	-2334.85
58	0.356843	-2293.09
59	0.353937	-2273.21
60	0.357929	-2317.55
61	0.345309	-2122.22
62	0.348601	-2153.31
63	0.360237	-2293.61
64	0.349969	-2185.71
65	0.35627	-2257.69
66	0.352314	-2268.74
67	0.362933	-2379.59
68	0.351498	-2201.81
69	0.355891	-2267.77
70	0.35584	-2276.72
71	0.353613	-2244.56
72	0.355076	-2261.39
73	0.349437	-2182.16
74	0.353098	-2240.51
75	0.361277	-2333.36
76	0.355811	-2310.02
77	0.357329	-2259.08
78	0.364041	-2370.05
79	0.348665	-2179.31
80	0.354261	-2296.42
81	0.360443	-2359.22
82	0.349169	-2180.47
83	0.354908	-2273.81
84	0.348936	-2195.34
85	0.364051	-2409.43
86	0.34723	-2171.19
87	0.359032	-2349.12
88	0.353248	-2206.64
89	0.345236	-2131.86
90	0.350277	-2197.11
91	0.363009	-2398.6
92	0.356385	-2256.68
93	0.345632	-2157.52
94	0.350646	-2211.45
95	0.357172	-2308.48
96	0.351733	-2189.48
97	0.347365	-2150.31
98	0.36168	-2388.79
99	0.353587	-2234.9
100	0.356815	-2275.22
101	0.355606	-2307.78
102	0.351078	-2199.28
103	0.354087	-2257.22
104	0.35301	-2225.5
105	0.360302	-2328.78
106	0.354071	-2243.91
107	0.35051	-2189.98
108	0.368531	-2425.08
109	0.367316	-2383.31
110	0.354036	-2263.16
111	0.350068	-2259.52
112	0.352531	-2209.75
113	0.37018	-2486.74
114	0.354442	-2286.36
115	0.352784	-2212.63
116	0.363623	-2412.36
117	0.362128	-2357.13
118	0.363845	-2323.04
119	0.358991	-2339.17
120	0.353262	-2248.2
121	0.36166	-2401.78
122	0.366322	-2427.89
123	0.354459	-2298
124	0.357404	-2348.64
125	0.355755	-2214.97
126	0.353172	-2252.79
127	0.349402	-2163.67
128	0.349476	-2151.37
129	0.358738	-2300.35
130	0.358625	-2300.39
131	0.355705	-2257.33
132	0.355024	-2255.42
133	0.36296	-2397.38
134	0.358675	-2307.87
135	0.355326	-2307.74
136	0.361628	-2358.94
137	0.35487	-2225.3
138	0.35781	-2245.06
139	0.350036	-2252.71
140	0.352622	-2234.86
141	0.357418	-2306.34
142	0.355863	-2300.06
143	0.353145	-2208.95
144	0.353964	-2281.87
145	0.358779	-2325.61
146	0.360563	-2295.9
147	0.359439	-2312.34
148	0.359052	-2348.84
149	0.362712	-2355.43
150	0.356138	-2266.39
151	0.354858	-2231.45
152	0.358741	-2305.41
153	0.35202	-2233.8
154	0.350463	-2236.89
155	0.344932	-2150.24
156	0.359122	-2353
157	0.353716	-2222.72
158	0.356096	-2289.5
159	0.355906	-2283.71
160	0.353539	-2252.11
161	0.345895	-2167.58
162	0.363463	-2384.18
163	0.356553	-2262.61
164	0.35541	-2257.24
165	0.35711	-2272.92
166	0.356492	-2310.06
167	0.359252	-2323.67
168	0.358114	-2251.86
169	0.359914	-2321.02
170	0.355373	-2272.76
171	0.359722	-2302.86
172	0.356577	-2231.7
173	0.366103	-2428.33
174	0.36098	-2381.14
175	0.355928	-2304.17
176	0.357187	-2276.57
177	0.355737	-2253.08
178	0.362567	-2367.8
179	0.366126	-2385.96
180	0.354555	-2290.02
181	0.36612	-2402.29
182	0.365331	-2405.4
183	0.353182	-2263.16
184	0.353377	-2244.05
185	0.352737	-2267.5
186	0.356918	-2276.83
187	0.354105	-2273.97
188	0.352957	-2267.98
189	0.367947	-2432.31
190	0.35158	-2201.95
191	0.360326	-2324.99
192	0.357005	-2302.19
193	0.35893	-2381.88
194	0.360689	-2341.11
195	0.362467	-2340.63
196	0.358867	-2336.33
197	0.359971	-2327.04
198	0.36064	-2314.05
199	0.351782	-2229.1
200	0.359504	-2300.21
201	0.346367	-2214.63
202	0.358429	-2306.96
203	0.358396	-2361.31
204	0.364553	-2405.84
205	0.354535	-2289.79
206	0.349287	-2200.49
207	0.355685	-2263.95
208	0.349558	-2177.25
209	0.358077	-2319.06
210	0.358225	-2300.1
211	0.361305	-2406.27
212	0.35858	-2333.36
213	0.354282	-2242.95
214	0.35357	-2246.59
215	0.352349	-2279.52
216	0.352872	-2252.53
217	0.358942	-2305.56
218	0.364276	-2370.47
219	0.35594	-2296.76
220	0.358365	-2343.99
221	0.355095	-2257.82
222	0.360275	-2331.35
223	0.357857	-2308.55
224	0.359319	-2319.49
225	0.360894	-2365.6
226	0.358893	-2321.47
227	0.352404	-2261.4
228	0.359696	-2330.09
229	0.360583	-2296.22
230	0.357149	-2249.5
231	0.358034	-2322.98
232	0.362493	-2380.84
233	0.36059	-2288.05
234	0.364673	-2380.87
235	0.34998	-2185.98
236	0.356251	-2308.15
237	0.360173	-2311.16
238	0.356889	-2307.86
239	0.358857	-2275.9
240	0.358662	-2274.03
241	0.355178	-2270.13
242	0.362564	-2345.31
243	0.362392	-2369.67
244	0.361362	-2353.65
245	0.35426	-2267.93
246	0.348006	-2152.64
247	0.368761	-2453.95
248	0.356302	-2284.72
249	0.360217	-2357.16
250	0.364611	-2347.47
251	0.353651	-2248.81
252	0.359551	-2283.95
253	0.359693	-2364.12
254	0.357854	-2246.62
255	0.351004	-2189.35
256	0.365346	-2375.14
257	0.357296	-2334.65
258	0.350735	-2213.82
259	0.357792	-2342.06
260	0.348665	-2187.63
261	0.35681	-2281.79
262	0.354562	-2248.69
263	0.353131	-2259.21
264	0.350924	-2226.59
265	0.360019	-2303.1
266	0.350679	-2180.38
267	0.350421	-2230.18
268	0.360795	-2310.58
269	0.366137	-2407.61
270	0.357352	-2302.38
271	0.357787	-2312.74
272	0.366006	-2415.32
273	0.363472	-2355.59
274	0.355688	-2286.8
275	0.355808	-2264.24
276	0.365225	-2405.15
277	0.364567	-2389.08
278	0.36394	-2382.37
279	0.354007	-2257.87
280	0.356913	-2274.77
281	0.361701	-2351.11
282	0.363696	-2349.12
283	0.34804	-2151.33
284	0.35826	-2290.15
285	0.353924	-2291.31
286	0.363388	-2335.96
287	0.352702	-2236.95
288	0.350639	-2181.1
289	0.355038	-2210.04
290	0.351793	-2246.07
291	0.352659	-2229.83
292	0.355041	-2269.7
293	0.349576	-2145.97
294	0.361007	-2396.06
295	0.360925	-2373.8
296	0.353048	-2252.6
297	0.356412	-2321.03
298	0.352455	-2248.32
299	0.359501	-2344.03
300	0.355456	-2290.36
301	0.362114	-2341.17
302	0.349338	-2182.6
303	0.364337	-2422.27
304	0.357173	-2272.73
305	0.352555	-2192.62
306	0.360978	-2338.84
307	0.356125	-2277.3
308	0.356131	-2288.98
309	0.349247	-2183.65
310	0.351999	-2243.75
311	0.359712	-2315.72
312	0.35142	-2263.63
313	0.351088	-2243.97
314	0.35406	-2262.8
315	0.354263	-2179.74
316	0.358483	-2311.96
317	0.3549	-2271.51
318	0.35294	-2259.81
319	0.358695	-2310.8
320	0.358748	-2311.76
321	0.362928	-2352.59
322	0.360676	-2326.26
323	0.352698	-2228.49
324	0.35734	-2313.77
325	0.354809	-2282.54
326	0.348956	-2183.67
327	0.353204	-2252.4
328	0.35272	-2212.91
329	0.357646	-2291.07
330	0.355709	-2286.93
331	0.359927	-2336.16
332	0.356636	-2328.19
333	0.359994	-2290.44
334	0.355053	-2226.41
335	0.354382	-2255.24
336	0.349955	-2164.78
337	0.355613	-2246.28
338	0.352468	-2257.11
339	0.360785	-2376.46
340	0.351178	-2215.54
341	0.352246	-2209.47
342	0.355689	-2237.79
343	0.348431	-2124.4
344	0.348973	-2182.12
345	0.355057	-2278.56
346	0.35462	-2258.86
347	0.352333	-2251.31
348	0.360093	-2361.36
349	0.348523	-2180.05
350	0.352635	-2261.8
351	0.355238	-2282.06
352	0.355229	-2241.35
353	0.36082	-2328.4
354	0.355203	-2244.88
355	0.359432	-2279.53
356	0.353312	-2300.5
357	0.354224	-2257.89
358	0.36275	-2324.34
359	0.349312	-2179.7
360	0.357608	-2273.18
361	0.359283	-2354.47
362	0.361462	-2324.05
363	0.359305	-2306.49
364	0.354	-2282.88
365	0.354328	-2235.86
366	0.360394	-2334.03
367	0.364724	-2391.86
368	0.35488	-2221.04
369	0.350706	-2187.76
370	0.352053	-2194.9
371	0.353661	-2269.21
372	0.358073	-2303.18
373	0.347171	-2180.59
374	0.351693	-2222.81
375	0.360195	-2296.31
376	0.352072	-2222.2
377	0.355814	-2290.4
378	0.357291	-2298.1
379	0.355471	-2294.75
380	0.346678	-2176.44
381	0.354534	-2183.59
382	0.360108	-2337.35
383	0.349845	-2202.68
384	0.353893	-2274.88
385	0.349431	-2184.8
386	0.350919	-2225.85
387	0.359883	-2350.31
388	0.35727	-2295.09
389	0.355256	-2232.08
390	0.360803	-2274.77
391	0.357417	-2294.81
392	0.3581	-2283.5
393	0.365419	-2387.13
394	0.36502	-2416.28
395	0.357867	-2310.74
396	0.352878	-2225.08
397	0.35614	-2313.47
398	0.355915	-2319.1
399	0.352812	-2214.83
400	0.349407	-2193.5
401	0.351691	-2231.99
402	0.373071	-2487.97
403	0.353929	-2270.14
404	0.350929	-2210.13
405	0.353638	-2238.26
406	0.357418	-2270.03
407	0.351526	-2221.13
408	0.355951	-2248.94
409	0.355071	-2250.79
410	0.351032	-2256.43
411	0.354033	-2256.91
412	0.357455	-2330.88
413	0.357242	-2308.94
414	0.359938	-2354.48
415	0.349116	-2207.5
416	0.359317	-2346.11
417	0.3573	-2276.71
418	0.361224	-2322.17
419	0.360536	-2366.32
420	0.346339	-2196.1
421	0.354737	-2269.27
422	0.351416	-2192.62
423	0.357024	-2274.08
424	0.360421	-2324.24
425	0.353421	-2278.46
426	0.360137	-2373.9
427	0.363573	-2365.93
428	0.353008	-2241.37
429	0.350321	-2209.1
430	0.359725	-2323.72
431	0.365502	-2394.44
432	0.354087	-2268.85
433	0.354707	-2304.31
434	0.358839	-2317.16
435	0.361814	-2377
436	0.361311	-2404.77
437	0.358924	-2340.42
438	0.35776	-2288.2
439	0.349741	-2170.57
440	0.363343	-2373.49
441	0.364737	-2353.19
442	0.356658	-2250.21
443	0.366326	-2410.07
444	0.35357	-2258.55
445	0.349577	-2203.09
446	0.347267	-2132.94
447	0.351838	-2172.95
448	0.355615	-2274.69
449	0.345005	-2196.45
450	0.358767	-2306.5
451	0.349884	-2204.99
452	0.354822	-2277.37
453	0.364204	-2366.73
454	0.350412	-2192.25
455	0.357912	-2278.5
456	0.359651	-2297.97
457	0.356859	-2297.2
458	0.356993	-2306.77
459	0.349196	-2188.17
460	0.356791	-2294.88
461	0.348562	-2171.54
462	0.351854	-2194.03
463	0.354622	-2269.03
464	0.36144	-2361.43
465	0.351909	-2229.64
466	0.355879	-2277.95
467	0.359535	-2315.37
468	0.356672	-2261.66
469	0.365508	-2375.82
470	0.360155	-2356.47
471	0.36605	-2373.28
472	0.35809	-2312.89
473	0.350299	-2196.31
474	0.366863	-2406.2
475	0.35795	-2350.77
476	0.364717	-2386.81
477	0.356385	-2292.95
478	0.361569	-2311.35
479	0.354398	-2308.06
480	0.349402	-2183.46
481	0.357952	-2304.76
482	0.353654	-2268.05
483	0.348811	-2231.89
484	0.358812	-2318.35
485	0.354215	-2272.5
486	0.354806	-2262.94
487	0.356366	-2267.17
488	0.36257	-2417.67
489	0.356646	-2255.96
490	0.354137	-2243.73
491	0.360445	-2322.67
492	0.365973	-2409.09
493	0.357551	-2281.34
494	0.360837	-2337.2
495	0.360924	-2369.5
496	0.3558	-2269.9
497	0.35439	-2254.73
498	0.361388	-2337.1
499	0.355472	-2254.71
500	0.360223	-2339.57
501	0.360916	-2270.25
502	0.361526	-2311.17
503	0.355288	-2205.64
504	0.356067	-2295.34
505	0.360909	-2315.2
506	0.363848	-2351.95
507	0.35755	-2283.22
508	0.34907	-2161.44
509	0.361235	-2398.28
510	0.350198	-2203.84
511	0.357	-2323.65
512	0.358028	-2275.44
513	0.362069	-2357.83
514	0.355375	-2213.02
515	0.358323	-2315.43
516	0.349762	-2181.96
517	0.353634	-2236.72
518	0.353037	-2246.45
519	0.354828	-2245.52
520	0.358151	-2315.13
521	0.358928	-2329.81
522	0.357072	-2265.32
523	0.353155	-2274.43
524	0.350371	-2236.03
525	0.361907	-2338.97
526	0.354788	-2258.32
527	0.354315	-2246.77
528	0.349857	-2177.5
529	0.349595	-2169.02
530	0.361857	-2350.95
531	0.359035	-2298.48
532	0.356668	-2290.05
533	0.354406	-2236.98
534	0.35559	-2270.51
535	0.355775	-2246.04
536	0.360461	-2319.35
537	0.364844	-2399.85
538	0.3584	-2310.75
539	0.360088	-2318.62
540	0.356207	-2324.35
541	0.361516	-2360.38
542	0.357082	-2332.84
543	0.356179	-2306.75
544	0.357135	-2309.06
545	0.357158	-2309.53
546	0.356143	-2316.64
547	0.352653	-2222.52
548	0.355762	-2243.26
549	0.359062	-2319.51
550	0.362213	-2339.26
551	0.355442	-2241.19
552	0.355665	-2318.67
553	0.359214	-2339.13
554	0.348447	-2173.99
555	0.357386	-2290.66
556	0.354045	-2245.12
557	0.359112	-2333.83
558	0.3592	-2297.89
559	0.356089	-2266.53
560	0.359353	-2338.79
561	0.348517	-2187.74
562	0.351794	-2193.5
563	0.355987	-2337.79
564	0.350952	-2222.14
565	0.354649	-2274.79
566	0.354006	-2200.5
567	0.355343	-2288.96
568	0.354209	-2246.92
569	0.348853	-2188.84
570	0.359355	-2281.8
571	0.349908	-2176.43
572	0.355306	-2243.82
573	0.354276	-2237.48
574	0.357687	-2274.39
575	0.352049	-2223.05
576	0.352348	-2228.58
577	0.35975	-2306.66
578	0.358752	-2313.86
579	0.363233	-2401.71
580	0.351003	-2273.83
581	0.35303	-2230.47
582	0.340338	-2016.24
583	0.358774	-2344.99
584	0.361306	-2339.52
585	0.354524	-2218.66
586	0.358263	-2290.52
587	0.361371	-2327.35
588	0.356003	-2251.75
589	0.351666	-2257
590	0.360157	-2349.09
591	0.358307	-2289.29
592	0.35666	-2323.04
593	0.352848	-2235.59
594	0.358235	-2276.83
595	0.350278	-2201.89
596	0.359097	-2330.65
597	0.359721	-2331.34
598	0.357008	-2302.28
599	0.357113	-2312.11
600	0.354577	-2281.15
601	0.357662	-2288.71
602	0.349489	-2197.23
603	0.359142	-2288.2
604	0.365401	-2391.57
605	0.359113	-2259.04
606	0.356495	-2286.73
607	0.348513	-2207.43
608	0.354886	-2237.62
609	0.351956	-2239.9
610	0.350712	-2177.21
611	0.352176	-2229.6
612	0.351657	-2175.62
613	0.351555	-2226.02
614	0.3535	-2247.51
615	0.357799	-2279.49
616	0.355238	-2261.61
617	0.358601	-2318.55
618	0.354982	-2279.58
619	0.358711	-2304.89
620	0.363685	-2373.42
621	0.351866	-2213.79
622	0.358993	-2288.27
623	0.357779	-2305.41
624	0.357974	-2327.32
625	0.357175	-2298.17
626	0.359317	-2323.9
627	0.360739	-2346.66
628	0.36003	-2319.19
629	0.363084	-2377.95
630	0.36985	-2424.25
631	0.356696	-2305.53
632	0.35981	-2310.37
633	0.341254	-2075.15
634	0.361866	-2355.96
635	0.357385	-2301.2
636	0.351529	-2215.58
637	0.363843	-2401.12
638	0.345587	-2102.86
639	0.355387	-2277.54
640	0.354106	-2249.09
641	0.363485	-2364.19
642	0.351908	-2265.95
643	0.354964	-2268
644	0.354318	-2241.16
645	0.350995	-2189.96
646	0.354428	-2279.43
647	0.362654	-2373.4
648	0.359097	-2337.8
649	0.360168	-2288.3
650	0.357088	-2278.74
651	0.360519	-2371.18
652	0.366722	-2404.27
653	0.348629	-2222.11
654	0.356057	-2301.56
655	0.365424	-2445.85
656	0.355059	-2276.55
657	0.36406	-2365.02
658	0.360582	-2331.97
659	0.358829	-2303.13
660	0.358347	-2360.24
661	0.354364	-2219.94
662	0.355797	-2266.53
663	0.363154	-2338.21
664	0.36673	-2422.79
665	0.359852	-2287.98
666	0.356073	-2262.03
667	0.353658	-2248.32
668	0.360515	-2321.7
669	0.354026	-2265.04
670	0.356025	-2301.48
671	0.362473	-2284.55
672	0.3627	-2367.67
673	0.357135	-2295.34
674	0.356004	-2264.74
675	0.352552	-2214
676	0.360065	-2316.22
677	0.35751	-2279.34
678	0.355992	-2303.54
679	0.35406	-2202.19
680	0.35496	-2251.42
681	0.354965	-2260.31
682	0.358302	-2310.79
683	0.347096	-2190.85
684	0.353743	-2275.68
685	0.360587	-2334.5
686	0.360145	-2304.56
687	0.354351	-2262.08
688	0.353666	-2234.67
689	0.355514	-2283.65
690	0.368802	-2417.44
691	0.352098	-2246.25
692	0.357666	-2264.03
693	0.360233	-2286.89
694	0.35747	-2250.08
695	0.357686	-2304.98
696	0.358187	-2294.01
697	0.359467	-2315.87
698	0.357899	-2267.51
699	0.3682	-2430.37
700	0.361715	-2325.46
701	0.357801	-2294.03
702	0.356836	-2259.89
703	0.360436	-2373.16
704	0.361861	-2355.33
705	0.36301	-2348.98
706	0.351582	-2234.55
707	0.359741	-2313.71
708	0.360254	-2372.34
709	0.35389	-2240.38
710	0.352775	-2246.2
711	0.360291	-2315.3
712	0.350132	-2236.05
713	0.359435	-2330.63
714	0.355267	-2270.84
715	0.358239	-2269.55
716	0.351763	-2209.73
717	0.35226	-2218.17
718	0.358949	-2285.97
719	0.359844	-2338.59
720	0.354683	-2272.43
721	0.359509	-2319.74
722	0.354303	-2278.49
723	0.353958	-2229.97
724	0.346403	-2145.58
725	0.357893	-2266.9
726	0.359475	-2367.62
727	0.348911	-2150.5
728	0.366401	-2452.82
729	0.365325	-2414.38
730	0.355758	-2270.8
731	0.357204	-2290.3
732	0.355968	-2305.29
733	0.358627	-2334.59
734	0.358674	-2219.75
735	0.358404	-2275.95
736	0.346469	-2157.7
737	0.350586	-2177.55
738	0.352639	-2237.84
739	0.359484	-2339.41
740	0.346921	-2088.55
741	0.36408	-2405.73
742	0.349777	-2204.35
743	0.351187	-2254.93
744	0.353596	-2222.27
745	0.359133	-2299.61
746	0.359017	-2273.44
747	0.351162	-2208.05
748	0.360046	-2341.64
749	0.362264	-2319.48
750	0.360661	-2354.71
751	0.362865	-2348.65
752	0.353902	-2238.64
753	0.358472	-2297.35
754	0.353882	-2223.86
755	0.358824	-2304.1
756	0.361905	-2415.49
757	0.352977	-2256.6
758	0.362214	-2337.31
759	0.359867	-2302.5
760	0.349625	-2187.05
761	0.353141	-2173.61
762	0.354739	-2260.51
763	0.359316	-2293.64
764	0.355574	-2242.79
765	0.35411	-2241.77
766	0.357507	-2311.18
767	0.352255	-2212.02
768	0.345858	-2153.46
769	0.362821	-2386.66
770	0.350707	-2175.57
771	0.355035	-2286.19
772	0.35135	-2209.57
773	0.354451	-2254.63
774	0.356684	-2278.15
775	0.357931	-2289.06
776	0.361662	-2344.67
777	0.354023	-2283.19
778	0.361623	-2326.25
779	0.354942	-2260.23
780	0.356063	-2306.26
781	0.363119	-2369.23
782	0.36674	-2472.04
783	0.357043	-2249.82
784	0.357238	-2314.17
785	0.360626	-2324.15
786	0.358668	-2296.76
787	0.358003	-2327.31
788	0.354654	-2230.14
789	0.351099	-2243.13
790	0.357392	-2351.27
791	0.36501	-2376.09
792	0.353055	-2226.9
793	0.363927	-2389.75
794	0.363255	-2378.41
795	0.357848	-2289.63
796	0.350623	-2122.49
797	0.352561	-2254.58
798	0.356953	-2313.56
799	0.361045	-2347.51
800	0.358073	-2280.07
801	0.353584	-2290.11
802	0.35152	-2175.28
803	0.353253	-2266.06
804	0.359627	-2364.05
805	0.359799	-2325.67
806	0.355642	-2235.43
807	0.354321	-2250.32
808	0.355894	-2248.9
809	0.354822	-2304.2
810	0.344413	-2156.02
811	0.351347	-2229.48
812	0.359403	-2306.21
813	0.353072	-2211.82
814	0.363606	-2415.5
815	0.357767	-2318.58
816	0.352292	-2224.8
817	0.36559	-2390.18
818	0.355989	-2286.05
819	0.356333	-2299.68
820	0.36186	-2383.48
821	0.357996	-2287.61
822	0.356616	-2234
823	0.354863	-2293.13
824	0.357339	-2269.86
825	0.35415	-2217.76
826	0.35619	-2252.63
827	0.353547	-2274.16
828	0.353619	-2287.16
829	0.355072	-2222.54
830	0.360664	-2317.41
831	0.354156	-2222.68
832	0.359853	-2331.82
833	0.354729	-2297.61
834	0.358299	-2338.59
835	0.352273	-2170.28
836	0.357694	-2284.12
837	0.360185	-2352.07
838	0.364927	-2352.92
839	0.353829	-2247.94
840	0.362112	-2359.49
841	0.353473	-2222.7
842	0.358128	-2288.4
843	0.360196	-2327.73
844	0.354337	-2260.81
845	0.3583	-2291.35
846	0.350171	-2220.6
847	0.36091	-2348.01
848	0.357557	-2294.96
849	0.355441	-2253.66
850	0.358605	-2298.41
851	0.359924	-2347.21
852	0.348249	-2228.95
853	0.361234	-2315.57
854	0.354857	-2275.49
855	0.354651	-2275.77
856	0.356697	-2276.92
857	0.359851	-2274.28
858	0.346636	-2159.51
859	0.352171	-2175.8
860	0.36262	-2388.89
861	0.35667	-2278.63
862	0.359961	-2308.75
863	0.356633	-2310.59
864	0.350921	-2209.53
865	0.360321	-2300.56
866	0.356311	-2317.29
867	0.36551	-2415.47
868	0.351603	-2213.31
869	0.359216	-2294.48
870	0.363161	-2349.18
871	0.360985	-2352.38
872	0.362194	-2317.68
873	0.362193	-2422.56
874	0.352792	-2275.4
875	0.355066	-2222.03
876	0.355584	-2279.6
877	0.354661	-2266.17
878	0.363831	-2429.44
879	0.358231	-2325.95
880	0.366116	-2406.89
881	0.356034	-2239.25
882	0.36066	-2317.22
883	0.35625	-2271.67
884	0.350053	-2192.24
885	0.359149	-2342.27
886	0.36126	-2339.25
887	0.359194	-2298.36
888	0.351462	-2237.57
889	0.361703	-2377.83
890	0.364236	-2399.3
891	0.358673	-2318.56
892	0.34875	-2148.27
893	0.354077	-2260.27
894	0.350876	-2184.25
895	0.353721	-2272.75
896	0.367829	-2405.06
897	0.354706	-2298.29
898	0.356833	-2299.57
899	0.357752	-2281.68
900	0.356519	-2307.61
901	0.356128	-2230.27
902	0.35835	-2315.24
903	0.353851	-2285.87
904	0.358845	-2306.31
905	0.351533	-2212.01
906	0.352747	-2236.72
907	0.348141	-2165.29
908	0.363635	-2413.31
909	0.354952	-2239.95
910	0.354606	-2248.91
911	0.365908	-2371.49
912	0.353656	-2268.83
913	0.345632	-2191.42
914	0.351909	-2229.3
915	0.349914	-2200.9
916	0.353669	-2255.57
917	0.351674	-2229.26
918	0.357058	-2271.68
919	0.36596	-2376.8
920	0.362967	-2358.85
921	0.353215	-2244.75
922	0.360714	-2300.7
923	0.365983	-2407.19
924	0.361993	-2373.89
925	0.35825	-2314.26
926	0.363662	-2402.84
927	0.356544	-2262.76
928	0.359667	-2367.85
929	0.350723	-2189.08
930	0.352569	-2256.39
931	0.358877	-2247.71
932	0.368691	-2431.08
933	0.35855	-2330.95
934	0.359264	-2342.94
935	0.363481	-2371.34
936	0.351411	-2232.47
937	0.349782	-2157.24
938	0.352018	-2239.78
939	0.363365	-2353.55
940	0.353076	-2248.11
941	0.361511	-2333.7
942	0.3546	-2255.74
943	0.361035	-2394.01
944	0.352292	-2203.89
945	0.350476	-2214.21
946	0.358479	-2339.22
947	0.36103	-2316.93
948	0.345068	-2117.43
949	0.354315	-2312.93
950	0.359789	-2339.42
951	0.349396	-2179.1
952	0.349968	-2176.05
953	0.35575	-2292.36
954	0.352519	-2246.1
955	0.363238	-2381.93
956	0.36202	-2398.19
957	0.361774	-2339.53
958	0.362908	-2316.81
959	0.35292	-2252.74
960	0.357018	-2318.01
961	0.361324	-2357.64
962	0.353817	-2247.29
963	0.349897	-2211.47
964	0.354068	-2236.74
965	0.358414	-2274.3
966	0.348925	-2130.74
967	0.352799	-2255.64
968	0.359802	-2333.46
969	0.362072	-2315.95
970	0.34901	-2199.02
971	0.352244	-2244
972	0.358161	-2330.51
973	0.355388	-2261.13
974	0.361298	-2330.09
975	0.356651	-2262.33
976	0.355618	-2245.51
977	0.354867	-2242.23
978	0.353917	-2263.75
979	0.355771	-2277.14
980	0.36054	-2423.16
981	0.360321	-2308.04
982	0.35164	-2211.02
983	0.359649	-2293.25
984	0.362414	-2370.7
985	0.363525	-2390.1
986	0.357976	-2315.14
987	0.356729	-2270.34
988	0.358158	-2285.18
989	0.359658	-2293.69
990	0.355034	-2295.67
991	0.353669	-2236.74
992	0.352416	-2248.69
993	0.360874	-2336.43
994	0.355218	-2236.73
995	0.354743	-2232.24
996	0.3476	-2178.49
997	0.355335	-2238.6
998	0.360301	-2364.99
999	0.353697	-2239.55
1000	0.352794	-2216.71
1001	0.358886	-2345.88
1002	0.351238	-2234.01
1003	0.36156	-2349.76
1004	0.352309	-2202.69
1005	0.35016	-2205.48
1006	0.364447	-2384.82
1007	0.355935	-2296.97
1008	0.356286	-2308.66
1009	0.358159	-2282.89
1010	0.363135	-2420.39
1011	0.361446	-2354.29
1012	0.357549	-2305.73
1013	0.364812	-2423.02
1014	0.351471	-2204.59
1015	0.358689	-2287.37
1016	0.356978	-2287.71
1017	0.359017	-2320.08
1018	0.35149	-2216.93
1019	0.351145	-2227.58
1020	0.355331	-2291.8
1021	0.358398	-2383.85
1022	0.356307	-2255.25
1023	0.362508	-2385.93
1024	0.357958	-2307.09
1025	0.368156	-2431.13
1026	0.348477	-2153.45
1027	0.346044	-2183.12
1028	0.362586	-2367.38
1029	0.358268	-2322.49
1030	0.35488	-2231.33
1031	0.360163	-2318.96
1032	0.358727	-2304.27
1033	0.361809	-2366.87
1034	0.355706	-2275.5
1035	0.357629	-2292.35
1036	0.35676	-2287.56
1037	0.344654	-2131.68
1038	0.351559	-2219.61
1039	0.369577	-2427
1040	0.359018	-2331.83
1041	0.359838	-2313.95
1042	0.363451	-2377.21
1043	0.362572	-2325.81
1044	0.364235	-2388.83
1045	0.356984	-2286.47
1046	0.350182	-2180.46
1047	0.362349	-2344.74
1048	0.359926	-2347.53
1049	0.350334	-2215.61
1050	0.364622	-2385.41
1051	0.351492	-2206.16
1052	0.36202	-2384.39
1053	0.360802	-2358.33
1054	0.359709	-2325.54
1055	0.361343	-2346.15
1056	0.363852	-2382.16
1057	0.365876	-2413.04
1058	0.34713	-2158.81
1059	0.356842	-2292.09
1060	0.347375	-2143.02
1061	0.361859	-2328.14
1062	0.354452	-2218.5
1063	0.358724	-2300.37
1064	0.359187	-2296.89
1065	0.353105	-2261.32
1066	0.350763	-2230.58
1067	0.352404	-2260.71
1068	0.359932	-2314.99
1069	0.353548	-2273.09
1070	0.358706	-2298.09
1071	0.355095	-2244.23
1072	0.359621	-2333.99
1073	0.355843	-2268.07
1074	0.363769	-2331.71
1075	0.3562	-2290.09
1076	0.353686	-2258.64
1077	0.351044	-2206.75
1078	0.350322	-2208.46
1079	0.359035	-2322.65
1080	0.350888	-2234.53
1081	0.353211	-2243.34
1082	0.363675	-2396.65
1083	0.349357	-2195.41
1084	0.353648	-2263.12
1085	0.357729	-2313.26
1086	0.354851	-2250.9
1087	0.356261	-2278.52
1088	0.345863	-2221.97
1089	0.355157	-2239.13
1090	0.3558	-2281.53
1091	0.354536	-2275.49
1092	0.354725	-2272.46
1093	0.350734	-2199.81
1094	0.354873	-2252.47
1095	0.363099	-2373.1
1096	0.349251	-2207.18
1097	0.362391	-2361.52
1098	0.358422	-2297.2
1099	0.348075	-2189.86
1100	0.353904	-2236.8
1101	0.356465	-2276.59
1102	0.352033	-2223.81
1103	0.362401	-2364.55
1104	0.354149	-2248.28
1105	0.366336	-2469.62
1106	0.357299	-2276.14
1107	0.349188	-2166.58
1108	0.352296	-2236.85
1109	0.3542	-2234.87
1110	0.355829	-2276.74
1111	0.361624	-2370.52
1112	0.357065	-2297.79
1113	0.360729	-2336.55
1114	0.362146	-2349.13
1115	0.356693	-2296.47
1116	0.35898	-2279.07
1117	0.355696	-2316.08
1118	0.35034	-2197.41
1119	0.35323	-2234.13
1120	0.360993	-2398.44
1121	0.355337	-2313.84
1122	0.356988	-2287.61
1123	0.366143	-2407.02
1124	0.351551	-2199.85
1125	0.366443	-2385.31
1126	0.366971	-2428.18
1127	0.355555	-2258.32
1128	0.3519	-2250.7
1129	0.363811	-2371.58
1130	0.357327	-2274.86
1131	0.352039	-2210.4
1132	0.357113	-2280.97
1133	0.356825	-2254.08
1134	0.360379	-2358.87
1135	0.360901	-2296.33
1136	0.365243	-2391.8
1137	0.360954	-2327.97
1138	0.352463	-2266.89
1139	0.361943	-2338.93
1140	0.365484	-2421.28
1141	0.354858	-2261.84
1142	0.356022	-2264.05
1143	0.359193	-2297.87
1144	0.365203	-2418.97
1145	0.357072	-2300.43
1146	0.361201	-2368.81
1147	0.358171	-2318.57
1148	0.359673	-2322.45
1149	0.357739	-2287.18
1150	0.351834	-2199.99
1151	0.358102	-2302.66
1152	0.360848	-2331.55
1153	0.353609	-2234.36
1154	0.349796	-2195.99
1155	0.361364	-2304.1
1156	0.353875	-2245.69
1157	0.356015	-2303.29
1158	0.353282	-2252.63
1159	0.357589	-2281.95
1160	0.347606	-2125.28
1161	0.356377	-2292.5
1162	0.348702	-2165.01
1163	0.359204	-2316.08
1164	0.352737	-2223.92
1165	0.360082	-2376.57
1166	0.3591	-2335.87
1167	0.356408	-2237.36
1168	0.362826	-2425.71
1169	0.351203	-2230.77
1170	0.362377	-2344.48
1171	0.360919	-2354.3
1172	0.35324	-2249.35
1173	0.362096	-2330.61
1174	0.361273	-2409.49
1175	0.358185	-2314.06
1176	0.349336	-2176.99
1177	0.351777	-2241.85
1178	0.356961	-2285.7
1179	0.366426	-2406.08
1180	0.351914	-2225.39
1181	0.356591	-2240.91
1182	0.349648	-2213.91
1183	0.363936	-2388.15
1184	0.362776	-2352.44
1185	0.366835	-2430.98
1186	0.35608	-2304.15
1187	0.362016	-2345.92
1188	0.358775	-2267.71
1189	0.361823	-2341.34
1190	0.350435	-2246.1
1191	0.363135	-2371.59
1192	0.355955	-2276.91
1193	0.360179	-2352.99
1194	0.351927	-2209.87
1195	0.348458	-2183.17
1196	0.365895	-2395.42
1197	0.349694	-2212.32
1198	0.356747	-2305.64
1199	0.354263	-2271.68
1200	0.360074	-2283.48
1201	0.357202	-2332.28
1202	0.362337	-2376.78
1203	0.349945	-2209
1204	0.35561	-2305.5
1205	0.368241	-2462.97
1206	0.360377	-2293.61
1207	0.360739	-2354.02
1208	0.347653	-2150.58
1209	0.357036	-2329
1210	0.363679	-2355.73
1211	0.355394	-2290.91
1212	0.354034	-2258.44
1213	0.357945	-2332.1
1214	0.356489	-2289.4
1215	0.359187	-2306.88
1216	0.354887	-2241.78
1217	0.355801	-2298.95
1218	0.363275	-2337.33
1219	0.355441	-2214.41
1220	0.350946	-2246.81
1221	0.360511	-2286.99
1222	0.361878	-2344.44
1223	0.354723	-2248.44
1224	0.357655	-2315.06
1225	0.357357	-2312.17
1226	0.357268	-2302.8
1227	0.360301	-2323.63
1228	0.359671	-2300.57
1229	0.358233	-2292.92
1230	0.358704	-2302.51
1231	0.363962	-2383.13
1232	0.360503	-2348.18
1233	0.360228	-2345.34
1234	0.35596	-2322.56
1235	0.353098	-2258.37
1236	0.354501	-2287.95
1237	0.355471	-2285.75
1238	0.363623	-2350.58
1239	0.35737	-2303.03
1240	0.352929	-2259
1241	0.358361	-2300.91
1242	0.357806	-2335.99
1243	0.360853	-2388.24
1244	0.356617	-2271.11
1245	0.351546	-2219.22
1246	0.349799	-2225.74
1247	0.362174	-2383.61
1248	0.35155	-2190.9
1249	0.369868	-2458
1250	0.352525	-2205.47
1251	0.35375	-2256.1
1252	0.359949	-2363.49
1253	0.351781	-2204.26
1254	0.360599	-2307.36
1255	0.352752	-2248.76
1256	0.352361	-2193.3
1257	0.360079	-2298.82
1258	0.36213	-2350.84
1259	0.358333	-2318.48
1260	0.347861	-2201.71
1261	0.357554	-2293.09
1262	0.352421	-2241.65
1263	0.360396	-2308.89
1264	0.349274	-2175.92
1265	0.361783	-2317.29
1266	0.360135	-2351.58
1267	0.354864	-2260.01
1268	0.361346	-2334.74
1269	0.354987	-2267.65
1270	0.365676	-2435.19
1271	0.352831	-2204.93
1272	0.362905	-2369.77
1273	0.352113	-2220.39
1274	0.356838	-2232.37
1275	0.349956	-2183.59
1276	0.357761	-2331.51
1277	0.361864	-2312.16
1278	0.358619	-2338.75
1279	0.351993	-2245.48
1280	0.357869	-2319.97
1281	0.351229	-2248.83
1282	0.348593	-2163.84
1283	0.353042	-2270.22
1284	0.354571	-2264.01
1285	0.360239	-2351.57
1286	0.351034	-2188.38
1287	0.364941	-2392.15
1288	0.35789	-2359.91
1289	0.352705	-2269.94
1290	0.348068	-2125.77
1291	0.361787	-2369.21
1292	0.352711	-2223.75
1293	0.353622	-2251.62
1294	0.353413	-2239.69
1295	0.362531	-2375.59
1296	0.350355	-2276.96
1297	0.356699	-2242.76
1298	0.356516	-2238.6
1299	0.355735	-2256.97
1300	0.362688	-2339.13
1301	0.359094	-2337.96
1302	0.35747	-2304.13
1303	0.347207	-2156.14
1304	0.351573	-2241.19
1305	0.354611	-2239.98
1306	0.356355	-2301.72
1307	0.354114	-2239.96
1308	0.351167	-2243.05
1309	0.358674	-2319.97
1310	0.361819	-2345.26
1311	0.353204	-2214.05
1312	0.358427	-2300.06
1313	0.359537	-2309.1
1314	0.35215	-2257.84
1315	0.356598	-2324.87
1316	0.354151	-2200.09
1317	0.360179	-2334.48
1318	0.353233	-2277.87
1319	0.351497	-2218.37
1320	0.36245	-2339.22
1321	0.357243	-2305.48
1322	0.366363	-2404.92
1323	0.355496	-2276.41
1324	0.350013	-2220.73
1325	0.349063	-2215
1326	0.352974	-2228.6
1327	0.361577	-2355.05
1328	0.356418	-2291.13
1329	0.356474	-2248.14
1330	0.365318	-2416.55
1331	0.355623	-2282.96
1332	0.355404	-2293.46
1333	0.353854	-2253.76
1334	0.349893	-2204.38
1335	0.368663	-2449.5
1336	0.358021	-2302.64
1337	0.352192	-2177.14
1338	0.354184	-2255.82
1339	0.342677	-2093.4
1340	0.358846	-2311.71
1341	0.351674	-2236.63
1342	0.362813	-2312.28
1343	0.362285	-2439.55
1344	0.358936	-2312.56
1345	0.349854	-2221.77
1346	0.355606	-2282.07
1347	0.350239	-2201.17
1348	0.358024	-2293.78
1349	0.351021	-2242.44
1350	0.355791	-2233.99
1351	0.350195	-2212.05
1352	0.365451	-2399.05
1353	0.35123	-2240.71
1354	0.344632	-2144.72
1355	0.355084	-2252.47
1356	0.352379	-2212
1357	0.360168	-2392.42
1358	0.354903	-2272.63
1359	0.359861	-2314.36
1360	0.352918	-2244.94
1361	0.352818	-2248.66
1362	0.35186	-2206.26
1363	0.357388	-2263.58
1364	0.355767	-2310.65
1365	0.353841	-2231.46
1366	0.357411	-2325.86
1367	0.357477	-2310.3
1368	0.357497	-2301.73
1369	0.357583	-2323.05
1370	0.355025	-2252.17
1371	0.347415	-2164.75
1372	0.360466	-2367.71
1373	0.353113	-2253.23
1374	0.361032	-2298.29
1375	0.361973	-2341.54
1376	0.359476	-2374.53
1377	0.355036	-2274.59
1378	0.356465	-2283.71
1379	0.351956	-2217.25
1380	0.365795	-2398.59
1381	0.356836	-2316.56
1382	0.351784	-2278.17
1383	0.362505	-2361.83
1384	0.362312	-2360.48
1385	0.34808	-2178.2
1386	0.357453	-2312.52
1387	0.352748	-2215.7
1388	0.354382	-2270.36
1389	0.363016	-2364.16
1390	0.357404	-2285.18
1391	0.350576	-2199.64
1392	0.370411	-2474.24
1393	0.355051	-2290.32
1394	0.348405	-2184.96
1395	0.358621	-2307.34
1396	0.347945	-2190.82
1397	0.348975	-2192.08
1398	0.350221	-2220.72
1399	0.359951	-2355.39
1400	0.362151	-2391.44
1401	0.359343	-2257.96
1402	0.353268	-2228.04
1403	0.353327	-2249.88
1404	0.351411	-2211.15
1405	0.354506	-2268.76
1406	0.352777	-2211.15
1407	0.362094	-2348.09
1408	0.356629	-2306.64
1409	0.357682	-2291.55
1410	0.360128	-2343.39
1411	0.351061	-2269.2
1412	0.354821	-2229.75
1413	0.357903	-2295.52
1414	0.35099	-2227.39
1415	0.356705	-2303.58
1416	0.350912	-2197.56
1417	0.363866	-2415.29
1418	0.356973	-2264.87
1419	0.356698	-2281.4
1420	0.366332	-2394.34
1421	0.358032	-2325.59
1422	0.357908	-2281.72
1423	0.352658	-2256.41
1424	0.363111	-2354.66
1425	0.358138	-2343.29
1426	0.353379	-2249.6
1427	0.355006	-2316.12
1428	0.36031	-2343.32
1429	0.354251	-2269.02
1430	0.360349	-2370.1
1431	0.359899	-2316.25
1432	0.363555	-2427.52
1433	0.349517	-2200.26
1434	0.355264	-2296.79
1435	0.365051	-2389.86
1436	0.356169	-2287.12
1437	0.360573	-2343.77
1438	0.361383	-2343.71
1439	0.341829	-2070.39
1440	0.361337	-2350.41
1441	0.365209	-2395.61
1442	0.3577	-2342.17
1443	0.349497	-2190.84
1444	0.357619	-2319.76
1445	0.36764	-2394.25
1446	0.345509	-2152.85
1447	0.353006	-2253.91
1448	0.345916	-2189.37
1449	0.349059	-2203.56
1450	0.355322	-2289.07
1451	0.356647	-2286.06
1452	0.353615	-2246.16
1453	0.360823	-2345.76
1454	0.359288	-2302.32
1455	0.360868	-2342.43
1456	0.356498	-2328.57
1457	0.361912	-2361.06
1458	0.353283	-2225.91
1459	0.353276	-2236.35
1460	0.353549	-2257.82
1461	0.356057	-2256.07
1462	0.355915	-2272.22
1463	0.362378	-2393.79
1464	0.352466	-2201.68
1465	0.353746	-2206.02
1466	0.356908	-2321.25
1467	0.351646	-2242.26
1468	0.357974	-2310.26
1469	0.360955	-2344.23
1470	0.36127	-2367.89
1471	0.3628	-2372.58
1472	0.358933	-2361.37
1473	0.353554	-2270.59
1474	0.358417	-2305.46
1475	0.359208	-2292.77
1476	0.350561	-2220.86
1477	0.353779	-2230.96
1478	0.347352	-2155.59
1479	0.351281	-2199.94
1480	0.358556	-2318.1
1481	0.350162	-2198.9
1482	0.351855	-2231.06
1483	0.354905	-2305.36
1484	0.355838	-2267.6
1485	0.360684	-2306.66
1486	0.354221	-2227.35
1487	0.354424	-2237.26
1488	0.361699	-2372.83
1489	0.352124	-2229.71
1490	0.357538	-2269.33
1491	0.359995	-2303.26
1492	0.353322	-2245.78
1493	0.362173	-2306.53
1494	0.358252	-2355.93
1495	0.353099	-2196.85
1496	0.362959	-2384.01
1497	0.353479	-2227.54
1498	0.364165	-2383.62
1499	0.360461	-2336.08
1500	0.356569	-2315.12
1501	0.354677	-2253.8
1502	0.35407	-2325.26
1503	0.349375	-2199.18
1504	0.351628	-2197.91
1505	0.349687	-2196.09
1506	0.352671	-2250.71
1507	0.351807	-2197.41
1508	0.353393	-2275.53
1509	0.355686	-2273.78
1510	0.341896	-2114.83
1511	0.353462	-2234.07
1512	0.359687	-2342.12
1513	0.362584	-2386.93
1514	0.350523	-2246.77
1515	0.360735	-2312.92
1516	0.353957	-2257.58
1517	0.356406	-2267.85
1518	0.354675	-2300.54
1519	0.348851	-2190.39
1520	0.366277	-2394.83
1521	0.366248	-2418.82
1522	0.354789	-2264.2
1523	0.360276	-2305.05
1524	0.353004	-2255.37
1525	0.360406	-2299.45
1526	0.357121	-2300.26
1527	0.356837	-2343.62
1528	0.363398	-2385.22
1529	0.349199	-2205.28
1530	0.346758	-2186.73
1531	0.3572	-2320.3
1532	0.35928	-2319.35
1533	0.357562	-2335.19
1534	0.364523	-2412.65
1535	0.352795	-2244.8
1536	0.360919	-2381.97
1537	0.360135	-2346.36
1538	0.365152	-2380.07
1539	0.349758	-2192.58
1540	0.359679	-2311.6
1541	0.358339	-2315.34
1542	0.35125	-2238.94
1543	0.343894	-2125.95
1544	0.362913	-2344.46
1545	0.355069	-2240.96
1546	0.348039	-2201.04
1547	0.35991	-2345.5
1548	0.358099	-2270.72
1549	0.363515	-2392.45
1550	0.363755	-2349.12
1551	0.359366	-2318.65
1552	0.353573	-2228.02
1553	0.360658	-2327.08
1554	0.352223	-2226.73
1555	0.357257	-2325.25
1556	0.356362	-2311.31
1557	0.356654	-2299.71
1558	0.358448	-2301.78
1559	0.355705	-2259.31
1560	0.358361	-2337.93
1561	0.349288	-2189.88
1562	0.364838	-2423.51
1563	0.360257	-2350.18
1564	0.353679	-2210.71
1565	0.350921	-2256.92
1566	0.354957	-2239.08
1567	0.354623	-2241.47
1568	0.351215	-2184.02
1569	0.356092	-2228.43
1570	0.351767	-2204.78
1571	0.363645	-2378.8
1572	0.365117	-2413.48
1573	0.354684	-2195.53
1574	0.360389	-2389.44
1575	0.355134	-2272.34
1576	0.363148	-2388.32
1577	0.351109	-2196.85
1578	0.361372	-2373.61
1579	0.350378	-2192.06
1580	0.348353	-2186.8
1581	0.351123	-2231.31
1582	0.349043	-2213.42
1583	0.357187	-2289.3
1584	0.357235	-2307.16
1585	0.364901	-2369.6
1586	0.351747	-2221.04
1587	0.359055	-2303.97
1588	0.350655	-2213.23
1589	0.360066	-2316.69
1590	0.361867	-2280.06
1591	0.360986	-2316.29
1592	0.348001	-2187.89
1593	0.355536	-2282.15
1594	0.357293	-2273.57
1595	0.360919	-2310.48
1596	0.35535	-2241.45
1597	0.363581	-2371.08
1598	0.358314	-2283.15
1599	0.347681	-2195.29
1600	0.360601	-2377.68
1601	0.353366	-2204.7
1602	0.358975	-2346.65
1603	0.364892	-2390.3
1604	0.344691	-2116.98
1605	0.357954	-2326.85
1606	0.355078	-2272.12
1607	0.356959	-2305.83
1608	0.363867	-2356.88
1609	0.355079	-2295.7
1610	0.35788	-2277.95
1611	0.362538	-2347.36
1612	0.353714	-2192.13
1613	0.355469	-2261.93
1614	0.357258	-2300.48
1615	0.355976	-2290.46
1616	0.356641	-2254.02
1617	0.350183	-2190.92
1618	0.365877	-2377.6
1619	0.356393	-2290.59
1620	0.354826	-2277.46
1621	0.352611	-2204.84
1622	0.355909	-2277.95
1623	0.36015	-2327.02
1624	0.356054	-2280.58
1625	0.354231	-2272.8
1626	0.352181	-2249.3
1627	0.357285	-2281.42
1628	0.359337	-2312.66
1629	0.356911	-2314.91
1630	0.364191	-2392.23
1631	0.354284	-2273.68
1632	0.358545	-2248.92
1633	0.358137	-2304.93
1634	0.359446	-2315.05
1635	0.357043	-2291.31
1636	0.359119	-2318.46
1637	0.367818	-2416.13
1638	0.35688	-2322.17
1639	0.358717	-2271.93
1640	0.365059	-2382.85
1641	0.350619	-2177.7
1642	0.366264	-2427.26
1643	0.357979	-2323.85
1644	0.360427	-2313.66
1645	0.355291	-2286.25
1646	0.352229	-2251.23
1647	0.3544	-2228.06
1648	0.359775	-2311.23
1649	0.35373	-2249.61
1650	0.35843	-2310.32
1651	0.356123	-2269.47
1652	0.354285	-2246.07
1653	0.355201	-2281.05
1654	0.345892	-2165.77
1655	0.363413	-2388.96
1656	0.359868	-2300.74
1657	0.357645	-2341.96
1658	0.351544	-2248.86
1659	0.363108	-2394.89
1660	0.348708	-2205.16
1661	0.364092	-2396.07
1662	0.346779	-2151.97
1663	0.352172	-2240.85
1664	0.358941	-2294.8
1665	0.355591	-2283.92
1666	0.352165	-2225.45
1667	0.357978	-2299.5
1668	0.358579	-2303.82
1669	0.369293	-2420.78
1670	0.356363	-2285.11
1671	0.360002	-2338.53
1672	0.359367	-2310.55
1673	0.356365	-2263.72
1674	0.362359	-2339.96
1675	0.350589	-2200.11
1676	0.348505	-2240.06
1677	0.363819	-2373.25
1678	0.361753	-2372.67
1679	0.343675	-2125.36
1680	0.359695	-2345.5
1681	0.353643	-2229.48
1682	0.356109	-2213.54
1683	0.364723	-2391.24
1684	0.348399	-2207.35
1685	0.361135	-2321.75
1686	0.357949	-2268.35
1687	0.347045	-2176.88
1688	0.354657	-2252.51
1689	0.355014	-2266.93
1690	0.36015	-2335.43
1691	0.354218	-2281.15
1692	0.347047	-2171.16
1693	0.356136	-2247.99
1694	0.361084	-2390.11
1695	0.348717	-2190.77
1696	0.351298	-2220.96
1697	0.355881	-2305.53
1698	0.359416	-2356.54
1699	0.353195	-2278.43
1700	0.359762	-2271.43
1701	0.353305	-2238.44
1702	0.356831	-2268.38
1703	0.359987	-2323.54
1704	0.354853	-2258.01
1705	0.356183	-2273.84
1706	0.364873	-2381.31
1707	0.349997	-2205.52
1708	0.359616	-2298.61
1709	0.355431	-2230.45
1710	0.350493	-2192.4
1711	0.35421	-2238.41
1712	0.362127	-2330.05
1713	0.358489	-2313.78
1714	0.36108	-2346.53
1715	0.359267	-2323.51
1716	0.359211	-2367.15
1717	0.343196	-2149.49
1718	0.360514	-2342.55
1719	0.353325	-2218.1
1720	0.354637	-2261.16
1721	0.351774	-2191.03
1722	0.361214	-2307.81
1723	0.34905	-2195.79
1724	0.358595	-2300.58
1725	0.352736	-2243.21
1726	0.346413	-2158
1727	0.358277	-2290.9
1728	0.357249	-2334.05
1729	0.359772	-2312.05
1730	0.363037	-2380.5
1731	0.362871	-2348.2
1732	0.36013	-2335.88
1733	0.352489	-2220.93
1734	0.356177	-2250.67
1735	0.354127	-2269.96
1736	0.353887	-2274.32
1737	0.36611	-2410.98
1738	0.356094	-2262.42
1739	0.357121	-2298.32
1740	0.357575	-2281.67
1741	0.362147	-2348.44
1742	0.356867	-2218.95
1743	0.359895	-2320.18
1744	0.35759	-2282.21
1745	0.357596	-2278.9
1746	0.361947	-2345.32
1747	0.359561	-2365.4
1748	0.366014	-2403.27
1749	0.353244	-2262.12
1750	0.355075	-2274
1751	0.357634	-2332.78
1752	0.363061	-2330.22
1753	0.351001	-2163.35
1754	0.352851	-2211.57
1755	0.355506	-2271
1756	0.36133	-2348.51
1757	0.358732	-2292.35
1758	0.364752	-2386.42
1759	0.360846	-2353.68
1760	0.350848	-2218.26
1761	0.359388	-2312.83
1762	0.362158	-2365.14
1763	0.356762	-2317.4
1764	0.354037	-2263.16
1765	0.353461	-2265.41
1766	0.356375	-2284.38
1767	0.345721	-2142.01
1768	0.36537	-2356.24
1769	0.350522	-2182.63
1770	0.358725	-2309.47
1771	0.362218	-2368.04
1772	0.347709	-2187.99
1773	0.361914	-2352.04
1774	0.355501	-2271.42
1775	0.356141	-2284.69
1776	0.353128	-2228.61
1777	0.35559	-2249.68
1778	0.347253	-2171.41
1779	0.35183	-2234.21
1780	0.355366	-2241.56
1781	0.362896	-2377.81
1782	0.365871	-2415.71
1783	0.360501	-2271.35
1784	0.362012	-2345.55
1785	0.353305	-2246.47
1786	0.362634	-2355.74
1787	0.361702	-2339.08
1788	0.367056	-2402.64
1789	0.360118	-2332.76
1790	0.355424	-2222.61
1791	0.357345	-2247.68
1792	0.359986	-2381.45
1793	0.356803	-2301.97
1794	0.358133	-2315.66
1795	0.344666	-2113.18
1796	0.361744	-2380.25
1797	0.35644	-2292.48
1798	0.364419	-2461.39
1799	0.355064	-2309.52
1800	0.354785	-2235.69
1801	0.360254	-2329.67
1802	0.35939	-2339.36
1803	0.353068	-2219.53
1804	0.356632	-2279.43
1805	0.351779	-2203.29
1806	0.352683	-2244.08
1807	0.356342	-2249.21
1808	0.353262	-2232.71
1809	0.361493	-2338.24
1810	0.360865	-2384.99
1811	0.366044	-2428.04
1812	0.361136	-2315.47
1813	0.357271	-2274.74
1814	0.358292	-2309.87
1815	0.352866	-2242.07
1816	0.364463	-2425.8
1817	0.35671	-2274.97
1818	0.349842	-2243.34
1819	0.359515	-2337.38
1820	0.357198	-2270.75
1821	0.355726	-2275.8
1822	0.364436	-2349.49
1823	0.366492	-2410.21
1824	0.362942	-2388.82
1825	0.358212	-2312.9
1826	0.359097	-2360.26
1827	0.356287	-2277.84
1828	0.364444	-2365.49
1829	0.357152	-2319.14
1830	0.362568	-2366.32
1831	0.358847	-2334.34
1832	0.361346	-2322.81
1833	0.358322	-2311.77
1834	0.353126	-2203.09
1835	0.358641	-2315.07
1836	0.355727	-2321
1837	0.359831	-2375.92
1838	0.358802	-2362.09
1839	0.363798	-2342.03
1840	0.357729	-2281.42
1841	0.352716	-2243.83
1842	0.362825	-2379.23
1843	0.358976	-2274.81
1844	0.355187	-2245.7
1845	0.357407	-2326.6
1846	0.350682	-2235.35
1847	0.352462	-2209.61
1848	0.356226	-2238.86
1849	0.352999	-2235.71
1850	0.353384	-2221.95
1851	0.3557	-2308.54
1852	0.357998	-2272.37
1853	0.356839	-2301.11
1854	0.355855	-2286.71
1855	0.353686	-2253.41
1856	0.353931	-2274.97
1857	0.362085	-2374.92
1858	0.355439	-2255.26
1859	0.358462	-2261.62
1860	0.349051	-2181.48
1861	0.358869	-2300.78
1862	0.353953	-2284.65
1863	0.356893	-2268.28
1864	0.352476	-2184
1865	0.359002	-2307.19
1866	0.360265	-2343.21
1867	0.360137	-2336.83
1868	0.35992	-2311.15
1869	0.361375	-2332.75
1870	0.361651	-2339.23
1871	0.357682	-2313.11
1872	0.356599	-2310.34
1873	0.360177	-2349.74
1874	0.365465	-2384.46
1875	0.349403	-2188.59
1876	0.354383	-2270.95
1877	0.35073	-2213.47
1878	0.35467	-2225.55
1879	0.355198	-2270.4
1880	0.358137	-2308.17
1881	0.35726	-2295.7
1882	0.354887	-2285.97
1883	0.362599	-2325.51
1884	0.357031	-2269.65
1885	0.357434	-2281.7
1886	0.352005	-2235.81
1887	0.354878	-2239.07
1888	0.353889	-2233.11
1889	0.361172	-2344.45
1890	0.366034	-2399.88
1891	0.362093	-2335.86
1892	0.35054	-2217.44
1893	0.349635	-2216.68
1894	0.3532	-2262.03
1895	0.350569	-2191.84
1896	0.357419	-2269.61
1897	0.354876	-2231.52
1898	0.362375	-2387.46
1899	0.352603	-2238.36
1900	0.36241	-2373.48
1901	0.357034	-2270.14
1902	0.360877	-2271.22
1903	0.35725	-2284.69
1904	0.356321	-2275.77
1905	0.357192	-2269.26
1906	0.351972	-2227.21
1907	0.35722	-2268.87
1908	0.355463	-2308.25
1909	0.361637	-2279.85
1910	0.355755	-2266.04
1911	0.36138	-2324.44
1912	0.357162	-2323.16
1913	0.351313	-2203.26
1914	0.357114	-2308.77
1915	0.35939	-2323.2
1916	0.356253	-2290.24
1917	0.365275	-2413.96
1918	0.35883	-2324.58
1919	0.356583	-2269.54
1920	0.364024	-2382.21
1921	0.351181	-2206.69
1922	0.355556	-2302.2
1923	0.360148	-2326.74
1924	0.356159	-2224.05
1925	0.358913	-2312.89
1926	0.352085	-2238.73
1927	0.355494	-2287.65
1928	0.35131	-2191.29
1929	0.351656	-2235.49
1930	0.355038	-2313.44
1931	0.354925	-2263.9
1932	0.355031	-2285.83
1933	0.358153	-2322.29
1934	0.359471	-2329.46
1935	0.350651	-2206.46
1936	0.34756	-2200.72
1937	0.359896	-2338.23
1938	0.353344	-2227.41
1939	0.356716	-2336.77
1940	0.354959	-2305.48
1941	0.350758	-2227.08
1942	0.359332	-2303.98
1943	0.366462	-2401.91
1944	0.355927	-2257.79
1945	0.359736	-2342.68
1946	0.363387	-2370.12
1947	0.354669	-2283.59
1948	0.355917	-2272.88
1949	0.355018	-2274.2
1950	0.358869	-2306.97
1951	0.351231	-2194.99
1952	0.355718	-2256.83
1953	0.359667	-2341.06
1954	0.359394	-2344.75
1955	0.352941	-2233.79
1956	0.348677	-2159.58
1957	0.35264	-2265.61
1958	0.359901	-2350.63
1959	0.359232	-2319.77
1960	0.353193	-2214.76
1961	0.351797	-2205.88
1962	0.358836	-2366.94
1963	0.360731	-2337.31
1964	0.358268	-2290.92
1965	0.355851	-2264.03
1966	0.352839	-2266.81
1967	0.358084	-2283.09
1968	0.352493	-2234.53
1969	0.357618	-2308.56
1970	0.356297	-2287.94
1971	0.366647	-2403.11
1972	0.365915	-2414.32
1973	0.363263	-2392.32
1974	0.357332	-2282.32
1975	0.363343	-2342.79
1976	0.352936	-2251.83
1977	0.349558	-2172.56
1978	0.35178	-2238.56
1979	0.354663	-2295.09
1980	0.354507	-2310.37
1981	0.357943	-2301.9
1982	0.359902	-2356.65
1983	0.354771	-2280.99
1984	0.356032	-2263.45
1985	0.358268	-2305.67
1986	0.362018	-2347.38
1987	0.361307	-2297.38
1988	0.352534	-2254.41
1989	0.35603	-2255.89
1990	0.355379	-2267.47
1991	0.362147	-2372.86
1992	0.358812	-2342.61
1993	0.341492	-2083.63
1994	0.356486	-2264.23
1995	0.352406	-2257.54
1996	0.347948	-2190.59
1997	0.359704	-2277.88
1998	0.353501	-2230.51
1999	0.361737	-2344.09
2000	0.351115	-2253.74
2001	0.357098	-2301.47
2002	0.351829	-2244.78
2003	0.363745	-2377.16
2004	0.355644	-2254.97
2005	0.355676	-2274.6
2006	0.362777	-2385.67
2007	0.351365	-2202.17
2008	0.353953	-2261.82
2009	0.357112	-2270.04
2010	0.354498	-2248.62
2011	0.354678	-2302.58
2012	0.354326	-2250.55
2013	0.357294	-2292.92
2014	0.354824	-2267.1
2015	0.35871	-2320.97
2016	0.358476	-2296.6
2017	0.352663	-2247.98
2018	0.357722	-2297.67
2019	0.359496	-2316.25
2020	0.356432	-2295.43
2021	0.356133	-2284.57
2022	0.3515	-2202.56
2023	0.358168	-2312.11
2024	0.360303	-2320.63
2025	0.356105	-2258.94
2026	0.354767	-2304.35
2027	0.361369	-2318.69
2028	0.362641	-2396.18
2029	0.351899	-2273.09
2030	0.351548	-2184.4
2031	0.351199	-2189.47
2032	0.349623	-2181.02
2033	0.357122	-2322.6
2034	0.363699	-2411.84
2035	0.357	-2263.29
2036	0.366326	-2423.25
2037	0.350628	-2229.7
2038	0.355644	-2292.61
2039	0.354485	-2300.27
2040	0.360422	-2306.33
2041	0.356156	-2269.5
2042	0.348867	-2151.18
2043	0.356143	-2271.99
2044	0.361697	-2379.61
2045	0.355484	-2262.49
2046	0.35984	-2321.02
2047	0.348682	-2161.01
2048	0.354728	-2274.69
2049	0.363033	-2338.21
2050	0.353726	-2243.89
2051	0.355543	-2245.64
2052	0.35067	-2181.87
2053	0.359305	-2333.39
2054	0.358098	-2249.54
2055	0.357387	-2330.2
2056	0.358783	-2331.44
2057	0.35027	-2218.53
2058	0.365609	-2397.4
2059	0.358685	-2285.65
2060	0.353517	-2231.03
2061	0.353288	-2248.9
2062	0.359728	-2364.91
2063	0.361835	-2375.48
2064	0.355758	-2234.05
2065	0.354771	-2223.45
2066	0.35888	-2268.75
2067	0.353595	-2266.47
2068	0.35774	-2277.95
2069	0.353704	-2228.75
2070	0.358718	-2289.86
2071	0.349914	-2193.36
2072	0.363983	-2387.36
2073	0.354739	-2273.59
2074	0.351747	-2269.45
2075	0.35507	-2258.51
2076	0.355467	-2254.06
2077	0.348886	-2181.55
2078	0.358901	-2293.22
2079	0.345939	-2138.78
2080	0.358394	-2274.83
2081	0.363566	-2373.22
2082	0.365066	-2406.26
2083	0.356632	-2242.22
2084	0.354376	-2254.44
2085	0.358208	-2308.69
2086	0.359828	-2303.48
2087	0.357403	-2245.15
2088	0.355709	-2279.12
2089	0.349611	-2195.23
2090	0.355795	-2270.2
2091	0.358707	-2348.37
2092	0.359463	-2342.89
2093	0.35361	-2295.85
2094	0.354418	-2264.57
2095	0.358029	-2292.12
2096	0.354542	-2271.41
2097	0.358514	-2294.61
2098	0.355524	-2250.41
2099	0.35516	-2284.79
2100	0.357017	-2293.65
2101	0.355476	-2310.03
2102	0.35208	-2209.68
2103	0.351343	-2200.07
2104	0.356386	-2268.63
2105	0.355982	-2305.32
2106	0.361659	-2320.78
2107	0.35357	-2217.36
2108	0.354176	-2291.33
2109	0.362605	-2378.75
2110	0.350494	-2216.49
2111	0.357824	-2320.44
2112	0.346094	-2128.16
2113	0.354707	-2274.51
2114	0.3469	-2150.76
2115	0.356053	-2266.69
2116	0.354298	-2277.29
2117	0.359561	-2320.2
2118	0.352493	-2228.74
2119	0.365034	-2436.95
2120	0.354461	-2252.07
2121	0.362352	-2380.96
2122	0.359552	-2294.41
2123	0.351606	-2207.22
2124	0.361239	-2363.54
2125	0.355675	-2239.64
2126	0.361424	-2390.27
2127	0.361914	-2342.58
2128	0.357795	-2298.8
2129	0.357229	-2298.4
2130	0.364528	-2391.2
2131	0.355149	-2270.76
2132	0.360711	-2346.35
2133	0.3553	-2268.21
2134	0.354853	-2306.88
2135	0.35228	-2242.58
2136	0.356889	-2261.01
2137	0.348098	-2160.12
2138	0.350489	-2211.57
2139	0.356525	-2284.87
2140	0.356681	-2298.74
2141	0.359777	-2263.85
2142	0.357437	-2265.07
2143	0.352894	-2209.5
2144	0.361533	-2361.69
2145	0.359222	-2289.62
2146	0.357788	-2305.69
2147	0.361799	-2361.3
2148	0.354806	-2201.28
2149	0.353888	-2270.29
2150	0.353389	-2225.48
2151	0.354017	-2255.89
2152	0.353196	-2225.09
2153	0.3591	-2338.98
2154	0.357318	-2270.1
2155	0.358006	-2318.2
2156	0.354433	-2258.42
2157	0.345448	-2147.43
2158	0.365291	-2401.93
2159	0.359471	-2348.55
2160	0.353716	-2247.16
2161	0.354143	-2267.69
2162	0.360644	-2314.78
2163	0.35578	-2298.65
2164	0.35347	-2271.47
2165	0.34852	-2163.67
2166	0.353458	-2247.29
2167	0.349747	-2206.09
2168	0.352097	-2235.76
2169	0.356842	-2237.07
2170	0.352888	-2275.95
2171	0.357634	-2261.46
2172	0.35213	-2216.18
2173	0.354533	-2229.86
2174	0.357475	-2345.5
2175	0.351864	-2199.79
2176	0.348487	-2180.49
2177	0.360924	-2333.6
2178	0.354756	-2241.82
2179	0.356094	-2307.67
2180	0.357323	-2293.38
2181	0.356062	-2311.94
2182	0.352497	-2220.5
2183	0.354269	-2267.05
2184	0.357829	-2372.64
2185	0.357084	-2298.66
2186	0.356247	-2296.12
2187	0.346742	-2128.65
2188	0.353663	-2212.56
2189	0.357102	-2270.24
2190	0.357304	-2292.85
2191	0.360461	-2361.02
2192	0.35589	-2239.42
2193	0.35374	-2276.02
2194	0.351746	-2201.61
2195	0.356049	-2318.02
2196	0.355063	-2235.38
2197	0.355499	-2277.17
2198	0.352296	-2261.94
2199	0.353862	-2239.84
2200	0.353975	-2244.06
2201	0.355763	-2276.35
2202	0.351221	-2239.25
2203	0.353803	-2302.95
2204	0.354091	-2251.69
2205	0.358849	-2301.47
2206	0.361671	-2322.38
2207	0.362532	-2358.01
2208	0.35594	-2254.2
2209	0.351771	-2207.38
2210	0.355365	-2280.01
2211	0.361659	-2374.74
2212	0.349953	-2219.87
2213	0.364594	-2394.13
2214	0.362093	-2345.5
2215	0.358473	-2301.93
2216	0.361793	-2351
2217	0.35476	-2288.89
2218	0.35999	-2338.75
2219	0.358204	-2323.78
2220	0.358337	-2320.15
2221	0.361462	-2352.4
2222	0.358122	-2289.47
2223	0.363379	-2372.61
2224	0.354065	-2307.22
2225	0.351004	-2260.11
2226	0.366171	-2412.99
2227	0.361094	-2307.97
2228	0.354495	-2296.67
2229	0.353893	-2243.8
2230	0.34553	-2132.04
2231	0.353058	-2219.79
2232	0.353948	-2222.91
2233	0.361968	-2341.05
2234	0.35829	-2281.85
2235	0.352431	-2266.29
2236	0.352048	-2218.87
2237	0.358197	-2261.92
2238	0.344502	-2113.08
2239	0.352058	-2204.74
2240	0.354298	-2198.58
2241	0.35303	-2247.68
2242	0.353403	-2245.85
2243	0.364335	-2405.97
2244	0.35366	-2251.06
2245	0.361229	-2386.56
2246	0.359581	-2292.6
2247	0.359872	-2381.42
2248	0.348762	-2190.6
2249	0.353161	-2250.01
2250	0.352552	-2244.77
2251	0.358439	-2299
2252	0.362427	-2357.2
2253	0.354894	-2270.11
2254	0.358801	-2329.88
2255	0.354754	-2253.93
2256	0.352848	-2200.39
2257	0.357093	-2290.91
2258	0.352696	-2277.64
2259	0.354768	-2257.67
2260	0.357822	-2284.89
2261	0.357365	-2284.3
2262	0.355342	-2276.95
2263	0.357143	-2299.53
2264	0.362198	-2363.82
2265	0.364438	-2420.97
2266	0.355527	-2260.49
2267	0.360573	-2312.66
2268	0.348913	-2191.74
2269	0.360447	-2335.32
2270	0.360304	-2345.72
2271	0.349792	-2159.61
2272	0.352414	-2199.29
2273	0.354091	-2233.56
2274	0.34782	-2191.43
2275	0.355293	-2283.4
2276	0.360304	-2358.34
2277	0.351203	-2222.25
2278	0.356781	-2270.95
2279	0.354204	-2264.36
2280	0.360007	-2321.38
2281	0.342898	-2076.74
2282	0.359618	-2343.33
2283	0.348903	-2177.49
2284	0.362588	-2381.54
2285	0.359998	-2275.11
2286	0.355215	-2276.06
2287	0.355611	-2257.71
2288	0.358714	-2303.78
2289	0.358618	-2311.75
2290	0.360402	-2310.06
2291	0.361823	-2322.27
2292	0.360154	-2356.87
2293	0.360316	-2352.79
2294	0.357577	-2321.02
2295	0.357557	-2271.56
2296	0.358807	-2304.06
2297	0.361204	-2315.67
2298	0.356601	-2312.37
2299	0.359137	-2282.9
2300	0.357031	-2308.48
2301	0.350089	-2236.41
2302	0.35596	-2270.69
2303	0.354266	-2271.63
2304	0.352162	-2218.42
2305	0.35311	-2236.38
2306	0.353751	-2254.1
2307	0.351659	-2260.06
2308	0.356499	-2267.46
2309	0.35222	-2233.06
2310	0.355469	-2258.26
2311	0.355849	-2262.68
2312	0.359685	-2371.57
2313	0.355632	-2284.26
2314	0.34833	-2170.97
2315	0.362429	-2359.01
2316	0.35981	-2332.89
2317	0.366439	-2439.02
2318	0.34977	-2204.88
2319	0.347479	-2133.22
2320	0.354852	-2239.61
2321	0.357805	-2312.53
2322	0.362122	-2356.67
2323	0.361773	-2337.43
2324	0.356687	-2290.92
2325	0.365031	-2372.02
2326	0.353764	-2241.48
2327	0.358989	-2347.71
2328	0.357229	-2303.22
2329	0.358806	-2350.05
2330	0.359163	-2317.12
2331	0.358286	-2316.49
2332	0.36033	-2342.68
2333	0.365748	-2428.71
2334	0.350303	-2233.14
2335	0.347092	-2175.25
2336	0.355468	-2260.46
2337	0.360224	-2331.71
2338	0.357212	-2313.84
2339	0.356914	-2318.05
2340	0.353353	-2252.38
2341	0.353177	-2215.85
2342	0.358881	-2332.73
2343	0.354941	-2219.16
2344	0.352652	-2210.47
2345	0.36117	-2365.69
2346	0.362233	-2328.65
2347	0.356559	-2256.89
2348	0.357271	-2275.8
2349	0.357701	-2295.66
2350	0.357431	-2313.33
2351	0.363763	-2373.74
2352	0.346249	-2116.39
2353	0.364061	-2398.72
2354	0.366146	-2383.24
2355	0.354816	-2275.42
2356	0.353017	-2244.28
2357	0.360781	-2349.09
2358	0.358084	-2253.21
2359	0.359582	-2311.3
2360	0.363652	-2357.66
2361	0.351798	-2232.04
2362	0.359026	-2364.85
2363	0.360121	-2364.65
2364	0.35997	-2325.04
2365	0.358072	-2317.55
2366	0.351363	-2213.11
2367	0.353402	-2237.34
2368	0.351895	-2234.05
2369	0.350692	-2181.92
2370	0.360177	-2351.13
2371	0.357906	-2250.48
2372	0.3585	-2309.01
2373	0.363244	-2408.44
2374	0.351041	-2240.3
2375	0.355775	-2279.36
2376	0.356529	-2273.95
2377	0.357914	-2279.27
2378	0.35639	-2271.68
2379	0.355803	-2303.43
2380	0.361096	-2377.77
2381	0.356247	-2275.13
2382	0.349618	-2207.44
2383	0.367758	-2441.25
2384	0.360864	-2306.23
2385	0.35391	-2297.37
2386	0.353248	-2258.46
2387	0.353011	-2262.15
2388	0.350886	-2177.43
2389	0.359906	-2326.34
2390	0.354756	-2280.02
2391	0.359115	-2342.5
2392	0.35241	-2215.35
2393	0.360613	-2373.64
2394	0.362441	-2344.41
2395	0.363172	-2388.72
2396	0.346175	-2157.34
2397	0.361517	-2359.28
2398	0.353627	-2247.59
2399	0.354672	-2257.15
2400	0.363337	-2356.65
2401	0.356496	-2276.33
2402	0.355747	-2265.34
2403	0.356438	-2311.51
2404	0.360318	-2365.77
2405	0.361802	-2322.18
2406	0.365256	-2348.77
2407	0.353339	-2206.45
2408	0.353956	-2264.15
2409	0.351384	-2226.79
2410	0.345715	-2171.01
2411	0.346987	-2187.17
2412	0.360027	-2339.35
2413	0.360073	-2361.79
2414	0.355617	-2279.68
2415	0.353692	-2250.43
2416	0.361465	-2344.26
2417	0.364011	-2326.37
2418	0.362749	-2361.88
2419	0.349292	-2149.76
2420	0.351312	-2174.12
2421	0.353368	-2228.91
2422	0.354208	-2234.36
2423	0.362177	-2388.64
2424	0.35352	-2286.64
2425	0.354051	-2288.41
2426	0.349703	-2195.36
2427	0.347839	-2206.39
2428	0.362997	-2348.89
2429	0.354541	-2270.86
2430	0.352323	-2245.98
2431	0.354905	-2255.24
2432	0.356685	-2287.28
2433	0.362468	-2348.11
2434	0.360172	-2329.02
2435	0.358539	-2294.73
2436	0.35335	-2225.74
2437	0.357425	-2290.02
2438	0.361699	-2368.64
2439	0.354674	-2279.64
2440	0.357891	-2353.65
2441	0.347035	-2144.11
2442	0.357318	-2262.96
2443	0.352548	-2249.06
2444	0.346921	-2138.64
2445	0.368524	-2416.11
2446	0.347327	-2201.6
2447	0.361156	-2368.36
2448	0.360476	-2345.83
2449	0.359118	-2302.75
2450	0.353251	-2230.96
2451	0.358714	-2353.31
2452	0.353136	-2215.79
2453	0.355412	-2312.07
2454	0.357638	-2276.67
2455	0.355737	-2286.65
2456	0.358855	-2306.13
2457	0.349991	-2171.57
2458	0.358169	-2378.87
2459	0.34444	-2152.72
2460	0.354048	-2251.34
2461	0.352773	-2249.08
2462	0.364184	-2375.12
2463	0.35205	-2237
2464	0.351837	-2169.03
2465	0.356004	-2306.86
2466	0.360179	-2285.21
2467	0.354895	-2257.25
2468	0.344301	-2128.27
2469	0.351045	-2181.91
2470	0.366049	-2382.26
2471	0.352697	-2224.34
2472	0.354048	-2271.3
2473	0.360454	-2355.78
2474	0.35863	-2321.49
2475	0.351793	-2249.91
2476	0.358302	-2312.69
2477	0.358398	-2297.09
2478	0.357365	-2297.97
2479	0.360441	-2281.7
2480	0.356967	-2300.9
2481	0.352356	-2226.83
2482	0.359672	-2341.03
2483	0.357219	-2330.28
2484	0.361289	-2354.25
2485	0.349715	-2193.29
2486	0.355692	-2272.36
2487	0.356493	-2233.21
2488	0.354253	-2245.4
2489	0.356258	-2283.54
2490	0.351771	-2207.16
2491	0.356986	-2312.39
2492	0.349033	-2190.44
2493	0.36785	-2431.39
2494	0.358112	-2316.53
2495	0.352553	-2252.65
2496	0.357307	-2301.77
2497	0.362794	-2341.39
2498	0.351173	-2209.74
2499	0.347923	-2184.09
2500	0.357735	-2272.43
2501	0.354858	-2254.86
2502	0.351628	-2239.96
2503	0.355411	-2273.4
2504	0.352231	-2234.95
2505	0.349971	-2251.79
2506	0.357478	-2280.13
2507	0.347171	-2154.96
2508	0.349102	-2150.33
2509	0.363187	-2342.84
2510	0.353744	-2305.59
2511	0.361094	-2306.32
2512	0.357077	-2295.15
2513	0.354276	-2235.57
2514	0.360752	-2344.49
2515	0.358913	-2281
2516	0.357617	-2268.73
2517	0.354899	-2281.99
2518	0.35976	-2314.07
2519	0.34867	-2211.93
2520	0.356537	-2280.93
2521	0.356279	-2280.19
2522	0.357621	-2288.16
2523	0.357747	-2331.66
2524	0.354952	-2291.06
2525	0.364881	-2420.54
2526	0.357577	-2278.69
2527	0.354237	-2207.34
2528	0.355008	-2237
2529	0.361624	-2350.74
2530	0.354094	-2235.2
2531	0.350613	-2196.68
2532	0.35588	-2273.68
2533	0.355791	-2273.45
2534	0.353433	-2229.9
2535	0.346306	-2136.83
2536	0.352762	-2226.48
2537	0.353578	-2263.24
2538	0.359106	-2345.99
2539	0.351389	-2224.72
2540	0.359225	-2313.2
2541	0.35433	-2237.41
2542	0.359173	-2288.31
2543	0.355166	-2251.34
2544	0.348053	-2182.8
2545	0.357948	-2291.81
2546	0.351611	-2228.26
2547	0.360031	-2328.53
2548	0.368389	-2419.27
2549	0.3507	-2197.64
2550	0.353985	-2253.41
2551	0.344039	-2102.49
2552	0.354241	-2237.69
2553	0.362775	-2338.85
2554	0.354811	-2252.77
2555	0.360152	-2333.55
2556	0.351556	-2232.96
2557	0.362432	-2305.5
2558	0.359441	-2314.22
2559	0.358599	-2322.59
2560	0.353928	-2255.16
2561	0.350709	-2218.15
2562	0.356019	-2295.4
2563	0.351087	-2192.77
2564	0.36105	-2313.64
2565	0.352045	-2217.58
2566	0.357378	-2262.26
2567	0.361911	-2326.64
2568	0.354476	-2253.24
2569	0.354818	-2234.75
2570	0.368196	-2460.21
2571	0.359304	-2320.14
2572	0.35416	-2236.33
2573	0.361773	-2338.96
2574	0.360822	-2365.45
2575	0.357383	-2267.14
2576	0.35701	-2329.31
2577	0.361415	-2367.46
2578	0.354245	-2283.58
2579	0.353704	-2249.96
2580	0.356154	-2325.77
2581	0.3607	-2316.91
2582	0.361423	-2324.35
2583	0.36056	-2369.34
2584	0.356872	-2289
2585	0.354306	-2258.9
2586	0.357446	-2323.47
2587	0.348018	-2215.13
2588	0.360068	-2328.75
2589	0.36306	-2405.57
2590	0.356807	-2275.91
2591	0.357737	-2310.37
2592	0.360761	-2340.86
2593	0.356352	-2264.65
2594	0.361256	-2376.45
2595	0.348795	-2234.85
2596	0.358377	-2297.98
2597	0.352447	-2222.57
2598	0.364214	-2339.8
2599	0.36211	-2349.03
2600	0.359606	-2306.48
2601	0.352767	-2231.1
2602	0.360597	-2329.13
2603	0.353738	-2311.85
2604	0.360393	-2303.83
2605	0.358447	-2276.5
2606	0.360001	-2331.13
2607	0.352001	-2206.26
2608	0.360881	-2368.6
2609	0.357394	-2298.77
2610	0.34944	-2176.14
2611	0.347629	-2185.74
2612	0.362011	-2343.98
2613	0.355714	-2269.18
2614	0.352353	-2240.43
2615	0.35419	-2272.03
2616	0.359405	-2305.23
2617	0.358355	-2294.59
2618	0.351472	-2260.38
2619	0.354894	-2251.42
2620	0.347138	-2211.56
2621	0.356132	-2256.43
2622	0.356817	-2306.28
2623	0.349803	-2118.08
2624	0.361686	-2299.56
2625	0.353297	-2248.77
2626	0.355764	-2289.89
2627	0.358221	-2301.63
2628	0.354463	-2262.45
2629	0.338031	-2039.41
2630	0.357862	-2317.51
2631	0.359227	-2354.22
2632	0.364542	-2419.53
2633	0.35326	-2286.49
2634	0.357244	-2321.47
2635	0.35227	-2230.93
2636	0.354869	-2272.21
2637	0.350854	-2234.1
2638	0.355039	-2269.08
2639	0.36357	-2375.77
2640	0.35669	-2287.67
2641	0.362085	-2340.72
2642	0.357884	-2336.69
2643	0.361681	-2382.55
2644	0.351203	-2211.37
2645	0.358469	-2265.34
2646	0.354321	-2316.47
2647	0.360023	-2324.2
2648	0.36237	-2346.74
2649	0.354174	-2256.2
2650	0.350671	-2225.4
2651	0.359294	-2305.97
2652	0.358091	-2315.02
2653	0.358913	-2364.42
2654	0.358364	-2306.07
2655	0.352465	-2222.8
2656	0.363132	-2378.54
2657	0.350766	-2202.02
2658	0.363695	-2403.55
2659	0.356309	-2298.17
2660	0.354806	-2300.22
2661	0.354647	-2254.76
2662	0.354865	-2276.76
2663	0.359803	-2353.22
2664	0.355434	-2234.51
2665	0.355937	-2286.34
2666	0.356068	-2314.82
2667	0.349636	-2207.85
2668	0.355592	-2268.9
2669	0.358959	-2351.11
2670	0.351424	-2189.82
2671	0.352493	-2207.93
2672	0.363906	-2375.72
2673	0.355717	-2259.18
2674	0.362294	-2399.07
2675	0.355133	-2303.03
2676	0.360873	-2355.79
2677	0.353669	-2240.78
2678	0.360131	-2325.61
2679	0.351576	-2210.83
2680	0.355824	-2286.42
2681	0.358359	-2280.53
2682	0.362416	-2394.85
2683	0.355622	-2279.36
2684	0.353227	-2228.06
2685	0.359194	-2288.18
2686	0.358458	-2284.77
2687	0.349025	-2209.51
2688	0.354488	-2238.16
2689	0.352465	-2206.97
2690	0.36244	-2314.21
2691	0.354309	-2239.17
2692	0.353577	-2296.19
2693	0.358749	-2353.07
2694	0.363228	-2346.62
2695	0.358626	-2314.75
2696	0.352839	-2248.71
2697	0.352804	-2192.75
2698	0.364579	-2351.92
2699	0.355365	-2301.97
2700	0.355665	-2300.26
2701	0.359001	-2315.94
2702	0.356962	-2313.95
2703	0.357538	-2290.93
2704	0.352612	-2260.22
2705	0.34667	-2152.35
2706	0.357417	-2289.28
2707	0.351088	-2246.32
2708	0.351107	-2185.58
2709	0.352433	-2223.72
2710	0.358226	-2285.5
2711	0.357083	-2270.35
2712	0.351101	-2219.11
2713	0.348738	-2214.92
2714	0.362693	-2328.53
2715	0.357248	-2337.36
2716	0.352453	-2266.22
2717	0.359268	-2327.26
2718	0.356986	-2304.14
2719	0.359579	-2373.58
2720	0.346144	-2131.2
2721	0.351211	-2222.49
2722	0.370279	-2461.46
2723	0.352285	-2233.02
2724	0.361688	-2382.39
2725	0.359507	-2306.17
2726	0.364504	-2389.28
2727	0.351465	-2173.64
2728	0.352918	-2266.55
2729	0.357788	-2227.42
2730	0.362876	-2361.33
2731	0.350788	-2224.89
2732	0.354743	-2220.34
2733	0.35225	-2239.54
2734	0.352228	-2257.66
2735	0.354975	-2250.12
2736	0.348543	-2192.5
2737	0.354313	-2293.58
2738	0.350949	-2237.89
2739	0.353578	-2243.02
2740	0.352154	-2246.01
2741	0.356738	-2318.2
2742	0.362356	-2387.78
2743	0.351632	-2254.63
2744	0.366535	-2431.79
2745	0.356164	-2325.22
2746	0.363147	-2386.32
2747	0.36204	-2368.83
2748	0.358374	-2293.6
2749	0.353213	-2223.53
2750	0.354488	-2250.04
2751	0.357286	-2302.36
2752	0.354053	-2236.81
2753	0.362075	-2342.49
2754	0.353902	-2239.54
2755	0.354947	-2258
2756	0.353437	-2256.35
2757	0.359614	-2375.75
2758	0.359296	-2312.46
2759	0.362846	-2378.5
2760	0.354479	-2258.37
2761	0.351783	-2224.18
2762	0.356242	-2258.64
2763	0.361342	-2352.48
2764	0.360294	-2313.41
2765	0.355209	-2296.72
2766	0.363788	-2407.81
2767	0.35706	-2271.22
2768	0.349004	-2196.19
2769	0.357997	-2292.07
2770	0.364267	-2404.74
2771	0.354446	-2243.53
2772	0.342753	-2082.65
2773	0.351449	-2179.3
2774	0.349015	-2193.07
2775	0.355149	-2289.07
2776	0.358992	-2255.14
2777	0.354591	-2241.29
2778	0.355351	-2280.59
2779	0.367067	-2370.49
2780	0.358086	-2305.27
2781	0.35792	-2267.53
2782	0.363561	-2358.31
2783	0.349735	-2208.95
2784	0.352755	-2199.91
2785	0.359072	-2343.08
2786	0.358134	-2347.52
2787	0.355634	-2257.65
2788	0.356237	-2256.44
2789	0.364665	-2401.78
2790	0.354144	-2218.47
2791	0.349891	-2224.21
2792	0.36145	-2336.49
2793	0.359614	-2346.95
2794	0.34959	-2210.78
2795	0.357879	-2269.77
2796	0.357107	-2260.16
2797	0.359379	-2353.65
2798	0.358171	-2322.78
2799	0.355496	-2268.61
2800	0.353562	-2279.09
2801	0.351753	-2237.33
2802	0.353783	-2266.22
2803	0.359205	-2347.56
2804	0.353724	-2246.33
2805	0.35164	-2193.66
2806	0.362065	-2313.72
2807	0.360686	-2323.95
2808	0.359186	-2294.68
2809	0.360356	-2360.57
2810	0.363032	-2402.49
2811	0.361971	-2309.95
2812	0.345057	-2109.35
2813	0.358109	-2302.1
2814	0.354249	-2270.5
2815	0.364113	-2397.51
2816	0.357294	-2276.05
2817	0.353697	-2238.86
2818	0.351306	-2212.86
2819	0.35852	-2268.29
2820	0.355999	-2297.05
2821	0.353849	-2241.67
2822	0.345775	-2154.21
2823	0.355694	-2239.85
2824	0.359778	-2329.06
2825	0.355961	-2276.8
2826	0.366444	-2396.15
2827	0.360386	-2349.7
2828	0.356891	-2288.81
2829	0.351134	-2207.36
2830	0.355354	-2289.02
2831	0.354482	-2258.81
2832	0.356804	-2251.52
2833	0.355643	-2260.76
2834	0.362096	-2345.83
2835	0.360829	-2325.55
2836	0.368717	-2487.38
2837	0.361232	-2339.85
2838	0.358737	-2261.87
2839	0.352215	-2211.45
2840	0.356049	-2302.45
2841	0.352908	-2225.36
2842	0.357305	-2308.31
2843	0.361007	-2315.5
2844	0.358597	-2292.87
2845	0.354704	-2227.16
2846	0.35339	-2264.43
2847	0.358832	-2267.63
2848	0.364888	-2385.81
2849	0.358159	-2330.1
2850	0.356054	-2259.29
2851	0.368635	-2453.84
2852	0.352514	-2226.09
2853	0.366936	-2415.4
2854	0.34464	-2075.62
2855	0.355178	-2299.04
2856	0.349264	-2204.67
2857	0.358619	-2333.98
2858	0.354705	-2251.62
2859	0.355012	-2249.61
2860	0.356399	-2309.38
2861	0.356293	-2250.5
2862	0.355764	-2281.69
2863	0.35496	-2258.63
2864	0.352786	-2228.3
2865	0.359091	-2301.38
2866	0.363875	-2379.51
2867	0.356349	-2304.35
2868	0.364292	-2387.17
2869	0.356789	-2264.03
2870	0.366946	-2431.27
2871	0.36122	-2309.38
2872	0.361106	-2338.92
2873	0.353756	-2224.37
2874	0.352261	-2253.19
2875	0.360584	-2358.64
2876	0.354761	-2256.86
2877	0.36195	-2352.91
2878	0.351194	-2251.44
2879	0.361601	-2362.46
2880	0.355532	-2285.51
2881	0.353107	-2259.79
2882	0.355018	-2295
2883	0.359339	-2269.95
2884	0.360427	-2343.71
2885	0.355208	-2271.39
2886	0.356752	-2291.61
2887	0.354427	-2272.98
2888	0.36356	-2347.73
2889	0.355898	-2279.32
2890	0.354875	-2250.88
2891	0.360856	-2318.91
2892	0.353564	-2276.16
2893	0.361936	-2372.78
2894	0.353187	-2270.01
2895	0.354246	-2252.19
2896	0.356335	-2290.66
2897	0.364061	-2368.17
2898	0.354456	-2271.85
2899	0.35194	-2217.09
2900	0.356453	-2282.1
2901	0.357247	-2251.41
2902	0.353501	-2232.29
2903	0.36527	-2401.59
2904	0.363663	-2405.18
2905	0.359959	-2318.81
2906	0.354527	-2262.64
2907	0.357405	-2287.14
2908	0.361271	-2342.49
2909	0.353553	-2246.55
2910	0.359501	-2357.59
2911	0.354438	-2280.73
2912	0.361811	-2351.13
2913	0.354822	-2286
2914	0.353164	-2255.61
2915	0.358526	-2263.11
2916	0.34957	-2218.55
2917	0.353542	-2225.49
2918	0.358807	-2293.47
2919	0.360289	-2335.53
2920	0.351839	-2225.12
2921	0.358043	-2321.26
2922	0.3566	-2296.9
2923	0.350004	-2197.95
2924	0.36198	-2340.5
2925	0.357516	-2238.44
2926	0.355761	-2286.07
2927	0.359018	-2341.99
2928	0.349941	-2202.53
2929	0.354893	-2238.09
2930	0.355776	-2317.41
2931	0.363259	-2399.72
2932	0.361019	-2336.01
2933	0.360842	-2338.58
2934	0.351718	-2237.44
2935	0.351368	-2179.45
2936	0.349713	-2175.51
2937	0.352413	-2209.58
2938	0.353975	-2231.25
2939	0.364894	-2353.28
2940	0.363971	-2385.86
2941	0.350891	-2211.14
2942	0.360566	-2341.8
2943	0.357894	-2321.68
2944	0.350658	-2176.32
2945	0.348778	-2204.06
2946	0.355023	-2273.8
2947	0.352838	-2218.28
2948	0.349896	-2221.83
2949	0.356495	-2287.57
2950	0.355926	-2307.74
2951	0.362213	-2361.15
2952	0.35252	-2240.65
2953	0.361401	-2352.26
2954	0.354225	-2285.51
2955	0.35159	-2211.51
2956	0.358118	-2294.62
2957	0.350543	-2206.33
2958	0.355511	-2295.94
2959	0.349177	-2217.76
2960	0.358318	-2292.89
2961	0.365171	-2361.03
2962	0.357897	-2313.23
2963	0.362965	-2369.52
2964	0.357536	-2292.51
2965	0.354746	-2243.87
2966	0.357716	-2345.01
2967	0.351162	-2236.2
2968	0.357176	-2347.54
2969	0.35517	-2251.1
2970	0.365136	-2375.56
2971	0.357251	-2308.5
2972	0.356982	-2273.29
2973	0.351555	-2232.59
2974	0.362325	-2403.95
2975	0.355312	-2285.77
2976	0.353556	-2265.73
2977	0.353768	-2224.91
2978	0.359532	-2357.1
2979	0.367656	-2445.94
2980	0.362289	-2362.46
2981	0.359294	-2294.3
2982	0.355314	-2318.04
2983	0.352836	-2253.25
2984	0.360467	-2301.77
2985	0.353315	-2218.15
2986	0.362651	-2343.84
2987	0.35981	-2325.18
2988	0.354958	-2290.52
2989	0.356834	-2278.8
2990	0.355422	-2231.25
2991	0.360518	-2346.89
2992	0.353594	-2295.6
2993	0.356919	-2330.18
2994	0.351245	-2201.35
2995	0.355506	-2259.39
2996	0.350076	-2181.94
2997	0.355676	-2245.93
2998	0.362006	-2355.06
2999	0.353472	-2257.39
