0	0.356412	-2268.95
1	0.356462	-2281.46
2	0.353411	-2241.43
3	0.358126	-2309.55
4	0.350271	-2195.44
5	0.354677	-2272.71
6	0.360959	-2316.37
7	0.350956	-2221.44
8	0.351879	-2285.27
9	0.357629	-2259.79
10	0.35435	-2280.23
11	0.354565	-2278.57
12	0.358494	-2297.06
13	0.36179	-2361.18
14	0.344976	-2123.62
15	0.359092	-2353.24
16	0.354469	-2280.93
17	0.362958	-2334.81
18	0.356957	-2305.42
19	0.348774	-2220.82
20	0.360939	-2339.01
21	0.359974	-2348.65
22	0.35629	-2294.73
23	0.361277	-2332.34
24	0.354456	-2215.67
25	0.353438	-2255.39
26	0.352751	-2238.09
27	0.357972	-2279.4
28	0.347298	-2140.61
29	0.365315	-2382.47
30	0.361939	-2346.45
31	0.353047	-2253.18
32	0.351245	-2234.98
33	0.345103	-2153.12
34	0.353765	-2239.84
35	0.345672	-2124.91
36	0.360679	-2352.82
37	0.357865	-2263.32
38	0.361575	-2363.17
39	0.358344	-2349.13
40	0.356768	-2309.41
41	0.349288	-2146.1
42	0.351567	-2213.38
43	0.36101	-2289.09
44	0.346672	-2167.06
45	0.352542	-2234.1
46	0.361938	-2364.61
47	0.348577	-2174.94
48	0.354528	-2224.82
49	0.349525	-2205.2
50	0.355772	-2278.75
51	0.359625	-2291.22
52	0.358264	-2288.43
53	0.353514	-2239.61
54	0.357265	-2300.66
55	0.365384	-2448.72
56	0.360516	-2342.68
57	0.353853	-2255.16
58	0.35989	-2366.65
59	0.359966	-2383.89
60	0.352164	-2253.15
61	0.35082	-2228.08
62	0.359775	-2298.75
63	0.346415	-2154.2
64	0.358311	-2308
65	0.356977	-2314.95
66	0.354307	-2311.79
67	0.356495	-2288.64
68	0.356359	-2299.5
69	0.354124	-2243.63
70	0.354896	-2264.81
71	0.348596	-2197.35
72	0.346365	-2122.04
73	0.356445	-2280.17
74	0.349631	-2201.61
75	0.360439	-2323.89
76	0.365944	-2451.94
77	0.360489	-2316.67
78	0.362206	-2353.91
79	0.352987	-2206.67
80	0.358621	-2275.88
81	0.351301	-2202.25
82	0.354159	-2293.66
83	0.356742	-2288.1
84	0.360877	-2304.24
85	0.355534	-2289.76
86	0.349595	-2198.99
87	0.352273	-2273.29
88	0.357488	-2298.99
89	0.355302	-2290.18
90	0.346314	-2163.14
91	0.350363	-2220.39
92	0.349187	-2159.16
93	0.358598	-2272.59
94	0.3556	-2244.99
95	0.361311	-2329.31
96	0.358016	-2283.07
97	0.36144	-2344.81
98	0.352908	-2222.38
99	0.356799	-2305.64
100	0.357417	-2300.24
101	0.357149	-2292.79
102	0.364723	-2380.58
103	0.364309	-2376.88
104	0.348888	-2192.21
105	0.356445	-2274.04
106	0.354975	-2211.85
107	0.362418	-2358.85
108	0.356172	-2259.31
109	0.357078	-2250.08
110	0.366672	-2450.44
111	0.36163	-2308.63
112	0.350071	-2176.53
113	0.356933	-2314.59
114	0.351967	-2213.61
115	0.35978	-2344.56
116	0.359456	-2331.17
117	0.347281	-2191.59
118	0.355584	-2281.36
119	0.359209	-2316.48
120	0.357138	-2303.41
121	0.364576	-2387.2
122	0.355134	-2227.09
123	0.350135	-2222.86
124	0.355038	-2239.82
125	0.351391	-2239.18
126	0.349891	-2214.56
127	0.357214	-2293.55
128	0.365717	-2415.77
129	0.354056	-2221.19
130	0.35059	-2199.8
131	0.362098	-2360.2
132	0.352314	-2184.68
133	0.347622	-2188.84
134	0.343662	-2153.14
135	0.357787	-2337.86
136	0.360808	-2351.19
137	0.356937	-2317.19
138	0.364666	-2403.7
139	0.355196	-2226.44
140	0.356075	-2297.9
141	0.349282	-2223.54
142	0.363063	-2357.99
143	0.351428	-2193.77
144	0.361993	-2390.25
145	0.358125	-2271.18
146	0.355778	-2228.7
147	0.350861	-2215.21
148	0.352948	-2211.11
149	0.358945	-2288.99
150	0.357767	-2313.82
151	0.355146	-2223.54
152	0.351163	-2222.09
153	0.360013	-2301.81
154	0.359061	-2254.75
155	0.363585	-2364.38
156	0.362484	-2381.26
157	0.359158	-2314.53
158	0.35475	-2277.89
159	0.359883	-2304.36
160	0.346264	-2175.4
161	0.358551	-2312.87
162	0.348421	-2201.01
163	0.352297	-2245.26
164	0.35928	-2268.7
165	0.350113	-2259.45
166	0.359328	-2320.16
167	0.361938	-2372.85
168	0.354053	-2258.9
169	0.363027	-2334.51
170	0.35048	-2206.33
171	0.360219	-2329.69
172	0.353034	-2208.46
173	0.356659	-2301.77
174	0.362925	-2357.89
175	0.354062	-2220.48
176	0.35826	-2302.03
177	0.349157	-2160.75
178	0.349526	-2193.23
179	0.353144	-2206.94
180	0.361174	-2350.32
181	0.355755	-2312.57
182	0.356609	-2287.59
183	0.357289	-2288.87
184	0.351058	-2206.5
185	0.349679	-2204.95
186	0.360825	-2345.24
187	0.347072	-2143.04
188	0.352005	-2180.07
189	0.347174	-2168.04
190	0.346091	-2140.56
191	0.353795	-2251.34
192	0.353566	-2230.81
193	0.356199	-2266.93
194	0.339365	-2051.45
195	0.351191	-2217.15
196	0.360353	-2306.11
197	0.347771	-2152.08
198	0.3568	-2292.32
199	0.358549	-2283.46
200	0.354185	-2249.25
201	0.353719	-2238.8
202	0.358145	-2289.2
203	0.35259	-2225.99
204	0.35337	-2262.02
205	0.358473	-2298.83
206	0.359667	-2353.64
207	0.350655	-2209.76
208	0.350832	-2210.48
209	0.359414	-2337.21
210	0.345202	-2137.58
211	0.351734	-2254.34
212	0.354729	-2264.16
213	0.358217	-2344.46
214	0.35498	-2231.5
215	0.349239	-2221.51
216	0.351892	-2230.24
217	0.351344	-2195.95
218	0.361411	-2337.86
219	0.364999	-2411.56
220	0.360732	-2370.29
221	0.349068	-2178.78
222	0.351601	-2186.79
223	0.355412	-2229.22
224	0.353635	-2192.17
225	0.356225	-2304.33
226	0.355694	-2270.15
227	0.354191	-2183.18
228	0.35212	-2204.39
229	0.353008	-2242.78
230	0.349601	-2190.07
231	0.352261	-2257.57
232	0.352654	-2273.54
233	0.361354	-2353.75
234	0.353066	-2232.6
235	0.357304	-2296.86
236	0.36013	-2380.88
237	0.353641	-2235.17
238	0.355876	-2303.62
239	0.348896	-2186.6
240	0.352804	-2217.09
241	0.355208	-2255.99
242	0.36395	-2377.51
243	0.359488	-2336.94
244	0.359596	-2354.3
245	0.362323	-2376.57
246	0.361997	-2387
247	0.343886	-2110.47
248	0.359563	-2325.62
249	0.354541	-2263.06
250	0.354611	-2265.14
251	0.366847	-2406.82
252	0.360301	-2355.94
253	0.358925	-2310.05
254	0.357264	-2317.21
255	0.361482	-2319.6
256	0.34778	-2172.8
257	0.354102	-2268.51
258	0.352123	-2210.88
259	0.354501	-2268.89
260	0.361422	-2331.99
261	0.35938	-2283.11
262	0.360524	-2341.88
263	0.359664	-2292.16
264	0.360516	-2350.02
265	0.359238	-2341.82
266	0.360871	-2340.99
267	0.353995	-2291.7
268	0.362645	-2383.52
269	0.368175	-2451.27
270	0.353941	-2247.38
271	0.359653	-2363.29
272	0.345645	-2153.84
273	0.353094	-2249.31
274	0.363705	-2373.08
275	0.356088	-2272.82
276	0.354253	-2245.85
277	0.351994	-2257.91
278	0.341554	-2104.01
279	0.362616	-2381.53
280	0.356963	-2262.51
281	0.357572	-2309.09
282	0.357765	-2336.74
283	0.359653	-2368.97
284	0.355692	-2268.87
285	0.354097	-2269.04
286	0.358425	-2286.97
287	0.355545	-2282.7
288	0.35871	-2327.39
289	0.357206	-2304.71
290	0.357429	-2280.63
291	0.356628	-2325.62
292	0.348579	-2182
293	0.363062	-2376.64
294	0.355585	-2269.03
295	0.353969	-2247.9
296	0.358487	-2295.57
297	0.353669	-2237.74
298	0.352031	-2257.24
299	0.351337	-2193.33
300	0.357584	-2276.91
301	0.351862	-2191.36
302	0.362039	-2355.47
303	0.354746	-2286.77
304	0.34976	-2168.06
305	0.358849	-2289.12
306	0.361732	-2325.62
307	0.350369	-2188.58
308	0.35875	-2321.18
309	0.357987	-2286.78
310	0.359357	-2299.33
311	0.348358	-2195.05
312	0.355491	-2295
313	0.357696	-2313.82
314	0.360726	-2311.96
315	0.35452	-2285.03
316	0.357059	-2296.33
317	0.359985	-2348.59
318	0.352304	-2241.73
319	0.347799	-2203.44
320	0.350855	-2238.54
321	0.352113	-2189.54
322	0.352119	-2261.98
323	0.352781	-2216.65
324	0.356799	-2277.09
325	0.35592	-2272.02
326	0.356262	-2297.77
327	0.354344	-2232.6
328	0.36001	-2325.57
329	0.352118	-2214.4
330	0.357441	-2304.18
331	0.356039	-2290.08
332	0.355674	-2285.15
333	0.361095	-2323.32
334	0.349657	-2222.69
335	0.345925	-2181.93
336	0.353546	-2254.17
337	0.364958	-2377.29
338	0.362702	-2369.97
339	0.357817	-2235.09
340	0.351632	-2230.24
341	0.356618	-2294.9
342	0.354299	-2279.65
343	0.35335	-2255.99
344	0.36035	-2312.92
345	0.35458	-2286.8
346	0.356943	-2280.48
347	0.34881	-2193.45
348	0.35356	-2214.79
349	0.349242	-2163.49
350	0.358266	-2300.44
351	0.35556	-2331.01
352	0.354636	-2338.07
353	0.356909	-2319.13
354	0.351759	-2253.12
355	0.35903	-2327.42
356	0.351168	-2220.28
357	0.354637	-2244.1
358	0.362985	-2391.54
359	0.359876	-2324.26
360	0.356142	-2274.48
361	0.352881	-2193.07
362	0.352842	-2244.61
363	0.36189	-2312.07
364	0.362887	-2368.83
365	0.357126	-2309.65
366	0.353991	-2270.32
367	0.359296	-2288.31
368	0.355772	-2212.88
369	0.358192	-2322.36
370	0.370415	-2426.08
371	0.349488	-2203.62
372	0.362965	-2367.39
373	0.363684	-2414.72
374	0.348018	-2204.08
375	0.357371	-2335.02
376	0.362973	-2344.84
377	0.354112	-2228.43
378	0.360144	-2339.8
379	0.362432	-2351.38
380	0.350493	-2230.62
381	0.358327	-2354.49
382	0.355578	-2283.49
383	0.363194	-2387.19
384	0.357893	-2288.83
385	0.355521	-2326.19
386	0.364918	-2396.52
387	0.356351	-2281.66
388	0.3502	-2234.25
389	0.355632	-2311.21
390	0.355873	-2275.27
391	0.353657	-2219.84
392	0.360423	-2329.64
393	0.365194	-2385.63
394	0.364696	-2368.95
395	0.361567	-2318.21
396	0.354552	-2255.34
397	0.355281	-2233.19
398	0.351227	-2236.88
399	0.361723	-2354.94
400	0.359427	-2320.65
401	0.356779	-2298.9
402	0.354574	-2249.21
403	0.355928	-2278.88
404	0.360293	-2349.35
405	0.3562	-2285.62
406	0.355689	-2281.04
407	0.358983	-2350.32
408	0.348258	-2204.44
409	0.35082	-2241.26
410	0.349439	-2215.81
411	0.354675	-2260.35
412	0.351732	-2198.85
413	0.352574	-2243.01
414	0.361769	-2394.73
415	0.351662	-2234.15
416	0.353989	-2241.68
417	0.352926	-2216.71
418	0.357677	-2311.7
419	0.359629	-2339.54
420	0.353698	-2296.51
421	0.363028	-2325.61
422	0.352917	-2233.68
423	0.363689	-2355.53
424	0.355409	-2253.13
425	0.346042	-2204.37
426	0.3491	-2190.81
427	0.353834	-2237.08
428	0.355705	-2286.7
429	0.360009	-2358.01
430	0.349008	-2204.36
431	0.358284	-2304.77
432	0.361241	-2368.46
433	0.349238	-2195.32
434	0.355171	-2310.9
435	0.360614	-2367.18
436	0.354841	-2265.32
437	0.348753	-2225.17
438	0.346553	-2129.44
439	0.359206	-2331.29
440	0.348296	-2166.89
441	0.357417	-2289.6
442	0.351095	-2240.98
443	0.352506	-2238.09
444	0.346343	-2169.87
445	0.346871	-2170.96
446	0.34974	-2224.94
447	0.358742	-2328.79
448	0.355278	-2309.44
449	0.354571	-2230.56
450	0.35976	-2315.16
451	0.361602	-2315.48
452	0.351933	-2219.7
453	0.35581	-2261.33
454	0.356284	-2291.29
455	0.35711	-2270.58
456	0.36758	-2446.63
457	0.361945	-2330.65
458	0.355535	-2257.03
459	0.36117	-2347.9
460	0.35341	-2240.89
461	0.349669	-2190.92
462	0.352566	-2192.88
463	0.356129	-2251.56
464	0.35679	-2280.13
465	0.34942	-2211.14
466	0.357726	-2333.95
467	0.358452	-2317.77
468	0.356797	-2287.38
469	0.346985	-2159.21
470	0.35327	-2272.56
471	0.354499	-2313.64
472	0.357318	-2284.86
473	0.35751	-2294.95
474	0.353256	-2217.28
475	0.347079	-2172.54
476	0.364375	-2384.91
477	0.359823	-2349.83
478	0.357591	-2280.39
479	0.354267	-2270.38
480	0.363448	-2360.19
481	0.361095	-2369.55
482	0.34499	-2092.41
483	0.363261	-2380.15
484	0.361304	-2385.77
485	0.364535	-2368.21
486	0.365488	-2421.15
487	0.360927	-2372.77
488	0.360474	-2340.88
489	0.355022	-2249.63
490	0.360216	-2341.06
491	0.361977	-2381.42
492	0.360358	-2349.5
493	0.354174	-2269.42
494	0.361076	-2375.98
495	0.363285	-2335.1
496	0.361086	-2329.05
497	0.353102	-2191.63
498	0.359731	-2273.34
499	0.366011	-2390.09
500	0.361035	-2361.8
501	0.366413	-2420.76
502	0.360427	-2360.54
503	0.352861	-2268.7
504	0.353933	-2241.66
505	0.35294	-2214.51
506	0.359689	-2327.5
507	0.360867	-2350.98
508	0.354474	-2252.32
509	0.346517	-2140.39
510	0.356622	-2239.5
511	0.351853	-2249.62
512	0.36135	-2330.4
513	0.349724	-2190.21
514	0.35939	-2311.1
515	0.355289	-2237.45
516	0.350173	-2233.88
517	0.353114	-2244.99
518	0.354955	-2263.45
519	0.355488	-2275.97
520	0.35781	-2337.49
521	0.364955	-2388.63
522	0.356817	-2334.55
523	0.354979	-2257.8
524	0.362505	-2365.45
525	0.350977	-2209.46
526	0.352446	-2255.3
527	0.348912	-2142.85
528	0.357921	-2332.06
529	0.355347	-2307.34
530	0.352889	-2237.52
531	0.35843	-2287.44
532	0.360799	-2332.58
533	0.364381	-2370.56
534	0.356866	-2254.16
535	0.351015	-2244.94
536	0.353736	-2213.15
537	0.351042	-2192.74
538	0.361927	-2302.69
539	0.35735	-2289.76
540	0.352855	-2252.44
541	0.353389	-2206.32
542	0.363737	-2329.31
543	0.360459	-2354.37
544	0.357897	-2356.02
545	0.353964	-2219.67
546	0.352688	-2242.01
547	0.359237	-2314.96
548	0.35463	-2247.03
549	0.354174	-2265.25
550	0.359167	-2288.54
551	0.355878	-2304.28
552	0.361054	-2396.46
553	0.350282	-2178.88
554	0.348472	-2212.79
555	0.356533	-2329.68
556	0.361275	-2368.37
557	0.360157	-2344.59
558	0.355533	-2252.61
559	0.356657	-2290.11
560	0.355108	-2273.64
561	0.349386	-2177.52
562	0.358693	-2293.38
563	0.360689	-2325.94
564	0.357757	-2270.47
565	0.35813	-2329.8
566	0.352423	-2259.95
567	0.355703	-2273.45
568	0.356677	-2303.92
569	0.365439	-2392.94
570	0.349209	-2190.9
571	0.362379	-2390.17
572	0.351027	-2228.24
573	0.345832	-2179.54
574	0.357966	-2337.15
575	0.35732	-2340.9
576	0.35728	-2294.03
577	0.359854	-2334.79
578	0.36032	-2348.11
579	0.352689	-2227.33
580	0.344972	-2152.85
581	0.355488	-2297.91
582	0.354381	-2249.22
583	0.35361	-2267.22
584	0.355472	-2283.55
585	0.363426	-2404.76
586	0.356046	-2284.6
587	0.357019	-2276.69
588	0.357418	-2300.26
589	0.352149	-2210.7
590	0.355466	-2300.92
591	0.3515	-2256.94
592	0.355337	-2233.41
593	0.352495	-2270.94
594	0.352553	-2222.16
595	0.350587	-2275.59
596	0.365616	-2414.3
597	0.353523	-2247.57
598	0.3556	-2280.41
599	0.355274	-2279.07
600	0.352752	-2240.7
601	0.36595	-2413.04
602	0.358418	-2300.58
603	0.350813	-2177.2
604	0.349206	-2175.17
605	0.357319	-2281.04
606	0.349632	-2170.78
607	0.357237	-2318.35
608	0.349536	-2190.96
609	0.358832	-2347.93
610	0.356194	-2280.69
611	0.361942	-2307.08
612	0.359278	-2315.47
613	0.359301	-2293.19
614	0.354185	-2261.69
615	0.358776	-2360.04
616	0.355592	-2247.41
617	0.352958	-2272.44
618	0.359356	-2312.7
619	0.362496	-2372.54
620	0.350761	-2247.86
621	0.362707	-2352.02
622	0.358689	-2313.42
623	0.352298	-2193.63
624	0.355075	-2276.9
625	0.357643	-2303.02
626	0.345119	-2172.81
627	0.357423	-2311.26
628	0.361955	-2367.88
629	0.347749	-2204.08
630	0.358235	-2302.38
631	0.359207	-2308.14
632	0.34956	-2224.8
633	0.352909	-2248
634	0.360475	-2319.24
635	0.358833	-2318.9
636	0.357401	-2323.2
637	0.35998	-2318.47
638	0.350955	-2189.88
639	0.359943	-2296.51
640	0.36538	-2403.7
641	0.353609	-2214.95
642	0.354507	-2268.7
643	0.350165	-2169.4
644	0.353897	-2291.74
645	0.359352	-2281.42
646	0.353091	-2235.33
647	0.367619	-2453.75
648	0.355064	-2263.43
649	0.357673	-2320.42
650	0.357314	-2299.13
651	0.350301	-2194.03
652	0.358356	-2277.3
653	0.353581	-2249.28
654	0.346415	-2149.46
655	0.355186	-2277.89
656	0.354522	-2245.03
657	0.353012	-2225.16
658	0.349007	-2183.12
659	0.35508	-2255.33
660	0.348044	-2165.59
661	0.34831	-2138.63
662	0.364155	-2353.32
663	0.357061	-2286.44
664	0.35096	-2182.15
665	0.355602	-2285.05
666	0.352742	-2191.33
667	0.359335	-2330.25
668	0.357655	-2322.43
669	0.361218	-2328.25
670	0.355467	-2267.3
671	0.359255	-2294.02
672	0.358953	-2332.26
673	0.357471	-2299.5
674	0.357226	-2294.41
675	0.35656	-2285.51
676	0.356951	-2293.24
677	0.356443	-2278.93
678	0.350319	-2230.11
679	0.361188	-2342.04
680	0.368105	-2396.5
681	0.359337	-2292.03
682	0.352936	-2243.21
683	0.361071	-2377.79
684	0.356529	-2284.1
685	0.349668	-2217.39
686	0.354755	-2305.06
687	0.351939	-2269.57
688	0.353757	-2249.12
689	0.36031	-2330.68
690	0.351875	-2240.47
691	0.363534	-2406.63
692	0.358479	-2324.97
693	0.361111	-2364.53
694	0.3517	-2243.77
695	0.361117	-2319.72
696	0.357877	-2315.55
697	0.364876	-2367.66
698	0.355236	-2263.33
699	0.354475	-2232.52
700	0.365851	-2400.05
701	0.354538	-2302.27
702	0.351778	-2218.29
703	0.358357	-2325.08
704	0.345133	-2165.91
705	0.350219	-2273.68
706	0.366962	-2402.1
707	0.354629	-2277.95
708	0.34835	-2198.09
709	0.350044	-2238.25
710	0.354032	-2278.12
711	0.358552	-2357.59
712	0.354429	-2293.68
713	0.363398	-2306.29
714	0.3565	-2278.28
715	0.3661	-2437.12
716	0.350018	-2197.65
717	0.353985	-2263.12
718	0.354547	-2265.96
719	0.353361	-2240.88
720	0.363141	-2338.36
721	0.36094	-2337.75
722	0.355645	-2300.48
723	0.355752	-2280.1
724	0.35575	-2250.39
725	0.351379	-2199.65
726	0.353571	-2221.19
727	0.360029	-2305.66
728	0.355816	-2244.48
729	0.350529	-2218.17
730	0.363363	-2410.42
731	0.358476	-2289.15
732	0.359406	-2324.14
733	0.35695	-2269.54
734	0.357795	-2277.58
735	0.356599	-2258.79
736	0.357009	-2338.09
737	0.358182	-2244.3
738	0.35008	-2188.77
739	0.360005	-2358.07
740	0.356114	-2273.56
741	0.350226	-2153.85
742	0.357613	-2278.34
743	0.357727	-2331.87
744	0.34998	-2182.87
745	0.360476	-2364.23
746	0.356098	-2269.46
747	0.352425	-2289.02
748	0.360813	-2300.91
749	0.356911	-2268.64
750	0.360603	-2313.16
751	0.358892	-2339.37
752	0.358623	-2291.74
753	0.358072	-2308.32
754	0.356943	-2313.95
755	0.356324	-2268.29
756	0.357898	-2336.3
757	0.3545	-2247.23
758	0.367129	-2419.79
759	0.35583	-2262.38
760	0.35801	-2289.27
761	0.358243	-2321.89
762	0.35327	-2240.5
763	0.344387	-2134.84
764	0.359307	-2315.63
765	0.354462	-2282.14
766	0.349628	-2179.97
767	0.355083	-2264.96
768	0.34716	-2205.86
769	0.347545	-2194.62
770	0.348769	-2165.5
771	0.360761	-2331.82
772	0.356307	-2308.49
773	0.357712	-2275.22
774	0.349994	-2154.84
775	0.35138	-2181.67
776	0.353821	-2235.98
777	0.350968	-2280.22
778	0.354935	-2282.64
779	0.356802	-2275.25
780	0.35959	-2366.95
781	0.363625	-2371.41
782	0.362604	-2344.29
783	0.359294	-2331.56
784	0.355322	-2225.8
785	0.360789	-2329.68
786	0.361031	-2329.08
787	0.36468	-2401.31
788	0.355291	-2279.16
789	0.352091	-2236.49
790	0.348334	-2215.35
791	0.366481	-2422.92
792	0.356391	-2292.53
793	0.353306	-2261.09
794	0.354745	-2302.88
795	0.358354	-2331.26
796	0.358817	-2332.72
797	0.366242	-2430.98
798	0.356599	-2298.96
799	0.366775	-2422.51
800	0.354956	-2265.98
801	0.35582	-2246.06
802	0.354153	-2296.72
803	0.360481	-2338.28
804	0.361579	-2344.9
805	0.353988	-2268.61
806	0.365121	-2376.77
807	0.350685	-2183.81
808	0.356068	-2288.85
809	0.351914	-2201.98
810	0.359118	-2273.88
811	0.364396	-2398.37
812	0.362775	-2337.07
813	0.35779	-2264.62
814	0.361435	-2335.01
815	0.350598	-2234.7
816	0.359672	-2324.21
817	0.358157	-2272.74
818	0.361359	-2359.84
819	0.356568	-2272.84
820	0.35789	-2260.36
821	0.360068	-2368.94
822	0.362351	-2325.07
823	0.354402	-2185.41
824	0.353766	-2265.02
825	0.355583	-2292.15
826	0.361586	-2342.33
827	0.361984	-2363.11
828	0.349142	-2186.4
829	0.359025	-2322.69
830	0.354397	-2275.52
831	0.352144	-2239.5
832	0.352796	-2224.58
833	0.355587	-2216.98
834	0.357689	-2305.51
835	0.362729	-2369.45
836	0.354291	-2231.68
837	0.344857	-2152.34
838	0.351167	-2176.68
839	0.353582	-2265.31
840	0.349939	-2204.18
841	0.361702	-2408.23
842	0.35296	-2206.14
843	0.353884	-2251.84
844	0.366689	-2391.51
845	0.35187	-2268.3
846	0.365199	-2409.65
847	0.361459	-2325.07
848	0.361116	-2311.28
849	0.35853	-2295.09
850	0.354863	-2237.62
851	0.357706	-2279.08
852	0.348988	-2194.98
853	0.354311	-2309.76
854	0.363594	-2363.17
855	0.359736	-2329.05
856	0.35915	-2322.9
857	0.361812	-2354.38
858	0.357186	-2289.38
859	0.369418	-2450.55
860	0.358335	-2321.44
861	0.360956	-2347.31
862	0.355923	-2287.77
863	0.349116	-2191.21
864	0.355358	-2286.29
865	0.361183	-2394.98
866	0.345342	-2165.24
867	0.359219	-2274.03
868	0.364127	-2397.07
869	0.363085	-2404.36
870	0.355317	-2282.6
871	0.356897	-2303.94
872	0.355227	-2286.22
873	0.356794	-2310.96
874	0.356834	-2235.62
875	0.351099	-2182.49
876	0.363935	-2413.98
877	0.35105	-2206.31
878	0.356934	-2291.81
879	0.353012	-2271.12
880	0.352021	-2236.14
881	0.35223	-2232.77
882	0.353684	-2250.11
883	0.34795	-2153.2
884	0.348839	-2194.71
885	0.354947	-2250.69
886	0.361731	-2346.6
887	0.36972	-2446.38
888	0.353456	-2242.57
889	0.357179	-2292.71
890	0.363896	-2363.64
891	0.360459	-2355.38
892	0.348585	-2209.36
893	0.358175	-2343.44
894	0.346526	-2142.19
895	0.353697	-2264.27
896	0.350272	-2177.97
897	0.356927	-2299.18
898	0.364477	-2398.88
899	0.347276	-2133.93
900	0.357978	-2277.41
901	0.347166	-2176.88
902	0.353751	-2298
903	0.356414	-2287.87
904	0.356603	-2265.32
905	0.354874	-2262.04
906	0.351224	-2225.06
907	0.362923	-2376.7
908	0.351388	-2214.82
909	0.360228	-2300.89
910	0.353454	-2264.61
911	0.347754	-2198.48
912	0.354427	-2251.23
913	0.353385	-2268.88
914	0.356006	-2249.71
915	0.359944	-2319.62
916	0.358279	-2359.73
917	0.359988	-2336.03
918	0.358603	-2267.67
919	0.351137	-2181.99
920	0.352111	-2222.33
921	0.360617	-2369.46
922	0.355246	-2248.03
923	0.354247	-2274.52
924	0.354641	-2234.65
925	0.349413	-2210.26
926	0.359156	-2324.42
927	0.365168	-2337.53
928	0.361989	-2361.11
929	0.349352	-2201.93
930	0.36199	-2375.9
931	0.353959	-2264.52
932	0.348485	-2165.29
933	0.352344	-2261.63
934	0.361983	-2331.03
935	0.347669	-2181.62
936	0.356559	-2269.27
937	0.353111	-2215.83
938	0.361036	-2334.61
939	0.35308	-2259.27
940	0.358743	-2321
941	0.357763	-2299.51
942	0.358446	-2293.63
943	0.352169	-2207.76
944	0.355485	-2263.17
945	0.358763	-2339.43
946	0.360284	-2344.61
947	0.364659	-2413.01
948	0.352868	-2225.45
949	0.358244	-2292.36
950	0.356241	-2238.41
951	0.357132	-2322.71
952	0.355395	-2262.12
953	0.354419	-2265.15
954	0.35661	-2282.28
955	0.358473	-2314.23
956	0.363987	-2371.17
957	0.358317	-2297.32
958	0.363039	-2380.13
959	0.354812	-2215.7
960	0.352856	-2238.6
961	0.355735	-2287.57
962	0.355272	-2265.67
963	0.356173	-2263.23
964	0.350346	-2227.59
965	0.360506	-2330.13
966	0.346998	-2139.82
967	0.356321	-2299.11
968	0.355948	-2313.68
969	0.360092	-2329.99
970	0.359895	-2336.54
971	0.354508	-2243.23
972	0.353694	-2258.56
973	0.354564	-2288.55
974	0.353841	-2268.18
975	0.348289	-2207.7
976	0.360039	-2302.73
977	0.356132	-2316.92
978	0.352709	-2259.75
979	0.356829	-2277.85
980	0.352138	-2189.95
981	0.366748	-2457.8
982	0.35425	-2284.11
983	0.355057	-2221.52
984	0.353691	-2272.75
985	0.364659	-2411.63
986	0.360073	-2341.84
987	0.35682	-2271.55
988	0.351693	-2226.19
989	0.366606	-2370.33
990	0.364829	-2344.91
991	0.35392	-2281.53
992	0.355788	-2286.79
993	0.349476	-2177.73
994	0.360764	-2353.62
995	0.355826	-2281.3
996	0.351776	-2194.01
997	0.361045	-2329.59
998	0.362152	-2369.77
999	0.362697	-2364.58
1000	0.35187	-2271.76
1001	0.348922	-2200.12
1002	0.35676	-2260.81
1003	0.359059	-2292.53
1004	0.352386	-2235.64
1005	0.3626	-2350.12
1006	0.353764	-2241.96
1007	0.358938	-2267.53
1008	0.362498	-2306.23
1009	0.35139	-2187.98
1010	0.358176	-2291.78
1011	0.353095	-2258.66
1012	0.350927	-2218.63
1013	0.355926	-2257.34
1014	0.355502	-2266.3
1015	0.358655	-2252.52
1016	0.356861	-2289.46
1017	0.347014	-2175.52
1018	0.354224	-2237.95
1019	0.356187	-2285.49
1020	0.357777	-2320.71
1021	0.357757	-2311.16
1022	0.353182	-2241.16
1023	0.357568	-2278.33
1024	0.358329	-2296.74
1025	0.359089	-2351.1
1026	0.354614	-2237.96
1027	0.356098	-2255.37
1028	0.352052	-2228.47
1029	0.355849	-2258.21
1030	0.351856	-2223.19
1031	0.355706	-2266.23
1032	0.358409	-2338.98
1033	0.356926	-2243.87
1034	0.353838	-2258.36
1035	0.353729	-2206.61
1036	0.362628	-2366.69
1037	0.359776	-2310.24
1038	0.352192	-2249.79
1039	0.35675	-2271.43
1040	0.358299	-2330.24
1041	0.35609	-2248.01
1042	0.354569	-2232.63
1043	0.349893	-2216.38
1044	0.353686	-2248.39
1045	0.354319	-2253.04
1046	0.360603	-2325.48
1047	0.354815	-2278.42
1048	0.361531	-2331.07
1049	0.361567	-2383.42
1050	0.361542	-2355.82
1051	0.352251	-2226.98
1052	0.348396	-2207.36
1053	0.349738	-2201.21
1054	0.355232	-2261.87
1055	0.346537	-2160.02
1056	0.355282	-2259.17
1057	0.36001	-2292.55
1058	0.348205	-2196.34
1059	0.352199	-2207.75
1060	0.358595	-2267.11
1061	0.363586	-2337.87
1062	0.350568	-2137.22
1063	0.3495	-2177.86
1064	0.357287	-2355.37
1065	0.363898	-2364.31
1066	0.366486	-2397.1
1067	0.35098	-2204.58
1068	0.349809	-2204.25
1069	0.35428	-2294.16
1070	0.355961	-2224.57
1071	0.36029	-2343.7
1072	0.353637	-2228.68
1073	0.351838	-2221.41
1074	0.358016	-2310.83
1075	0.366849	-2420.75
1076	0.354078	-2257.35
1077	0.362424	-2349.29
1078	0.364872	-2422.12
1079	0.352332	-2232.77
1080	0.346589	-2209.35
1081	0.364122	-2386.47
1082	0.34959	-2165.85
1083	0.35323	-2276.14
1084	0.363323	-2378.1
1085	0.348263	-2214.93
1086	0.349303	-2202.77
1087	0.356499	-2265.92
1088	0.367027	-2390.41
1089	0.357958	-2315.98
1090	0.354772	-2280.78
1091	0.350715	-2217.69
1092	0.36004	-2320.48
1093	0.346952	-2171.82
1094	0.362538	-2344.38
1095	0.351389	-2225.68
1096	0.365899	-2387.92
1097	0.35518	-2220.09
1098	0.35346	-2303.51
1099	0.359866	-2331.82
1100	0.365013	-2388.6
1101	0.357816	-2283.45
1102	0.364765	-2338.59
1103	0.358765	-2290.01
1104	0.356113	-2248.45
1105	0.356542	-2318.21
1106	0.349059	-2223.47
1107	0.35885	-2349.02
1108	0.356769	-2260.26
1109	0.35382	-2241.24
1110	0.362679	-2371.41
1111	0.355247	-2262.96
1112	0.358723	-2323.18
1113	0.363605	-2392.44
1114	0.355635	-2287.93
1115	0.350471	-2216.78
1116	0.353991	-2235.32
1117	0.351562	-2181.19
1118	0.356875	-2281.35
1119	0.350395	-2229.47
1120	0.360343	-2369.25
1121	0.35261	-2217.32
1122	0.355308	-2278.29
1123	0.354325	-2221.34
1124	0.359149	-2322.97
1125	0.353991	-2274.84
1126	0.359282	-2288.02
1127	0.355333	-2230.38
1128	0.358834	-2315.53
1129	0.356232	-2314.95
1130	0.359844	-2312.89
1131	0.361108	-2355.44
1132	0.350418	-2207.12
1133	0.365517	-2377.44
1134	0.357209	-2293.53
1135	0.354731	-2311.6
1136	0.356605	-2300.91
1137	0.35869	-2308.38
1138	0.358741	-2279.17
1139	0.35081	-2194.85
1140	0.34813	-2149.93
1141	0.351441	-2203.7
1142	0.354653	-2236.05
1143	0.354433	-2260.35
1144	0.35798	-2282.89
1145	0.360617	-2316.83
1146	0.351833	-2252.98
1147	0.347864	-2183.85
1148	0.352691	-2247.67
1149	0.357332	-2270.81
1150	0.360983	-2335.62
1151	0.362695	-2363.78
1152	0.364151	-2375.16
1153	0.353078	-2185.09
1154	0.356159	-2254.93
1155	0.344301	-2144.77
1156	0.357671	-2318.93
1157	0.358926	-2298.82
1158	0.361726	-2357.77
1159	0.363362	-2382.53
1160	0.354766	-2256.84
1161	0.357001	-2288.54
1162	0.360621	-2323.92
1163	0.356535	-2267.5
1164	0.364223	-2339.69
1165	0.354058	-2228.89
1166	0.358434	-2284.52
1167	0.351642	-2224.24
1168	0.356999	-2296.63
1169	0.353275	-2259.36
1170	0.352668	-2251.74
1171	0.361255	-2343.63
1172	0.350963	-2235.86
1173	0.358413	-2321.97
1174	0.359956	-2340.43
1175	0.354864	-2228.8
1176	0.362906	-2396.52
1177	0.358456	-2294.45
1178	0.35005	-2216.93
1179	0.361891	-2343.09
1180	0.355058	-2272.24
1181	0.356037	-2265.68
1182	0.358794	-2289.26
1183	0.346622	-2152.91
1184	0.351568	-2244.01
1185	0.35631	-2307.18
1186	0.360629	-2348.95
1187	0.355229	-2277.98
1188	0.351115	-2236.32
1189	0.354072	-2231.39
1190	0.353854	-2225.63
1191	0.363561	-2410
1192	0.353755	-2245.71
1193	0.349833	-2198.88
1194	0.355283	-2284.09
1195	0.354055	-2194.89
1196	0.353581	-2242.3
1197	0.352942	-2240.23
1198	0.353914	-2255.37
1199	0.351078	-2198.38
1200	0.355945	-2263.11
1201	0.365204	-2386.17
1202	0.36853	-2445.68
1203	0.353336	-2293.25
1204	0.35726	-2283.86
1205	0.353258	-2271.29
1206	0.364946	-2382.2
1207	0.357787	-2332.62
1208	0.352704	-2201.19
1209	0.35143	-2236.12
1210	0.352133	-2250.29
1211	0.35541	-2272.09
1212	0.356655	-2227.93
1213	0.353144	-2222.68
1214	0.359133	-2300.74
1215	0.362789	-2326.29
1216	0.352229	-2239.08
1217	0.35822	-2318.97
1218	0.349962	-2225.19
1219	0.358205	-2273.23
1220	0.356725	-2276.26
1221	0.363471	-2328.27
1222	0.349099	-2242.38
1223	0.366052	-2371.48
1224	0.354075	-2265.62
1225	0.350406	-2247.04
1226	0.351597	-2234.92
1227	0.352757	-2249.12
1228	0.353017	-2263.72
1229	0.355294	-2252.81
1230	0.360245	-2337.3
1231	0.361899	-2371.74
1232	0.358616	-2342.34
1233	0.35061	-2196.35
1234	0.355611	-2235.73
1235	0.363138	-2376.73
1236	0.352419	-2215.13
1237	0.354312	-2246.76
1238	0.352125	-2193.99
1239	0.351369	-2177.42
1240	0.354572	-2261.86
1241	0.359291	-2308.6
1242	0.345872	-2121.36
1243	0.355476	-2200.55
1244	0.358017	-2266.75
1245	0.372747	-2505.66
1246	0.365913	-2380.58
1247	0.354983	-2227.41
1248	0.353366	-2245.56
1249	0.35515	-2306.92
1250	0.352761	-2267.41
1251	0.365887	-2392.92
1252	0.355949	-2231.02
1253	0.352302	-2201.96
1254	0.358581	-2334.64
1255	0.358293	-2274.73
1256	0.353032	-2239.56
1257	0.357139	-2321.8
1258	0.354889	-2281.97
1259	0.352136	-2277.4
1260	0.347305	-2191.91
1261	0.362938	-2361.96
1262	0.35242	-2253.06
1263	0.35654	-2322.05
1264	0.346577	-2156.44
1265	0.351864	-2194.53
1266	0.361192	-2311.78
1267	0.359717	-2324.98
1268	0.347827	-2192.86
1269	0.35737	-2290.05
1270	0.355943	-2262.81
1271	0.355711	-2308.5
1272	0.349694	-2211.62
1273	0.350264	-2198.86
1274	0.356702	-2256.96
1275	0.357352	-2281.83
1276	0.354053	-2262.25
1277	0.351985	-2180.05
1278	0.355755	-2268.4
1279	0.350573	-2210.48
1280	0.353633	-2266.12
1281	0.353033	-2216.49
1282	0.353468	-2225.31
1283	0.366541	-2406.06
1284	0.360001	-2330.73
1285	0.359261	-2332.21
1286	0.357861	-2268.62
1287	0.358493	-2298.94
1288	0.355191	-2281.26
1289	0.357255	-2312.98
1290	0.348106	-2202.47
1291	0.34902	-2184.85
1292	0.352035	-2239.49
1293	0.355604	-2248.77
1294	0.35544	-2232.79
1295	0.362497	-2351.87
1296	0.350098	-2238.84
1297	0.364187	-2338
1298	0.364272	-2442.37
1299	0.35392	-2233.57
1300	0.359795	-2334.68
1301	0.357219	-2317.05
1302	0.34487	-2101.08
1303	0.359865	-2313.24
1304	0.358634	-2262.79
1305	0.355341	-2278.07
1306	0.357971	-2316.75
1307	0.350418	-2245.11
1308	0.355688	-2259.19
1309	0.365448	-2385.91
1310	0.35535	-2254.89
1311	0.356805	-2318.8
1312	0.352296	-2230.87
1313	0.351356	-2222.91
1314	0.356751	-2299.42
1315	0.355266	-2271.54
1316	0.350258	-2245.67
1317	0.361553	-2324.58
1318	0.357069	-2301.37
1319	0.356977	-2292.26
1320	0.352817	-2252.97
1321	0.362553	-2373.55
1322	0.353229	-2270.24
1323	0.359227	-2290.07
1324	0.354706	-2248.55
1325	0.360323	-2291.09
1326	0.360338	-2373.32
1327	0.348489	-2237.71
1328	0.3574	-2291.54
1329	0.352516	-2248.94
1330	0.35654	-2312.83
1331	0.35615	-2301.4
1332	0.36013	-2337.25
1333	0.357064	-2298.43
1334	0.359442	-2340.28
1335	0.357096	-2270.69
1336	0.360932	-2341.81
1337	0.355903	-2298.88
1338	0.349157	-2196.98
1339	0.359741	-2335.8
1340	0.36223	-2297.72
1341	0.350659	-2221.19
1342	0.347171	-2189.82
1343	0.36298	-2384.61
1344	0.360838	-2313.43
1345	0.354809	-2277.93
1346	0.35712	-2263.86
1347	0.359215	-2306.63
1348	0.354741	-2256.81
1349	0.354345	-2252.9
1350	0.357625	-2317.09
1351	0.36405	-2370.13
1352	0.358444	-2346.06
1353	0.356026	-2227.8
1354	0.35755	-2266.86
1355	0.35177	-2226.73
1356	0.363396	-2335.66
1357	0.359381	-2299.35
1358	0.36081	-2395.44
1359	0.359673	-2325.04
1360	0.356054	-2277.92
1361	0.357127	-2274.89
1362	0.343315	-2142.62
1363	0.354119	-2225.14
1364	0.353915	-2250.13
1365	0.352885	-2218.82
1366	0.347294	-2162.71
1367	0.359999	-2337.68
1368	0.352824	-2269.87
1369	0.361131	-2357.18
1370	0.361836	-2323.28
1371	0.358106	-2330.4
1372	0.351453	-2265.2
1373	0.358584	-2343.79
1374	0.348397	-2143.55
1375	0.356558	-2256.18
1376	0.357171	-2271.63
1377	0.355861	-2276.24
1378	0.357948	-2322.65
1379	0.351813	-2191.73
1380	0.355792	-2264.26
1381	0.356138	-2288.3
1382	0.362364	-2342.94
1383	0.35402	-2247.55
1384	0.360192	-2354.67
1385	0.35102	-2219.71
1386	0.356808	-2281.46
1387	0.348084	-2168.05
1388	0.350645	-2219.01
1389	0.349383	-2221.61
1390	0.354884	-2276.41
1391	0.359428	-2310.37
1392	0.356451	-2298.55
1393	0.353608	-2256.97
1394	0.351816	-2277.34
1395	0.352869	-2229.71
1396	0.359354	-2311.93
1397	0.364997	-2394.69
1398	0.352689	-2221.91
1399	0.346095	-2193.41
1400	0.352377	-2221.77
1401	0.357513	-2282.38
1402	0.358317	-2350.12
1403	0.357682	-2310.04
1404	0.357924	-2247.09
1405	0.359727	-2310.38
1406	0.364236	-2394.84
1407	0.36028	-2319.2
1408	0.351203	-2204.56
1409	0.3544	-2202.48
1410	0.347043	-2186.18
1411	0.362016	-2324.88
1412	0.347131	-2171.89
1413	0.353526	-2206.8
1414	0.358137	-2299.88
1415	0.352582	-2222.91
1416	0.359605	-2323.12
1417	0.355217	-2230.02
1418	0.353613	-2249.07
1419	0.360409	-2328.94
1420	0.350969	-2203.77
1421	0.353214	-2227.65
1422	0.365125	-2379.88
1423	0.352047	-2240.43
1424	0.355378	-2292.37
1425	0.363381	-2416.21
1426	0.353513	-2225.54
1427	0.367012	-2416.12
1428	0.353868	-2251.03
1429	0.35617	-2228.76
1430	0.36289	-2332.45
1431	0.361169	-2316.16
1432	0.354944	-2265.15
1433	0.352872	-2238.79
1434	0.355192	-2249.04
1435	0.349262	-2175.76
1436	0.356632	-2258.33
1437	0.356045	-2270.63
1438	0.356581	-2315.69
1439	0.353956	-2224.21
1440	0.358462	-2306.52
1441	0.361229	-2358.6
1442	0.350276	-2228.19
1443	0.3559	-2280.17
1444	0.364436	-2377.68
1445	0.354476	-2254.46
1446	0.360796	-2355.07
1447	0.35968	-2288.06
1448	0.349375	-2244.94
1449	0.353709	-2246.11
1450	0.356783	-2263.46
1451	0.360191	-2325.36
1452	0.354357	-2302.9
1453	0.350962	-2259.41
1454	0.352577	-2222.77
1455	0.360298	-2331.29
1456	0.352482	-2250.52
1457	0.359436	-2347.87
1458	0.352541	-2246.14
1459	0.364246	-2395.49
1460	0.350098	-2213.45
1461	0.353771	-2244.32
1462	0.361281	-2348.99
1463	0.354362	-2268.49
1464	0.364036	-2389.48
1465	0.357452	-2278.04
1466	0.353036	-2248.88
1467	0.355026	-2273.51
1468	0.353185	-2271.86
1469	0.358614	-2315.46
1470	0.351348	-2248.16
1471	0.350078	-2246.75
1472	0.354842	-2279.82
1473	0.345293	-2144.16
1474	0.349569	-2200.27
1475	0.356044	-2256.19
1476	0.360172	-2308.04
1477	0.350324	-2212.1
1478	0.362371	-2354.23
1479	0.346497	-2202.04
1480	0.362198	-2368.99
1481	0.355915	-2264.93
1482	0.360788	-2335.7
1483	0.361913	-2343.13
1484	0.358518	-2315.59
1485	0.351744	-2284.66
1486	0.360001	-2317.9
1487	0.361297	-2317.77
1488	0.354765	-2305.97
1489	0.358767	-2281.7
1490	0.356836	-2354.2
1491	0.36223	-2330.78
1492	0.359646	-2315.59
1493	0.359976	-2348.89
1494	0.357849	-2281.56
1495	0.351727	-2240.98
1496	0.359172	-2319.39
1497	0.359754	-2335.69
1498	0.34954	-2186.3
1499	0.353746	-2274.19
1500	0.354554	-2303.6
1501	0.3487	-2171.19
1502	0.356878	-2308.21
1503	0.356613	-2263.47
1504	0.365928	-2407.78
1505	0.363025	-2355.52
1506	0.35578	-2258.22
1507	0.364515	-2402.62
1508	0.357056	-2291.94
1509	0.362213	-2350.77
1510	0.356744	-2264.38
1511	0.355109	-2252.78
1512	0.348334	-2189.15
1513	0.349513	-2204.42
1514	0.348793	-2179.67
1515	0.357005	-2272.11
1516	0.365956	-2394.73
1517	0.36148	-2344.76
1518	0.355907	-2348
1519	0.356862	-2286.86
1520	0.349229	-2161.35
1521	0.364878	-2381.68
1522	0.352744	-2296.27
1523	0.36725	-2374.89
1524	0.358568	-2337.51
1525	0.35139	-2219.76
1526	0.358751	-2338.56
1527	0.352075	-2213.52
1528	0.363369	-2338.13
1529	0.352629	-2233.16
1530	0.356373	-2275.27
1531	0.36297	-2355.7
1532	0.361543	-2345.91
1533	0.359763	-2339.67
1534	0.354032	-2297.04
1535	0.358924	-2306.03
1536	0.352328	-2249.8
1537	0.365312	-2449.48
1538	0.362083	-2372.37
1539	0.355253	-2250.69
1540	0.351491	-2207.26
1541	0.352118	-2225.69
1542	0.355716	-2254.13
1543	0.352476	-2223.07
1544	0.357582	-2334.82
1545	0.353626	-2231.07
1546	0.3539	-2222.22
1547	0.36248	-2331.17
1548	0.357494	-2354.5
1549	0.363973	-2407.57
1550	0.359792	-2331.22
1551	0.347538	-2206.51
1552	0.34663	-2184.8
1553	0.362258	-2305.47
1554	0.350027	-2137.93
1555	0.363889	-2381.91
1556	0.349195	-2224.03
1557	0.356528	-2305.36
1558	0.36014	-2303.17
1559	0.356004	-2242.81
1560	0.345235	-2114.66
1561	0.35345	-2242.5
1562	0.362864	-2381.93
1563	0.354353	-2254.02
1564	0.353875	-2218.41
1565	0.361991	-2373.61
1566	0.352005	-2299.56
1567	0.356612	-2312.73
1568	0.344557	-2167.1
1569	0.354079	-2250.7
1570	0.361035	-2366.77
1571	0.357828	-2275.4
1572	0.355086	-2220.53
1573	0.356739	-2275.34
1574	0.353144	-2265.03
1575	0.351961	-2228.92
1576	0.355937	-2282.6
1577	0.357558	-2315.88
1578	0.357424	-2292.93
1579	0.359626	-2323.17
1580	0.347746	-2155.05
1581	0.354438	-2293.47
1582	0.353965	-2226.79
1583	0.360341	-2336.66
1584	0.355727	-2298.02
1585	0.354753	-2294.33
1586	0.348573	-2180.47
1587	0.348485	-2190.7
1588	0.355242	-2241.2
1589	0.358216	-2324.87
1590	0.351194	-2212.33
1591	0.357683	-2305.09
1592	0.356857	-2304.46
1593	0.355251	-2282.83
1594	0.351577	-2222.01
1595	0.351589	-2248.9
1596	0.356858	-2307.87
1597	0.360463	-2333.45
1598	0.354823	-2270.49
1599	0.354577	-2276.87
1600	0.351933	-2256.55
1601	0.35657	-2322.81
1602	0.362	-2365.07
1603	0.35477	-2232.19
1604	0.355479	-2220.41
1605	0.348829	-2189.39
1606	0.36228	-2316.25
1607	0.365999	-2397.27
1608	0.354579	-2275.06
1609	0.356686	-2300.73
1610	0.350859	-2220.54
1611	0.353715	-2271.13
1612	0.354045	-2216.12
1613	0.361391	-2379.29
1614	0.351811	-2239.28
1615	0.353894	-2241.13
1616	0.353958	-2257.47
1617	0.367326	-2449.64
1618	0.349807	-2207.58
1619	0.360026	-2339.53
1620	0.353355	-2267.35
1621	0.357401	-2292.85
1622	0.365091	-2408.44
1623	0.35938	-2311.76
1624	0.356017	-2252.63
1625	0.362453	-2364.64
1626	0.361276	-2347.28
1627	0.354401	-2327.64
1628	0.358677	-2281.13
1629	0.351158	-2285.77
1630	0.35124	-2195.82
1631	0.351768	-2215.13
1632	0.352596	-2242.02
1633	0.356911	-2278.6
1634	0.357558	-2334.1
1635	0.355234	-2295.92
1636	0.350931	-2160.03
1637	0.350167	-2222.18
1638	0.356321	-2334.28
1639	0.354131	-2286.09
1640	0.364894	-2376.47
1641	0.354578	-2259.59
1642	0.351468	-2203.5
1643	0.352027	-2222.33
1644	0.335463	-2048.38
1645	0.365764	-2422.71
1646	0.35633	-2314.78
1647	0.356146	-2264.96
1648	0.358033	-2264.39
1649	0.360998	-2355.02
1650	0.364288	-2378.2
1651	0.34714	-2170.76
1652	0.360032	-2357.41
1653	0.35864	-2323.51
1654	0.363502	-2406.68
1655	0.352778	-2246.61
1656	0.34557	-2120.09
1657	0.355462	-2283.15
1658	0.358407	-2315.02
1659	0.351867	-2227.3
1660	0.3608	-2341.63
1661	0.348707	-2153.23
1662	0.357044	-2267.44
1663	0.361583	-2334.41
1664	0.355953	-2350.81
1665	0.357034	-2326.1
1666	0.358747	-2356.62
1667	0.359035	-2289.75
1668	0.355173	-2256.48
1669	0.353825	-2222.6
1670	0.362378	-2354.24
1671	0.356784	-2308.41
1672	0.362407	-2283.46
1673	0.359077	-2351.35
1674	0.355337	-2290.41
1675	0.359179	-2301.85
1676	0.35182	-2243.65
1677	0.352266	-2220.73
1678	0.357521	-2289.38
1679	0.359134	-2310.81
1680	0.355816	-2246.59
1681	0.363415	-2355.22
1682	0.353099	-2247.91
1683	0.354758	-2322.22
1684	0.348969	-2244.91
1685	0.355669	-2279.78
1686	0.35033	-2178.79
1687	0.35186	-2261.01
1688	0.356207	-2342.12
1689	0.344493	-2107.62
1690	0.34818	-2163.72
1691	0.354057	-2271.74
1692	0.356946	-2330.26
1693	0.358074	-2288.63
1694	0.360554	-2310.22
1695	0.356468	-2300.73
1696	0.36088	-2364.24
1697	0.358983	-2368.57
1698	0.355479	-2258.77
1699	0.353396	-2262.89
1700	0.364872	-2371.76
1701	0.357199	-2247.99
1702	0.353614	-2280.34
1703	0.360583	-2319.14
1704	0.358343	-2300.79
1705	0.351094	-2110.48
1706	0.356934	-2264.82
1707	0.358395	-2316
1708	0.348999	-2126.52
1709	0.361969	-2372.54
1710	0.349436	-2164.6
1711	0.353132	-2233.58
1712	0.35349	-2272.62
1713	0.358071	-2324.08
1714	0.362024	-2367.4
1715	0.362511	-2357.93
1716	0.358894	-2343.31
1717	0.355014	-2283.78
1718	0.358291	-2346.13
1719	0.3495	-2189.08
1720	0.351802	-2265.87
1721	0.357331	-2311.78
1722	0.35379	-2289.22
1723	0.3616	-2337.34
1724	0.351816	-2213.95
1725	0.361075	-2326.31
1726	0.353859	-2236.84
1727	0.350682	-2191.04
1728	0.352032	-2212.57
1729	0.354816	-2272.36
1730	0.349744	-2209.46
1731	0.362322	-2417.57
1732	0.355717	-2326.26
1733	0.346034	-2166.22
1734	0.350781	-2229.73
1735	0.359404	-2300.02
1736	0.345119	-2168.16
1737	0.358727	-2276.73
1738	0.354078	-2214.25
1739	0.35513	-2234.71
1740	0.359736	-2317.32
1741	0.364318	-2394.19
1742	0.350924	-2275.52
1743	0.358289	-2262.65
1744	0.36177	-2316.03
1745	0.35774	-2280.08
1746	0.36394	-2399.22
1747	0.360185	-2330.34
1748	0.3625	-2351.17
1749	0.355214	-2301.22
1750	0.356756	-2222.83
1751	0.36204	-2339.57
1752	0.354625	-2233.24
1753	0.369406	-2454.29
1754	0.34653	-2139.94
1755	0.355068	-2301.66
1756	0.350674	-2205.27
1757	0.356528	-2261.42
1758	0.357677	-2302.05
1759	0.348173	-2160.99
1760	0.361438	-2369.45
1761	0.352227	-2210.31
1762	0.356048	-2286.09
1763	0.35613	-2286.49
1764	0.351524	-2213.03
1765	0.366205	-2372.08
1766	0.364338	-2415.01
1767	0.357201	-2310.54
1768	0.355263	-2296.36
1769	0.35967	-2338.83
1770	0.35579	-2312.01
1771	0.355344	-2240.71
1772	0.358649	-2344.19
1773	0.350286	-2195.47
1774	0.350297	-2231.08
1775	0.359463	-2337.32
1776	0.355717	-2294.77
1777	0.356474	-2278.56
1778	0.355175	-2230.6
1779	0.348535	-2078.99
1780	0.345379	-2152.02
1781	0.345942	-2142.02
1782	0.372556	-2482.17
1783	0.364125	-2368.77
1784	0.368695	-2461.87
1785	0.348884	-2193.04
1786	0.360456	-2347.34
1787	0.359434	-2314.82
1788	0.358715	-2326.29
1789	0.355585	-2316.52
1790	0.354407	-2262.19
1791	0.360402	-2307.54
1792	0.35262	-2201.88
1793	0.356621	-2308
1794	0.370636	-2437.36
1795	0.349576	-2216.79
1796	0.351418	-2250.63
1797	0.354169	-2272.36
1798	0.356597	-2309.33
1799	0.354546	-2273.03
1800	0.365105	-2397.44
1801	0.352878	-2236.34
1802	0.355793	-2278.47
1803	0.35421	-2252.24
1804	0.352718	-2227.95
1805	0.350126	-2183.27
1806	0.355146	-2262.38
1807	0.363038	-2359
1808	0.347176	-2163.37
1809	0.365055	-2356.08
1810	0.348871	-2187.56
1811	0.355583	-2253.48
1812	0.357624	-2321.53
1813	0.351744	-2258.07
1814	0.355064	-2291.93
1815	0.35975	-2292.49
1816	0.354257	-2197.67
1817	0.35676	-2243.25
1818	0.350081	-2193.76
1819	0.35456	-2237.96
1820	0.364102	-2379.71
1821	0.350745	-2200
1822	0.344334	-2154.91
1823	0.355476	-2278.75
1824	0.347386	-2150.2
1825	0.3561	-2292.08
1826	0.355003	-2240.66
1827	0.360345	-2363.4
1828	0.349529	-2204.96
1829	0.356995	-2300.93
1830	0.357652	-2308.3
1831	0.354932	-2297.91
1832	0.362031	-2327.45
1833	0.359805	-2355.95
1834	0.356449	-2267.62
1835	0.355798	-2257.51
1836	0.357194	-2306
1837	0.352765	-2214.55
1838	0.359283	-2288.58
1839	0.352995	-2196.7
1840	0.351822	-2242.24
1841	0.356344	-2307.68
1842	0.351448	-2221.72
1843	0.351812	-2225.9
1844	0.358902	-2295.61
1845	0.364467	-2388.49
1846	0.352832	-2206.53
1847	0.362665	-2388.09
1848	0.351375	-2218.96
1849	0.352619	-2244.86
1850	0.353084	-2224.87
1851	0.353923	-2263.07
1852	0.345679	-2153.83
1853	0.3585	-2254.75
1854	0.35056	-2215.99
1855	0.353644	-2212.38
1856	0.351339	-2201.67
1857	0.354773	-2237.93
1858	0.352036	-2242.21
1859	0.352727	-2260.82
1860	0.357839	-2294.16
1861	0.3525	-2218.79
1862	0.361224	-2278.23
1863	0.352488	-2234.8
1864	0.364867	-2377.43
1865	0.359093	-2344.2
1866	0.36694	-2421.7
1867	0.350513	-2227.05
1868	0.357307	-2265.06
1869	0.353125	-2253.79
1870	0.360378	-2348.14
1871	0.355437	-2257.3
1872	0.35568	-2271.3
1873	0.351879	-2202.65
1874	0.354026	-2237.91
1875	0.359636	-2337.18
1876	0.355536	-2282.44
1877	0.35869	-2338.01
1878	0.34968	-2185.49
1879	0.359716	-2388.73
1880	0.361609	-2371.98
1881	0.358285	-2283
1882	0.350192	-2205.03
1883	0.360388	-2331.76
1884	0.35845	-2291.24
1885	0.357336	-2291.66
1886	0.349221	-2198.16
1887	0.362141	-2333.5
1888	0.355063	-2210.93
1889	0.363407	-2364.32
1890	0.352924	-2217.47
1891	0.357804	-2273.4
1892	0.363298	-2387.21
1893	0.352274	-2216.16
1894	0.353118	-2238.79
1895	0.347741	-2142.89
1896	0.348572	-2209.5
1897	0.354354	-2260.43
1898	0.353235	-2261.33
1899	0.357713	-2316.26
1900	0.361686	-2315.68
1901	0.354841	-2265.77
1902	0.354976	-2312.21
1903	0.357184	-2311.69
1904	0.351741	-2246.1
1905	0.351557	-2249.34
1906	0.3576	-2307.31
1907	0.361127	-2375.5
1908	0.351489	-2223.58
1909	0.353718	-2258.45
1910	0.35895	-2313.22
1911	0.355129	-2275.56
1912	0.36642	-2395.63
1913	0.349147	-2212.41
1914	0.351893	-2222.56
1915	0.350104	-2182.65
1916	0.357888	-2259.68
1917	0.351231	-2259.93
1918	0.350566	-2207.76
1919	0.358442	-2327
1920	0.354581	-2275.02
1921	0.356402	-2256.69
1922	0.358045	-2357.04
1923	0.35563	-2334.4
1924	0.359835	-2296.28
1925	0.351998	-2241.08
1926	0.355944	-2262.71
1927	0.350182	-2219.65
1928	0.353426	-2222.61
1929	0.361412	-2332.82
1930	0.347727	-2194.9
1931	0.353388	-2198.4
1932	0.351981	-2220.58
1933	0.358152	-2257.54
1934	0.359183	-2306.92
1935	0.358649	-2298.71
1936	0.354183	-2262.48
1937	0.358581	-2315.37
1938	0.355064	-2295.69
1939	0.353067	-2239.89
1940	0.358437	-2338.54
1941	0.350342	-2190.24
1942	0.348305	-2228.43
1943	0.353952	-2263.05
1944	0.355041	-2210.2
1945	0.354565	-2252.4
1946	0.349556	-2213.15
1947	0.353339	-2268.08
1948	0.359015	-2319.47
1949	0.349655	-2211.85
1950	0.358375	-2265.37
1951	0.362179	-2357.24
1952	0.349818	-2227.64
1953	0.352597	-2171.9
1954	0.353391	-2308.31
1955	0.356088	-2248.61
1956	0.358276	-2340.52
1957	0.354846	-2291.08
1958	0.35567	-2282.12
1959	0.354554	-2260.32
1960	0.347316	-2183.7
1961	0.353883	-2290.86
1962	0.358447	-2272.73
1963	0.356972	-2300.64
1964	0.359146	-2296.06
1965	0.345518	-2135.48
1966	0.35861	-2322.87
1967	0.353665	-2263.46
1968	0.35779	-2289.96
1969	0.355811	-2258.42
1970	0.351939	-2232.45
1971	0.358851	-2283.93
1972	0.357844	-2308.82
1973	0.354241	-2271.86
1974	0.356391	-2257.68
1975	0.362201	-2367.98
1976	0.348268	-2154.01
1977	0.364315	-2359.18
1978	0.353333	-2258.31
1979	0.360268	-2386.81
1980	0.351304	-2181.86
1981	0.351123	-2224.18
1982	0.35353	-2258.74
1983	0.360086	-2373.09
1984	0.350174	-2187.09
1985	0.353999	-2217.58
1986	0.360396	-2345.75
1987	0.35423	-2290.07
1988	0.349021	-2166.61
1989	0.357213	-2247.18
1990	0.357556	-2285.3
1991	0.34733	-2202.76
1992	0.362567	-2376.72
1993	0.358339	-2298.61
1994	0.354751	-2272.22
1995	0.35186	-2214.15
1996	0.354103	-2257.06
1997	0.350327	-2182.5
1998	0.347633	-2172.02
1999	0.362484	-2337.69
2000	0.367827	-2456.22
2001	0.361168	-2366.44
2002	0.355715	-2306.99
2003	0.350383	-2195.66
2004	0.355086	-2224.46
2005	0.351908	-2213.88
2006	0.353872	-2267.88
2007	0.349242	-2203.89
2008	0.354959	-2273.84
2009	0.346104	-2157.3
2010	0.354598	-2255.34
2011	0.356488	-2293.81
2012	0.361736	-2346.3
2013	0.360937	-2332.78
2014	0.355187	-2318.98
2015	0.354474	-2199.6
2016	0.367314	-2408.19
2017	0.35605	-2306.87
2018	0.349898	-2182.13
2019	0.346481	-2132.77
2020	0.36667	-2427.39
2021	0.360176	-2362.45
2022	0.360199	-2336.07
2023	0.357348	-2273.14
2024	0.345287	-2176.2
2025	0.358056	-2288.99
2026	0.365234	-2408.34
2027	0.359879	-2354.53
2028	0.355123	-2271.26
2029	0.355263	-2272.68
2030	0.353437	-2256.13
2031	0.361221	-2338.46
2032	0.356476	-2307.64
2033	0.358457	-2292.91
2034	0.356585	-2305.17
2035	0.351018	-2288.97
2036	0.350127	-2187.81
2037	0.350046	-2236.36
2038	0.350411	-2204.78
2039	0.359211	-2298.74
2040	0.359184	-2369.79
2041	0.359791	-2315.81
2042	0.353566	-2255.83
2043	0.361533	-2369.85
2044	0.358587	-2248.39
2045	0.356405	-2246.37
2046	0.357229	-2282.38
2047	0.352831	-2270.56
2048	0.357207	-2285.49
2049	0.358741	-2304.88
2050	0.359924	-2343
2051	0.361282	-2362.4
2052	0.354024	-2293.62
2053	0.355493	-2252.31
2054	0.3514	-2280.95
2055	0.356659	-2320.36
2056	0.355019	-2265.8
2057	0.357498	-2285.6
2058	0.352476	-2225.33
2059	0.347093	-2189.32
2060	0.356459	-2270.34
2061	0.365994	-2351.9
2062	0.362697	-2339.78
2063	0.354286	-2314.8
2064	0.347224	-2201.74
2065	0.357024	-2266.09
2066	0.35163	-2226.19
2067	0.366394	-2398.7
2068	0.36392	-2392.34
2069	0.351615	-2202.09
2070	0.359151	-2331.76
2071	0.361404	-2386.66
2072	0.359249	-2338.35
2073	0.358964	-2340.97
2074	0.35405	-2205.76
2075	0.364675	-2381.27
2076	0.353201	-2251.74
2077	0.352406	-2217.96
2078	0.355455	-2292.67
2079	0.362556	-2372
2080	0.359477	-2308.9
2081	0.345343	-2164.71
2082	0.349949	-2166.13
2083	0.350379	-2226.65
2084	0.34794	-2158.12
2085	0.357311	-2306.26
2086	0.359183	-2321.54
2087	0.347213	-2144.31
2088	0.355502	-2274.65
2089	0.351395	-2235.5
2090	0.357786	-2292.57
2091	0.361643	-2353.67
2092	0.356197	-2285.46
2093	0.354881	-2241.03
2094	0.352871	-2297.42
2095	0.359675	-2350.96
2096	0.35837	-2280
2097	0.363032	-2353.3
2098	0.357449	-2308.83
2099	0.358509	-2273.69
2100	0.359179	-2352.09
2101	0.354032	-2235.23
2102	0.354306	-2248.04
2103	0.3605	-2344.34
2104	0.363824	-2338.22
2105	0.365431	-2390.29
2106	0.362436	-2366.76
2107	0.366709	-2456.46
2108	0.352984	-2251.79
2109	0.357574	-2265.52
2110	0.361774	-2316.73
2111	0.359108	-2318.04
2112	0.354437	-2258.6
2113	0.35663	-2284.79
2114	0.355435	-2269.83
2115	0.343557	-2125.21
2116	0.355601	-2232.48
2117	0.3546	-2232.3
2118	0.359535	-2352.72
2119	0.356913	-2286.16
2120	0.347021	-2189.6
2121	0.35738	-2312.66
2122	0.356933	-2274.89
2123	0.35904	-2298.31
2124	0.357237	-2253.03
2125	0.357181	-2321.85
2126	0.362016	-2365.21
2127	0.358179	-2279
2128	0.359945	-2338.54
2129	0.358607	-2340.15
2130	0.357006	-2295.02
2131	0.35957	-2283.91
2132	0.350186	-2165.9
2133	0.355046	-2256.14
2134	0.352766	-2207.63
2135	0.36347	-2421.25
2136	0.359909	-2361.92
2137	0.353473	-2187.6
2138	0.351435	-2193.95
2139	0.354927	-2300.12
2140	0.353516	-2219.22
2141	0.354818	-2255.32
2142	0.362312	-2393.39
2143	0.360573	-2340.47
2144	0.355191	-2244.25
2145	0.357742	-2271.99
2146	0.360534	-2333.81
2147	0.356127	-2266.64
2148	0.344699	-2116.56
2149	0.357958	-2283.54
2150	0.354673	-2235.67
2151	0.355737	-2269.99
2152	0.355487	-2264.06
2153	0.350481	-2199.5
2154	0.354718	-2291.38
2155	0.350352	-2209.91
2156	0.360635	-2339
2157	0.349799	-2154.04
2158	0.367335	-2413.14
2159	0.363071	-2405.45
2160	0.362544	-2328.62
2161	0.358117	-2301.02
2162	0.355023	-2223.84
2163	0.356181	-2301.11
2164	0.35457	-2296.38
2165	0.3487	-2213.14
2166	0.352948	-2264.54
2167	0.363963	-2381.32
2168	0.365294	-2415.39
2169	0.360036	-2310.44
2170	0.352563	-2214.69
2171	0.359457	-2339.88
2172	0.357004	-2256.36
2173	0.36136	-2331.98
2174	0.357256	-2287.19
2175	0.353166	-2239.05
2176	0.359994	-2281.59
2177	0.355702	-2251.1
2178	0.351138	-2174.43
2179	0.353815	-2281.72
2180	0.347288	-2185.89
2181	0.359963	-2357.99
2182	0.350025	-2217.11
2183	0.353844	-2226.71
2184	0.352099	-2185.97
2185	0.353817	-2288.54
2186	0.354367	-2262.93
2187	0.355929	-2278.81
2188	0.354697	-2282.5
2189	0.358514	-2313.58
2190	0.358324	-2298.87
2191	0.356005	-2277.21
2192	0.343386	-2106.36
2193	0.352805	-2249.4
2194	0.354759	-2263.17
2195	0.35702	-2280.15
2196	0.359098	-2323.45
2197	0.360399	-2325.39
2198	0.359459	-2317.5
2199	0.353744	-2282.93
2200	0.358711	-2289.89
2201	0.356261	-2297.77
2202	0.357075	-2262.77
2203	0.35331	-2226.78
2204	0.357754	-2304.08
2205	0.355546	-2269.19
2206	0.351875	-2221.18
2207	0.359148	-2327.96
2208	0.349172	-2189.39
2209	0.350079	-2155.27
2210	0.355975	-2281.31
2211	0.355778	-2247.99
2212	0.353205	-2249.91
2213	0.361694	-2342.39
2214	0.360234	-2340.58
2215	0.361229	-2383.3
2216	0.359271	-2311.96
2217	0.356581	-2328.76
2218	0.359341	-2330.31
2219	0.352345	-2266.17
2220	0.357713	-2331.53
2221	0.352609	-2224.05
2222	0.353618	-2222.49
2223	0.357872	-2305.7
2224	0.361651	-2338.08
2225	0.359276	-2324.45
2226	0.352963	-2225.96
2227	0.358493	-2301.91
2228	0.357409	-2307.34
2229	0.354847	-2269.65
2230	0.358663	-2292.94
2231	0.360398	-2311.8
2232	0.355425	-2222.86
2233	0.353216	-2213.62
2234	0.353236	-2262.6
2235	0.35254	-2266.22
2236	0.356203	-2312.47
2237	0.353621	-2206.61
2238	0.361466	-2361.74
2239	0.358397	-2294.34
2240	0.350805	-2218.13
2241	0.356644	-2298.64
2242	0.350029	-2213.62
2243	0.350679	-2206.64
2244	0.356426	-2285.53
2245	0.350654	-2233.58
2246	0.351587	-2186.25
2247	0.354208	-2262.54
2248	0.359038	-2328.78
2249	0.347578	-2178.76
2250	0.349657	-2186.21
2251	0.356042	-2265.2
2252	0.352958	-2248.18
2253	0.35243	-2230.16
2254	0.364229	-2375.81
2255	0.351011	-2206.4
2256	0.356848	-2297.11
2257	0.352537	-2280.97
2258	0.355711	-2307.07
2259	0.359576	-2321.67
2260	0.367436	-2441.2
2261	0.351743	-2236.83
2262	0.354327	-2231.22
2263	0.352734	-2220.64
2264	0.358619	-2280.33
2265	0.357743	-2278.86
2266	0.351725	-2201.17
2267	0.354429	-2262.72
2268	0.355445	-2284.25
2269	0.361412	-2380.61
2270	0.355605	-2304.2
2271	0.354689	-2209.58
2272	0.362248	-2419.96
2273	0.353809	-2250.07
2274	0.357883	-2336.77
2275	0.364354	-2351.53
2276	0.347917	-2151.4
2277	0.356027	-2308.15
2278	0.364256	-2405.65
2279	0.344634	-2102.7
2280	0.355343	-2265.8
2281	0.347759	-2134.24
2282	0.349763	-2212.39
2283	0.357144	-2308.42
2284	0.35618	-2284.76
2285	0.35607	-2287.37
2286	0.353707	-2257.91
2287	0.349102	-2170.91
2288	0.355306	-2241.03
2289	0.361507	-2344.78
2290	0.357047	-2289.92
2291	0.3481	-2171.5
2292	0.359892	-2326.19
2293	0.357714	-2305.92
2294	0.361662	-2331.05
2295	0.361832	-2365.63
2296	0.351841	-2222.48
2297	0.356475	-2319.12
2298	0.354998	-2212.62
2299	0.369429	-2432.6
2300	0.365518	-2384.39
2301	0.349076	-2149.22
2302	0.347983	-2144.34
2303	0.35601	-2299.51
2304	0.357778	-2272.27
2305	0.350504	-2224.31
2306	0.356475	-2283.33
2307	0.355609	-2250.05
2308	0.354364	-2298.45
2309	0.35793	-2309.13
2310	0.362494	-2333.31
2311	0.356206	-2281.74
2312	0.355285	-2244.2
2313	0.358159	-2293.97
2314	0.356121	-2315.79
2315	0.359345	-2275.04
2316	0.350693	-2205.86
2317	0.353798	-2236.67
2318	0.354329	-2240.41
2319	0.343248	-2125.45
2320	0.354467	-2275.44
2321	0.357668	-2305.91
2322	0.361506	-2345.86
2323	0.354832	-2281.43
2324	0.360221	-2356.34
2325	0.354539	-2238.34
2326	0.35942	-2306.34
2327	0.366745	-2397.68
2328	0.360743	-2367.75
2329	0.364403	-2363.92
2330	0.346426	-2186.47
2331	0.354689	-2248.88
2332	0.357271	-2296.4
2333	0.358299	-2285.24
2334	0.357048	-2255.29
2335	0.361182	-2363
2336	0.354506	-2291.72
2337	0.3541	-2230.37
2338	0.347393	-2176.38
2339	0.354799	-2252.53
2340	0.355636	-2318.05
2341	0.349056	-2202.58
2342	0.362484	-2367.03
2343	0.358721	-2337.17
2344	0.350846	-2210.39
2345	0.357775	-2312.05
2346	0.355365	-2274.66
2347	0.355809	-2314.18
2348	0.364398	-2391.75
2349	0.354759	-2272.44
2350	0.361884	-2368.79
2351	0.36281	-2353.95
2352	0.364544	-2404.01
2353	0.360532	-2335.39
2354	0.35586	-2274.47
2355	0.358384	-2327.23
2356	0.348588	-2192.4
2357	0.358734	-2280.12
2358	0.352503	-2210.77
2359	0.352753	-2251.36
2360	0.360029	-2356.95
2361	0.348879	-2170.57
2362	0.359084	-2279.09
2363	0.354323	-2299.34
2364	0.355526	-2239.42
2365	0.358721	-2279.54
2366	0.35062	-2183.06
2367	0.356478	-2270.78
2368	0.356983	-2303.45
2369	0.356963	-2263
2370	0.358889	-2287.04
2371	0.349851	-2192.12
2372	0.3539	-2257.06
2373	0.357233	-2327.13
2374	0.350343	-2219.41
2375	0.358073	-2326.31
2376	0.36251	-2407.82
2377	0.352508	-2244.49
2378	0.356327	-2305.32
2379	0.36164	-2346.93
2380	0.356592	-2314.88
2381	0.359321	-2265.18
2382	0.35846	-2311.91
2383	0.356153	-2266.75
2384	0.348506	-2184.98
2385	0.35556	-2279.36
2386	0.358121	-2284.64
2387	0.348449	-2148.86
2388	0.350151	-2174.02
2389	0.359287	-2311.72
2390	0.347417	-2140.3
2391	0.35534	-2291.27
2392	0.346591	-2118.28
2393	0.357699	-2315.41
2394	0.355489	-2247.08
2395	0.369984	-2512.08
2396	0.360347	-2331.86
2397	0.359089	-2295.11
2398	0.363022	-2356.11
2399	0.361689	-2361.13
2400	0.348321	-2173.16
2401	0.362891	-2332.31
2402	0.344973	-2131.44
2403	0.359781	-2306.66
2404	0.359267	-2281.75
2405	0.351285	-2179.27
2406	0.35332	-2241.49
2407	0.360929	-2356.12
2408	0.356675	-2282.04
2409	0.357717	-2272.05
2410	0.352015	-2245.27
2411	0.355402	-2287.49
2412	0.366618	-2424.85
2413	0.351086	-2210.29
2414	0.357731	-2247.93
2415	0.357786	-2308.14
2416	0.355475	-2238.27
2417	0.356808	-2267.61
2418	0.35451	-2262.45
2419	0.360558	-2331.2
2420	0.354765	-2286.34
2421	0.357866	-2297.31
2422	0.36162	-2317.47
2423	0.354637	-2222.53
2424	0.350381	-2217.82
2425	0.353523	-2235.47
2426	0.358771	-2321.59
2427	0.355465	-2256.8
2428	0.363529	-2371.64
2429	0.349532	-2218.88
2430	0.354047	-2249.46
2431	0.357098	-2295.81
2432	0.357752	-2299.98
2433	0.354532	-2285.84
2434	0.364718	-2389.1
2435	0.357008	-2265.7
2436	0.350416	-2232.69
2437	0.352241	-2230.95
2438	0.350954	-2162.45
2439	0.356107	-2226.09
2440	0.353724	-2232.76
2441	0.361903	-2346.3
2442	0.365462	-2371.68
2443	0.362393	-2349.36
2444	0.350885	-2210.59
2445	0.357606	-2267.26
2446	0.356302	-2277.96
2447	0.347004	-2165.18
2448	0.355832	-2229.02
2449	0.353591	-2261
2450	0.362394	-2336.35
2451	0.347569	-2182.16
2452	0.353532	-2272.06
2453	0.352554	-2245.29
2454	0.352645	-2253
2455	0.365617	-2405.05
2456	0.352736	-2219.3
2457	0.346967	-2169.73
2458	0.356759	-2289.23
2459	0.349643	-2232.34
2460	0.355891	-2299.94
2461	0.353458	-2257.35
2462	0.349327	-2138.15
2463	0.36151	-2349.7
2464	0.35968	-2305
2465	0.349409	-2224.04
2466	0.356372	-2284.58
2467	0.365712	-2421.62
2468	0.353688	-2275.06
2469	0.351933	-2225.76
2470	0.348575	-2182.41
2471	0.358271	-2329.41
2472	0.356173	-2350.54
2473	0.347638	-2202.86
2474	0.352216	-2234.64
2475	0.349435	-2178.21
2476	0.362671	-2361.09
2477	0.360983	-2339.03
2478	0.352898	-2265.69
2479	0.353539	-2220.21
2480	0.356512	-2273.7
2481	0.356242	-2297.9
2482	0.352336	-2172.53
2483	0.354799	-2223.2
2484	0.354863	-2264.16
2485	0.357654	-2297.61
2486	0.359117	-2336.33
2487	0.361245	-2340.72
2488	0.347062	-2163.08
2489	0.360194	-2370.82
2490	0.357005	-2272.35
2491	0.35918	-2314.78
2492	0.355865	-2299.2
2493	0.350353	-2202.4
2494	0.352049	-2184.4
2495	0.356526	-2263.54
2496	0.360337	-2314.41
2497	0.356939	-2265.25
2498	0.357582	-2299.03
2499	0.35242	-2211.73
2500	0.35823	-2279.18
2501	0.360511	-2332.32
2502	0.358332	-2291.89
2503	0.350815	-2249.04
2504	0.358609	-2271.25
2505	0.355618	-2289.08
2506	0.355942	-2294.35
2507	0.365091	-2397.41
2508	0.350919	-2250.46
2509	0.349176	-2189.57
2510	0.352806	-2240.62
2511	0.350716	-2219.75
2512	0.355584	-2264.43
2513	0.356506	-2292.5
2514	0.355741	-2239.24
2515	0.357739	-2289.1
2516	0.349349	-2210.97
2517	0.352008	-2198.1
2518	0.34849	-2199.13
2519	0.357589	-2301.54
2520	0.353693	-2243.83
2521	0.356415	-2304.54
2522	0.352696	-2243.74
2523	0.363151	-2387.23
2524	0.357206	-2272.78
2525	0.349807	-2205.45
2526	0.34717	-2087.97
2527	0.362141	-2345.01
2528	0.355395	-2253.89
2529	0.360766	-2351.51
2530	0.351099	-2257.84
2531	0.358746	-2326.29
2532	0.362925	-2374.08
2533	0.360233	-2332.17
2534	0.361079	-2376.59
2535	0.34546	-2163.58
2536	0.354544	-2283.54
2537	0.361083	-2364.87
2538	0.36274	-2359.21
2539	0.357272	-2325.69
2540	0.357941	-2303.5
2541	0.353267	-2225.56
2542	0.357831	-2313.9
2543	0.360623	-2308.39
2544	0.353944	-2277.83
2545	0.354977	-2289.64
2546	0.354263	-2247.27
2547	0.360461	-2339
2548	0.357891	-2333.29
2549	0.349596	-2166.61
2550	0.35737	-2341.64
2551	0.350526	-2156.94
2552	0.354882	-2267.83
2553	0.362101	-2371.02
2554	0.353326	-2261.96
2555	0.355781	-2257.6
2556	0.356505	-2239.46
2557	0.35962	-2332.84
2558	0.36005	-2346.44
2559	0.368759	-2437.14
2560	0.359461	-2345.5
2561	0.352909	-2236.06
2562	0.347607	-2161.56
2563	0.360624	-2346.25
2564	0.359918	-2372.26
2565	0.355896	-2279.69
2566	0.356697	-2294.6
2567	0.354212	-2250.3
2568	0.352131	-2248.26
2569	0.351688	-2228.78
2570	0.356228	-2268.41
2571	0.361178	-2353.9
2572	0.354795	-2269.6
2573	0.357575	-2314.05
2574	0.354576	-2245.03
2575	0.358101	-2288.15
2576	0.366045	-2320.76
2577	0.353896	-2248.17
2578	0.357483	-2325.45
2579	0.355083	-2251.42
2580	0.352642	-2220.53
2581	0.357196	-2287.82
2582	0.352484	-2255.75
2583	0.357356	-2285.1
2584	0.357848	-2314.53
2585	0.35927	-2304.57
2586	0.349749	-2238.68
2587	0.350458	-2194.48
2588	0.358943	-2334.11
2589	0.360411	-2334.46
2590	0.361492	-2325.6
2591	0.348318	-2184.34
2592	0.359451	-2324.4
2593	0.354836	-2282.59
2594	0.355694	-2240.43
2595	0.364306	-2370.73
2596	0.353361	-2227.17
2597	0.361944	-2346.72
2598	0.353628	-2231.9
2599	0.360062	-2260.63
2600	0.358138	-2275.1
2601	0.35756	-2255.1
2602	0.354082	-2252.09
2603	0.36229	-2371.77
2604	0.357664	-2332.96
2605	0.369771	-2419
2606	0.358642	-2287.68
2607	0.35024	-2182.74
2608	0.352073	-2218.18
2609	0.359461	-2336.76
2610	0.353911	-2216.27
2611	0.35847	-2263.86
2612	0.358223	-2293.21
2613	0.345792	-2120.85
2614	0.356213	-2272.68
2615	0.356353	-2271.69
2616	0.353078	-2239.02
2617	0.357779	-2309.05
2618	0.361687	-2343.77
2619	0.363764	-2376.17
2620	0.357368	-2288.55
2621	0.368756	-2445.34
2622	0.356235	-2309.99
2623	0.357787	-2323.82
2624	0.364214	-2372.36
2625	0.363578	-2399.13
2626	0.353287	-2237.9
2627	0.349263	-2168.8
2628	0.352652	-2229.74
2629	0.34604	-2166.19
2630	0.34794	-2175.51
2631	0.353134	-2288.75
2632	0.35055	-2217.09
2633	0.353784	-2250.19
2634	0.36046	-2315.39
2635	0.35695	-2281.13
2636	0.361491	-2371.35
2637	0.353926	-2268.7
2638	0.356978	-2250.31
2639	0.364059	-2360.51
2640	0.360732	-2324.76
2641	0.351924	-2181.78
2642	0.350008	-2144.49
2643	0.351536	-2200.4
2644	0.361704	-2337.37
2645	0.352789	-2221.58
2646	0.344382	-2153.43
2647	0.351616	-2255.15
2648	0.356359	-2288.17
2649	0.357271	-2261.57
2650	0.353886	-2243.91
2651	0.350108	-2207.06
2652	0.359366	-2310.7
2653	0.351428	-2239.82
2654	0.35442	-2235.07
2655	0.350373	-2212.7
2656	0.359726	-2323.51
2657	0.352926	-2235.49
2658	0.349123	-2188.36
2659	0.355888	-2286.63
2660	0.35545	-2236.24
2661	0.357872	-2337.62
2662	0.359448	-2294.01
2663	0.358506	-2344.99
2664	0.355047	-2329.54
2665	0.353268	-2235.79
2666	0.353536	-2247.36
2667	0.353059	-2287.57
2668	0.353177	-2220.04
2669	0.35943	-2288.13
2670	0.34871	-2237.48
2671	0.336615	-2084.51
2672	0.354491	-2211.62
2673	0.354595	-2269.23
2674	0.351576	-2253.53
2675	0.359806	-2325.19
2676	0.36009	-2339.88
2677	0.352024	-2208.54
2678	0.356039	-2230.39
2679	0.363083	-2354.93
2680	0.349387	-2184.7
2681	0.358848	-2345.33
2682	0.347791	-2176.18
2683	0.361963	-2348.57
2684	0.352204	-2255.34
2685	0.359374	-2283.57
2686	0.358569	-2304.96
2687	0.358294	-2295.76
2688	0.356143	-2285.91
2689	0.358957	-2279.82
2690	0.35543	-2304
2691	0.35207	-2224.52
2692	0.347057	-2148.45
2693	0.357222	-2270.06
2694	0.35512	-2247.3
2695	0.354182	-2286.39
2696	0.352837	-2283.41
2697	0.347394	-2111.88
2698	0.352065	-2219.81
2699	0.363264	-2373.54
2700	0.350784	-2174.19
2701	0.351862	-2244.96
2702	0.358797	-2296.42
2703	0.357512	-2345.99
2704	0.354065	-2254.41
2705	0.35389	-2253.48
2706	0.354969	-2253.19
2707	0.358744	-2319.15
2708	0.348375	-2228.56
2709	0.351352	-2252.11
2710	0.357416	-2280.42
2711	0.355516	-2248.09
2712	0.346591	-2129.66
2713	0.358817	-2307.82
2714	0.354426	-2302.33
2715	0.354976	-2248.63
2716	0.354022	-2246.53
2717	0.364832	-2419.87
2718	0.358376	-2303.99
2719	0.348163	-2216.81
2720	0.360335	-2310.2
2721	0.358356	-2273.27
2722	0.357036	-2274.42
2723	0.353552	-2260.99
2724	0.358204	-2334.32
2725	0.35598	-2252.87
2726	0.359307	-2313.1
2727	0.352759	-2225.86
2728	0.357459	-2299.13
2729	0.351466	-2210.34
2730	0.353258	-2243.64
2731	0.354555	-2271.75
2732	0.35047	-2238.75
2733	0.357316	-2282.41
2734	0.346944	-2183.88
2735	0.365318	-2418.67
2736	0.362289	-2360.43
2737	0.35826	-2266.51
2738	0.362073	-2342.59
2739	0.354911	-2281.72
2740	0.35813	-2312.52
2741	0.351792	-2225.83
2742	0.350938	-2166.07
2743	0.358366	-2282.9
2744	0.346203	-2126.29
2745	0.356246	-2276.91
2746	0.359049	-2299.02
2747	0.362147	-2364.69
2748	0.352351	-2241.05
2749	0.350459	-2251.84
2750	0.354725	-2276.1
2751	0.349811	-2193.26
2752	0.362665	-2359.83
2753	0.350582	-2168.91
2754	0.351554	-2244.4
2755	0.347147	-2148.96
2756	0.355553	-2321.55
2757	0.355213	-2230.3
2758	0.35687	-2297.78
2759	0.352626	-2221.4
2760	0.357959	-2288.49
2761	0.358494	-2296.46
2762	0.359297	-2358.31
2763	0.362412	-2304.25
2764	0.36508	-2356.7
2765	0.351671	-2223.51
2766	0.35219	-2239.08
2767	0.356501	-2256.11
2768	0.355532	-2263.02
2769	0.35357	-2244.29
2770	0.358782	-2330.63
2771	0.361993	-2396.85
2772	0.352323	-2245.55
2773	0.353959	-2247.79
2774	0.349833	-2209.23
2775	0.361964	-2404.57
2776	0.355383	-2289.91
2777	0.353954	-2259.92
2778	0.361455	-2354.31
2779	0.355922	-2268.43
2780	0.357189	-2316.58
2781	0.3627	-2325.12
2782	0.341734	-2115.48
2783	0.353921	-2247.93
2784	0.357735	-2256.45
2785	0.353655	-2250.5
2786	0.364074	-2372.36
2787	0.351512	-2206.17
2788	0.35372	-2194.77
2789	0.355111	-2254.42
2790	0.35166	-2221.38
2791	0.344496	-2114.37
2792	0.358304	-2312.86
2793	0.363821	-2376.97
2794	0.352247	-2220.1
2795	0.363745	-2371.44
2796	0.354644	-2290.49
2797	0.356267	-2262.29
2798	0.354034	-2262.3
2799	0.347642	-2120.09
2800	0.358476	-2297.89
2801	0.357469	-2251.72
2802	0.361336	-2348.86
2803	0.355317	-2289.7
2804	0.345863	-2130.2
2805	0.360029	-2287.96
2806	0.345453	-2150.58
2807	0.3583	-2242.39
2808	0.355952	-2244.21
2809	0.356631	-2261.55
2810	0.345887	-2153.25
2811	0.364	-2377.29
2812	0.345755	-2162.56
2813	0.350314	-2194.86
2814	0.350314	-2210.79
2815	0.353718	-2248.53
2816	0.361969	-2357.06
2817	0.347139	-2157.07
2818	0.352165	-2271.15
2819	0.362071	-2352.84
2820	0.358922	-2294.9
2821	0.352919	-2281.05
2822	0.358478	-2333.9
2823	0.361965	-2325.33
2824	0.357898	-2268.22
2825	0.35356	-2297.22
2826	0.359048	-2328.05
2827	0.353471	-2252.57
2828	0.36155	-2330.28
2829	0.355109	-2272.8
2830	0.365525	-2401.26
2831	0.347456	-2184.36
2832	0.355893	-2290.28
2833	0.351287	-2191.89
2834	0.361549	-2357.84
2835	0.36191	-2331.96
2836	0.351305	-2180.68
2837	0.353063	-2240.7
2838	0.359578	-2343.46
2839	0.349417	-2223.79
2840	0.354553	-2221.51
2841	0.36407	-2328.73
2842	0.355558	-2281
2843	0.354785	-2320.69
2844	0.353477	-2231.41
2845	0.351287	-2268
2846	0.354727	-2252.24
2847	0.350515	-2177.65
2848	0.353616	-2206.23
2849	0.353009	-2262.28
2850	0.356937	-2240.38
2851	0.356632	-2277.81
2852	0.353051	-2257.46
2853	0.364011	-2371.09
2854	0.350482	-2232.75
2855	0.356612	-2252.52
2856	0.351562	-2211.43
2857	0.356116	-2297.91
2858	0.347857	-2161.82
2859	0.358868	-2266.96
2860	0.354842	-2234.28
2861	0.351735	-2243.94
2862	0.355533	-2282.99
2863	0.357378	-2355.85
2864	0.360731	-2299.69
2865	0.357102	-2289.81
2866	0.35659	-2268.16
2867	0.347944	-2199.56
2868	0.358962	-2282.06
2869	0.354474	-2289.1
2870	0.356223	-2281.8
2871	0.343876	-2129.76
2872	0.354768	-2248.32
2873	0.351192	-2237.86
2874	0.350368	-2233.27
2875	0.352505	-2196.03
2876	0.366743	-2428.8
2877	0.352456	-2257
2878	0.360255	-2364.46
2879	0.346996	-2151.85
2880	0.352753	-2224.59
2881	0.360217	-2338.19
2882	0.351445	-2245.39
2883	0.359802	-2339.08
2884	0.350776	-2252.59
2885	0.35663	-2282.51
2886	0.36047	-2340.16
2887	0.355684	-2244.35
2888	0.354032	-2222.89
2889	0.358835	-2279.18
2890	0.353583	-2291.74
2891	0.350871	-2221.44
2892	0.357284	-2254.28
2893	0.355449	-2298.29
2894	0.354458	-2225.02
2895	0.355326	-2306.59
2896	0.35677	-2236.72
2897	0.355015	-2282.6
2898	0.356433	-2299.8
2899	0.350256	-2238.8
2900	0.359574	-2345.72
2901	0.362592	-2390.77
2902	0.35756	-2312.96
2903	0.353398	-2231.96
2904	0.352889	-2239.97
2905	0.356945	-2297.79
2906	0.359041	-2300.32
2907	0.352754	-2245.31
2908	0.358865	-2323.69
2909	0.355495	-2280.36
2910	0.354495	-2262.67
2911	0.347397	-2176.34
2912	0.355551	-2282.97
2913	0.357683	-2325.84
2914	0.347854	-2182.51
2915	0.367981	-2440.4
2916	0.358466	-2294.92
2917	0.34617	-2167.16
2918	0.358291	-2279.96
2919	0.35243	-2201.02
2920	0.364025	-2413.83
2921	0.35215	-2245.25
2922	0.352381	-2227.54
2923	0.350758	-2188.35
2924	0.355824	-2241.09
2925	0.359708	-2319.45
2926	0.351003	-2210.86
2927	0.347102	-2131.39
2928	0.348852	-2233.54
2929	0.358328	-2262.8
2930	0.34486	-2146.19
2931	0.35055	-2184.18
2932	0.35737	-2308.15
2933	0.3495	-2181.64
2934	0.365014	-2378.87
2935	0.355899	-2284.63
2936	0.352617	-2211.09
2937	0.352499	-2252.85
2938	0.351632	-2260.09
2939	0.35414	-2288.46
2940	0.352714	-2245.22
2941	0.365866	-2412.49
2942	0.357646	-2298.64
2943	0.356661	-2307.35
2944	0.358954	-2295.41
2945	0.355751	-2256.54
2946	0.353676	-2298.63
2947	0.349811	-2227.44
2948	0.357062	-2286.08
2949	0.359984	-2345.76
2950	0.359714	-2311.73
2951	0.35476	-2304.83
2952	0.360898	-2295.31
2953	0.357006	-2292.36
2954	0.348909	-2183.43
2955	0.355329	-2313.35
2956	0.356522	-2292.39
2957	0.35623	-2301.54
2958	0.350997	-2219.78
2959	0.354054	-2266.15
2960	0.356379	-2290.76
2961	0.356428	-2311.48
2962	0.359313	-2352.76
2963	0.355686	-2281.86
2964	0.362329	-2347.16
2965	0.355957	-2248.57
2966	0.355904	-2312.83
2967	0.353649	-2215.12
2968	0.346035	-2122.12
2969	0.354438	-2251.35
2970	0.358644	-2315.24
2971	0.357873	-2295.49
2972	0.356438	-2310.62
2973	0.352956	-2253.9
2974	0.353609	-2291.86
2975	0.359242	-2287.48
2976	0.359429	-2313.78
2977	0.359798	-2309.05
2978	0.357294	-2294.05
2979	0.36359	-2321.45
2980	0.361064	-2357.15
2981	0.366514	-2416.83
2982	0.350657	-2258.65
2983	0.356975	-2309.86
2984	0.356565	-2266.83
2985	0.36246	-2311.47
2986	0.353245	-2256.41
2987	0.365293	-2412.82
2988	0.349725	-2140.57
2989	0.353554	-2227.77
2990	0.358773	-2337.76
2991	0.358378	-2294.73
2992	0.35688	-2314.15
2993	0.355979	-2254.22
2994	0.356963	-2269.74
2995	0.361232	-2340.52
2996	0.358126	-2313.37
2997	0.354939	-2302.04
2998	0.346255	-2166.39
2999	0.348345	-2166.54
