0	0.350116	-2228.2
1	0.35967	-2353.16
2	0.354621	-2251.55
3	0.352146	-2239.57
4	0.359527	-2314.14
5	0.356939	-2276.76
6	0.353861	-2246.18
7	0.351485	-2191.9
8	0.343126	-2125.76
9	0.356721	-2235.12
10	0.346129	-2212.12
11	0.353534	-2243.4
12	0.352631	-2246.69
13	0.35074	-2195.37
14	0.358117	-2315.35
15	0.364575	-2407.28
16	0.359898	-2345.93
17	0.353914	-2249.49
18	0.36076	-2349.21
19	0.358028	-2331.02
20	0.354464	-2296.04
21	0.362388	-2373.63
22	0.361846	-2358.38
23	0.35414	-2264.28
24	0.364068	-2367.66
25	0.361142	-2341.93
26	0.358934	-2303.71
27	0.359014	-2353.05
28	0.359161	-2329.64
29	0.355606	-2269.78
30	0.357678	-2322.69
31	0.359905	-2354.3
32	0.36623	-2471.74
33	0.359076	-2337.34
34	0.35507	-2273.11
35	0.348786	-2207.13
36	0.346102	-2148.75
37	0.357357	-2295.78
38	0.34859	-2136.96
39	0.351995	-2245.79
40	0.363938	-2363.61
41	0.363707	-2404.33
42	0.353502	-2241.13
43	0.347776	-2158.21
44	0.358807	-2243.74
45	0.355494	-2222.92
46	0.353185	-2241.34
47	0.360799	-2339.3
48	0.365702	-2427.05
49	0.356072	-2277.44
50	0.358824	-2313.95
51	0.359515	-2280.57
52	0.350203	-2192.23
53	0.351573	-2241.72
54	0.353651	-2163.22
55	0.356964	-2300.91
56	0.358443	-2339.9
57	0.354644	-2267.6
58	0.358306	-2297.12
59	0.356806	-2272.69
60	0.351503	-2256.38
61	0.353997	-2230.82
62	0.354128	-2261.58
63	0.352619	-2200.02
64	0.359873	-2296.73
65	0.359809	-2332.08
66	0.35316	-2267.42
67	0.35732	-2298.97
68	0.356168	-2276.68
69	0.355494	-2293
70	0.355486	-2234.9
71	0.359007	-2339.49
72	0.353412	-2240.87
73	0.364646	-2416.3
74	0.351256	-2177.18
75	0.358244	-2317.77
76	0.356817	-2254.3
77	0.355149	-2283.84
78	0.356612	-2247.91
79	0.352457	-2261.24
80	0.359679	-2315.92
81	0.35154	-2207.8
82	0.35356	-2220.43
83	0.353214	-2239.4
84	0.35862	-2318.75
85	0.357647	-2239.3
86	0.353368	-2224.33
87	0.354045	-2213.93
88	0.358938	-2325.99
89	0.359209	-2344.81
90	0.357112	-2311.39
91	0.352868	-2242.5
92	0.35524	-2269.61
93	0.345209	-2161.35
94	0.362858	-2366.72
95	0.355583	-2270.51
96	0.361701	-2334.38
97	0.337928	-2000.81
98	0.358394	-2298.43
99	0.35463	-2275.31
100	0.361999	-2396.68
101	0.35637	-2259.4
102	0.364496	-2347.71
103	0.360047	-2345.48
104	0.358799	-2347.72
105	0.361832	-2341.77
106	0.356547	-2321.91
107	0.356247	-2261.75
108	0.364984	-2313.52
109	0.355528	-2266.96
110	0.356569	-2310.21
111	0.359586	-2350.94
112	0.350844	-2219.39
113	0.353831	-2249.78
114	0.355577	-2248.69
115	0.353257	-2225.05
116	0.3579	-2316.9
117	0.356938	-2355.1
118	0.349631	-2237.94
119	0.354805	-2297.23
120	0.351971	-2219.93
121	0.353338	-2235.56
122	0.354429	-2305.82
123	0.360984	-2331.17
124	0.355506	-2317.65
125	0.353735	-2273.21
126	0.355028	-2279.79
127	0.35035	-2232.41
128	0.352489	-2242.43
129	0.358251	-2311.81
130	0.356383	-2225.22
131	0.353814	-2226.18
132	0.351454	-2258.05
133	0.356185	-2288.65
134	0.365084	-2358.45
135	0.354011	-2292
136	0.357006	-2286.99
137	0.359155	-2292.35
138	0.358013	-2319.89
139	0.361471	-2355.23
140	0.350912	-2232.72
141	0.356514	-2291.52
142	0.343821	-2146.04
143	0.349673	-2200.62
144	0.35484	-2228.75
145	0.350148	-2166.91
146	0.365296	-2381.8
147	0.357146	-2325.71
148	0.36088	-2343.81
149	0.350707	-2173.92
150	0.356181	-2230.38
151	0.3645	-2411.91
152	0.34759	-2200.42
153	0.35271	-2197.75
154	0.352899	-2235.79
155	0.360982	-2338.28
156	0.358123	-2284.61
157	0.353944	-2277.39
158	0.353333	-2270.1
159	0.360369	-2305.45
160	0.353042	-2221.06
161	0.352444	-2231.41
162	0.35829	-2346.87
163	0.360303	-2302.13
164	0.35891	-2348.53
165	0.352939	-2225.58
166	0.354661	-2307.08
167	0.354005	-2236.79
168	0.357841	-2288.3
169	0.351984	-2203.55
170	0.358302	-2276.34
171	0.356997	-2324.87
172	0.35152	-2223.35
173	0.358047	-2345.27
174	0.358594	-2317.53
175	0.355721	-2237.48
176	0.363077	-2375.67
177	0.356677	-2293.19
178	0.355015	-2281.04
179	0.356396	-2292.95
180	0.358386	-2322.44
181	0.350039	-2203.8
182	0.354249	-2232.61
183	0.359156	-2329.98
184	0.350517	-2271.71
185	0.360693	-2324.73
186	0.357753	-2306.4
187	0.353745	-2258.45
188	0.359988	-2367.46
189	0.357294	-2323.82
190	0.355427	-2257.86
191	0.357322	-2308.8
192	0.360519	-2365.87
193	0.363946	-2361.61
194	0.357075	-2317.59
195	0.363972	-2384.33
196	0.360051	-2302.99
197	0.35087	-2218.86
198	0.36065	-2395.44
199	0.344693	-2144.28
200	0.355774	-2307.53
201	0.352666	-2219.48
202	0.349405	-2208.33
203	0.352328	-2250.9
204	0.357962	-2316.14
205	0.354328	-2257.37
206	0.347159	-2160.46
207	0.358878	-2318.01
208	0.353222	-2270.26
209	0.358531	-2283.79
210	0.346996	-2186.44
211	0.355599	-2243.39
212	0.357804	-2307.99
213	0.350948	-2228.27
214	0.350852	-2196.56
215	0.353875	-2280.64
216	0.360248	-2347.69
217	0.360522	-2332.04
218	0.354417	-2262.63
219	0.354939	-2258.51
220	0.354462	-2231.7
221	0.36058	-2409.51
222	0.358949	-2360.11
223	0.348777	-2198.38
224	0.349594	-2248.05
225	0.362175	-2367.91
226	0.354966	-2253.5
227	0.357469	-2268.93
228	0.354966	-2295.65
229	0.363077	-2359.71
230	0.352915	-2256.37
231	0.348811	-2200.29
232	0.354264	-2237.94
233	0.355397	-2265.43
234	0.355145	-2298.98
235	0.353799	-2213.4
236	0.34729	-2179.34
237	0.351914	-2242.07
238	0.344508	-2104.91
239	0.358588	-2311.32
240	0.347812	-2164.59
241	0.35343	-2238.94
242	0.35751	-2290.12
243	0.356433	-2283.76
244	0.352436	-2252.38
245	0.357894	-2310.8
246	0.35333	-2251.51
247	0.358246	-2308.7
248	0.357984	-2308.64
249	0.355263	-2316.4
250	0.348111	-2190.21
251	0.365167	-2385.46
252	0.363956	-2365.99
253	0.349838	-2173.42
254	0.358598	-2309.67
255	0.350615	-2206.96
256	0.35218	-2200.68
257	0.362156	-2342.85
258	0.355247	-2265.85
259	0.360099	-2317.34
260	0.361895	-2343.91
261	0.358682	-2312.22
262	0.366465	-2417.7
263	0.356769	-2314.48
264	0.357641	-2289.25
265	0.358589	-2295.75
266	0.36085	-2354.66
267	0.359087	-2309.39
268	0.35215	-2226.59
269	0.356515	-2291.39
270	0.349456	-2216.12
271	0.355598	-2293.74
272	0.357255	-2310.31
273	0.361009	-2327.48
274	0.352322	-2255.27
275	0.355438	-2203.07
276	0.352778	-2251.98
277	0.358786	-2328.5
278	0.3587	-2327.88
279	0.362077	-2286.66
280	0.356019	-2256.41
281	0.352375	-2251.19
282	0.354477	-2291.72
283	0.344449	-2133.17
284	0.355585	-2282.7
285	0.359733	-2326.29
286	0.353977	-2243.37
287	0.356877	-2303.15
288	0.356841	-2306.31
289	0.361291	-2366.38
290	0.357512	-2320.14
291	0.355268	-2255.59
292	0.354495	-2262.76
293	0.351784	-2170.91
294	0.352513	-2235.46
295	0.362512	-2373.29
296	0.363185	-2332.49
297	0.366127	-2406.36
298	0.353105	-2252.37
299	0.359371	-2325.68
300	0.358514	-2315.43
301	0.353235	-2197.87
302	0.359541	-2351.45
303	0.348277	-2129.25
304	0.348516	-2155.02
305	0.35875	-2364.83
306	0.35899	-2340.56
307	0.347662	-2195.98
308	0.361129	-2319.91
309	0.350333	-2204.14
310	0.35428	-2228.92
311	0.355924	-2252.21
312	0.357167	-2296.71
313	0.349939	-2209.58
314	0.357065	-2298.96
315	0.357503	-2285.54
316	0.357556	-2252.8
317	0.345506	-2151.59
318	0.352712	-2235.55
319	0.36255	-2404.26
320	0.357957	-2275.66
321	0.35354	-2244.23
322	0.352605	-2230.98
323	0.356168	-2315.39
324	0.344717	-2144.71
325	0.35951	-2324.37
326	0.353963	-2287.15
327	0.359095	-2336.23
328	0.360714	-2340.55
329	0.359104	-2315.97
330	0.344301	-2079.41
331	0.348354	-2200.83
332	0.354044	-2255.33
333	0.352407	-2216.8
334	0.353265	-2258.61
335	0.360363	-2332.5
336	0.359537	-2299.87
337	0.350698	-2196.47
338	0.362247	-2327.26
339	0.349544	-2201.99
340	0.351643	-2252.15
341	0.354886	-2296.98
342	0.347976	-2141.62
343	0.345509	-2130.12
344	0.352381	-2197.16
345	0.351085	-2260.09
346	0.360506	-2321.11
347	0.362854	-2351.01
348	0.350742	-2249.38
349	0.35946	-2298.76
350	0.349513	-2220.82
351	0.341707	-2114.3
352	0.345	-2153.08
353	0.354686	-2251.29
354	0.349325	-2240.12
355	0.349396	-2244.15
356	0.358991	-2322.18
357	0.350306	-2215.82
358	0.34905	-2169
359	0.353625	-2269.03
360	0.361195	-2359.07
361	0.361195	-2313.12
362	0.352893	-2211.99
363	0.352049	-2250.26
364	0.359753	-2332.11
365	0.351659	-2274.5
366	0.350581	-2184.86
367	0.361889	-2311.17
368	0.345384	-2149.89
369	0.360319	-2319.46
370	0.353417	-2235.77
371	0.351434	-2175.62
372	0.36273	-2359.9
373	0.35652	-2316.45
374	0.35452	-2275.7
375	0.352439	-2243.34
376	0.355102	-2256.96
377	0.357802	-2353.16
378	0.363895	-2413.53
379	0.350556	-2189.69
380	0.36081	-2378.61
381	0.360408	-2338.8
382	0.361015	-2312.01
383	0.349498	-2185.08
384	0.349678	-2228.21
385	0.35636	-2310.3
386	0.357457	-2283.91
387	0.358128	-2279.98
388	0.354531	-2246.3
389	0.360597	-2306.81
390	0.357073	-2244.02
391	0.355575	-2277.07
392	0.349709	-2206.12
393	0.355964	-2284.21
394	0.358527	-2316.79
395	0.355757	-2297.26
396	0.357055	-2275.96
397	0.365027	-2421.88
398	0.361302	-2315.84
399	0.348029	-2181.32
400	0.359097	-2299.2
401	0.364536	-2341.53
402	0.356665	-2286.12
403	0.357232	-2219.76
404	0.358593	-2302.03
405	0.357686	-2322.07
406	0.355095	-2321.53
407	0.354073	-2230.87
408	0.35984	-2298.8
409	0.355304	-2244.4
410	0.351482	-2231.86
411	0.353556	-2226.62
412	0.350264	-2197.69
413	0.354522	-2277.5
414	0.354037	-2261.52
415	0.352157	-2237.86
416	0.363959	-2380.6
417	0.351999	-2265.61
418	0.35734	-2295.72
419	0.361487	-2369.3
420	0.358449	-2342.14
421	0.349841	-2231.52
422	0.367384	-2401.55
423	0.359572	-2287
424	0.363715	-2435.62
425	0.352318	-2247.72
426	0.359999	-2320.55
427	0.353319	-2266
428	0.355528	-2260.46
429	0.359969	-2323.72
430	0.356062	-2253.1
431	0.357572	-2294.78
432	0.357511	-2270.07
433	0.35674	-2305.99
434	0.362642	-2329.72
435	0.348762	-2215.78
436	0.361317	-2348.53
437	0.367712	-2424.44
438	0.355084	-2235.18
439	0.360056	-2336.92
440	0.352145	-2258.42
441	0.362933	-2360.75
442	0.36018	-2292.32
443	0.358567	-2334.19
444	0.362601	-2324.95
445	0.354045	-2202.58
446	0.357407	-2276.17
447	0.351911	-2271.6
448	0.35795	-2257.73
449	0.355964	-2285.42
450	0.354469	-2293.98
451	0.348304	-2185.57
452	0.353271	-2220.45
453	0.352403	-2212.22
454	0.343911	-2095.46
455	0.356527	-2264.96
456	0.35437	-2278.26
457	0.356951	-2291.58
458	0.363223	-2366.85
459	0.35856	-2348.29
460	0.357194	-2295.93
461	0.359594	-2320.62
462	0.359181	-2272.76
463	0.354717	-2276.82
464	0.350497	-2184.29
465	0.354125	-2228.24
466	0.361886	-2361.1
467	0.355989	-2311.49
468	0.346438	-2145.27
469	0.363441	-2397.37
470	0.361406	-2362.51
471	0.356117	-2274.51
472	0.352544	-2242.87
473	0.352922	-2229.02
474	0.359058	-2306.36
475	0.350779	-2202.15
476	0.352728	-2212.06
477	0.354116	-2214.55
478	0.344084	-2089.02
479	0.357407	-2310.36
480	0.348863	-2186.27
481	0.352503	-2248.46
482	0.359002	-2285.56
483	0.354918	-2214.74
484	0.3535	-2232.06
485	0.359929	-2341.6
486	0.366899	-2468.13
487	0.36134	-2308.41
488	0.357149	-2327.02
489	0.358882	-2284.36
490	0.365492	-2435.19
491	0.361554	-2297.21
492	0.359961	-2304.31
493	0.354087	-2224.81
494	0.360851	-2355.14
495	0.351926	-2233.43
496	0.357032	-2242.77
497	0.358564	-2329.06
498	0.360145	-2344.62
499	0.35435	-2243.12
500	0.355623	-2276.42
501	0.347443	-2156.91
502	0.353893	-2270.94
503	0.363342	-2350.27
504	0.359823	-2377.73
505	0.359516	-2403.26
506	0.351713	-2233.65
507	0.340881	-2081.79
508	0.352492	-2233
509	0.346296	-2193.84
510	0.355297	-2269.18
511	0.355272	-2276.19
512	0.355115	-2225.83
513	0.359748	-2285.28
514	0.346731	-2177.35
515	0.35338	-2275.87
516	0.352941	-2181.57
517	0.355498	-2278.49
518	0.363726	-2327.69
519	0.349456	-2158.13
520	0.36461	-2416.24
521	0.356622	-2242.81
522	0.362071	-2355.22
523	0.357357	-2272.64
524	0.354107	-2216.89
525	0.350782	-2209.84
526	0.354091	-2240.22
527	0.344698	-2139.79
528	0.350103	-2245.39
529	0.353466	-2250.02
530	0.353055	-2249.05
531	0.352042	-2227.79
532	0.359093	-2322.06
533	0.35117	-2199.49
534	0.361645	-2352.04
535	0.355695	-2274.07
536	0.359078	-2250.51
537	0.358322	-2313.72
538	0.35918	-2316.63
539	0.36095	-2343.58
540	0.351397	-2217.13
541	0.364395	-2345.05
542	0.352367	-2219.51
543	0.351821	-2257.15
544	0.357823	-2306.46
545	0.351499	-2269.55
546	0.346711	-2176.6
547	0.356212	-2245.2
548	0.352208	-2229.73
549	0.364893	-2356.54
550	0.357256	-2295.23
551	0.361501	-2323.89
552	0.349923	-2200.03
553	0.366847	-2440.31
554	0.358773	-2285.62
555	0.350657	-2154.28
556	0.357335	-2300.42
557	0.351591	-2217.94
558	0.362368	-2343.76
559	0.354414	-2265.11
560	0.354101	-2234.2
561	0.355607	-2267.44
562	0.354163	-2299.01
563	0.361828	-2373.67
564	0.358868	-2322.15
565	0.357802	-2291.15
566	0.356864	-2251.2
567	0.349371	-2252.51
568	0.357375	-2305.3
569	0.361636	-2357.85
570	0.349375	-2205.2
571	0.34383	-2143.63
572	0.355385	-2256
573	0.354672	-2243.2
574	0.347089	-2144.07
575	0.345721	-2124.46
576	0.347627	-2140.17
577	0.357123	-2285.16
578	0.36346	-2380.84
579	0.358106	-2297.32
580	0.359835	-2344.23
581	0.355904	-2330.63
582	0.360032	-2334.31
583	0.361048	-2330.15
584	0.360722	-2332.45
585	0.35039	-2206.75
586	0.35445	-2240.07
587	0.351753	-2207.52
588	0.359567	-2334.11
589	0.355287	-2305.85
590	0.354622	-2243.69
591	0.352634	-2271.2
592	0.357098	-2282.34
593	0.36351	-2320.52
594	0.349679	-2165.35
595	0.361268	-2382.88
596	0.349962	-2208.77
597	0.358532	-2263.46
598	0.354665	-2277.57
599	0.358527	-2341.92
600	0.353178	-2231.4
601	0.357178	-2281.91
602	0.356092	-2283.7
603	0.356519	-2285.32
604	0.346629	-2132.56
605	0.344472	-2142.99
606	0.352829	-2269.87
607	0.34869	-2177.14
608	0.349624	-2229.93
609	0.349997	-2204.7
610	0.367881	-2402.55
611	0.34596	-2187.14
612	0.356144	-2297.41
613	0.356703	-2284.85
614	0.352642	-2225.19
615	0.34943	-2212.74
616	0.350913	-2190.82
617	0.355526	-2260.34
618	0.355739	-2280.93
619	0.354062	-2259.6
620	0.349369	-2223.55
621	0.359463	-2334.65
622	0.355892	-2288.82
623	0.358737	-2324.14
624	0.352937	-2248.18
625	0.359599	-2320.87
626	0.353801	-2233.75
627	0.350992	-2266.05
628	0.35576	-2286.11
629	0.356074	-2260.42
630	0.36214	-2357.92
631	0.357876	-2296.74
632	0.351759	-2243.19
633	0.358565	-2332.64
634	0.351472	-2234.35
635	0.359747	-2318.79
636	0.344817	-2147.96
637	0.356739	-2295.71
638	0.350181	-2219.4
639	0.362786	-2364.43
640	0.353623	-2234.24
641	0.36451	-2411.61
642	0.359339	-2355.21
643	0.352819	-2249.18
644	0.35889	-2336.18
645	0.349121	-2182.48
646	0.35807	-2284.22
647	0.355184	-2252.29
648	0.356211	-2293.91
649	0.360356	-2363.74
650	0.359898	-2254.18
651	0.352734	-2215.54
652	0.359304	-2304.6
653	0.357706	-2287.68
654	0.355865	-2250.34
655	0.355369	-2267.27
656	0.353822	-2226.24
657	0.368646	-2467.67
658	0.356108	-2323.89
659	0.354601	-2240.56
660	0.353909	-2232.11
661	0.349574	-2173.43
662	0.355664	-2266.76
663	0.354655	-2251.77
664	0.347904	-2191.11
665	0.365	-2351.83
666	0.354725	-2246.12
667	0.36417	-2403.95
668	0.356908	-2325.74
669	0.355518	-2279.2
670	0.35339	-2242.52
671	0.350916	-2214.79
672	0.357029	-2300
673	0.356321	-2264.19
674	0.360329	-2339.89
675	0.356373	-2255.9
676	0.350476	-2210.84
677	0.350635	-2200.63
678	0.355768	-2272.06
679	0.351156	-2182.98
680	0.355274	-2203.32
681	0.358945	-2356.85
682	0.351888	-2247.86
683	0.352032	-2214.15
684	0.354763	-2286.86
685	0.35286	-2243.65
686	0.357376	-2335.37
687	0.357482	-2299.22
688	0.35459	-2251.62
689	0.355357	-2298.45
690	0.362886	-2378.43
691	0.359211	-2343.66
692	0.342657	-2103.62
693	0.360176	-2299.97
694	0.362031	-2377.79
695	0.362392	-2346.22
696	0.344793	-2155.03
697	0.349567	-2193.86
698	0.351368	-2246.15
699	0.345104	-2136.01
700	0.353698	-2271.37
701	0.355192	-2295.85
702	0.355986	-2298
703	0.356427	-2283.74
704	0.354136	-2266.03
705	0.353563	-2228.65
706	0.361375	-2365.07
707	0.358388	-2336.17
708	0.358779	-2294.29
709	0.361776	-2348.07
710	0.353699	-2243.58
711	0.35746	-2338.5
712	0.357221	-2265.63
713	0.359098	-2262.3
714	0.356882	-2300.47
715	0.349791	-2232.43
716	0.342877	-2124.79
717	0.357704	-2319.96
718	0.349632	-2225.3
719	0.361181	-2345.95
720	0.364678	-2409.49
721	0.353598	-2226.58
722	0.349996	-2189.89
723	0.352222	-2160.61
724	0.352296	-2248.06
725	0.36114	-2345.83
726	0.354627	-2232.59
727	0.365597	-2392.02
728	0.356501	-2269.84
729	0.359019	-2339.1
730	0.356121	-2214.29
731	0.351575	-2249.79
732	0.35315	-2198.61
733	0.349424	-2229.43
734	0.357802	-2272.96
735	0.358427	-2296.51
736	0.349175	-2170.61
737	0.356108	-2306.77
738	0.351211	-2263.66
739	0.354046	-2270.26
740	0.358092	-2304.84
741	0.359958	-2280.43
742	0.360471	-2305.72
743	0.358672	-2273.78
744	0.354272	-2243.96
745	0.356842	-2293.43
746	0.358581	-2349.21
747	0.356686	-2249.35
748	0.361708	-2360.22
749	0.358655	-2301.62
750	0.350975	-2231.42
751	0.35183	-2213.34
752	0.355805	-2249.25
753	0.362049	-2349.63
754	0.35141	-2228.68
755	0.35529	-2243.68
756	0.34958	-2215.96
757	0.358176	-2334.08
758	0.351975	-2248.34
759	0.349863	-2166.85
760	0.351605	-2231.48
761	0.35295	-2260.02
762	0.357216	-2338.24
763	0.353203	-2232.74
764	0.362703	-2349.14
765	0.353073	-2245.25
766	0.362453	-2374.29
767	0.343563	-2133.78
768	0.35901	-2336.43
769	0.36135	-2381.02
770	0.360967	-2351.44
771	0.352189	-2247.39
772	0.356293	-2284.27
773	0.351435	-2192.59
774	0.340126	-2072.14
775	0.355877	-2280.32
776	0.35558	-2290.24
777	0.360628	-2332.23
778	0.35597	-2309.26
779	0.358163	-2335.98
780	0.355229	-2242.32
781	0.354723	-2234.89
782	0.352181	-2224.76
783	0.35626	-2268.79
784	0.351106	-2227.55
785	0.360092	-2347.85
786	0.356269	-2313.04
787	0.353121	-2212.37
788	0.357286	-2344.51
789	0.354393	-2288.19
790	0.346326	-2170.75
791	0.363509	-2366.57
792	0.35634	-2340.47
793	0.344065	-2117.6
794	0.358696	-2334.33
795	0.359284	-2359.45
796	0.358173	-2334.7
797	0.350169	-2221.77
798	0.357174	-2300.56
799	0.355304	-2282.01
800	0.356504	-2277.36
801	0.353404	-2256.34
802	0.352902	-2194.71
803	0.353206	-2271.34
804	0.339672	-2089.18
805	0.358631	-2314.85
806	0.358642	-2318.42
807	0.349528	-2190.02
808	0.357545	-2355.24
809	0.350931	-2211.06
810	0.350109	-2199.66
811	0.362189	-2375.67
812	0.36213	-2356.65
813	0.358137	-2310.77
814	0.358873	-2363.81
815	0.351666	-2211.91
816	0.358488	-2268.53
817	0.353678	-2209.27
818	0.357775	-2294.93
819	0.362324	-2326.2
820	0.354442	-2219.31
821	0.357436	-2312.89
822	0.352084	-2255.16
823	0.353449	-2272.48
824	0.356865	-2297.95
825	0.362135	-2361.09
826	0.353088	-2203.19
827	0.362425	-2350.27
828	0.358251	-2347.92
829	0.355862	-2316.11
830	0.352745	-2221.85
831	0.360964	-2364.68
832	0.361847	-2371.52
833	0.355014	-2212.88
834	0.355112	-2288.64
835	0.352518	-2241.28
836	0.355179	-2263.77
837	0.362038	-2347.05
838	0.359788	-2334.12
839	0.353536	-2222.53
840	0.346578	-2129.09
841	0.34603	-2139.76
842	0.361407	-2380.62
843	0.361031	-2339.91
844	0.35834	-2357.63
845	0.364076	-2395.63
846	0.348432	-2160.94
847	0.348726	-2173.29
848	0.35763	-2328.12
849	0.361994	-2344.72
850	0.356203	-2270.88
851	0.346707	-2217.73
852	0.347987	-2168.88
853	0.356843	-2301.68
854	0.350658	-2209.79
855	0.361876	-2392.7
856	0.361192	-2363.05
857	0.353921	-2207.41
858	0.357737	-2316.92
859	0.35795	-2289.8
860	0.349375	-2218.2
861	0.360948	-2367.09
862	0.358911	-2347.98
863	0.360225	-2324.82
864	0.350124	-2194.71
865	0.354028	-2231.09
866	0.362384	-2353.76
867	0.357895	-2310.05
868	0.353785	-2249.92
869	0.355964	-2307.33
870	0.356707	-2281.01
871	0.35741	-2275.91
872	0.354772	-2305.06
873	0.356042	-2296.17
874	0.356174	-2263.66
875	0.35309	-2217.77
876	0.358156	-2320.86
877	0.37337	-2482.28
878	0.355132	-2225.7
879	0.355578	-2278.19
880	0.349581	-2218.74
881	0.352737	-2240.8
882	0.345595	-2118.59
883	0.356476	-2295.51
884	0.350286	-2184.75
885	0.357515	-2267.33
886	0.358782	-2310.23
887	0.352198	-2199.23
888	0.357184	-2310.89
889	0.349595	-2187.02
890	0.360553	-2364.67
891	0.360553	-2343.4
892	0.34955	-2208.38
893	0.355242	-2244.33
894	0.357375	-2332.25
895	0.353169	-2225.03
896	0.34907	-2209.56
897	0.354004	-2273.3
898	0.356491	-2276.26
899	0.342988	-2056.39
900	0.359009	-2357.59
901	0.360167	-2353.9
902	0.356105	-2240.38
903	0.360836	-2363.67
904	0.360788	-2349.02
905	0.345607	-2126.71
906	0.356675	-2302.78
907	0.356915	-2287.57
908	0.361662	-2365.61
909	0.3701	-2444.13
910	0.350737	-2211.22
911	0.35931	-2325.39
912	0.354236	-2233.79
913	0.360124	-2314.32
914	0.357456	-2306.94
915	0.362817	-2357.13
916	0.359803	-2366.65
917	0.3568	-2287.97
918	0.358718	-2315.96
919	0.359708	-2320.14
920	0.356763	-2254.4
921	0.359128	-2345.86
922	0.35986	-2343.93
923	0.361048	-2303.38
924	0.353507	-2232.29
925	0.358361	-2331.9
926	0.363003	-2439.32
927	0.360951	-2345.32
928	0.356327	-2246.44
929	0.353916	-2296.63
930	0.358197	-2306.77
931	0.354509	-2303.96
932	0.351111	-2237.22
933	0.355542	-2271.17
934	0.351582	-2211.05
935	0.360146	-2351.22
936	0.351119	-2227.58
937	0.353588	-2223.64
938	0.351275	-2187.72
939	0.354085	-2256.38
940	0.347234	-2149.09
941	0.356021	-2289.11
942	0.362678	-2350.87
943	0.359204	-2335.91
944	0.356838	-2246.95
945	0.359051	-2338.86
946	0.3567	-2243.86
947	0.356287	-2283.12
948	0.361049	-2342.54
949	0.350089	-2230.61
950	0.355906	-2285.42
951	0.356099	-2284.02
952	0.353851	-2217.35
953	0.354858	-2261.28
954	0.354191	-2271.8
955	0.353096	-2237.15
956	0.344889	-2129.54
957	0.357793	-2299.02
958	0.35194	-2197.68
959	0.356109	-2274.68
960	0.364563	-2365.68
961	0.3521	-2233.97
962	0.365396	-2390.2
963	0.357102	-2261.58
964	0.355325	-2292.46
965	0.353571	-2230.5
966	0.347626	-2113.95
967	0.362407	-2394.58
968	0.358124	-2277.51
969	0.365341	-2424.3
970	0.354996	-2300.64
971	0.34625	-2136
972	0.35646	-2309.71
973	0.353489	-2255.02
974	0.356857	-2294.39
975	0.351514	-2229.78
976	0.358198	-2323.28
977	0.361267	-2374.33
978	0.353848	-2304.21
979	0.352397	-2231.27
980	0.354582	-2312.59
981	0.36355	-2395.27
982	0.359606	-2319.03
983	0.361709	-2340.75
984	0.352436	-2244.65
985	0.35417	-2257.88
986	0.361114	-2357.36
987	0.348411	-2153.19
988	0.353804	-2278.72
989	0.356886	-2272.11
990	0.357081	-2296.42
991	0.354773	-2260.13
992	0.356358	-2294.93
993	0.363124	-2369.75
994	0.351487	-2219.78
995	0.366519	-2407.58
996	0.343363	-2114.1
997	0.349109	-2185.95
998	0.366621	-2416.18
999	0.359895	-2365.79
1000	0.349909	-2183.12
1001	0.350689	-2188.78
1002	0.354028	-2235.11
1003	0.348672	-2159.37
1004	0.351262	-2218.52
1005	0.354959	-2265.61
1006	0.36641	-2440.38
1007	0.362186	-2376.12
1008	0.354192	-2213.92
1009	0.350067	-2185.8
1010	0.357338	-2329.54
1011	0.358668	-2286.26
1012	0.355525	-2253.85
1013	0.351825	-2202.09
1014	0.357131	-2293.74
1015	0.358852	-2355.72
1016	0.351274	-2224.39
1017	0.359512	-2370.56
1018	0.354933	-2245.81
1019	0.349821	-2216.08
1020	0.36248	-2340.93
1021	0.352041	-2226.06
1022	0.353483	-2270.9
1023	0.358204	-2348.62
1024	0.360127	-2367.87
1025	0.353497	-2217.74
1026	0.355892	-2286.96
1027	0.358424	-2312.13
1028	0.348659	-2162.36
1029	0.359958	-2319.39
1030	0.349929	-2199.27
1031	0.356911	-2280.44
1032	0.35559	-2279.31
1033	0.355169	-2252.88
1034	0.36154	-2322.4
1035	0.361498	-2328.62
1036	0.357181	-2219.91
1037	0.360509	-2327.83
1038	0.356071	-2215.05
1039	0.354944	-2289.52
1040	0.357262	-2280.16
1041	0.35022	-2247
1042	0.357265	-2246.8
1043	0.359963	-2372.31
1044	0.352237	-2237.48
1045	0.350053	-2158.9
1046	0.36002	-2340.6
1047	0.35727	-2286.02
1048	0.344135	-2156.91
1049	0.356179	-2315.33
1050	0.352792	-2245.22
1051	0.35018	-2193.13
1052	0.354139	-2241.16
1053	0.356681	-2254.73
1054	0.350086	-2217.73
1055	0.35882	-2331.92
1056	0.357598	-2274.22
1057	0.349945	-2177.84
1058	0.356539	-2259.2
1059	0.35385	-2261.83
1060	0.354095	-2248.64
1061	0.352871	-2250.72
1062	0.348128	-2204.87
1063	0.356634	-2300.57
1064	0.36305	-2384.39
1065	0.360188	-2350.51
1066	0.360447	-2310.43
1067	0.356033	-2294.53
1068	0.345589	-2206.65
1069	0.358719	-2324.07
1070	0.353935	-2258.1
1071	0.348301	-2174.55
1072	0.357044	-2288.65
1073	0.362705	-2335.78
1074	0.358669	-2301.76
1075	0.369394	-2447.45
1076	0.3566	-2290.37
1077	0.348273	-2204.37
1078	0.351467	-2206.1
1079	0.357226	-2292.77
1080	0.3538	-2227.98
1081	0.346949	-2176.32
1082	0.356114	-2273.29
1083	0.359006	-2297.42
1084	0.350661	-2181.42
1085	0.366188	-2440.01
1086	0.350864	-2260.99
1087	0.354404	-2295.7
1088	0.354884	-2241.33
1089	0.358497	-2286.49
1090	0.350777	-2223.32
1091	0.353873	-2250.39
1092	0.35931	-2308.27
1093	0.354536	-2266.5
1094	0.357024	-2302.61
1095	0.355645	-2240.65
1096	0.362425	-2393.11
1097	0.36163	-2330
1098	0.35322	-2248.8
1099	0.358212	-2309.75
1100	0.348904	-2184.28
1101	0.355416	-2248.47
1102	0.359401	-2356.31
1103	0.358663	-2316.05
1104	0.358341	-2285.52
1105	0.361193	-2347.06
1106	0.360355	-2340.94
1107	0.35999	-2312.11
1108	0.35329	-2216.21
1109	0.352488	-2255.7
1110	0.352063	-2225.39
1111	0.343881	-2113.54
1112	0.353801	-2274.46
1113	0.362937	-2384.54
1114	0.369394	-2436.54
1115	0.356538	-2334.48
1116	0.35452	-2302.08
1117	0.359891	-2329.45
1118	0.357381	-2303.03
1119	0.357082	-2267.94
1120	0.356705	-2281.58
1121	0.359099	-2304.03
1122	0.351373	-2219.24
1123	0.349598	-2176.6
1124	0.350768	-2213.99
1125	0.352484	-2219.03
1126	0.348469	-2163.1
1127	0.356875	-2241.45
1128	0.35217	-2256.81
1129	0.354708	-2227.47
1130	0.364517	-2392.77
1131	0.363605	-2416.64
1132	0.35521	-2268.67
1133	0.355483	-2310.45
1134	0.357337	-2318.97
1135	0.34872	-2164.31
1136	0.355195	-2278.43
1137	0.357922	-2275.02
1138	0.351403	-2243.82
1139	0.353817	-2229.62
1140	0.356035	-2248.57
1141	0.348166	-2156.7
1142	0.357745	-2306.64
1143	0.360094	-2346.9
1144	0.347316	-2153.02
1145	0.351971	-2197.93
1146	0.37007	-2460.62
1147	0.35025	-2177.03
1148	0.357593	-2312.3
1149	0.350676	-2187.83
1150	0.354615	-2239.85
1151	0.355045	-2214.67
1152	0.359892	-2364.76
1153	0.353446	-2232.99
1154	0.354614	-2234.98
1155	0.363449	-2349.13
1156	0.362841	-2392.59
1157	0.34718	-2174.34
1158	0.356223	-2266.66
1159	0.353193	-2187.25
1160	0.341111	-2064.06
1161	0.362446	-2372.49
1162	0.360691	-2333.25
1163	0.352622	-2237.41
1164	0.360687	-2330.84
1165	0.359045	-2295.1
1166	0.358051	-2338.65
1167	0.352132	-2237.09
1168	0.345874	-2095.5
1169	0.349014	-2205.28
1170	0.356387	-2307.46
1171	0.355342	-2273.17
1172	0.356443	-2255.73
1173	0.352779	-2286.07
1174	0.361309	-2343.54
1175	0.358226	-2325.22
1176	0.348531	-2200.83
1177	0.36045	-2361.33
1178	0.359222	-2295.56
1179	0.353925	-2250.21
1180	0.356627	-2312.09
1181	0.361275	-2346.95
1182	0.36274	-2370.21
1183	0.356859	-2292.04
1184	0.352642	-2238.64
1185	0.355527	-2224.62
1186	0.360082	-2359.51
1187	0.352458	-2221.88
1188	0.355865	-2262.22
1189	0.348666	-2210.28
1190	0.349126	-2155.02
1191	0.347213	-2167.14
1192	0.356845	-2275.72
1193	0.358915	-2271.07
1194	0.365645	-2403.62
1195	0.355499	-2247.94
1196	0.356291	-2337.73
1197	0.350433	-2220.15
1198	0.359846	-2356.43
1199	0.361056	-2342.39
1200	0.357831	-2298.98
1201	0.348468	-2210.04
1202	0.357891	-2325.11
1203	0.355616	-2281.44
1204	0.352381	-2261.15
1205	0.366086	-2410.13
1206	0.350012	-2192.31
1207	0.35196	-2170.35
1208	0.352892	-2248.14
1209	0.349343	-2213.19
1210	0.351473	-2214.53
1211	0.36098	-2299.69
1212	0.356824	-2308.65
1213	0.353588	-2246.48
1214	0.346999	-2168.47
1215	0.364935	-2432.42
1216	0.356626	-2311.17
1217	0.355015	-2249.85
1218	0.351102	-2224.11
1219	0.349134	-2205.47
1220	0.347768	-2180.91
1221	0.357849	-2293.87
1222	0.35747	-2286.86
1223	0.358727	-2305.6
1224	0.34845	-2160.26
1225	0.353242	-2261.77
1226	0.357597	-2304.82
1227	0.359303	-2335.88
1228	0.357862	-2253.56
1229	0.363258	-2395.05
1230	0.352411	-2219.82
1231	0.351302	-2243.99
1232	0.356294	-2239.39
1233	0.352733	-2266.08
1234	0.358698	-2315.09
1235	0.350461	-2206.48
1236	0.361171	-2358.41
1237	0.365885	-2418.04
1238	0.356509	-2324.7
1239	0.369886	-2452.37
1240	0.355638	-2278.57
1241	0.350413	-2186.17
1242	0.365343	-2421.8
1243	0.356238	-2243.67
1244	0.354492	-2257.55
1245	0.355196	-2276.99
1246	0.356246	-2294.2
1247	0.356844	-2279.73
1248	0.356909	-2274.8
1249	0.356471	-2303.1
1250	0.351918	-2225.6
1251	0.36296	-2355.14
1252	0.357037	-2220.97
1253	0.354413	-2262.47
1254	0.354934	-2249.16
1255	0.364015	-2375.3
1256	0.35384	-2276.32
1257	0.36548	-2401.71
1258	0.356049	-2270.87
1259	0.351841	-2181.62
1260	0.346279	-2136.65
1261	0.35556	-2258.98
1262	0.35295	-2276.63
1263	0.358509	-2272.43
1264	0.35973	-2314.75
1265	0.365049	-2380.93
1266	0.352194	-2193.03
1267	0.350142	-2210.29
1268	0.350562	-2251.43
1269	0.356098	-2286.7
1270	0.349279	-2179.49
1271	0.357727	-2297.91
1272	0.354725	-2249.41
1273	0.359581	-2340.15
1274	0.352306	-2244.01
1275	0.355117	-2268.81
1276	0.357707	-2318.77
1277	0.356207	-2284.71
1278	0.357313	-2272.35
1279	0.356405	-2268.47
1280	0.35903	-2308.15
1281	0.352041	-2244.15
1282	0.353941	-2236.27
1283	0.352576	-2215.03
1284	0.362721	-2378.38
1285	0.36292	-2365.49
1286	0.358867	-2328.08
1287	0.349231	-2187.28
1288	0.349131	-2204.85
1289	0.351994	-2252
1290	0.349188	-2182.07
1291	0.354032	-2221.72
1292	0.354777	-2289.44
1293	0.356815	-2306.28
1294	0.353326	-2269.46
1295	0.352915	-2266.82
1296	0.352753	-2268.93
1297	0.358259	-2363.26
1298	0.350289	-2228.63
1299	0.355086	-2259.41
1300	0.355017	-2283.19
1301	0.353029	-2222.69
1302	0.35014	-2207.59
1303	0.356564	-2321.44
1304	0.350434	-2159.42
1305	0.353411	-2241.43
1306	0.354789	-2245.64
1307	0.352125	-2244.03
1308	0.354529	-2275
1309	0.357365	-2306.46
1310	0.35664	-2271.59
1311	0.360207	-2354.75
1312	0.362676	-2340.53
1313	0.368519	-2467.29
1314	0.351946	-2276.41
1315	0.356965	-2329.52
1316	0.353166	-2228.15
1317	0.356726	-2253.8
1318	0.355171	-2232.9
1319	0.357666	-2315.83
1320	0.352275	-2245.14
1321	0.356443	-2245.52
1322	0.357709	-2281.93
1323	0.35324	-2199.41
1324	0.348364	-2177.8
1325	0.352716	-2224.13
1326	0.343788	-2114.85
1327	0.356346	-2290.59
1328	0.357653	-2272.6
1329	0.355282	-2237.69
1330	0.358455	-2297.38
1331	0.35101	-2230.54
1332	0.357364	-2285.93
1333	0.35819	-2278.06
1334	0.348616	-2192.05
1335	0.350346	-2184.92
1336	0.354949	-2256.28
1337	0.353204	-2237.21
1338	0.356985	-2327.41
1339	0.357254	-2258.47
1340	0.345369	-2115.83
1341	0.35527	-2273.61
1342	0.353985	-2286.27
1343	0.347473	-2219.22
1344	0.352922	-2218.21
1345	0.364882	-2418.54
1346	0.358833	-2344.34
1347	0.349004	-2170.24
1348	0.359848	-2321.57
1349	0.361272	-2344.2
1350	0.353873	-2239.24
1351	0.349448	-2176.08
1352	0.362253	-2359.61
1353	0.354536	-2266.49
1354	0.35707	-2306.83
1355	0.359274	-2294.8
1356	0.346369	-2150.46
1357	0.35913	-2290.02
1358	0.356056	-2318.77
1359	0.356037	-2277.32
1360	0.357815	-2304.91
1361	0.349715	-2227.3
1362	0.351135	-2212.77
1363	0.351923	-2249.18
1364	0.349893	-2186.86
1365	0.353486	-2254.97
1366	0.35264	-2257.15
1367	0.34936	-2189.18
1368	0.355786	-2297.52
1369	0.34759	-2142.62
1370	0.363482	-2331
1371	0.354982	-2280.67
1372	0.34893	-2138.79
1373	0.349635	-2217.81
1374	0.344978	-2108.59
1375	0.356112	-2272.76
1376	0.353436	-2202.23
1377	0.35435	-2260.91
1378	0.35939	-2314.66
1379	0.349632	-2188.73
1380	0.358102	-2334.32
1381	0.351588	-2181.29
1382	0.356174	-2253.03
1383	0.358708	-2273.47
1384	0.362365	-2343.54
1385	0.357583	-2314.02
1386	0.344983	-2143.33
1387	0.361495	-2320.63
1388	0.347596	-2180.47
1389	0.357085	-2311.2
1390	0.350679	-2216.07
1391	0.35171	-2227.61
1392	0.357075	-2276.07
1393	0.359769	-2299.14
1394	0.356525	-2300.2
1395	0.359707	-2366.04
1396	0.355332	-2272.07
1397	0.360272	-2303.41
1398	0.345043	-2136.29
1399	0.354341	-2310.21
1400	0.360616	-2340.9
1401	0.354886	-2220.93
1402	0.351917	-2214.08
1403	0.347799	-2160.22
1404	0.34345	-2098.82
1405	0.359132	-2359.68
1406	0.357068	-2305.52
1407	0.349356	-2202.17
1408	0.357154	-2278.25
1409	0.353087	-2235.87
1410	0.35803	-2271.26
1411	0.347348	-2150.75
1412	0.353027	-2221.44
1413	0.353794	-2223.16
1414	0.362946	-2309.15
1415	0.359123	-2321.2
1416	0.360705	-2344.17
1417	0.359163	-2286.76
1418	0.362713	-2344.42
1419	0.357771	-2285.11
1420	0.364897	-2413.1
1421	0.355534	-2273.34
1422	0.355698	-2269.72
1423	0.361598	-2367.42
1424	0.36045	-2322.24
1425	0.361829	-2388.95
1426	0.353614	-2226.15
1427	0.354574	-2290.48
1428	0.355897	-2290.67
1429	0.359373	-2318.49
1430	0.357064	-2271.55
1431	0.358821	-2308.71
1432	0.351104	-2181.57
1433	0.3588	-2312.37
1434	0.354624	-2255.52
1435	0.344253	-2143.45
1436	0.357305	-2269.02
1437	0.361863	-2372.29
1438	0.356183	-2295.23
1439	0.359296	-2362.61
1440	0.354529	-2256.95
1441	0.351632	-2203.84
1442	0.352223	-2227.95
1443	0.355042	-2272.87
1444	0.350918	-2247.91
1445	0.354985	-2255.36
1446	0.358005	-2304.69
1447	0.362834	-2362.36
1448	0.361061	-2326.61
1449	0.356886	-2250.94
1450	0.35741	-2255.99
1451	0.350271	-2182.98
1452	0.359411	-2333.98
1453	0.353384	-2274.85
1454	0.361435	-2378.63
1455	0.347139	-2167.56
1456	0.367383	-2417.79
1457	0.35954	-2330.06
1458	0.34224	-2067.79
1459	0.359608	-2328.13
1460	0.347316	-2179.78
1461	0.356164	-2334.25
1462	0.356161	-2242.66
1463	0.349602	-2189.86
1464	0.355225	-2269.08
1465	0.364964	-2406.6
1466	0.349062	-2144.99
1467	0.356195	-2237.35
1468	0.357624	-2304.81
1469	0.348228	-2116.5
1470	0.363991	-2359.94
1471	0.353883	-2217.4
1472	0.352365	-2249.73
1473	0.350727	-2195.79
1474	0.357154	-2297.14
1475	0.348104	-2191.12
1476	0.345294	-2122.88
1477	0.352759	-2236.74
1478	0.351529	-2223.86
1479	0.35006	-2202.43
1480	0.354855	-2307.81
1481	0.354261	-2266.47
1482	0.358094	-2308.15
1483	0.355879	-2305.15
1484	0.359695	-2338.26
1485	0.35022	-2170.06
1486	0.352282	-2237.08
1487	0.352081	-2215.67
1488	0.350261	-2200.71
1489	0.362477	-2359.35
1490	0.343119	-2113.84
1491	0.36664	-2396.76
1492	0.351224	-2225.93
1493	0.354498	-2233.58
1494	0.360394	-2358.78
1495	0.360569	-2307.09
1496	0.350843	-2253.78
1497	0.365352	-2388.41
1498	0.358926	-2326.77
1499	0.355847	-2272.75
1500	0.347052	-2180.9
1501	0.355266	-2255.79
1502	0.359862	-2316.98
1503	0.349618	-2173.77
1504	0.362513	-2379.77
1505	0.356822	-2273.83
1506	0.361335	-2332.75
1507	0.357441	-2269.84
1508	0.35576	-2270.27
1509	0.353542	-2244
1510	0.346305	-2144.36
1511	0.360635	-2380.61
1512	0.360354	-2347.33
1513	0.350874	-2234.05
1514	0.359526	-2319.87
1515	0.350982	-2228.21
1516	0.352219	-2204.08
1517	0.352151	-2219.43
1518	0.35277	-2272.69
1519	0.34924	-2217.15
1520	0.351412	-2261
1521	0.359613	-2327.35
1522	0.368958	-2473.7
1523	0.35099	-2209.95
1524	0.363088	-2386.43
1525	0.35029	-2194.97
1526	0.355244	-2282.87
1527	0.349498	-2216.81
1528	0.361217	-2352.59
1529	0.349658	-2238.12
1530	0.357357	-2302.6
1531	0.346455	-2148.68
1532	0.351907	-2189.85
1533	0.355428	-2318.91
1534	0.363141	-2372.44
1535	0.360016	-2287.33
1536	0.357073	-2291.55
1537	0.353811	-2204.7
1538	0.346234	-2167.71
1539	0.356696	-2276.36
1540	0.361074	-2342.66
1541	0.353878	-2290.92
1542	0.359488	-2296.76
1543	0.346795	-2219.22
1544	0.354135	-2203.47
1545	0.349066	-2162.14
1546	0.364627	-2328.67
1547	0.3539	-2240.6
1548	0.350437	-2228.14
1549	0.360966	-2345.99
1550	0.345745	-2126.94
1551	0.360504	-2373.67
1552	0.359617	-2320.53
1553	0.354935	-2269.39
1554	0.35645	-2272.43
1555	0.35136	-2224.04
1556	0.351007	-2232.32
1557	0.356885	-2261.37
1558	0.362484	-2391.98
1559	0.347433	-2130.28
1560	0.360366	-2285.01
1561	0.349973	-2175.64
1562	0.358424	-2323.02
1563	0.35815	-2312.97
1564	0.349754	-2166.52
1565	0.349454	-2181.74
1566	0.352132	-2230.98
1567	0.351412	-2258.94
1568	0.346888	-2141.59
1569	0.357417	-2284.36
1570	0.367213	-2419.82
1571	0.354227	-2290.44
1572	0.358499	-2277.83
1573	0.358226	-2314.09
1574	0.360584	-2350.08
1575	0.359253	-2321.61
1576	0.349695	-2178.05
1577	0.357769	-2294.61
1578	0.359699	-2345.38
1579	0.360597	-2337.9
1580	0.357406	-2286.78
1581	0.365008	-2398.64
1582	0.366648	-2377.25
1583	0.359008	-2271.55
1584	0.352823	-2184.4
1585	0.360853	-2362.24
1586	0.355348	-2268.02
1587	0.359684	-2315.32
1588	0.339616	-2092.63
1589	0.353026	-2267.62
1590	0.357762	-2274.56
1591	0.35271	-2201.81
1592	0.354179	-2261.98
1593	0.352035	-2234.19
1594	0.352476	-2239.22
1595	0.358159	-2289.86
1596	0.351864	-2280.67
1597	0.35209	-2184.24
1598	0.358535	-2291.72
1599	0.349158	-2180.62
1600	0.358182	-2290.83
1601	0.359081	-2312.69
1602	0.349385	-2194.64
1603	0.356221	-2309.69
1604	0.359359	-2308.83
1605	0.352337	-2235.21
1606	0.35755	-2344.37
1607	0.35952	-2322.97
1608	0.35966	-2281.56
1609	0.348285	-2213.44
1610	0.357613	-2332.31
1611	0.351098	-2194.73
1612	0.351351	-2228.59
1613	0.34787	-2179.33
1614	0.357255	-2255.71
1615	0.355657	-2256.5
1616	0.352793	-2252.55
1617	0.358049	-2283.94
1618	0.352577	-2261.37
1619	0.353419	-2201.11
1620	0.361275	-2352.75
1621	0.35178	-2235.5
1622	0.356168	-2308.71
1623	0.355819	-2286.73
1624	0.34851	-2170.36
1625	0.357394	-2318.87
1626	0.353279	-2235.83
1627	0.360306	-2351.75
1628	0.342491	-2113.84
1629	0.361682	-2344.43
1630	0.349222	-2193.51
1631	0.353795	-2264.33
1632	0.352429	-2245.94
1633	0.354538	-2252.63
1634	0.352198	-2234.54
1635	0.350893	-2210.41
1636	0.346389	-2177.08
1637	0.356976	-2279.53
1638	0.358845	-2329.64
1639	0.360764	-2354.63
1640	0.35636	-2234.58
1641	0.347685	-2163.87
1642	0.358509	-2333.09
1643	0.348584	-2171.96
1644	0.355601	-2237.49
1645	0.354689	-2301.45
1646	0.352037	-2237.66
1647	0.359841	-2342.41
1648	0.360458	-2276.34
1649	0.358101	-2355.49
1650	0.350625	-2209.12
1651	0.357986	-2296.01
1652	0.362223	-2370.87
1653	0.35792	-2312.15
1654	0.357463	-2307.85
1655	0.359326	-2322.89
1656	0.360126	-2284.73
1657	0.359397	-2346.78
1658	0.358923	-2335.61
1659	0.359304	-2337.94
1660	0.35211	-2214.68
1661	0.364184	-2326.61
1662	0.344806	-2168.64
1663	0.354234	-2192.58
1664	0.360771	-2286.39
1665	0.352245	-2187.43
1666	0.357877	-2277.13
1667	0.354264	-2245.06
1668	0.362679	-2366.39
1669	0.354835	-2223.47
1670	0.360674	-2358.31
1671	0.355866	-2292.56
1672	0.359652	-2289.67
1673	0.355075	-2288.99
1674	0.354316	-2221.49
1675	0.349713	-2198.2
1676	0.364086	-2390.71
1677	0.348351	-2155.34
1678	0.352881	-2202.06
1679	0.353098	-2209.99
1680	0.361006	-2354.72
1681	0.358314	-2298.72
1682	0.360765	-2285.61
1683	0.355946	-2233.67
1684	0.351635	-2195.25
1685	0.353748	-2257.84
1686	0.35508	-2312.95
1687	0.353086	-2264.39
1688	0.360144	-2338.8
1689	0.360609	-2338.42
1690	0.351537	-2221.78
1691	0.347539	-2189.49
1692	0.359856	-2309.56
1693	0.359406	-2324.32
1694	0.35524	-2228.18
1695	0.346622	-2155.43
1696	0.361612	-2344.6
1697	0.354606	-2235.37
1698	0.357759	-2298.71
1699	0.356734	-2289.12
1700	0.355506	-2228.27
1701	0.349548	-2150.39
1702	0.348779	-2134.56
1703	0.360583	-2339.57
1704	0.360676	-2326.61
1705	0.348761	-2216.86
1706	0.352727	-2213.02
1707	0.351501	-2217.14
1708	0.352543	-2251.52
1709	0.355176	-2264.18
1710	0.360908	-2341.99
1711	0.359717	-2320.46
1712	0.350837	-2174.69
1713	0.362866	-2396.86
1714	0.349191	-2205.05
1715	0.349009	-2198.55
1716	0.344276	-2150.52
1717	0.349728	-2210
1718	0.350762	-2222.76
1719	0.35603	-2273.34
1720	0.353025	-2226.49
1721	0.35259	-2207.55
1722	0.360011	-2363.46
1723	0.359045	-2328.68
1724	0.36361	-2356.1
1725	0.361936	-2352.58
1726	0.354151	-2274.56
1727	0.353388	-2237.34
1728	0.352492	-2216.59
1729	0.358657	-2318.26
1730	0.351606	-2223.4
1731	0.358569	-2310.46
1732	0.359572	-2317.86
1733	0.356306	-2306.1
1734	0.360499	-2338.55
1735	0.353978	-2265.05
1736	0.353756	-2186.44
1737	0.358597	-2319.31
1738	0.353517	-2216.49
1739	0.360334	-2343.73
1740	0.359106	-2356.27
1741	0.363149	-2385.58
1742	0.354864	-2255.94
1743	0.354539	-2240.82
1744	0.359525	-2323.73
1745	0.356024	-2319.99
1746	0.356505	-2270.36
1747	0.359175	-2333.5
1748	0.349057	-2174.29
1749	0.360798	-2345.96
1750	0.35703	-2334.81
1751	0.354034	-2269.55
1752	0.35515	-2262.24
1753	0.355801	-2282.49
1754	0.361265	-2371.57
1755	0.353432	-2230.01
1756	0.36664	-2401.2
1757	0.353279	-2241.71
1758	0.355031	-2281.16
1759	0.354161	-2260.07
1760	0.352046	-2216.25
1761	0.346854	-2155.43
1762	0.363575	-2373.62
1763	0.359456	-2303.43
1764	0.355737	-2283.5
1765	0.356452	-2290.23
1766	0.358265	-2295.86
1767	0.35886	-2311.89
1768	0.359196	-2308.36
1769	0.362093	-2323.51
1770	0.359291	-2322.69
1771	0.353684	-2245.61
1772	0.356698	-2293.45
1773	0.354743	-2271.75
1774	0.357255	-2232.52
1775	0.365497	-2364.09
1776	0.364014	-2373.59
1777	0.359966	-2314.69
1778	0.353155	-2268.14
1779	0.345876	-2146.18
1780	0.347845	-2187.33
1781	0.348075	-2136.66
1782	0.352843	-2237.08
1783	0.359485	-2329.02
1784	0.358095	-2263.87
1785	0.354823	-2223.5
1786	0.356534	-2281.34
1787	0.348912	-2177.08
1788	0.358088	-2255.12
1789	0.351584	-2197.38
1790	0.356081	-2254.78
1791	0.36172	-2327.68
1792	0.352792	-2218.83
1793	0.354212	-2236.33
1794	0.353414	-2227.87
1795	0.349675	-2175.13
1796	0.350418	-2187.74
1797	0.349374	-2200.06
1798	0.349846	-2208.18
1799	0.349199	-2178.8
1800	0.351582	-2209.79
1801	0.360069	-2346.86
1802	0.347841	-2180.5
1803	0.355259	-2259.2
1804	0.362715	-2386.37
1805	0.353901	-2274.35
1806	0.358829	-2304.62
1807	0.353301	-2215.94
1808	0.355432	-2250.5
1809	0.35534	-2250.88
1810	0.359232	-2341.15
1811	0.361299	-2334.66
1812	0.358803	-2321.91
1813	0.36088	-2361.85
1814	0.363229	-2409.19
1815	0.350036	-2220.45
1816	0.360307	-2337.3
1817	0.352328	-2222.72
1818	0.356819	-2350.4
1819	0.34782	-2162.05
1820	0.365854	-2350.41
1821	0.364053	-2393
1822	0.348253	-2194.39
1823	0.353711	-2289.34
1824	0.357965	-2305.42
1825	0.361503	-2343.23
1826	0.356792	-2266.82
1827	0.348093	-2174.17
1828	0.346426	-2144.39
1829	0.345114	-2135.12
1830	0.355192	-2284.97
1831	0.343415	-2112.28
1832	0.344461	-2161.02
1833	0.363118	-2364.77
1834	0.350325	-2224.89
1835	0.358428	-2314.44
1836	0.361522	-2371.66
1837	0.353341	-2279.33
1838	0.358202	-2332.15
1839	0.357229	-2292.84
1840	0.361576	-2378.93
1841	0.35986	-2348.64
1842	0.354054	-2277.07
1843	0.348382	-2190.05
1844	0.354074	-2247.63
1845	0.360169	-2319.66
1846	0.357522	-2274.01
1847	0.356433	-2334.38
1848	0.356772	-2343.44
1849	0.356239	-2286.03
1850	0.349887	-2210.86
1851	0.349719	-2218.61
1852	0.343373	-2115.13
1853	0.349842	-2187.34
1854	0.35365	-2204.25
1855	0.354041	-2242.01
1856	0.362993	-2380.8
1857	0.354149	-2258.21
1858	0.353817	-2274.31
1859	0.357806	-2270.83
1860	0.354756	-2251.84
1861	0.351121	-2236.75
1862	0.350544	-2239.11
1863	0.348407	-2138.22
1864	0.357476	-2290.82
1865	0.348549	-2174.09
1866	0.356456	-2292.72
1867	0.35587	-2296.62
1868	0.356868	-2269.7
1869	0.358713	-2297.77
1870	0.355114	-2268.64
1871	0.350389	-2204.71
1872	0.355581	-2328.39
1873	0.353262	-2256.72
1874	0.35577	-2325.55
1875	0.356528	-2310.7
1876	0.362329	-2388.03
1877	0.357489	-2319.55
1878	0.353057	-2222.54
1879	0.349393	-2241.06
1880	0.350648	-2226.88
1881	0.356151	-2265.32
1882	0.36711	-2425.89
1883	0.357175	-2284.29
1884	0.364395	-2347.17
1885	0.35033	-2195.99
1886	0.358783	-2326.32
1887	0.356154	-2291.43
1888	0.361978	-2377.72
1889	0.349909	-2174.65
1890	0.359519	-2319.7
1891	0.35408	-2247.37
1892	0.357488	-2291.47
1893	0.36197	-2400.07
1894	0.356661	-2313.71
1895	0.350129	-2129.57
1896	0.357305	-2287.4
1897	0.356201	-2270.08
1898	0.351348	-2245.31
1899	0.366176	-2414.35
1900	0.361154	-2323.4
1901	0.348553	-2190.14
1902	0.356335	-2308.57
1903	0.351424	-2220.29
1904	0.357818	-2274.84
1905	0.354396	-2189.49
1906	0.347521	-2190.17
1907	0.34782	-2179.54
1908	0.361474	-2332.67
1909	0.360478	-2338.9
1910	0.346863	-2173.34
1911	0.352077	-2222.68
1912	0.3562	-2261.43
1913	0.355812	-2292.29
1914	0.351313	-2197.82
1915	0.355888	-2266.41
1916	0.355616	-2268.16
1917	0.35812	-2320.7
1918	0.360648	-2395.09
1919	0.358202	-2368.34
1920	0.350499	-2215.38
1921	0.355465	-2245.32
1922	0.358043	-2306.38
1923	0.357007	-2277.82
1924	0.355895	-2289.56
1925	0.354549	-2257.29
1926	0.360376	-2331.02
1927	0.354325	-2255.13
1928	0.356683	-2293.93
1929	0.347134	-2127.3
1930	0.354035	-2205.15
1931	0.354964	-2288.6
1932	0.352137	-2204.58
1933	0.367266	-2471.1
1934	0.356736	-2312.23
1935	0.354208	-2274.59
1936	0.354296	-2268.21
1937	0.356942	-2297.23
1938	0.361094	-2330.18
1939	0.349909	-2170.31
1940	0.359184	-2299.75
1941	0.348596	-2134.95
1942	0.356438	-2260.97
1943	0.347157	-2165.3
1944	0.355239	-2208.71
1945	0.354266	-2273.22
1946	0.362995	-2371.54
1947	0.34694	-2164.55
1948	0.353798	-2280.41
1949	0.361593	-2356.39
1950	0.352967	-2234.67
1951	0.360303	-2353.07
1952	0.358709	-2309.16
1953	0.352133	-2213.18
1954	0.36732	-2417.63
1955	0.355944	-2256.11
1956	0.355536	-2237.51
1957	0.3605	-2323.36
1958	0.360079	-2342.07
1959	0.355271	-2249.97
1960	0.358769	-2334.38
1961	0.352857	-2248
1962	0.358034	-2302.04
1963	0.3592	-2289.76
1964	0.355897	-2254.95
1965	0.352869	-2255.06
1966	0.354717	-2245.59
1967	0.356697	-2299.51
1968	0.357474	-2278.14
1969	0.35762	-2279.68
1970	0.352406	-2208.28
1971	0.354221	-2254.85
1972	0.352461	-2240.78
1973	0.354446	-2238.4
1974	0.357147	-2302.46
1975	0.354277	-2272.31
1976	0.359473	-2320.21
1977	0.355828	-2274.1
1978	0.349557	-2182.16
1979	0.359838	-2359.65
1980	0.355947	-2288.28
1981	0.354175	-2266.56
1982	0.355357	-2240.75
1983	0.350284	-2244.2
1984	0.353086	-2260.18
1985	0.347685	-2216.17
1986	0.358503	-2301.02
1987	0.359121	-2344.82
1988	0.351801	-2280.37
1989	0.36118	-2342.23
1990	0.35562	-2274.89
1991	0.365415	-2422.06
1992	0.355798	-2219.98
1993	0.353218	-2265.53
1994	0.354149	-2210.61
1995	0.362498	-2388.05
1996	0.352304	-2205.72
1997	0.355763	-2254.59
1998	0.358113	-2331.24
1999	0.355526	-2275.56
2000	0.365587	-2375.24
2001	0.36137	-2397.64
2002	0.353571	-2211.02
2003	0.35356	-2248.06
2004	0.352173	-2262.73
2005	0.350903	-2208.16
2006	0.356584	-2279.99
2007	0.3513	-2194.82
2008	0.363819	-2408.64
2009	0.354998	-2244.98
2010	0.358377	-2298.1
2011	0.358204	-2298.88
2012	0.35172	-2235.41
2013	0.352403	-2226.16
2014	0.350615	-2193.72
2015	0.361075	-2328.09
2016	0.360465	-2323.73
2017	0.3591	-2307.89
2018	0.353096	-2237.89
2019	0.353091	-2263.7
2020	0.352752	-2236.45
2021	0.354817	-2274.54
2022	0.350819	-2150.11
2023	0.3625	-2403.21
2024	0.360951	-2370.47
2025	0.356164	-2306.37
2026	0.362834	-2349.44
2027	0.357436	-2322.72
2028	0.36011	-2342.64
2029	0.348037	-2177.33
2030	0.354183	-2247.67
2031	0.355117	-2263.39
2032	0.346735	-2179.16
2033	0.356417	-2275.7
2034	0.352133	-2226.29
2035	0.347437	-2177.37
2036	0.355526	-2240.05
2037	0.345533	-2126.22
2038	0.360941	-2355.25
2039	0.348087	-2160.59
2040	0.359196	-2323.97
2041	0.357094	-2320.33
2042	0.347863	-2211.68
2043	0.362265	-2300.35
2044	0.3463	-2137.5
2045	0.361538	-2352.05
2046	0.363378	-2327.03
2047	0.364217	-2441.47
2048	0.356549	-2301.41
2049	0.35662	-2297.15
2050	0.348817	-2173.03
2051	0.353732	-2274.82
2052	0.349839	-2179.98
2053	0.352947	-2237.14
2054	0.3504	-2193.34
2055	0.355855	-2310.58
2056	0.351288	-2221.74
2057	0.357806	-2271.6
2058	0.357573	-2340.63
2059	0.348125	-2174.72
2060	0.365047	-2396.91
2061	0.357757	-2316.81
2062	0.355566	-2269.62
2063	0.345332	-2192.41
2064	0.357836	-2352.88
2065	0.356218	-2246.14
2066	0.363366	-2342.73
2067	0.347327	-2124.09
2068	0.365549	-2399.02
2069	0.351127	-2217.15
2070	0.35514	-2259.09
2071	0.347808	-2179.78
2072	0.349946	-2244.69
2073	0.349078	-2164.25
2074	0.355591	-2308.57
2075	0.361499	-2359.8
2076	0.349128	-2184.39
2077	0.348421	-2208.29
2078	0.351431	-2196.36
2079	0.354479	-2261.58
2080	0.358716	-2274.35
2081	0.349546	-2202.64
2082	0.365374	-2400.46
2083	0.345141	-2201.44
2084	0.35465	-2243.12
2085	0.353304	-2201.47
2086	0.355259	-2286.58
2087	0.351245	-2172.24
2088	0.356526	-2301.31
2089	0.348695	-2202.49
2090	0.351661	-2221.15
2091	0.348724	-2162.01
2092	0.358933	-2316.5
2093	0.357794	-2305.54
2094	0.35602	-2249.23
2095	0.353965	-2231.12
2096	0.350971	-2241.62
2097	0.366365	-2418.04
2098	0.360041	-2304.88
2099	0.358079	-2292.72
2100	0.358234	-2304.82
2101	0.358706	-2317.77
2102	0.349686	-2206.95
2103	0.363973	-2409.43
2104	0.350068	-2204.76
2105	0.361164	-2369.46
2106	0.350106	-2171.42
2107	0.352473	-2267.82
2108	0.351819	-2244.59
2109	0.353895	-2237.7
2110	0.35625	-2276.57
2111	0.354475	-2241.13
2112	0.348876	-2211.56
2113	0.355079	-2268.34
2114	0.353353	-2227.28
2115	0.364177	-2395.26
2116	0.346717	-2175.52
2117	0.352413	-2243.96
2118	0.352097	-2238.65
2119	0.35425	-2226.19
2120	0.34956	-2156.29
2121	0.355061	-2254
2122	0.352875	-2218.36
2123	0.355963	-2271.7
2124	0.359931	-2347.37
2125	0.351159	-2236.85
2126	0.360534	-2348.38
2127	0.361432	-2335.09
2128	0.364102	-2387.96
2129	0.360974	-2306.39
2130	0.349556	-2221
2131	0.352334	-2224.06
2132	0.359798	-2365.27
2133	0.35451	-2260.62
2134	0.354375	-2243.09
2135	0.360682	-2347.99
2136	0.350493	-2215.8
2137	0.350197	-2223.06
2138	0.361099	-2336.83
2139	0.357219	-2298.87
2140	0.350827	-2190.47
2141	0.354458	-2285.65
2142	0.354347	-2254.96
2143	0.357184	-2269.1
2144	0.353934	-2248.02
2145	0.350165	-2206.92
2146	0.352912	-2216.7
2147	0.351468	-2191.49
2148	0.355268	-2269.37
2149	0.347851	-2152.76
2150	0.362963	-2381.28
2151	0.354049	-2274.69
2152	0.352324	-2247.95
2153	0.366567	-2442.61
2154	0.349815	-2193.33
2155	0.355041	-2252.71
2156	0.353869	-2231.36
2157	0.361665	-2314.42
2158	0.355953	-2319.84
2159	0.356495	-2295.15
2160	0.359098	-2328.35
2161	0.360686	-2304.62
2162	0.354858	-2285.38
2163	0.344522	-2122.54
2164	0.353594	-2242.72
2165	0.355301	-2250.5
2166	0.357928	-2280.88
2167	0.355086	-2271.68
2168	0.36096	-2348.31
2169	0.360919	-2339.84
2170	0.348091	-2185.69
2171	0.34984	-2205.61
2172	0.359056	-2328.57
2173	0.349349	-2231.52
2174	0.362372	-2351.18
2175	0.354922	-2276.04
2176	0.357391	-2293.72
2177	0.368616	-2456.63
2178	0.348118	-2219.7
2179	0.351053	-2182.06
2180	0.356479	-2265.92
2181	0.354254	-2260.68
2182	0.354706	-2173.24
2183	0.360641	-2375.65
2184	0.353949	-2255.7
2185	0.351884	-2243.14
2186	0.364563	-2381.46
2187	0.351592	-2221.54
2188	0.3544	-2225.02
2189	0.357911	-2322.49
2190	0.362535	-2374.17
2191	0.359209	-2278.52
2192	0.357887	-2332.07
2193	0.352947	-2270.68
2194	0.354972	-2271.14
2195	0.355884	-2226.94
2196	0.358515	-2295.08
2197	0.361266	-2338.81
2198	0.3596	-2364.27
2199	0.353079	-2254.03
2200	0.364654	-2383.12
2201	0.354859	-2317.3
2202	0.352986	-2243.32
2203	0.357208	-2297.02
2204	0.360311	-2334.92
2205	0.355678	-2320.01
2206	0.350015	-2217.49
2207	0.362035	-2399.86
2208	0.350285	-2191.47
2209	0.350205	-2207.27
2210	0.354949	-2256.82
2211	0.352846	-2229.38
2212	0.348649	-2183.18
2213	0.360355	-2373.77
2214	0.357238	-2297.98
2215	0.357493	-2323.31
2216	0.355139	-2250.98
2217	0.355808	-2264.35
2218	0.352751	-2214.83
2219	0.354628	-2285.26
2220	0.353476	-2201.27
2221	0.354906	-2277.29
2222	0.353584	-2204.79
2223	0.356315	-2257.17
2224	0.35087	-2179.04
2225	0.353082	-2248.7
2226	0.354705	-2292.46
2227	0.360715	-2354.22
2228	0.342006	-2069.96
2229	0.355053	-2249.7
2230	0.361818	-2348.05
2231	0.359484	-2293.45
2232	0.364049	-2353.34
2233	0.353988	-2240.71
2234	0.363298	-2407.18
2235	0.342844	-2125.21
2236	0.350413	-2194.09
2237	0.358493	-2294.87
2238	0.35165	-2194.51
2239	0.360589	-2366.6
2240	0.353471	-2245.13
2241	0.359621	-2327.91
2242	0.355356	-2255.03
2243	0.350391	-2229.77
2244	0.357078	-2271.65
2245	0.352832	-2200.79
2246	0.358023	-2305.23
2247	0.363546	-2410.73
2248	0.365883	-2415.12
2249	0.354058	-2282.22
2250	0.361666	-2360.18
2251	0.354687	-2262.13
2252	0.353647	-2286.44
2253	0.362034	-2333.53
2254	0.354037	-2246.51
2255	0.358628	-2289.48
2256	0.35725	-2273.03
2257	0.355798	-2239.83
2258	0.353616	-2249.12
2259	0.355996	-2249.15
2260	0.363146	-2404.84
2261	0.352865	-2215.64
2262	0.350326	-2256.74
2263	0.356601	-2282.23
2264	0.366493	-2383.97
2265	0.349381	-2169.14
2266	0.359364	-2322.75
2267	0.354752	-2267.99
2268	0.361914	-2364.37
2269	0.354034	-2260.74
2270	0.358845	-2280.95
2271	0.358378	-2329.35
2272	0.349219	-2157.43
2273	0.353915	-2266.58
2274	0.352942	-2251.98
2275	0.361811	-2345.01
2276	0.355913	-2322.28
2277	0.356237	-2256.11
2278	0.35944	-2304.75
2279	0.349129	-2214.66
2280	0.354197	-2252.68
2281	0.360727	-2341.6
2282	0.341414	-2107.28
2283	0.348155	-2129.78
2284	0.357469	-2333.31
2285	0.347991	-2150
2286	0.354556	-2232.22
2287	0.341885	-2104.98
2288	0.350927	-2172.03
2289	0.347629	-2160.54
2290	0.348729	-2212.45
2291	0.352208	-2241.6
2292	0.3452	-2169.89
2293	0.359365	-2363.29
2294	0.349631	-2222.14
2295	0.355696	-2259.11
2296	0.361629	-2388.39
2297	0.35447	-2258.85
2298	0.359343	-2251.07
2299	0.365309	-2333.31
2300	0.35582	-2272.86
2301	0.359314	-2340.44
2302	0.358513	-2304.01
2303	0.357868	-2277.36
2304	0.352525	-2223.48
2305	0.354908	-2293.93
2306	0.356889	-2313.27
2307	0.34831	-2181.25
2308	0.356485	-2320.22
2309	0.344996	-2180.92
2310	0.352305	-2233.16
2311	0.358354	-2321.66
2312	0.35343	-2221.17
2313	0.352861	-2275.16
2314	0.350134	-2180.43
2315	0.343358	-2096.02
2316	0.35301	-2249.5
2317	0.354073	-2221.43
2318	0.349566	-2217.49
2319	0.352689	-2230.22
2320	0.354121	-2250.36
2321	0.357799	-2380.32
2322	0.356608	-2289.27
2323	0.35567	-2287.2
2324	0.352489	-2251.08
2325	0.349509	-2211.96
2326	0.347266	-2215.57
2327	0.345255	-2153.26
2328	0.359745	-2307.85
2329	0.354794	-2247.47
2330	0.358531	-2312.41
2331	0.346877	-2191.52
2332	0.353784	-2255.05
2333	0.357711	-2287.49
2334	0.34249	-2140.07
2335	0.353512	-2277.68
2336	0.366502	-2441.35
2337	0.36682	-2397.69
2338	0.357788	-2274.16
2339	0.355504	-2304.96
2340	0.346763	-2202.75
2341	0.352377	-2279.15
2342	0.356493	-2314.29
2343	0.356134	-2287.19
2344	0.355938	-2265.02
2345	0.361261	-2306.02
2346	0.355739	-2269.8
2347	0.360194	-2336.53
2348	0.359584	-2325.04
2349	0.356581	-2263.95
2350	0.355127	-2263.23
2351	0.35595	-2306.77
2352	0.350984	-2185.72
2353	0.362769	-2381.39
2354	0.344626	-2105.25
2355	0.352114	-2254.81
2356	0.36488	-2380.56
2357	0.349926	-2185.97
2358	0.354168	-2277.19
2359	0.350023	-2193.21
2360	0.355154	-2269.57
2361	0.352857	-2252.95
2362	0.346543	-2171.16
2363	0.361346	-2346.45
2364	0.358833	-2369.39
2365	0.362901	-2358.04
2366	0.349721	-2171.69
2367	0.346018	-2164.98
2368	0.354623	-2257.79
2369	0.356221	-2274.25
2370	0.352247	-2224.27
2371	0.350032	-2233
2372	0.353219	-2197.43
2373	0.356178	-2305.9
2374	0.352654	-2205.13
2375	0.357293	-2256.86
2376	0.353414	-2229.36
2377	0.35801	-2283.42
2378	0.355708	-2294.31
2379	0.364162	-2390.16
2380	0.353769	-2219.52
2381	0.349411	-2184.07
2382	0.356557	-2308.27
2383	0.346481	-2129.64
2384	0.348132	-2179.41
2385	0.359912	-2299.74
2386	0.350514	-2209.15
2387	0.363844	-2373.28
2388	0.35164	-2260.36
2389	0.346918	-2166.2
2390	0.355962	-2282.45
2391	0.353373	-2223.82
2392	0.357408	-2321.36
2393	0.357934	-2282.78
2394	0.355757	-2261.06
2395	0.357026	-2308.9
2396	0.353267	-2230.76
2397	0.35147	-2200.68
2398	0.359268	-2328.92
2399	0.355591	-2253.07
2400	0.366324	-2417.04
2401	0.356396	-2237.46
2402	0.353927	-2275.88
2403	0.353093	-2189.33
2404	0.350999	-2235.14
2405	0.350887	-2209.61
2406	0.347305	-2167.35
2407	0.359244	-2302.29
2408	0.354883	-2282.39
2409	0.353678	-2286.71
2410	0.354138	-2241.61
2411	0.357638	-2287.27
2412	0.359623	-2314.17
2413	0.356135	-2274.8
2414	0.348419	-2192.31
2415	0.352901	-2195.89
2416	0.355919	-2314.25
2417	0.363268	-2365.21
2418	0.357948	-2320.26
2419	0.357495	-2240.94
2420	0.356629	-2308.68
2421	0.356897	-2283.63
2422	0.347711	-2167.6
2423	0.357371	-2311.07
2424	0.360718	-2300.01
2425	0.361306	-2353.02
2426	0.353729	-2227.71
2427	0.357889	-2266.43
2428	0.354007	-2275.66
2429	0.355478	-2289.11
2430	0.356793	-2269.72
2431	0.352145	-2223.77
2432	0.352517	-2263.26
2433	0.36139	-2349.84
2434	0.351064	-2268.09
2435	0.358409	-2314.32
2436	0.354602	-2238.01
2437	0.356315	-2267.59
2438	0.360021	-2354.73
2439	0.354234	-2253.71
2440	0.357257	-2300.16
2441	0.357649	-2303.97
2442	0.357142	-2297.63
2443	0.357341	-2292.73
2444	0.354856	-2256.08
2445	0.349923	-2173.88
2446	0.352635	-2265.1
2447	0.355956	-2315.19
2448	0.35227	-2240.79
2449	0.358784	-2318.91
2450	0.348113	-2187.29
2451	0.353275	-2249.06
2452	0.35854	-2307.34
2453	0.357072	-2296.85
2454	0.359963	-2288.93
2455	0.359555	-2292.55
2456	0.350916	-2204.91
2457	0.355461	-2254.53
2458	0.352855	-2217.5
2459	0.355342	-2236.06
2460	0.351358	-2210.82
2461	0.343362	-2091.65
2462	0.357402	-2274.19
2463	0.357186	-2278.8
2464	0.359389	-2320.51
2465	0.363172	-2410.59
2466	0.357275	-2328.66
2467	0.355864	-2277.54
2468	0.352705	-2224.79
2469	0.358022	-2325.67
2470	0.356637	-2299.6
2471	0.353821	-2239.7
2472	0.346024	-2115.21
2473	0.364966	-2414.22
2474	0.355464	-2256.43
2475	0.356823	-2308.94
2476	0.360461	-2316.53
2477	0.357021	-2279.81
2478	0.353736	-2309.27
2479	0.355944	-2249
2480	0.356004	-2256.56
2481	0.353106	-2267.66
2482	0.35533	-2317.64
2483	0.352484	-2210.41
2484	0.357463	-2353.55
2485	0.350026	-2223.72
2486	0.355914	-2316.8
2487	0.349985	-2201.2
2488	0.354255	-2280.73
2489	0.363589	-2379.97
2490	0.350824	-2234.36
2491	0.353475	-2250.23
2492	0.354349	-2244.93
2493	0.352089	-2239.64
2494	0.356509	-2306.5
2495	0.352189	-2177.42
2496	0.354098	-2227.89
2497	0.351511	-2252.41
2498	0.356364	-2323.62
2499	0.357291	-2296
2500	0.354663	-2271.98
2501	0.355067	-2220.98
2502	0.355684	-2253.88
2503	0.357327	-2290.36
2504	0.350001	-2194.05
2505	0.35819	-2324.99
2506	0.360357	-2352.91
2507	0.353717	-2278.9
2508	0.357918	-2317.85
2509	0.347426	-2147.23
2510	0.351205	-2196.14
2511	0.346341	-2156.31
2512	0.358171	-2263.58
2513	0.359495	-2298.42
2514	0.35279	-2192.25
2515	0.357116	-2289.5
2516	0.355487	-2252.02
2517	0.362822	-2377.62
2518	0.359082	-2333.04
2519	0.353984	-2229.84
2520	0.351757	-2212.9
2521	0.354208	-2291.78
2522	0.36681	-2436.7
2523	0.356835	-2298.81
2524	0.360617	-2341.48
2525	0.352863	-2254.08
2526	0.358339	-2324.71
2527	0.356816	-2299.13
2528	0.352475	-2215.11
2529	0.353986	-2250.13
2530	0.36054	-2373.45
2531	0.341562	-2107.12
2532	0.355875	-2267.59
2533	0.355356	-2292.7
2534	0.35514	-2276.93
2535	0.357963	-2303.68
2536	0.354923	-2278.75
2537	0.35931	-2295.39
2538	0.350618	-2239.68
2539	0.355031	-2270.98
2540	0.350965	-2198.48
2541	0.353575	-2216.87
2542	0.357936	-2294.23
2543	0.36181	-2359.13
2544	0.35691	-2280.88
2545	0.346974	-2100.81
2546	0.35544	-2261.79
2547	0.360591	-2366.64
2548	0.355631	-2272.87
2549	0.361978	-2390.8
2550	0.352511	-2252.38
2551	0.355485	-2278.87
2552	0.359118	-2368.31
2553	0.353806	-2245.11
2554	0.362507	-2368.6
2555	0.348309	-2206.36
2556	0.362244	-2361.16
2557	0.354424	-2269.04
2558	0.348653	-2180.12
2559	0.34552	-2129.01
2560	0.355712	-2283.59
2561	0.350356	-2249.77
2562	0.347344	-2174.82
2563	0.351604	-2270.56
2564	0.355019	-2264.5
2565	0.346218	-2178.89
2566	0.357369	-2327.9
2567	0.353361	-2212.77
2568	0.354825	-2214.89
2569	0.356328	-2299.69
2570	0.352033	-2238.17
2571	0.353295	-2259.28
2572	0.354559	-2289.1
2573	0.35831	-2264.98
2574	0.359531	-2326.59
2575	0.354373	-2219.13
2576	0.350797	-2162.21
2577	0.352135	-2261.83
2578	0.351159	-2198.5
2579	0.353214	-2265.28
2580	0.356504	-2276.54
2581	0.35774	-2299.12
2582	0.358536	-2296.9
2583	0.34969	-2215.68
2584	0.353941	-2240.98
2585	0.361484	-2323.86
2586	0.357919	-2326.62
2587	0.361327	-2360.49
2588	0.357688	-2299.66
2589	0.347215	-2161.56
2590	0.35723	-2307.02
2591	0.353472	-2173.77
2592	0.357388	-2297.7
2593	0.351705	-2192.63
2594	0.363857	-2364.72
2595	0.352709	-2206.46
2596	0.355191	-2263.39
2597	0.360806	-2366.13
2598	0.358035	-2290.12
2599	0.356883	-2303.03
2600	0.356131	-2289.15
2601	0.354779	-2240.16
2602	0.352656	-2248.07
2603	0.356271	-2299.27
2604	0.352001	-2238.63
2605	0.359884	-2328.07
2606	0.350534	-2226.99
2607	0.354039	-2214.94
2608	0.352089	-2247.18
2609	0.357444	-2298.26
2610	0.358411	-2303.12
2611	0.359525	-2316.49
2612	0.351399	-2190.13
2613	0.352581	-2226.42
2614	0.358575	-2341.79
2615	0.360463	-2344.77
2616	0.355788	-2269.08
2617	0.349535	-2222.18
2618	0.360091	-2303.25
2619	0.356858	-2267.55
2620	0.348585	-2163.08
2621	0.358664	-2337.5
2622	0.347104	-2139.74
2623	0.355329	-2241.1
2624	0.361303	-2384.6
2625	0.345549	-2085.64
2626	0.358449	-2286.23
2627	0.352512	-2222.82
2628	0.363278	-2396.87
2629	0.352624	-2215.17
2630	0.361245	-2381.88
2631	0.362347	-2338.49
2632	0.356053	-2271.08
2633	0.358168	-2257.85
2634	0.360601	-2343.8
2635	0.342837	-2137.36
2636	0.352835	-2254.08
2637	0.355571	-2274.56
2638	0.349103	-2196.57
2639	0.364195	-2427.74
2640	0.35529	-2260.1
2641	0.361963	-2395.83
2642	0.359069	-2300.61
2643	0.34316	-2123.26
2644	0.352907	-2214.09
2645	0.36111	-2306.6
2646	0.35611	-2259.97
2647	0.352245	-2270.71
2648	0.352991	-2242.05
2649	0.364095	-2393.37
2650	0.35895	-2342.9
2651	0.369198	-2418.81
2652	0.357449	-2250.07
2653	0.349929	-2222.1
2654	0.351916	-2227.55
2655	0.357881	-2335.56
2656	0.355299	-2288.58
2657	0.356818	-2247.17
2658	0.349569	-2201.7
2659	0.349714	-2204.19
2660	0.352791	-2257.26
2661	0.355086	-2302.22
2662	0.360779	-2370.24
2663	0.355242	-2280.7
2664	0.359681	-2366.27
2665	0.348444	-2166.47
2666	0.357052	-2258.67
2667	0.361558	-2350.26
2668	0.355815	-2292.59
2669	0.348832	-2209.37
2670	0.356337	-2268.29
2671	0.350128	-2202.25
2672	0.359336	-2292.09
2673	0.353881	-2263.89
2674	0.364541	-2355.09
2675	0.350749	-2152.42
2676	0.36089	-2302.54
2677	0.355958	-2306.45
2678	0.348424	-2194.1
2679	0.34354	-2116.66
2680	0.356697	-2304.22
2681	0.360362	-2347.58
2682	0.356959	-2321.53
2683	0.363199	-2352.73
2684	0.352315	-2236.52
2685	0.359856	-2346.8
2686	0.354586	-2246.35
2687	0.355847	-2320.99
2688	0.360644	-2348.83
2689	0.355169	-2251.31
2690	0.353031	-2233.4
2691	0.36367	-2348.69
2692	0.357392	-2290.77
2693	0.359435	-2351.53
2694	0.35959	-2274.37
2695	0.35627	-2265.21
2696	0.355719	-2259.08
2697	0.364932	-2385.47
2698	0.353291	-2232.04
2699	0.355283	-2291.94
2700	0.350018	-2254.73
2701	0.353552	-2251.48
2702	0.353064	-2281.68
2703	0.355938	-2257.76
2704	0.347477	-2190.57
2705	0.355628	-2275.65
2706	0.348531	-2163.9
2707	0.34402	-2142.78
2708	0.357789	-2215
2709	0.350641	-2234.19
2710	0.356427	-2316.67
2711	0.359141	-2346.07
2712	0.349895	-2162.46
2713	0.346757	-2136.23
2714	0.358461	-2286.09
2715	0.348478	-2168.95
2716	0.349789	-2202.5
2717	0.361351	-2389.46
2718	0.350919	-2220.04
2719	0.360125	-2308.21
2720	0.353207	-2289.99
2721	0.355236	-2257.01
2722	0.349051	-2165.59
2723	0.361994	-2397.24
2724	0.359079	-2337.36
2725	0.362125	-2311.41
2726	0.352299	-2238.03
2727	0.354485	-2240.29
2728	0.35009	-2175.27
2729	0.352171	-2254.14
2730	0.349499	-2194.28
2731	0.355443	-2295.1
2732	0.344099	-2107.49
2733	0.360808	-2309.25
2734	0.365908	-2395.96
2735	0.356869	-2241.17
2736	0.359042	-2356
2737	0.347957	-2172.65
2738	0.350328	-2207.45
2739	0.364817	-2380.71
2740	0.357313	-2255.13
2741	0.356836	-2305.11
2742	0.357823	-2341.32
2743	0.358645	-2287.84
2744	0.360605	-2320.13
2745	0.348351	-2179.48
2746	0.361117	-2323.52
2747	0.36367	-2392.55
2748	0.354564	-2262.44
2749	0.359257	-2299.23
2750	0.353083	-2228.27
2751	0.354466	-2251.42
2752	0.352618	-2212.52
2753	0.349968	-2182.2
2754	0.361102	-2356.53
2755	0.351829	-2259.17
2756	0.351399	-2206.78
2757	0.359571	-2301.01
2758	0.35993	-2301.42
2759	0.357135	-2275.56
2760	0.351197	-2236.56
2761	0.358274	-2320.63
2762	0.349631	-2186.81
2763	0.348757	-2196.04
2764	0.344631	-2165.84
2765	0.350082	-2196.85
2766	0.351216	-2236.16
2767	0.35016	-2203.45
2768	0.348483	-2180.68
2769	0.355507	-2238.35
2770	0.354879	-2269.58
2771	0.351443	-2212.75
2772	0.345923	-2140.76
2773	0.357458	-2302.81
2774	0.358191	-2293.84
2775	0.361745	-2382.36
2776	0.360606	-2351.67
2777	0.355551	-2240.08
2778	0.359055	-2327.16
2779	0.348539	-2184.3
2780	0.353188	-2263.19
2781	0.352861	-2280.24
2782	0.361043	-2346.29
2783	0.351597	-2263.05
2784	0.354118	-2215.18
2785	0.35771	-2299.89
2786	0.358188	-2349.46
2787	0.359027	-2282.52
2788	0.368178	-2466.01
2789	0.351669	-2244.15
2790	0.358084	-2259.81
2791	0.351716	-2223.4
2792	0.350456	-2204.79
2793	0.357502	-2311.96
2794	0.363364	-2333.59
2795	0.355565	-2251.62
2796	0.361852	-2377.62
2797	0.36483	-2325.57
2798	0.356953	-2306.73
2799	0.353994	-2226.97
2800	0.357309	-2275.44
2801	0.35818	-2338.49
2802	0.348876	-2177.3
2803	0.352776	-2242.57
2804	0.36364	-2347.2
2805	0.34774	-2168.47
2806	0.353164	-2228.54
2807	0.357246	-2314.24
2808	0.347149	-2194.87
2809	0.359678	-2265.34
2810	0.366736	-2425.66
2811	0.361674	-2297.23
2812	0.349017	-2153.88
2813	0.353225	-2233.75
2814	0.353534	-2245.88
2815	0.350728	-2178.21
2816	0.356328	-2287.86
2817	0.360105	-2315.8
2818	0.34719	-2200.1
2819	0.354357	-2245.88
2820	0.357462	-2258.58
2821	0.358327	-2308.35
2822	0.350791	-2261.8
2823	0.355076	-2229.48
2824	0.360447	-2341.23
2825	0.352263	-2239.76
2826	0.36187	-2381.31
2827	0.355951	-2336.19
2828	0.353019	-2205.86
2829	0.370237	-2458.54
2830	0.356548	-2329.54
2831	0.358839	-2297.29
2832	0.360557	-2343.22
2833	0.355309	-2309.08
2834	0.347799	-2166.06
2835	0.354751	-2294.62
2836	0.344472	-2142.25
2837	0.355891	-2274.31
2838	0.354332	-2287.23
2839	0.350278	-2163.86
2840	0.356332	-2278.38
2841	0.347798	-2190.71
2842	0.362447	-2399.01
2843	0.352949	-2234.9
2844	0.356533	-2265.3
2845	0.356869	-2296.3
2846	0.357433	-2302.48
2847	0.355713	-2254.77
2848	0.351412	-2213.45
2849	0.351299	-2235.32
2850	0.350236	-2210.25
2851	0.349323	-2167.09
2852	0.356251	-2324.25
2853	0.360369	-2368.91
2854	0.351463	-2209.55
2855	0.353015	-2266.11
2856	0.357402	-2282.56
2857	0.360802	-2362.21
2858	0.357274	-2256.87
2859	0.354118	-2255.54
2860	0.34784	-2211.57
2861	0.348209	-2195.14
2862	0.361106	-2333.07
2863	0.351347	-2231.43
2864	0.36031	-2345.82
2865	0.359021	-2325.44
2866	0.354082	-2218.6
2867	0.35754	-2282.77
2868	0.356932	-2323.18
2869	0.360451	-2317.34
2870	0.355472	-2310.14
2871	0.35197	-2197.67
2872	0.355346	-2234.06
2873	0.3477	-2139.8
2874	0.358742	-2284.14
2875	0.355502	-2260.86
2876	0.358176	-2337.77
2877	0.356962	-2347.86
2878	0.348948	-2179.48
2879	0.355423	-2266.64
2880	0.361328	-2377.74
2881	0.362882	-2411.42
2882	0.350296	-2231.62
2883	0.34877	-2189.42
2884	0.354889	-2241.59
2885	0.355412	-2279.33
2886	0.363296	-2434.66
2887	0.364851	-2403.5
2888	0.351253	-2233.32
2889	0.346604	-2153.6
2890	0.367279	-2435.06
2891	0.359151	-2312.16
2892	0.360329	-2313.7
2893	0.357429	-2243.96
2894	0.352802	-2231
2895	0.350884	-2193.62
2896	0.357009	-2308.44
2897	0.358757	-2337.26
2898	0.344801	-2120.25
2899	0.343024	-2112
2900	0.352227	-2196
2901	0.353987	-2276.06
2902	0.351982	-2246.23
2903	0.355072	-2262.57
2904	0.356402	-2273.86
2905	0.359672	-2313.6
2906	0.350977	-2238.96
2907	0.356675	-2277.08
2908	0.356236	-2281.67
2909	0.360844	-2318.53
2910	0.354704	-2286.39
2911	0.36378	-2395.69
2912	0.356324	-2205.65
2913	0.362931	-2370.83
2914	0.360521	-2355.79
2915	0.357359	-2253.93
2916	0.353789	-2244.24
2917	0.349409	-2199.18
2918	0.352459	-2266.52
2919	0.362743	-2397.7
2920	0.343443	-2105.12
2921	0.365237	-2458.81
2922	0.358357	-2324.95
2923	0.350814	-2204.79
2924	0.373661	-2579.47
2925	0.358084	-2320.47
2926	0.357706	-2303.64
2927	0.364438	-2406.25
2928	0.357114	-2314.11
2929	0.356655	-2293.26
2930	0.355344	-2240.48
2931	0.365417	-2404.73
2932	0.355525	-2277.38
2933	0.346755	-2177.9
2934	0.353564	-2291.4
2935	0.352813	-2230.14
2936	0.358311	-2249.64
2937	0.357218	-2277.2
2938	0.354538	-2239.18
2939	0.357442	-2319.72
2940	0.353501	-2270.42
2941	0.356651	-2322.99
2942	0.354693	-2247.32
2943	0.351581	-2234.37
2944	0.352743	-2255.4
2945	0.364027	-2403.99
2946	0.358376	-2328.98
2947	0.357214	-2307.36
2948	0.353969	-2256.62
2949	0.349548	-2187.58
2950	0.354608	-2289.15
2951	0.365339	-2362.67
2952	0.350593	-2231.51
2953	0.361415	-2320.95
2954	0.358616	-2277.97
2955	0.356741	-2294.58
2956	0.361339	-2331.49
2957	0.362177	-2380.14
2958	0.350314	-2210.09
2959	0.354776	-2246.96
2960	0.350602	-2221.37
2961	0.352655	-2263.16
2962	0.356733	-2311.18
2963	0.352985	-2261.72
2964	0.362189	-2393.95
2965	0.358117	-2291.96
2966	0.360966	-2320.39
2967	0.350401	-2208.24
2968	0.363272	-2367.23
2969	0.359242	-2323.28
2970	0.35385	-2223.87
2971	0.356393	-2266.52
2972	0.353037	-2236.05
2973	0.354709	-2312.15
2974	0.351662	-2209.38
2975	0.361795	-2396.12
2976	0.364232	-2365.2
2977	0.351627	-2246.85
2978	0.359066	-2332.49
2979	0.358538	-2347.07
2980	0.352615	-2246.66
2981	0.35734	-2262.91
2982	0.357627	-2300.38
2983	0.350102	-2218.43
2984	0.359986	-2328.24
2985	0.356775	-2282.3
2986	0.357509	-2316.43
2987	0.352309	-2245.92
2988	0.354227	-2235.75
2989	0.35435	-2236.29
2990	0.34943	-2166.51
2991	0.356505	-2250.18
2992	0.344924	-2103.34
2993	0.358296	-2292.46
2994	0.355748	-2323.85
2995	0.358934	-2321.27
2996	0.350403	-2178.21
2997	0.34827	-2183.95
2998	0.348988	-2190.24
2999	0.352766	-2218.16
