0	0.351043	-2234.25
1	0.355852	-2286.73
2	0.350462	-2225.23
3	0.365597	-2378.11
4	0.352922	-2220.98
5	0.36119	-2335.21
6	0.353113	-2238.95
7	0.343213	-2147.75
8	0.359075	-2337.55
9	0.349671	-2171.82
10	0.349807	-2194.5
11	0.352451	-2232.24
12	0.35282	-2204.77
13	0.349755	-2155.33
14	0.348993	-2231.04
15	0.359646	-2335.01
16	0.349359	-2193.93
17	0.360192	-2358.57
18	0.347976	-2190.19
19	0.35363	-2178.67
20	0.352133	-2231.47
21	0.352486	-2251.24
22	0.353969	-2245.59
23	0.350262	-2185.71
24	0.351419	-2199.73
25	0.359163	-2352.05
26	0.355787	-2332.09
27	0.360163	-2333.8
28	0.351738	-2207.6
29	0.356529	-2258.36
30	0.353694	-2212.36
31	0.357038	-2262.54
32	0.355543	-2257.8
33	0.353239	-2230.33
34	0.361927	-2332.68
35	0.358165	-2297.55
36	0.350523	-2244.21
37	0.350556	-2233.3
38	0.352085	-2275.3
39	0.366668	-2337.54
40	0.35666	-2307.96
41	0.357716	-2324.11
42	0.353935	-2255.86
43	0.353099	-2210.68
44	0.351267	-2240.35
45	0.350711	-2208.8
46	0.356216	-2271.05
47	0.351467	-2212.45
48	0.352396	-2211.27
49	0.347475	-2150.32
50	0.362253	-2357.92
51	0.354745	-2275.08
52	0.353715	-2239.11
53	0.353961	-2260.89
54	0.364311	-2401.83
55	0.364546	-2341
56	0.352865	-2236.74
57	0.345874	-2123.29
58	0.357991	-2277.27
59	0.357332	-2316.27
60	0.350855	-2204.05
61	0.360497	-2326.43
62	0.355524	-2261.06
63	0.354057	-2245.16
64	0.356667	-2295.87
65	0.348514	-2159.03
66	0.355305	-2239.5
67	0.338932	-2063
68	0.351732	-2219.25
69	0.352334	-2264.12
70	0.355665	-2321.22
71	0.356928	-2302.6
72	0.35354	-2193.83
73	0.351901	-2248.18
74	0.353857	-2261.15
75	0.35748	-2300.59
76	0.358576	-2304.13
77	0.361589	-2350.2
78	0.351774	-2194.15
79	0.360969	-2355.22
80	0.364317	-2366.63
81	0.35166	-2178.34
82	0.358402	-2331.31
83	0.355069	-2295.23
84	0.352908	-2216.58
85	0.357584	-2306.11
86	0.356792	-2286.62
87	0.359586	-2321.81
88	0.355611	-2277.62
89	0.354675	-2236.93
90	0.351234	-2183.03
91	0.357594	-2291.56
92	0.356233	-2287.71
93	0.355919	-2278.21
94	0.358824	-2327.94
95	0.360807	-2341.22
96	0.357949	-2318.12
97	0.361305	-2349.53
98	0.351834	-2210.31
99	0.3574	-2265.97
100	0.361955	-2361.8
101	0.352371	-2222.06
102	0.362777	-2351.1
103	0.358595	-2331.42
104	0.354283	-2224.57
105	0.348476	-2112.25
106	0.35048	-2147.82
107	0.358445	-2330.64
108	0.355162	-2301.87
109	0.349414	-2229.2
110	0.359059	-2333.28
111	0.348981	-2178.62
112	0.355907	-2285.66
113	0.360595	-2320.81
114	0.353836	-2221.82
115	0.3476	-2189.16
116	0.359496	-2380.32
117	0.35687	-2265.01
118	0.359383	-2251.1
119	0.365755	-2397.24
120	0.353427	-2261.8
121	0.359639	-2301.42
122	0.347064	-2184.72
123	0.346068	-2120.49
124	0.357268	-2248.61
125	0.356855	-2258.19
126	0.360952	-2357.65
127	0.360815	-2331.59
128	0.354373	-2282.2
129	0.355594	-2294.05
130	0.351654	-2168.94
131	0.340741	-2130.74
132	0.352525	-2278
133	0.350785	-2270.17
134	0.350729	-2266.77
135	0.361464	-2355.08
136	0.356841	-2248.18
137	0.359359	-2322.51
138	0.360637	-2358.91
139	0.356037	-2265.57
140	0.356838	-2241.48
141	0.348726	-2162.52
142	0.351173	-2213.9
143	0.348562	-2193.83
144	0.353686	-2288.27
145	0.346202	-2170.49
146	0.347775	-2232.86
147	0.358472	-2308.37
148	0.357974	-2316.47
149	0.351155	-2212.11
150	0.351069	-2266.41
151	0.359091	-2306.74
152	0.352831	-2232.77
153	0.357162	-2312.62
154	0.361443	-2355.36
155	0.354995	-2298.15
156	0.348027	-2168.12
157	0.351095	-2188.98
158	0.362138	-2338.94
159	0.357199	-2272.1
160	0.354342	-2278.47
161	0.350319	-2211.28
162	0.359885	-2338.59
163	0.354745	-2309.24
164	0.351971	-2201.28
165	0.344612	-2124.18
166	0.362182	-2361.81
167	0.344853	-2128.9
168	0.367728	-2439.84
169	0.355749	-2286.96
170	0.35016	-2186.09
171	0.350204	-2184.31
172	0.346872	-2144.53
173	0.351936	-2257.67
174	0.35983	-2329.65
175	0.351429	-2196.46
176	0.346166	-2141.89
177	0.355202	-2227.73
178	0.362268	-2362.63
179	0.354392	-2249.57
180	0.353582	-2243.5
181	0.357095	-2311.32
182	0.350172	-2223.66
183	0.35372	-2301.61
184	0.359798	-2325.51
185	0.357847	-2309.86
186	0.356328	-2261.48
187	0.357011	-2276.11
188	0.348259	-2133.84
189	0.358085	-2256.41
190	0.356207	-2256.22
191	0.363146	-2376.77
192	0.346422	-2169.01
193	0.349625	-2198.73
194	0.358228	-2348.85
195	0.36336	-2385.88
196	0.359833	-2285.23
197	0.35117	-2224.79
198	0.359935	-2345.07
199	0.355858	-2316.56
200	0.36136	-2313.59
201	0.365454	-2373.86
202	0.362733	-2381.8
203	0.360196	-2349.25
204	0.359953	-2328.33
205	0.357509	-2289.27
206	0.356964	-2266.14
207	0.355861	-2258.26
208	0.350616	-2167.53
209	0.362604	-2379.82
210	0.360009	-2338.84
211	0.357507	-2309.86
212	0.357251	-2331.95
213	0.363807	-2365.2
214	0.356289	-2272.11
215	0.36041	-2376.66
216	0.351397	-2239.26
217	0.34729	-2159.05
218	0.362828	-2418.12
219	0.350501	-2230.28
220	0.361976	-2327.91
221	0.361479	-2359.7
222	0.356511	-2241.34
223	0.360369	-2354.58
224	0.353677	-2223.45
225	0.3495	-2193.35
226	0.357913	-2308.03
227	0.35424	-2256.23
228	0.360575	-2346.03
229	0.361061	-2349.22
230	0.355547	-2298.26
231	0.365753	-2425.5
232	0.352094	-2236.89
233	0.350212	-2180.99
234	0.353166	-2224.53
235	0.361504	-2354.77
236	0.358739	-2296.51
237	0.348956	-2226.21
238	0.352653	-2277.04
239	0.357615	-2298.03
240	0.356551	-2267.95
241	0.357216	-2323.66
242	0.355148	-2255.23
243	0.345132	-2182.39
244	0.354932	-2235.02
245	0.357433	-2290.24
246	0.363865	-2393.47
247	0.353164	-2218.76
248	0.347513	-2171.38
249	0.347526	-2184.87
250	0.356673	-2274.64
251	0.349177	-2188.31
252	0.351269	-2246.66
253	0.355061	-2249.24
254	0.358533	-2326.17
255	0.353803	-2253.22
256	0.362469	-2364.24
257	0.362206	-2389.01
258	0.363639	-2344.11
259	0.353287	-2248.04
260	0.35836	-2310.63
261	0.361065	-2356.25
262	0.361837	-2355.41
263	0.343126	-2122.15
264	0.349162	-2188.98
265	0.352906	-2224.55
266	0.36166	-2358.22
267	0.356724	-2258.71
268	0.362123	-2333.59
269	0.347628	-2153.55
270	0.360885	-2313.55
271	0.355333	-2214.2
272	0.357898	-2295.94
273	0.348061	-2192.93
274	0.363456	-2385.57
275	0.354104	-2203.3
276	0.35904	-2319.01
277	0.351581	-2184.26
278	0.349861	-2205.2
279	0.355969	-2287.61
280	0.350128	-2178.54
281	0.359283	-2338.66
282	0.35897	-2330.83
283	0.354035	-2255.31
284	0.360944	-2353.92
285	0.361534	-2338.58
286	0.360718	-2360.77
287	0.354058	-2260.79
288	0.352372	-2206.24
289	0.362183	-2355.7
290	0.351569	-2233.49
291	0.36479	-2391.09
292	0.358408	-2301.6
293	0.357918	-2263.94
294	0.357082	-2288.01
295	0.345894	-2101.06
296	0.358546	-2263.78
297	0.360589	-2354.4
298	0.360327	-2360.78
299	0.360031	-2351.81
300	0.352207	-2273.99
301	0.358018	-2264.68
302	0.350169	-2231.83
303	0.359185	-2311.66
304	0.359384	-2341.84
305	0.359148	-2281.32
306	0.359242	-2284.7
307	0.356417	-2265.22
308	0.353299	-2265.57
309	0.357524	-2337.13
310	0.364819	-2415.12
311	0.34533	-2146.23
312	0.35632	-2267.81
313	0.357028	-2298.27
314	0.358749	-2298.49
315	0.362903	-2425.54
316	0.352769	-2199.24
317	0.363028	-2401.31
318	0.361074	-2323.72
319	0.357074	-2268.7
320	0.349534	-2153.09
321	0.348932	-2193.66
322	0.347464	-2146.76
323	0.356305	-2238.44
324	0.355274	-2274.33
325	0.350782	-2236.01
326	0.346615	-2160.15
327	0.349398	-2206.93
328	0.354378	-2258.67
329	0.351756	-2185.8
330	0.36298	-2384.73
331	0.355564	-2295.92
332	0.355666	-2257.85
333	0.362486	-2342.61
334	0.352713	-2230.81
335	0.35495	-2282.01
336	0.350077	-2182.23
337	0.361238	-2351.28
338	0.353321	-2232.34
339	0.355896	-2277.55
340	0.35374	-2261.33
341	0.347478	-2177.45
342	0.362162	-2344.66
343	0.348306	-2154.91
344	0.357454	-2347.96
345	0.359117	-2282.46
346	0.346503	-2135.58
347	0.356446	-2298.9
348	0.359478	-2306.7
349	0.364115	-2401.69
350	0.360625	-2343.79
351	0.362738	-2321.15
352	0.350998	-2194.96
353	0.3483	-2202.12
354	0.366414	-2435.12
355	0.350288	-2186.51
356	0.348948	-2165.84
357	0.363763	-2342.5
358	0.35042	-2242.11
359	0.35537	-2282.16
360	0.357335	-2306.45
361	0.356764	-2273.93
362	0.343549	-2086.04
363	0.345491	-2164.29
364	0.359385	-2281.52
365	0.361977	-2378.73
366	0.350561	-2163.19
367	0.355063	-2294.44
368	0.353349	-2233.43
369	0.358967	-2291.7
370	0.353669	-2227.61
371	0.344359	-2152.31
372	0.350383	-2177.17
373	0.35547	-2270.1
374	0.353237	-2255.63
375	0.357583	-2315.67
376	0.347077	-2192.47
377	0.357508	-2327.97
378	0.354345	-2242.63
379	0.361461	-2352.6
380	0.353974	-2183.59
381	0.356651	-2292.21
382	0.357577	-2291.99
383	0.346482	-2103.97
384	0.352658	-2257.19
385	0.356969	-2281.88
386	0.347216	-2185.7
387	0.360712	-2331.08
388	0.349621	-2210.95
389	0.360872	-2257.82
390	0.348688	-2188.83
391	0.357935	-2342.45
392	0.356353	-2257.03
393	0.350599	-2188.54
394	0.359482	-2294.26
395	0.34249	-2115.47
396	0.355794	-2291.95
397	0.357964	-2298.78
398	0.352994	-2216.38
399	0.353426	-2251.06
400	0.350014	-2196.67
401	0.356468	-2290.03
402	0.363424	-2360.17
403	0.353373	-2254.73
404	0.347336	-2184.52
405	0.354526	-2255.26
406	0.360925	-2313.29
407	0.349499	-2174.33
408	0.36023	-2320.79
409	0.361281	-2350.33
410	0.352189	-2206.24
411	0.355953	-2318.46
412	0.354853	-2239.73
413	0.359411	-2322.91
414	0.357512	-2267.67
415	0.348052	-2168.2
416	0.351404	-2236.24
417	0.354476	-2217.36
418	0.354467	-2273.94
419	0.351084	-2245.33
420	0.352405	-2222.68
421	0.356199	-2275.44
422	0.356918	-2277.21
423	0.359036	-2354.25
424	0.360041	-2304.68
425	0.356821	-2292.32
426	0.358377	-2289.68
427	0.352256	-2216.81
428	0.361186	-2348.53
429	0.355628	-2284.42
430	0.360394	-2340.91
431	0.359452	-2329.57
432	0.350469	-2230.18
433	0.356669	-2320.16
434	0.360782	-2333.62
435	0.350473	-2201.02
436	0.354543	-2260.47
437	0.354872	-2304
438	0.367606	-2445.57
439	0.360919	-2376.68
440	0.358458	-2297.47
441	0.35125	-2205
442	0.358476	-2270.78
443	0.352779	-2275.65
444	0.352888	-2253.02
445	0.35554	-2239.55
446	0.354082	-2233.02
447	0.363664	-2434.42
448	0.358343	-2300.83
449	0.357967	-2296.64
450	0.360766	-2362.15
451	0.360785	-2342.64
452	0.346802	-2177.3
453	0.349245	-2183.87
454	0.360974	-2329.4
455	0.366285	-2417.47
456	0.357002	-2274.52
457	0.347234	-2144.28
458	0.347441	-2155.48
459	0.357787	-2333.95
460	0.347678	-2196.91
461	0.351799	-2203.85
462	0.352969	-2239.32
463	0.354227	-2251.65
464	0.35881	-2291.94
465	0.366018	-2410.62
466	0.359578	-2311.53
467	0.358968	-2314.71
468	0.35715	-2298.21
469	0.355221	-2255.15
470	0.357913	-2295.67
471	0.353925	-2290.57
472	0.353638	-2283.63
473	0.35621	-2265.76
474	0.358872	-2282.49
475	0.367022	-2367.3
476	0.36123	-2344.89
477	0.357087	-2272.91
478	0.354534	-2273.34
479	0.356316	-2280.61
480	0.344816	-2141.74
481	0.362769	-2302.92
482	0.347114	-2160.03
483	0.345754	-2123.78
484	0.361446	-2342.11
485	0.358609	-2321.12
486	0.349498	-2212.26
487	0.355304	-2255.5
488	0.354256	-2323.89
489	0.354251	-2260.55
490	0.354175	-2218.75
491	0.350856	-2214.31
492	0.354526	-2262.13
493	0.354763	-2267.41
494	0.353629	-2254.84
495	0.354084	-2225.16
496	0.356873	-2293.11
497	0.349658	-2219.12
498	0.356213	-2278.04
499	0.35788	-2287.77
500	0.363049	-2356.95
501	0.350284	-2228.87
502	0.361349	-2352.27
503	0.359318	-2329.84
504	0.350328	-2191.99
505	0.362972	-2404.01
506	0.354981	-2271.89
507	0.359735	-2309.94
508	0.356982	-2249.71
509	0.352495	-2233.44
510	0.360579	-2326.69
511	0.35048	-2158.39
512	0.345338	-2138.69
513	0.347693	-2166.37
514	0.359616	-2322.29
515	0.349376	-2192
516	0.344411	-2134.57
517	0.364267	-2324.18
518	0.347939	-2192.94
519	0.350086	-2159.22
520	0.355034	-2268.61
521	0.354179	-2229.67
522	0.36129	-2349.64
523	0.35352	-2236.85
524	0.356928	-2307.43
525	0.350864	-2224.61
526	0.359208	-2350.65
527	0.360953	-2339.51
528	0.360135	-2316.89
529	0.35427	-2284.22
530	0.362863	-2312.42
531	0.35545	-2272.43
532	0.352384	-2228.78
533	0.354095	-2210.26
534	0.348358	-2226.97
535	0.352761	-2285.67
536	0.353796	-2217.81
537	0.354724	-2300.49
538	0.356839	-2270.97
539	0.351429	-2196.16
540	0.359243	-2323.45
541	0.355616	-2247.05
542	0.356961	-2341.89
543	0.347071	-2169.33
544	0.358578	-2297.97
545	0.361562	-2347.83
546	0.35262	-2226.85
547	0.347891	-2141.3
548	0.353639	-2226.48
549	0.35916	-2349.46
550	0.347662	-2173.15
551	0.349524	-2200.21
552	0.349765	-2208.47
553	0.357893	-2282.38
554	0.34514	-2144.23
555	0.34637	-2176.29
556	0.360429	-2308.69
557	0.349415	-2227.5
558	0.356916	-2288.7
559	0.353775	-2241.61
560	0.347905	-2185.47
561	0.360752	-2336.71
562	0.354032	-2231.06
563	0.346987	-2150.19
564	0.360547	-2324.26
565	0.351088	-2216.17
566	0.362239	-2385.04
567	0.367131	-2424.75
568	0.355004	-2254.95
569	0.344043	-2115.49
570	0.354582	-2303.56
571	0.354705	-2286.59
572	0.357122	-2227.13
573	0.360235	-2315.08
574	0.355724	-2270.7
575	0.356242	-2310.02
576	0.368633	-2505.66
577	0.351051	-2172.3
578	0.360956	-2304.8
579	0.359756	-2327.78
580	0.348325	-2189.55
581	0.354029	-2201.61
582	0.361696	-2354.16
583	0.35065	-2198.1
584	0.343448	-2101.35
585	0.355018	-2302.6
586	0.360907	-2316.32
587	0.36068	-2317.68
588	0.35817	-2304.13
589	0.348304	-2218.24
590	0.360492	-2397.61
591	0.366122	-2441.68
592	0.353492	-2238.96
593	0.353346	-2292.14
594	0.357071	-2312.44
595	0.352952	-2228.45
596	0.357159	-2293.37
597	0.352601	-2207.09
598	0.353236	-2222.69
599	0.361946	-2342.38
600	0.357468	-2265.68
601	0.351037	-2268.41
602	0.364202	-2400.59
603	0.350003	-2222.04
604	0.360909	-2351.89
605	0.362156	-2400.87
606	0.359081	-2299.78
607	0.359273	-2311.07
608	0.35806	-2292.78
609	0.354476	-2290.36
610	0.357319	-2310.33
611	0.35428	-2255.2
612	0.357827	-2278.19
613	0.356331	-2273.49
614	0.350978	-2175.95
615	0.345055	-2106.57
616	0.35765	-2298.63
617	0.352266	-2196.21
618	0.36132	-2364.6
619	0.35267	-2231.17
620	0.36155	-2340.35
621	0.361803	-2347.42
622	0.345942	-2175.18
623	0.356129	-2293.89
624	0.361155	-2330.41
625	0.366912	-2455.33
626	0.360694	-2336.7
627	0.360677	-2382.91
628	0.348602	-2161.63
629	0.351717	-2245.74
630	0.351383	-2206.33
631	0.355562	-2295.71
632	0.353359	-2220.93
633	0.362804	-2333.14
634	0.355187	-2219.97
635	0.357135	-2272.98
636	0.357954	-2342.53
637	0.353798	-2237.49
638	0.351976	-2224.53
639	0.345275	-2172.56
640	0.351924	-2249.18
641	0.345553	-2139.01
642	0.350439	-2203.33
643	0.358326	-2326.84
644	0.354445	-2253.61
645	0.36174	-2366.63
646	0.356843	-2277.64
647	0.35149	-2211.05
648	0.363354	-2388.79
649	0.357639	-2364.25
650	0.356252	-2272.36
651	0.35046	-2152.42
652	0.357123	-2257.02
653	0.349559	-2212.62
654	0.352268	-2263.03
655	0.355897	-2278.42
656	0.350765	-2214.88
657	0.352245	-2214.11
658	0.346723	-2163.9
659	0.363314	-2419.23
660	0.359431	-2348.09
661	0.357228	-2298.06
662	0.355604	-2219.95
663	0.360508	-2343.98
664	0.348566	-2233.8
665	0.361311	-2348.79
666	0.361673	-2384.32
667	0.352828	-2203.29
668	0.355535	-2282.41
669	0.348247	-2239.77
670	0.352478	-2220.49
671	0.351081	-2207.27
672	0.353073	-2278.53
673	0.361275	-2354.91
674	0.356225	-2297.87
675	0.358222	-2294.68
676	0.351312	-2243.39
677	0.352053	-2225.95
678	0.353278	-2215.83
679	0.351366	-2221.37
680	0.357604	-2326.93
681	0.354913	-2311.75
682	0.346378	-2126.1
683	0.342257	-2109.84
684	0.357524	-2308.2
685	0.350954	-2201.42
686	0.361749	-2350.04
687	0.35664	-2279.92
688	0.357431	-2295.54
689	0.359202	-2313.79
690	0.351943	-2275.22
691	0.359963	-2333.91
692	0.350785	-2201.19
693	0.353868	-2250.46
694	0.353892	-2271.82
695	0.355259	-2258.76
696	0.359137	-2318.79
697	0.351425	-2196.76
698	0.355779	-2288.4
699	0.336782	-2067.43
700	0.345483	-2117.67
701	0.34644	-2171.82
702	0.364903	-2349.64
703	0.355175	-2274.09
704	0.348562	-2170.96
705	0.353089	-2276.13
706	0.357197	-2302.75
707	0.357685	-2282.85
708	0.351135	-2201.71
709	0.352391	-2266.43
710	0.348348	-2197.34
711	0.350923	-2187.73
712	0.361276	-2363.2
713	0.357846	-2300.12
714	0.356333	-2273.33
715	0.357556	-2281.44
716	0.350993	-2205.52
717	0.354079	-2221.54
718	0.359717	-2319.93
719	0.350264	-2217.28
720	0.355007	-2254.91
721	0.354857	-2235.46
722	0.352441	-2201.5
723	0.35501	-2274.58
724	0.353322	-2202.39
725	0.360773	-2306.53
726	0.356145	-2302.69
727	0.352058	-2188.56
728	0.35721	-2313.61
729	0.358874	-2326.45
730	0.354832	-2287.11
731	0.353913	-2247.55
732	0.353362	-2256.74
733	0.353626	-2286.34
734	0.345681	-2177.11
735	0.35138	-2252.19
736	0.353126	-2229.86
737	0.346433	-2170.56
738	0.353305	-2274.62
739	0.354904	-2236.34
740	0.351305	-2202.96
741	0.353119	-2242.71
742	0.362983	-2370.09
743	0.358971	-2356.46
744	0.354349	-2237.84
745	0.350779	-2175.46
746	0.351391	-2245.37
747	0.357534	-2296.65
748	0.351232	-2162.85
749	0.355638	-2269.41
750	0.35171	-2232.55
751	0.355213	-2277.5
752	0.359396	-2304.22
753	0.352344	-2226.98
754	0.357158	-2315.36
755	0.357456	-2278.18
756	0.369359	-2398.18
757	0.359499	-2322.79
758	0.355253	-2261.13
759	0.357185	-2296.79
760	0.361119	-2329.43
761	0.348872	-2220.61
762	0.350938	-2224.05
763	0.356174	-2275.18
764	0.353584	-2265.21
765	0.355986	-2294.77
766	0.354571	-2286.55
767	0.352531	-2245.38
768	0.360258	-2324.34
769	0.348141	-2116.09
770	0.356185	-2286.64
771	0.361996	-2388.46
772	0.357443	-2302.28
773	0.362886	-2356.18
774	0.348882	-2163.32
775	0.351479	-2195.2
776	0.356333	-2258.4
777	0.361966	-2376.95
778	0.358419	-2328.95
779	0.358824	-2279.11
780	0.347432	-2167.73
781	0.353633	-2237.13
782	0.350522	-2171.85
783	0.348952	-2156.13
784	0.356535	-2257.27
785	0.350369	-2181.14
786	0.354689	-2283.83
787	0.360075	-2313.02
788	0.363312	-2396.91
789	0.353957	-2257.06
790	0.357181	-2280.13
791	0.356098	-2224.66
792	0.356219	-2265.22
793	0.359182	-2311.36
794	0.358574	-2336.16
795	0.350968	-2177.7
796	0.354735	-2283.38
797	0.36631	-2393.15
798	0.355123	-2281.39
799	0.35076	-2220.99
800	0.356521	-2305.88
801	0.350383	-2228.34
802	0.349681	-2198.17
803	0.347196	-2164.65
804	0.35345	-2223.91
805	0.359636	-2335.09
806	0.363235	-2352.12
807	0.354695	-2244.26
808	0.350296	-2156.38
809	0.350496	-2200.88
810	0.351392	-2259.7
811	0.355296	-2279.08
812	0.354956	-2263.1
813	0.351141	-2209.69
814	0.34893	-2178.68
815	0.354292	-2265.07
816	0.354633	-2241.79
817	0.359201	-2316.98
818	0.358749	-2325.75
819	0.358781	-2356.57
820	0.359836	-2329.06
821	0.352073	-2230.33
822	0.35217	-2227.98
823	0.358968	-2372.52
824	0.350918	-2199.95
825	0.353775	-2261.17
826	0.353809	-2225.5
827	0.358499	-2281.84
828	0.358072	-2296.32
829	0.353446	-2240.05
830	0.350893	-2217.12
831	0.360327	-2320.77
832	0.348295	-2177.61
833	0.346964	-2178.86
834	0.356637	-2311.06
835	0.357064	-2301.29
836	0.359204	-2356.93
837	0.361533	-2329.09
838	0.359487	-2319.31
839	0.346192	-2158.75
840	0.358409	-2296.71
841	0.356965	-2275.24
842	0.347548	-2162.24
843	0.358856	-2328.12
844	0.356826	-2324.83
845	0.359317	-2319.22
846	0.360859	-2347.83
847	0.350689	-2218.05
848	0.356902	-2321.18
849	0.353318	-2271.23
850	0.365755	-2430.71
851	0.354599	-2275.76
852	0.350451	-2228.14
853	0.354219	-2259.85
854	0.360955	-2380.28
855	0.355933	-2275.27
856	0.35098	-2185.76
857	0.350122	-2229.24
858	0.354803	-2236.69
859	0.353652	-2261.61
860	0.34758	-2177.61
861	0.356566	-2300.32
862	0.354365	-2275.69
863	0.359064	-2315.65
864	0.36027	-2352.15
865	0.351019	-2187.88
866	0.350281	-2186.5
867	0.354398	-2254.78
868	0.360619	-2324.02
869	0.35538	-2273.72
870	0.355393	-2264.5
871	0.357736	-2313.85
872	0.35383	-2214.35
873	0.344448	-2119.72
874	0.363139	-2364.67
875	0.368109	-2439.41
876	0.344668	-2137.63
877	0.357351	-2317.11
878	0.354638	-2282.13
879	0.357886	-2307.07
880	0.351398	-2218.87
881	0.361379	-2336.05
882	0.360674	-2363.39
883	0.350891	-2188.82
884	0.354522	-2245.22
885	0.351158	-2195.48
886	0.355512	-2278.25
887	0.364641	-2391.96
888	0.35977	-2341.23
889	0.354424	-2296.83
890	0.356389	-2309
891	0.35214	-2267.34
892	0.352099	-2241.07
893	0.358849	-2349.82
894	0.365487	-2395.43
895	0.350659	-2188.89
896	0.356729	-2316.55
897	0.363966	-2336.94
898	0.363327	-2374.62
899	0.355597	-2278.52
900	0.358565	-2334.25
901	0.352931	-2198.54
902	0.366876	-2434.13
903	0.358761	-2298.92
904	0.354495	-2263.12
905	0.347442	-2170.87
906	0.361941	-2361.28
907	0.35173	-2251.42
908	0.356752	-2285.91
909	0.355509	-2253.33
910	0.354425	-2274.6
911	0.358367	-2312.12
912	0.355539	-2280.54
913	0.355045	-2214.9
914	0.349931	-2218.98
915	0.355414	-2267.97
916	0.355633	-2259.06
917	0.349399	-2274.21
918	0.355071	-2239.12
919	0.353011	-2276.4
920	0.360158	-2357.27
921	0.356546	-2320.83
922	0.356917	-2279.47
923	0.355156	-2280.89
924	0.350196	-2177.73
925	0.357067	-2278.5
926	0.360175	-2351.14
927	0.360687	-2327.82
928	0.351841	-2235.4
929	0.351204	-2225.56
930	0.349767	-2238.47
931	0.355847	-2270.19
932	0.355237	-2303.35
933	0.354727	-2269.4
934	0.354023	-2300
935	0.350932	-2260.13
936	0.361737	-2320.07
937	0.348986	-2168.48
938	0.352708	-2264.05
939	0.351061	-2196.15
940	0.359074	-2343.26
941	0.356913	-2326.88
942	0.355061	-2233.81
943	0.354339	-2233.63
944	0.351832	-2268.72
945	0.354206	-2278.45
946	0.364836	-2309.52
947	0.355903	-2234.97
948	0.354515	-2209.97
949	0.359194	-2304.9
950	0.351573	-2176.7
951	0.353286	-2224.15
952	0.36588	-2432.29
953	0.354095	-2256.46
954	0.35769	-2253.6
955	0.363245	-2357.76
956	0.34806	-2196.58
957	0.354195	-2260.7
958	0.356603	-2242.05
959	0.360953	-2329.6
960	0.358161	-2285.34
961	0.363089	-2349.91
962	0.354003	-2265.42
963	0.355587	-2263.16
964	0.357543	-2305.17
965	0.35435	-2221.5
966	0.350093	-2188.49
967	0.356643	-2310.32
968	0.35337	-2260.97
969	0.354082	-2230.88
970	0.353132	-2225.04
971	0.349928	-2166.11
972	0.360164	-2347.03
973	0.355763	-2265.57
974	0.34874	-2172.85
975	0.351371	-2183.93
976	0.354365	-2283.19
977	0.347823	-2163.73
978	0.352112	-2222.64
979	0.354503	-2228.19
980	0.358954	-2275.15
981	0.344603	-2117.66
982	0.356737	-2349.42
983	0.349603	-2228.54
984	0.360961	-2385.13
985	0.358053	-2258.62
986	0.349999	-2228.64
987	0.356243	-2312.55
988	0.351592	-2233.23
989	0.359759	-2315.77
990	0.357937	-2342.36
991	0.357709	-2282.86
992	0.355094	-2319.88
993	0.358574	-2302.29
994	0.352899	-2277.2
995	0.358316	-2295.2
996	0.357978	-2331.47
997	0.355341	-2218.2
998	0.360159	-2329.69
999	0.358539	-2319.43
1000	0.357214	-2357.49
1001	0.354408	-2269.09
1002	0.353746	-2212.47
1003	0.355183	-2266.49
1004	0.35942	-2338.81
1005	0.350165	-2218.17
1006	0.358077	-2286.33
1007	0.359818	-2309.6
1008	0.354845	-2272.36
1009	0.350476	-2230.46
1010	0.358563	-2314.68
1011	0.348682	-2206.5
1012	0.360108	-2325.86
1013	0.361023	-2316.69
1014	0.35379	-2252.08
1015	0.358125	-2319.03
1016	0.358163	-2316.02
1017	0.350733	-2173.65
1018	0.354977	-2260.46
1019	0.353174	-2259.67
1020	0.354303	-2244.13
1021	0.344146	-2139.17
1022	0.360365	-2311.62
1023	0.361741	-2355.74
1024	0.343825	-2173.83
1025	0.366352	-2381.93
1026	0.352519	-2235.88
1027	0.353865	-2261.21
1028	0.363817	-2367.14
1029	0.362648	-2338.72
1030	0.353995	-2307.3
1031	0.353318	-2247.01
1032	0.35622	-2250.87
1033	0.36675	-2459.56
1034	0.352815	-2288.4
1035	0.350248	-2187.16
1036	0.3555	-2285.58
1037	0.35143	-2200.22
1038	0.351884	-2203.6
1039	0.352493	-2268.87
1040	0.354217	-2254.12
1041	0.35468	-2287.3
1042	0.354788	-2222.67
1043	0.364363	-2398.02
1044	0.358601	-2299.24
1045	0.353785	-2257.01
1046	0.352356	-2226.24
1047	0.347811	-2210.28
1048	0.35865	-2326.54
1049	0.350629	-2206.49
1050	0.357573	-2278.82
1051	0.367722	-2406.07
1052	0.354746	-2298.49
1053	0.359531	-2331.27
1054	0.358551	-2314.84
1055	0.354844	-2211.63
1056	0.358583	-2307.9
1057	0.363831	-2409.62
1058	0.358466	-2289.57
1059	0.35208	-2219.19
1060	0.352002	-2254.27
1061	0.36351	-2306.07
1062	0.347733	-2138.79
1063	0.367018	-2405.05
1064	0.358362	-2281.36
1065	0.344783	-2119.89
1066	0.358347	-2322.9
1067	0.356812	-2286.09
1068	0.346202	-2112.88
1069	0.357817	-2289.7
1070	0.351519	-2213.76
1071	0.35405	-2284.26
1072	0.366414	-2443.56
1073	0.355926	-2236.14
1074	0.359418	-2287.32
1075	0.350747	-2227.3
1076	0.359453	-2328.61
1077	0.353771	-2221.62
1078	0.352383	-2222.36
1079	0.354714	-2296.04
1080	0.355471	-2291.4
1081	0.354867	-2284.88
1082	0.355668	-2257.24
1083	0.356801	-2320.1
1084	0.358538	-2349.1
1085	0.357442	-2302.34
1086	0.358872	-2240.64
1087	0.351513	-2268.29
1088	0.357528	-2283.41
1089	0.35506	-2307.43
1090	0.35386	-2262.31
1091	0.35095	-2196.09
1092	0.351344	-2196.47
1093	0.358808	-2330.5
1094	0.355693	-2285.3
1095	0.360976	-2332.86
1096	0.356552	-2292.84
1097	0.35036	-2181.09
1098	0.355269	-2249.77
1099	0.351499	-2213.79
1100	0.357225	-2293.08
1101	0.355609	-2279.63
1102	0.348492	-2152.97
1103	0.349768	-2206.25
1104	0.350305	-2219.59
1105	0.361342	-2388.29
1106	0.361822	-2366.37
1107	0.360068	-2345.98
1108	0.354934	-2255.76
1109	0.345499	-2153.04
1110	0.3557	-2237.29
1111	0.354998	-2245.15
1112	0.355095	-2303.6
1113	0.353207	-2250.93
1114	0.360481	-2317.54
1115	0.363448	-2383.04
1116	0.345753	-2170.15
1117	0.346583	-2142.84
1118	0.357321	-2271.5
1119	0.351011	-2197.3
1120	0.352356	-2256.47
1121	0.357916	-2264.78
1122	0.354856	-2265.15
1123	0.355827	-2319.2
1124	0.362033	-2358.59
1125	0.362515	-2407.71
1126	0.365825	-2384.5
1127	0.357127	-2248.81
1128	0.357321	-2319.45
1129	0.353445	-2215.01
1130	0.360182	-2337.22
1131	0.360285	-2376.71
1132	0.351502	-2218.86
1133	0.352495	-2276.26
1134	0.355454	-2266.62
1135	0.359933	-2298.06
1136	0.354515	-2284.9
1137	0.358862	-2321.19
1138	0.358785	-2341.65
1139	0.355268	-2238.74
1140	0.348995	-2221.87
1141	0.357246	-2280.35
1142	0.350889	-2214.09
1143	0.348615	-2160.74
1144	0.348099	-2172.63
1145	0.351036	-2203.59
1146	0.354756	-2260.5
1147	0.348189	-2212.67
1148	0.352033	-2210.17
1149	0.349585	-2173.16
1150	0.353231	-2258.09
1151	0.353659	-2240.87
1152	0.351682	-2215.78
1153	0.34922	-2195.86
1154	0.359941	-2317.5
1155	0.357609	-2308.37
1156	0.343421	-2105.16
1157	0.352451	-2274.22
1158	0.361075	-2347.45
1159	0.359536	-2275.4
1160	0.35758	-2302.75
1161	0.358776	-2322.41
1162	0.357774	-2289.32
1163	0.355474	-2249.2
1164	0.352092	-2241.32
1165	0.347388	-2172.67
1166	0.35809	-2338.66
1167	0.35472	-2250.03
1168	0.361159	-2360.57
1169	0.357548	-2208.69
1170	0.360479	-2325.06
1171	0.362167	-2382.44
1172	0.350579	-2187.21
1173	0.360646	-2368.79
1174	0.347467	-2189.12
1175	0.360278	-2304.05
1176	0.357013	-2308.3
1177	0.355828	-2308.35
1178	0.355687	-2296.05
1179	0.355185	-2244.36
1180	0.356665	-2269.54
1181	0.357865	-2314.04
1182	0.362268	-2384.96
1183	0.348135	-2151.18
1184	0.355068	-2189.95
1185	0.364722	-2363.24
1186	0.349326	-2162.94
1187	0.354005	-2205.42
1188	0.355553	-2220.94
1189	0.352181	-2229.23
1190	0.359974	-2361.57
1191	0.355761	-2264.1
1192	0.355509	-2296.84
1193	0.358934	-2285.72
1194	0.349472	-2217.94
1195	0.354364	-2261.68
1196	0.356673	-2313.71
1197	0.350916	-2257.99
1198	0.346977	-2151.27
1199	0.354245	-2256.68
1200	0.353285	-2242.2
1201	0.362452	-2363.77
1202	0.34768	-2155.76
1203	0.3571	-2288.85
1204	0.354411	-2265.11
1205	0.353092	-2237.55
1206	0.352549	-2227.32
1207	0.356258	-2278.89
1208	0.353801	-2288.9
1209	0.356537	-2291.52
1210	0.353154	-2265.05
1211	0.358944	-2316.13
1212	0.360334	-2349.86
1213	0.353329	-2239.05
1214	0.355847	-2289.02
1215	0.352665	-2248.88
1216	0.357328	-2298.26
1217	0.353882	-2256.27
1218	0.360995	-2363.44
1219	0.35363	-2286.6
1220	0.362038	-2322.66
1221	0.350813	-2283.51
1222	0.356875	-2335.49
1223	0.362052	-2343.9
1224	0.35929	-2326.57
1225	0.349999	-2210.21
1226	0.359568	-2327.56
1227	0.352448	-2207.58
1228	0.353841	-2265.65
1229	0.359323	-2299.28
1230	0.354234	-2275.17
1231	0.342019	-2126.21
1232	0.355681	-2295.66
1233	0.348622	-2182.61
1234	0.351566	-2247.68
1235	0.361267	-2408.26
1236	0.361487	-2340.67
1237	0.355948	-2261.83
1238	0.353234	-2218.66
1239	0.361458	-2343.23
1240	0.355815	-2319.85
1241	0.353957	-2220.01
1242	0.357326	-2329.33
1243	0.358297	-2294.56
1244	0.354329	-2274.46
1245	0.360595	-2283.02
1246	0.362503	-2377.06
1247	0.356681	-2331.86
1248	0.354829	-2261.39
1249	0.343736	-2138.05
1250	0.356179	-2270.4
1251	0.351772	-2235.61
1252	0.346206	-2174.56
1253	0.364226	-2414.67
1254	0.353851	-2263.88
1255	0.35334	-2272.91
1256	0.358252	-2317.23
1257	0.355404	-2245.96
1258	0.352885	-2244.95
1259	0.361186	-2314.06
1260	0.351399	-2194.93
1261	0.35234	-2244.31
1262	0.356337	-2232.56
1263	0.352487	-2215.42
1264	0.349827	-2179.12
1265	0.365423	-2411.68
1266	0.355074	-2283.15
1267	0.355266	-2281.02
1268	0.362007	-2339.06
1269	0.356643	-2270.15
1270	0.348222	-2190.77
1271	0.352008	-2201.8
1272	0.355216	-2281.59
1273	0.346981	-2139.14
1274	0.355891	-2296.91
1275	0.35693	-2282.47
1276	0.348942	-2178.85
1277	0.353263	-2252.21
1278	0.364296	-2388.95
1279	0.353934	-2244.72
1280	0.356964	-2284.48
1281	0.362118	-2384.03
1282	0.355106	-2281.36
1283	0.357448	-2312.28
1284	0.355193	-2316.39
1285	0.35424	-2239.05
1286	0.352884	-2249.8
1287	0.356339	-2262.06
1288	0.36334	-2386.27
1289	0.353926	-2244.72
1290	0.354587	-2274.23
1291	0.353939	-2246.15
1292	0.342431	-2079.86
1293	0.354817	-2299.16
1294	0.355229	-2260.63
1295	0.359881	-2364.78
1296	0.364378	-2399.03
1297	0.355122	-2234.21
1298	0.362516	-2366.29
1299	0.356437	-2298.39
1300	0.364786	-2363.05
1301	0.350323	-2199.95
1302	0.366547	-2411.83
1303	0.352529	-2212.34
1304	0.35244	-2222.77
1305	0.366672	-2412.38
1306	0.35839	-2321.02
1307	0.353249	-2233.34
1308	0.354521	-2253.55
1309	0.354284	-2238.26
1310	0.358116	-2294.36
1311	0.365199	-2381.35
1312	0.356221	-2280.73
1313	0.353989	-2244.7
1314	0.354996	-2213.1
1315	0.354998	-2261.68
1316	0.36064	-2336.28
1317	0.359095	-2347.67
1318	0.359924	-2333.2
1319	0.353198	-2237.28
1320	0.356423	-2221.99
1321	0.352939	-2249.67
1322	0.348869	-2203.13
1323	0.360154	-2349.37
1324	0.354385	-2254.41
1325	0.348194	-2199.5
1326	0.358828	-2345.81
1327	0.351319	-2226.32
1328	0.355543	-2237.37
1329	0.351179	-2214.09
1330	0.356259	-2304.05
1331	0.354355	-2223.46
1332	0.363248	-2370.31
1333	0.357367	-2287.75
1334	0.355008	-2272.81
1335	0.350641	-2217.72
1336	0.343627	-2124.21
1337	0.346402	-2149.57
1338	0.35242	-2223.41
1339	0.347425	-2167.52
1340	0.358949	-2313.52
1341	0.354366	-2224.53
1342	0.351154	-2211.99
1343	0.349815	-2190.91
1344	0.358804	-2271.29
1345	0.348656	-2144.31
1346	0.344385	-2142.46
1347	0.350115	-2194.37
1348	0.362472	-2379.25
1349	0.358571	-2291.48
1350	0.354728	-2267.36
1351	0.356087	-2260.64
1352	0.351438	-2218.83
1353	0.351509	-2214
1354	0.348476	-2200.02
1355	0.354851	-2273.71
1356	0.352188	-2225.94
1357	0.359284	-2295.57
1358	0.356935	-2273.15
1359	0.366523	-2406.44
1360	0.348935	-2194.64
1361	0.348447	-2174.34
1362	0.361439	-2330.78
1363	0.360466	-2342.03
1364	0.354541	-2270.66
1365	0.355197	-2267.28
1366	0.352526	-2223.77
1367	0.355592	-2280.68
1368	0.346999	-2145.93
1369	0.34227	-2125.17
1370	0.349651	-2172.23
1371	0.354526	-2274.73
1372	0.364603	-2384.29
1373	0.34714	-2156.32
1374	0.356073	-2271.78
1375	0.35977	-2278.64
1376	0.358025	-2316.13
1377	0.351616	-2254.46
1378	0.354433	-2302.71
1379	0.357196	-2294.87
1380	0.356689	-2289.72
1381	0.360089	-2293.61
1382	0.361851	-2357.68
1383	0.35581	-2308.45
1384	0.355487	-2294.87
1385	0.347148	-2153.79
1386	0.361072	-2355.09
1387	0.361464	-2326.94
1388	0.355168	-2241
1389	0.354284	-2336.27
1390	0.354347	-2231.44
1391	0.354319	-2283.43
1392	0.349527	-2177.69
1393	0.358228	-2328.35
1394	0.35306	-2218.71
1395	0.356528	-2287.1
1396	0.356449	-2299.19
1397	0.355475	-2327.11
1398	0.358144	-2309.79
1399	0.351682	-2231.05
1400	0.354649	-2249.11
1401	0.356791	-2222.02
1402	0.358916	-2310.76
1403	0.354346	-2233.22
1404	0.361051	-2308.11
1405	0.364354	-2402.38
1406	0.357576	-2340.05
1407	0.345993	-2116.59
1408	0.359184	-2317.62
1409	0.356251	-2269.52
1410	0.352938	-2232.39
1411	0.357323	-2278.3
1412	0.352609	-2255.31
1413	0.356624	-2269.65
1414	0.361849	-2356.8
1415	0.352509	-2265.06
1416	0.342882	-2130.04
1417	0.34725	-2199.75
1418	0.357848	-2255.67
1419	0.34546	-2187.33
1420	0.356991	-2320.72
1421	0.35561	-2272.31
1422	0.360087	-2334.96
1423	0.345922	-2119.1
1424	0.349437	-2201.74
1425	0.360597	-2337.44
1426	0.352824	-2225.98
1427	0.35569	-2306.33
1428	0.351966	-2237.63
1429	0.351782	-2229.04
1430	0.352297	-2229.3
1431	0.347687	-2200.24
1432	0.361924	-2351.92
1433	0.358845	-2358.28
1434	0.354865	-2250.12
1435	0.35619	-2256.65
1436	0.349693	-2223.78
1437	0.355147	-2315.97
1438	0.351341	-2218.48
1439	0.353648	-2257.25
1440	0.358617	-2326.21
1441	0.365277	-2417.31
1442	0.353908	-2237.59
1443	0.363952	-2372.62
1444	0.358636	-2323.78
1445	0.355657	-2285.04
1446	0.348761	-2173.19
1447	0.36007	-2337.43
1448	0.358549	-2298.03
1449	0.355737	-2259
1450	0.360947	-2317.51
1451	0.36518	-2409.1
1452	0.349119	-2194.87
1453	0.361258	-2377.32
1454	0.356766	-2287.95
1455	0.35013	-2230.36
1456	0.361237	-2353.42
1457	0.354292	-2246.15
1458	0.348967	-2166.82
1459	0.365725	-2402.64
1460	0.364099	-2376.68
1461	0.358083	-2324.03
1462	0.347604	-2171.87
1463	0.354502	-2299.64
1464	0.36154	-2329.79
1465	0.355763	-2277.73
1466	0.35329	-2258.92
1467	0.356734	-2275.68
1468	0.355679	-2258.91
1469	0.351941	-2250.93
1470	0.344275	-2151.88
1471	0.352152	-2237.5
1472	0.355727	-2261.49
1473	0.357179	-2308.36
1474	0.361259	-2372.79
1475	0.354961	-2245.45
1476	0.354417	-2220.11
1477	0.345544	-2110.32
1478	0.355827	-2266.34
1479	0.360824	-2336.17
1480	0.356375	-2284.51
1481	0.361326	-2368.15
1482	0.366302	-2476.67
1483	0.361552	-2342.99
1484	0.350099	-2170.34
1485	0.357325	-2304.71
1486	0.349359	-2169.63
1487	0.357763	-2325.45
1488	0.354362	-2284.02
1489	0.350774	-2190.93
1490	0.357538	-2308.92
1491	0.361928	-2343.04
1492	0.361639	-2327.83
1493	0.353285	-2269.88
1494	0.351655	-2217.1
1495	0.354289	-2288.48
1496	0.364075	-2386.63
1497	0.367159	-2396.12
1498	0.342436	-2135.95
1499	0.338686	-2021.59
1500	0.361442	-2370.64
1501	0.352029	-2204.38
1502	0.347711	-2188.74
1503	0.347598	-2205.06
1504	0.352949	-2204.98
1505	0.360196	-2332.33
1506	0.353979	-2231.97
1507	0.352163	-2241.47
1508	0.353638	-2222.2
1509	0.353298	-2243.22
1510	0.358712	-2263.5
1511	0.353063	-2191.22
1512	0.351116	-2209.46
1513	0.35313	-2227.28
1514	0.356873	-2305.91
1515	0.363725	-2380.36
1516	0.359497	-2329.19
1517	0.353658	-2238.52
1518	0.356856	-2294.11
1519	0.350133	-2176.42
1520	0.358323	-2278.23
1521	0.359073	-2261.25
1522	0.360926	-2316.5
1523	0.35767	-2271.94
1524	0.347812	-2195.45
1525	0.356254	-2301.17
1526	0.357113	-2297.61
1527	0.353277	-2272.24
1528	0.359216	-2302.76
1529	0.358369	-2370.46
1530	0.347255	-2156.75
1531	0.357548	-2279.2
1532	0.360837	-2323.22
1533	0.35871	-2279.46
1534	0.350435	-2176.37
1535	0.35897	-2270
1536	0.354345	-2259.96
1537	0.351821	-2208.93
1538	0.355227	-2272.81
1539	0.364309	-2363.28
1540	0.360043	-2296.28
1541	0.354037	-2264.47
1542	0.358183	-2314.44
1543	0.359645	-2297.73
1544	0.346849	-2171.9
1545	0.35706	-2287.47
1546	0.355203	-2290.29
1547	0.35718	-2272.82
1548	0.365301	-2401.22
1549	0.354391	-2225.29
1550	0.351561	-2244.71
1551	0.363348	-2347.16
1552	0.359435	-2301.29
1553	0.359753	-2279.29
1554	0.352072	-2191.9
1555	0.364253	-2354.05
1556	0.353674	-2260.69
1557	0.356955	-2267.68
1558	0.360235	-2345.72
1559	0.355556	-2234.53
1560	0.36175	-2366.21
1561	0.364499	-2376.59
1562	0.352971	-2217.61
1563	0.363794	-2431.93
1564	0.35713	-2308.58
1565	0.361379	-2334.76
1566	0.3595	-2340.49
1567	0.343691	-2109.77
1568	0.350762	-2195.76
1569	0.360306	-2369.86
1570	0.356676	-2257.98
1571	0.348561	-2182.45
1572	0.353898	-2261.61
1573	0.344113	-2108.56
1574	0.350567	-2216.1
1575	0.343971	-2103.08
1576	0.361099	-2352.26
1577	0.355101	-2304.83
1578	0.347266	-2148.71
1579	0.363541	-2379.12
1580	0.34916	-2235.54
1581	0.357676	-2314.49
1582	0.361894	-2341.37
1583	0.356856	-2277.6
1584	0.351253	-2236.74
1585	0.355874	-2308.2
1586	0.351131	-2215.09
1587	0.356503	-2291.46
1588	0.352464	-2219.25
1589	0.356365	-2268.83
1590	0.346784	-2188.97
1591	0.364182	-2383.52
1592	0.352258	-2233.5
1593	0.344515	-2081.44
1594	0.350162	-2195.3
1595	0.34972	-2196.97
1596	0.353382	-2235.79
1597	0.339081	-2075.06
1598	0.357063	-2276.28
1599	0.358156	-2296.6
1600	0.358596	-2299.23
1601	0.349914	-2189.01
1602	0.350341	-2192.26
1603	0.359417	-2332.46
1604	0.353098	-2213.45
1605	0.353713	-2304.85
1606	0.36075	-2358.4
1607	0.356465	-2295.11
1608	0.349221	-2189.25
1609	0.356246	-2315.4
1610	0.362033	-2334.8
1611	0.361409	-2353.66
1612	0.352425	-2214.86
1613	0.357027	-2290.15
1614	0.348181	-2178.28
1615	0.347447	-2156.87
1616	0.357251	-2296.29
1617	0.351685	-2181.05
1618	0.350992	-2197.19
1619	0.357763	-2320.89
1620	0.363258	-2339.38
1621	0.352779	-2259.02
1622	0.359968	-2318.38
1623	0.356402	-2316.62
1624	0.363779	-2377.77
1625	0.351784	-2138.08
1626	0.350143	-2196.09
1627	0.345534	-2158.83
1628	0.360105	-2366.19
1629	0.350795	-2221.11
1630	0.351788	-2220.36
1631	0.356253	-2296.34
1632	0.356504	-2276.01
1633	0.357837	-2295.94
1634	0.351341	-2255.69
1635	0.346352	-2141.82
1636	0.353102	-2227.27
1637	0.362366	-2377.12
1638	0.357562	-2284.84
1639	0.349847	-2176.6
1640	0.355092	-2300.52
1641	0.357818	-2293.72
1642	0.357217	-2216.07
1643	0.350334	-2222.4
1644	0.341743	-2056.31
1645	0.347222	-2124.9
1646	0.357654	-2303.91
1647	0.353815	-2225.31
1648	0.352903	-2202.88
1649	0.354955	-2280.61
1650	0.350621	-2205.33
1651	0.358061	-2267.91
1652	0.357849	-2294.33
1653	0.353755	-2246.32
1654	0.353476	-2254.68
1655	0.359348	-2343.53
1656	0.352375	-2216.8
1657	0.3611	-2344.72
1658	0.355737	-2270.81
1659	0.352568	-2230.26
1660	0.358465	-2252.34
1661	0.35998	-2296.6
1662	0.350549	-2263.12
1663	0.359556	-2289.13
1664	0.352453	-2215.71
1665	0.351052	-2213.57
1666	0.35526	-2245.17
1667	0.350202	-2248.44
1668	0.356112	-2279.56
1669	0.354055	-2205.58
1670	0.353799	-2299.72
1671	0.360043	-2322.28
1672	0.352478	-2237.6
1673	0.355302	-2286.9
1674	0.357562	-2286.79
1675	0.343856	-2109.73
1676	0.34956	-2206.66
1677	0.357849	-2292.35
1678	0.358578	-2374.53
1679	0.355204	-2298
1680	0.356857	-2281.24
1681	0.356272	-2237.03
1682	0.357923	-2320.81
1683	0.350589	-2215.61
1684	0.354435	-2257.81
1685	0.35665	-2285.25
1686	0.352351	-2214.53
1687	0.356123	-2326.14
1688	0.353905	-2224.74
1689	0.360073	-2317.8
1690	0.352696	-2211.43
1691	0.352897	-2235.35
1692	0.355254	-2252.24
1693	0.352385	-2215.9
1694	0.351397	-2199.57
1695	0.363383	-2349.72
1696	0.359947	-2332.67
1697	0.350541	-2198.04
1698	0.34579	-2120.43
1699	0.357698	-2313.13
1700	0.359517	-2295.39
1701	0.350845	-2193.89
1702	0.351155	-2191.65
1703	0.352784	-2239.67
1704	0.355822	-2256.18
1705	0.368405	-2409.39
1706	0.358616	-2319.46
1707	0.352535	-2231.06
1708	0.354575	-2261.06
1709	0.361384	-2411.2
1710	0.356576	-2310.93
1711	0.358851	-2292.15
1712	0.353302	-2222.13
1713	0.356631	-2282.16
1714	0.354216	-2266.24
1715	0.353309	-2247.15
1716	0.354406	-2236.3
1717	0.356131	-2255.71
1718	0.348872	-2164.09
1719	0.357642	-2284.34
1720	0.357301	-2264.03
1721	0.355653	-2272.33
1722	0.347786	-2155.25
1723	0.359469	-2299.09
1724	0.362379	-2366.53
1725	0.367998	-2441.6
1726	0.361307	-2356.08
1727	0.352983	-2279.61
1728	0.355916	-2281.85
1729	0.360735	-2313.89
1730	0.352773	-2258.85
1731	0.355093	-2284.36
1732	0.361457	-2334.52
1733	0.352127	-2222.21
1734	0.352294	-2205.69
1735	0.348775	-2238.12
1736	0.357517	-2320.47
1737	0.35291	-2258.83
1738	0.351586	-2210.37
1739	0.354438	-2254.87
1740	0.35629	-2288.19
1741	0.343744	-2140.43
1742	0.353071	-2193.71
1743	0.352846	-2216.61
1744	0.354443	-2295.39
1745	0.352452	-2215.47
1746	0.346466	-2186.78
1747	0.366297	-2396.56
1748	0.356674	-2282.33
1749	0.354482	-2273.61
1750	0.358948	-2313.13
1751	0.360648	-2349.78
1752	0.361092	-2398.92
1753	0.350871	-2196.37
1754	0.359777	-2294.37
1755	0.350761	-2231.18
1756	0.360614	-2389.79
1757	0.351511	-2200.08
1758	0.345029	-2135.64
1759	0.357769	-2289.44
1760	0.340812	-2095.37
1761	0.357297	-2316.91
1762	0.355544	-2256.54
1763	0.360973	-2311.46
1764	0.357395	-2255.56
1765	0.359574	-2300.26
1766	0.357167	-2287.48
1767	0.349154	-2137.62
1768	0.35123	-2195.78
1769	0.358895	-2281.4
1770	0.353101	-2267.27
1771	0.358744	-2310.88
1772	0.354303	-2250.94
1773	0.354212	-2276.85
1774	0.355141	-2227.43
1775	0.345636	-2139.98
1776	0.347146	-2100.29
1777	0.346161	-2135.28
1778	0.351591	-2231.72
1779	0.359073	-2332
1780	0.354927	-2303.43
1781	0.347822	-2155.18
1782	0.354741	-2252.51
1783	0.349239	-2180.67
1784	0.353059	-2208.8
1785	0.357556	-2274.61
1786	0.348561	-2162.87
1787	0.345702	-2163.4
1788	0.352494	-2204.09
1789	0.351709	-2205.24
1790	0.358086	-2298.72
1791	0.36309	-2380.57
1792	0.360533	-2350.2
1793	0.353892	-2230.2
1794	0.35766	-2272.05
1795	0.359546	-2305.07
1796	0.358377	-2298
1797	0.347695	-2160.17
1798	0.355739	-2275.96
1799	0.35814	-2298.25
1800	0.361832	-2370.44
1801	0.358614	-2311.03
1802	0.349694	-2189.26
1803	0.358831	-2337.59
1804	0.360317	-2344.61
1805	0.360117	-2311.97
1806	0.357542	-2329.32
1807	0.35766	-2275.11
1808	0.36245	-2340.52
1809	0.355846	-2268.78
1810	0.356047	-2252.69
1811	0.359716	-2390.33
1812	0.358502	-2315.77
1813	0.355618	-2281.53
1814	0.359044	-2321.61
1815	0.348989	-2193.03
1816	0.356787	-2306.18
1817	0.35055	-2199.71
1818	0.347479	-2150.48
1819	0.359794	-2326.75
1820	0.353398	-2254.5
1821	0.354356	-2287.47
1822	0.356681	-2297.75
1823	0.361907	-2353.69
1824	0.345733	-2157.2
1825	0.360204	-2285.02
1826	0.36208	-2372.99
1827	0.368572	-2446.95
1828	0.344865	-2121.27
1829	0.359175	-2322.4
1830	0.364689	-2360.28
1831	0.3519	-2218.35
1832	0.348261	-2226.84
1833	0.356531	-2287.54
1834	0.357967	-2289.65
1835	0.353722	-2237.99
1836	0.359643	-2342.42
1837	0.354682	-2252.13
1838	0.341834	-2127.68
1839	0.360606	-2343.67
1840	0.352498	-2230.77
1841	0.34637	-2145.24
1842	0.361172	-2336.67
1843	0.358968	-2335.74
1844	0.359756	-2360.95
1845	0.359421	-2301.79
1846	0.364943	-2336.88
1847	0.353961	-2251.25
1848	0.351108	-2216.51
1849	0.358679	-2320.07
1850	0.361591	-2370.71
1851	0.362311	-2356.06
1852	0.356502	-2303.17
1853	0.358818	-2298.72
1854	0.36425	-2391.14
1855	0.350318	-2220.71
1856	0.367235	-2429.97
1857	0.355339	-2250.18
1858	0.354944	-2267.48
1859	0.352835	-2244.1
1860	0.356561	-2315.1
1861	0.361318	-2326.58
1862	0.353898	-2283.25
1863	0.361099	-2330.9
1864	0.357306	-2289.56
1865	0.35201	-2219.17
1866	0.353779	-2250.97
1867	0.351659	-2211.48
1868	0.349464	-2179.9
1869	0.362528	-2412.49
1870	0.347804	-2180.8
1871	0.354258	-2267.51
1872	0.35597	-2298.14
1873	0.36187	-2312.5
1874	0.360537	-2324.94
1875	0.344146	-2149.83
1876	0.357872	-2326.77
1877	0.361786	-2377.24
1878	0.345197	-2153.8
1879	0.347426	-2186.23
1880	0.350138	-2198.82
1881	0.355259	-2290.26
1882	0.355851	-2281.99
1883	0.348735	-2197.86
1884	0.344752	-2126.07
1885	0.352515	-2235.85
1886	0.357943	-2331.86
1887	0.354153	-2245.51
1888	0.35294	-2254.15
1889	0.357304	-2285.15
1890	0.350695	-2158.25
1891	0.350636	-2224.17
1892	0.352103	-2177.32
1893	0.35088	-2222.56
1894	0.347045	-2213.57
1895	0.362743	-2373.7
1896	0.360191	-2322.84
1897	0.360876	-2317.64
1898	0.354959	-2279.93
1899	0.35355	-2272.46
1900	0.351243	-2222.26
1901	0.358657	-2327.45
1902	0.356593	-2292.36
1903	0.359164	-2359.8
1904	0.358985	-2289.8
1905	0.348001	-2152.2
1906	0.359773	-2341.68
1907	0.349419	-2163.29
1908	0.361765	-2360.04
1909	0.360283	-2317.65
1910	0.352521	-2236.53
1911	0.358311	-2326.5
1912	0.360688	-2343.11
1913	0.349317	-2183.17
1914	0.353344	-2249.66
1915	0.347776	-2164.25
1916	0.354277	-2315.95
1917	0.359292	-2358.52
1918	0.359813	-2353.61
1919	0.35897	-2273.94
1920	0.358115	-2280.63
1921	0.35891	-2301.22
1922	0.358837	-2314.78
1923	0.351117	-2158.83
1924	0.359601	-2352.32
1925	0.353749	-2259.15
1926	0.357049	-2311.3
1927	0.355322	-2327.71
1928	0.354866	-2297.88
1929	0.352737	-2222.79
1930	0.349583	-2186.6
1931	0.358744	-2290.04
1932	0.361305	-2297.36
1933	0.35636	-2319.51
1934	0.352557	-2251.53
1935	0.349945	-2173.9
1936	0.353197	-2259.36
1937	0.363068	-2415.27
1938	0.351785	-2238.02
1939	0.361856	-2352.01
1940	0.350615	-2198.97
1941	0.348274	-2176.79
1942	0.362137	-2311.06
1943	0.356456	-2281.18
1944	0.360145	-2319.42
1945	0.353219	-2209.16
1946	0.355259	-2276.2
1947	0.350635	-2171.34
1948	0.366372	-2408.7
1949	0.360494	-2341.88
1950	0.356642	-2302.15
1951	0.355066	-2264.33
1952	0.35009	-2215.8
1953	0.347321	-2162.31
1954	0.362523	-2353.34
1955	0.350394	-2165.01
1956	0.351449	-2252.43
1957	0.357652	-2279.33
1958	0.351434	-2208.66
1959	0.34954	-2188.68
1960	0.354668	-2224.39
1961	0.362485	-2392.17
1962	0.361144	-2293.7
1963	0.355564	-2280.45
1964	0.358425	-2262.64
1965	0.359992	-2330.83
1966	0.347254	-2149.26
1967	0.347155	-2147.93
1968	0.357095	-2292.1
1969	0.345064	-2110.02
1970	0.35174	-2270.42
1971	0.355267	-2232.55
1972	0.364963	-2368.41
1973	0.354846	-2248.96
1974	0.356174	-2292.42
1975	0.362177	-2318.33
1976	0.357426	-2306.35
1977	0.35757	-2261.92
1978	0.360016	-2355.23
1979	0.35979	-2304.09
1980	0.356183	-2276.87
1981	0.361862	-2346.93
1982	0.356292	-2283.47
1983	0.356232	-2273.23
1984	0.355417	-2217.56
1985	0.352185	-2228.47
1986	0.356268	-2293.21
1987	0.353711	-2287.98
1988	0.359464	-2333.49
1989	0.348673	-2192.21
1990	0.353755	-2264.56
1991	0.355164	-2270.91
1992	0.359592	-2299.23
1993	0.349425	-2203.5
1994	0.356518	-2277.78
1995	0.3499	-2216.63
1996	0.355586	-2256.27
1997	0.359546	-2308.79
1998	0.35225	-2236.88
1999	0.354283	-2225.2
2000	0.346955	-2111.04
2001	0.36224	-2383.8
2002	0.350165	-2220.95
2003	0.362516	-2322.79
2004	0.359176	-2324.42
2005	0.359236	-2275
2006	0.358315	-2277.3
2007	0.351074	-2180.94
2008	0.35103	-2223.36
2009	0.355053	-2275.26
2010	0.35727	-2263.79
2011	0.342118	-2095.52
2012	0.346752	-2188.47
2013	0.352948	-2236.96
2014	0.360393	-2357.86
2015	0.351568	-2251.5
2016	0.359213	-2350.07
2017	0.361159	-2346.02
2018	0.36058	-2340.7
2019	0.35128	-2227.5
2020	0.361403	-2346.02
2021	0.345223	-2110.29
2022	0.347469	-2130.04
2023	0.34408	-2118.28
2024	0.360827	-2350.5
2025	0.357123	-2306.34
2026	0.356724	-2309.76
2027	0.353035	-2261.19
2028	0.360224	-2263.03
2029	0.352669	-2290.37
2030	0.351606	-2213.18
2031	0.354748	-2267.03
2032	0.353243	-2226.87
2033	0.34798	-2155.04
2034	0.350212	-2171.14
2035	0.346513	-2169.87
2036	0.353738	-2231.61
2037	0.352664	-2232.5
2038	0.350368	-2162.74
2039	0.355032	-2245.18
2040	0.35496	-2276.39
2041	0.354435	-2230.05
2042	0.354035	-2214.39
2043	0.35809	-2310.86
2044	0.351089	-2193.95
2045	0.350947	-2210
2046	0.352772	-2219.05
2047	0.358316	-2296.38
2048	0.357757	-2253.49
2049	0.353914	-2267.37
2050	0.352745	-2238.64
2051	0.358611	-2351.76
2052	0.357402	-2279.63
2053	0.356352	-2263.02
2054	0.360055	-2319.05
2055	0.360001	-2340.16
2056	0.355032	-2238.14
2057	0.356008	-2299.77
2058	0.348949	-2182.29
2059	0.353372	-2239.93
2060	0.355715	-2249.61
2061	0.357376	-2290.12
2062	0.366827	-2405.4
2063	0.353393	-2224.76
2064	0.339826	-2106.01
2065	0.360665	-2340.78
2066	0.350346	-2182.46
2067	0.359321	-2311.57
2068	0.358657	-2310.24
2069	0.35627	-2241.22
2070	0.357417	-2322.38
2071	0.361226	-2312.68
2072	0.3521	-2202.8
2073	0.341569	-2079.58
2074	0.356089	-2281.69
2075	0.357674	-2297.34
2076	0.362675	-2359.01
2077	0.361502	-2350.93
2078	0.353497	-2258.09
2079	0.357878	-2281.43
2080	0.346612	-2142.34
2081	0.359173	-2341.3
2082	0.353644	-2243.87
2083	0.352052	-2264.75
2084	0.35755	-2263.35
2085	0.352962	-2268.77
2086	0.362928	-2366.63
2087	0.353271	-2216.57
2088	0.35733	-2298.83
2089	0.357305	-2276.67
2090	0.354441	-2253.4
2091	0.356242	-2250.34
2092	0.353902	-2281.78
2093	0.355108	-2295.53
2094	0.359757	-2297.54
2095	0.354993	-2295.97
2096	0.360743	-2351.81
2097	0.345991	-2172.61
2098	0.354225	-2255.01
2099	0.35451	-2232.73
2100	0.351487	-2219.82
2101	0.356472	-2257.56
2102	0.358103	-2304.88
2103	0.347486	-2134.48
2104	0.351913	-2256.09
2105	0.354755	-2220
2106	0.354528	-2245.2
2107	0.351273	-2208.53
2108	0.352091	-2209.53
2109	0.363111	-2377.97
2110	0.355083	-2217.48
2111	0.351038	-2230.77
2112	0.371966	-2482.97
2113	0.356963	-2271.24
2114	0.354922	-2292.09
2115	0.358984	-2282.28
2116	0.355316	-2255.64
2117	0.362942	-2366.45
2118	0.3523	-2184.78
2119	0.351587	-2270.57
2120	0.355634	-2295.13
2121	0.363044	-2372.61
2122	0.360477	-2343.23
2123	0.343385	-2125.01
2124	0.363856	-2327.74
2125	0.349603	-2187.85
2126	0.352738	-2241.02
2127	0.358604	-2364.23
2128	0.358228	-2288.7
2129	0.350992	-2203.8
2130	0.355893	-2265.4
2131	0.354314	-2235.62
2132	0.348422	-2185.41
2133	0.351498	-2196.1
2134	0.352776	-2267.26
2135	0.358274	-2318.02
2136	0.363956	-2370.85
2137	0.355852	-2244.16
2138	0.36449	-2353.77
2139	0.357113	-2258.67
2140	0.352696	-2264.18
2141	0.358834	-2326.74
2142	0.357947	-2318.73
2143	0.352251	-2233.83
2144	0.365327	-2394.42
2145	0.358805	-2321.33
2146	0.35881	-2321.9
2147	0.351845	-2203.51
2148	0.350081	-2213.81
2149	0.353508	-2272.73
2150	0.350892	-2205.37
2151	0.355086	-2265.41
2152	0.355313	-2252.76
2153	0.352953	-2229.67
2154	0.354235	-2233.49
2155	0.355636	-2262.32
2156	0.361133	-2328.43
2157	0.350777	-2197.43
2158	0.356516	-2259.38
2159	0.365837	-2369.44
2160	0.351937	-2187.87
2161	0.353291	-2253
2162	0.357348	-2273.84
2163	0.356974	-2275.77
2164	0.354388	-2239.51
2165	0.351858	-2274.14
2166	0.361041	-2325.18
2167	0.348461	-2165.86
2168	0.346105	-2185.09
2169	0.346996	-2147.6
2170	0.352359	-2253.19
2171	0.354551	-2255.84
2172	0.357379	-2292.12
2173	0.357349	-2293.48
2174	0.356312	-2301.62
2175	0.361506	-2318.07
2176	0.361997	-2393.3
2177	0.354537	-2265.3
2178	0.35395	-2249.47
2179	0.360712	-2329.49
2180	0.35831	-2319.31
2181	0.348348	-2223.09
2182	0.354814	-2302.83
2183	0.361762	-2361.86
2184	0.353531	-2210.8
2185	0.356952	-2266.05
2186	0.363829	-2387.25
2187	0.357595	-2325.42
2188	0.3463	-2165.04
2189	0.349181	-2226.18
2190	0.355685	-2280.09
2191	0.364486	-2415.56
2192	0.352365	-2247.67
2193	0.358844	-2316.78
2194	0.353376	-2249.85
2195	0.353539	-2305.56
2196	0.350734	-2261.16
2197	0.34771	-2142.84
2198	0.363799	-2380.74
2199	0.35381	-2253.48
2200	0.352804	-2231.78
2201	0.346815	-2177.3
2202	0.349823	-2206.81
2203	0.361687	-2325.62
2204	0.353771	-2272.14
2205	0.360189	-2313.05
2206	0.369669	-2474.6
2207	0.352378	-2232.16
2208	0.352027	-2242.21
2209	0.352743	-2261.07
2210	0.355798	-2267.68
2211	0.353032	-2256.66
2212	0.345533	-2148.73
2213	0.350579	-2194.48
2214	0.356889	-2261.97
2215	0.364201	-2383.02
2216	0.355328	-2281.13
2217	0.352005	-2174.64
2218	0.352327	-2204.48
2219	0.358964	-2331.4
2220	0.359837	-2324.21
2221	0.356348	-2304.87
2222	0.36186	-2365.34
2223	0.34941	-2243.3
2224	0.359201	-2283.17
2225	0.358729	-2316.61
2226	0.352247	-2203.32
2227	0.342288	-2116.99
2228	0.348039	-2167.3
2229	0.35752	-2316.16
2230	0.350982	-2195.88
2231	0.360785	-2384.77
2232	0.3538	-2260.92
2233	0.357944	-2287.97
2234	0.348266	-2189.02
2235	0.35171	-2223.51
2236	0.34631	-2175.58
2237	0.348525	-2194.27
2238	0.36052	-2360.21
2239	0.357038	-2278.03
2240	0.358924	-2323.5
2241	0.360608	-2332.97
2242	0.353999	-2219.32
2243	0.35819	-2305.75
2244	0.347847	-2172.67
2245	0.357443	-2283.39
2246	0.353634	-2188.44
2247	0.347927	-2211.17
2248	0.357333	-2325.35
2249	0.348773	-2194.18
2250	0.363478	-2404.18
2251	0.359942	-2310.57
2252	0.36541	-2373.86
2253	0.357572	-2334.52
2254	0.35198	-2250.1
2255	0.361396	-2361.45
2256	0.358792	-2262.78
2257	0.3581	-2318.84
2258	0.348862	-2155.11
2259	0.35957	-2300
2260	0.357618	-2307.66
2261	0.360336	-2350.51
2262	0.348686	-2159.34
2263	0.355009	-2255.5
2264	0.360305	-2341.28
2265	0.356476	-2310.97
2266	0.34904	-2174.79
2267	0.357984	-2306.3
2268	0.359223	-2344.02
2269	0.348935	-2184.06
2270	0.350157	-2202.69
2271	0.355804	-2248.86
2272	0.3516	-2267.22
2273	0.356077	-2329.73
2274	0.359852	-2335.61
2275	0.353399	-2240.92
2276	0.359777	-2341.15
2277	0.359908	-2350.48
2278	0.36	-2328.9
2279	0.351277	-2256.83
2280	0.355805	-2260.23
2281	0.352397	-2233.62
2282	0.354028	-2279.84
2283	0.35807	-2288.86
2284	0.353208	-2277.19
2285	0.361537	-2318.74
2286	0.35118	-2208.72
2287	0.354546	-2307.2
2288	0.35289	-2277.41
2289	0.346336	-2159.77
2290	0.348391	-2179.14
2291	0.361699	-2334.69
2292	0.351579	-2231.52
2293	0.357294	-2339.17
2294	0.351897	-2229.99
2295	0.35846	-2315.59
2296	0.35731	-2250.45
2297	0.354962	-2299.97
2298	0.354673	-2232.04
2299	0.362417	-2364.34
2300	0.347924	-2176.8
2301	0.346116	-2154.65
2302	0.346066	-2129.34
2303	0.353385	-2216.76
2304	0.352126	-2185.28
2305	0.352608	-2237.88
2306	0.350655	-2221.32
2307	0.356745	-2290.25
2308	0.348942	-2207.58
2309	0.349474	-2177.83
2310	0.358057	-2322.36
2311	0.349462	-2204.37
2312	0.355003	-2249
2313	0.350897	-2244.45
2314	0.343418	-2130.98
2315	0.357996	-2301.81
2316	0.361439	-2361.85
2317	0.356224	-2224.1
2318	0.357491	-2337.8
2319	0.360398	-2364.31
2320	0.353822	-2268.44
2321	0.354005	-2258.96
2322	0.359062	-2314.82
2323	0.358053	-2305.22
2324	0.358252	-2312.7
2325	0.345094	-2139.45
2326	0.358531	-2303.97
2327	0.359638	-2308.35
2328	0.35775	-2305.95
2329	0.356816	-2325.31
2330	0.359946	-2332.51
2331	0.350716	-2202.76
2332	0.361601	-2339.67
2333	0.365205	-2375.22
2334	0.360495	-2281.56
2335	0.35964	-2336.62
2336	0.360203	-2308.02
2337	0.36199	-2337.98
2338	0.358564	-2288.6
2339	0.351125	-2225.52
2340	0.358384	-2322.12
2341	0.350121	-2190.8
2342	0.344003	-2121.54
2343	0.354641	-2213.99
2344	0.35801	-2277.46
2345	0.351482	-2248.91
2346	0.353365	-2288.42
2347	0.359241	-2357.52
2348	0.349518	-2192.91
2349	0.358445	-2325.93
2350	0.359706	-2338.71
2351	0.365666	-2406.68
2352	0.345537	-2154.9
2353	0.350499	-2201.73
2354	0.358916	-2295.83
2355	0.349621	-2187.32
2356	0.354755	-2304.4
2357	0.351054	-2185.4
2358	0.344315	-2119.88
2359	0.354953	-2270.66
2360	0.356357	-2267.64
2361	0.363955	-2413.23
2362	0.358693	-2311.53
2363	0.366449	-2428.68
2364	0.361169	-2345.01
2365	0.35514	-2252.35
2366	0.363675	-2377.35
2367	0.359255	-2328.61
2368	0.35399	-2211.47
2369	0.359649	-2335.12
2370	0.35672	-2306.08
2371	0.353512	-2226.75
2372	0.36175	-2351.29
2373	0.350564	-2224.45
2374	0.358657	-2304.19
2375	0.354854	-2307.73
2376	0.351855	-2240.52
2377	0.357788	-2315.48
2378	0.366544	-2439.37
2379	0.351085	-2187.15
2380	0.344804	-2130.45
2381	0.356917	-2299.7
2382	0.358891	-2266.76
2383	0.349825	-2212.15
2384	0.348708	-2197.14
2385	0.368586	-2437.17
2386	0.357128	-2284.94
2387	0.355862	-2291.4
2388	0.359542	-2344.89
2389	0.356645	-2299.31
2390	0.358558	-2304.02
2391	0.351627	-2218.1
2392	0.346335	-2133.68
2393	0.350844	-2213.76
2394	0.356508	-2320.58
2395	0.352374	-2200.46
2396	0.359273	-2322.56
2397	0.358012	-2318.74
2398	0.348431	-2181.69
2399	0.360342	-2330.37
2400	0.356138	-2249.06
2401	0.359334	-2319.06
2402	0.356962	-2262.48
2403	0.355763	-2281.8
2404	0.359293	-2279.68
2405	0.353289	-2223.82
2406	0.357113	-2291.64
2407	0.353866	-2255.42
2408	0.35325	-2279.74
2409	0.359829	-2307.14
2410	0.36522	-2435.27
2411	0.352649	-2192.2
2412	0.355807	-2284.18
2413	0.342622	-2109.72
2414	0.349268	-2185.19
2415	0.354388	-2221.65
2416	0.350988	-2213.66
2417	0.349892	-2216.92
2418	0.3548	-2243.31
2419	0.341664	-2102.25
2420	0.357157	-2311.24
2421	0.360619	-2339.63
2422	0.348548	-2194.47
2423	0.358454	-2322.14
2424	0.347672	-2222.94
2425	0.368832	-2401.42
2426	0.356342	-2288.93
2427	0.361469	-2358.46
2428	0.353621	-2195.91
2429	0.364708	-2344.22
2430	0.353823	-2243.58
2431	0.361481	-2383.88
2432	0.358727	-2293.31
2433	0.355343	-2250.34
2434	0.356529	-2293.85
2435	0.350313	-2206.01
2436	0.354309	-2273.21
2437	0.346961	-2154.9
2438	0.365713	-2413.35
2439	0.354051	-2222.68
2440	0.354099	-2269.78
2441	0.349436	-2243.11
2442	0.355202	-2248.88
2443	0.35672	-2268.15
2444	0.352429	-2247.51
2445	0.357647	-2291.87
2446	0.356108	-2280.93
2447	0.355628	-2290.96
2448	0.350673	-2231.16
2449	0.35633	-2280.24
2450	0.347891	-2194.24
2451	0.358955	-2346.34
2452	0.351271	-2237.26
2453	0.367491	-2442.52
2454	0.359686	-2366.42
2455	0.361006	-2348.35
2456	0.359783	-2303.47
2457	0.351277	-2220.91
2458	0.353482	-2220.63
2459	0.354473	-2274.74
2460	0.346316	-2156.3
2461	0.350309	-2166.62
2462	0.35211	-2212.87
2463	0.351381	-2231.09
2464	0.357385	-2293.74
2465	0.356073	-2298.08
2466	0.345577	-2107.6
2467	0.354692	-2273.2
2468	0.360229	-2326.5
2469	0.359582	-2243.69
2470	0.354471	-2241.52
2471	0.351128	-2224.58
2472	0.352053	-2285.22
2473	0.363634	-2418.51
2474	0.361358	-2395.44
2475	0.350785	-2244.87
2476	0.358208	-2299.56
2477	0.36164	-2349.46
2478	0.351641	-2220.97
2479	0.352832	-2213.28
2480	0.360132	-2303.45
2481	0.353719	-2272.84
2482	0.352742	-2226.56
2483	0.353296	-2238.38
2484	0.36346	-2425.16
2485	0.357106	-2332.66
2486	0.366765	-2406.05
2487	0.357834	-2315.7
2488	0.355633	-2284.74
2489	0.356366	-2270.17
2490	0.349335	-2212.75
2491	0.358933	-2287.68
2492	0.348993	-2200.86
2493	0.356745	-2259.77
2494	0.353598	-2253.68
2495	0.355377	-2239.9
2496	0.348612	-2163.84
2497	0.353274	-2285.56
2498	0.358002	-2313.72
2499	0.348185	-2176.27
2500	0.355588	-2286.3
2501	0.346988	-2197.36
2502	0.360535	-2365.67
2503	0.353618	-2203.96
2504	0.354702	-2252.77
2505	0.350341	-2187.95
2506	0.361073	-2364.56
2507	0.355774	-2294.16
2508	0.356257	-2301.8
2509	0.355994	-2307.55
2510	0.356346	-2247.71
2511	0.35173	-2235.7
2512	0.363803	-2354.01
2513	0.365339	-2356.53
2514	0.358483	-2339.08
2515	0.362498	-2331.15
2516	0.357585	-2273.56
2517	0.353486	-2285.86
2518	0.354942	-2235.11
2519	0.358749	-2332.67
2520	0.359158	-2320.29
2521	0.360603	-2319.67
2522	0.353195	-2238.58
2523	0.353061	-2235.31
2524	0.356213	-2312.59
2525	0.349401	-2157.12
2526	0.358415	-2307.48
2527	0.35933	-2319.96
2528	0.35492	-2298.82
2529	0.355068	-2272.33
2530	0.354202	-2259.18
2531	0.352908	-2264.42
2532	0.351587	-2232.08
2533	0.360419	-2378.07
2534	0.35149	-2203.13
2535	0.358142	-2287.62
2536	0.352852	-2230.77
2537	0.354183	-2263.86
2538	0.356324	-2276.58
2539	0.358462	-2336.84
2540	0.351824	-2212.22
2541	0.35835	-2318.22
2542	0.349283	-2149.39
2543	0.353203	-2260.41
2544	0.35513	-2259.77
2545	0.350816	-2223.27
2546	0.359712	-2332.36
2547	0.353345	-2284.62
2548	0.361424	-2366.31
2549	0.349722	-2225.44
2550	0.355299	-2326.85
2551	0.368356	-2414.52
2552	0.355894	-2261.63
2553	0.360173	-2322.5
2554	0.356119	-2304.04
2555	0.352949	-2240.49
2556	0.363839	-2386.08
2557	0.348028	-2123.95
2558	0.356557	-2271.63
2559	0.356467	-2298.72
2560	0.357793	-2297.18
2561	0.357083	-2273.16
2562	0.356715	-2295.86
2563	0.346276	-2166.88
2564	0.346817	-2187.85
2565	0.347924	-2191.95
2566	0.359074	-2312.83
2567	0.357079	-2253.85
2568	0.35563	-2291.8
2569	0.358801	-2291.73
2570	0.361907	-2359.02
2571	0.348835	-2198.5
2572	0.361526	-2326.07
2573	0.351709	-2233.93
2574	0.354476	-2226.08
2575	0.351885	-2251.04
2576	0.354119	-2263.76
2577	0.353716	-2210.53
2578	0.346577	-2192.68
2579	0.353962	-2240.23
2580	0.350591	-2229.42
2581	0.34673	-2192.96
2582	0.361943	-2371.93
2583	0.355982	-2270.71
2584	0.355051	-2250.39
2585	0.357733	-2342.91
2586	0.353947	-2216.98
2587	0.349952	-2200.97
2588	0.349884	-2229.78
2589	0.359029	-2324.16
2590	0.358443	-2301.87
2591	0.351955	-2241.98
2592	0.360664	-2284.23
2593	0.366545	-2402.43
2594	0.348287	-2167.13
2595	0.356267	-2295.89
2596	0.349861	-2209.72
2597	0.357893	-2313.05
2598	0.354955	-2271.04
2599	0.361502	-2357.1
2600	0.362859	-2362.49
2601	0.35728	-2293.29
2602	0.361989	-2353.94
2603	0.348722	-2211.34
2604	0.359861	-2327.94
2605	0.351195	-2222.78
2606	0.356025	-2250.7
2607	0.350485	-2240.1
2608	0.350916	-2221.19
2609	0.352086	-2243.28
2610	0.360092	-2326.67
2611	0.360786	-2342.13
2612	0.352636	-2231.11
2613	0.354674	-2250.81
2614	0.357594	-2293.94
2615	0.358077	-2290.01
2616	0.354779	-2300.16
2617	0.356114	-2256.59
2618	0.361353	-2377.11
2619	0.357564	-2268.52
2620	0.351124	-2201.45
2621	0.353815	-2294.53
2622	0.353413	-2240.44
2623	0.354081	-2265.77
2624	0.355436	-2242.23
2625	0.354636	-2303.89
2626	0.350644	-2208.82
2627	0.353391	-2205.53
2628	0.357508	-2312.17
2629	0.358023	-2296.52
2630	0.349855	-2174.35
2631	0.359487	-2349.92
2632	0.356754	-2299.57
2633	0.358737	-2366.76
2634	0.359859	-2365.39
2635	0.356921	-2274.34
2636	0.356729	-2273.69
2637	0.339405	-2065.15
2638	0.362444	-2335.34
2639	0.354565	-2278.19
2640	0.359986	-2309.66
2641	0.360706	-2306.86
2642	0.35601	-2315.07
2643	0.35972	-2384.02
2644	0.348955	-2172.44
2645	0.353216	-2244.29
2646	0.352199	-2218.33
2647	0.35869	-2320.85
2648	0.365742	-2411.98
2649	0.359673	-2292.92
2650	0.354428	-2271.14
2651	0.355209	-2274.99
2652	0.355929	-2277.39
2653	0.353672	-2255.83
2654	0.349816	-2199.72
2655	0.355947	-2240.55
2656	0.354519	-2272.17
2657	0.349332	-2224.24
2658	0.357466	-2273.31
2659	0.352445	-2268.59
2660	0.359091	-2318
2661	0.356085	-2271.83
2662	0.358364	-2371.58
2663	0.361048	-2346.52
2664	0.357781	-2309.07
2665	0.364434	-2433.22
2666	0.358635	-2348.77
2667	0.358358	-2326.67
2668	0.352215	-2212.32
2669	0.353958	-2302.06
2670	0.358663	-2279.8
2671	0.356139	-2247.19
2672	0.354341	-2243.22
2673	0.345751	-2134.09
2674	0.35565	-2283.28
2675	0.352453	-2180.2
2676	0.354915	-2303.21
2677	0.355145	-2273.55
2678	0.357125	-2312.18
2679	0.356927	-2276.09
2680	0.348579	-2233.26
2681	0.358591	-2306.33
2682	0.354987	-2288
2683	0.35921	-2310.4
2684	0.349188	-2196.15
2685	0.346075	-2137.09
2686	0.360723	-2328.27
2687	0.364391	-2424.91
2688	0.345938	-2160.55
2689	0.358216	-2345.27
2690	0.356372	-2279.16
2691	0.362032	-2390.44
2692	0.363013	-2380.33
2693	0.35335	-2239.95
2694	0.357146	-2290.65
2695	0.359621	-2284.88
2696	0.35422	-2254.68
2697	0.3613	-2354.37
2698	0.350537	-2226.78
2699	0.35279	-2218.88
2700	0.356564	-2273.93
2701	0.361533	-2334.72
2702	0.355488	-2252.8
2703	0.350822	-2191.85
2704	0.359136	-2318.16
2705	0.354021	-2262.17
2706	0.356902	-2252.45
2707	0.354062	-2256.02
2708	0.353027	-2214.09
2709	0.36189	-2408.73
2710	0.362073	-2317.88
2711	0.358799	-2352.23
2712	0.348673	-2154.19
2713	0.359627	-2279.19
2714	0.353059	-2224.78
2715	0.356569	-2277.95
2716	0.355547	-2213.41
2717	0.364644	-2389.24
2718	0.356692	-2251.73
2719	0.356218	-2280.93
2720	0.349847	-2206.29
2721	0.352039	-2250.78
2722	0.360581	-2295.56
2723	0.356876	-2297.71
2724	0.354448	-2214.09
2725	0.355263	-2294.27
2726	0.350902	-2216.96
2727	0.359092	-2281.84
2728	0.356985	-2288.95
2729	0.364251	-2381.24
2730	0.355993	-2283.59
2731	0.352418	-2253.63
2732	0.358556	-2276.54
2733	0.352255	-2225.73
2734	0.355545	-2283.06
2735	0.351579	-2240.8
2736	0.356053	-2275.49
2737	0.360979	-2337.83
2738	0.354566	-2249.32
2739	0.356694	-2280.54
2740	0.350809	-2247.04
2741	0.349075	-2197.3
2742	0.349477	-2177.43
2743	0.35806	-2314.98
2744	0.349439	-2209.75
2745	0.354293	-2271.16
2746	0.357248	-2343.2
2747	0.347667	-2185.79
2748	0.359696	-2334.93
2749	0.351089	-2189.55
2750	0.355917	-2240.73
2751	0.351828	-2220.24
2752	0.3565	-2299.08
2753	0.352111	-2201.64
2754	0.352856	-2248.03
2755	0.354202	-2263.28
2756	0.351816	-2180.35
2757	0.353216	-2212.82
2758	0.351047	-2184.32
2759	0.353113	-2245.01
2760	0.355351	-2300.97
2761	0.354071	-2263.76
2762	0.356692	-2322.75
2763	0.361568	-2372.45
2764	0.35578	-2255.97
2765	0.353657	-2253.43
2766	0.359441	-2302.16
2767	0.350019	-2202.44
2768	0.351731	-2209.7
2769	0.348127	-2140.15
2770	0.363846	-2328.18
2771	0.354954	-2238.31
2772	0.357253	-2284.45
2773	0.351589	-2251.99
2774	0.351442	-2218.84
2775	0.349676	-2218.8
2776	0.347179	-2172.02
2777	0.349804	-2211.6
2778	0.350404	-2209.75
2779	0.356742	-2297.78
2780	0.361934	-2345.78
2781	0.350193	-2183.86
2782	0.352366	-2225.16
2783	0.356554	-2292.83
2784	0.347552	-2155.53
2785	0.354776	-2263.11
2786	0.351541	-2244.95
2787	0.352313	-2249.54
2788	0.353747	-2270.79
2789	0.352283	-2227.33
2790	0.360062	-2316.66
2791	0.347765	-2199.6
2792	0.357093	-2255.12
2793	0.35814	-2300.18
2794	0.356285	-2291.7
2795	0.355393	-2243.93
2796	0.349905	-2188.27
2797	0.362874	-2362.43
2798	0.354708	-2261.98
2799	0.353356	-2234.23
2800	0.348822	-2200.49
2801	0.358244	-2272.34
2802	0.367577	-2406.38
2803	0.358847	-2290.87
2804	0.355053	-2252.46
2805	0.353003	-2252.07
2806	0.352425	-2219.53
2807	0.35137	-2201.23
2808	0.354804	-2285.09
2809	0.354663	-2254.27
2810	0.369874	-2427.3
2811	0.356411	-2254.62
2812	0.357343	-2297.07
2813	0.350954	-2164.05
2814	0.348636	-2216.05
2815	0.344111	-2183.89
2816	0.360172	-2353.41
2817	0.357472	-2335.36
2818	0.350741	-2219.62
2819	0.364207	-2415.31
2820	0.360375	-2305.51
2821	0.347261	-2129.22
2822	0.358583	-2292.75
2823	0.361605	-2323.14
2824	0.355858	-2294.05
2825	0.348504	-2160.23
2826	0.360653	-2364.03
2827	0.34905	-2178.41
2828	0.360933	-2264.61
2829	0.355185	-2259.43
2830	0.357384	-2289.93
2831	0.350337	-2238.65
2832	0.350765	-2162.75
2833	0.350448	-2210.55
2834	0.355597	-2302.64
2835	0.353438	-2275.2
2836	0.354578	-2205.95
2837	0.355698	-2284.51
2838	0.352088	-2187.25
2839	0.353924	-2316.6
2840	0.356664	-2323.1
2841	0.357079	-2270.98
2842	0.358707	-2348.32
2843	0.347688	-2213.21
2844	0.359451	-2319.89
2845	0.352906	-2250.27
2846	0.354165	-2268.16
2847	0.357612	-2295.55
2848	0.35436	-2272.12
2849	0.354919	-2270.75
2850	0.3578	-2274.54
2851	0.348469	-2173.35
2852	0.347685	-2183.19
2853	0.34729	-2151.72
2854	0.354035	-2265.8
2855	0.355675	-2307.61
2856	0.351394	-2264.27
2857	0.349649	-2169.61
2858	0.348722	-2160.2
2859	0.356669	-2247.2
2860	0.360846	-2351.82
2861	0.353757	-2207.65
2862	0.357611	-2334.62
2863	0.357973	-2299.26
2864	0.354192	-2257.47
2865	0.353907	-2229.28
2866	0.353325	-2274.96
2867	0.362662	-2376.7
2868	0.351287	-2207.72
2869	0.347415	-2162.52
2870	0.361477	-2343.62
2871	0.352223	-2255.44
2872	0.361958	-2343.91
2873	0.350624	-2228.59
2874	0.346153	-2141.51
2875	0.358234	-2324.78
2876	0.362725	-2381.24
2877	0.361574	-2364.19
2878	0.364484	-2443.66
2879	0.355416	-2282.44
2880	0.358849	-2330.78
2881	0.352133	-2218.04
2882	0.354103	-2286.65
2883	0.355905	-2295.61
2884	0.352956	-2250.73
2885	0.350422	-2231.5
2886	0.356721	-2249.13
2887	0.35879	-2346.07
2888	0.360484	-2365.01
2889	0.358284	-2298.91
2890	0.353396	-2244.06
2891	0.35336	-2215.64
2892	0.351663	-2219.32
2893	0.347953	-2198.16
2894	0.35274	-2216.89
2895	0.354776	-2235.63
2896	0.358665	-2314.34
2897	0.346136	-2143.21
2898	0.358059	-2322.28
2899	0.362367	-2349.99
2900	0.359533	-2356.23
2901	0.362095	-2369.35
2902	0.347414	-2158.64
2903	0.356315	-2287.19
2904	0.355405	-2234.3
2905	0.364118	-2371.9
2906	0.354528	-2257.92
2907	0.346406	-2113.44
2908	0.355278	-2263.94
2909	0.356993	-2252.94
2910	0.359861	-2326.48
2911	0.35225	-2267.56
2912	0.357768	-2256.14
2913	0.355878	-2309.59
2914	0.352782	-2242.7
2915	0.356997	-2315.94
2916	0.357216	-2302.85
2917	0.360075	-2327.55
2918	0.35232	-2212.09
2919	0.347339	-2128.84
2920	0.355933	-2318.21
2921	0.360691	-2337.68
2922	0.359306	-2331.43
2923	0.353724	-2261.77
2924	0.358744	-2330.4
2925	0.360945	-2330.07
2926	0.359302	-2312.99
2927	0.363602	-2378.45
2928	0.357864	-2267.12
2929	0.360312	-2326.86
2930	0.350788	-2217.39
2931	0.354612	-2267.56
2932	0.356717	-2218.38
2933	0.368698	-2460.44
2934	0.360162	-2288.98
2935	0.35355	-2255.71
2936	0.361721	-2305.7
2937	0.352462	-2245.37
2938	0.360685	-2344.64
2939	0.350187	-2190.53
2940	0.35855	-2339.79
2941	0.356437	-2249.37
2942	0.345748	-2152.23
2943	0.358355	-2323.38
2944	0.367544	-2436.79
2945	0.361592	-2336.12
2946	0.350437	-2229.7
2947	0.356614	-2277.52
2948	0.354675	-2246.11
2949	0.351471	-2215.57
2950	0.354405	-2294.64
2951	0.355506	-2245.37
2952	0.354942	-2241.4
2953	0.359503	-2269.06
2954	0.357027	-2232.13
2955	0.348912	-2196.65
2956	0.365046	-2454.01
2957	0.356869	-2286.86
2958	0.356201	-2269.53
2959	0.35572	-2281.46
2960	0.3567	-2282.15
2961	0.360771	-2380.56
2962	0.357091	-2309.02
2963	0.350914	-2193.73
2964	0.356816	-2315.06
2965	0.35204	-2204.79
2966	0.360905	-2343.21
2967	0.344654	-2123.72
2968	0.351164	-2228.37
2969	0.348113	-2171.79
2970	0.350407	-2190.98
2971	0.359584	-2282.5
2972	0.36015	-2312.18
2973	0.351194	-2231.08
2974	0.351199	-2206.23
2975	0.360359	-2368.19
2976	0.353434	-2270.22
2977	0.352123	-2232.07
2978	0.346988	-2150.72
2979	0.360861	-2365.43
2980	0.35646	-2246.8
2981	0.348363	-2159.2
2982	0.353559	-2267.13
2983	0.350039	-2182.42
2984	0.359477	-2349.22
2985	0.359579	-2343.48
2986	0.363386	-2374.96
2987	0.35424	-2257.2
2988	0.358752	-2332.33
2989	0.354704	-2273.07
2990	0.355298	-2276.08
2991	0.359201	-2336.23
2992	0.359608	-2268.24
2993	0.34721	-2161.87
2994	0.351903	-2249.26
2995	0.361136	-2313.77
2996	0.353177	-2228.75
2997	0.353049	-2211.86
2998	0.370179	-2479.37
2999	0.347684	-2204.96
