0	0.35219	-2246.87
1	0.35561	-2244.23
2	0.365353	-2393.84
3	0.350974	-2188.76
4	0.350784	-2180.04
5	0.358497	-2282.81
6	0.360942	-2369.34
7	0.352194	-2174.75
8	0.349343	-2187.82
9	0.351771	-2238.27
10	0.359534	-2333.6
11	0.347204	-2156.93
12	0.346385	-2150.1
13	0.355245	-2275.08
14	0.351644	-2273.71
15	0.352577	-2207.6
16	0.340824	-2127.57
17	0.353907	-2225.18
18	0.35684	-2262.08
19	0.367844	-2441.42
20	0.344612	-2160.15
21	0.348231	-2151.93
22	0.35724	-2337.32
23	0.343566	-2114.12
24	0.351086	-2213.59
25	0.359716	-2319.18
26	0.353246	-2260.62
27	0.347875	-2139.2
28	0.352043	-2227.08
29	0.356181	-2274.15
30	0.347482	-2177.83
31	0.353458	-2214.73
32	0.351765	-2222.04
33	0.351593	-2169.24
34	0.354211	-2277.54
35	0.356261	-2266.67
36	0.350737	-2117.62
37	0.346947	-2163.78
38	0.353981	-2263.71
39	0.354801	-2265.71
40	0.351707	-2245.23
41	0.353969	-2223.31
42	0.355959	-2236.58
43	0.354438	-2279.42
44	0.347921	-2143.28
45	0.349026	-2198.06
46	0.351133	-2200.08
47	0.351484	-2215.65
48	0.355401	-2241.66
49	0.357891	-2296.7
50	0.346954	-2161.04
51	0.360217	-2301.12
52	0.35369	-2262.86
53	0.351601	-2236.14
54	0.352194	-2219.31
55	0.359726	-2301.48
56	0.349368	-2190.65
57	0.363002	-2395.56
58	0.357754	-2319.49
59	0.353967	-2250.78
60	0.356633	-2269.35
61	0.352359	-2236.12
62	0.354706	-2250.44
63	0.356854	-2314.48
64	0.356854	-2319.3
65	0.346469	-2182.49
66	0.354803	-2263.2
67	0.342102	-2098.11
68	0.355074	-2239.23
69	0.355497	-2293.79
70	0.349974	-2180.2
71	0.360824	-2364.94
72	0.357755	-2340.29
73	0.350599	-2271.18
74	0.353059	-2229.17
75	0.356238	-2299.36
76	0.352467	-2256.22
77	0.353142	-2228
78	0.353213	-2282.79
79	0.371691	-2520.37
80	0.352197	-2211.88
81	0.354623	-2245.43
82	0.350498	-2191.87
83	0.355599	-2318.23
84	0.358224	-2275.11
85	0.357479	-2324.29
86	0.351089	-2211.4
87	0.36063	-2323.29
88	0.356038	-2308.76
89	0.358134	-2301.71
90	0.346249	-2204.5
91	0.359873	-2344.63
92	0.349447	-2177.9
93	0.354554	-2201.36
94	0.342778	-2132.54
95	0.361444	-2359.89
96	0.355667	-2266.02
97	0.35515	-2287.18
98	0.353302	-2244.29
99	0.359255	-2294.35
100	0.344283	-2135.25
101	0.355053	-2255.86
102	0.357824	-2326.04
103	0.350671	-2186.34
104	0.353009	-2245.06
105	0.350201	-2187.65
106	0.350331	-2158.29
107	0.357641	-2316.16
108	0.362366	-2389.6
109	0.361452	-2345.61
110	0.34992	-2191.06
111	0.360195	-2371.42
112	0.359608	-2365.95
113	0.357482	-2283.12
114	0.360794	-2317.41
115	0.353643	-2261.55
116	0.353478	-2239.49
117	0.357639	-2278.68
118	0.349472	-2191.22
119	0.345711	-2174.62
120	0.360521	-2293.85
121	0.354006	-2247.4
122	0.348978	-2200.69
123	0.356039	-2280.87
124	0.355159	-2242.55
125	0.350358	-2239.31
126	0.356112	-2279.67
127	0.350527	-2209.88
128	0.356296	-2299.57
129	0.354888	-2307.81
130	0.35187	-2221.27
131	0.36492	-2379.88
132	0.358109	-2319.31
133	0.357726	-2283.81
134	0.356094	-2283.71
135	0.362523	-2350.9
136	0.357786	-2271.52
137	0.358293	-2296.44
138	0.355204	-2281.87
139	0.359267	-2360.42
140	0.357953	-2334.15
141	0.351409	-2196.45
142	0.375501	-2544.22
143	0.355407	-2310.59
144	0.353429	-2243.42
145	0.349822	-2205.98
146	0.35889	-2308.44
147	0.356284	-2238.76
148	0.355641	-2280.95
149	0.353359	-2215.85
150	0.358408	-2328.86
151	0.358593	-2315.84
152	0.353082	-2243.24
153	0.354253	-2242.37
154	0.362186	-2355.35
155	0.350075	-2201.3
156	0.351591	-2255.05
157	0.35572	-2259.13
158	0.356961	-2296.6
159	0.362927	-2405.02
160	0.357556	-2290.19
161	0.353375	-2284.32
162	0.352295	-2190.75
163	0.347649	-2119.75
164	0.362844	-2312.3
165	0.357819	-2312.99
166	0.359871	-2329.91
167	0.35001	-2201.02
168	0.364563	-2420.79
169	0.352529	-2236.24
170	0.352486	-2241.52
171	0.356234	-2296.06
172	0.351295	-2261.43
173	0.356608	-2265.29
174	0.352147	-2228.89
175	0.361427	-2341.11
176	0.354353	-2303.36
177	0.353986	-2247.61
178	0.346439	-2185.17
179	0.360147	-2379.84
180	0.354427	-2269.11
181	0.363027	-2402.58
182	0.353758	-2259.85
183	0.345294	-2141.32
184	0.348979	-2194.25
185	0.353058	-2202.57
186	0.353157	-2241.81
187	0.35073	-2178.73
188	0.358957	-2327.92
189	0.352691	-2259.98
190	0.348406	-2152.88
191	0.353702	-2226.36
192	0.356101	-2317.1
193	0.365879	-2423.73
194	0.359628	-2309.24
195	0.352153	-2210.29
196	0.346291	-2148.87
197	0.361262	-2353.93
198	0.354208	-2235.3
199	0.357789	-2286.03
200	0.354967	-2309.18
201	0.35335	-2252.58
202	0.349593	-2228.36
203	0.350438	-2206.11
204	0.353193	-2272.03
205	0.356614	-2295.21
206	0.356142	-2238.99
207	0.35023	-2218.18
208	0.349819	-2175.01
209	0.35317	-2283.2
210	0.355796	-2261.38
211	0.359215	-2345.43
212	0.355397	-2294.67
213	0.35631	-2290.33
214	0.349174	-2164.22
215	0.351258	-2245.34
216	0.355419	-2284.77
217	0.347788	-2215.81
218	0.356928	-2322.91
219	0.35254	-2221.22
220	0.352391	-2216.84
221	0.361022	-2353.82
222	0.346884	-2188.76
223	0.350389	-2214.23
224	0.345494	-2120.23
225	0.356197	-2250.29
226	0.351981	-2230.73
227	0.3536	-2211.83
228	0.353189	-2233.97
229	0.357754	-2293.88
230	0.351498	-2194.21
231	0.353625	-2233.16
232	0.347558	-2155.84
233	0.355367	-2254.83
234	0.359276	-2309.11
235	0.353411	-2224.32
236	0.356596	-2287.84
237	0.349835	-2143.29
238	0.361015	-2374.92
239	0.359391	-2294.52
240	0.352281	-2215.63
241	0.352833	-2211.58
242	0.358893	-2340.19
243	0.357534	-2291.09
244	0.362309	-2321.29
245	0.350284	-2183.7
246	0.342888	-2143.88
247	0.353237	-2247.72
248	0.353973	-2281.85
249	0.353863	-2287.26
250	0.343122	-2054.75
251	0.355872	-2303.35
252	0.355809	-2275.71
253	0.351177	-2260.08
254	0.348045	-2150.33
255	0.352426	-2248.75
256	0.35856	-2283.05
257	0.350539	-2202.72
258	0.351858	-2227.87
259	0.358242	-2271.74
260	0.353579	-2261.26
261	0.350411	-2210.69
262	0.356971	-2307.63
263	0.349754	-2191.3
264	0.353831	-2265.67
265	0.353873	-2269.68
266	0.350144	-2184.62
267	0.35917	-2351.4
268	0.351002	-2210.75
269	0.358084	-2304
270	0.3531	-2253.92
271	0.351605	-2205.45
272	0.356785	-2264.66
273	0.355668	-2234.68
274	0.362012	-2342.03
275	0.355817	-2265.12
276	0.344472	-2116.78
277	0.357299	-2273.1
278	0.355087	-2283.36
279	0.33456	-2026.26
280	0.350344	-2188.4
281	0.351085	-2189.37
282	0.35282	-2291.97
283	0.347705	-2121.31
284	0.360875	-2358.82
285	0.353178	-2233.65
286	0.359611	-2301.72
287	0.362672	-2397.49
288	0.354472	-2232.19
289	0.352987	-2219.81
290	0.352533	-2275.15
291	0.363594	-2358.89
292	0.357079	-2281.74
293	0.345305	-2149.78
294	0.350971	-2199.23
295	0.362566	-2372.6
296	0.352572	-2246.5
297	0.3491	-2166.81
298	0.359484	-2332.23
299	0.34709	-2158.81
300	0.351995	-2229.59
301	0.341472	-2090.67
302	0.355561	-2273.64
303	0.359353	-2350.64
304	0.356669	-2267.75
305	0.349393	-2179.26
306	0.343015	-2123.94
307	0.353011	-2218.31
308	0.358232	-2318.02
309	0.358034	-2266.17
310	0.362514	-2356.71
311	0.356538	-2292.84
312	0.359476	-2316.21
313	0.348374	-2189.44
314	0.356307	-2243.4
315	0.346719	-2160.37
316	0.36188	-2340.75
317	0.357209	-2307.4
318	0.355176	-2261.24
319	0.353869	-2277.21
320	0.357577	-2289.67
321	0.358058	-2323.38
322	0.359829	-2295.59
323	0.353268	-2218.57
324	0.364254	-2408.46
325	0.353097	-2301.11
326	0.355578	-2259.78
327	0.356829	-2325.6
328	0.355527	-2315.81
329	0.35416	-2259.78
330	0.352286	-2224.46
331	0.350606	-2219.8
332	0.349589	-2173.37
333	0.356041	-2329.8
334	0.358503	-2296.58
335	0.354701	-2244.42
336	0.360528	-2372.02
337	0.349637	-2194.84
338	0.350122	-2227.8
339	0.351611	-2231.12
340	0.344201	-2131.93
341	0.36153	-2374.52
342	0.357081	-2284.26
343	0.357699	-2262.22
344	0.354307	-2247.75
345	0.357122	-2285.88
346	0.354781	-2226.65
347	0.354051	-2289.42
348	0.349635	-2197.98
349	0.355844	-2270.77
350	0.359312	-2365.77
351	0.354692	-2266.77
352	0.364688	-2403.22
353	0.354891	-2241.6
354	0.349584	-2183.29
355	0.351811	-2234.68
356	0.354407	-2270.03
357	0.347629	-2240.07
358	0.353225	-2233.15
359	0.355898	-2283.29
360	0.350735	-2213.64
361	0.342663	-2108.66
362	0.350736	-2205.44
363	0.353681	-2274.33
364	0.35657	-2288.44
365	0.355158	-2288.83
366	0.360731	-2352.74
367	0.350105	-2223.73
368	0.345496	-2110.84
369	0.346473	-2191.96
370	0.350507	-2181.04
371	0.351812	-2206.71
372	0.354255	-2264.69
373	0.354058	-2262.56
374	0.363621	-2379.74
375	0.345152	-2121.02
376	0.35432	-2230.95
377	0.358468	-2319.4
378	0.352847	-2242.04
379	0.351587	-2183.4
380	0.353745	-2280.66
381	0.355307	-2256.51
382	0.356248	-2324.4
383	0.348847	-2172.54
384	0.352164	-2219.35
385	0.347578	-2161.89
386	0.366705	-2415.8
387	0.346225	-2148.17
388	0.347493	-2124.71
389	0.357909	-2289.37
390	0.352556	-2251.99
391	0.360002	-2321.99
392	0.353556	-2262.57
393	0.348021	-2165.63
394	0.35729	-2237.67
395	0.356132	-2332
396	0.340088	-2102.03
397	0.363541	-2390.57
398	0.35856	-2320.94
399	0.359638	-2311.11
400	0.355056	-2232.13
401	0.352064	-2223.53
402	0.357647	-2263.09
403	0.348461	-2234.04
404	0.354451	-2286.44
405	0.353285	-2277.68
406	0.355015	-2243.32
407	0.358392	-2355.62
408	0.351105	-2207.39
409	0.361222	-2323.55
410	0.34963	-2159.47
411	0.358828	-2327.27
412	0.355431	-2281.76
413	0.361243	-2330.32
414	0.350269	-2205.47
415	0.360034	-2366.09
416	0.364813	-2399.96
417	0.353777	-2259.33
418	0.352159	-2198.92
419	0.35352	-2262.52
420	0.352067	-2204.64
421	0.35387	-2272.81
422	0.349392	-2210.29
423	0.351955	-2200.95
424	0.352227	-2206.68
425	0.351452	-2252.52
426	0.357705	-2291.01
427	0.358251	-2347.93
428	0.353364	-2262.71
429	0.360136	-2303.14
430	0.347012	-2167.49
431	0.365668	-2391.11
432	0.355839	-2309.1
433	0.356599	-2271.96
434	0.360145	-2326.47
435	0.351798	-2237.75
436	0.358027	-2292.77
437	0.354199	-2256.71
438	0.359091	-2344.33
439	0.355587	-2255.64
440	0.354537	-2264.75
441	0.352189	-2198.79
442	0.34805	-2198.12
443	0.354291	-2263.55
444	0.357386	-2298.56
445	0.348773	-2178.03
446	0.349991	-2204.77
447	0.353617	-2292.17
448	0.349833	-2232.63
449	0.348684	-2204.82
450	0.358491	-2286.74
451	0.353846	-2235.14
452	0.35151	-2221.93
453	0.348139	-2138.84
454	0.36255	-2341.09
455	0.349997	-2169.12
456	0.348965	-2177.84
457	0.361935	-2279.86
458	0.356107	-2291.78
459	0.35063	-2189.65
460	0.351379	-2260.17
461	0.353102	-2202.86
462	0.354396	-2259.24
463	0.353469	-2215.17
464	0.35089	-2221.81
465	0.35573	-2294.62
466	0.363562	-2365.34
467	0.35854	-2297.35
468	0.352906	-2263.88
469	0.362481	-2341.25
470	0.351486	-2215.92
471	0.354915	-2278.37
472	0.357364	-2283.35
473	0.351753	-2246.85
474	0.356405	-2281.57
475	0.34996	-2206.67
476	0.353313	-2235.48
477	0.357365	-2332.58
478	0.355104	-2271.15
479	0.351795	-2263.29
480	0.34033	-2087.22
481	0.357942	-2301.07
482	0.345163	-2116.05
483	0.356347	-2331.79
484	0.358537	-2335.57
485	0.348142	-2154.48
486	0.355193	-2312.75
487	0.349971	-2169.27
488	0.352823	-2209.15
489	0.355007	-2285.07
490	0.358037	-2319.65
491	0.353822	-2238.38
492	0.361346	-2369.4
493	0.35288	-2219.74
494	0.352375	-2216.16
495	0.362354	-2361.63
496	0.351678	-2223.38
497	0.353684	-2255.79
498	0.351112	-2225.51
499	0.343545	-2131.52
500	0.355997	-2250.44
501	0.351794	-2234.43
502	0.35202	-2210.8
503	0.364065	-2336.61
504	0.355325	-2243.1
505	0.346685	-2137.57
506	0.356727	-2298.12
507	0.358239	-2320.39
508	0.360631	-2368.52
509	0.359551	-2320.27
510	0.352288	-2250.79
511	0.34216	-2076.6
512	0.345242	-2126.52
513	0.362312	-2375.17
514	0.349899	-2198.37
515	0.353563	-2252.31
516	0.35085	-2227.61
517	0.347288	-2182.55
518	0.353016	-2263.42
519	0.34531	-2087.5
520	0.354274	-2266.49
521	0.352733	-2240.56
522	0.352404	-2263.29
523	0.347761	-2156.17
524	0.364101	-2317.73
525	0.352103	-2241.1
526	0.355579	-2260.59
527	0.358965	-2310.3
528	0.364315	-2396.87
529	0.36151	-2327.95
530	0.348084	-2168.66
531	0.353856	-2297.74
532	0.355966	-2264.19
533	0.353335	-2277.94
534	0.351252	-2219.57
535	0.346579	-2162.9
536	0.349342	-2184.17
537	0.345018	-2140.54
538	0.355771	-2279.34
539	0.362794	-2376.99
540	0.347275	-2177.9
541	0.357325	-2269.15
542	0.359054	-2310.25
543	0.359637	-2323.53
544	0.358404	-2324.21
545	0.357181	-2296.96
546	0.357808	-2314.33
547	0.352744	-2238.66
548	0.361389	-2303.53
549	0.349562	-2155.18
550	0.357301	-2303.1
551	0.352034	-2267.7
552	0.34908	-2212.44
553	0.354232	-2246.63
554	0.347743	-2151.67
555	0.348572	-2184.51
556	0.356882	-2280.36
557	0.346789	-2148.8
558	0.351182	-2239.55
559	0.353547	-2233.72
560	0.35163	-2233.19
561	0.358015	-2345.42
562	0.358477	-2321.97
563	0.358193	-2347.79
564	0.356197	-2287.28
565	0.348364	-2185.87
566	0.34984	-2182.63
567	0.35609	-2274.5
568	0.355685	-2299.09
569	0.357446	-2304.94
570	0.35758	-2297.14
571	0.353501	-2259.72
572	0.361828	-2343.31
573	0.356196	-2288.95
574	0.35201	-2249.87
575	0.365854	-2400.76
576	0.348699	-2175.88
577	0.349508	-2174.69
578	0.355501	-2281.91
579	0.354708	-2261.33
580	0.35538	-2264.02
581	0.358883	-2294.28
582	0.355199	-2239.93
583	0.35721	-2280.2
584	0.355465	-2280.44
585	0.347922	-2164.53
586	0.350137	-2225.33
587	0.35458	-2236.38
588	0.350456	-2204.34
589	0.361187	-2377.81
590	0.353594	-2236.49
591	0.349775	-2149.43
592	0.350517	-2217.23
593	0.356539	-2267.99
594	0.360892	-2357.07
595	0.352541	-2238.16
596	0.342379	-2125.67
597	0.348061	-2160.32
598	0.352044	-2257.58
599	0.351319	-2230.03
600	0.356482	-2298.42
601	0.351571	-2220.24
602	0.364511	-2356.75
603	0.343638	-2148.93
604	0.362178	-2302.08
605	0.357894	-2306.77
606	0.35426	-2267.6
607	0.35192	-2185.12
608	0.358894	-2319.87
609	0.358784	-2282.61
610	0.355401	-2322.89
611	0.357604	-2287.45
612	0.350772	-2183.94
613	0.345927	-2183.02
614	0.356268	-2298.91
615	0.349167	-2157.62
616	0.356987	-2314.55
617	0.347233	-2166.4
618	0.35251	-2246.13
619	0.357551	-2253.46
620	0.358825	-2322.44
621	0.350006	-2187.04
622	0.355421	-2250.21
623	0.353498	-2223.73
624	0.350754	-2231.55
625	0.348619	-2194.73
626	0.348582	-2189.03
627	0.356927	-2355.79
628	0.359081	-2339.35
629	0.351636	-2226.23
630	0.356843	-2339.52
631	0.353802	-2293.74
632	0.357614	-2331.76
633	0.33982	-2104.33
634	0.35244	-2227.14
635	0.361629	-2321.2
636	0.361686	-2334.69
637	0.351223	-2218.54
638	0.349461	-2190.44
639	0.360348	-2328.71
640	0.346025	-2163.59
641	0.360618	-2344.58
642	0.361108	-2313.31
643	0.358493	-2284.24
644	0.354548	-2282.95
645	0.36275	-2352.69
646	0.344103	-2150.98
647	0.360978	-2320.79
648	0.352978	-2247.23
649	0.354959	-2278.11
650	0.349334	-2163.79
651	0.349275	-2190.98
652	0.36062	-2297.25
653	0.359289	-2337.6
654	0.354291	-2276.29
655	0.356167	-2202.08
656	0.360294	-2316.94
657	0.360942	-2326.46
658	0.348447	-2171.4
659	0.360246	-2322.04
660	0.353326	-2230.02
661	0.359997	-2328.88
662	0.353475	-2256.53
663	0.359282	-2316.06
664	0.350435	-2175.84
665	0.359035	-2305.13
666	0.351083	-2210.11
667	0.359737	-2365.88
668	0.353267	-2272.47
669	0.352393	-2220.18
670	0.354787	-2269.14
671	0.358193	-2268.59
672	0.357499	-2299.98
673	0.35087	-2229.72
674	0.36044	-2338.36
675	0.354845	-2242.38
676	0.358564	-2317.94
677	0.354095	-2248.08
678	0.353984	-2263.3
679	0.348198	-2187.82
680	0.35537	-2249.9
681	0.357489	-2313.62
682	0.351598	-2245.44
683	0.346775	-2165.68
684	0.3605	-2313.51
685	0.358671	-2281.88
686	0.35499	-2279.48
687	0.358313	-2316.1
688	0.3444	-2121.15
689	0.355027	-2255.53
690	0.356287	-2247.49
691	0.355983	-2292.48
692	0.348942	-2203.26
693	0.357309	-2289.75
694	0.359049	-2325.91
695	0.35027	-2195.12
696	0.35732	-2325.87
697	0.355174	-2254.27
698	0.351188	-2221.98
699	0.351992	-2260.65
700	0.356329	-2334.57
701	0.361298	-2340.08
702	0.349897	-2218.65
703	0.358593	-2326.12
704	0.356804	-2253.74
705	0.345843	-2136.87
706	0.34977	-2194.36
707	0.351799	-2219.06
708	0.352864	-2232.53
709	0.351426	-2232.06
710	0.350192	-2214.41
711	0.347744	-2207.29
712	0.362412	-2389.75
713	0.358835	-2349.1
714	0.352191	-2224.6
715	0.354529	-2209.31
716	0.359715	-2328.59
717	0.352914	-2223.2
718	0.356105	-2311.3
719	0.361812	-2310.81
720	0.361337	-2343.22
721	0.358023	-2302.48
722	0.346226	-2165.22
723	0.365783	-2415.1
724	0.372516	-2534.11
725	0.356209	-2295.54
726	0.356803	-2337.28
727	0.355238	-2239.87
728	0.360293	-2318.23
729	0.357643	-2292.09
730	0.359548	-2345.58
731	0.352673	-2236
732	0.352135	-2180.04
733	0.356558	-2323.99
734	0.351837	-2238.56
735	0.351321	-2214.56
736	0.352846	-2205.4
737	0.355325	-2272.06
738	0.356859	-2266.29
739	0.349163	-2205.78
740	0.349547	-2136.81
741	0.348388	-2192.96
742	0.362265	-2371.47
743	0.356579	-2289.49
744	0.349211	-2219.81
745	0.356842	-2326.65
746	0.34362	-2158.27
747	0.345895	-2133.81
748	0.347616	-2152.88
749	0.343544	-2117.54
750	0.358246	-2305.61
751	0.358661	-2323.85
752	0.36467	-2403.01
753	0.357249	-2299.41
754	0.34914	-2174.85
755	0.351108	-2209.65
756	0.354818	-2318.78
757	0.354267	-2293.27
758	0.357544	-2316.02
759	0.355673	-2247.34
760	0.347111	-2146.04
761	0.354926	-2279.85
762	0.357264	-2260.63
763	0.355554	-2231.47
764	0.353469	-2309.22
765	0.346721	-2168.17
766	0.35394	-2278.46
767	0.353599	-2233.47
768	0.35639	-2268.27
769	0.356423	-2254.84
770	0.357442	-2279.89
771	0.343295	-2078.75
772	0.353555	-2245.53
773	0.357056	-2289.57
774	0.355529	-2291.07
775	0.340876	-2080.66
776	0.356583	-2296.35
777	0.36103	-2335.08
778	0.348788	-2187.13
779	0.361018	-2337.79
780	0.346329	-2148.77
781	0.353493	-2300.06
782	0.356512	-2288.44
783	0.355984	-2232.25
784	0.3573	-2307.04
785	0.356008	-2298.72
786	0.349519	-2192.18
787	0.357834	-2264.5
788	0.357239	-2299.28
789	0.362109	-2337.68
790	0.352515	-2225.6
791	0.351285	-2228.04
792	0.354419	-2263.21
793	0.35519	-2238.78
794	0.350805	-2198.78
795	0.360475	-2306.36
796	0.360398	-2348.63
797	0.35734	-2324.06
798	0.358064	-2290.17
799	0.357597	-2293.84
800	0.35861	-2288.43
801	0.356168	-2312.36
802	0.357408	-2293.06
803	0.358	-2263.92
804	0.35375	-2255.74
805	0.356085	-2294.63
806	0.354544	-2227.05
807	0.349892	-2220.64
808	0.353403	-2200.87
809	0.355321	-2291.27
810	0.349159	-2156.02
811	0.359716	-2305.05
812	0.342851	-2144.4
813	0.355215	-2260.8
814	0.347894	-2155.28
815	0.363354	-2407.77
816	0.346966	-2151.75
817	0.350587	-2221.24
818	0.354275	-2256.76
819	0.35696	-2317.46
820	0.351633	-2232.66
821	0.356026	-2241.68
822	0.358925	-2361.66
823	0.354936	-2308.33
824	0.359224	-2357.88
825	0.351769	-2247.62
826	0.35637	-2268.35
827	0.359347	-2330.1
828	0.35769	-2307.94
829	0.358766	-2267.93
830	0.358604	-2329.77
831	0.356024	-2281.7
832	0.350344	-2189.83
833	0.348762	-2163.24
834	0.355598	-2298.54
835	0.347698	-2226.89
836	0.367186	-2386.28
837	0.34945	-2196.01
838	0.354437	-2261.65
839	0.353719	-2248
840	0.360121	-2319.33
841	0.36032	-2318.68
842	0.355919	-2228.11
843	0.352973	-2252.33
844	0.357366	-2283.87
845	0.3594	-2289.86
846	0.354239	-2275.07
847	0.354938	-2284.32
848	0.354105	-2266.47
849	0.355884	-2258.63
850	0.351144	-2196.01
851	0.349873	-2152.8
852	0.356505	-2285.99
853	0.354702	-2260.34
854	0.362217	-2366.72
855	0.341596	-2075.67
856	0.35729	-2309.94
857	0.363078	-2379.91
858	0.357277	-2313.41
859	0.345159	-2124.65
860	0.349803	-2206.06
861	0.354485	-2227.01
862	0.360788	-2350.26
863	0.350585	-2219.2
864	0.354702	-2285.1
865	0.35373	-2263.46
866	0.366643	-2393.86
867	0.35122	-2246.99
868	0.346434	-2148.13
869	0.350144	-2142.45
870	0.35602	-2252.52
871	0.358747	-2329.79
872	0.349511	-2183.84
873	0.356264	-2253.02
874	0.354043	-2282.06
875	0.358841	-2292.77
876	0.362545	-2323.64
877	0.349164	-2195.56
878	0.35268	-2238.9
879	0.349094	-2140.61
880	0.351872	-2213.07
881	0.347531	-2216.91
882	0.351052	-2205.16
883	0.35497	-2281.01
884	0.352213	-2238.2
885	0.35251	-2254.51
886	0.348156	-2197.86
887	0.3547	-2305.21
888	0.361172	-2325.34
889	0.360632	-2350.71
890	0.350212	-2193.17
891	0.335188	-2038.54
892	0.359868	-2339.05
893	0.356066	-2264.8
894	0.351697	-2252.32
895	0.351585	-2216.87
896	0.354957	-2275.45
897	0.358928	-2325.24
898	0.355303	-2289.71
899	0.358664	-2277.63
900	0.349213	-2219.5
901	0.352218	-2223.71
902	0.357479	-2261.23
903	0.351424	-2259.2
904	0.359703	-2335.04
905	0.349277	-2202.16
906	0.353424	-2236.07
907	0.355068	-2229.27
908	0.355635	-2292.88
909	0.361625	-2338.75
910	0.36333	-2370.26
911	0.348744	-2196.83
912	0.34972	-2164.34
913	0.358131	-2319.68
914	0.355078	-2258.59
915	0.35583	-2306.33
916	0.359199	-2304.84
917	0.350664	-2190.14
918	0.366291	-2409.5
919	0.351836	-2266.8
920	0.352022	-2260.72
921	0.350173	-2166.71
922	0.354918	-2269.51
923	0.353068	-2247.31
924	0.352424	-2249.07
925	0.357065	-2266.31
926	0.343582	-2077.7
927	0.357766	-2293.33
928	0.362218	-2299.11
929	0.357849	-2290.57
930	0.348093	-2160.75
931	0.353385	-2239.5
932	0.355002	-2257.19
933	0.360495	-2324.39
934	0.344631	-2115.62
935	0.360021	-2287.36
936	0.36177	-2349.22
937	0.349871	-2186.81
938	0.357742	-2263.43
939	0.355976	-2278
940	0.352577	-2243.49
941	0.350654	-2200.04
942	0.351924	-2184.24
943	0.360078	-2281.72
944	0.356612	-2257.01
945	0.348835	-2185.11
946	0.35442	-2267.33
947	0.36259	-2347
948	0.356374	-2293.45
949	0.353664	-2279.63
950	0.354071	-2267.58
951	0.355949	-2297.85
952	0.359183	-2319.96
953	0.348901	-2218.77
954	0.359199	-2340.06
955	0.351899	-2223.25
956	0.355351	-2274.41
957	0.354707	-2257.45
958	0.355557	-2245.36
959	0.364559	-2370.11
960	0.352312	-2245.15
961	0.36325	-2382.14
962	0.350206	-2161.91
963	0.362844	-2401.01
964	0.354235	-2225.86
965	0.362139	-2370.53
966	0.352095	-2213.79
967	0.352239	-2262.36
968	0.351062	-2200.26
969	0.358801	-2358.4
970	0.352306	-2244.84
971	0.357965	-2303.13
972	0.356474	-2284.9
973	0.34941	-2235.94
974	0.360319	-2325.91
975	0.355956	-2250.32
976	0.351619	-2237.18
977	0.354164	-2297.03
978	0.343104	-2092.53
979	0.35755	-2303.73
980	0.351189	-2146.45
981	0.355195	-2284.29
982	0.355272	-2290.18
983	0.346503	-2169.48
984	0.352209	-2224.8
985	0.353048	-2264.26
986	0.358704	-2285.04
987	0.353924	-2242.77
988	0.355761	-2253.52
989	0.350799	-2234.28
990	0.348679	-2172.41
991	0.354395	-2254.74
992	0.355432	-2304.68
993	0.35765	-2301.66
994	0.353908	-2247.1
995	0.363326	-2317.63
996	0.35928	-2330.66
997	0.351635	-2246.06
998	0.347202	-2182.72
999	0.353135	-2221.01
1000	0.353673	-2245.12
1001	0.354771	-2231.26
1002	0.365048	-2414.05
1003	0.355824	-2263.77
1004	0.361013	-2324.96
1005	0.363634	-2340.32
1006	0.358606	-2282.35
1007	0.349074	-2212.13
1008	0.365023	-2418.99
1009	0.349874	-2173.35
1010	0.357388	-2318.87
1011	0.360959	-2318.78
1012	0.359663	-2298.73
1013	0.357938	-2274.38
1014	0.350078	-2192.81
1015	0.357426	-2341.04
1016	0.358857	-2317.16
1017	0.348945	-2181.86
1018	0.358829	-2298.37
1019	0.356051	-2287.6
1020	0.356857	-2314.48
1021	0.356664	-2288.82
1022	0.355742	-2320.65
1023	0.349247	-2188.53
1024	0.357917	-2286.77
1025	0.348035	-2165.15
1026	0.3528	-2259.07
1027	0.354205	-2249.59
1028	0.357679	-2285.96
1029	0.354777	-2281.98
1030	0.362627	-2331.62
1031	0.355625	-2251.88
1032	0.352981	-2262.58
1033	0.361632	-2331.66
1034	0.34578	-2153.56
1035	0.351901	-2294.19
1036	0.349749	-2210.97
1037	0.358014	-2292.64
1038	0.354673	-2262.3
1039	0.361715	-2356.43
1040	0.354515	-2257.58
1041	0.351565	-2246.93
1042	0.354179	-2268.29
1043	0.355204	-2224.25
1044	0.357954	-2281.83
1045	0.360681	-2326.94
1046	0.345937	-2114.85
1047	0.341701	-2103.43
1048	0.354451	-2250.23
1049	0.35123	-2185.96
1050	0.347927	-2182.45
1051	0.361498	-2353.33
1052	0.350705	-2241.3
1053	0.360705	-2341.28
1054	0.356456	-2310.76
1055	0.353393	-2252.02
1056	0.355315	-2304.06
1057	0.357559	-2307.9
1058	0.356874	-2258.8
1059	0.360999	-2324.19
1060	0.357474	-2331.66
1061	0.355311	-2280.16
1062	0.365564	-2408.55
1063	0.354767	-2265.62
1064	0.358117	-2328.82
1065	0.354307	-2226.91
1066	0.353146	-2245.59
1067	0.351983	-2258.17
1068	0.356488	-2269.83
1069	0.361642	-2363.25
1070	0.358417	-2258.24
1071	0.357707	-2283.88
1072	0.35289	-2258.09
1073	0.356491	-2291.04
1074	0.358478	-2307.29
1075	0.3523	-2204.28
1076	0.360574	-2335.6
1077	0.353437	-2252.5
1078	0.34677	-2173.84
1079	0.352989	-2224.69
1080	0.359122	-2327.08
1081	0.35695	-2288.54
1082	0.356133	-2278
1083	0.350594	-2202.49
1084	0.34669	-2127.03
1085	0.358096	-2295.43
1086	0.355767	-2316.72
1087	0.354785	-2270.54
1088	0.353045	-2243.36
1089	0.355038	-2250.38
1090	0.350825	-2240.11
1091	0.343129	-2103.95
1092	0.358381	-2319.57
1093	0.3605	-2357.17
1094	0.342881	-2147.12
1095	0.348194	-2191.56
1096	0.362175	-2343.55
1097	0.357197	-2276.46
1098	0.351464	-2245.86
1099	0.357728	-2306.58
1100	0.356629	-2251.47
1101	0.352674	-2252.32
1102	0.356228	-2309.98
1103	0.349617	-2220.57
1104	0.361667	-2343.81
1105	0.353641	-2247.39
1106	0.357962	-2318.6
1107	0.356681	-2263.53
1108	0.34866	-2156.88
1109	0.361441	-2308.66
1110	0.34673	-2143.71
1111	0.353804	-2230.44
1112	0.352389	-2272.78
1113	0.350914	-2247.42
1114	0.356524	-2281.5
1115	0.352679	-2200.72
1116	0.353946	-2234.89
1117	0.354298	-2270.65
1118	0.349633	-2176.04
1119	0.353203	-2244.11
1120	0.361532	-2354.99
1121	0.359753	-2337.2
1122	0.350125	-2192.07
1123	0.350676	-2185.94
1124	0.352874	-2237.58
1125	0.347707	-2134.17
1126	0.350556	-2224.74
1127	0.357009	-2315.03
1128	0.353425	-2280.39
1129	0.352394	-2246.52
1130	0.352914	-2245.26
1131	0.360453	-2324.42
1132	0.338466	-2055.58
1133	0.353927	-2277.17
1134	0.35203	-2222.46
1135	0.354078	-2259.35
1136	0.368798	-2406.44
1137	0.357213	-2306.4
1138	0.351552	-2222.1
1139	0.342919	-2088.68
1140	0.360037	-2326.62
1141	0.355246	-2292.05
1142	0.358598	-2311.53
1143	0.348999	-2160
1144	0.348987	-2197.42
1145	0.35391	-2211.04
1146	0.349538	-2204.47
1147	0.356136	-2256.65
1148	0.349116	-2193.7
1149	0.36356	-2360.85
1150	0.35583	-2250.82
1151	0.35772	-2295.26
1152	0.349404	-2182.8
1153	0.352648	-2242.88
1154	0.341665	-2096.7
1155	0.361066	-2313.72
1156	0.345437	-2149.9
1157	0.350586	-2165.76
1158	0.349682	-2162.37
1159	0.347667	-2151.08
1160	0.356123	-2305.1
1161	0.348634	-2178.08
1162	0.356625	-2251.25
1163	0.34442	-2153.14
1164	0.352795	-2291.41
1165	0.351794	-2246.54
1166	0.357277	-2331.42
1167	0.35222	-2186.95
1168	0.351468	-2195.84
1169	0.354058	-2230.33
1170	0.364544	-2414.28
1171	0.358855	-2325.7
1172	0.352423	-2251.64
1173	0.354387	-2274.28
1174	0.357707	-2264.8
1175	0.36287	-2316.53
1176	0.359869	-2362.35
1177	0.353774	-2250.51
1178	0.355003	-2273.1
1179	0.356552	-2298.06
1180	0.350826	-2227.76
1181	0.354358	-2264.01
1182	0.35825	-2334.87
1183	0.354194	-2247.1
1184	0.348292	-2181.22
1185	0.348405	-2166.6
1186	0.358814	-2317.93
1187	0.356948	-2293.06
1188	0.351722	-2253.97
1189	0.351084	-2178.48
1190	0.360268	-2339.38
1191	0.355386	-2262.88
1192	0.352105	-2179.8
1193	0.356498	-2298.14
1194	0.357952	-2305.26
1195	0.350729	-2151.21
1196	0.354361	-2262.91
1197	0.349867	-2211.28
1198	0.353761	-2269.88
1199	0.349404	-2174.7
1200	0.350472	-2210.86
1201	0.358583	-2327.13
1202	0.355367	-2299.8
1203	0.347364	-2164.27
1204	0.341148	-2104.02
1205	0.344051	-2157.3
1206	0.358737	-2310.76
1207	0.353116	-2256.64
1208	0.349925	-2187.18
1209	0.351715	-2174.27
1210	0.352011	-2214.25
1211	0.353784	-2217.3
1212	0.361147	-2358.33
1213	0.363232	-2380.73
1214	0.350874	-2225.37
1215	0.360303	-2358.72
1216	0.353744	-2258.17
1217	0.351045	-2224.03
1218	0.356408	-2256.17
1219	0.353506	-2226.45
1220	0.358195	-2291.36
1221	0.351806	-2217.47
1222	0.361019	-2311.02
1223	0.363499	-2392.5
1224	0.354848	-2231.3
1225	0.358127	-2321.9
1226	0.360748	-2326.65
1227	0.351457	-2218.98
1228	0.360118	-2293.34
1229	0.353622	-2231.31
1230	0.344908	-2151.74
1231	0.357169	-2272.58
1232	0.355683	-2234.68
1233	0.344757	-2179.23
1234	0.348755	-2191.2
1235	0.350004	-2216.36
1236	0.351849	-2232.39
1237	0.349369	-2211.27
1238	0.362445	-2394.24
1239	0.350582	-2213.64
1240	0.364852	-2340.63
1241	0.359911	-2349.53
1242	0.354594	-2262.21
1243	0.351759	-2244.89
1244	0.35465	-2240.6
1245	0.356353	-2271.44
1246	0.357667	-2352.52
1247	0.349089	-2206.82
1248	0.352231	-2259.61
1249	0.349911	-2200.54
1250	0.35142	-2244.2
1251	0.34883	-2204.97
1252	0.350156	-2198.93
1253	0.357079	-2296.84
1254	0.358101	-2310.8
1255	0.353757	-2236.52
1256	0.351053	-2221.11
1257	0.358605	-2328.42
1258	0.352263	-2196.79
1259	0.359356	-2292.28
1260	0.354384	-2224.95
1261	0.35622	-2233.96
1262	0.358937	-2372.13
1263	0.356826	-2270.64
1264	0.354977	-2262.07
1265	0.356427	-2243.61
1266	0.357785	-2283.55
1267	0.351461	-2225.88
1268	0.350447	-2218.72
1269	0.348327	-2155.27
1270	0.354256	-2224.61
1271	0.354056	-2238.7
1272	0.357332	-2263.83
1273	0.357634	-2338.81
1274	0.352148	-2221.84
1275	0.347122	-2172.6
1276	0.352607	-2247.66
1277	0.350194	-2229.33
1278	0.353154	-2224.82
1279	0.355683	-2289.16
1280	0.360881	-2350.53
1281	0.354541	-2262.11
1282	0.360147	-2350.72
1283	0.350463	-2194.66
1284	0.360942	-2325.05
1285	0.355429	-2251.46
1286	0.357277	-2251.23
1287	0.359008	-2339.36
1288	0.36545	-2412.11
1289	0.358062	-2309.94
1290	0.355388	-2286.71
1291	0.354479	-2263.26
1292	0.346238	-2170.62
1293	0.350019	-2213.55
1294	0.352197	-2206.43
1295	0.351648	-2218.26
1296	0.358623	-2300.98
1297	0.356678	-2296.1
1298	0.349849	-2212.17
1299	0.355286	-2289
1300	0.356622	-2331
1301	0.363197	-2368.87
1302	0.355071	-2259.35
1303	0.354986	-2279.94
1304	0.348735	-2163.28
1305	0.355449	-2271.26
1306	0.349038	-2215.94
1307	0.35752	-2254.5
1308	0.352472	-2229.82
1309	0.364102	-2348.58
1310	0.347956	-2187.19
1311	0.355572	-2239.99
1312	0.354199	-2271.68
1313	0.365738	-2427.8
1314	0.360148	-2333.92
1315	0.35473	-2278.54
1316	0.352238	-2188.02
1317	0.34785	-2187.61
1318	0.352432	-2264.87
1319	0.354578	-2250.95
1320	0.344491	-2151.9
1321	0.359864	-2327.95
1322	0.350097	-2219.33
1323	0.358274	-2299.54
1324	0.364044	-2399.83
1325	0.35909	-2304.46
1326	0.348784	-2189.31
1327	0.347369	-2185.89
1328	0.354253	-2232.69
1329	0.360429	-2361.78
1330	0.357187	-2289.92
1331	0.353856	-2265.82
1332	0.361248	-2375.6
1333	0.352338	-2243.4
1334	0.352816	-2262.45
1335	0.350493	-2187.74
1336	0.354827	-2299.92
1337	0.357008	-2316.16
1338	0.353755	-2258.71
1339	0.356817	-2238.86
1340	0.352901	-2267.71
1341	0.352947	-2273.6
1342	0.360378	-2303.9
1343	0.356276	-2266.84
1344	0.348555	-2171.6
1345	0.349884	-2215.51
1346	0.352693	-2189.63
1347	0.35046	-2161.45
1348	0.355097	-2267.55
1349	0.352145	-2249.22
1350	0.353785	-2259.26
1351	0.363127	-2374.51
1352	0.349065	-2211.27
1353	0.363734	-2374.91
1354	0.352123	-2258.82
1355	0.346472	-2175.69
1356	0.353349	-2254.16
1357	0.345393	-2136.89
1358	0.359043	-2326.73
1359	0.351588	-2209.36
1360	0.350027	-2208.99
1361	0.34922	-2185.53
1362	0.343459	-2135.38
1363	0.360307	-2329.7
1364	0.356507	-2323.55
1365	0.351227	-2227.23
1366	0.35355	-2214.21
1367	0.366492	-2452.69
1368	0.356712	-2243.27
1369	0.35449	-2252.14
1370	0.357539	-2278.83
1371	0.350077	-2220.48
1372	0.351601	-2217.2
1373	0.350503	-2258.72
1374	0.354615	-2258.84
1375	0.34962	-2162.82
1376	0.34527	-2145.58
1377	0.353755	-2252.44
1378	0.357452	-2293.9
1379	0.364716	-2382.6
1380	0.35476	-2258.33
1381	0.360734	-2370.4
1382	0.352073	-2245.47
1383	0.34981	-2210.07
1384	0.353428	-2204.46
1385	0.359405	-2305.17
1386	0.361388	-2356.26
1387	0.355748	-2270.5
1388	0.350964	-2222.43
1389	0.35104	-2211.73
1390	0.351407	-2167.53
1391	0.352972	-2220.61
1392	0.346667	-2145.52
1393	0.357182	-2327.31
1394	0.354561	-2260.05
1395	0.354176	-2274.72
1396	0.358162	-2284.73
1397	0.361243	-2329.46
1398	0.351609	-2216.47
1399	0.347602	-2155.74
1400	0.359495	-2312
1401	0.36057	-2338.08
1402	0.357176	-2330.2
1403	0.363644	-2353.61
1404	0.351377	-2216.83
1405	0.341275	-2122.7
1406	0.360806	-2383.39
1407	0.356774	-2292.63
1408	0.356901	-2257.64
1409	0.358401	-2355.79
1410	0.361406	-2318.1
1411	0.355313	-2252.36
1412	0.35556	-2240.19
1413	0.34601	-2153.06
1414	0.354307	-2251.55
1415	0.35804	-2250.33
1416	0.352476	-2253.23
1417	0.366129	-2440.09
1418	0.35315	-2242.51
1419	0.361669	-2340.17
1420	0.353854	-2232.82
1421	0.35192	-2238.52
1422	0.350662	-2166.42
1423	0.35508	-2276.58
1424	0.350881	-2287.65
1425	0.363568	-2399.9
1426	0.351718	-2261.55
1427	0.343848	-2111.47
1428	0.353136	-2202.22
1429	0.349274	-2189.05
1430	0.352823	-2252.57
1431	0.352764	-2269.76
1432	0.364564	-2409.57
1433	0.348935	-2179.41
1434	0.340547	-2129.83
1435	0.357174	-2342.48
1436	0.35644	-2292.85
1437	0.350712	-2233.65
1438	0.352722	-2208.65
1439	0.349997	-2208.12
1440	0.351434	-2204.61
1441	0.351799	-2225.36
1442	0.35031	-2209.26
1443	0.350998	-2196.16
1444	0.357275	-2303.13
1445	0.356386	-2285.78
1446	0.354816	-2246.54
1447	0.351036	-2194.2
1448	0.353994	-2290.15
1449	0.358648	-2301.79
1450	0.349266	-2191.37
1451	0.357948	-2264.94
1452	0.363467	-2349.81
1453	0.355938	-2295.18
1454	0.349126	-2181.35
1455	0.350689	-2218.26
1456	0.342168	-2100.67
1457	0.348455	-2149.39
1458	0.360788	-2328.45
1459	0.353483	-2226.26
1460	0.348657	-2184.38
1461	0.350083	-2206.01
1462	0.348874	-2188.69
1463	0.355508	-2253.88
1464	0.351546	-2190.39
1465	0.356529	-2282.02
1466	0.351881	-2232.34
1467	0.353501	-2278.9
1468	0.354865	-2254.47
1469	0.362285	-2353.17
1470	0.353982	-2288.56
1471	0.35381	-2276.18
1472	0.358366	-2303.36
1473	0.356447	-2249.54
1474	0.355022	-2306.75
1475	0.35914	-2353.73
1476	0.352419	-2191.18
1477	0.344963	-2147.74
1478	0.352822	-2236.22
1479	0.350322	-2190
1480	0.352332	-2200.9
1481	0.351122	-2244.9
1482	0.354521	-2236.71
1483	0.358582	-2299.92
1484	0.360446	-2355.34
1485	0.348288	-2158.93
1486	0.353277	-2254.81
1487	0.355701	-2261.81
1488	0.353299	-2226.77
1489	0.355399	-2252.25
1490	0.347842	-2139.02
1491	0.348158	-2207.43
1492	0.352833	-2242.98
1493	0.355926	-2254.21
1494	0.355404	-2219.38
1495	0.359792	-2286.97
1496	0.354749	-2231.26
1497	0.354222	-2271.74
1498	0.353207	-2251.44
1499	0.357161	-2367.24
1500	0.346119	-2128.03
1501	0.349047	-2163.87
1502	0.363574	-2381.55
1503	0.355861	-2274.57
1504	0.355455	-2301.5
1505	0.361504	-2310.59
1506	0.357973	-2277.15
1507	0.353694	-2250.96
1508	0.359056	-2296.95
1509	0.352827	-2242.88
1510	0.354343	-2236.08
1511	0.346971	-2144.67
1512	0.348157	-2176.46
1513	0.355732	-2242.39
1514	0.369387	-2440.4
1515	0.349226	-2214.16
1516	0.359748	-2311.55
1517	0.354731	-2279.26
1518	0.357812	-2328
1519	0.353857	-2274.06
1520	0.358464	-2320.98
1521	0.351585	-2215.11
1522	0.34626	-2172.32
1523	0.349306	-2162.21
1524	0.353199	-2226.15
1525	0.347281	-2127.08
1526	0.354265	-2263.3
1527	0.352884	-2211.11
1528	0.354437	-2296.81
1529	0.350413	-2214.06
1530	0.3589	-2283.33
1531	0.343002	-2116.74
1532	0.35738	-2291.49
1533	0.356562	-2272.03
1534	0.345858	-2197.93
1535	0.354007	-2283.59
1536	0.3503	-2227.68
1537	0.366294	-2416.78
1538	0.357619	-2282.23
1539	0.349983	-2213.39
1540	0.357313	-2269.08
1541	0.351672	-2223.81
1542	0.365006	-2427.58
1543	0.348717	-2229.83
1544	0.35392	-2288.17
1545	0.354538	-2256.1
1546	0.353306	-2235.63
1547	0.35942	-2347.36
1548	0.348261	-2175.63
1549	0.353027	-2267.53
1550	0.353727	-2248.36
1551	0.352053	-2256.75
1552	0.353864	-2261.53
1553	0.353268	-2218.6
1554	0.350134	-2257.33
1555	0.359144	-2334.66
1556	0.357217	-2288.07
1557	0.346997	-2124.51
1558	0.354345	-2250.56
1559	0.3502	-2219.46
1560	0.345477	-2140.87
1561	0.351712	-2271.21
1562	0.34926	-2180.49
1563	0.359829	-2332.44
1564	0.356552	-2322.15
1565	0.358153	-2280
1566	0.351231	-2179.3
1567	0.353486	-2216.7
1568	0.354583	-2248.88
1569	0.348987	-2156.56
1570	0.351154	-2190.02
1571	0.34497	-2120.83
1572	0.353964	-2259.28
1573	0.359073	-2320.72
1574	0.356288	-2268.57
1575	0.353796	-2240.37
1576	0.354097	-2267.81
1577	0.356453	-2270.51
1578	0.355576	-2246.47
1579	0.350546	-2207.87
1580	0.354845	-2252.57
1581	0.353617	-2258.42
1582	0.358831	-2314.67
1583	0.355857	-2276
1584	0.360121	-2356.06
1585	0.356329	-2275.66
1586	0.347365	-2171.82
1587	0.349997	-2181.27
1588	0.353563	-2228.07
1589	0.345619	-2145.5
1590	0.357593	-2311.73
1591	0.350037	-2227.33
1592	0.357708	-2307.57
1593	0.35474	-2234.22
1594	0.365228	-2382.2
1595	0.358141	-2286.81
1596	0.355379	-2269.98
1597	0.357975	-2328.7
1598	0.355048	-2298.46
1599	0.348356	-2230.19
1600	0.349152	-2188.68
1601	0.345398	-2106.44
1602	0.343544	-2076.71
1603	0.348968	-2115.91
1604	0.350982	-2243.65
1605	0.357316	-2255.98
1606	0.349321	-2202.62
1607	0.361258	-2332.92
1608	0.357396	-2268.9
1609	0.360584	-2340.17
1610	0.354023	-2255.43
1611	0.354877	-2280.03
1612	0.354302	-2245.1
1613	0.350561	-2278.36
1614	0.348453	-2211.32
1615	0.362869	-2347.69
1616	0.348727	-2198.68
1617	0.36177	-2334.12
1618	0.355469	-2323.38
1619	0.348217	-2195.06
1620	0.358122	-2346.45
1621	0.341947	-2101.07
1622	0.357348	-2268.69
1623	0.346445	-2131.22
1624	0.356975	-2306.86
1625	0.349007	-2187.17
1626	0.353455	-2226.81
1627	0.354051	-2250.57
1628	0.364212	-2401.46
1629	0.358186	-2283.86
1630	0.359226	-2306.75
1631	0.352754	-2212.39
1632	0.354269	-2261.29
1633	0.358703	-2302.67
1634	0.35128	-2237.71
1635	0.359877	-2351.1
1636	0.347715	-2174.36
1637	0.354358	-2211.12
1638	0.348695	-2208.93
1639	0.348648	-2191.27
1640	0.350995	-2187.11
1641	0.349495	-2209.02
1642	0.348174	-2150.79
1643	0.347707	-2179.33
1644	0.357197	-2307.63
1645	0.35602	-2267.55
1646	0.353467	-2250.97
1647	0.364467	-2397.09
1648	0.356677	-2264.04
1649	0.346987	-2121.17
1650	0.363055	-2373.43
1651	0.355745	-2269.71
1652	0.354767	-2236.8
1653	0.35003	-2187.56
1654	0.337987	-2023.38
1655	0.356002	-2222.68
1656	0.349606	-2153.43
1657	0.351557	-2206.24
1658	0.35397	-2258.78
1659	0.345265	-2131.83
1660	0.371408	-2463.93
1661	0.352347	-2246.01
1662	0.350608	-2178.62
1663	0.348945	-2234.52
1664	0.358768	-2346.12
1665	0.352397	-2239.66
1666	0.347549	-2159.45
1667	0.35527	-2287.58
1668	0.357985	-2328.86
1669	0.36045	-2325.36
1670	0.35451	-2236.65
1671	0.358191	-2285.69
1672	0.352807	-2190.27
1673	0.357988	-2320
1674	0.346981	-2191.15
1675	0.360142	-2340.01
1676	0.353179	-2260.15
1677	0.362129	-2336.66
1678	0.366371	-2430.33
1679	0.353722	-2250.71
1680	0.355281	-2293.87
1681	0.35197	-2200.55
1682	0.355431	-2312.02
1683	0.344974	-2171.18
1684	0.352893	-2264.57
1685	0.353582	-2222.4
1686	0.351057	-2227.12
1687	0.346369	-2147.81
1688	0.355905	-2277.23
1689	0.349468	-2178.43
1690	0.35301	-2203.68
1691	0.356461	-2279.59
1692	0.360144	-2323.77
1693	0.355142	-2273.32
1694	0.353152	-2250.23
1695	0.348675	-2157.56
1696	0.347408	-2166.64
1697	0.34705	-2172.38
1698	0.358718	-2333.22
1699	0.350375	-2193.67
1700	0.353521	-2254.26
1701	0.350403	-2229.86
1702	0.354106	-2247.76
1703	0.359418	-2356.72
1704	0.359827	-2321.04
1705	0.359753	-2348.39
1706	0.344794	-2175.58
1707	0.35454	-2230.74
1708	0.346989	-2154.22
1709	0.34454	-2160.69
1710	0.347675	-2161.28
1711	0.362847	-2358.95
1712	0.35809	-2304.1
1713	0.361337	-2377.25
1714	0.34466	-2101.82
1715	0.352373	-2239.71
1716	0.355022	-2297.01
1717	0.355015	-2274.69
1718	0.358641	-2327.84
1719	0.354319	-2263.31
1720	0.356077	-2253.29
1721	0.344982	-2161.41
1722	0.355247	-2241.28
1723	0.352075	-2217.99
1724	0.346143	-2136.34
1725	0.355556	-2226.27
1726	0.354735	-2283.59
1727	0.356526	-2283.48
1728	0.361814	-2375.44
1729	0.352015	-2239.74
1730	0.353946	-2240.88
1731	0.36118	-2344.26
1732	0.355019	-2305.84
1733	0.360896	-2385.47
1734	0.358999	-2326.79
1735	0.355076	-2223.04
1736	0.353722	-2228.06
1737	0.352126	-2259.48
1738	0.356389	-2278.31
1739	0.354964	-2272.96
1740	0.354726	-2214.92
1741	0.358832	-2359.19
1742	0.351286	-2223.69
1743	0.349889	-2194.42
1744	0.351581	-2243.99
1745	0.348373	-2156.59
1746	0.339131	-2049.55
1747	0.348798	-2152.47
1748	0.348976	-2228.44
1749	0.347575	-2168.58
1750	0.357082	-2292.47
1751	0.347735	-2163.89
1752	0.352823	-2241.76
1753	0.346141	-2185.41
1754	0.350797	-2213.75
1755	0.346367	-2134.81
1756	0.350935	-2210.01
1757	0.359141	-2341.01
1758	0.349656	-2235.99
1759	0.3468	-2194.02
1760	0.360746	-2374.58
1761	0.348378	-2124.12
1762	0.355758	-2305.54
1763	0.353939	-2213.55
1764	0.363793	-2393.29
1765	0.360039	-2333.51
1766	0.362643	-2354.24
1767	0.345652	-2163.86
1768	0.355194	-2248.96
1769	0.362373	-2348.83
1770	0.349049	-2201.94
1771	0.352528	-2209.98
1772	0.354535	-2229.66
1773	0.353983	-2290.82
1774	0.349574	-2230.34
1775	0.353096	-2233.17
1776	0.357539	-2297.93
1777	0.359102	-2320.66
1778	0.355488	-2279.45
1779	0.352462	-2290.28
1780	0.346153	-2175.54
1781	0.34907	-2201.24
1782	0.357014	-2276.49
1783	0.361459	-2345.44
1784	0.356414	-2239.08
1785	0.36059	-2320.58
1786	0.354853	-2219.8
1787	0.348323	-2152.12
1788	0.355178	-2315.37
1789	0.363427	-2344.44
1790	0.357206	-2268.49
1791	0.353396	-2230.36
1792	0.347137	-2207
1793	0.355934	-2299
1794	0.351708	-2216.86
1795	0.353521	-2245.78
1796	0.351147	-2186.7
1797	0.350081	-2201.88
1798	0.341136	-2061.53
1799	0.346344	-2170.18
1800	0.356783	-2278.27
1801	0.352757	-2234.6
1802	0.355568	-2272.4
1803	0.359992	-2328.48
1804	0.348087	-2187.2
1805	0.361926	-2364.66
1806	0.351901	-2229.69
1807	0.352416	-2207.81
1808	0.363062	-2326.46
1809	0.354652	-2259.04
1810	0.35787	-2300.72
1811	0.347057	-2124.42
1812	0.350034	-2231.81
1813	0.356049	-2283.02
1814	0.34805	-2176.87
1815	0.355308	-2257.13
1816	0.353119	-2259.28
1817	0.352456	-2288.68
1818	0.348973	-2207.21
1819	0.344175	-2176.51
1820	0.352893	-2221.16
1821	0.355539	-2243.72
1822	0.356181	-2290.92
1823	0.3565	-2274.33
1824	0.355649	-2282.52
1825	0.357977	-2297.45
1826	0.354571	-2272.42
1827	0.3529	-2244.86
1828	0.350573	-2161.88
1829	0.35208	-2272.34
1830	0.349717	-2219.84
1831	0.350796	-2199.86
1832	0.362487	-2363.76
1833	0.353	-2238.45
1834	0.359616	-2355.43
1835	0.35911	-2324.27
1836	0.356244	-2288.26
1837	0.356676	-2255.22
1838	0.362428	-2376.91
1839	0.353341	-2243.22
1840	0.355488	-2242.88
1841	0.361127	-2348.44
1842	0.345735	-2144.91
1843	0.351666	-2215.25
1844	0.349161	-2138.26
1845	0.361223	-2294.92
1846	0.358916	-2262.43
1847	0.352805	-2246.52
1848	0.352866	-2213.73
1849	0.349733	-2218.03
1850	0.347785	-2121.34
1851	0.35264	-2185.5
1852	0.349217	-2182.71
1853	0.350993	-2162.57
1854	0.353605	-2243.14
1855	0.347693	-2180.98
1856	0.347399	-2141.28
1857	0.355604	-2273.7
1858	0.354123	-2191.91
1859	0.346147	-2152.55
1860	0.349088	-2161.02
1861	0.354573	-2256.35
1862	0.353019	-2204.04
1863	0.360334	-2340.96
1864	0.341863	-2105.16
1865	0.359003	-2334.23
1866	0.357299	-2282.63
1867	0.349089	-2218.25
1868	0.35705	-2294.34
1869	0.358956	-2327.22
1870	0.350489	-2211.07
1871	0.346233	-2169.21
1872	0.357863	-2333.15
1873	0.350017	-2216.88
1874	0.351926	-2245.46
1875	0.347296	-2146
1876	0.351251	-2224.01
1877	0.356894	-2306.65
1878	0.355603	-2224.12
1879	0.357226	-2298.15
1880	0.347659	-2192.8
1881	0.351107	-2204.23
1882	0.360756	-2352.53
1883	0.360652	-2342.9
1884	0.354401	-2248.51
1885	0.347495	-2109.03
1886	0.360002	-2295.53
1887	0.353141	-2255.48
1888	0.353671	-2249.77
1889	0.352205	-2236.49
1890	0.354538	-2247.96
1891	0.355478	-2299.96
1892	0.353155	-2202.43
1893	0.344296	-2132.11
1894	0.349586	-2189.66
1895	0.35466	-2236.33
1896	0.359387	-2328.26
1897	0.352447	-2208.98
1898	0.346035	-2146.76
1899	0.346958	-2216.2
1900	0.356981	-2288.86
1901	0.360007	-2326.93
1902	0.354588	-2219
1903	0.349223	-2198.28
1904	0.357181	-2310.51
1905	0.346479	-2160.45
1906	0.351988	-2218.99
1907	0.35238	-2229.03
1908	0.350182	-2191.83
1909	0.346304	-2173.51
1910	0.357344	-2294.71
1911	0.351789	-2199.88
1912	0.352347	-2223.53
1913	0.344199	-2178.24
1914	0.346558	-2136
1915	0.354487	-2227.4
1916	0.348586	-2199.57
1917	0.364943	-2408.92
1918	0.349081	-2238.64
1919	0.355553	-2296.99
1920	0.346666	-2119.54
1921	0.35387	-2225.73
1922	0.352966	-2236.72
1923	0.357163	-2316.6
1924	0.351943	-2227.03
1925	0.356826	-2315.22
1926	0.36046	-2334.71
1927	0.351826	-2244.76
1928	0.350371	-2225.75
1929	0.35992	-2303.95
1930	0.353168	-2237.75
1931	0.348251	-2176.27
1932	0.3615	-2308.53
1933	0.358705	-2322.29
1934	0.351896	-2236.17
1935	0.355924	-2229.8
1936	0.351905	-2170.3
1937	0.354613	-2282.87
1938	0.356143	-2309.51
1939	0.359023	-2284.93
1940	0.355031	-2287.61
1941	0.355691	-2261.71
1942	0.35247	-2181.54
1943	0.354856	-2257.49
1944	0.349618	-2167.01
1945	0.359201	-2318.19
1946	0.348605	-2211.05
1947	0.359371	-2338.22
1948	0.358878	-2330.64
1949	0.3511	-2206.32
1950	0.353036	-2213.95
1951	0.350488	-2214.38
1952	0.359593	-2288.44
1953	0.354259	-2242.09
1954	0.365962	-2382.99
1955	0.360288	-2297.28
1956	0.351366	-2239.78
1957	0.34863	-2153.68
1958	0.352848	-2232.28
1959	0.357841	-2253.91
1960	0.349731	-2186.64
1961	0.34796	-2175.71
1962	0.360032	-2360.33
1963	0.347253	-2149.63
1964	0.350134	-2204.43
1965	0.355364	-2238.76
1966	0.350993	-2197.65
1967	0.359119	-2307.99
1968	0.360337	-2317.95
1969	0.350784	-2212.96
1970	0.35579	-2283
1971	0.349355	-2182.68
1972	0.350129	-2142.97
1973	0.349367	-2198.89
1974	0.361202	-2350.08
1975	0.355959	-2278.94
1976	0.361996	-2368.72
1977	0.355415	-2267.18
1978	0.362553	-2371.8
1979	0.347576	-2196.58
1980	0.351044	-2201.71
1981	0.35542	-2260.17
1982	0.347119	-2167.59
1983	0.364126	-2380.62
1984	0.352419	-2256.86
1985	0.349092	-2200.82
1986	0.352392	-2230.15
1987	0.35858	-2327.18
1988	0.356689	-2282.2
1989	0.353089	-2217.41
1990	0.352057	-2215.29
1991	0.348877	-2241.59
1992	0.360004	-2318.34
1993	0.353423	-2220.89
1994	0.347984	-2207.67
1995	0.364954	-2328.96
1996	0.344752	-2138.7
1997	0.3503	-2216.91
1998	0.35245	-2221.87
1999	0.363191	-2357.19
2000	0.362174	-2320.7
2001	0.35675	-2327.83
2002	0.35055	-2177.95
2003	0.353746	-2262.92
2004	0.35991	-2260.55
2005	0.36051	-2336.54
2006	0.355193	-2291.97
2007	0.349148	-2205.92
2008	0.348071	-2190.39
2009	0.350959	-2222.48
2010	0.353794	-2250.95
2011	0.348502	-2217.84
2012	0.345001	-2102.58
2013	0.348198	-2176.11
2014	0.360119	-2319.67
2015	0.357048	-2316.34
2016	0.349766	-2155.38
2017	0.347031	-2149.23
2018	0.353613	-2245.36
2019	0.358365	-2331.5
2020	0.35422	-2274.7
2021	0.351372	-2246.2
2022	0.355088	-2236.5
2023	0.361889	-2363.57
2024	0.353522	-2239.72
2025	0.355582	-2245.08
2026	0.353691	-2239.89
2027	0.353112	-2203.47
2028	0.343189	-2111.81
2029	0.353213	-2249.59
2030	0.356943	-2281.05
2031	0.350926	-2199.47
2032	0.353051	-2259.56
2033	0.361159	-2342.54
2034	0.354756	-2245.3
2035	0.359085	-2338.11
2036	0.35583	-2291.23
2037	0.355622	-2258.62
2038	0.357047	-2251.87
2039	0.353068	-2278.58
2040	0.353396	-2249.68
2041	0.355357	-2263.6
2042	0.360621	-2362.29
2043	0.358806	-2277.55
2044	0.359378	-2332.37
2045	0.360026	-2365.16
2046	0.361063	-2388.19
2047	0.34942	-2212.01
2048	0.350676	-2239.36
2049	0.343145	-2116.98
2050	0.354214	-2249.48
2051	0.351537	-2228.15
2052	0.346105	-2129.23
2053	0.348123	-2166.36
2054	0.353437	-2242.72
2055	0.35611	-2291.23
2056	0.356147	-2297.3
2057	0.355118	-2290.24
2058	0.358763	-2276.04
2059	0.355315	-2277.12
2060	0.355334	-2254.93
2061	0.359412	-2308.29
2062	0.361946	-2329.27
2063	0.346829	-2176.88
2064	0.358951	-2337.89
2065	0.35508	-2279.3
2066	0.360663	-2322
2067	0.349228	-2184.75
2068	0.347193	-2128.11
2069	0.354486	-2278.31
2070	0.354951	-2249.67
2071	0.355255	-2285.12
2072	0.350336	-2213.95
2073	0.354165	-2285.46
2074	0.35178	-2206.79
2075	0.358362	-2292.88
2076	0.350317	-2268.54
2077	0.354382	-2256.44
2078	0.355235	-2301.15
2079	0.356447	-2289.09
2080	0.349933	-2220.58
2081	0.358278	-2326
2082	0.349596	-2226.29
2083	0.353886	-2223.3
2084	0.359751	-2364.66
2085	0.349925	-2184.22
2086	0.350587	-2206.29
2087	0.353988	-2191.2
2088	0.36018	-2312.11
2089	0.359525	-2298.13
2090	0.354211	-2291.93
2091	0.343702	-2093.5
2092	0.345298	-2140.21
2093	0.364593	-2356.56
2094	0.358977	-2312.23
2095	0.359851	-2337.78
2096	0.35564	-2272.18
2097	0.354802	-2255.26
2098	0.357111	-2305.48
2099	0.347254	-2180.28
2100	0.353699	-2221.13
2101	0.362389	-2348.61
2102	0.350912	-2243.63
2103	0.35721	-2277.96
2104	0.351834	-2188.04
2105	0.350153	-2229.07
2106	0.357102	-2284.52
2107	0.353259	-2192.03
2108	0.357398	-2328.7
2109	0.356315	-2333.39
2110	0.35548	-2329.28
2111	0.361451	-2322.59
2112	0.356426	-2303.35
2113	0.355772	-2293.22
2114	0.35952	-2349.25
2115	0.3597	-2355.65
2116	0.353882	-2263.91
2117	0.351527	-2211.39
2118	0.359037	-2303.25
2119	0.351498	-2170.69
2120	0.358903	-2320.14
2121	0.351766	-2266.73
2122	0.354321	-2266.17
2123	0.353594	-2312.18
2124	0.345299	-2122.92
2125	0.355881	-2267.85
2126	0.350554	-2199.01
2127	0.353594	-2227.14
2128	0.363104	-2352.78
2129	0.358521	-2312.11
2130	0.361448	-2316.62
2131	0.359733	-2290.82
2132	0.353996	-2252.88
2133	0.346623	-2123.04
2134	0.363671	-2370.57
2135	0.359555	-2331.83
2136	0.351498	-2238.37
2137	0.365343	-2400.1
2138	0.362332	-2381.79
2139	0.356319	-2258.26
2140	0.352404	-2228.17
2141	0.363771	-2391.08
2142	0.352552	-2254.19
2143	0.351596	-2232.6
2144	0.358887	-2307.04
2145	0.358273	-2354.59
2146	0.356709	-2305.24
2147	0.352373	-2220.27
2148	0.358584	-2339.42
2149	0.35558	-2240.04
2150	0.351224	-2196.7
2151	0.348919	-2159.36
2152	0.354477	-2261.5
2153	0.349038	-2247.34
2154	0.354702	-2276.77
2155	0.361637	-2332.02
2156	0.351283	-2261.92
2157	0.359028	-2309.32
2158	0.358157	-2321.87
2159	0.350866	-2217.76
2160	0.346962	-2162.81
2161	0.346418	-2156.69
2162	0.357228	-2294.68
2163	0.351975	-2195.79
2164	0.356165	-2280.83
2165	0.357058	-2271.14
2166	0.350268	-2205.37
2167	0.355749	-2253.1
2168	0.358576	-2353.67
2169	0.352548	-2223
2170	0.355646	-2295.06
2171	0.361934	-2336.84
2172	0.350979	-2196.67
2173	0.364912	-2392.07
2174	0.359714	-2296.33
2175	0.360231	-2322.23
2176	0.359365	-2340.13
2177	0.34782	-2173.06
2178	0.353015	-2239.55
2179	0.353511	-2246.26
2180	0.350935	-2250.33
2181	0.362275	-2370.9
2182	0.350169	-2221.84
2183	0.351541	-2208.57
2184	0.355559	-2279.43
2185	0.361127	-2385.45
2186	0.346418	-2188.85
2187	0.35697	-2312.86
2188	0.356774	-2300.69
2189	0.353533	-2245.84
2190	0.355026	-2282.81
2191	0.350866	-2202.33
2192	0.347602	-2205.62
2193	0.357427	-2342.81
2194	0.353292	-2214.15
2195	0.357382	-2291.92
2196	0.354647	-2228.02
2197	0.350785	-2210.46
2198	0.347446	-2198.02
2199	0.358195	-2324.22
2200	0.353129	-2234.51
2201	0.350842	-2218.37
2202	0.368256	-2447.22
2203	0.35562	-2246.05
2204	0.357524	-2268.01
2205	0.349881	-2206.53
2206	0.353608	-2293.37
2207	0.356201	-2269.18
2208	0.342099	-2085.29
2209	0.363895	-2430.61
2210	0.354801	-2291.8
2211	0.356246	-2280.35
2212	0.350873	-2206.06
2213	0.348456	-2177.1
2214	0.356456	-2320.52
2215	0.355844	-2231.44
2216	0.355219	-2278.42
2217	0.353068	-2237.44
2218	0.349345	-2228.97
2219	0.351834	-2273.99
2220	0.358373	-2296.09
2221	0.366168	-2423.37
2222	0.360132	-2320.61
2223	0.344832	-2157.1
2224	0.351255	-2232.82
2225	0.350251	-2177.89
2226	0.356904	-2280.17
2227	0.354307	-2244.9
2228	0.36505	-2357.36
2229	0.353071	-2234.45
2230	0.348388	-2192.05
2231	0.350316	-2172.78
2232	0.360603	-2365.49
2233	0.363694	-2401.1
2234	0.350227	-2239.27
2235	0.349423	-2175.5
2236	0.361943	-2334.13
2237	0.338528	-2018.54
2238	0.351985	-2215.41
2239	0.357612	-2323.54
2240	0.351172	-2184.75
2241	0.348475	-2223.82
2242	0.359604	-2329.17
2243	0.347026	-2188.9
2244	0.342803	-2105.86
2245	0.361167	-2337.32
2246	0.356905	-2261.85
2247	0.35539	-2274.77
2248	0.355808	-2276.62
2249	0.345653	-2191.27
2250	0.349049	-2174.48
2251	0.348234	-2138.52
2252	0.354427	-2254.84
2253	0.352032	-2219.08
2254	0.359554	-2325.2
2255	0.350619	-2217.21
2256	0.352582	-2245.46
2257	0.362604	-2329.64
2258	0.354114	-2262.84
2259	0.36124	-2336.82
2260	0.353202	-2245.85
2261	0.348306	-2149.33
2262	0.359048	-2285.51
2263	0.357756	-2306.04
2264	0.352939	-2214.78
2265	0.352709	-2218.97
2266	0.353918	-2272.17
2267	0.358275	-2300.96
2268	0.360443	-2308.51
2269	0.357121	-2336.36
2270	0.358232	-2331.53
2271	0.354077	-2254.91
2272	0.350597	-2212.68
2273	0.355111	-2270.37
2274	0.353569	-2251.38
2275	0.365251	-2345.57
2276	0.348989	-2175.72
2277	0.351294	-2203.08
2278	0.35366	-2285.93
2279	0.352044	-2189.05
2280	0.356562	-2299.37
2281	0.358605	-2282.31
2282	0.354988	-2278.03
2283	0.357271	-2278.82
2284	0.355478	-2280.15
2285	0.350784	-2228.73
2286	0.353593	-2246.76
2287	0.348309	-2172.15
2288	0.347838	-2171.44
2289	0.354851	-2247.86
2290	0.356817	-2349.5
2291	0.351855	-2227.02
2292	0.364843	-2357.97
2293	0.355175	-2254.02
2294	0.352996	-2203.42
2295	0.361198	-2334.18
2296	0.358227	-2282.33
2297	0.356308	-2290.75
2298	0.350768	-2167.71
2299	0.354071	-2275.96
2300	0.353916	-2291.46
2301	0.354652	-2259.52
2302	0.357889	-2282.29
2303	0.348388	-2185.2
2304	0.359632	-2284.33
2305	0.355535	-2271.81
2306	0.359205	-2290.65
2307	0.352753	-2217.29
2308	0.350423	-2201.2
2309	0.354713	-2245.26
2310	0.353466	-2281.69
2311	0.347648	-2184.68
2312	0.353489	-2256.92
2313	0.34984	-2180.03
2314	0.350742	-2230.65
2315	0.354382	-2265.25
2316	0.361795	-2369.78
2317	0.355117	-2279.46
2318	0.358925	-2320.78
2319	0.351843	-2266.47
2320	0.356586	-2288.51
2321	0.362726	-2384.62
2322	0.359512	-2344.18
2323	0.351056	-2232.52
2324	0.363149	-2358.51
2325	0.348222	-2222.97
2326	0.356653	-2288.72
2327	0.349005	-2162.81
2328	0.354359	-2280.46
2329	0.3531	-2239.14
2330	0.349178	-2205.38
2331	0.357833	-2266.13
2332	0.35733	-2288.3
2333	0.359502	-2301.68
2334	0.354041	-2276.15
2335	0.360404	-2338.91
2336	0.354624	-2252.51
2337	0.354406	-2247.37
2338	0.360646	-2339.27
2339	0.359401	-2356.79
2340	0.353422	-2269.21
2341	0.356689	-2305.72
2342	0.358981	-2291.58
2343	0.353383	-2224.02
2344	0.351979	-2221.71
2345	0.360167	-2347.03
2346	0.354665	-2263.44
2347	0.351062	-2243.18
2348	0.363598	-2393.88
2349	0.35899	-2293.89
2350	0.351629	-2238.11
2351	0.350784	-2247.09
2352	0.358408	-2302.17
2353	0.357914	-2323.7
2354	0.354438	-2250.83
2355	0.352594	-2230.94
2356	0.354961	-2298.94
2357	0.35229	-2244.1
2358	0.347347	-2170.73
2359	0.350702	-2190.53
2360	0.34858	-2211.9
2361	0.352492	-2233.88
2362	0.350877	-2232.68
2363	0.360711	-2379.35
2364	0.350535	-2222.24
2365	0.360186	-2338.09
2366	0.349231	-2204.16
2367	0.356762	-2297.14
2368	0.351673	-2233.63
2369	0.350347	-2213.94
2370	0.353294	-2233.23
2371	0.346398	-2161.45
2372	0.356586	-2292.96
2373	0.347118	-2185.46
2374	0.352101	-2187.6
2375	0.339898	-2066.3
2376	0.358277	-2302.88
2377	0.349354	-2188.39
2378	0.35279	-2277.68
2379	0.36056	-2355.89
2380	0.347971	-2195.54
2381	0.355322	-2296.31
2382	0.344043	-2100.4
2383	0.349272	-2167.28
2384	0.35106	-2213.67
2385	0.353178	-2221.22
2386	0.356326	-2304.07
2387	0.352475	-2232.66
2388	0.35301	-2245.62
2389	0.342997	-2111.26
2390	0.351066	-2231.15
2391	0.351643	-2158.02
2392	0.361267	-2325.17
2393	0.358312	-2297.19
2394	0.36729	-2390.06
2395	0.359778	-2299.49
2396	0.355498	-2269.8
2397	0.362176	-2335.72
2398	0.358266	-2339.45
2399	0.34687	-2184.84
2400	0.350949	-2192.53
2401	0.355047	-2242.85
2402	0.353685	-2260.33
2403	0.36181	-2390.59
2404	0.348619	-2153.76
2405	0.345717	-2115.31
2406	0.352105	-2230.38
2407	0.355766	-2240.24
2408	0.354744	-2275.83
2409	0.355318	-2256.58
2410	0.359217	-2315.71
2411	0.358314	-2302.54
2412	0.360775	-2308.64
2413	0.355501	-2257.7
2414	0.355519	-2341.87
2415	0.359573	-2346.31
2416	0.360212	-2340.17
2417	0.358093	-2330.63
2418	0.355166	-2257.82
2419	0.356926	-2255.6
2420	0.362449	-2360.69
2421	0.359307	-2321.68
2422	0.350235	-2202.52
2423	0.3363	-2027.03
2424	0.355387	-2259.93
2425	0.350902	-2199.11
2426	0.352728	-2231.39
2427	0.363082	-2384.39
2428	0.346986	-2162.74
2429	0.355817	-2284.28
2430	0.351454	-2179.18
2431	0.353118	-2209.69
2432	0.351374	-2250.55
2433	0.347206	-2129.35
2434	0.361079	-2367.92
2435	0.353247	-2303.41
2436	0.35501	-2297.5
2437	0.358765	-2354.97
2438	0.347557	-2127.9
2439	0.355298	-2255.28
2440	0.360952	-2336.69
2441	0.35658	-2280.72
2442	0.346388	-2195.54
2443	0.352937	-2252.73
2444	0.356335	-2266.76
2445	0.347208	-2171.73
2446	0.355722	-2328.19
2447	0.356961	-2263.08
2448	0.348057	-2178.07
2449	0.351448	-2220
2450	0.356614	-2286.79
2451	0.348442	-2193.14
2452	0.344216	-2140.65
2453	0.350966	-2181.01
2454	0.355396	-2247.09
2455	0.348316	-2155.77
2456	0.362447	-2392.03
2457	0.35115	-2220.39
2458	0.353823	-2254.38
2459	0.352006	-2228.81
2460	0.357833	-2301.63
2461	0.357254	-2276.99
2462	0.344097	-2112.3
2463	0.353347	-2214.28
2464	0.350745	-2256.97
2465	0.356623	-2274.95
2466	0.351677	-2227.94
2467	0.35772	-2338.5
2468	0.354549	-2229.09
2469	0.363694	-2352.06
2470	0.355506	-2272.7
2471	0.357309	-2294.43
2472	0.352532	-2213.9
2473	0.359381	-2309.24
2474	0.356119	-2250.81
2475	0.350124	-2229.21
2476	0.358574	-2312.66
2477	0.355734	-2284.65
2478	0.358046	-2302.83
2479	0.354324	-2198.46
2480	0.364717	-2347
2481	0.355698	-2293.63
2482	0.355038	-2250.97
2483	0.367511	-2356.51
2484	0.353558	-2275.45
2485	0.350472	-2184.67
2486	0.352543	-2259.07
2487	0.357305	-2325.95
2488	0.357542	-2296.58
2489	0.351899	-2263.44
2490	0.35193	-2186.05
2491	0.351574	-2241.25
2492	0.353602	-2270.13
2493	0.361985	-2337.33
2494	0.35876	-2318.51
2495	0.359747	-2349.25
2496	0.347395	-2161.3
2497	0.355338	-2223.6
2498	0.362023	-2371.71
2499	0.347276	-2177.29
2500	0.357038	-2268.13
2501	0.359436	-2340.34
2502	0.351028	-2180.88
2503	0.353346	-2269.93
2504	0.361477	-2332.54
2505	0.351408	-2259.36
2506	0.352322	-2238.83
2507	0.363812	-2350.78
2508	0.347837	-2208.35
2509	0.353873	-2291.23
2510	0.365655	-2405.58
2511	0.357494	-2277.16
2512	0.359141	-2337.43
2513	0.35314	-2241.95
2514	0.35774	-2336.24
2515	0.357585	-2298.68
2516	0.34815	-2188.17
2517	0.348339	-2180.04
2518	0.346803	-2189.17
2519	0.349375	-2171.8
2520	0.359573	-2321.17
2521	0.351402	-2231.78
2522	0.349553	-2203.86
2523	0.356658	-2281.6
2524	0.353468	-2212.32
2525	0.358733	-2306.75
2526	0.349775	-2206.13
2527	0.357758	-2312.51
2528	0.353064	-2238.08
2529	0.354495	-2265.18
2530	0.347752	-2177.01
2531	0.352276	-2259.07
2532	0.357149	-2265.1
2533	0.355055	-2288.65
2534	0.34934	-2220.84
2535	0.354588	-2258.1
2536	0.36616	-2407.83
2537	0.350688	-2190.22
2538	0.351802	-2246.13
2539	0.361653	-2342.47
2540	0.356733	-2315.65
2541	0.353676	-2249.77
2542	0.352134	-2216.05
2543	0.362496	-2387.76
2544	0.354053	-2243.55
2545	0.364325	-2334.82
2546	0.347978	-2219.22
2547	0.348638	-2204.2
2548	0.350875	-2222.22
2549	0.350728	-2194.79
2550	0.35187	-2203.29
2551	0.363213	-2337.28
2552	0.361514	-2334.36
2553	0.357116	-2263.05
2554	0.349983	-2214.24
2555	0.357244	-2315.39
2556	0.364835	-2423.23
2557	0.355295	-2338.69
2558	0.345492	-2166.93
2559	0.34785	-2198.29
2560	0.347427	-2211.29
2561	0.352231	-2184.91
2562	0.358165	-2312.84
2563	0.357481	-2284.7
2564	0.35359	-2245.56
2565	0.361152	-2348.06
2566	0.357825	-2295.35
2567	0.354489	-2283.25
2568	0.354838	-2255.52
2569	0.349118	-2171.67
2570	0.352036	-2209.99
2571	0.353964	-2236.51
2572	0.352726	-2282.33
2573	0.360356	-2366.88
2574	0.34809	-2193.68
2575	0.35364	-2231.65
2576	0.350824	-2226.98
2577	0.347213	-2157.59
2578	0.356017	-2226.18
2579	0.356351	-2294.78
2580	0.356196	-2285.69
2581	0.344351	-2119.93
2582	0.347506	-2141.4
2583	0.356486	-2280.54
2584	0.35936	-2306.28
2585	0.351348	-2246.57
2586	0.35744	-2311.58
2587	0.351641	-2268.24
2588	0.353479	-2261.45
2589	0.354833	-2286.77
2590	0.360485	-2354.64
2591	0.351693	-2209.97
2592	0.355041	-2286.41
2593	0.347222	-2120.11
2594	0.356668	-2283.48
2595	0.347407	-2124.8
2596	0.356235	-2284.42
2597	0.348707	-2180.24
2598	0.349769	-2226.18
2599	0.35788	-2296.59
2600	0.357018	-2250.63
2601	0.356106	-2283.59
2602	0.349572	-2229.1
2603	0.350222	-2206.26
2604	0.35226	-2222.04
2605	0.358844	-2306.79
2606	0.348273	-2177.19
2607	0.356017	-2281.74
2608	0.350985	-2152.16
2609	0.363302	-2352.78
2610	0.359152	-2324.62
2611	0.35974	-2314.95
2612	0.364707	-2397.64
2613	0.350982	-2238.36
2614	0.355291	-2216.45
2615	0.35597	-2286.43
2616	0.351591	-2219.38
2617	0.35871	-2298.85
2618	0.355436	-2287.55
2619	0.355813	-2266.93
2620	0.362733	-2299.31
2621	0.354996	-2293.92
2622	0.354383	-2253.21
2623	0.349325	-2203.67
2624	0.36044	-2336.41
2625	0.356059	-2278.77
2626	0.34975	-2219.43
2627	0.35241	-2252.51
2628	0.353053	-2249.59
2629	0.351385	-2235.01
2630	0.351509	-2154.54
2631	0.355904	-2266.57
2632	0.357161	-2363.48
2633	0.356844	-2274.83
2634	0.346614	-2153.74
2635	0.363645	-2362.2
2636	0.352249	-2264.92
2637	0.346638	-2147.52
2638	0.347908	-2175.56
2639	0.356056	-2277.27
2640	0.356716	-2254.81
2641	0.356892	-2250.93
2642	0.350825	-2169.54
2643	0.351864	-2253.19
2644	0.357949	-2293.18
2645	0.358282	-2294.17
2646	0.350789	-2209.62
2647	0.353977	-2259.12
2648	0.350022	-2184
2649	0.366725	-2410.48
2650	0.346499	-2128.14
2651	0.355796	-2225.7
2652	0.352544	-2220.03
2653	0.353403	-2249.36
2654	0.352377	-2198.22
2655	0.354162	-2317.25
2656	0.351114	-2149.45
2657	0.354458	-2238.89
2658	0.342699	-2112.07
2659	0.351555	-2248.71
2660	0.358318	-2274.06
2661	0.357096	-2333.38
2662	0.353954	-2232.7
2663	0.359665	-2331.13
2664	0.358884	-2275.58
2665	0.356323	-2291.75
2666	0.360574	-2316.11
2667	0.352882	-2225.07
2668	0.349565	-2184.83
2669	0.364021	-2401.66
2670	0.357705	-2315.27
2671	0.350082	-2200.37
2672	0.347162	-2155.58
2673	0.362579	-2343.76
2674	0.34863	-2197.74
2675	0.339903	-2047.04
2676	0.347983	-2202.93
2677	0.350835	-2245.05
2678	0.349176	-2209.85
2679	0.35091	-2194.87
2680	0.359275	-2335.26
2681	0.353826	-2220.18
2682	0.354744	-2277.66
2683	0.347238	-2131.86
2684	0.357947	-2337.72
2685	0.357718	-2254.09
2686	0.35554	-2287.46
2687	0.355604	-2230.7
2688	0.354461	-2224.59
2689	0.360515	-2358.71
2690	0.345778	-2144.05
2691	0.360573	-2293.39
2692	0.359913	-2311.66
2693	0.361644	-2343.06
2694	0.350804	-2238.25
2695	0.348847	-2187.77
2696	0.357371	-2273.28
2697	0.35825	-2262.84
2698	0.353173	-2269.07
2699	0.354532	-2268.2
2700	0.350646	-2180.41
2701	0.363606	-2368.95
2702	0.361241	-2351.04
2703	0.35169	-2195.99
2704	0.356216	-2260.33
2705	0.358332	-2317.7
2706	0.354147	-2232.96
2707	0.348506	-2214.16
2708	0.352357	-2221.93
2709	0.357234	-2314.64
2710	0.349922	-2212.26
2711	0.351275	-2225.57
2712	0.35514	-2252.1
2713	0.357699	-2315.74
2714	0.352725	-2308.28
2715	0.357109	-2290.49
2716	0.352457	-2229.11
2717	0.346971	-2126.06
2718	0.348555	-2178.6
2719	0.355783	-2257.36
2720	0.348543	-2208.49
2721	0.351067	-2251.29
2722	0.355876	-2269.35
2723	0.348044	-2161.81
2724	0.355409	-2267.12
2725	0.349212	-2213.23
2726	0.35236	-2207.95
2727	0.353023	-2256.03
2728	0.355764	-2269.08
2729	0.350232	-2243.84
2730	0.352138	-2223.03
2731	0.35285	-2216.73
2732	0.350307	-2223.64
2733	0.357476	-2318.05
2734	0.347038	-2183.55
2735	0.353986	-2228.68
2736	0.358507	-2321.14
2737	0.355998	-2308.45
2738	0.352112	-2241.81
2739	0.348754	-2177.54
2740	0.351773	-2247.21
2741	0.355551	-2260.77
2742	0.360685	-2349.23
2743	0.361215	-2345.1
2744	0.360308	-2364.49
2745	0.34862	-2179.95
2746	0.3482	-2187.6
2747	0.350833	-2248.35
2748	0.352019	-2252.72
2749	0.349877	-2210.88
2750	0.361087	-2345.94
2751	0.353309	-2238.89
2752	0.347232	-2149.61
2753	0.356568	-2314.93
2754	0.3504	-2225.86
2755	0.35242	-2261.46
2756	0.362757	-2366.79
2757	0.35056	-2222.62
2758	0.356088	-2309.3
2759	0.3554	-2283.51
2760	0.353636	-2266.98
2761	0.348892	-2148.29
2762	0.35992	-2310.14
2763	0.343754	-2138.82
2764	0.354358	-2224.3
2765	0.357724	-2335.34
2766	0.355946	-2285.23
2767	0.347121	-2186
2768	0.356925	-2324.14
2769	0.357906	-2311.99
2770	0.351398	-2251.27
2771	0.354475	-2285.29
2772	0.353071	-2236.75
2773	0.353361	-2253.98
2774	0.348585	-2196.3
2775	0.35795	-2287.1
2776	0.364083	-2369.52
2777	0.360313	-2401.78
2778	0.357937	-2330.51
2779	0.355576	-2343.7
2780	0.354278	-2254.8
2781	0.359607	-2305.37
2782	0.352395	-2224.79
2783	0.354618	-2236.07
2784	0.353163	-2239.33
2785	0.362492	-2355.6
2786	0.36138	-2332.08
2787	0.345454	-2108.23
2788	0.350788	-2224.55
2789	0.346743	-2177.21
2790	0.356268	-2288.38
2791	0.356417	-2288.77
2792	0.349167	-2211.28
2793	0.358458	-2306.18
2794	0.355467	-2278.93
2795	0.36215	-2371.84
2796	0.359581	-2277
2797	0.357368	-2280.26
2798	0.351954	-2224.27
2799	0.355105	-2248.96
2800	0.353043	-2248.98
2801	0.350008	-2190.75
2802	0.349883	-2193.94
2803	0.355823	-2288.76
2804	0.352053	-2213.91
2805	0.346734	-2122.73
2806	0.36333	-2372.68
2807	0.356108	-2279.24
2808	0.352464	-2250.71
2809	0.35224	-2221.93
2810	0.354559	-2279.58
2811	0.355197	-2287.93
2812	0.350831	-2229.25
2813	0.35948	-2336.79
2814	0.352192	-2216.48
2815	0.339035	-2075.76
2816	0.356466	-2307.26
2817	0.358177	-2336.32
2818	0.353689	-2242.51
2819	0.342878	-2076.28
2820	0.355364	-2269.51
2821	0.360847	-2343.32
2822	0.346988	-2152.4
2823	0.356477	-2324.37
2824	0.354488	-2221.05
2825	0.361559	-2410.97
2826	0.343055	-2118.3
2827	0.356467	-2251.41
2828	0.359045	-2307.07
2829	0.362676	-2381.4
2830	0.353745	-2247.06
2831	0.357878	-2326.21
2832	0.352271	-2230.97
2833	0.358325	-2325.54
2834	0.356414	-2262.37
2835	0.355912	-2266.9
2836	0.350286	-2185.84
2837	0.356814	-2263.42
2838	0.347815	-2190.66
2839	0.361786	-2347.12
2840	0.355619	-2275.79
2841	0.350896	-2215.91
2842	0.35351	-2236.94
2843	0.350305	-2197.05
2844	0.360387	-2359.06
2845	0.347545	-2187.84
2846	0.344533	-2134.58
2847	0.353135	-2244.91
2848	0.349835	-2202.4
2849	0.350246	-2230.86
2850	0.355141	-2227.77
2851	0.353906	-2251.43
2852	0.353509	-2244.56
2853	0.354193	-2250.56
2854	0.354231	-2245.22
2855	0.365409	-2418.2
2856	0.35533	-2289.98
2857	0.353294	-2219.93
2858	0.358605	-2298.17
2859	0.349437	-2198.39
2860	0.349251	-2209.17
2861	0.363949	-2362.79
2862	0.349242	-2190.69
2863	0.353161	-2217.88
2864	0.351363	-2237.31
2865	0.354007	-2235.84
2866	0.353393	-2236.79
2867	0.358982	-2306.72
2868	0.354991	-2302.15
2869	0.354357	-2279.73
2870	0.351211	-2229.01
2871	0.349857	-2185.25
2872	0.366175	-2435.35
2873	0.354851	-2275.16
2874	0.348141	-2168.24
2875	0.351401	-2237.98
2876	0.35364	-2270.93
2877	0.360092	-2304.35
2878	0.364841	-2455.59
2879	0.359344	-2343.62
2880	0.349528	-2196.27
2881	0.356845	-2243.02
2882	0.352515	-2235.64
2883	0.355167	-2260.02
2884	0.354482	-2260.7
2885	0.352906	-2243.71
2886	0.348849	-2187.89
2887	0.346972	-2155.38
2888	0.3581	-2295.25
2889	0.350572	-2233.07
2890	0.359609	-2297.06
2891	0.347111	-2161.59
2892	0.350356	-2197.17
2893	0.357055	-2237.6
2894	0.355584	-2271.33
2895	0.353465	-2263.49
2896	0.349529	-2197.76
2897	0.355081	-2290.85
2898	0.36302	-2360.09
2899	0.352367	-2177.28
2900	0.3564	-2306.34
2901	0.361854	-2352.9
2902	0.346558	-2139.94
2903	0.358137	-2282.97
2904	0.344348	-2136.74
2905	0.358303	-2308.6
2906	0.353638	-2203.6
2907	0.354002	-2273.83
2908	0.36005	-2354.23
2909	0.347704	-2124.79
2910	0.351766	-2195.46
2911	0.354447	-2255.61
2912	0.34783	-2179.92
2913	0.36415	-2379.97
2914	0.354186	-2265.88
2915	0.357337	-2298.19
2916	0.355439	-2228.37
2917	0.354182	-2279.1
2918	0.349427	-2207.81
2919	0.348757	-2177.18
2920	0.3456	-2141.23
2921	0.366914	-2414.72
2922	0.358731	-2324.45
2923	0.35426	-2242.04
2924	0.352142	-2229.58
2925	0.353883	-2221.04
2926	0.348895	-2171.48
2927	0.36021	-2327.81
2928	0.357706	-2273.23
2929	0.348486	-2173.08
2930	0.351315	-2204.28
2931	0.359316	-2333.68
2932	0.357462	-2279.97
2933	0.359688	-2310.46
2934	0.348648	-2179.69
2935	0.363992	-2386.53
2936	0.354128	-2284.98
2937	0.353279	-2259.62
2938	0.359076	-2304.74
2939	0.355164	-2257.11
2940	0.352236	-2235.01
2941	0.349048	-2210.77
2942	0.354962	-2237.52
2943	0.349564	-2138.22
2944	0.351446	-2246.58
2945	0.35081	-2241.61
2946	0.353237	-2270.9
2947	0.350002	-2194.35
2948	0.357551	-2277.63
2949	0.356128	-2301.83
2950	0.357216	-2249.45
2951	0.363181	-2377.99
2952	0.35516	-2276.55
2953	0.366068	-2402.16
2954	0.362211	-2392.98
2955	0.353873	-2263.49
2956	0.353367	-2260.6
2957	0.346996	-2155.45
2958	0.346121	-2157.33
2959	0.35858	-2280.35
2960	0.352081	-2201.16
2961	0.353652	-2242.51
2962	0.346982	-2170.73
2963	0.358703	-2277.81
2964	0.355359	-2318.85
2965	0.358385	-2283.7
2966	0.360705	-2325.31
2967	0.355448	-2307.83
2968	0.358918	-2291.37
2969	0.343945	-2143.48
2970	0.347387	-2182.39
2971	0.350021	-2184.29
2972	0.355743	-2280.69
2973	0.355585	-2252.87
2974	0.361215	-2353.52
2975	0.348677	-2172.77
2976	0.351801	-2214.78
2977	0.362716	-2363.18
2978	0.360288	-2317.02
2979	0.352484	-2242.46
2980	0.356221	-2287.84
2981	0.349727	-2237.17
2982	0.352336	-2221.43
2983	0.356535	-2281.47
2984	0.357933	-2343.55
2985	0.353327	-2233.78
2986	0.357413	-2241.72
2987	0.354743	-2226.2
2988	0.350745	-2217.56
2989	0.355587	-2256.68
2990	0.356121	-2299.5
2991	0.354924	-2287.37
2992	0.353936	-2285.1
2993	0.350044	-2185.65
2994	0.346782	-2162.04
2995	0.35348	-2253.89
2996	0.356177	-2296.93
2997	0.359426	-2318.55
2998	0.356571	-2255.67
2999	0.348753	-2189.42
