0	0.397374	-2821.16
1	0.469837	-3984.24
2	0.469666	-3976
3	0.471042	-3972.78
4	0.484194	-4277.82
5	0.466253	-3906.38
6	0.467255	-3935.24
7	0.466601	-3921.37
8	0.470018	-3968.42
9	0.469711	-3971.59
10	0.493376	-4370.77
11	0.471934	-4002.24
12	0.469862	-3954.68
13	0.468701	-3979.27
14	0.473786	-4036.14
15	0.472203	-4014.99
16	0.466899	-3933.21
17	0.471827	-3984.36
18	0.467079	-3923.73
19	0.47458	-4085.89
20	0.480811	-4142.71
21	0.467886	-3958.42
22	0.468579	-3952.91
23	0.470029	-3971.17
24	0.470777	-3964.05
25	0.46624	-3907.24
26	0.466464	-3874.39
27	0.474095	-4001.23
28	0.473144	-4005.67
29	0.480649	-4122.62
30	0.466783	-3938.83
31	0.468297	-3957.45
32	0.472085	-4031.76
33	0.467925	-3941.06
34	0.476095	-4086.73
35	0.481906	-4167.13
36	0.470524	-3963.42
37	0.46529	-3883.05
38	0.469158	-3970.47
39	0.471748	-4012.5
40	0.47001	-3985.4
41	0.470251	-3965.66
42	0.47086	-3980.26
43	0.466345	-3901.57
44	0.468831	-3965.25
45	0.469893	-3977.21
46	0.464943	-3894.01
47	0.464852	-3867.1
48	0.471067	-3981.18
49	0.472482	-3984.65
50	0.462038	-3836.55
51	0.484259	-4247.03
52	0.469623	-3998.17
53	0.471182	-4000.3
54	0.471424	-4011.83
55	0.470794	-3997.39
56	0.464768	-3911.59
57	0.468534	-3988.35
58	0.467478	-3953.81
59	0.469414	-3939.8
60	0.472117	-4010.97
61	0.476313	-4086.66
62	0.485243	-4254.47
63	0.468039	-3954.7
64	0.473855	-4002.65
65	0.483675	-4230.06
66	0.473564	-4033.95
67	0.470209	-3993.46
68	0.469872	-3977.06
69	0.47124	-3988.78
70	0.474944	-4064.83
71	0.466771	-3891.65
72	0.469976	-3967.13
73	0.467428	-3925.04
74	0.471103	-4012.39
75	0.469645	-3969.2
76	0.468741	-3934.32
77	0.471861	-4008.79
78	0.472402	-4014.13
79	0.467297	-3937.62
80	0.469803	-3994.6
81	0.477758	-4105.34
82	0.468861	-3952.31
83	0.463829	-3889.71
84	0.46553	-3867.66
85	0.465929	-3912.8
86	0.470505	-3984.75
87	0.468904	-3942.49
88	0.469336	-3960.03
89	0.475707	-4090.88
90	0.466751	-3902.13
91	0.475806	-4040.57
92	0.469145	-3923.12
93	0.473267	-4039.21
94	0.460581	-3789.43
95	0.468074	-3918.44
96	0.466998	-3906.48
97	0.465791	-3871.09
98	0.465212	-3913.28
99	0.465209	-3871.81
100	0.471437	-3972.33
101	0.472275	-3981.3
102	0.465205	-3893.11
103	0.473721	-4042.93
104	0.471544	-4024.76
105	0.473952	-4015.77
106	0.4668	-3920.68
107	0.467828	-3935.17
108	0.469891	-3956.98
109	0.482365	-4221.31
110	0.472606	-4027.15
111	0.473063	-4013.48
112	0.470972	-4001.23
113	0.463902	-3856.62
114	0.476843	-4107.45
115	0.472917	-4004.63
116	0.468057	-3957.15
117	0.467995	-3924.29
118	0.470986	-3954.89
119	0.46888	-3973.58
120	0.462339	-3821.29
121	0.469084	-3972.14
122	0.473461	-4036.86
123	0.471946	-4018.63
124	0.47008	-3947.23
125	0.464452	-3885.93
126	0.465871	-3885.7
127	0.476043	-4088.38
128	0.464391	-3867.86
129	0.474951	-4014.36
130	0.470533	-3992.94
131	0.46779	-3909.89
132	0.46761	-3928.73
133	0.470403	-3992.64
134	0.465676	-3894.7
135	0.475665	-4059.02
136	0.469808	-3947.87
137	0.466386	-3917.37
138	0.470682	-3982.23
139	0.480576	-4120.11
140	0.469202	-3972.79
141	0.464971	-3896.13
142	0.463451	-3869.67
143	0.465596	-3914.23
144	0.471942	-4023.66
145	0.471076	-3965.87
146	0.471736	-3966.47
147	0.471511	-3998.35
148	0.475085	-4076.02
149	0.468262	-3951.02
150	0.473276	-3993.94
151	0.470259	-3965.66
152	0.470128	-3981.52
153	0.467895	-3948.72
154	0.463619	-3862.74
155	0.464673	-3852.37
156	0.494631	-4408.34
157	0.466046	-3910.75
158	0.469844	-3957.45
159	0.473149	-4040.64
160	0.465836	-3901.89
161	0.478786	-4120.03
162	0.473167	-4000.73
163	0.466814	-3891.5
164	0.468427	-3960.15
165	0.47325	-4032.15
166	0.471593	-4020.93
167	0.469892	-3979.06
168	0.469036	-3946.76
169	0.473224	-4007.85
170	0.471268	-3985.35
171	0.466947	-3902.89
172	0.476563	-4087.51
173	0.470697	-4012.46
174	0.464131	-3868.52
175	0.469418	-3967.61
176	0.464219	-3889.96
177	0.475441	-4079.02
178	0.468718	-3943.62
179	0.469718	-3988.37
180	0.471324	-4006.14
181	0.467919	-3955.34
182	0.470944	-3986.64
183	0.470794	-3934.25
184	0.463698	-3875.13
185	0.464798	-3903.04
186	0.469163	-3984.91
187	0.469279	-3956.56
188	0.473424	-4006.1
189	0.463963	-3897.55
190	0.46397	-3866.16
191	0.470779	-3991.42
192	0.472057	-3989.18
193	0.471257	-4008.73
194	0.474922	-4071.37
195	0.462744	-3843.38
196	0.471443	-4012.84
197	0.472888	-4031.09
198	0.469373	-3960.93
199	0.472742	-4022.4
200	0.468242	-3937.57
201	0.464266	-3863.78
202	0.469114	-3953.33
203	0.470637	-3959.93
204	0.472536	-4009.06
205	0.46907	-3947.09
206	0.469617	-3952.37
207	0.473994	-4033.19
208	0.468152	-3979.97
209	0.470217	-4002.71
210	0.460024	-3792.76
211	0.473255	-4007.86
212	0.468575	-3968.27
213	0.47105	-3977.93
214	0.492896	-4352.12
215	0.465269	-3875.55
216	0.464319	-3877.53
217	0.476253	-4059.33
218	0.475727	-4077.96
219	0.464646	-3865.28
220	0.466938	-3876.32
221	0.471858	-4019.96
222	0.465848	-3889.96
223	0.471209	-3982.36
224	0.474068	-4048.84
225	0.474011	-4039.45
226	0.471084	-4014.78
227	0.467202	-3906
228	0.462724	-3831.49
229	0.465283	-3908.08
230	0.466027	-3913.47
231	0.475502	-4095.66
232	0.472689	-3996.07
233	0.47292	-4015.47
234	0.470375	-3959.1
235	0.464888	-3896.5
236	0.47545	-4063.46
237	0.468582	-3938.17
238	0.471748	-4021.26
239	0.469266	-3966.67
240	0.46846	-3902.7
241	0.470466	-4006.09
242	0.47937	-4111
243	0.472321	-4021.33
244	0.468058	-3921.98
245	0.464407	-3853.44
246	0.472381	-4037.12
247	0.463306	-3881.83
248	0.46968	-3953.73
249	0.472449	-3992.61
250	0.467542	-3913.19
251	0.468353	-3934.93
252	0.466853	-3915.83
253	0.475552	-4108.97
254	0.464754	-3891.51
255	0.466961	-3924.99
256	0.468699	-3911.02
257	0.463562	-3866.4
258	0.462433	-3841.16
259	0.472587	-4007.84
260	0.466533	-3937.84
261	0.46183	-3836.2
262	0.471703	-4017.91
263	0.463992	-3834.94
264	0.462849	-3861.51
265	0.469341	-3940.48
266	0.469711	-3972.57
267	0.466203	-3894.82
268	0.469328	-3981.55
269	0.470635	-3996.82
270	0.464042	-3851.78
271	0.469735	-3956.81
272	0.473491	-4036.94
273	0.47049	-3970.7
274	0.482963	-4152.91
275	0.468454	-3958.5
276	0.471836	-3982.51
277	0.471051	-4003.21
278	0.478295	-4105
279	0.467481	-3890.14
280	0.466438	-3931.02
281	0.46627	-3909.04
282	0.478688	-4128.38
283	0.466704	-3910.68
284	0.470787	-3978.4
285	0.473104	-4037.18
286	0.459521	-3795.21
287	0.478325	-4136.56
288	0.464686	-3867.77
289	0.470852	-3973.76
290	0.469311	-3927.63
291	0.466125	-3917.18
292	0.474613	-4034.28
293	0.464427	-3877.85
294	0.465531	-3903.83
295	0.465934	-3915.24
296	0.471332	-4009.18
297	0.472188	-4014.09
298	0.473815	-3992.49
299	0.466939	-3921.02
300	0.46771	-3943.21
301	0.466413	-3902.55
302	0.475791	-4073.09
303	0.466759	-3894.26
304	0.469483	-3960.14
305	0.468098	-3903.99
306	0.470919	-4026.56
307	0.46609	-3913.76
308	0.470679	-4009.28
309	0.467556	-3938.87
310	0.467621	-3926.42
311	0.469531	-3951.99
312	0.482089	-4161.17
313	0.47305	-4027.19
314	0.469211	-3951.15
315	0.471354	-3987.07
316	0.464759	-3837.49
317	0.465934	-3877.49
318	0.466827	-3894.63
319	0.475674	-4098.36
320	0.463332	-3829.01
321	0.476357	-4060.46
322	0.463396	-3872.38
323	0.471556	-4012.29
324	0.473893	-4053.01
325	0.472213	-4013.37
326	0.476047	-4087.83
327	0.465851	-3906.71
328	0.464329	-3878.47
329	0.475223	-4062.47
330	0.470322	-3990.13
331	0.465717	-3925.22
332	0.469623	-3928.1
333	0.467901	-3906.76
334	0.470016	-4001.62
335	0.477037	-4081.89
336	0.472208	-4010.17
337	0.474355	-4038.65
338	0.465608	-3883.48
339	0.466995	-3886.4
340	0.481836	-4195.95
341	0.476904	-4109.2
342	0.473113	-4007
343	0.475816	-4099.67
344	0.469255	-3989.39
345	0.46827	-3946.71
346	0.469753	-3956.9
347	0.473099	-4044.83
348	0.477993	-4097.06
349	0.472223	-4005.04
350	0.466562	-3933.4
351	0.473439	-4037.63
352	0.469546	-3964.16
353	0.467174	-3945.1
354	0.468924	-3980.36
355	0.467931	-3935.59
356	0.471231	-4004.57
357	0.46514	-3896.81
358	0.468566	-3933.13
359	0.468969	-3950.48
360	0.476566	-4086.18
361	0.472045	-4039.21
362	0.475041	-4083.72
363	0.471827	-3999.68
364	0.467163	-3939.53
365	0.466899	-3913.79
366	0.473596	-4040.67
367	0.468025	-3925.26
368	0.476985	-4050.64
369	0.472888	-4069.98
370	0.478776	-4070.15
371	0.470663	-3980.65
372	0.46761	-3911.81
373	0.468143	-3957.56
374	0.467388	-3933.51
375	0.475201	-4072.5
376	0.468535	-3919.22
377	0.467029	-3914.48
378	0.471561	-3998.5
379	0.46932	-3983.8
380	0.475927	-4084.27
381	0.469451	-3959.7
382	0.472993	-4044.51
383	0.475206	-4022.33
384	0.467138	-3926.84
385	0.464524	-3913.88
386	0.471594	-3990.26
387	0.471893	-3992.41
388	0.464106	-3891.26
389	0.468561	-3925.1
390	0.472095	-4003.39
391	0.468792	-3954.34
392	0.466328	-3896.84
393	0.471617	-4007.22
394	0.466113	-3913.3
395	0.466001	-3911.01
396	0.465613	-3890.79
397	0.470078	-3961
398	0.47033	-3981.75
399	0.467991	-3940.05
400	0.466306	-3922.92
401	0.463882	-3865.45
402	0.471343	-3999.29
403	0.465369	-3900.32
404	0.472143	-4027.59
405	0.463332	-3897.64
406	0.474697	-4053.65
407	0.464525	-3882.63
408	0.462145	-3885.04
409	0.475314	-4088.36
410	0.468085	-3949.53
411	0.468592	-3940.88
412	0.465448	-3907.35
413	0.469504	-3947.6
414	0.473631	-4023.32
415	0.473971	-4055.58
416	0.468869	-3946.35
417	0.481504	-4177.5
418	0.473021	-4025.9
419	0.470112	-3988.88
420	0.476092	-4071.24
421	0.466353	-3900.9
422	0.465851	-3900.35
423	0.483863	-4214.71
424	0.464926	-3873.12
425	0.466819	-3920.91
426	0.469982	-3990.67
427	0.469347	-3981.76
428	0.470457	-3995.58
429	0.466578	-3900.37
430	0.471566	-3997.42
431	0.469449	-3966.95
432	0.468514	-3953.81
433	0.473272	-4037.47
434	0.471041	-4005.59
435	0.469858	-3945.87
436	0.470011	-3978.08
437	0.471743	-4005.48
438	0.469805	-3988.16
439	0.470358	-4005.81
440	0.468633	-3962.2
441	0.475911	-4062.3
442	0.477441	-4072.78
443	0.467234	-3955.75
444	0.471623	-4009.38
445	0.470466	-3957.31
446	0.475281	-4082.42
447	0.474568	-4023.83
448	0.472898	-4046.64
449	0.467139	-3924.64
450	0.470294	-3980.24
451	0.472591	-4028.14
452	0.469811	-3963.14
453	0.469639	-3959.38
454	0.475562	-4054.6
455	0.466306	-3888.64
456	0.466965	-3896.33
457	0.471664	-3979.65
458	0.467423	-3925.28
459	0.470062	-3939.39
460	0.472989	-3996.8
461	0.468755	-3946.05
462	0.469027	-3968.37
463	0.46365	-3845.41
464	0.464412	-3867.46
465	0.467911	-3929.11
466	0.468865	-3954.28
467	0.472496	-3986.04
468	0.467768	-3954.14
469	0.47168	-3978.46
470	0.468268	-3930.47
471	0.472702	-3998.75
472	0.474981	-4086.84
473	0.468983	-3981.17
474	0.469907	-3980.15
475	0.469017	-3930.26
476	0.469791	-3954.85
477	0.473672	-4026.41
478	0.476318	-4075.51
479	0.466342	-3884.48
480	0.475159	-4041.6
481	0.469177	-3927.39
482	0.49409	-4417.55
483	0.479117	-4128.09
484	0.477033	-4064.51
485	0.471135	-4002.78
486	0.469495	-3942.33
487	0.471552	-4002.43
488	0.462326	-3802.5
489	0.473155	-4055.56
490	0.469486	-3963.91
491	0.466194	-3906.38
492	0.468948	-3989.48
493	0.469455	-3938.05
494	0.470086	-4012.04
495	0.474711	-4061.58
496	0.464788	-3888.98
497	0.473512	-4059.88
498	0.467346	-3932.31
499	0.482368	-4222.29
500	0.470729	-3968.84
501	0.469422	-3971.48
502	0.474683	-4080.43
503	0.469311	-3962.56
504	0.473972	-4046.78
505	0.465345	-3901.73
506	0.470959	-3993.69
507	0.468813	-3945.22
508	0.467294	-3936.45
509	0.474378	-4058.3
510	0.46544	-3858.27
511	0.462868	-3853.74
512	0.470674	-4003.5
513	0.464301	-3888.43
514	0.470919	-4004.39
515	0.48314	-4128.89
516	0.476532	-4102.25
517	0.470726	-4024.39
518	0.466943	-3941.21
519	0.473855	-4042.07
520	0.472891	-3991.59
521	0.468542	-3944.39
522	0.469968	-3954.47
523	0.4683	-3928.83
524	0.47382	-4052.59
525	0.476527	-4050.36
526	0.468543	-3932.85
527	0.475528	-4084.9
528	0.465875	-3911.83
529	0.481346	-4202.35
530	0.472783	-4061.8
531	0.467694	-3916.77
532	0.461895	-3795.57
533	0.481949	-4218.96
534	0.473271	-4036.5
535	0.469028	-3934.84
536	0.467347	-3928.11
537	0.474637	-4056.57
538	0.471815	-4048
539	0.474272	-4049.8
540	0.471577	-4001.16
541	0.473184	-4029.06
542	0.472946	-4036.92
543	0.462403	-3816.68
544	0.47153	-4000.36
545	0.47139	-4002.14
546	0.467614	-3938.59
547	0.481729	-4162.44
548	0.472194	-3982.57
549	0.473576	-4056.84
550	0.47028	-4000.44
551	0.466936	-3928.76
552	0.472787	-4005.74
553	0.467977	-3940.4
554	0.46472	-3869.69
555	0.467675	-3951.94
556	0.4693	-3966.45
557	0.470428	-3944.54
558	0.469192	-3978.69
559	0.469677	-3966.38
560	0.468648	-3907.18
561	0.472235	-4000.66
562	0.467623	-3924.02
563	0.467394	-3897.84
564	0.476576	-4056.78
565	0.474413	-4011.02
566	0.464311	-3859.82
567	0.472622	-3998.85
568	0.468477	-3960.53
569	0.474017	-4036.38
570	0.475161	-4047.57
571	0.474641	-4049.37
572	0.463982	-3877.62
573	0.47337	-4025.17
574	0.469001	-3964.51
575	0.471853	-4034.84
576	0.4666	-3899.86
577	0.474402	-4021.1
578	0.472076	-4034.09
579	0.466455	-3894.54
580	0.464407	-3888.58
581	0.477476	-4094.55
582	0.468917	-3936.33
583	0.477875	-4063.68
584	0.467832	-3890.21
585	0.470237	-3992.51
586	0.465997	-3901.98
587	0.472208	-3997.93
588	0.470134	-3970.36
589	0.470108	-3953.74
590	0.467442	-3924.33
591	0.470379	-3986.52
592	0.471784	-3972.56
593	0.471476	-3961.64
594	0.469564	-3946.6
595	0.472588	-4006.76
596	0.496507	-4428.75
597	0.473178	-4046.32
598	0.468514	-3954.24
599	0.466232	-3929.99
600	0.472688	-4012.14
601	0.476282	-4106.19
602	0.470134	-3993.1
603	0.466041	-3903.32
604	0.469355	-3958.62
605	0.471766	-4008.74
606	0.471901	-3980.09
607	0.473089	-4053.41
608	0.473855	-4047.43
609	0.465545	-3889.63
610	0.468081	-3935.98
611	0.465633	-3879.45
612	0.469461	-3950.18
613	0.471964	-4026.31
614	0.46701	-3909.83
615	0.470536	-3982.07
616	0.464007	-3885.24
617	0.470824	-3979.49
618	0.467677	-3921.38
619	0.466317	-3908.82
620	0.464695	-3896.77
621	0.465591	-3892.31
622	0.470936	-3984.33
623	0.474724	-4076.8
624	0.480628	-4119.13
625	0.471052	-4025.08
626	0.469057	-3936.95
627	0.46802	-3943.87
628	0.462918	-3861.57
629	0.473026	-4020.67
630	0.47262	-4029.45
631	0.464591	-3912.28
632	0.469874	-3966.69
633	0.471783	-4016.02
634	0.469223	-3956.6
635	0.466581	-3914.09
636	0.470537	-3992.43
637	0.466947	-3936.44
638	0.465242	-3879.25
639	0.472124	-4027.24
640	0.478416	-4134.96
641	0.47079	-3985.04
642	0.47254	-4008.71
643	0.471152	-3983.69
644	0.471331	-4023.73
645	0.477389	-4081.81
646	0.464602	-3868.52
647	0.466991	-3896.18
648	0.475066	-4020.28
649	0.46618	-3899
650	0.464153	-3852.73
651	0.475565	-4098.68
652	0.475512	-4035.89
653	0.471213	-3998.56
654	0.46883	-3970.95
655	0.468856	-3970.79
656	0.466033	-3901.63
657	0.468217	-3941.84
658	0.471343	-3985.25
659	0.46712	-3924.11
660	0.465555	-3895.09
661	0.470689	-3973.07
662	0.475405	-4094.11
663	0.46868	-3935.25
664	0.462482	-3840.93
665	0.467903	-3961.07
666	0.469365	-3960.19
667	0.468345	-3938.51
668	0.470663	-3956.44
669	0.467706	-3929.28
670	0.466895	-3912.66
671	0.471192	-3983.29
672	0.47269	-3996.82
673	0.466034	-3933.55
674	0.470843	-3981.76
675	0.467489	-3961.86
676	0.469069	-3948.68
677	0.468483	-3949.42
678	0.472782	-4037.26
679	0.466419	-3881.56
680	0.477874	-4114.98
681	0.47183	-4020.94
682	0.471626	-3991.4
683	0.476761	-4054.29
684	0.47238	-3978.96
685	0.468629	-3966.91
686	0.468784	-3945.48
687	0.473166	-4059.95
688	0.476047	-4070.24
689	0.471189	-4002.61
690	0.470539	-3977.75
691	0.472646	-4009.09
692	0.46824	-3929.24
693	0.473991	-4029.54
694	0.469329	-3945.52
695	0.462469	-3871.95
696	0.46621	-3896.98
697	0.475385	-4025.67
698	0.466215	-3917.8
699	0.465499	-3857.06
700	0.485234	-4254.32
701	0.46708	-3930.08
702	0.469854	-3966.97
703	0.477613	-4144.27
704	0.46821	-3919.14
705	0.465525	-3922.31
706	0.473766	-4055.46
707	0.470937	-4002.13
708	0.463102	-3859.38
709	0.471399	-3966.91
710	0.469297	-3953.93
711	0.469593	-3955.97
712	0.482987	-4190.84
713	0.474077	-4005.22
714	0.47166	-4005.82
715	0.465767	-3857.58
716	0.49911	-4543.85
717	0.46417	-3906.36
718	0.469821	-3953.24
719	0.4683	-3972.56
720	0.469138	-3953.27
721	0.470389	-3990.77
722	0.46563	-3887.95
723	0.4702	-3992.56
724	0.463009	-3865.34
725	0.468991	-3971.25
726	0.469824	-3966.01
727	0.468328	-3952.2
728	0.473111	-4040.06
729	0.472062	-4002.46
730	0.470722	-3982.29
731	0.46807	-3938.49
732	0.472238	-3998.67
733	0.471389	-4011.56
734	0.468336	-3949.24
735	0.466276	-3908.1
736	0.464766	-3890.27
737	0.472668	-4022.16
738	0.469253	-3987.31
739	0.470595	-3986.69
740	0.468958	-4007.3
741	0.47415	-4030.74
742	0.475929	-4099.82
743	0.465668	-3888.81
744	0.467713	-3921.03
745	0.479083	-4167.77
746	0.469824	-3960.43
747	0.478276	-4108.86
748	0.479343	-4174.92
749	0.464354	-3903.75
750	0.493571	-4378.53
751	0.47166	-4000.65
752	0.466784	-3899.06
753	0.475784	-4057.08
754	0.468204	-3916.14
755	0.467955	-3913
756	0.471673	-3971.58
757	0.47437	-4044.08
758	0.470924	-3995.21
759	0.469895	-3979.84
760	0.468713	-3935.52
761	0.470167	-3978.91
762	0.466662	-3937.18
763	0.469281	-3985.97
764	0.478012	-4086.34
765	0.473846	-3996.19
766	0.47835	-4100.06
767	0.468651	-3958.09
768	0.478086	-4131.43
769	0.469286	-3969.3
770	0.470089	-3981.2
771	0.469962	-3946.39
772	0.476029	-4082.83
773	0.470483	-3978.22
774	0.468252	-3943.88
775	0.467103	-3913.72
776	0.462994	-3844.95
777	0.472242	-4019.53
778	0.468956	-3957.2
779	0.470399	-3973.06
780	0.470165	-3962.68
781	0.466685	-3913.87
782	0.461392	-3843.03
783	0.469508	-3991.55
784	0.470759	-4005.42
785	0.479709	-4114.55
786	0.477799	-4081.73
787	0.475426	-4046.78
788	0.469714	-3968.02
789	0.468012	-3968.23
790	0.470313	-4000.23
791	0.468105	-3957.25
792	0.469654	-3946.19
793	0.474202	-4069.31
794	0.470828	-3970.76
795	0.470124	-3972.82
796	0.47158	-3976.5
797	0.473395	-4001.63
798	0.465507	-3869.79
799	0.462391	-3846.21
800	0.470927	-3999.71
801	0.469185	-3929.85
802	0.47183	-3966.96
803	0.475012	-4042.8
804	0.471488	-4029.46
805	0.466014	-3918.3
806	0.468599	-3945.12
807	0.467642	-3931.38
808	0.473726	-4024.9
809	0.469812	-3980.92
810	0.469189	-3943.39
811	0.466063	-3914.45
812	0.464543	-3870.52
813	0.469293	-3957.87
814	0.466669	-3931.35
815	0.468079	-3926.83
816	0.467625	-3934.19
817	0.468652	-3965.9
818	0.466342	-3900.82
819	0.474267	-4039.85
820	0.467464	-3915.57
821	0.468947	-3966.2
822	0.4706	-3983.18
823	0.466419	-3925.82
824	0.468933	-3940.66
825	0.470751	-3993.85
826	0.471522	-4015.29
827	0.471461	-4004.55
828	0.468083	-3971.37
829	0.467805	-3919.47
830	0.47027	-4021.29
831	0.468402	-3927.12
832	0.470014	-3988.05
833	0.469472	-3961.36
834	0.46746	-3921.23
835	0.469401	-3947.68
836	0.469649	-3975.89
837	0.465377	-3857.51
838	0.468516	-3931.5
839	0.470991	-3984.93
840	0.469473	-3975.07
841	0.467446	-3920.49
842	0.473163	-4043.14
843	0.482983	-4168.53
844	0.460451	-3790.87
845	0.46807	-3929.15
846	0.475199	-4046.14
847	0.470949	-3999.4
848	0.468377	-3981.84
849	0.466806	-3907.9
850	0.465721	-3878.25
851	0.467445	-3934.52
852	0.480535	-4127.75
853	0.469138	-3969.8
854	0.472102	-4019.4
855	0.468706	-3951.57
856	0.463666	-3887.2
857	0.466708	-3917.86
858	0.463793	-3907.74
859	0.480124	-4126.44
860	0.470137	-3974.04
861	0.468592	-3939.67
862	0.469496	-3961.02
863	0.467596	-3946.16
864	0.468957	-3955.84
865	0.467251	-3925.74
866	0.46656	-3935.39
867	0.470877	-4003.63
868	0.469347	-3960.58
869	0.463695	-3866.3
870	0.46949	-3961.71
871	0.473952	-4036.92
872	0.481295	-4147.85
873	0.472389	-4016.79
874	0.469258	-3964.47
875	0.472653	-4013.84
876	0.468111	-3929.43
877	0.464918	-3853.38
878	0.478629	-4073.5
879	0.47049	-3987.36
880	0.467601	-3947.17
881	0.483609	-4223.35
882	0.4628	-3828.32
883	0.466291	-3916
884	0.46991	-3959.41
885	0.472836	-4011.37
886	0.472185	-3981.92
887	0.470026	-3993.47
888	0.470559	-3983.31
889	0.473998	-4051.84
890	0.47239	-3969.94
891	0.468883	-3964.02
892	0.474853	-4072.35
893	0.471723	-3985.91
894	0.468657	-4005.05
895	0.469962	-3956.45
896	0.477274	-4100.99
897	0.466713	-3946.18
898	0.473939	-4036.82
899	0.464097	-3884.11
900	0.474404	-4018.89
901	0.471393	-3961.43
902	0.472452	-3992.24
903	0.470562	-3981.94
904	0.472032	-3990.52
905	0.467737	-3913.77
906	0.470292	-3970.09
907	0.47974	-4140.39
908	0.478548	-4094.06
909	0.465449	-3905.84
910	0.464626	-3886.86
911	0.47042	-3985.74
912	0.469295	-3973.37
913	0.463915	-3884.79
914	0.469956	-3985.17
915	0.467502	-3929.72
916	0.468094	-3939.2
917	0.475584	-4076.07
918	0.470428	-3989.26
919	0.473136	-4008.36
920	0.474868	-4061.17
921	0.472481	-3987.18
922	0.46651	-3939.03
923	0.473384	-3996.96
924	0.471607	-3991.75
925	0.472124	-4005.13
926	0.474877	-4042.31
927	0.471713	-4035.21
928	0.47205	-4003.9
929	0.472921	-4076.97
930	0.476963	-4083.98
931	0.474044	-4065.02
932	0.471312	-3972.72
933	0.469112	-3928.99
934	0.476779	-4113.82
935	0.470021	-3976.88
936	0.470197	-3961.29
937	0.46877	-3914.49
938	0.470214	-3976.9
939	0.464785	-3879.54
940	0.464729	-3902.37
941	0.464797	-3861.75
942	0.465363	-3916.2
943	0.463653	-3870.72
944	0.475032	-4042.62
945	0.469381	-3980.27
946	0.469556	-3982.33
947	0.468935	-3946.63
948	0.47059	-3962.05
949	0.473272	-4001.03
950	0.467446	-3937.5
951	0.471587	-3990.87
952	0.468243	-3920.78
953	0.473774	-4034.37
954	0.47918	-4148.8
955	0.473173	-4032.52
956	0.472117	-4016.23
957	0.473177	-4026.23
958	0.477748	-4073.74
959	0.471137	-4022.07
960	0.469523	-4006.82
961	0.471544	-3986.72
962	0.480498	-4140.53
963	0.473158	-4016.76
964	0.475766	-4030.96
965	0.467727	-3910.61
966	0.464139	-3889.13
967	0.472817	-4022.07
968	0.475439	-4077.08
969	0.46747	-3927.55
970	0.47251	-4031.9
971	0.466178	-3934.21
972	0.465258	-3899.49
973	0.470334	-3967.83
974	0.474994	-4040.41
975	0.465069	-3906.72
976	0.470783	-4006.25
977	0.464854	-3863.46
978	0.469027	-3975.2
979	0.482891	-4199.8
980	0.468117	-3932.72
981	0.471103	-3969.45
982	0.469469	-3974.09
983	0.470779	-3985.19
984	0.469862	-3979.59
985	0.474679	-4083.06
986	0.480254	-4164.2
987	0.468986	-3951.09
988	0.469919	-3998.6
989	0.472904	-3999
990	0.471552	-4020
991	0.473105	-4056.4
992	0.47211	-3993.79
993	0.465304	-3926.96
994	0.468935	-3926.78
995	0.473627	-4050.56
996	0.469314	-3961.56
997	0.46224	-3844.09
998	0.470371	-3992.97
999	0.466694	-3900.26
1000	0.468565	-3959.54
1001	0.471899	-4000.36
1002	0.46398	-3847.13
1003	0.473367	-4028.47
1004	0.465157	-3904.02
1005	0.471563	-4005.27
1006	0.468439	-3935.1
1007	0.471561	-3978.19
1008	0.469679	-3979.34
1009	0.471186	-3970.53
1010	0.475992	-4090.69
1011	0.471587	-4006.88
1012	0.466569	-3886.77
1013	0.468462	-3933.26
1014	0.467194	-3917.17
1015	0.466296	-3904.09
1016	0.462882	-3862.57
1017	0.465813	-3897.03
1018	0.469306	-4011.27
1019	0.464564	-3882.27
1020	0.468132	-3939.92
1021	0.47507	-4054.33
1022	0.469957	-3966.85
1023	0.468423	-3960.9
1024	0.470754	-4004.56
1025	0.473179	-4003.05
1026	0.471532	-3999.62
1027	0.472992	-4001.84
1028	0.469862	-3985.53
1029	0.473287	-4006.24
1030	0.469884	-3975.07
1031	0.467649	-3944.82
1032	0.471075	-3978.07
1033	0.471092	-3965.82
1034	0.469808	-3961.4
1035	0.468726	-3946.87
1036	0.470228	-3990.02
1037	0.471941	-4004.84
1038	0.463092	-3843.66
1039	0.467716	-3933.8
1040	0.475088	-4101.79
1041	0.466652	-3907.96
1042	0.472056	-3996.81
1043	0.469979	-3941.33
1044	0.466733	-3893.35
1045	0.464956	-3914.5
1046	0.46605	-3897.17
1047	0.46675	-3952.42
1048	0.474167	-4026.29
1049	0.467044	-3907.86
1050	0.471732	-4006.02
1051	0.475759	-4071.35
1052	0.473708	-4042.79
1053	0.469619	-3970
1054	0.467677	-3932.48
1055	0.484132	-4233.4
1056	0.469003	-3935.19
1057	0.476085	-4034.68
1058	0.468066	-3923.72
1059	0.470412	-3987.94
1060	0.481663	-4223.16
1061	0.467644	-3888.92
1062	0.469657	-3974.53
1063	0.470375	-3998.41
1064	0.468458	-3948.94
1065	0.46613	-3899.81
1066	0.468218	-3936.01
1067	0.463484	-3864.84
1068	0.469059	-3978.95
1069	0.478554	-4113.19
1070	0.480623	-4139.67
1071	0.475071	-4031.75
1072	0.468715	-3940.54
1073	0.479626	-4118.54
1074	0.471314	-4037.37
1075	0.470061	-3975.88
1076	0.46869	-3937.27
1077	0.471479	-4017.42
1078	0.46906	-3961.4
1079	0.46702	-3924.38
1080	0.473163	-3998.58
1081	0.472628	-4008.01
1082	0.473353	-4040.65
1083	0.472217	-3963.14
1084	0.468029	-3953.67
1085	0.470464	-3974.15
1086	0.471424	-3951.15
1087	0.477176	-4070.08
1088	0.466754	-3924.66
1089	0.471299	-4008.52
1090	0.467752	-3911.34
1091	0.466091	-3896.21
1092	0.474368	-4051.01
1093	0.466458	-3894.75
1094	0.469632	-3946.29
1095	0.468583	-3969.01
1096	0.467384	-3938.03
1097	0.472087	-4003.43
1098	0.475192	-4045.82
1099	0.468792	-3903.89
1100	0.483936	-4238.89
1101	0.472614	-4023.88
1102	0.470393	-3958.65
1103	0.467798	-3926.52
1104	0.478957	-4148.77
1105	0.464897	-3898.75
1106	0.479232	-4107.41
1107	0.468286	-3951.13
1108	0.470027	-3962.37
1109	0.473182	-4010.4
1110	0.467712	-3931.01
1111	0.464317	-3849.24
1112	0.472021	-3973.67
1113	0.465928	-3926.42
1114	0.471445	-3983.12
1115	0.472464	-4006.03
1116	0.469688	-3976.84
1117	0.470631	-4005.07
1118	0.467968	-3959.9
1119	0.467136	-3917.36
1120	0.472816	-4036.91
1121	0.469087	-3968.52
1122	0.467504	-3930.22
1123	0.471131	-4010.7
1124	0.467224	-3939.51
1125	0.468192	-3944.97
1126	0.468795	-3927.86
1127	0.467016	-3902.18
1128	0.466455	-3916.32
1129	0.469827	-3944.13
1130	0.471717	-3985.49
1131	0.469761	-3981.03
1132	0.471169	-3997.54
1133	0.471286	-3989.22
1134	0.477937	-4082.5
1135	0.469885	-3986.74
1136	0.466915	-3952.14
1137	0.470807	-3978.24
1138	0.466992	-3925.87
1139	0.465788	-3907.55
1140	0.46634	-3891.23
1141	0.480592	-4133.5
1142	0.484787	-4244.36
1143	0.466168	-3876.28
1144	0.464541	-3863.46
1145	0.466028	-3875.95
1146	0.469447	-4002.95
1147	0.469947	-3967.72
1148	0.46544	-3882.42
1149	0.474804	-4041.67
1150	0.472006	-4035.01
1151	0.468692	-3929.46
1152	0.465555	-3876.12
1153	0.473477	-4052.31
1154	0.473296	-3957.22
1155	0.469836	-3936.48
1156	0.467665	-3932.52
1157	0.467705	-3949.09
1158	0.462745	-3839.23
1159	0.461935	-3857.96
1160	0.464114	-3855.06
1161	0.472047	-4030.26
1162	0.473	-4055.23
1163	0.468935	-3957.24
1164	0.470817	-3964.53
1165	0.475494	-4095.68
1166	0.466499	-3888.2
1167	0.472019	-3988.25
1168	0.470034	-3981.48
1169	0.465676	-3903.69
1170	0.474485	-4096.08
1171	0.47028	-3952.68
1172	0.472754	-4011.71
1173	0.474036	-4058.33
1174	0.468626	-3949.94
1175	0.465544	-3924.29
1176	0.474055	-4093.06
1177	0.46965	-3955.36
1178	0.473838	-4008.43
1179	0.466919	-3912.79
1180	0.47504	-4044.71
1181	0.470481	-3959.98
1182	0.467956	-3930.64
1183	0.469428	-3950.92
1184	0.473104	-4005.52
1185	0.471183	-3960.85
1186	0.469388	-3959.15
1187	0.471863	-4006.79
1188	0.466805	-3908.8
1189	0.472306	-3994.74
1190	0.480752	-4134.15
1191	0.469729	-3980.29
1192	0.473866	-4062.29
1193	0.468784	-3961.62
1194	0.467098	-3918.19
1195	0.468703	-3967.16
1196	0.469349	-3952.6
1197	0.47279	-4029.87
1198	0.468603	-3938.67
1199	0.468467	-3968.25
1200	0.474027	-4034.2
1201	0.463456	-3853.58
1202	0.478242	-4112.77
1203	0.466277	-3913.05
1204	0.464813	-3865.39
1205	0.468715	-3925.09
1206	0.467269	-3917.66
1207	0.467013	-3930.81
1208	0.466262	-3912.16
1209	0.473036	-4034.45
1210	0.470931	-3992.95
1211	0.468086	-3929.99
1212	0.465375	-3890.05
1213	0.466044	-3934.09
1214	0.467585	-3904.26
1215	0.46973	-3954.67
1216	0.485037	-4230.61
1217	0.470048	-3950.11
1218	0.468073	-3926.17
1219	0.464722	-3890.44
1220	0.464467	-3877.3
1221	0.466738	-3915.95
1222	0.470418	-3998.11
1223	0.462883	-3861.66
1224	0.468884	-3945.8
1225	0.465737	-3903.29
1226	0.481136	-4160.92
1227	0.467669	-3923.66
1228	0.469264	-3945.76
1229	0.472446	-4009.99
1230	0.467883	-3944.67
1231	0.465827	-3895.24
1232	0.469102	-3922.65
1233	0.470822	-4002.53
1234	0.469221	-3974.81
1235	0.475114	-4047.59
1236	0.470032	-3999.02
1237	0.472461	-4040.63
1238	0.463908	-3881.51
1239	0.464655	-3880.54
1240	0.469532	-3934.49
1241	0.47036	-3930.82
1242	0.468165	-3955.63
1243	0.469617	-3963.49
1244	0.477464	-4089.91
1245	0.462199	-3851.06
1246	0.467878	-3945.28
1247	0.46785	-3923.25
1248	0.468162	-3930.38
1249	0.485373	-4226.3
1250	0.468957	-3926.51
1251	0.471099	-4016.16
1252	0.468516	-3930.02
1253	0.466721	-3930.7
1254	0.473005	-4009.45
1255	0.467812	-3957.72
1256	0.465913	-3918.05
1257	0.465673	-3910.68
1258	0.471688	-3995.15
1259	0.472034	-3993.07
1260	0.469312	-3952.24
1261	0.462173	-3819.48
1262	0.470435	-3954.34
1263	0.467641	-3951.7
1264	0.47619	-4095.17
1265	0.463689	-3847.85
1266	0.479015	-4127.41
1267	0.460934	-3815.7
1268	0.470241	-3962.78
1269	0.471566	-3974.83
1270	0.468722	-3952.3
1271	0.485762	-4241.59
1272	0.479935	-4149.01
1273	0.467465	-3923.45
1274	0.469904	-4003.5
1275	0.46701	-3901.37
1276	0.468144	-3933.7
1277	0.471573	-4002.2
1278	0.467415	-3914.91
1279	0.46516	-3875.6
1280	0.467151	-3903.81
1281	0.466613	-3925.24
1282	0.468524	-3933.45
1283	0.475156	-4067.81
1284	0.463497	-3861.24
1285	0.47294	-4048.37
1286	0.466158	-3895.07
1287	0.46947	-3953.57
1288	0.469872	-3983.82
1289	0.468847	-3938.55
1290	0.467724	-3948.7
1291	0.469479	-3955.44
1292	0.479553	-4139.58
1293	0.465408	-3899.19
1294	0.468386	-3951.66
1295	0.470627	-3977.68
1296	0.471779	-4000.57
1297	0.476329	-4065.13
1298	0.475848	-4090.75
1299	0.480122	-4137.33
1300	0.464559	-3879.19
1301	0.47262	-4042.33
1302	0.484557	-4166.49
1303	0.474337	-4054.42
1304	0.464573	-3874.4
1305	0.472061	-4004.55
1306	0.473354	-4051.88
1307	0.469813	-3956.25
1308	0.469632	-3962.8
1309	0.474848	-4011.98
1310	0.467676	-3919.71
1311	0.462679	-3872.87
1312	0.461836	-3834.67
1313	0.477449	-4120.44
1314	0.465075	-3903.65
1315	0.464456	-3902.81
1316	0.47955	-4130.77
1317	0.481884	-4206.93
1318	0.466763	-3916.1
1319	0.478616	-4118.17
1320	0.468239	-3892.81
1321	0.472995	-4004.64
1322	0.462843	-3861.42
1323	0.471483	-3984.89
1324	0.474715	-4037.18
1325	0.471566	-3963.36
1326	0.472159	-3996
1327	0.473162	-4026.94
1328	0.469914	-3965.6
1329	0.46618	-3905.03
1330	0.471576	-4042.25
1331	0.462745	-3863.41
1332	0.471012	-3989.05
1333	0.462548	-3851.7
1334	0.476157	-4079.69
1335	0.46682	-3904.66
1336	0.482398	-4168.8
1337	0.471309	-3999.88
1338	0.470922	-3989.53
1339	0.467627	-3926.13
1340	0.471002	-3987.39
1341	0.469632	-3965.52
1342	0.472208	-4007.6
1343	0.472745	-3979.64
1344	0.474895	-4029.08
1345	0.461878	-3816.01
1346	0.465389	-3896.12
1347	0.46768	-3936.48
1348	0.467816	-3929.52
1349	0.466572	-3916.05
1350	0.466589	-3935.7
1351	0.470239	-3990.15
1352	0.465913	-3885.37
1353	0.468536	-3953.69
1354	0.483569	-4223.86
1355	0.472258	-4010.63
1356	0.466491	-3899.68
1357	0.464923	-3886.44
1358	0.478655	-4132.31
1359	0.470747	-3996.87
1360	0.469563	-3951.5
1361	0.470965	-4000.07
1362	0.475874	-4059.87
1363	0.468704	-3943.59
1364	0.468555	-3932.04
1365	0.463682	-3883.66
1366	0.472281	-4003.95
1367	0.469791	-3991.37
1368	0.464051	-3872.31
1369	0.470121	-3982.65
1370	0.464972	-3883.58
1371	0.470344	-3992.36
1372	0.469446	-3966.86
1373	0.470025	-3944.55
1374	0.466289	-3907.56
1375	0.480391	-4111.94
1376	0.475726	-4058.45
1377	0.470165	-3981.4
1378	0.463216	-3836.83
1379	0.468783	-3945.42
1380	0.474481	-4046.81
1381	0.466937	-3898.4
1382	0.46453	-3865.69
1383	0.465155	-3895.65
1384	0.468102	-3936.9
1385	0.477743	-4054.64
1386	0.477291	-4136.21
1387	0.467195	-3916.53
1388	0.468473	-3920.73
1389	0.471111	-4004.87
1390	0.464417	-3879
1391	0.465458	-3896.54
1392	0.464779	-3859.27
1393	0.480841	-4157.51
1394	0.472067	-4023.3
1395	0.46723	-3918.85
1396	0.470351	-3984.13
1397	0.473003	-4024.76
1398	0.478813	-4152.8
1399	0.473636	-4053.22
1400	0.472118	-3998.49
1401	0.472916	-4007.76
1402	0.470956	-3945.59
1403	0.479891	-4184.27
1404	0.476151	-4068.95
1405	0.468105	-3953.07
1406	0.468871	-3937.75
1407	0.471743	-3993.33
1408	0.472007	-4024.78
1409	0.466873	-3918.21
1410	0.469679	-3974.75
1411	0.467972	-3944.39
1412	0.468042	-3931.74
1413	0.474509	-4081.8
1414	0.467127	-3945.97
1415	0.472076	-4039.4
1416	0.466455	-3917.06
1417	0.471489	-3967.86
1418	0.480775	-4156.27
1419	0.471452	-3980.48
1420	0.473712	-4025.62
1421	0.467514	-3953.63
1422	0.46593	-3889.06
1423	0.470936	-3988.65
1424	0.464852	-3872.99
1425	0.463118	-3844.07
1426	0.463048	-3848.28
1427	0.500749	-4502.71
1428	0.469379	-3959.06
1429	0.471183	-4001.94
1430	0.469301	-3959.38
1431	0.462691	-3845.2
1432	0.474905	-4057.28
1433	0.47702	-4085.8
1434	0.46535	-3873.44
1435	0.46686	-3925.6
1436	0.481839	-4178.47
1437	0.470952	-3974.11
1438	0.473299	-4008.95
1439	0.467046	-3914.32
1440	0.470989	-4017.42
1441	0.468778	-3969.46
1442	0.473017	-4057.99
1443	0.478718	-4122.1
1444	0.472922	-4004.88
1445	0.467385	-3928.38
1446	0.472271	-4001.1
1447	0.470258	-3975.77
1448	0.470362	-3973.56
1449	0.475549	-4098.97
1450	0.46672	-3923.33
1451	0.472085	-3989.02
1452	0.474102	-4027.76
1453	0.480721	-4163.98
1454	0.474381	-4029.52
1455	0.468197	-3943.56
1456	0.471824	-3961.59
1457	0.467006	-3904.19
1458	0.478832	-4135.21
1459	0.46869	-3941.3
1460	0.481154	-4161.89
1461	0.468081	-3959.96
1462	0.467872	-3931.33
1463	0.465802	-3905.23
1464	0.479475	-4129.17
1465	0.472538	-4031.08
1466	0.471161	-3985.66
1467	0.477492	-4074.28
1468	0.472689	-4006.23
1469	0.467386	-3917.26
1470	0.475471	-4044.06
1471	0.466659	-3962.88
1472	0.471352	-3997.13
1473	0.473014	-4037.17
1474	0.467197	-3928.87
1475	0.47572	-4077.13
1476	0.488052	-4289.37
1477	0.472205	-3993.4
1478	0.469214	-3930.87
1479	0.472455	-3986.06
1480	0.46791	-3944.43
1481	0.478619	-4148.91
1482	0.475525	-4094.07
1483	0.474713	-4081.58
1484	0.477676	-4115.23
1485	0.474317	-4021.19
1486	0.476151	-4035.67
1487	0.467977	-3921.55
1488	0.470091	-3961.39
1489	0.47051	-3978.19
1490	0.469278	-3972.76
1491	0.477922	-4124.04
1492	0.46614	-3914.9
1493	0.474617	-4046.28
1494	0.470533	-3972.05
1495	0.470621	-3987.43
1496	0.469167	-3964.26
1497	0.481709	-4127.28
1498	0.470753	-3976.43
1499	0.468651	-3931.2
1500	0.467601	-3934.36
1501	0.468829	-3958.76
1502	0.474491	-4051.14
1503	0.469026	-3920.03
1504	0.476287	-4085.94
1505	0.474373	-4035.37
1506	0.466395	-3883.49
1507	0.466813	-3920.4
1508	0.471289	-4006.06
1509	0.466364	-3891.97
1510	0.470907	-4007.21
1511	0.468197	-3938.97
1512	0.465906	-3908.52
1513	0.495349	-4378.4
1514	0.468092	-3911.65
1515	0.468967	-3932.1
1516	0.471135	-4009.7
1517	0.468042	-3917.4
1518	0.464717	-3877.26
1519	0.466081	-3899.67
1520	0.473543	-4034.63
1521	0.472634	-4028.27
1522	0.466333	-3909.18
1523	0.48077	-4156.46
1524	0.471173	-4015.41
1525	0.464303	-3912.71
1526	0.469388	-3959.4
1527	0.472637	-4025.41
1528	0.472236	-4010.84
1529	0.472164	-4020.57
1530	0.46493	-3864.88
1531	0.477373	-4107.18
1532	0.465784	-3902.07
1533	0.4603	-3808.14
1534	0.473108	-4050.44
1535	0.468004	-3918.48
1536	0.468815	-3958.54
1537	0.471437	-4010.41
1538	0.470775	-3977.01
1539	0.470979	-3993.42
1540	0.467502	-3947.15
1541	0.472751	-3995
1542	0.466033	-3928.22
1543	0.473192	-4039.59
1544	0.467057	-3890.53
1545	0.469911	-3940.69
1546	0.468907	-3982.4
1547	0.46776	-3931.78
1548	0.473687	-4029.74
1549	0.471033	-3977.85
1550	0.472885	-4019.21
1551	0.469348	-3948.51
1552	0.474884	-4060.16
1553	0.465078	-3876.1
1554	0.466185	-3930.84
1555	0.469847	-3957.72
1556	0.470429	-3961.27
1557	0.473303	-4027.81
1558	0.465004	-3875
1559	0.466987	-3910.45
1560	0.474236	-4025.64
1561	0.469717	-3957.9
1562	0.471431	-3987.62
1563	0.463207	-3891.94
1564	0.467318	-3909.44
1565	0.477712	-4098.2
1566	0.469609	-3974.36
1567	0.466788	-3920.79
1568	0.470921	-3981.81
1569	0.472005	-4017.55
1570	0.47305	-4031.59
1571	0.474347	-4082.34
1572	0.467207	-3935.1
1573	0.47099	-3981.2
1574	0.477834	-4119.9
1575	0.474545	-4075.02
1576	0.471553	-4008.27
1577	0.46827	-3943.91
1578	0.471202	-4010.44
1579	0.465867	-3896.73
1580	0.466015	-3884.08
1581	0.469556	-3970.79
1582	0.472705	-4005.07
1583	0.472065	-3997.91
1584	0.471231	-3982.75
1585	0.463026	-3843.6
1586	0.475256	-4039.32
1587	0.482962	-4190.54
1588	0.474907	-4016.83
1589	0.465991	-3888.78
1590	0.470931	-3998.24
1591	0.470182	-3963.34
1592	0.470586	-3976.55
1593	0.466522	-3921
1594	0.466532	-3939.44
1595	0.475591	-4027.81
1596	0.469439	-3950.55
1597	0.464242	-3857.59
1598	0.470232	-3976.54
1599	0.469819	-3968.8
1600	0.466719	-3920.1
1601	0.473658	-4037.49
1602	0.471554	-4020.91
1603	0.469729	-3965.65
1604	0.471123	-3985.3
1605	0.479701	-4183.13
1606	0.470444	-3964.24
1607	0.467117	-3900.47
1608	0.46689	-3928.18
1609	0.470344	-3974
1610	0.465444	-3855.95
1611	0.466088	-3946.21
1612	0.466675	-3903.94
1613	0.473601	-4024.09
1614	0.482243	-4136.21
1615	0.468085	-3965.66
1616	0.467454	-3918.33
1617	0.470657	-4005.47
1618	0.477252	-4049.29
1619	0.46417	-3898.41
1620	0.467242	-3922.11
1621	0.474285	-4034.77
1622	0.467682	-3932.19
1623	0.467002	-3888.83
1624	0.467287	-3957.14
1625	0.469628	-3973.67
1626	0.467151	-3918.08
1627	0.476864	-4123.12
1628	0.472719	-4013.98
1629	0.475188	-4039.67
1630	0.468375	-3889.02
1631	0.46795	-3922.23
1632	0.474899	-4039.46
1633	0.466745	-3916.65
1634	0.47364	-4002.25
1635	0.465772	-3908.04
1636	0.469756	-3969.4
1637	0.472688	-4025.93
1638	0.472091	-3993.6
1639	0.471864	-3996.08
1640	0.47157	-4011.18
1641	0.472501	-4026.21
1642	0.470019	-3977.61
1643	0.473568	-4023.89
1644	0.474047	-4054.53
1645	0.46704	-3919.67
1646	0.471588	-4012.96
1647	0.468687	-3958.88
1648	0.468852	-3936.59
1649	0.472513	-4003.59
1650	0.470856	-3994.4
1651	0.467045	-3905.51
1652	0.468524	-3922.43
1653	0.466421	-3938.25
1654	0.46709	-3905.72
1655	0.465351	-3880.69
1656	0.471398	-4023.34
1657	0.470965	-3978.57
1658	0.470745	-3972.97
1659	0.466539	-3918.41
1660	0.472212	-4018.38
1661	0.464456	-3875.43
1662	0.46632	-3915.79
1663	0.471289	-4005.92
1664	0.475159	-4043.58
1665	0.470357	-3959.78
1666	0.46588	-3893.34
1667	0.470794	-4001.38
1668	0.471777	-3997.37
1669	0.465335	-3867.31
1670	0.465223	-3907.52
1671	0.468718	-3950.06
1672	0.471072	-4004.2
1673	0.467746	-3915.41
1674	0.475646	-4078.6
1675	0.470091	-3980.12
1676	0.462959	-3878.07
1677	0.47393	-4016.74
1678	0.475381	-4054.57
1679	0.468985	-3970.32
1680	0.472439	-4028.7
1681	0.47521	-4060.15
1682	0.47401	-4003.18
1683	0.471966	-3983.95
1684	0.468516	-3923.41
1685	0.472754	-4040.04
1686	0.471145	-4041.49
1687	0.468987	-3986.72
1688	0.48067	-4153.04
1689	0.471506	-3992.42
1690	0.467191	-3903.92
1691	0.46394	-3858.45
1692	0.471496	-4031.9
1693	0.470573	-3984.64
1694	0.470678	-3991.06
1695	0.4689	-3979.54
1696	0.465296	-3902.97
1697	0.473045	-4010.37
1698	0.470979	-3978.98
1699	0.477665	-4089.96
1700	0.468449	-3973.16
1701	0.475638	-4085.57
1702	0.46986	-3956.57
1703	0.46968	-3955.5
1704	0.481468	-4139.05
1705	0.469149	-3977.03
1706	0.474698	-4046.65
1707	0.471604	-4026.05
1708	0.47022	-3976.81
1709	0.481249	-4165.25
1710	0.464969	-3893.32
1711	0.469396	-3911.43
1712	0.479106	-4120.17
1713	0.472106	-4024.03
1714	0.466602	-3927.98
1715	0.468444	-3949.04
1716	0.468592	-3937.93
1717	0.469384	-3960.93
1718	0.464827	-3865.04
1719	0.469434	-3969.4
1720	0.468084	-3939.34
1721	0.468265	-3945.31
1722	0.469104	-3991.97
1723	0.479693	-4153.64
1724	0.47346	-3994.55
1725	0.462864	-3837.05
1726	0.477808	-4115.47
1727	0.471836	-4024.4
1728	0.469948	-3951.94
1729	0.467629	-3951.56
1730	0.471363	-3969.71
1731	0.471866	-3973.2
1732	0.472118	-3996.75
1733	0.465459	-3899.71
1734	0.483771	-4267.82
1735	0.469236	-3989.7
1736	0.467549	-3921.45
1737	0.471125	-3998.98
1738	0.46535	-3874.2
1739	0.464574	-3888.83
1740	0.47958	-4157.2
1741	0.4708	-3986.32
1742	0.471422	-3961.81
1743	0.470374	-4006.41
1744	0.46897	-3945.05
1745	0.470122	-4008.63
1746	0.478499	-4113.96
1747	0.468667	-3951.79
1748	0.462701	-3824.39
1749	0.475197	-4028.05
1750	0.468771	-3938.79
1751	0.466346	-3881.01
1752	0.469368	-3966.32
1753	0.465171	-3920.1
1754	0.470158	-3932.69
1755	0.473561	-4006.02
1756	0.467292	-3913.29
1757	0.471369	-3995.01
1758	0.467281	-3930.01
1759	0.469975	-3953.26
1760	0.469651	-3970.67
1761	0.474639	-4053.94
1762	0.477977	-4114.93
1763	0.469797	-3973.23
1764	0.470274	-3991.76
1765	0.476097	-4047.78
1766	0.467446	-3949.8
1767	0.466845	-3911.01
1768	0.470922	-4021.64
1769	0.471067	-3992.29
1770	0.46831	-3925.68
1771	0.470155	-3952.51
1772	0.47807	-4086.68
1773	0.470981	-4003.1
1774	0.467547	-3930.2
1775	0.474451	-4007.02
1776	0.469733	-3957
1777	0.474533	-4019.64
1778	0.466139	-3897.46
1779	0.465891	-3879.64
1780	0.471716	-4015.53
1781	0.467897	-3941.1
1782	0.470924	-3967.6
1783	0.466509	-3901.18
1784	0.475502	-4028.9
1785	0.465777	-3888.03
1786	0.462681	-3853.66
1787	0.46774	-3923
1788	0.474824	-4047.31
1789	0.46659	-3917.58
1790	0.471681	-3990.44
1791	0.467464	-3956.55
1792	0.470719	-3990.48
1793	0.469943	-3964.52
1794	0.473018	-4001.07
1795	0.469128	-3985.67
1796	0.479053	-4144.28
1797	0.471749	-3969.94
1798	0.473883	-4049.44
1799	0.469846	-3984.14
1800	0.467247	-3881.61
1801	0.47683	-4087.8
1802	0.467659	-3924.92
1803	0.468955	-3980.85
1804	0.469485	-3953.93
1805	0.472838	-4058.98
1806	0.469208	-3913.39
1807	0.469757	-3946.08
1808	0.4705	-3989.8
1809	0.470598	-4008.26
1810	0.470051	-3944.13
1811	0.46316	-3845.64
1812	0.47086	-3983
1813	0.475616	-4089.56
1814	0.468836	-3942.69
1815	0.467106	-3921.85
1816	0.479333	-4144.01
1817	0.476495	-4080.76
1818	0.472999	-4030.2
1819	0.470532	-4005
1820	0.4688	-3929.36
1821	0.476153	-4032.14
1822	0.464823	-3856.28
1823	0.47418	-4045.27
1824	0.474976	-4078.52
1825	0.474718	-4041
1826	0.476816	-4120.87
1827	0.467397	-3963.35
1828	0.47156	-3997.61
1829	0.471918	-3989.87
1830	0.471694	-4001.11
1831	0.466879	-3908.32
1832	0.470407	-3996.25
1833	0.471726	-3990.84
1834	0.470621	-3956.55
1835	0.477975	-4151.43
1836	0.470073	-3970.66
1837	0.472155	-4013.15
1838	0.465207	-3894.48
1839	0.486822	-4232.4
1840	0.473063	-4003.54
1841	0.466684	-3948.71
1842	0.463859	-3893.56
1843	0.467934	-3946.86
1844	0.468777	-3971.69
1845	0.468308	-3977.35
1846	0.468156	-3927.43
1847	0.467752	-3931.66
1848	0.465065	-3887.39
1849	0.480697	-4154.49
1850	0.475546	-4035.65
1851	0.470092	-3997.51
1852	0.47218	-3977.78
1853	0.464343	-3876.88
1854	0.477411	-4089.27
1855	0.47054	-3971.53
1856	0.470015	-3947.92
1857	0.468544	-3952.5
1858	0.475643	-4037.35
1859	0.46735	-3925.33
1860	0.46948	-3962.33
1861	0.465777	-3882.19
1862	0.471049	-3983
1863	0.486986	-4216.73
1864	0.471076	-3992.02
1865	0.475348	-4040.15
1866	0.467369	-3906.93
1867	0.472752	-4035.48
1868	0.463985	-3853.91
1869	0.469307	-3977.63
1870	0.469122	-3951.75
1871	0.478438	-4160.32
1872	0.469441	-3933.11
1873	0.47165	-3975.38
1874	0.467919	-3940.05
1875	0.465509	-3873.17
1876	0.465702	-3884.26
1877	0.470416	-3973.33
1878	0.469076	-3945.42
1879	0.480212	-4135.01
1880	0.470882	-4000.78
1881	0.469912	-3953.77
1882	0.469742	-4002.42
1883	0.47439	-4059.73
1884	0.476232	-4038.69
1885	0.471178	-3966.15
1886	0.465697	-3915.27
1887	0.469864	-3979.3
1888	0.466786	-3923.94
1889	0.466215	-3899.5
1890	0.465367	-3926.16
1891	0.466438	-3906.2
1892	0.468689	-3937.35
1893	0.470178	-4011.63
1894	0.46177	-3819.92
1895	0.463662	-3881.14
1896	0.471197	-3988.56
1897	0.477335	-4086.07
1898	0.475184	-4071.4
1899	0.464052	-3819.03
1900	0.47034	-3948.76
1901	0.472587	-4040.98
1902	0.471483	-3977.92
1903	0.47021	-3955.99
1904	0.472789	-4027.34
1905	0.467268	-3937.12
1906	0.462434	-3814.86
1907	0.470197	-3960.95
1908	0.464688	-3886.11
1909	0.464656	-3872.51
1910	0.474475	-4027.95
1911	0.473741	-4010.29
1912	0.475116	-4036.31
1913	0.472866	-4034.46
1914	0.468608	-3935.12
1915	0.471702	-3991.64
1916	0.473817	-4039.47
1917	0.471219	-3977.16
1918	0.469484	-3956.4
1919	0.461182	-3854.54
1920	0.46923	-3958.02
1921	0.468613	-3954.75
1922	0.4631	-3875.83
1923	0.460634	-3799.12
1924	0.473124	-4015.45
1925	0.472863	-4017.07
1926	0.470809	-3958.45
1927	0.482616	-4214.81
1928	0.469571	-3965.75
1929	0.466293	-3877.57
1930	0.468837	-3946.84
1931	0.470102	-3972.37
1932	0.475245	-4037.23
1933	0.466662	-3901.23
1934	0.471079	-4012.41
1935	0.476627	-4036.43
1936	0.479647	-4159.96
1937	0.471667	-4027.07
1938	0.475207	-4089.75
1939	0.474852	-4060.28
1940	0.46956	-3957.69
1941	0.470032	-3946.21
1942	0.473313	-4007.65
1943	0.474828	-4047.65
1944	0.478677	-4122.2
1945	0.474387	-4079.34
1946	0.466699	-3915.47
1947	0.46713	-3906.29
1948	0.468309	-3953.84
1949	0.470333	-3997.3
1950	0.467208	-3904.78
1951	0.469697	-3964.45
1952	0.467261	-3922.92
1953	0.465262	-3871.51
1954	0.470591	-3981.06
1955	0.469961	-3970.54
1956	0.471122	-3973.2
1957	0.461444	-3836.35
1958	0.476719	-4073
1959	0.469564	-3974.93
1960	0.475491	-4073.47
1961	0.464975	-3888.17
1962	0.471136	-3977.5
1963	0.469293	-3945.56
1964	0.471862	-3983.67
1965	0.466733	-3912.81
1966	0.466664	-3912.8
1967	0.469825	-3968.4
1968	0.48099	-4159.68
1969	0.464312	-3844.6
1970	0.468368	-3957.29
1971	0.469178	-3968.81
1972	0.467075	-3931.08
1973	0.467969	-3927.86
1974	0.467149	-3906.62
1975	0.467979	-3930.45
1976	0.472819	-4024.55
1977	0.46605	-3879.11
1978	0.473918	-4044.79
1979	0.47228	-4038.38
1980	0.475877	-4087.77
1981	0.469327	-3976.07
1982	0.479823	-4178.98
1983	0.467622	-3957.79
1984	0.463855	-3847.72
1985	0.477714	-4036.82
1986	0.472435	-3997.08
1987	0.473112	-4028.22
1988	0.467214	-3899.92
1989	0.480543	-4125.61
1990	0.473244	-4008.34
1991	0.472344	-4010.22
1992	0.469104	-3950.58
1993	0.475247	-4056.25
1994	0.470692	-4003.49
1995	0.473772	-4041.83
1996	0.468146	-3910.45
1997	0.472785	-4017.49
1998	0.470013	-3966.26
1999	0.470093	-3942.03
2000	0.473379	-4005.28
2001	0.469233	-3952.47
2002	0.470558	-3983.31
2003	0.470784	-4008.62
2004	0.469215	-3922.09
2005	0.467736	-3945.82
2006	0.467597	-3971.01
2007	0.469377	-3927
2008	0.473619	-4030.27
2009	0.47112	-4003.19
2010	0.462668	-3855.8
2011	0.471473	-4015.1
2012	0.475035	-4042.61
2013	0.465607	-3868.02
2014	0.472969	-4013.3
2015	0.462754	-3861.91
2016	0.472443	-4035.23
2017	0.464877	-3866.33
2018	0.47408	-4056.79
2019	0.470837	-4001.76
2020	0.462895	-3849.44
2021	0.472673	-4015.76
2022	0.477426	-4096.92
2023	0.471298	-3994.04
2024	0.466195	-3938.19
2025	0.472621	-3996.97
2026	0.469	-3993.95
2027	0.470374	-3990.75
2028	0.467582	-3917.55
2029	0.463734	-3887.37
2030	0.466997	-3907.33
2031	0.472264	-3981.15
2032	0.465927	-3912.83
2033	0.466761	-3909.55
2034	0.470747	-3975.52
2035	0.475525	-4087.33
2036	0.469244	-3942.31
2037	0.486772	-4263.16
2038	0.470766	-3974.51
2039	0.465118	-3925.3
2040	0.467545	-3942.21
2041	0.46676	-3936.2
2042	0.465634	-3899.98
2043	0.475201	-4032.38
2044	0.469488	-3926.47
2045	0.473555	-4034.44
2046	0.467281	-3926.78
2047	0.465284	-3905.6
2048	0.473139	-4025.63
2049	0.466029	-3947.98
2050	0.474978	-4075.77
2051	0.470041	-3995.54
2052	0.47535	-4034.34
2053	0.467901	-3939.75
2054	0.474361	-4021.18
2055	0.468909	-3955.7
2056	0.473712	-4029.01
2057	0.466651	-3915.25
2058	0.474538	-4102.77
2059	0.470056	-3992.99
2060	0.471821	-4013.04
2061	0.467309	-3899.19
2062	0.469049	-3936.92
2063	0.471357	-3984.27
2064	0.474431	-4057.07
2065	0.465508	-3925.25
2066	0.467482	-3927.82
2067	0.473326	-4009.02
2068	0.47397	-4027.92
2069	0.469594	-3972.15
2070	0.46586	-3911.76
2071	0.4689	-3991.14
2072	0.466692	-3914.44
2073	0.471851	-3975.76
2074	0.46886	-3968.36
2075	0.465098	-3897.32
2076	0.484611	-4222.45
2077	0.47279	-4013.99
2078	0.467609	-3906.96
2079	0.471306	-4004.36
2080	0.465564	-3919.2
2081	0.476974	-4119.94
2082	0.466696	-3931.88
2083	0.467355	-3954.82
2084	0.479917	-4106.18
2085	0.4623	-3820.11
2086	0.468067	-3936.83
2087	0.467427	-3932.21
2088	0.475632	-4056.97
2089	0.472096	-4020.44
2090	0.465213	-3899.96
2091	0.469386	-3971.91
2092	0.473674	-4034.89
2093	0.476317	-4034.65
2094	0.468964	-3954.57
2095	0.472374	-4019.36
2096	0.47114	-3988.15
2097	0.472018	-3988.75
2098	0.466779	-3892.04
2099	0.464813	-3872.26
2100	0.469525	-3955.05
2101	0.467763	-3941.51
2102	0.468344	-3920.21
2103	0.487142	-4191.44
2104	0.472483	-4051.45
2105	0.469952	-3959.41
2106	0.468239	-3910.38
2107	0.470864	-3969.55
2108	0.469311	-3954.93
2109	0.467651	-3942.38
2110	0.4679	-3945.25
2111	0.469207	-3952.74
2112	0.473123	-4033.97
2113	0.475526	-4039.97
2114	0.465547	-3912.73
2115	0.468882	-3960.78
2116	0.480366	-4162.63
2117	0.473229	-4022.27
2118	0.475625	-4045.68
2119	0.469691	-3955.63
2120	0.470299	-3991.82
2121	0.469851	-3953.22
2122	0.465118	-3899.16
2123	0.473741	-4044.3
2124	0.469132	-3954.17
2125	0.47326	-4029.85
2126	0.469393	-3936.66
2127	0.474717	-4048.3
2128	0.471033	-3929.75
2129	0.465668	-3902.87
2130	0.473958	-4053.77
2131	0.46615	-3903.31
2132	0.466299	-3909.46
2133	0.472474	-4006.59
2134	0.469999	-3976.89
2135	0.472742	-4018.74
2136	0.478723	-4072.05
2137	0.472167	-3996.39
2138	0.473883	-4032.33
2139	0.469047	-3956.81
2140	0.469954	-3966.1
2141	0.469207	-3933.14
2142	0.468459	-3963.13
2143	0.467269	-3913.83
2144	0.465294	-3869.65
2145	0.470876	-4012.97
2146	0.472322	-3974.6
2147	0.467306	-3921.28
2148	0.472471	-3986.23
2149	0.477797	-4033.18
2150	0.46747	-3915.44
2151	0.473121	-4020.35
2152	0.465965	-3905.99
2153	0.476165	-4087.8
2154	0.467825	-3939.5
2155	0.475577	-4087.06
2156	0.471068	-4045.99
2157	0.469899	-3976.23
2158	0.475501	-4069.75
2159	0.466197	-3891.52
2160	0.466703	-3920.65
2161	0.470399	-3979.13
2162	0.470911	-3978
2163	0.476497	-4046.58
2164	0.473926	-4035.7
2165	0.4663	-3899.93
2166	0.471135	-3999.81
2167	0.473622	-4008.88
2168	0.469005	-3943.75
2169	0.470637	-4003.22
2170	0.468259	-3947.04
2171	0.483452	-4201.16
2172	0.473067	-4018.23
2173	0.470843	-3995.1
2174	0.474361	-4065.01
2175	0.476131	-4061.02
2176	0.478198	-4117.26
2177	0.467568	-3936.85
2178	0.48819	-4248.94
2179	0.466795	-3908.16
2180	0.478083	-4084.01
2181	0.468012	-3932.29
2182	0.472196	-3998.81
2183	0.465913	-3908.79
2184	0.462737	-3853.28
2185	0.474082	-4033.3
2186	0.479637	-4156.74
2187	0.471404	-3990.91
2188	0.467369	-3939.95
2189	0.467234	-3929.5
2190	0.469884	-3942.64
2191	0.472308	-4037.14
2192	0.466028	-3911.1
2193	0.469617	-3972.66
2194	0.47835	-4125.41
2195	0.470163	-3967.73
2196	0.466411	-3907.76
2197	0.472385	-4066.52
2198	0.46615	-3936.98
2199	0.468404	-3950.67
2200	0.472857	-4008.57
2201	0.472333	-4002.25
2202	0.466232	-3926.62
2203	0.47187	-4000.17
2204	0.472134	-4005.71
2205	0.474388	-4025.72
2206	0.467218	-3913.16
2207	0.470826	-3989.3
2208	0.477369	-4118.21
2209	0.469968	-3958.6
2210	0.464813	-3887.53
2211	0.474152	-4031.37
2212	0.468206	-3949.88
2213	0.472408	-4036.48
2214	0.485565	-4245.91
2215	0.466715	-3945.25
2216	0.477087	-4096.71
2217	0.48702	-4297.64
2218	0.483843	-4212.72
2219	0.466894	-3915.96
2220	0.468367	-3953.89
2221	0.471148	-3986.21
2222	0.471204	-3980.61
2223	0.47345	-3996.05
2224	0.471855	-4008.47
2225	0.470353	-3920.01
2226	0.471213	-3955.94
2227	0.468348	-3956.66
2228	0.473004	-4023.82
2229	0.465461	-3896.6
2230	0.470625	-3980.4
2231	0.468612	-3950.57
2232	0.468717	-3969.06
2233	0.466401	-3934.14
2234	0.471374	-3986.55
2235	0.470621	-3942.9
2236	0.463288	-3882.15
2237	0.467461	-3944.77
2238	0.474339	-4082.81
2239	0.467529	-3925.72
2240	0.470558	-3984
2241	0.4685	-3955.61
2242	0.469589	-3982.67
2243	0.468923	-3953.33
2244	0.466876	-3916.95
2245	0.474387	-4036.72
2246	0.468475	-3982.58
2247	0.469561	-3941.49
2248	0.468132	-3972.78
2249	0.472861	-4025.97
2250	0.463117	-3865.86
2251	0.48197	-4191.9
2252	0.471338	-3988.11
2253	0.471025	-3944.5
2254	0.475526	-4063.78
2255	0.465764	-3865.16
2256	0.466797	-3904.8
2257	0.467954	-3910.36
2258	0.462972	-3851.7
2259	0.471579	-4030.18
2260	0.475282	-4078.39
2261	0.480482	-4209.4
2262	0.47412	-4054.27
2263	0.465457	-3864.2
2264	0.471736	-4004.14
2265	0.473477	-3997.15
2266	0.470281	-3985.26
2267	0.465902	-3892.61
2268	0.473677	-4001.11
2269	0.471506	-3986.5
2270	0.466552	-3928.46
2271	0.47532	-4076.8
2272	0.467911	-3935.71
2273	0.467875	-3942.23
2274	0.460025	-3809.74
2275	0.470157	-3968.64
2276	0.469715	-3974.11
2277	0.47152	-3983.43
2278	0.472413	-3975.84
2279	0.469823	-3949.43
2280	0.468054	-3955.79
2281	0.467051	-3925.46
2282	0.470599	-3995.08
2283	0.470891	-3978.78
2284	0.462511	-3823.02
2285	0.472143	-3976.09
2286	0.470382	-3972.23
2287	0.467865	-3948.58
2288	0.470398	-3956.24
2289	0.467975	-3944.32
2290	0.46591	-3897.13
2291	0.471713	-4028.27
2292	0.474181	-4035.27
2293	0.470362	-3983.14
2294	0.47304	-4013.54
2295	0.471984	-3998.53
2296	0.470616	-3995.9
2297	0.463014	-3858.21
2298	0.467281	-3894.14
2299	0.467209	-3916.24
2300	0.467558	-3935.22
2301	0.468001	-3930.41
2302	0.468243	-3952.47
2303	0.472656	-4006.21
2304	0.468493	-3926.78
2305	0.471827	-4001.83
2306	0.473929	-4018.5
2307	0.473414	-3995.8
2308	0.468477	-3953.62
2309	0.475474	-4092.78
2310	0.468501	-3934.38
2311	0.472158	-4007.59
2312	0.466005	-3885.15
2313	0.463782	-3864.42
2314	0.464787	-3843.9
2315	0.471316	-4001.36
2316	0.469784	-3967.34
2317	0.468196	-3920.81
2318	0.469279	-3947.24
2319	0.46719	-3931.57
2320	0.474024	-4068.47
2321	0.463213	-3854.23
2322	0.469449	-3957.08
2323	0.466043	-3915.08
2324	0.473184	-4027.75
2325	0.467782	-3925.43
2326	0.466379	-3947.83
2327	0.46972	-3948.96
2328	0.469827	-3975.55
2329	0.466586	-3902.39
2330	0.475407	-4056.44
2331	0.479634	-4126.32
2332	0.469162	-3968.15
2333	0.469329	-3957.76
2334	0.468109	-3903.27
2335	0.469652	-3976.32
2336	0.46984	-3973.77
2337	0.470102	-3959.4
2338	0.479389	-4148.25
2339	0.47752	-4086.04
2340	0.467692	-3929.13
2341	0.466821	-3913.28
2342	0.472212	-3961.96
2343	0.463245	-3877.28
2344	0.465061	-3922.31
2345	0.481643	-4153.42
2346	0.469021	-3960.81
2347	0.467918	-3936.21
2348	0.475514	-4030.12
2349	0.475075	-4090.22
2350	0.469145	-3961.51
2351	0.470497	-4008.23
2352	0.465451	-3876.78
2353	0.469094	-3951.79
2354	0.467697	-3920.91
2355	0.470432	-3977.99
2356	0.47414	-4041.45
2357	0.470988	-3995.76
2358	0.468812	-3978.49
2359	0.467298	-3917.13
2360	0.47004	-3928.82
2361	0.472573	-3992.16
2362	0.46915	-3940.11
2363	0.473731	-4019.91
2364	0.466227	-3899.9
2365	0.468108	-3953.13
2366	0.465793	-3895.52
2367	0.475352	-4034.64
2368	0.473231	-4017.54
2369	0.477958	-4083.81
2370	0.47586	-4083
2371	0.470388	-3978.73
2372	0.467897	-3915.97
2373	0.466886	-3904.89
2374	0.468688	-3988.23
2375	0.468948	-3956.25
2376	0.476983	-4120.44
2377	0.471441	-3986.96
2378	0.468494	-3949.86
2379	0.463903	-3872.04
2380	0.470989	-3974.23
2381	0.467134	-3889.7
2382	0.481301	-4170.62
2383	0.470791	-3976.38
2384	0.470693	-4007.19
2385	0.468933	-3943.83
2386	0.466238	-3905.31
2387	0.463367	-3829.98
2388	0.471194	-4022.44
2389	0.472498	-4029.48
2390	0.468869	-3967.95
2391	0.476196	-4097.07
2392	0.469741	-3925.2
2393	0.472853	-4002.95
2394	0.475314	-4004.73
2395	0.463733	-3894.68
2396	0.474671	-4054.27
2397	0.468292	-3959.85
2398	0.470858	-3969.11
2399	0.467101	-3917.03
2400	0.468769	-3950.13
2401	0.468638	-3952.99
2402	0.471299	-4000.7
2403	0.469737	-4008.94
2404	0.472999	-3961.04
2405	0.466118	-3928.3
2406	0.472087	-4005.91
2407	0.463157	-3855.9
2408	0.462553	-3844.42
2409	0.473454	-3999.58
2410	0.466536	-3909.41
2411	0.475393	-4073.76
2412	0.466096	-3918.72
2413	0.472553	-3991.16
2414	0.482624	-4170.34
2415	0.469136	-3951.4
2416	0.473497	-4032.36
2417	0.468011	-3937.38
2418	0.469265	-3977.93
2419	0.470718	-4010.57
2420	0.467076	-3889.37
2421	0.471436	-4012.72
2422	0.471573	-4019.99
2423	0.463514	-3862.86
2424	0.476228	-4093.09
2425	0.468807	-3962.57
2426	0.46643	-3923.22
2427	0.472025	-4007.99
2428	0.465603	-3900.76
2429	0.480261	-4174.42
2430	0.468546	-3923.08
2431	0.472526	-4029.52
2432	0.469685	-3969.9
2433	0.47753	-4096.98
2434	0.473434	-4002.08
2435	0.464581	-3865.28
2436	0.461933	-3834.83
2437	0.465947	-3904.12
2438	0.473591	-4042.49
2439	0.474369	-4043.87
2440	0.465995	-3922.81
2441	0.478678	-4127.38
2442	0.465339	-3886.55
2443	0.470012	-3971.18
2444	0.471029	-4009.63
2445	0.464755	-3841.23
2446	0.468761	-3970.04
2447	0.483361	-4176.05
2448	0.464104	-3853.24
2449	0.466697	-3927.23
2450	0.463602	-3867.17
2451	0.466996	-3904.22
2452	0.468172	-3963.14
2453	0.468578	-3936.65
2454	0.48169	-4174.42
2455	0.471276	-3987.74
2456	0.466957	-3922.23
2457	0.468039	-3934.68
2458	0.469427	-3962.39
2459	0.474582	-4061.66
2460	0.469623	-3981.67
2461	0.469644	-3979.32
2462	0.468663	-3932.82
2463	0.46417	-3858.59
2464	0.472469	-4009.79
2465	0.467356	-3952.8
2466	0.461555	-3831.07
2467	0.465701	-3903.83
2468	0.466341	-3900.87
2469	0.468685	-3956.29
2470	0.469959	-3998.17
2471	0.47367	-4045.49
2472	0.495986	-4345.27
2473	0.468742	-3943.65
2474	0.469547	-3976.8
2475	0.473175	-4040.34
2476	0.46522	-3893.81
2477	0.485871	-4269.71
2478	0.468303	-3941.16
2479	0.47543	-4059.32
2480	0.474493	-4030.59
2481	0.474572	-4015.21
2482	0.47375	-4006.88
2483	0.472973	-4049.99
2484	0.466387	-3900.27
2485	0.471169	-3998.52
2486	0.470606	-3976.45
2487	0.468973	-3946.73
2488	0.466533	-3879.26
2489	0.467606	-3960.49
2490	0.467332	-3927.4
2491	0.468358	-3931.28
2492	0.468172	-3957.01
2493	0.470004	-3958.87
2494	0.46367	-3842.55
2495	0.466909	-3953.4
2496	0.470035	-3967.42
2497	0.468759	-3956.5
2498	0.465599	-3902.35
2499	0.472259	-4019.98
2500	0.47226	-4012.04
2501	0.468896	-3948.69
2502	0.470639	-3969.36
2503	0.469045	-3950.35
2504	0.473581	-4022.2
2505	0.466781	-3902.38
2506	0.469978	-3987.89
2507	0.464935	-3882.03
2508	0.465797	-3881.88
2509	0.469224	-3932.27
2510	0.470998	-3976.52
2511	0.47141	-3976.15
2512	0.468686	-3934.9
2513	0.469368	-3938.3
2514	0.468129	-3931.57
2515	0.471002	-3963.79
2516	0.477666	-4101.41
2517	0.463593	-3868.25
2518	0.471402	-3985.86
2519	0.472583	-4027.15
2520	0.464944	-3884.25
2521	0.468415	-3944.41
2522	0.474857	-4047.63
2523	0.47271	-3971.78
2524	0.484699	-4226.56
2525	0.466882	-3927.48
2526	0.475575	-4083.38
2527	0.472861	-4010.46
2528	0.469875	-3969.56
2529	0.470567	-3990.62
2530	0.466854	-3935.54
2531	0.473106	-4021.23
2532	0.468059	-3932.31
2533	0.467479	-3919.92
2534	0.466059	-3912.8
2535	0.480427	-4162.09
2536	0.47056	-3972.28
2537	0.473845	-4036.73
2538	0.474573	-4060.2
2539	0.463537	-3882.09
2540	0.468815	-3968.76
2541	0.470426	-3986.83
2542	0.473133	-4039.28
2543	0.473566	-4031.25
2544	0.475151	-4014.89
2545	0.470037	-3987.25
2546	0.471873	-4027.85
2547	0.471104	-3977.28
2548	0.471347	-3989.86
2549	0.475173	-4075.94
2550	0.473985	-4063.68
2551	0.466608	-3922.9
2552	0.465697	-3909.39
2553	0.470612	-3964.37
2554	0.468969	-3944.73
2555	0.471858	-4024.21
2556	0.472275	-4021.34
2557	0.474769	-4039.86
2558	0.465766	-3898.05
2559	0.470417	-3969.15
2560	0.467032	-3939.45
2561	0.470884	-3956.22
2562	0.471245	-3990.71
2563	0.464688	-3870.47
2564	0.470352	-3992.29
2565	0.472685	-3994.15
2566	0.466685	-3918.6
2567	0.471876	-4025.03
2568	0.472772	-3986.59
2569	0.48459	-4235.36
2570	0.47946	-4160.95
2571	0.465802	-3938.77
2572	0.471805	-4018.49
2573	0.466821	-3911.69
2574	0.469619	-3977.64
2575	0.471815	-4011.19
2576	0.469538	-3968.34
2577	0.470113	-3957.79
2578	0.472942	-4054.82
2579	0.466835	-3926.65
2580	0.481842	-4157.98
2581	0.468723	-3938.76
2582	0.479136	-4147.81
2583	0.467742	-3921.82
2584	0.466002	-3911.13
2585	0.474852	-4053.55
2586	0.467742	-3948.78
2587	0.466897	-3920.22
2588	0.471244	-3981.08
2589	0.47424	-4032.81
2590	0.471004	-3982.35
2591	0.475358	-4027.64
2592	0.465633	-3883.07
2593	0.464466	-3878.65
2594	0.470731	-3982.46
2595	0.469655	-3938.86
2596	0.470962	-3979.96
2597	0.470274	-3976.39
2598	0.478394	-4141.49
2599	0.469147	-3960.89
2600	0.470667	-3967.52
2601	0.465671	-3902.35
2602	0.473522	-4055.87
2603	0.471841	-3986.28
2604	0.463209	-3854.78
2605	0.461812	-3818.51
2606	0.475353	-4083.72
2607	0.469505	-3978.42
2608	0.468755	-3959.91
2609	0.472697	-4035.36
2610	0.473682	-3987.69
2611	0.470823	-3987.13
2612	0.476592	-4098.41
2613	0.473484	-4025.71
2614	0.463227	-3844.81
2615	0.465573	-3910.09
2616	0.471925	-4014.43
2617	0.47227	-4032.17
2618	0.468459	-3947.45
2619	0.471579	-3985.93
2620	0.470882	-3970.85
2621	0.469608	-3994.68
2622	0.469192	-3974.08
2623	0.473566	-4024.18
2624	0.472959	-4018.89
2625	0.472808	-4001.25
2626	0.471128	-3994.34
2627	0.470061	-3966.13
2628	0.46825	-3960.09
2629	0.472101	-4014.41
2630	0.471329	-3961.27
2631	0.471357	-3976.62
2632	0.469469	-3962.65
2633	0.471242	-3983.95
2634	0.468946	-3973.73
2635	0.46799	-3948.58
2636	0.467798	-3920.92
2637	0.471695	-4027.78
2638	0.467121	-3921.63
2639	0.470633	-3959.27
2640	0.476349	-4066.85
2641	0.464254	-3823.5
2642	0.467689	-3929.29
2643	0.472271	-4020.88
2644	0.467562	-3934.68
2645	0.466744	-3910.3
2646	0.47115	-3997.84
2647	0.473889	-4017.14
2648	0.468738	-3950.24
2649	0.469675	-3939.61
2650	0.464638	-3904.47
2651	0.46835	-3921.28
2652	0.470071	-3978.45
2653	0.47609	-4058.37
2654	0.466854	-3910.48
2655	0.471281	-4010.48
2656	0.463706	-3854.37
2657	0.46811	-3940.4
2658	0.468176	-3957.25
2659	0.466546	-3896.9
2660	0.469187	-3964.09
2661	0.475471	-4054.68
2662	0.463148	-3879.36
2663	0.465242	-3895.09
2664	0.476193	-4122.51
2665	0.468868	-3978.61
2666	0.487299	-4236.33
2667	0.46688	-3894.31
2668	0.467594	-3930.5
2669	0.472871	-4044.48
2670	0.472347	-4004.44
2671	0.473014	-3995.84
2672	0.469418	-3953.95
2673	0.466063	-3907.48
2674	0.472717	-4003.68
2675	0.465239	-3894.87
2676	0.468389	-3963.06
2677	0.469054	-3996.15
2678	0.466774	-3908.78
2679	0.473031	-4026.43
2680	0.468707	-3958.19
2681	0.47475	-4037.03
2682	0.462359	-3836.24
2683	0.467502	-3932.03
2684	0.468352	-3922.83
2685	0.469298	-3936.23
2686	0.471607	-4000.06
2687	0.472229	-4010.42
2688	0.468035	-3938.58
2689	0.477497	-4098.54
2690	0.472542	-4020.56
2691	0.47348	-4024.73
2692	0.470786	-3983.36
2693	0.473433	-4023.58
2694	0.469669	-3964.15
2695	0.466838	-3940.76
2696	0.461218	-3809.56
2697	0.474241	-4064.56
2698	0.474191	-4034.01
2699	0.472395	-4034.13
2700	0.461135	-3790.72
2701	0.47537	-4050.36
2702	0.465119	-3916.58
2703	0.469422	-3969.09
2704	0.476672	-4087.03
2705	0.464832	-3879.09
2706	0.472382	-4007.72
2707	0.466968	-3937.16
2708	0.471077	-3987.04
2709	0.474491	-4027.32
2710	0.468121	-3953.68
2711	0.471663	-3990.25
2712	0.477666	-4151.15
2713	0.462929	-3826.07
2714	0.465401	-3884.69
2715	0.463306	-3863.85
2716	0.473397	-4021.58
2717	0.465679	-3881.51
2718	0.46509	-3886.82
2719	0.469464	-3993.06
2720	0.477118	-4140.14
2721	0.468668	-3957.47
2722	0.469197	-3942.99
2723	0.476891	-4114.08
2724	0.466291	-3891.49
2725	0.476711	-4090.15
2726	0.479197	-4106.57
2727	0.473796	-4051.35
2728	0.470042	-3989.45
2729	0.473117	-4017.37
2730	0.472662	-4015.45
2731	0.471432	-3980.02
2732	0.464577	-3852.3
2733	0.472333	-4026.36
2734	0.468087	-3954.7
2735	0.470365	-3955.23
2736	0.470441	-3940.83
2737	0.472231	-4029.61
2738	0.472082	-4000.75
2739	0.467161	-3947.43
2740	0.466198	-3913.15
2741	0.468764	-3952.86
2742	0.470168	-3966.41
2743	0.466098	-3893.98
2744	0.467997	-3962.37
2745	0.470489	-3985.95
2746	0.480101	-4133.5
2747	0.467224	-3933.56
2748	0.468126	-3944.62
2749	0.46754	-3918.76
2750	0.472055	-3997.47
2751	0.467195	-3913.58
2752	0.470706	-4006.03
2753	0.478245	-4105.61
2754	0.477603	-4122.83
2755	0.465905	-3898.84
2756	0.471281	-3993.15
2757	0.469305	-3981.76
2758	0.464075	-3870.29
2759	0.475011	-4065.33
2760	0.463147	-3849.97
2761	0.467217	-3896.94
2762	0.463699	-3872.67
2763	0.467944	-3927.87
2764	0.470184	-3974.06
2765	0.465606	-3879.62
2766	0.478484	-4127.97
2767	0.479184	-4085.41
2768	0.468272	-3958.42
2769	0.468555	-3926.27
2770	0.471015	-4000.35
2771	0.465787	-3920.5
2772	0.467763	-3915.45
2773	0.472718	-4022.57
2774	0.470318	-4015.84
2775	0.470468	-4001.95
2776	0.472681	-4004.46
2777	0.478742	-4118.14
2778	0.474088	-4038.07
2779	0.47347	-3974.02
2780	0.475939	-4083.77
2781	0.47773	-4078.73
2782	0.465417	-3905.98
2783	0.472227	-4014.22
2784	0.466557	-3910.52
2785	0.465042	-3889.62
2786	0.472163	-3972.84
2787	0.468107	-3925.67
2788	0.473574	-4030.5
2789	0.470743	-3969.95
2790	0.469111	-3952.53
2791	0.466722	-3928.76
2792	0.470276	-3972.86
2793	0.469837	-3976.79
2794	0.46801	-3951.56
2795	0.474265	-4058.41
2796	0.465965	-3906.68
2797	0.467825	-3924.29
2798	0.471054	-3989.17
2799	0.469686	-3938.56
2800	0.478658	-4115.49
2801	0.465483	-3910.49
2802	0.468367	-3949.43
2803	0.472764	-4016.8
2804	0.466113	-3926.76
2805	0.474662	-4081.73
2806	0.469002	-3938.87
2807	0.477404	-4098.89
2808	0.470685	-4013.51
2809	0.480458	-4142.34
2810	0.473757	-4003.84
2811	0.47312	-4060.06
2812	0.463215	-3850.38
2813	0.468242	-3976.86
2814	0.464464	-3867.11
2815	0.466303	-3892.26
2816	0.463945	-3865.75
2817	0.465988	-3922.17
2818	0.466305	-3891.64
2819	0.465257	-3904.39
2820	0.47115	-3965.11
2821	0.465831	-3888.31
2822	0.468891	-3963.82
2823	0.467436	-3916.92
2824	0.471082	-3953.31
2825	0.471496	-4004.43
2826	0.470276	-3996.9
2827	0.489703	-4242.9
2828	0.472453	-4014.5
2829	0.467431	-3925.88
2830	0.465586	-3886.61
2831	0.474131	-4032.9
2832	0.470471	-3973.34
2833	0.46946	-3960.53
2834	0.474391	-4033.7
2835	0.465517	-3895.5
2836	0.469795	-3964.4
2837	0.473844	-4020.55
2838	0.468069	-3961.53
2839	0.478871	-4112.64
2840	0.471438	-4004.11
2841	0.472404	-4020.14
2842	0.473012	-4000.26
2843	0.468533	-3971.38
2844	0.469599	-3985.56
2845	0.476549	-4100.25
2846	0.465215	-3918.9
2847	0.468908	-3949.43
2848	0.466844	-3917.32
2849	0.471663	-4007.69
2850	0.471811	-3979.81
2851	0.46623	-3928.93
2852	0.47028	-3969.73
2853	0.469787	-3958.86
2854	0.46128	-3809.22
2855	0.47016	-3981.45
2856	0.468474	-3940.9
2857	0.471798	-4028.34
2858	0.466686	-3931.88
2859	0.474553	-4070.59
2860	0.482223	-4178.97
2861	0.473961	-4012.82
2862	0.467346	-3931.04
2863	0.469088	-3952.01
2864	0.467698	-3952.69
2865	0.466266	-3912
2866	0.470812	-3978.81
2867	0.469513	-3965.46
2868	0.47311	-4012.37
2869	0.476089	-4071.71
2870	0.464756	-3847
2871	0.472509	-3991.33
2872	0.47622	-4073.41
2873	0.470863	-3973.96
2874	0.469967	-3963.4
2875	0.468745	-3965.82
2876	0.461873	-3845.04
2877	0.470224	-3995.66
2878	0.467306	-3914.78
2879	0.471458	-3997.68
2880	0.470815	-4001.04
2881	0.476581	-4105.79
2882	0.471512	-4030.19
2883	0.47273	-3994.56
2884	0.468247	-3939.65
2885	0.468813	-3973.78
2886	0.475224	-4058.54
2887	0.467084	-3916.51
2888	0.469863	-3968.51
2889	0.468192	-3935.44
2890	0.472401	-4006.49
2891	0.473234	-4056.55
2892	0.486409	-4276.75
2893	0.471194	-3982.92
2894	0.46305	-3867.46
2895	0.473191	-4018.84
2896	0.471159	-4001.79
2897	0.470509	-3988.42
2898	0.466062	-3902.75
2899	0.465475	-3868.07
2900	0.468107	-3930.58
2901	0.471043	-3985.85
2902	0.467608	-3892.49
2903	0.467725	-3971.84
2904	0.465193	-3900.85
2905	0.471805	-3972.58
2906	0.462607	-3876.6
2907	0.470122	-3973.12
2908	0.46531	-3889.31
2909	0.468493	-3967.55
2910	0.47595	-4070.46
2911	0.465481	-3933.65
2912	0.469148	-3978.27
2913	0.4721	-4037.54
2914	0.468695	-3946.47
2915	0.465864	-3896.14
2916	0.473392	-4058.56
2917	0.460701	-3801
2918	0.476749	-4130.38
2919	0.470482	-3980.2
2920	0.472595	-3997.71
2921	0.465054	-3877.85
2922	0.470875	-3959.67
2923	0.470833	-3980.85
2924	0.471975	-3978.36
2925	0.468109	-3941.99
2926	0.472217	-3996.18
2927	0.468758	-3956.67
2928	0.472664	-4027.55
2929	0.473544	-4046.02
2930	0.468037	-3932.17
2931	0.470254	-3961.69
2932	0.471411	-4005.94
2933	0.480681	-4165.95
2934	0.468281	-3939.2
2935	0.475498	-4094.78
2936	0.47063	-3994.97
2937	0.473133	-4033.31
2938	0.471619	-3988.99
2939	0.473997	-4069.28
2940	0.467629	-3930.08
2941	0.470014	-3941.05
2942	0.463334	-3847.23
2943	0.470394	-3996.69
2944	0.471343	-3972.82
2945	0.469893	-3974.56
2946	0.475478	-4043.67
2947	0.471909	-4024.73
2948	0.473722	-4043.06
2949	0.467683	-3951.45
2950	0.469291	-3981.21
2951	0.462831	-3865.65
2952	0.469018	-3943.32
2953	0.470552	-3967.39
2954	0.479566	-4158.42
2955	0.466149	-3907.68
2956	0.467252	-3952.53
2957	0.4652	-3872.64
2958	0.475015	-4043.75
2959	0.469555	-3975.57
2960	0.467229	-3916.85
2961	0.470126	-3953.81
2962	0.475423	-4058.23
2963	0.467646	-3935.94
2964	0.468318	-3941.39
2965	0.465493	-3894.62
2966	0.474871	-4025.72
2967	0.466621	-3910.36
2968	0.47555	-4069.25
2969	0.472331	-4014.68
2970	0.465664	-3892.91
2971	0.471369	-3966.97
2972	0.470108	-3973.82
2973	0.484911	-4251.07
2974	0.46592	-3884.41
2975	0.472025	-3991.96
2976	0.476083	-4065.81
2977	0.472237	-4008.83
2978	0.486924	-4229.23
2979	0.472952	-4034.87
2980	0.480261	-4185.35
2981	0.472414	-3993.66
2982	0.470128	-3935.65
2983	0.468055	-3953.45
2984	0.472266	-3989.55
2985	0.470082	-3980.31
2986	0.469839	-3973.56
2987	0.471276	-3999.21
2988	0.470245	-3939.66
2989	0.47551	-4103.15
2990	0.468269	-3940.27
2991	0.478386	-4088.86
2992	0.4722	-4009.35
2993	0.475508	-4070.43
2994	0.476995	-4133.86
2995	0.465708	-3872.67
2996	0.47065	-4012.94
2997	0.476607	-4080.74
2998	0.464832	-3902.85
2999	0.471333	-3993.15
