0	0.395794	-2787.22
1	0.462499	-3840.36
2	0.464393	-3880.93
3	0.457709	-3747.97
4	0.470103	-3935.54
5	0.461253	-3817.62
6	0.465842	-3911.59
7	0.46208	-3838.18
8	0.462324	-3864.52
9	0.458338	-3760.59
10	0.464135	-3871.11
11	0.464813	-3868.41
12	0.468118	-3989.3
13	0.460145	-3808.65
14	0.462664	-3851.01
15	0.461999	-3829.16
16	0.460111	-3789.47
17	0.46494	-3879.34
18	0.466832	-3930.74
19	0.463594	-3844.23
20	0.460595	-3829.72
21	0.46095	-3817.21
22	0.46302	-3890.74
23	0.461261	-3850.5
24	0.456418	-3741.17
25	0.467833	-3927.08
26	0.465709	-3898.71
27	0.461405	-3818.14
28	0.461343	-3821.91
29	0.457834	-3767.48
30	0.461992	-3856.26
31	0.464625	-3903.82
32	0.466192	-3920.59
33	0.455837	-3730.13
34	0.471073	-3955.48
35	0.464153	-3887.75
36	0.458984	-3773.07
37	0.474654	-4038.68
38	0.467275	-3945.32
39	0.459647	-3798.69
40	0.462297	-3843.21
41	0.45729	-3762.69
42	0.465485	-3900.22
43	0.462773	-3862.64
44	0.465701	-3922.26
45	0.459938	-3811.07
46	0.462874	-3833.3
47	0.465393	-3906.25
48	0.462386	-3832.98
49	0.462786	-3861.66
50	0.458617	-3770.94
51	0.466705	-3910.75
52	0.461934	-3868.37
53	0.464041	-3924.38
54	0.461688	-3827.29
55	0.4592	-3784.37
56	0.462502	-3872.47
57	0.463124	-3807.36
58	0.458161	-3778.84
59	0.461939	-3827.77
60	0.465015	-3873.71
61	0.459258	-3791.72
62	0.459446	-3764.64
63	0.458162	-3782.29
64	0.458407	-3755.88
65	0.458299	-3791.57
66	0.461387	-3861.94
67	0.460941	-3806.14
68	0.454537	-3686.93
69	0.461762	-3812.87
70	0.464442	-3866.29
71	0.463133	-3853.77
72	0.461286	-3839.82
73	0.462996	-3822.59
74	0.454712	-3716.88
75	0.455639	-3742.88
76	0.454255	-3707.26
77	0.466954	-3891.6
78	0.459502	-3827.34
79	0.459402	-3791.14
80	0.461958	-3822.25
81	0.462009	-3840.56
82	0.461753	-3842.44
83	0.462156	-3833.87
84	0.469905	-3955.05
85	0.469309	-3943.02
86	0.462307	-3808.05
87	0.462428	-3845.3
88	0.456906	-3765.85
89	0.464082	-3937.76
90	0.463096	-3847.14
91	0.462194	-3860.26
92	0.471887	-4043.61
93	0.462792	-3851.36
94	0.475348	-4091.52
95	0.4629	-3885.03
96	0.461043	-3839.96
97	0.464834	-3893.91
98	0.47493	-4052.34
99	0.46595	-3924.89
100	0.461322	-3841.35
101	0.463635	-3855.32
102	0.466711	-3911.14
103	0.465315	-3917.84
104	0.459854	-3814.4
105	0.460744	-3818.48
106	0.462793	-3857.37
107	0.465103	-3877.02
108	0.46078	-3799.83
109	0.460733	-3816.9
110	0.466507	-3892.29
111	0.457896	-3768.24
112	0.464786	-3874.89
113	0.458444	-3755.62
114	0.455683	-3720.54
115	0.464441	-3874.38
116	0.465932	-3923.2
117	0.462643	-3869.37
118	0.462378	-3852.28
119	0.467203	-3921.77
120	0.456191	-3708.31
121	0.461119	-3807.26
122	0.466313	-3916.62
123	0.463404	-3797.09
124	0.465611	-3924.45
125	0.461317	-3837.81
126	0.459116	-3767.85
127	0.460841	-3820.17
128	0.462238	-3836.82
129	0.462426	-3832.6
130	0.465037	-3880.04
131	0.46119	-3817.1
132	0.458297	-3792.79
133	0.459928	-3830.3
134	0.460196	-3818.35
135	0.460729	-3834.82
136	0.463546	-3842.51
137	0.474729	-4045.58
138	0.466303	-3883.96
139	0.468979	-3976.19
140	0.460937	-3786.5
141	0.458941	-3814.76
142	0.459947	-3803.22
143	0.463273	-3850.55
144	0.468947	-3952.1
145	0.463639	-3854.01
146	0.464151	-3842.23
147	0.456264	-3753.07
148	0.458215	-3780.18
149	0.463912	-3868.35
150	0.461376	-3815.42
151	0.45769	-3728.91
152	0.464226	-3869.03
153	0.465407	-3912.34
154	0.458053	-3784.72
155	0.462195	-3839.93
156	0.457478	-3766.18
157	0.459164	-3782.02
158	0.464176	-3881.36
159	0.456763	-3746.11
160	0.461058	-3805.47
161	0.475987	-4058.6
162	0.460334	-3829.63
163	0.460832	-3857.69
164	0.464086	-3867.96
165	0.459443	-3803.38
166	0.458565	-3787.94
167	0.455844	-3756.07
168	0.462543	-3819.08
169	0.464237	-3844.4
170	0.467696	-3898.39
171	0.461725	-3852.95
172	0.470411	-3985.49
173	0.462982	-3809.96
174	0.45396	-3688.92
175	0.458052	-3770.6
176	0.462241	-3870.48
177	0.45784	-3728.14
178	0.46468	-3904.74
179	0.462319	-3858.08
180	0.462945	-3871.19
181	0.460201	-3816.91
182	0.461659	-3843.76
183	0.458891	-3801.98
184	0.456959	-3768.52
185	0.46759	-3924.95
186	0.460562	-3812.65
187	0.463376	-3844.98
188	0.463101	-3853.27
189	0.468608	-3912.61
190	0.468537	-3962.89
191	0.464056	-3902.37
192	0.467641	-3939.05
193	0.462275	-3852.87
194	0.460983	-3817.82
195	0.45951	-3769.04
196	0.4649	-3895.57
197	0.464072	-3868.68
198	0.459719	-3776.27
199	0.458016	-3785.75
200	0.46205	-3820.24
201	0.464675	-3879.63
202	0.474858	-4008.85
203	0.459071	-3805.2
204	0.457647	-3750.85
205	0.462792	-3846.95
206	0.461944	-3831.94
207	0.461461	-3830.35
208	0.459714	-3821.49
209	0.469577	-3994.74
210	0.462511	-3841.97
211	0.458912	-3787.99
212	0.461052	-3818.07
213	0.459787	-3813.17
214	0.459725	-3773.91
215	0.467231	-3937.3
216	0.458545	-3779.62
217	0.464915	-3903.97
218	0.461934	-3862.6
219	0.462219	-3851.26
220	0.471504	-3985.05
221	0.461626	-3819
222	0.463889	-3877.22
223	0.464183	-3865.69
224	0.461449	-3842.77
225	0.466366	-3915.41
226	0.458887	-3772.39
227	0.459704	-3804.72
228	0.461749	-3857.76
229	0.46679	-3905.54
230	0.464192	-3874.21
231	0.460499	-3804.37
232	0.458025	-3760.36
233	0.466208	-3915.58
234	0.459938	-3768.88
235	0.462677	-3854.62
236	0.466507	-3897.44
237	0.46728	-3954.94
238	0.463768	-3860.56
239	0.462229	-3852.4
240	0.459178	-3785.29
241	0.458155	-3791.4
242	0.464209	-3847.89
243	0.45822	-3750.02
244	0.453503	-3679.36
245	0.466472	-3913.02
246	0.464109	-3864.65
247	0.46549	-3910.42
248	0.452347	-3665.15
249	0.465307	-3882.15
250	0.461405	-3828.85
251	0.472484	-4023.38
252	0.463276	-3846.08
253	0.461812	-3900.81
254	0.46808	-3953.59
255	0.468052	-3927.01
256	0.462987	-3861.97
257	0.460386	-3792.59
258	0.463173	-3863.89
259	0.479475	-4104.1
260	0.463658	-3857.42
261	0.462556	-3843.58
262	0.456914	-3739.49
263	0.463183	-3856.67
264	0.454827	-3730.3
265	0.459017	-3798.13
266	0.466177	-3928.75
267	0.463776	-3855.77
268	0.459628	-3821.87
269	0.461502	-3819.88
270	0.470586	-3965.39
271	0.461334	-3834.51
272	0.465352	-3857.66
273	0.463156	-3836.64
274	0.464107	-3862.88
275	0.461243	-3817.68
276	0.457749	-3740.8
277	0.461911	-3830.43
278	0.461139	-3824.1
279	0.45535	-3728.25
280	0.466202	-3873.4
281	0.467412	-3942.46
282	0.460573	-3821.61
283	0.462457	-3845.08
284	0.469117	-3941.71
285	0.462537	-3850.35
286	0.458448	-3792.04
287	0.460902	-3819.97
288	0.464075	-3914.7
289	0.456438	-3729.33
290	0.464734	-3883.81
291	0.460404	-3818.48
292	0.466671	-3917.63
293	0.456995	-3760.86
294	0.461641	-3830.44
295	0.460677	-3826.47
296	0.460738	-3840.76
297	0.460381	-3804.06
298	0.465232	-3855.8
299	0.463345	-3842.55
300	0.460059	-3795.16
301	0.468142	-3910.87
302	0.462673	-3837.15
303	0.461823	-3809.78
304	0.462373	-3855.33
305	0.45755	-3732.45
306	0.461452	-3842.36
307	0.459138	-3769.98
308	0.464484	-3882.73
309	0.464263	-3875.49
310	0.461318	-3814.68
311	0.457325	-3767.52
312	0.458286	-3822.75
313	0.467943	-3936.84
314	0.463302	-3859.23
315	0.461508	-3801.7
316	0.458845	-3793
317	0.462057	-3826.52
318	0.456825	-3782.4
319	0.460509	-3808.97
320	0.460908	-3774.21
321	0.461142	-3801.01
322	0.467552	-3959.38
323	0.458344	-3768.12
324	0.463393	-3853.93
325	0.465097	-3906.53
326	0.460786	-3839.49
327	0.464595	-3879.42
328	0.455931	-3721.02
329	0.467334	-3895.3
330	0.468126	-3964.9
331	0.459601	-3832.63
332	0.457393	-3760.23
333	0.456187	-3783.53
334	0.461463	-3769.71
335	0.469238	-3969.4
336	0.460078	-3820.29
337	0.460474	-3816.56
338	0.452984	-3713.57
339	0.457956	-3774.71
340	0.464069	-3869.55
341	0.463882	-3879.97
342	0.45893	-3783.07
343	0.473776	-4004.93
344	0.460677	-3820.93
345	0.459181	-3778
346	0.4682	-3903.08
347	0.462916	-3842.81
348	0.459916	-3813.5
349	0.464223	-3887.98
350	0.462659	-3846.67
351	0.473572	-4063.63
352	0.462211	-3825.27
353	0.461972	-3866.7
354	0.460374	-3806.58
355	0.463066	-3862.47
356	0.464751	-3891.01
357	0.468184	-3939.83
358	0.46519	-3913.73
359	0.464532	-3839.69
360	0.46147	-3825.9
361	0.45604	-3729.87
362	0.465597	-3887.31
363	0.471054	-4013.41
364	0.46075	-3824.9
365	0.463455	-3872.27
366	0.46632	-3884.28
367	0.454143	-3712.52
368	0.457792	-3790.16
369	0.461177	-3802.47
370	0.458979	-3770.72
371	0.463049	-3842.83
372	0.466415	-3915.76
373	0.452764	-3662.33
374	0.456876	-3778.22
375	0.46532	-3890.2
376	0.466418	-3920.85
377	0.465831	-3870.3
378	0.462065	-3799.05
379	0.466497	-3935.76
380	0.465723	-3891.04
381	0.466602	-3889.89
382	0.467149	-3881.91
383	0.46992	-3998.29
384	0.4576	-3751.19
385	0.459857	-3809.11
386	0.452824	-3665.09
387	0.458308	-3761.07
388	0.457187	-3785.12
389	0.45811	-3737.32
390	0.460611	-3800.75
391	0.463821	-3865.43
392	0.460431	-3797.31
393	0.454043	-3722.17
394	0.4646	-3881.74
395	0.465082	-3890.92
396	0.465504	-3913.12
397	0.458913	-3760.82
398	0.455171	-3745.07
399	0.468243	-3949.62
400	0.455461	-3727.77
401	0.45709	-3741.87
402	0.465799	-3916.25
403	0.465939	-3864.57
404	0.462705	-3826.54
405	0.459877	-3806.53
406	0.462963	-3857.17
407	0.472912	-4014.59
408	0.461981	-3829.95
409	0.462101	-3850.73
410	0.465815	-3913.53
411	0.464649	-3856.74
412	0.462234	-3814.84
413	0.465506	-3910.18
414	0.457539	-3790.84
415	0.459328	-3818.13
416	0.463278	-3860.3
417	0.467353	-3942.11
418	0.455496	-3701.4
419	0.46157	-3811.02
420	0.469956	-3954.25
421	0.460534	-3808.48
422	0.467084	-3903.8
423	0.464158	-3873.86
424	0.454113	-3705.48
425	0.458337	-3757.88
426	0.465757	-3915.26
427	0.455637	-3771.19
428	0.46663	-3900.02
429	0.467748	-3979.57
430	0.466533	-3933.38
431	0.460688	-3842.14
432	0.460184	-3814.81
433	0.463597	-3847.19
434	0.473901	-4056.31
435	0.458202	-3769.99
436	0.45822	-3805
437	0.46395	-3848.65
438	0.459289	-3787.07
439	0.462576	-3854.18
440	0.462203	-3849.69
441	0.463421	-3880.11
442	0.463311	-3846.72
443	0.46411	-3871.95
444	0.461417	-3840.8
445	0.467182	-3948.19
446	0.457226	-3732.4
447	0.459276	-3780.17
448	0.461285	-3823.66
449	0.465902	-3903.17
450	0.460122	-3778.38
451	0.464544	-3888.33
452	0.473963	-4032.42
453	0.459218	-3802.09
454	0.466862	-3956.9
455	0.460692	-3831.05
456	0.460023	-3804.34
457	0.459045	-3769.08
458	0.458823	-3777.71
459	0.462411	-3838.67
460	0.457816	-3779.99
461	0.464423	-3867.94
462	0.462341	-3844.07
463	0.460992	-3807.58
464	0.463263	-3867.51
465	0.462506	-3857.4
466	0.461132	-3820.09
467	0.45793	-3766.73
468	0.463455	-3862.33
469	0.463517	-3877.9
470	0.460018	-3782.23
471	0.457688	-3734.67
472	0.457888	-3757.86
473	0.461212	-3816.29
474	0.459746	-3786.21
475	0.456508	-3734.97
476	0.459981	-3784.05
477	0.464297	-3874.8
478	0.462617	-3847.07
479	0.462039	-3851.96
480	0.462234	-3824.08
481	0.45586	-3736.08
482	0.455946	-3752.56
483	0.455366	-3742.52
484	0.457727	-3767.48
485	0.468422	-3963.61
486	0.459335	-3800.73
487	0.465695	-3884.79
488	0.457261	-3744.54
489	0.459115	-3774.31
490	0.464862	-3887.14
491	0.461378	-3819.61
492	0.460577	-3819.94
493	0.463305	-3842
494	0.456266	-3766.43
495	0.466733	-3899.64
496	0.475126	-4043.47
497	0.46281	-3848.23
498	0.464119	-3891.9
499	0.461509	-3833.42
500	0.459143	-3793.31
501	0.462131	-3858.96
502	0.464518	-3867.52
503	0.464675	-3871.36
504	0.455931	-3735.24
505	0.461845	-3822.67
506	0.462329	-3840.65
507	0.46764	-3913.2
508	0.465617	-3907.51
509	0.458555	-3773.33
510	0.468382	-3929.37
511	0.467448	-3954.4
512	0.475049	-4067.47
513	0.456549	-3741.61
514	0.46125	-3822.83
515	0.461268	-3820.05
516	0.462315	-3846.26
517	0.4632	-3871.36
518	0.455049	-3715.91
519	0.459987	-3807.93
520	0.464072	-3855.08
521	0.462347	-3829.81
522	0.465418	-3886.58
523	0.462009	-3843.3
524	0.459226	-3788.86
525	0.46432	-3895.82
526	0.473575	-4025.38
527	0.464319	-3900.26
528	0.465439	-3910.42
529	0.46088	-3802.57
530	0.46141	-3816.09
531	0.458176	-3793.89
532	0.477912	-4156.93
533	0.464977	-3869.94
534	0.461846	-3816.42
535	0.457501	-3760.26
536	0.455229	-3725.64
537	0.461104	-3825.31
538	0.463504	-3871.64
539	0.47502	-4054.04
540	0.461308	-3828
541	0.457346	-3771.01
542	0.460777	-3823.55
543	0.463492	-3843.41
544	0.464871	-3897.62
545	0.461084	-3819.17
546	0.458222	-3757.86
547	0.455618	-3747.98
548	0.463973	-3874.57
549	0.46002	-3837.75
550	0.46545	-3897.97
551	0.458384	-3777.76
552	0.463652	-3858.71
553	0.468368	-3935.02
554	0.456944	-3744.19
555	0.457074	-3775.47
556	0.461328	-3804.53
557	0.458457	-3746.19
558	0.464298	-3884.75
559	0.466698	-3904.93
560	0.464064	-3864.32
561	0.456662	-3745.34
562	0.458698	-3767.66
563	0.461574	-3854.38
564	0.457105	-3751.28
565	0.463997	-3859.22
566	0.458713	-3748.13
567	0.460007	-3806.61
568	0.455906	-3753.86
569	0.463157	-3826.78
570	0.463404	-3835.07
571	0.460466	-3803.7
572	0.459275	-3772.72
573	0.463775	-3863.14
574	0.469216	-3947.73
575	0.462128	-3820.58
576	0.457289	-3756.13
577	0.463713	-3848.18
578	0.469625	-3995.86
579	0.459867	-3818.92
580	0.466083	-3885.42
581	0.457708	-3780.96
582	0.463285	-3820.04
583	0.465044	-3943.48
584	0.461458	-3824.66
585	0.453624	-3715.43
586	0.457132	-3782.51
587	0.459623	-3774.14
588	0.468507	-3963.39
589	0.460691	-3836.82
590	0.458311	-3774.18
591	0.463655	-3882.87
592	0.463842	-3848.63
593	0.466649	-3921.05
594	0.468595	-3927.12
595	0.460519	-3822.96
596	0.466924	-3894.81
597	0.464825	-3867.32
598	0.459829	-3796.81
599	0.457444	-3760.59
600	0.45521	-3711.02
601	0.459158	-3757.29
602	0.462133	-3844.11
603	0.459702	-3818.65
604	0.467116	-3929.87
605	0.458754	-3779.48
606	0.462542	-3876.53
607	0.462416	-3882.4
608	0.471248	-4027.14
609	0.468934	-3986.36
610	0.457216	-3751.46
611	0.466516	-3917.71
612	0.465159	-3903.45
613	0.463099	-3850.35
614	0.462102	-3834.83
615	0.472389	-4000.36
616	0.460806	-3784.44
617	0.456907	-3728.76
618	0.462692	-3828.76
619	0.455735	-3716.27
620	0.461719	-3862.53
621	0.458756	-3744.82
622	0.474599	-4045.16
623	0.460653	-3789.74
624	0.462611	-3821.63
625	0.456221	-3746.46
626	0.456966	-3741.04
627	0.476001	-4064.95
628	0.457101	-3738.22
629	0.464222	-3888.58
630	0.463692	-3855.14
631	0.460985	-3843.63
632	0.458684	-3771.92
633	0.458726	-3795.94
634	0.464718	-3868.46
635	0.452579	-3704.09
636	0.461412	-3813.29
637	0.462631	-3861.68
638	0.465735	-3883.5
639	0.457302	-3744.86
640	0.461786	-3793.57
641	0.462485	-3847.3
642	0.461311	-3815.09
643	0.456893	-3743.41
644	0.467513	-3937.29
645	0.477356	-4118.91
646	0.467328	-3923.13
647	0.452771	-3721.46
648	0.461117	-3782.7
649	0.464869	-3930.64
650	0.472333	-4006.04
651	0.462443	-3832.82
652	0.470958	-3979.94
653	0.46334	-3852.31
654	0.468433	-3920.87
655	0.458858	-3792.58
656	0.462256	-3842.93
657	0.462165	-3835.42
658	0.461527	-3835.68
659	0.458773	-3786.94
660	0.46021	-3786.36
661	0.459389	-3791.16
662	0.458877	-3796.56
663	0.461745	-3798.5
664	0.468996	-3943.02
665	0.458312	-3770.98
666	0.462031	-3822.01
667	0.458035	-3776.86
668	0.464873	-3897
669	0.460907	-3824.03
670	0.466025	-3911.65
671	0.459703	-3803.7
672	0.457694	-3760.14
673	0.467514	-3926.48
674	0.466704	-3926.09
675	0.462795	-3851.54
676	0.460542	-3828.78
677	0.465493	-3884.65
678	0.462048	-3864.07
679	0.455934	-3753.99
680	0.461901	-3854.94
681	0.461148	-3862.24
682	0.456974	-3746.76
683	0.464801	-3871.73
684	0.462189	-3834.64
685	0.459411	-3773.63
686	0.461882	-3785.24
687	0.452687	-3678.37
688	0.45311	-3676.71
689	0.468426	-3969.68
690	0.467221	-3886.28
691	0.46535	-3897.13
692	0.460717	-3822.32
693	0.462468	-3844.88
694	0.462973	-3856.96
695	0.45741	-3768.98
696	0.461412	-3784.7
697	0.459403	-3788.84
698	0.461744	-3825.81
699	0.456966	-3747.65
700	0.463239	-3873.52
701	0.45385	-3703.76
702	0.460486	-3796.88
703	0.457485	-3771.86
704	0.463026	-3835.96
705	0.458703	-3784.73
706	0.460346	-3819.09
707	0.458292	-3790.89
708	0.459944	-3806.7
709	0.460701	-3812.57
710	0.460902	-3821.79
711	0.457779	-3743.71
712	0.472769	-3986.32
713	0.45441	-3705.9
714	0.46212	-3844.55
715	0.460357	-3798.68
716	0.463657	-3861.68
717	0.459227	-3787.33
718	0.474375	-4027.1
719	0.456252	-3744.47
720	0.462946	-3829.55
721	0.458344	-3770.24
722	0.46337	-3892.63
723	0.46303	-3863.59
724	0.460303	-3806.52
725	0.463846	-3868.28
726	0.464125	-3870.26
727	0.461251	-3838.86
728	0.463299	-3875.38
729	0.464574	-3844.92
730	0.459395	-3802.28
731	0.462489	-3810.67
732	0.45995	-3827.15
733	0.46881	-3969.64
734	0.457542	-3766.88
735	0.464702	-3842.05
736	0.462191	-3852.32
737	0.463287	-3879.11
738	0.458086	-3762.16
739	0.466466	-3890.89
740	0.467548	-3902.18
741	0.461789	-3809.89
742	0.461498	-3812.63
743	0.46132	-3829.62
744	0.464268	-3879.39
745	0.457101	-3719.91
746	0.457273	-3725.88
747	0.469692	-3986.7
748	0.465948	-3890.4
749	0.460369	-3811.84
750	0.460932	-3830.75
751	0.464031	-3897.69
752	0.459483	-3804.47
753	0.454304	-3723.51
754	0.461432	-3830.59
755	0.457472	-3773.37
756	0.472379	-3994.86
757	0.468108	-3907.64
758	0.459405	-3766.35
759	0.458477	-3774.24
760	0.456406	-3762.98
761	0.47383	-3993.79
762	0.467414	-3918.4
763	0.466315	-3913.63
764	0.465104	-3928.01
765	0.459475	-3784.26
766	0.464097	-3872.46
767	0.457318	-3771.37
768	0.462199	-3830.36
769	0.460565	-3836.26
770	0.457998	-3773.67
771	0.463847	-3868.16
772	0.462096	-3867.85
773	0.460974	-3795.63
774	0.458624	-3780.49
775	0.46141	-3829.67
776	0.465116	-3898.27
777	0.462047	-3830.9
778	0.45962	-3795.9
779	0.462064	-3840.48
780	0.462788	-3872.79
781	0.454588	-3739.3
782	0.455621	-3725.76
783	0.464717	-3869.78
784	0.462812	-3874.57
785	0.454614	-3717.34
786	0.454335	-3678.21
787	0.462495	-3856.11
788	0.464409	-3876.88
789	0.464748	-3873.15
790	0.45864	-3756.64
791	0.460358	-3842.69
792	0.461518	-3832.4
793	0.468509	-3890.75
794	0.463862	-3844.3
795	0.461579	-3798.02
796	0.479728	-4142.52
797	0.470754	-3944.06
798	0.457332	-3764.42
799	0.460967	-3827.39
800	0.464524	-3911.35
801	0.45505	-3739.71
802	0.462853	-3847.28
803	0.458815	-3791.02
804	0.457898	-3781.47
805	0.456016	-3720.64
806	0.458124	-3756.46
807	0.460071	-3816.48
808	0.464797	-3893.72
809	0.466611	-3954.86
810	0.46628	-3899.1
811	0.456332	-3759.59
812	0.460242	-3832.94
813	0.458552	-3754.03
814	0.462237	-3845.95
815	0.467255	-3922.2
816	0.472233	-3977.85
817	0.458558	-3751.75
818	0.459614	-3832.44
819	0.459844	-3813.55
820	0.464106	-3868.71
821	0.460388	-3799.68
822	0.45222	-3666.82
823	0.466852	-3905.57
824	0.461249	-3836.46
825	0.458184	-3792.28
826	0.459346	-3808.48
827	0.461938	-3853.85
828	0.463562	-3862.35
829	0.458116	-3744.01
830	0.458281	-3758.6
831	0.473748	-4058.3
832	0.463795	-3853.37
833	0.4647	-3870.16
834	0.463129	-3849.19
835	0.454721	-3694.32
836	0.462761	-3837.89
837	0.463255	-3865.83
838	0.466542	-3947.18
839	0.458523	-3798.59
840	0.452776	-3714.74
841	0.454929	-3714.84
842	0.461084	-3809.23
843	0.457206	-3777.8
844	0.466548	-3891.81
845	0.464425	-3894.36
846	0.467254	-3919.41
847	0.471216	-3987.86
848	0.459139	-3787.25
849	0.461706	-3819.44
850	0.464611	-3871.65
851	0.455666	-3718.18
852	0.453627	-3698.45
853	0.463149	-3863.01
854	0.460052	-3830.92
855	0.461199	-3799.97
856	0.466229	-3896.12
857	0.46203	-3855.6
858	0.457944	-3759.65
859	0.461479	-3830.77
860	0.454421	-3710.22
861	0.455549	-3726.26
862	0.462117	-3851.81
863	0.461496	-3800.96
864	0.457744	-3790.32
865	0.470602	-3948.49
866	0.465124	-3891.31
867	0.465642	-3909.26
868	0.458251	-3791.43
869	0.459282	-3778
870	0.462003	-3835.05
871	0.466875	-3911.96
872	0.461698	-3848.81
873	0.464624	-3898.83
874	0.46424	-3873.66
875	0.460573	-3825.39
876	0.464263	-3858.65
877	0.461674	-3826.99
878	0.464929	-3886.61
879	0.457513	-3774.14
880	0.460581	-3809
881	0.462759	-3870.27
882	0.465411	-3864.44
883	0.455954	-3736.59
884	0.457441	-3740.46
885	0.465574	-3882.49
886	0.459664	-3803.47
887	0.464293	-3872.19
888	0.462944	-3834
889	0.460755	-3836.59
890	0.461566	-3830.96
891	0.461356	-3861
892	0.462967	-3831.32
893	0.460657	-3818.99
894	0.463315	-3856.89
895	0.460121	-3810.98
896	0.463703	-3829.36
897	0.464954	-3893.06
898	0.471748	-4022.31
899	0.465333	-3883.77
900	0.465742	-3897.24
901	0.464512	-3841.89
902	0.458115	-3768.75
903	0.462043	-3831.49
904	0.465606	-3894.9
905	0.458321	-3751.5
906	0.461346	-3833.12
907	0.467865	-3934.05
908	0.462445	-3847.9
909	0.456964	-3749.76
910	0.461748	-3836.18
911	0.4621	-3833.29
912	0.46112	-3804.34
913	0.465566	-3907.31
914	0.466168	-3916.59
915	0.463712	-3866.7
916	0.459347	-3780.86
917	0.460059	-3819.74
918	0.464874	-3876.39
919	0.457158	-3778.95
920	0.465101	-3894.62
921	0.465467	-3887.51
922	0.460193	-3793.34
923	0.458344	-3780.02
924	0.464479	-3871.13
925	0.45888	-3778.21
926	0.464215	-3861.74
927	0.462978	-3877
928	0.465182	-3896.73
929	0.460281	-3829.99
930	0.464759	-3887.35
931	0.464492	-3878.12
932	0.456756	-3758.17
933	0.46287	-3855.24
934	0.458422	-3798.45
935	0.468447	-3919.19
936	0.463271	-3857.02
937	0.465155	-3884.96
938	0.459409	-3787.08
939	0.464464	-3855.95
940	0.457571	-3759.52
941	0.459939	-3812.22
942	0.463733	-3871.71
943	0.464422	-3863.07
944	0.455914	-3735.71
945	0.459448	-3771.33
946	0.466402	-3901.9
947	0.457957	-3763.03
948	0.46384	-3872.7
949	0.460837	-3826.64
950	0.473573	-4083.04
951	0.468975	-3943.97
952	0.455529	-3710.37
953	0.462829	-3842.58
954	0.464826	-3884.07
955	0.457842	-3775.08
956	0.461917	-3814.68
957	0.461813	-3835.53
958	0.466814	-3921.55
959	0.460579	-3809.25
960	0.460496	-3816.4
961	0.461799	-3842.59
962	0.458825	-3764.02
963	0.460763	-3800.82
964	0.464091	-3864.99
965	0.463281	-3860.19
966	0.463304	-3843.34
967	0.463275	-3838.65
968	0.461804	-3826
969	0.464065	-3874.59
970	0.464941	-3918.63
971	0.469015	-3944.26
972	0.464704	-3904.43
973	0.46046	-3822.66
974	0.460789	-3826.72
975	0.467259	-3941.83
976	0.461808	-3816.84
977	0.464576	-3870.23
978	0.471333	-4040.99
979	0.459111	-3793.36
980	0.461879	-3853.36
981	0.46254	-3803.91
982	0.456133	-3716.99
983	0.46322	-3837.35
984	0.459453	-3784
985	0.468315	-3932.54
986	0.462647	-3870.47
987	0.463658	-3898.03
988	0.459972	-3827.11
989	0.465942	-3860.71
990	0.46177	-3831.65
991	0.465303	-3904.3
992	0.466328	-3906.34
993	0.463799	-3865.57
994	0.464843	-3891.73
995	0.460421	-3809.46
996	0.462588	-3895.65
997	0.472401	-4034.09
998	0.458686	-3799.08
999	0.463264	-3825.01
1000	0.456876	-3745.41
1001	0.46138	-3832.8
1002	0.46004	-3799.78
1003	0.459595	-3792.01
1004	0.462596	-3883.08
1005	0.46934	-3922.62
1006	0.460368	-3811.83
1007	0.460379	-3791.82
1008	0.459301	-3793.93
1009	0.46244	-3845.64
1010	0.462889	-3829.14
1011	0.455504	-3725.97
1012	0.460198	-3804.45
1013	0.45841	-3771.94
1014	0.461081	-3816.75
1015	0.462592	-3837.96
1016	0.461812	-3808.8
1017	0.461958	-3847.14
1018	0.459826	-3777.17
1019	0.463888	-3869.07
1020	0.468043	-3911.88
1021	0.46301	-3821.91
1022	0.464148	-3883.2
1023	0.460372	-3828.44
1024	0.464663	-3873.76
1025	0.455862	-3731.02
1026	0.461458	-3815.69
1027	0.462403	-3851.04
1028	0.45709	-3781.2
1029	0.462519	-3861.31
1030	0.461628	-3828.75
1031	0.460127	-3806.79
1032	0.461896	-3815.39
1033	0.468279	-3953.05
1034	0.46826	-3959.77
1035	0.4593	-3803.28
1036	0.46091	-3831.76
1037	0.469235	-3964.96
1038	0.4643	-3889.94
1039	0.454514	-3704.46
1040	0.460889	-3853.74
1041	0.459156	-3777.62
1042	0.4592	-3820.73
1043	0.462334	-3843.46
1044	0.466866	-3878.33
1045	0.457282	-3754.28
1046	0.465655	-3894.02
1047	0.458627	-3763.36
1048	0.460818	-3796.23
1049	0.458145	-3779.87
1050	0.460364	-3737.38
1051	0.459048	-3787.18
1052	0.459774	-3817.35
1053	0.465234	-3915.97
1054	0.464461	-3879.87
1055	0.461687	-3830.41
1056	0.47265	-3956.1
1057	0.454322	-3717.57
1058	0.465339	-3897.84
1059	0.470197	-3984.06
1060	0.475038	-4082
1061	0.460457	-3804.93
1062	0.465508	-3880.22
1063	0.455212	-3704.89
1064	0.460311	-3812.93
1065	0.467576	-3935.98
1066	0.460123	-3796.32
1067	0.467067	-3934.95
1068	0.461656	-3840.65
1069	0.470828	-4022.7
1070	0.457894	-3763.94
1071	0.463116	-3865.27
1072	0.458269	-3770.94
1073	0.457678	-3771.26
1074	0.458144	-3755.96
1075	0.464154	-3875.58
1076	0.462734	-3852.84
1077	0.450778	-3666.84
1078	0.462843	-3866.95
1079	0.464206	-3879.12
1080	0.462139	-3818.46
1081	0.458101	-3799.25
1082	0.458367	-3752.08
1083	0.47216	-3987.48
1084	0.461211	-3854.8
1085	0.461711	-3828.48
1086	0.468037	-3929.87
1087	0.465152	-3864.52
1088	0.462441	-3816.02
1089	0.457737	-3747.08
1090	0.463436	-3841.52
1091	0.464693	-3891.89
1092	0.463168	-3833.27
1093	0.463269	-3871.51
1094	0.459507	-3815.36
1095	0.463357	-3841.58
1096	0.463483	-3846.52
1097	0.467714	-3919.01
1098	0.460732	-3811.24
1099	0.464369	-3874.48
1100	0.45943	-3773.84
1101	0.457212	-3733.5
1102	0.458106	-3778.44
1103	0.460757	-3814.81
1104	0.479329	-4128.21
1105	0.457156	-3753.94
1106	0.458973	-3827.12
1107	0.459275	-3785.76
1108	0.470685	-3980.58
1109	0.462857	-3831.37
1110	0.45842	-3791.15
1111	0.469719	-4013.8
1112	0.463963	-3872.11
1113	0.466372	-3894.03
1114	0.459549	-3769.8
1115	0.45808	-3720.27
1116	0.458098	-3779.34
1117	0.458982	-3767.95
1118	0.460418	-3820.25
1119	0.464859	-3886.7
1120	0.469882	-3924.62
1121	0.469743	-3964.24
1122	0.466069	-3891.09
1123	0.460681	-3829.92
1124	0.471568	-4015.06
1125	0.467304	-3930.76
1126	0.473159	-4038.21
1127	0.469461	-3979.08
1128	0.463168	-3865.28
1129	0.463306	-3816.25
1130	0.471089	-3977.06
1131	0.461952	-3842.16
1132	0.462965	-3838.12
1133	0.463664	-3908.93
1134	0.456167	-3731.95
1135	0.45565	-3716.24
1136	0.472088	-3963.01
1137	0.456561	-3743.88
1138	0.463482	-3897.88
1139	0.459236	-3802.96
1140	0.454923	-3702.01
1141	0.458667	-3771.39
1142	0.459434	-3804.01
1143	0.468347	-3953.36
1144	0.460156	-3827.21
1145	0.470649	-3966.68
1146	0.461281	-3807.84
1147	0.467545	-3961.05
1148	0.461741	-3780.71
1149	0.461924	-3826.77
1150	0.462285	-3821.56
1151	0.461149	-3813.55
1152	0.460658	-3808.44
1153	0.462956	-3849.33
1154	0.465214	-3889.73
1155	0.458164	-3789.05
1156	0.461696	-3854.17
1157	0.461702	-3830.34
1158	0.457018	-3758.93
1159	0.459409	-3743.05
1160	0.476098	-4084.38
1161	0.46391	-3872
1162	0.458567	-3776.01
1163	0.469131	-3928.7
1164	0.462366	-3859.1
1165	0.465729	-3916.2
1166	0.458154	-3772.88
1167	0.468944	-3938.19
1168	0.466845	-3904.89
1169	0.462262	-3824.56
1170	0.460239	-3827.31
1171	0.459324	-3820.44
1172	0.459202	-3757.24
1173	0.460647	-3833.76
1174	0.46145	-3824.96
1175	0.464613	-3855.3
1176	0.463425	-3852.67
1177	0.458014	-3748.25
1178	0.465624	-3892.2
1179	0.460867	-3838.14
1180	0.461185	-3830.09
1181	0.464	-3866.68
1182	0.465754	-3881.64
1183	0.459611	-3785.67
1184	0.45989	-3831.46
1185	0.461501	-3833.23
1186	0.46058	-3807.25
1187	0.462417	-3848.42
1188	0.45053	-3656.51
1189	0.460706	-3824.87
1190	0.464088	-3865
1191	0.457982	-3771.64
1192	0.458228	-3761.07
1193	0.464778	-3900.76
1194	0.454993	-3695.46
1195	0.459812	-3820.65
1196	0.4629	-3855.74
1197	0.460867	-3790.35
1198	0.462931	-3838.56
1199	0.462199	-3839.19
1200	0.471392	-3970.61
1201	0.461947	-3829.39
1202	0.467324	-3938.18
1203	0.457439	-3754.71
1204	0.458926	-3805.93
1205	0.460375	-3801.82
1206	0.456017	-3711.88
1207	0.474954	-4074.5
1208	0.460738	-3809.9
1209	0.458195	-3786.57
1210	0.468437	-3973.89
1211	0.464112	-3853
1212	0.455704	-3747.92
1213	0.457384	-3744.75
1214	0.471081	-3953.19
1215	0.459961	-3821.04
1216	0.461453	-3841.1
1217	0.453379	-3683.75
1218	0.462083	-3799.29
1219	0.468451	-3943.03
1220	0.461381	-3824.25
1221	0.459031	-3800.34
1222	0.457728	-3796.36
1223	0.46824	-3931.51
1224	0.461217	-3825.01
1225	0.45931	-3816.68
1226	0.465169	-3873.45
1227	0.457206	-3729.36
1228	0.461069	-3816.7
1229	0.458657	-3764.83
1230	0.473468	-4055.29
1231	0.460801	-3800.76
1232	0.462311	-3852.31
1233	0.467219	-3909.94
1234	0.460642	-3774.97
1235	0.461505	-3838.44
1236	0.470222	-3921.38
1237	0.464883	-3896.23
1238	0.459933	-3791.31
1239	0.457399	-3759.43
1240	0.456155	-3756.41
1241	0.457132	-3740.81
1242	0.466007	-3872.88
1243	0.458313	-3770.66
1244	0.457966	-3785.14
1245	0.460905	-3810.18
1246	0.467816	-3936.39
1247	0.454231	-3680.92
1248	0.463127	-3885.28
1249	0.46223	-3818.86
1250	0.458672	-3774.7
1251	0.463193	-3847.94
1252	0.465262	-3880.56
1253	0.454606	-3705.57
1254	0.464393	-3881.35
1255	0.465406	-3947.58
1256	0.463525	-3850.03
1257	0.46144	-3838.72
1258	0.458357	-3767.61
1259	0.46053	-3791.44
1260	0.457948	-3758.94
1261	0.463069	-3835.38
1262	0.460708	-3823.54
1263	0.468269	-3941.86
1264	0.458945	-3773.3
1265	0.460039	-3808.98
1266	0.46883	-3977.37
1267	0.459809	-3802.98
1268	0.458766	-3813.89
1269	0.460733	-3811.54
1270	0.461333	-3844.23
1271	0.456247	-3757.42
1272	0.462454	-3825.39
1273	0.461426	-3830.87
1274	0.464309	-3848.91
1275	0.466815	-3943.26
1276	0.460683	-3807.74
1277	0.464416	-3856.46
1278	0.461979	-3830.57
1279	0.459697	-3814.97
1280	0.460286	-3811.38
1281	0.46588	-3932.93
1282	0.464142	-3889.02
1283	0.461144	-3819.18
1284	0.457401	-3771.47
1285	0.470616	-4018.61
1286	0.458227	-3764.72
1287	0.459625	-3787.06
1288	0.463451	-3838.14
1289	0.461424	-3826.8
1290	0.459479	-3806.48
1291	0.463457	-3866.02
1292	0.46209	-3857.42
1293	0.466421	-3928.86
1294	0.463532	-3824.58
1295	0.464543	-3881.76
1296	0.4539	-3727.88
1297	0.462047	-3816.42
1298	0.464584	-3911.12
1299	0.467002	-3990.62
1300	0.470828	-3967.19
1301	0.46222	-3816.75
1302	0.467776	-3926.78
1303	0.458591	-3812.09
1304	0.466036	-3896.93
1305	0.464093	-3901.19
1306	0.466158	-3912.9
1307	0.459791	-3786.52
1308	0.455542	-3715.82
1309	0.458201	-3781.19
1310	0.460838	-3859.28
1311	0.462827	-3863.41
1312	0.459637	-3751.9
1313	0.457498	-3743.67
1314	0.45961	-3777.3
1315	0.464433	-3897.61
1316	0.464435	-3831.53
1317	0.45794	-3751.84
1318	0.461244	-3827.09
1319	0.463195	-3848.97
1320	0.463381	-3872.62
1321	0.466564	-3912.17
1322	0.453663	-3707.06
1323	0.465271	-3946.12
1324	0.469575	-3982.23
1325	0.463837	-3856.23
1326	0.45979	-3768.35
1327	0.467178	-3914.58
1328	0.462271	-3850.21
1329	0.46137	-3843.04
1330	0.461352	-3813.78
1331	0.473345	-4060.58
1332	0.46294	-3862.54
1333	0.459755	-3790.99
1334	0.461344	-3808.59
1335	0.455706	-3725.54
1336	0.460318	-3793.22
1337	0.462786	-3873.27
1338	0.457471	-3751.13
1339	0.465586	-3901.99
1340	0.464073	-3888.63
1341	0.4613	-3849.57
1342	0.458182	-3791.27
1343	0.461141	-3835.55
1344	0.459474	-3791.17
1345	0.456828	-3727.32
1346	0.46258	-3850.34
1347	0.463915	-3859.75
1348	0.459946	-3820.77
1349	0.45723	-3752.21
1350	0.460804	-3799.42
1351	0.461111	-3835.6
1352	0.459985	-3816.68
1353	0.465968	-3898.57
1354	0.457217	-3761.24
1355	0.459834	-3816.19
1356	0.466224	-3918.5
1357	0.453886	-3682.5
1358	0.468905	-3930.75
1359	0.467719	-3930.76
1360	0.465329	-3887.57
1361	0.463335	-3882.41
1362	0.472106	-3990.18
1363	0.46336	-3860.37
1364	0.459517	-3804.86
1365	0.458492	-3753.15
1366	0.461252	-3817.8
1367	0.464726	-3916.99
1368	0.458363	-3772.67
1369	0.463129	-3854.88
1370	0.464381	-3844.3
1371	0.456445	-3753.55
1372	0.459562	-3802.6
1373	0.461008	-3820.73
1374	0.461936	-3828.2
1375	0.468305	-3927
1376	0.463029	-3883.26
1377	0.462843	-3851.72
1378	0.459101	-3804.98
1379	0.460519	-3811
1380	0.456773	-3769.1
1381	0.463947	-3848.35
1382	0.459228	-3770.46
1383	0.457932	-3763.28
1384	0.45766	-3744.16
1385	0.457361	-3754.24
1386	0.474602	-4046.37
1387	0.46099	-3850.62
1388	0.459923	-3784.32
1389	0.456203	-3755.51
1390	0.457101	-3748.17
1391	0.47014	-3955.64
1392	0.460139	-3809.88
1393	0.460399	-3835.38
1394	0.460581	-3819.71
1395	0.460384	-3823.77
1396	0.458306	-3765.52
1397	0.464471	-3900.39
1398	0.467144	-3909.71
1399	0.45954	-3820.06
1400	0.456988	-3748.83
1401	0.466425	-3937.76
1402	0.463479	-3882.42
1403	0.475911	-4104.74
1404	0.462537	-3861.41
1405	0.461845	-3842.95
1406	0.472561	-4008.49
1407	0.460746	-3759.51
1408	0.476951	-4102.65
1409	0.461507	-3828.82
1410	0.461638	-3827.57
1411	0.469754	-3971.72
1412	0.46601	-3855.01
1413	0.461175	-3819.81
1414	0.469103	-3974.12
1415	0.459229	-3770.19
1416	0.458886	-3780.82
1417	0.45723	-3759.33
1418	0.467527	-3930.34
1419	0.462963	-3867.37
1420	0.458913	-3784.07
1421	0.464177	-3852.42
1422	0.459862	-3778.27
1423	0.462949	-3834.99
1424	0.466945	-3916.67
1425	0.46204	-3841.24
1426	0.459902	-3805.82
1427	0.461924	-3833.95
1428	0.471235	-4027.04
1429	0.467935	-3906.46
1430	0.458606	-3776.59
1431	0.465353	-3906.65
1432	0.466859	-3894.73
1433	0.455857	-3742.56
1434	0.474334	-4008.25
1435	0.457921	-3753.97
1436	0.460398	-3775.49
1437	0.465912	-3903.78
1438	0.463727	-3852.29
1439	0.46446	-3890
1440	0.460955	-3797.39
1441	0.46012	-3820.36
1442	0.457605	-3754.1
1443	0.459671	-3803.94
1444	0.463453	-3853.04
1445	0.461475	-3833.67
1446	0.46064	-3825.96
1447	0.457055	-3755.92
1448	0.459849	-3804.17
1449	0.457693	-3743.32
1450	0.458688	-3752.28
1451	0.4601	-3785.61
1452	0.463119	-3852.91
1453	0.463799	-3872.22
1454	0.462861	-3843.24
1455	0.460111	-3806.07
1456	0.461797	-3816.15
1457	0.464381	-3892.84
1458	0.465538	-3948.8
1459	0.46015	-3800.97
1460	0.458773	-3818.15
1461	0.46251	-3835.24
1462	0.459285	-3770.58
1463	0.46324	-3857.49
1464	0.459981	-3798.02
1465	0.457916	-3777.79
1466	0.46076	-3810.29
1467	0.457041	-3773.45
1468	0.464146	-3890.57
1469	0.462073	-3807.34
1470	0.461913	-3819.91
1471	0.467093	-3939.7
1472	0.465467	-3902.19
1473	0.463535	-3873.18
1474	0.456736	-3772.49
1475	0.459888	-3780.8
1476	0.46241	-3855.79
1477	0.459236	-3799.27
1478	0.478049	-4066.07
1479	0.463313	-3852.63
1480	0.464803	-3920.07
1481	0.465445	-3889.89
1482	0.455467	-3745.56
1483	0.463227	-3874.21
1484	0.466075	-3905.35
1485	0.46351	-3873.25
1486	0.458079	-3772.68
1487	0.458773	-3787.08
1488	0.461794	-3847.6
1489	0.462444	-3818.58
1490	0.466349	-3919.12
1491	0.46212	-3838.07
1492	0.464129	-3845.41
1493	0.46551	-3897.63
1494	0.460578	-3797.49
1495	0.458869	-3805.27
1496	0.460975	-3812.41
1497	0.471314	-3963.73
1498	0.462026	-3851.78
1499	0.462597	-3839.64
1500	0.457694	-3760.9
1501	0.462349	-3823.16
1502	0.459565	-3785.01
1503	0.458151	-3810.2
1504	0.456462	-3760.37
1505	0.459588	-3815.34
1506	0.46254	-3835.84
1507	0.455635	-3707.68
1508	0.466091	-3895.85
1509	0.473466	-3981.31
1510	0.465548	-3885.58
1511	0.461487	-3850.26
1512	0.465044	-3897.51
1513	0.456163	-3722.03
1514	0.463614	-3860.76
1515	0.457152	-3771.97
1516	0.467847	-3928.1
1517	0.479175	-4104.84
1518	0.458393	-3765.56
1519	0.462799	-3837.32
1520	0.460441	-3793.81
1521	0.467124	-3878.24
1522	0.463083	-3839.65
1523	0.471041	-3959.68
1524	0.462322	-3837.01
1525	0.461439	-3820.88
1526	0.461635	-3843.16
1527	0.460177	-3809.81
1528	0.466256	-3926.78
1529	0.46203	-3834.68
1530	0.46298	-3860.23
1531	0.467882	-3909.23
1532	0.461831	-3850.33
1533	0.462086	-3858.36
1534	0.461149	-3834.54
1535	0.464061	-3832.01
1536	0.462455	-3836.93
1537	0.466575	-3890.37
1538	0.454437	-3713.43
1539	0.462748	-3861.34
1540	0.460657	-3815.54
1541	0.461155	-3838.94
1542	0.465068	-3893.53
1543	0.45842	-3775.18
1544	0.459865	-3798.7
1545	0.464619	-3862.49
1546	0.478727	-4098.62
1547	0.461104	-3840.04
1548	0.458761	-3796.7
1549	0.463823	-3865.24
1550	0.463859	-3873.46
1551	0.459275	-3742.01
1552	0.463081	-3894.99
1553	0.475679	-4072.37
1554	0.459747	-3824.21
1555	0.467713	-3942.6
1556	0.462516	-3861
1557	0.461388	-3821.12
1558	0.466679	-3933.58
1559	0.462449	-3790.88
1560	0.457809	-3747.01
1561	0.460787	-3798.78
1562	0.463812	-3884.44
1563	0.463788	-3844.76
1564	0.461059	-3824.92
1565	0.466258	-3896.96
1566	0.463087	-3854.69
1567	0.462511	-3825.76
1568	0.461074	-3819.89
1569	0.468373	-3906.57
1570	0.459059	-3766.76
1571	0.461309	-3850.21
1572	0.462452	-3836.05
1573	0.456821	-3779.8
1574	0.461577	-3818.97
1575	0.467369	-3949.61
1576	0.460918	-3827.02
1577	0.461117	-3847.29
1578	0.468394	-3967.74
1579	0.466693	-3895.72
1580	0.459612	-3808.27
1581	0.461232	-3829.78
1582	0.452198	-3661.86
1583	0.466497	-3916.17
1584	0.464689	-3857.84
1585	0.471925	-4023.98
1586	0.456097	-3755.24
1587	0.46368	-3836.63
1588	0.462226	-3855.4
1589	0.460521	-3800.2
1590	0.457393	-3750.52
1591	0.460317	-3803.34
1592	0.471106	-3992.41
1593	0.46169	-3829.24
1594	0.455522	-3711.89
1595	0.458268	-3770.78
1596	0.470169	-3998.05
1597	0.452317	-3655.21
1598	0.45772	-3800.39
1599	0.468526	-3970.58
1600	0.470204	-3961.45
1601	0.46362	-3849.37
1602	0.456922	-3752.22
1603	0.462708	-3832.83
1604	0.460813	-3811.93
1605	0.467236	-3898.82
1606	0.4592	-3794.35
1607	0.463597	-3874.31
1608	0.456254	-3738.78
1609	0.468469	-3922.09
1610	0.460101	-3806.85
1611	0.46514	-3918.75
1612	0.461744	-3829.29
1613	0.466314	-3907.06
1614	0.461617	-3860.5
1615	0.457627	-3758.58
1616	0.463916	-3880.02
1617	0.463628	-3836.4
1618	0.467344	-3950.85
1619	0.458004	-3780.3
1620	0.459638	-3817.71
1621	0.460353	-3797.5
1622	0.461949	-3833.71
1623	0.46077	-3826.57
1624	0.464078	-3844.24
1625	0.465936	-3901.35
1626	0.461084	-3820.72
1627	0.468825	-3941.06
1628	0.46233	-3859.02
1629	0.460896	-3818.1
1630	0.467906	-3916.38
1631	0.458028	-3738.98
1632	0.463622	-3907.72
1633	0.460683	-3800.03
1634	0.460853	-3820.1
1635	0.461198	-3825.44
1636	0.463831	-3871.13
1637	0.46222	-3842.48
1638	0.460165	-3816.31
1639	0.459815	-3778.04
1640	0.458433	-3764.62
1641	0.462482	-3834.73
1642	0.46705	-3920.08
1643	0.465464	-3899.71
1644	0.459865	-3815.84
1645	0.462357	-3838.61
1646	0.46991	-3962.31
1647	0.476937	-4108.21
1648	0.466003	-3940.23
1649	0.47846	-4165.95
1650	0.460614	-3832.5
1651	0.463427	-3875.31
1652	0.465643	-3866.02
1653	0.461902	-3829.37
1654	0.461471	-3812.45
1655	0.467519	-3931.58
1656	0.465674	-3905.25
1657	0.459383	-3794.54
1658	0.460922	-3812.28
1659	0.462862	-3841.85
1660	0.465666	-3876.03
1661	0.459087	-3806.12
1662	0.458445	-3749.04
1663	0.461074	-3837.84
1664	0.461619	-3828.99
1665	0.461166	-3850.65
1666	0.45138	-3670.96
1667	0.459698	-3787.05
1668	0.465377	-3870.13
1669	0.457932	-3793.46
1670	0.458387	-3831.73
1671	0.465523	-3889.87
1672	0.475201	-4130.32
1673	0.465083	-3854.3
1674	0.465189	-3908.56
1675	0.461921	-3827.08
1676	0.468135	-3951.27
1677	0.458346	-3797.13
1678	0.459418	-3783.06
1679	0.459546	-3793.89
1680	0.465617	-3888.64
1681	0.460968	-3836.47
1682	0.466505	-3894.32
1683	0.470928	-3982.33
1684	0.457273	-3746.29
1685	0.461729	-3825.62
1686	0.463104	-3885.58
1687	0.459815	-3826.5
1688	0.460683	-3813.29
1689	0.459447	-3804.52
1690	0.458777	-3792.46
1691	0.460699	-3824.45
1692	0.462631	-3857.55
1693	0.462118	-3830.64
1694	0.457439	-3798.45
1695	0.470996	-3950.47
1696	0.462378	-3856.88
1697	0.464465	-3875.95
1698	0.458275	-3784.98
1699	0.456968	-3774.49
1700	0.459695	-3807.04
1701	0.453637	-3711.8
1702	0.4616	-3794.52
1703	0.46132	-3829.27
1704	0.464103	-3874.36
1705	0.458977	-3794.43
1706	0.459933	-3816.83
1707	0.466937	-3917.42
1708	0.461952	-3836.33
1709	0.463473	-3871
1710	0.467025	-3910.21
1711	0.465864	-3920.22
1712	0.460884	-3807.37
1713	0.46308	-3842.67
1714	0.464374	-3805.13
1715	0.46159	-3823.14
1716	0.476017	-4084.88
1717	0.461316	-3814.06
1718	0.457198	-3766.55
1719	0.460759	-3787.14
1720	0.464822	-3899.17
1721	0.459002	-3801.02
1722	0.459735	-3797.81
1723	0.46445	-3864.99
1724	0.459435	-3760.92
1725	0.471898	-3989.83
1726	0.461473	-3814.11
1727	0.464502	-3886.97
1728	0.459696	-3796.59
1729	0.45853	-3791.33
1730	0.463902	-3875.47
1731	0.462169	-3860.92
1732	0.461444	-3805.04
1733	0.462684	-3864.95
1734	0.462729	-3866.95
1735	0.460557	-3820.71
1736	0.463023	-3878.53
1737	0.464796	-3880.55
1738	0.452321	-3680.86
1739	0.452837	-3665.47
1740	0.466408	-3885.81
1741	0.468317	-3939.82
1742	0.463912	-3893.66
1743	0.469179	-3944.45
1744	0.461708	-3876.12
1745	0.463712	-3870.32
1746	0.461778	-3814.29
1747	0.456484	-3721.1
1748	0.464337	-3896.65
1749	0.461495	-3845.58
1750	0.47109	-3978.27
1751	0.460102	-3802.91
1752	0.460812	-3810.4
1753	0.460789	-3796.61
1754	0.465959	-3877.79
1755	0.458946	-3803.82
1756	0.46615	-3867.13
1757	0.470849	-3993.26
1758	0.466829	-3918
1759	0.461107	-3816.36
1760	0.463651	-3889.83
1761	0.464826	-3840.26
1762	0.465172	-3856.91
1763	0.462154	-3840.71
1764	0.461162	-3827.18
1765	0.463668	-3868.99
1766	0.459886	-3781.66
1767	0.467291	-3887.96
1768	0.459969	-3802.4
1769	0.461164	-3836.71
1770	0.462973	-3868.33
1771	0.454302	-3713.64
1772	0.464286	-3876.48
1773	0.464709	-3902.68
1774	0.472907	-4010.9
1775	0.462401	-3847.63
1776	0.467716	-3959.54
1777	0.459239	-3768.24
1778	0.468407	-3922.76
1779	0.468966	-3987.79
1780	0.46046	-3846.15
1781	0.462641	-3854.01
1782	0.463189	-3859.19
1783	0.468051	-3933.9
1784	0.460558	-3806.73
1785	0.463508	-3855.79
1786	0.456881	-3748.54
1787	0.45624	-3726.87
1788	0.463115	-3869.87
1789	0.461323	-3834.36
1790	0.463038	-3806.92
1791	0.464542	-3890.42
1792	0.467233	-3916.16
1793	0.45879	-3766.6
1794	0.460731	-3837.09
1795	0.456992	-3758.08
1796	0.455116	-3728.19
1797	0.456654	-3744.78
1798	0.459665	-3791.51
1799	0.457944	-3775.36
1800	0.456599	-3768.71
1801	0.459906	-3813.35
1802	0.467824	-3943.58
1803	0.45878	-3786.02
1804	0.468513	-3919.18
1805	0.462441	-3859.38
1806	0.457606	-3757.62
1807	0.455329	-3736.46
1808	0.458063	-3790.51
1809	0.46176	-3816.32
1810	0.459947	-3808.18
1811	0.465788	-3900.91
1812	0.464074	-3871.99
1813	0.458961	-3775.92
1814	0.469734	-3957.33
1815	0.459778	-3794.33
1816	0.462907	-3829.41
1817	0.460734	-3799.78
1818	0.456024	-3752.83
1819	0.460738	-3819.85
1820	0.462006	-3832.44
1821	0.457605	-3750.41
1822	0.458117	-3776.39
1823	0.46135	-3829.13
1824	0.456641	-3766.01
1825	0.454732	-3737.57
1826	0.462747	-3854.11
1827	0.462917	-3832.21
1828	0.468277	-3937.25
1829	0.466482	-3905.43
1830	0.455866	-3729.69
1831	0.464247	-3869.5
1832	0.462501	-3829.65
1833	0.464379	-3872.75
1834	0.458045	-3733.87
1835	0.468016	-3951.99
1836	0.4609	-3813.84
1837	0.463298	-3867.5
1838	0.460639	-3824.12
1839	0.461256	-3851.68
1840	0.4656	-3896.52
1841	0.456588	-3749.31
1842	0.463918	-3892.23
1843	0.457143	-3741.56
1844	0.461712	-3804.61
1845	0.459066	-3772.59
1846	0.461296	-3849.67
1847	0.460354	-3797.73
1848	0.460958	-3816.17
1849	0.470532	-3970.08
1850	0.451727	-3649.16
1851	0.460209	-3778.12
1852	0.457889	-3741.3
1853	0.462318	-3840.99
1854	0.45794	-3789.75
1855	0.4653	-3876.63
1856	0.460072	-3807.44
1857	0.472023	-4040.15
1858	0.461436	-3836.61
1859	0.462899	-3823.38
1860	0.462265	-3823.52
1861	0.463233	-3843.76
1862	0.458076	-3775.74
1863	0.46661	-3920.64
1864	0.462794	-3878.9
1865	0.464093	-3862.5
1866	0.456661	-3737.14
1867	0.461388	-3828.31
1868	0.479219	-4131.23
1869	0.463546	-3880.05
1870	0.456532	-3736.46
1871	0.462163	-3825.12
1872	0.462849	-3840.02
1873	0.466237	-3920.75
1874	0.460094	-3789.55
1875	0.460166	-3781.73
1876	0.463753	-3882.63
1877	0.463403	-3821.33
1878	0.462705	-3835.76
1879	0.458647	-3758.85
1880	0.458461	-3779.35
1881	0.47074	-3978.21
1882	0.463588	-3842.44
1883	0.462615	-3837.36
1884	0.462792	-3855.76
1885	0.468129	-3942.31
1886	0.463676	-3882.68
1887	0.460589	-3813.92
1888	0.467658	-3958.48
1889	0.457652	-3781.43
1890	0.462101	-3835.4
1891	0.462918	-3889.74
1892	0.457313	-3726.42
1893	0.459177	-3746.69
1894	0.467848	-3894.78
1895	0.458029	-3778
1896	0.460995	-3794.55
1897	0.45566	-3711.85
1898	0.462941	-3857.92
1899	0.462256	-3835.84
1900	0.456737	-3721.38
1901	0.46895	-3966.32
1902	0.458598	-3766.03
1903	0.470109	-4022.17
1904	0.46155	-3848.17
1905	0.47023	-3980.35
1906	0.45923	-3799.88
1907	0.45518	-3750.22
1908	0.462653	-3856.54
1909	0.464379	-3888.87
1910	0.457354	-3735.6
1911	0.459437	-3789.73
1912	0.458712	-3760.58
1913	0.461099	-3834.27
1914	0.462343	-3845.55
1915	0.463244	-3862.25
1916	0.462578	-3857.74
1917	0.463219	-3890.35
1918	0.458294	-3747.95
1919	0.458422	-3769.53
1920	0.46839	-3933.29
1921	0.467123	-3904.93
1922	0.470071	-3951.64
1923	0.465329	-3875.04
1924	0.458353	-3770.56
1925	0.459796	-3814.82
1926	0.457782	-3774.47
1927	0.459078	-3782.98
1928	0.463501	-3898.82
1929	0.460158	-3755.02
1930	0.462639	-3845.04
1931	0.467823	-3944.04
1932	0.466827	-3921.49
1933	0.461054	-3829.13
1934	0.469874	-3998.31
1935	0.463692	-3873.09
1936	0.469115	-3941.17
1937	0.479882	-4141.27
1938	0.46947	-3984.94
1939	0.470639	-3987.08
1940	0.461037	-3820.34
1941	0.460395	-3814.6
1942	0.459815	-3806.13
1943	0.463905	-3861.48
1944	0.466378	-3899.32
1945	0.460284	-3798.08
1946	0.46206	-3867.86
1947	0.454535	-3709.14
1948	0.458667	-3810.5
1949	0.463911	-3888.52
1950	0.460819	-3771.03
1951	0.469013	-3963.23
1952	0.45783	-3785.8
1953	0.459052	-3783.79
1954	0.466917	-3918.06
1955	0.459059	-3784.48
1956	0.458638	-3734.17
1957	0.457798	-3771.43
1958	0.464369	-3876.96
1959	0.467302	-3891.7
1960	0.469865	-3970.01
1961	0.463446	-3890.65
1962	0.458092	-3734.86
1963	0.462472	-3849.95
1964	0.460103	-3803.54
1965	0.455841	-3729.74
1966	0.467421	-3910.8
1967	0.467204	-3967.04
1968	0.463735	-3861.98
1969	0.455558	-3731.77
1970	0.462613	-3823.94
1971	0.462226	-3840.02
1972	0.462124	-3836.8
1973	0.465543	-3909.78
1974	0.464332	-3872.31
1975	0.458497	-3798.14
1976	0.45967	-3771.58
1977	0.466934	-3901.88
1978	0.459284	-3769.02
1979	0.456827	-3735
1980	0.466712	-3890.12
1981	0.468835	-3980.53
1982	0.453972	-3714.39
1983	0.475258	-4075.89
1984	0.458596	-3812.44
1985	0.466321	-3913.53
1986	0.455649	-3720.5
1987	0.46369	-3863.28
1988	0.465855	-3884.41
1989	0.459824	-3811.71
1990	0.459203	-3771.07
1991	0.459433	-3799.92
1992	0.474449	-4113.4
1993	0.459059	-3792.68
1994	0.47208	-3985.39
1995	0.465883	-3913.44
1996	0.464916	-3881.95
1997	0.464844	-3851.93
1998	0.469008	-3956.31
1999	0.463645	-3867.23
2000	0.464152	-3897.69
2001	0.457069	-3764.81
2002	0.458232	-3755.86
2003	0.463414	-3870.86
2004	0.464712	-3882.3
2005	0.464077	-3875.42
2006	0.471349	-3987.04
2007	0.467773	-3958.05
2008	0.458997	-3763.41
2009	0.465681	-3881.55
2010	0.459974	-3778.14
2011	0.458846	-3797.43
2012	0.465062	-3883.61
2013	0.462265	-3822.87
2014	0.45821	-3767.63
2015	0.467006	-3947.61
2016	0.461403	-3837.67
2017	0.457157	-3780.79
2018	0.463782	-3861.56
2019	0.459094	-3792.68
2020	0.46672	-3889.13
2021	0.46257	-3826.3
2022	0.457393	-3765.07
2023	0.454569	-3710.85
2024	0.453664	-3708.43
2025	0.462941	-3805.76
2026	0.461308	-3819.87
2027	0.457491	-3800.38
2028	0.462602	-3835.18
2029	0.460754	-3794.21
2030	0.457121	-3763.71
2031	0.465454	-3879.27
2032	0.457216	-3768.62
2033	0.459121	-3790.04
2034	0.462136	-3859.57
2035	0.459069	-3797.2
2036	0.468698	-3937.02
2037	0.465028	-3891.81
2038	0.458651	-3779.33
2039	0.473923	-4026.17
2040	0.462289	-3841.03
2041	0.462072	-3876.98
2042	0.459753	-3833.74
2043	0.45951	-3829.7
2044	0.466457	-3942.32
2045	0.461876	-3827.28
2046	0.467899	-3939.19
2047	0.455944	-3739.75
2048	0.455713	-3715.86
2049	0.461294	-3789.07
2050	0.458014	-3775.99
2051	0.46826	-3962.45
2052	0.457252	-3750.67
2053	0.463163	-3860.8
2054	0.462604	-3830.04
2055	0.464642	-3864.84
2056	0.461456	-3809.11
2057	0.462318	-3825.85
2058	0.459785	-3792.74
2059	0.460536	-3828.98
2060	0.462508	-3850.34
2061	0.461604	-3846.58
2062	0.460105	-3813.82
2063	0.457989	-3763.85
2064	0.461163	-3819.11
2065	0.467683	-3884.16
2066	0.461843	-3810.53
2067	0.461171	-3806.81
2068	0.455166	-3719.35
2069	0.462218	-3820.26
2070	0.462897	-3831.65
2071	0.46222	-3838.13
2072	0.475168	-3997.78
2073	0.462887	-3862.4
2074	0.461261	-3818.14
2075	0.464459	-3879.63
2076	0.465051	-3899.19
2077	0.462348	-3834.84
2078	0.457905	-3776.48
2079	0.461392	-3811.22
2080	0.467194	-3935.69
2081	0.458334	-3795.9
2082	0.463037	-3841.87
2083	0.467322	-3887.42
2084	0.460269	-3796.87
2085	0.456428	-3747.54
2086	0.464231	-3864.74
2087	0.463097	-3868.39
2088	0.458364	-3764.49
2089	0.467273	-3932.53
2090	0.466362	-3921.8
2091	0.466031	-3892.18
2092	0.462332	-3839.97
2093	0.458061	-3791.47
2094	0.465025	-3883.98
2095	0.461696	-3843.14
2096	0.474543	-4036.83
2097	0.460988	-3850.61
2098	0.46024	-3797.59
2099	0.463154	-3853.54
2100	0.461422	-3816.14
2101	0.472248	-4030.5
2102	0.457971	-3757.68
2103	0.460068	-3783.44
2104	0.460667	-3796.13
2105	0.458077	-3773.63
2106	0.455777	-3736.08
2107	0.462558	-3864.03
2108	0.462821	-3845.37
2109	0.467146	-3918.87
2110	0.462476	-3856.7
2111	0.459254	-3756.26
2112	0.460614	-3870.61
2113	0.46211	-3848.13
2114	0.462275	-3827.52
2115	0.461857	-3829.94
2116	0.465307	-3902.85
2117	0.456069	-3727.04
2118	0.459335	-3778.06
2119	0.461225	-3818.59
2120	0.459755	-3816.7
2121	0.456343	-3738.39
2122	0.459461	-3809.89
2123	0.46423	-3862.4
2124	0.468065	-3947.24
2125	0.460404	-3813.63
2126	0.456663	-3737.71
2127	0.462711	-3840.49
2128	0.456075	-3747.25
2129	0.452891	-3664.66
2130	0.464098	-3882.22
2131	0.455803	-3716.6
2132	0.458244	-3772.72
2133	0.464647	-3897.43
2134	0.463221	-3846.89
2135	0.464347	-3853.53
2136	0.459798	-3788.66
2137	0.46755	-3900.24
2138	0.45663	-3741.05
2139	0.461847	-3858.75
2140	0.449034	-3621.77
2141	0.462337	-3843.99
2142	0.46125	-3815.75
2143	0.467156	-3903.08
2144	0.459096	-3788.3
2145	0.468581	-3967.71
2146	0.461041	-3797.69
2147	0.460034	-3810.16
2148	0.461418	-3848.06
2149	0.475848	-4068.34
2150	0.461549	-3868.6
2151	0.466999	-3920.89
2152	0.460633	-3822.47
2153	0.4627	-3812.31
2154	0.465706	-3928.86
2155	0.457432	-3728.79
2156	0.457218	-3750.15
2157	0.467461	-3933.4
2158	0.467583	-3919.83
2159	0.460222	-3800.72
2160	0.468882	-3953.24
2161	0.472665	-3990.46
2162	0.462372	-3840.86
2163	0.456764	-3748.48
2164	0.461471	-3828.65
2165	0.4565	-3741.8
2166	0.461779	-3837.36
2167	0.462309	-3842.47
2168	0.457032	-3758.02
2169	0.459518	-3793.84
2170	0.476554	-4058.33
2171	0.470888	-4012.56
2172	0.459127	-3765
2173	0.46442	-3884.23
2174	0.458409	-3793.23
2175	0.458365	-3743.51
2176	0.457363	-3780.5
2177	0.466175	-3890.31
2178	0.462549	-3865.57
2179	0.46255	-3829.3
2180	0.453053	-3694.35
2181	0.467586	-3945.79
2182	0.457051	-3747.95
2183	0.464752	-3864.78
2184	0.461191	-3804.52
2185	0.465143	-3896.83
2186	0.456335	-3749.11
2187	0.459853	-3782.94
2188	0.460125	-3815.43
2189	0.457769	-3783.74
2190	0.456385	-3737.87
2191	0.475588	-4005.32
2192	0.464128	-3868.39
2193	0.466296	-3897.89
2194	0.457857	-3806.15
2195	0.45891	-3773.64
2196	0.459798	-3820.84
2197	0.457905	-3787.18
2198	0.463216	-3837.42
2199	0.467569	-3919.22
2200	0.463192	-3870.79
2201	0.459296	-3784.84
2202	0.468353	-3974.54
2203	0.458358	-3767.53
2204	0.464778	-3875.06
2205	0.462206	-3834.67
2206	0.467824	-3933.16
2207	0.469252	-3983.74
2208	0.456199	-3744.21
2209	0.457398	-3776.65
2210	0.461124	-3814.57
2211	0.457696	-3728.5
2212	0.459012	-3782.92
2213	0.457623	-3762.96
2214	0.469324	-3944.74
2215	0.460909	-3804.58
2216	0.460945	-3839.61
2217	0.46587	-3876.12
2218	0.463155	-3885.49
2219	0.46288	-3859.46
2220	0.465277	-3918.84
2221	0.457856	-3748.61
2222	0.463453	-3811.52
2223	0.460902	-3825.58
2224	0.45817	-3725.29
2225	0.462716	-3845.99
2226	0.460321	-3806.82
2227	0.469167	-3943.48
2228	0.46249	-3837.35
2229	0.464005	-3872.22
2230	0.471291	-3945.37
2231	0.463932	-3857.07
2232	0.46267	-3851.66
2233	0.459854	-3802.88
2234	0.462453	-3834.96
2235	0.469045	-3983.77
2236	0.46166	-3869.27
2237	0.467414	-3961.42
2238	0.470451	-4011.4
2239	0.465476	-3887.16
2240	0.464503	-3891.15
2241	0.464967	-3877.26
2242	0.453034	-3707.07
2243	0.465766	-3872.7
2244	0.462829	-3847.47
2245	0.46192	-3822.94
2246	0.461752	-3803.97
2247	0.46168	-3815.13
2248	0.46042	-3791.18
2249	0.46205	-3824.48
2250	0.458468	-3786.64
2251	0.456778	-3753.88
2252	0.467417	-3904.79
2253	0.461489	-3842.4
2254	0.462248	-3852.52
2255	0.463409	-3870.42
2256	0.455424	-3725.47
2257	0.463918	-3869.63
2258	0.463513	-3860.71
2259	0.459205	-3823.97
2260	0.456246	-3740.3
2261	0.458868	-3770.39
2262	0.461925	-3821.68
2263	0.45847	-3786.13
2264	0.458841	-3801.74
2265	0.468224	-3915.33
2266	0.458295	-3776.57
2267	0.460786	-3816.69
2268	0.462409	-3841.34
2269	0.460578	-3806.77
2270	0.46314	-3844.62
2271	0.460368	-3771.46
2272	0.464657	-3871.89
2273	0.462151	-3826.74
2274	0.460772	-3833.58
2275	0.460511	-3820.19
2276	0.457499	-3751.32
2277	0.458488	-3764.33
2278	0.459843	-3789.62
2279	0.45841	-3775.38
2280	0.458707	-3793.45
2281	0.454746	-3727.41
2282	0.463357	-3832.73
2283	0.461667	-3820.02
2284	0.459739	-3818.85
2285	0.4594	-3772.83
2286	0.463585	-3863.64
2287	0.465525	-3895.97
2288	0.469683	-3966.99
2289	0.464298	-3889.12
2290	0.459396	-3815.18
2291	0.465278	-3859.16
2292	0.451343	-3675.94
2293	0.461633	-3826.2
2294	0.45946	-3789.61
2295	0.460985	-3814.75
2296	0.460524	-3796.11
2297	0.468205	-3958.12
2298	0.463972	-3894.81
2299	0.460214	-3783.62
2300	0.461934	-3821.73
2301	0.464217	-3898.69
2302	0.458808	-3770.18
2303	0.456875	-3751.84
2304	0.45676	-3727.15
2305	0.459261	-3785.57
2306	0.46267	-3849.92
2307	0.460867	-3802.43
2308	0.473502	-4032.03
2309	0.462324	-3873.98
2310	0.455776	-3733.42
2311	0.462377	-3845.94
2312	0.461106	-3804.9
2313	0.456686	-3748.77
2314	0.462785	-3827.73
2315	0.463807	-3856.09
2316	0.460672	-3834.44
2317	0.473528	-4040.22
2318	0.463726	-3853.39
2319	0.464797	-3896.18
2320	0.464193	-3866.59
2321	0.45889	-3777.54
2322	0.462433	-3871.78
2323	0.462012	-3845.15
2324	0.454635	-3711.26
2325	0.462504	-3818.54
2326	0.471859	-4048.75
2327	0.471489	-3969.5
2328	0.458966	-3773.35
2329	0.460958	-3826.26
2330	0.456925	-3735.24
2331	0.464019	-3838.09
2332	0.459159	-3769.36
2333	0.457035	-3779.65
2334	0.460241	-3787.92
2335	0.460628	-3807.13
2336	0.460401	-3792.74
2337	0.466707	-3894.55
2338	0.464916	-3891.3
2339	0.463251	-3874.3
2340	0.463479	-3849.95
2341	0.454836	-3689.08
2342	0.457388	-3755.33
2343	0.466766	-3915.52
2344	0.464405	-3915.68
2345	0.454659	-3707.4
2346	0.455071	-3721.14
2347	0.463782	-3848.3
2348	0.468771	-3941.47
2349	0.460219	-3786.97
2350	0.468824	-3934.04
2351	0.458021	-3766.88
2352	0.456456	-3775.92
2353	0.468873	-3938.5
2354	0.455419	-3702.66
2355	0.465969	-3926.19
2356	0.464411	-3898.23
2357	0.464816	-3904.86
2358	0.455339	-3709.52
2359	0.459958	-3823.76
2360	0.463137	-3857.03
2361	0.460676	-3823.49
2362	0.459296	-3784.56
2363	0.459228	-3776.07
2364	0.462094	-3814.75
2365	0.46357	-3885.32
2366	0.465272	-3901.68
2367	0.461224	-3825.79
2368	0.468207	-3908.4
2369	0.458757	-3813.52
2370	0.461895	-3824.82
2371	0.460907	-3825.6
2372	0.457872	-3790.64
2373	0.466777	-3912.78
2374	0.460009	-3783.77
2375	0.462127	-3822.68
2376	0.461659	-3837.34
2377	0.466371	-3885.47
2378	0.458603	-3786.05
2379	0.461737	-3835.51
2380	0.462777	-3856
2381	0.466178	-3894.48
2382	0.458799	-3795.72
2383	0.462755	-3841.09
2384	0.474432	-4045.25
2385	0.462873	-3853.61
2386	0.4576	-3729.57
2387	0.456331	-3756.59
2388	0.460869	-3789.93
2389	0.462928	-3848.72
2390	0.466392	-3912.86
2391	0.453524	-3699.08
2392	0.455732	-3724.91
2393	0.463928	-3853.48
2394	0.459621	-3803.24
2395	0.464463	-3880.28
2396	0.464026	-3827.34
2397	0.461956	-3841.92
2398	0.45896	-3784.06
2399	0.460741	-3845.64
2400	0.464581	-3847.52
2401	0.466809	-3929.11
2402	0.462378	-3862.91
2403	0.457434	-3780.06
2404	0.462804	-3872.65
2405	0.464792	-3876.44
2406	0.472876	-4033.84
2407	0.464621	-3879.16
2408	0.466747	-3889.22
2409	0.460463	-3808.54
2410	0.463432	-3874.03
2411	0.457639	-3737.82
2412	0.461238	-3799.8
2413	0.462917	-3847.5
2414	0.463677	-3863.75
2415	0.459924	-3795.87
2416	0.466202	-3885.48
2417	0.46064	-3817.09
2418	0.470413	-3980.43
2419	0.461214	-3853.18
2420	0.464331	-3884.48
2421	0.457554	-3784.15
2422	0.469183	-3923.11
2423	0.462413	-3841.63
2424	0.460058	-3789.47
2425	0.46237	-3840.15
2426	0.456829	-3749.95
2427	0.462304	-3847.1
2428	0.459774	-3809.52
2429	0.464965	-3905.31
2430	0.468334	-3958.65
2431	0.458783	-3766.31
2432	0.460855	-3787.45
2433	0.46356	-3856.7
2434	0.46262	-3854.4
2435	0.459849	-3800.6
2436	0.458188	-3762.13
2437	0.460413	-3809.95
2438	0.460573	-3859.87
2439	0.468456	-3915.88
2440	0.456838	-3767.94
2441	0.466042	-3929.53
2442	0.459953	-3800.51
2443	0.459767	-3780.15
2444	0.465759	-3907.16
2445	0.477517	-4129.27
2446	0.459609	-3803.73
2447	0.459316	-3759.86
2448	0.456022	-3763.95
2449	0.458696	-3800.51
2450	0.461756	-3828.65
2451	0.462026	-3823.01
2452	0.470464	-3965.58
2453	0.458646	-3756.26
2454	0.461593	-3840.83
2455	0.466037	-3900.89
2456	0.453974	-3720.06
2457	0.462147	-3834.78
2458	0.458894	-3789.05
2459	0.458928	-3763.21
2460	0.45587	-3720.24
2461	0.459848	-3808.15
2462	0.461848	-3849.97
2463	0.462559	-3844.53
2464	0.45567	-3763.9
2465	0.462669	-3854.66
2466	0.462096	-3821.73
2467	0.469585	-3950.77
2468	0.461247	-3850.33
2469	0.460019	-3804.43
2470	0.47159	-3976.2
2471	0.464446	-3912.14
2472	0.458899	-3789.33
2473	0.466109	-3876.12
2474	0.463646	-3886.94
2475	0.463429	-3887.84
2476	0.465162	-3890.23
2477	0.460203	-3817.8
2478	0.460681	-3800.99
2479	0.463695	-3852.12
2480	0.458255	-3824.51
2481	0.462692	-3837.48
2482	0.459019	-3797.18
2483	0.456653	-3763.25
2484	0.469581	-3986.04
2485	0.454004	-3713.14
2486	0.472991	-4014.41
2487	0.460139	-3802.65
2488	0.461679	-3812.91
2489	0.463184	-3864.17
2490	0.469959	-4014.53
2491	0.463154	-3846.16
2492	0.459495	-3808.85
2493	0.460259	-3808.42
2494	0.464407	-3882.48
2495	0.462672	-3842.67
2496	0.460806	-3798.26
2497	0.460013	-3816.2
2498	0.467782	-3911.14
2499	0.463126	-3820.47
2500	0.456496	-3726.57
2501	0.464188	-3896.02
2502	0.459838	-3806.95
2503	0.460304	-3811.35
2504	0.457935	-3743.93
2505	0.462714	-3863.92
2506	0.455043	-3696.31
2507	0.46972	-3953.89
2508	0.466155	-3894.45
2509	0.464403	-3881.26
2510	0.454067	-3666.4
2511	0.458818	-3787.3
2512	0.463777	-3840.11
2513	0.461999	-3840.67
2514	0.46076	-3787.76
2515	0.458592	-3793.63
2516	0.457711	-3720.46
2517	0.463393	-3837
2518	0.458779	-3797.3
2519	0.474827	-4009.69
2520	0.457556	-3777.84
2521	0.457349	-3747.85
2522	0.455237	-3720.6
2523	0.461119	-3816.81
2524	0.458418	-3777.06
2525	0.462155	-3801.94
2526	0.465902	-3906.8
2527	0.460442	-3793.81
2528	0.469335	-3971.8
2529	0.461488	-3819.71
2530	0.456599	-3748.44
2531	0.465779	-3875.77
2532	0.462823	-3841.42
2533	0.467129	-3913.42
2534	0.467392	-3898.77
2535	0.459535	-3811.58
2536	0.458318	-3809.81
2537	0.458051	-3748.94
2538	0.465015	-3872.79
2539	0.460441	-3788.72
2540	0.461578	-3797.84
2541	0.466691	-3947.91
2542	0.462872	-3896.42
2543	0.460679	-3838.77
2544	0.462883	-3880.02
2545	0.461607	-3836.92
2546	0.463883	-3877.75
2547	0.458955	-3784.26
2548	0.460551	-3827.08
2549	0.460103	-3788.21
2550	0.462587	-3827.75
2551	0.464334	-3873.22
2552	0.460419	-3798.34
2553	0.461557	-3811.33
2554	0.461306	-3824.64
2555	0.466757	-3934.99
2556	0.463168	-3842.47
2557	0.458994	-3777.22
2558	0.458794	-3789.98
2559	0.461004	-3810.95
2560	0.467185	-3880.44
2561	0.460808	-3812.48
2562	0.47088	-3988.37
2563	0.462787	-3854.27
2564	0.454604	-3712.28
2565	0.45646	-3740.66
2566	0.46069	-3809.77
2567	0.461154	-3852.24
2568	0.466458	-3913.85
2569	0.470542	-3999.16
2570	0.461917	-3815.8
2571	0.484573	-4199.15
2572	0.463568	-3843.93
2573	0.467367	-3956.56
2574	0.468094	-3924.41
2575	0.460315	-3776.54
2576	0.459259	-3816.51
2577	0.465764	-3894.77
2578	0.457342	-3775.02
2579	0.461876	-3858.78
2580	0.461814	-3824.56
2581	0.464005	-3879.46
2582	0.456518	-3719.18
2583	0.457609	-3758.38
2584	0.459703	-3779.98
2585	0.45773	-3756.76
2586	0.455674	-3697.01
2587	0.456085	-3735.53
2588	0.461993	-3831.14
2589	0.467914	-3970.53
2590	0.470866	-3953.04
2591	0.464518	-3861.26
2592	0.462204	-3851.74
2593	0.455445	-3694.41
2594	0.460726	-3812.97
2595	0.459067	-3779.08
2596	0.465033	-3874.78
2597	0.46488	-3915.61
2598	0.462603	-3845.85
2599	0.465076	-3898.84
2600	0.459251	-3750.33
2601	0.466404	-3925.66
2602	0.462786	-3842.73
2603	0.45722	-3734.22
2604	0.463166	-3867.22
2605	0.460268	-3825.43
2606	0.472046	-3975.58
2607	0.465944	-3879.56
2608	0.456093	-3739.75
2609	0.454334	-3706.77
2610	0.470881	-3971.92
2611	0.463108	-3883.06
2612	0.454943	-3711.21
2613	0.459954	-3831.48
2614	0.46215	-3857.25
2615	0.467192	-3894.77
2616	0.459085	-3788.68
2617	0.464592	-3872.85
2618	0.455	-3700.44
2619	0.457618	-3781.63
2620	0.462124	-3808.48
2621	0.462925	-3829.31
2622	0.462366	-3819.88
2623	0.462262	-3873.73
2624	0.464838	-3886.31
2625	0.461727	-3812.09
2626	0.464511	-3898.61
2627	0.466882	-3895.86
2628	0.461002	-3822.94
2629	0.460212	-3799.31
2630	0.466651	-3913.28
2631	0.457377	-3757.17
2632	0.45916	-3750.62
2633	0.466993	-3930.09
2634	0.460253	-3791.87
2635	0.463187	-3859.68
2636	0.456419	-3738.49
2637	0.463791	-3873.86
2638	0.460516	-3812.94
2639	0.460961	-3784.64
2640	0.454981	-3743.4
2641	0.46793	-3937.18
2642	0.457895	-3760.86
2643	0.460653	-3821.89
2644	0.458665	-3785.24
2645	0.460815	-3814.02
2646	0.466813	-3915.8
2647	0.474834	-4041.01
2648	0.459721	-3807.15
2649	0.462422	-3853.87
2650	0.466863	-3938.92
2651	0.46312	-3861.61
2652	0.459398	-3790.11
2653	0.460605	-3816.3
2654	0.462144	-3860.56
2655	0.46243	-3870.24
2656	0.460921	-3834.15
2657	0.460863	-3805.14
2658	0.459335	-3817.17
2659	0.459858	-3815.26
2660	0.459814	-3803.39
2661	0.465873	-3913.88
2662	0.461708	-3837.7
2663	0.459315	-3791.76
2664	0.465575	-3883.92
2665	0.456599	-3744.05
2666	0.465978	-3915.02
2667	0.466785	-3922.6
2668	0.462449	-3817.12
2669	0.463927	-3873.79
2670	0.459374	-3789.64
2671	0.463963	-3854.11
2672	0.466084	-3885.64
2673	0.459075	-3810.48
2674	0.458949	-3811.68
2675	0.461098	-3823.26
2676	0.467677	-3910.81
2677	0.463017	-3869.99
2678	0.474273	-4033.47
2679	0.459074	-3792.34
2680	0.462077	-3835.22
2681	0.459316	-3809.33
2682	0.467441	-3937.75
2683	0.460183	-3829
2684	0.462407	-3870.89
2685	0.467717	-3933.39
2686	0.469506	-3947.93
2687	0.459965	-3812.68
2688	0.460328	-3829.32
2689	0.465879	-3922.84
2690	0.462181	-3833.91
2691	0.458266	-3797.9
2692	0.465513	-3874.93
2693	0.466069	-3950.94
2694	0.45678	-3750.19
2695	0.465056	-3868.1
2696	0.464051	-3860.36
2697	0.460975	-3812.06
2698	0.467329	-3907.21
2699	0.460406	-3787.84
2700	0.457753	-3744.34
2701	0.464598	-3875.17
2702	0.461306	-3858.13
2703	0.464316	-3841.91
2704	0.464083	-3888.98
2705	0.465814	-3913.77
2706	0.455503	-3749.91
2707	0.471497	-3980.57
2708	0.457353	-3810.15
2709	0.466832	-3943.76
2710	0.460778	-3833.75
2711	0.461103	-3819.24
2712	0.470174	-3922.45
2713	0.458678	-3814.18
2714	0.464316	-3855.42
2715	0.463603	-3865
2716	0.462183	-3835.34
2717	0.459642	-3776.59
2718	0.462426	-3839.93
2719	0.463852	-3876.34
2720	0.470753	-4005.67
2721	0.460424	-3812.07
2722	0.467735	-3903.37
2723	0.464898	-3885.14
2724	0.458443	-3791.13
2725	0.46307	-3839.78
2726	0.463018	-3833.99
2727	0.463892	-3842.15
2728	0.463411	-3861.45
2729	0.459035	-3782.72
2730	0.460316	-3758.75
2731	0.46001	-3821.42
2732	0.461757	-3832.85
2733	0.465319	-3896.28
2734	0.461548	-3813.41
2735	0.463349	-3852.06
2736	0.458379	-3799.87
2737	0.473156	-4060.45
2738	0.467321	-3900.65
2739	0.463818	-3829.59
2740	0.462946	-3858.48
2741	0.46632	-3908.05
2742	0.459424	-3776.48
2743	0.456136	-3709.18
2744	0.458152	-3749.53
2745	0.458954	-3774.38
2746	0.461288	-3788.61
2747	0.45782	-3792.73
2748	0.472929	-4061.08
2749	0.468301	-3954.09
2750	0.461846	-3865.29
2751	0.459444	-3787.64
2752	0.454218	-3713.18
2753	0.458263	-3768.81
2754	0.460773	-3808.96
2755	0.459528	-3793.49
2756	0.461136	-3797.99
2757	0.460339	-3821.54
2758	0.461261	-3814.86
2759	0.465414	-3906.66
2760	0.462803	-3858.32
2761	0.454789	-3689.1
2762	0.461446	-3839.33
2763	0.468677	-3933.85
2764	0.459653	-3807.12
2765	0.458958	-3792.63
2766	0.462982	-3858.43
2767	0.457297	-3762.07
2768	0.462713	-3868.29
2769	0.462545	-3837.31
2770	0.461995	-3819.9
2771	0.45696	-3739.98
2772	0.469649	-3952.01
2773	0.462496	-3832.56
2774	0.462864	-3853.54
2775	0.457703	-3753.82
2776	0.462997	-3844.15
2777	0.46047	-3834.65
2778	0.462976	-3866.84
2779	0.467596	-3913.53
2780	0.459282	-3806.01
2781	0.459925	-3769.13
2782	0.467119	-3919.87
2783	0.457804	-3794.52
2784	0.459077	-3780.91
2785	0.460543	-3808.81
2786	0.465147	-3887.31
2787	0.480257	-4145.22
2788	0.460007	-3800.46
2789	0.469328	-3964.88
2790	0.464203	-3881.02
2791	0.459626	-3764.22
2792	0.459082	-3809.46
2793	0.463137	-3851.07
2794	0.461701	-3799.32
2795	0.455651	-3712.42
2796	0.458713	-3790.37
2797	0.464843	-3878.15
2798	0.462917	-3852.45
2799	0.465575	-3898.82
2800	0.45837	-3781.45
2801	0.473659	-4054.82
2802	0.462819	-3892.76
2803	0.454982	-3748.31
2804	0.465646	-3908.34
2805	0.458501	-3766.06
2806	0.461862	-3826.28
2807	0.464875	-3915.8
2808	0.459824	-3801.06
2809	0.463711	-3870.91
2810	0.466588	-3915.59
2811	0.463092	-3841.37
2812	0.464492	-3883.42
2813	0.466696	-3903.56
2814	0.466336	-3940.53
2815	0.456847	-3758.86
2816	0.459056	-3775.66
2817	0.459172	-3795.72
2818	0.456126	-3748.27
2819	0.462081	-3821.47
2820	0.459816	-3791.03
2821	0.470293	-3973.54
2822	0.464251	-3878.53
2823	0.460891	-3799.69
2824	0.451275	-3676.29
2825	0.463967	-3860.45
2826	0.457321	-3765.75
2827	0.47183	-4034.31
2828	0.459839	-3788.74
2829	0.465835	-3916.19
2830	0.456967	-3735.05
2831	0.467764	-3905.58
2832	0.466396	-3891.93
2833	0.464688	-3849.32
2834	0.465391	-3904.21
2835	0.456528	-3759.3
2836	0.460382	-3794.53
2837	0.46337	-3846.49
2838	0.458749	-3808.32
2839	0.469305	-3985.01
2840	0.460176	-3815.97
2841	0.457413	-3732.55
2842	0.462395	-3814.65
2843	0.460242	-3813.96
2844	0.455582	-3707.18
2845	0.458313	-3788.27
2846	0.463826	-3890.29
2847	0.45989	-3778.08
2848	0.456314	-3751.66
2849	0.468951	-3966.83
2850	0.468863	-3950.56
2851	0.468865	-3945.09
2852	0.456187	-3754.8
2853	0.457319	-3759.89
2854	0.468967	-3979.71
2855	0.461432	-3816.23
2856	0.469114	-3960.6
2857	0.462385	-3833.62
2858	0.460337	-3810.77
2859	0.461533	-3817.37
2860	0.464725	-3913.82
2861	0.465832	-3892.21
2862	0.46443	-3888.06
2863	0.463035	-3868.12
2864	0.46337	-3863.8
2865	0.459863	-3793.25
2866	0.457613	-3778.75
2867	0.463339	-3865.61
2868	0.466088	-3928.19
2869	0.470723	-4020.42
2870	0.462723	-3848.06
2871	0.46815	-3943.58
2872	0.468247	-3985.87
2873	0.467437	-3950.67
2874	0.460809	-3825.73
2875	0.457439	-3748.33
2876	0.459726	-3825.67
2877	0.463704	-3882.48
2878	0.457591	-3772.84
2879	0.463102	-3840.34
2880	0.459005	-3780.76
2881	0.464143	-3921.66
2882	0.46017	-3822.77
2883	0.461157	-3846.27
2884	0.463173	-3898.33
2885	0.467772	-3916.04
2886	0.46528	-3888.09
2887	0.469004	-3914.08
2888	0.461233	-3865.58
2889	0.465654	-3870.78
2890	0.45624	-3706.89
2891	0.452953	-3662.27
2892	0.46753	-3880.96
2893	0.458328	-3766.41
2894	0.466805	-3881.59
2895	0.460635	-3770.4
2896	0.460748	-3825.09
2897	0.458971	-3816.24
2898	0.461264	-3835.79
2899	0.461518	-3825.86
2900	0.463145	-3841.86
2901	0.460663	-3827.93
2902	0.460968	-3839.31
2903	0.463101	-3859.94
2904	0.460778	-3832.05
2905	0.463687	-3854.11
2906	0.45847	-3766.58
2907	0.464783	-3872.96
2908	0.464333	-3887.18
2909	0.459949	-3811.52
2910	0.468729	-3911.9
2911	0.455078	-3701
2912	0.458957	-3786.83
2913	0.458662	-3759.69
2914	0.459093	-3803.55
2915	0.460134	-3788.39
2916	0.458301	-3806.48
2917	0.46332	-3863.7
2918	0.457632	-3748.42
2919	0.460991	-3813.46
2920	0.457998	-3761.39
2921	0.460816	-3811.48
2922	0.458084	-3772.18
2923	0.454229	-3693.53
2924	0.458954	-3755.8
2925	0.456069	-3760.21
2926	0.470116	-3944.58
2927	0.463077	-3850.46
2928	0.462219	-3816.31
2929	0.464962	-3896.24
2930	0.46464	-3872.66
2931	0.467938	-3948.73
2932	0.458185	-3799.59
2933	0.458252	-3787.23
2934	0.460416	-3808.47
2935	0.457388	-3733.06
2936	0.461946	-3843.6
2937	0.459202	-3807.01
2938	0.461473	-3814.7
2939	0.464034	-3867.4
2940	0.465827	-3909.96
2941	0.464586	-3888.45
2942	0.461967	-3823.8
2943	0.462197	-3843.61
2944	0.459774	-3807.67
2945	0.468051	-3959.37
2946	0.458854	-3810.46
2947	0.464457	-3856.66
2948	0.459794	-3795.44
2949	0.466933	-3896.02
2950	0.461071	-3809.69
2951	0.467211	-3859.96
2952	0.464827	-3874.32
2953	0.458195	-3779.11
2954	0.468414	-3944.7
2955	0.465511	-3897.2
2956	0.466189	-3919.52
2957	0.462566	-3822.45
2958	0.463295	-3858.86
2959	0.467667	-3969.01
2960	0.460354	-3814.48
2961	0.462655	-3850.79
2962	0.465638	-3902.41
2963	0.463309	-3837.63
2964	0.464953	-3880.48
2965	0.459978	-3785.4
2966	0.465019	-3918.1
2967	0.469481	-3970.27
2968	0.461885	-3823.33
2969	0.46318	-3834.8
2970	0.461413	-3814.28
2971	0.457199	-3739.52
2972	0.468165	-3913.17
2973	0.464738	-3903.22
2974	0.467485	-3923.23
2975	0.464727	-3899.36
2976	0.46943	-3972.04
2977	0.469123	-3959.83
2978	0.464745	-3879.21
2979	0.459341	-3785.89
2980	0.46277	-3844.82
2981	0.462663	-3854.59
2982	0.460176	-3809.94
2983	0.46146	-3825.16
2984	0.461512	-3845.85
2985	0.470183	-3968.54
2986	0.468138	-3953.8
2987	0.458815	-3792.82
2988	0.46315	-3879.83
2989	0.462955	-3844.82
2990	0.463601	-3847.3
2991	0.46057	-3828.4
2992	0.462964	-3857.89
2993	0.460612	-3799.22
2994	0.466461	-3900.4
2995	0.461838	-3802.29
2996	0.455047	-3700.09
2997	0.459175	-3773.96
2998	0.462321	-3882.83
2999	0.464672	-3911.1
