0	0.401103	-2932.32
1	0.455123	-3773.91
2	0.460339	-3825.27
3	0.453514	-3676.54
4	0.452922	-3659.05
5	0.456268	-3750.51
6	0.456055	-3751.65
7	0.458027	-3778.58
8	0.448337	-3641.51
9	0.456653	-3740.02
10	0.463459	-3860.49
11	0.453858	-3733.2
12	0.454755	-3709.69
13	0.456547	-3753.17
14	0.454423	-3713.96
15	0.449151	-3631.54
16	0.450478	-3656.83
17	0.453023	-3706.55
18	0.453146	-3679.75
19	0.457158	-3728.7
20	0.454053	-3743.75
21	0.454515	-3696.61
22	0.456577	-3750.8
23	0.447422	-3583.37
24	0.448627	-3637.46
25	0.449665	-3585.31
26	0.45649	-3733.68
27	0.45048	-3624.77
28	0.459234	-3783.02
29	0.45699	-3817.7
30	0.455552	-3725.31
31	0.453728	-3683.98
32	0.454113	-3681.98
33	0.45405	-3699.7
34	0.460217	-3790.49
35	0.449704	-3634.49
36	0.455129	-3712.91
37	0.449875	-3659.2
38	0.456216	-3716.82
39	0.4605	-3802.61
40	0.447863	-3641.73
41	0.457663	-3749.8
42	0.457041	-3745.03
43	0.452325	-3686.58
44	0.450399	-3636.89
45	0.453702	-3695.06
46	0.455309	-3688.37
47	0.452053	-3696.64
48	0.449768	-3650.96
49	0.450443	-3612.61
50	0.452776	-3709.71
51	0.450433	-3639.84
52	0.450962	-3655.42
53	0.45943	-3786.29
54	0.451825	-3666.55
55	0.455568	-3745.39
56	0.4497	-3636.09
57	0.452656	-3706.67
58	0.459351	-3822.52
59	0.457691	-3763.81
60	0.458831	-3779.41
61	0.461513	-3778.63
62	0.459716	-3826.3
63	0.456849	-3764.43
64	0.45616	-3778.89
65	0.467731	-3948.35
66	0.458337	-3768.31
67	0.453625	-3716.96
68	0.451978	-3628.74
69	0.449167	-3611.55
70	0.45539	-3735.51
71	0.449245	-3610.83
72	0.447048	-3591.22
73	0.450468	-3656.09
74	0.457585	-3760.39
75	0.452639	-3699.18
76	0.458484	-3806.97
77	0.471102	-4051.69
78	0.455506	-3751.1
79	0.448246	-3589.87
80	0.459099	-3802.85
81	0.456074	-3737.89
82	0.460707	-3816.12
83	0.453756	-3706.63
84	0.451024	-3636.33
85	0.457432	-3735.29
86	0.452258	-3675.21
87	0.461286	-3829.7
88	0.455512	-3749.85
89	0.455588	-3708.04
90	0.455424	-3713.51
91	0.456642	-3770.26
92	0.45727	-3728.38
93	0.457526	-3733.02
94	0.460858	-3836.84
95	0.456199	-3768.43
96	0.448292	-3611.66
97	0.456294	-3761.93
98	0.454626	-3725.55
99	0.454703	-3728.46
100	0.449735	-3626.82
101	0.451197	-3674.8
102	0.454936	-3694.24
103	0.451872	-3685.7
104	0.460019	-3779.44
105	0.456312	-3755.18
106	0.470103	-4007.91
107	0.452546	-3676.19
108	0.45071	-3646.67
109	0.45294	-3693.67
110	0.45095	-3662.32
111	0.462933	-3845.98
112	0.460058	-3813.11
113	0.458153	-3772.23
114	0.450278	-3638.9
115	0.459768	-3774.22
116	0.455311	-3735.73
117	0.45754	-3741.13
118	0.454839	-3665.78
119	0.452076	-3673.62
120	0.458767	-3731.21
121	0.451252	-3643.71
122	0.454839	-3696.39
123	0.448001	-3589.32
124	0.45217	-3704.98
125	0.451439	-3681.29
126	0.451814	-3686.61
127	0.467051	-3941.14
128	0.450796	-3621.66
129	0.454491	-3703.51
130	0.445978	-3572.96
131	0.459609	-3785.27
132	0.45798	-3771.82
133	0.462144	-3835.21
134	0.452732	-3688
135	0.46011	-3833.77
136	0.456154	-3709.47
137	0.458015	-3757.73
138	0.456057	-3741.79
139	0.449705	-3631.16
140	0.446305	-3574.87
141	0.460834	-3787.56
142	0.454875	-3713.67
143	0.458589	-3798.38
144	0.457811	-3796.05
145	0.456008	-3730.97
146	0.454192	-3718.62
147	0.455557	-3743.26
148	0.451675	-3661.76
149	0.455559	-3714.58
150	0.456764	-3750.4
151	0.454605	-3722.59
152	0.45161	-3667.98
153	0.46054	-3848.28
154	0.455767	-3736.92
155	0.453683	-3722.36
156	0.456424	-3743.81
157	0.45112	-3654.12
158	0.452091	-3692.09
159	0.457768	-3766.91
160	0.454045	-3703.24
161	0.453171	-3693.25
162	0.452336	-3691.87
163	0.453569	-3736.74
164	0.451704	-3677.5
165	0.460062	-3809.16
166	0.454703	-3756.45
167	0.453368	-3702.51
168	0.458222	-3776
169	0.45998	-3790.3
170	0.456487	-3778.86
171	0.456028	-3757.75
172	0.454859	-3688.07
173	0.453644	-3693.05
174	0.452711	-3665.45
175	0.454549	-3666.92
176	0.45172	-3661.26
177	0.458636	-3775.67
178	0.457113	-3791.18
179	0.458002	-3756.55
180	0.458891	-3795.05
181	0.45639	-3743.89
182	0.455127	-3714.35
183	0.450706	-3680.48
184	0.455925	-3734.53
185	0.455483	-3724.13
186	0.448007	-3624.28
187	0.458201	-3813.99
188	0.453181	-3715.28
189	0.457432	-3759.8
190	0.459822	-3809.98
191	0.461495	-3823.02
192	0.454308	-3695.36
193	0.450912	-3673.95
194	0.460172	-3817.11
195	0.459521	-3798.43
196	0.4596	-3789.81
197	0.458628	-3800.31
198	0.456878	-3740.24
199	0.452795	-3676.43
200	0.455607	-3728.73
201	0.452152	-3686.86
202	0.448516	-3625.57
203	0.452226	-3642.45
204	0.455574	-3740.19
205	0.459752	-3766.39
206	0.463238	-3854.6
207	0.448773	-3622.82
208	0.458161	-3784.82
209	0.452424	-3700.51
210	0.456901	-3741.33
211	0.460359	-3786.08
212	0.458199	-3771.51
213	0.455805	-3744.22
214	0.455927	-3737.27
215	0.452439	-3691.44
216	0.458639	-3762.84
217	0.463404	-3800.89
218	0.455357	-3716.35
219	0.458435	-3771.81
220	0.453453	-3674
221	0.458817	-3778.78
222	0.465534	-3874.13
223	0.450577	-3676.68
224	0.452109	-3664.88
225	0.455797	-3749.87
226	0.456519	-3725.35
227	0.457617	-3800.53
228	0.457187	-3756.88
229	0.456769	-3756.28
230	0.44416	-3508.73
231	0.463039	-3866.46
232	0.45318	-3703.22
233	0.453014	-3675.13
234	0.454798	-3701.7
235	0.461196	-3855.84
236	0.446723	-3588.56
237	0.46159	-3812.75
238	0.457301	-3759.57
239	0.461374	-3849.8
240	0.457949	-3773.67
241	0.45352	-3695.43
242	0.453053	-3685.93
243	0.456541	-3748.05
244	0.454047	-3718.52
245	0.467291	-3949.99
246	0.449253	-3650.47
247	0.45212	-3661.34
248	0.456567	-3724.71
249	0.455189	-3731.25
250	0.44991	-3631.68
251	0.456091	-3751.31
252	0.459977	-3812.04
253	0.451687	-3676.32
254	0.453773	-3689.95
255	0.45569	-3683.23
256	0.455656	-3729.74
257	0.457448	-3738.78
258	0.449506	-3633.51
259	0.450456	-3630
260	0.454049	-3717.12
261	0.456538	-3769.22
262	0.456711	-3724.22
263	0.45823	-3791.87
264	0.450702	-3635.6
265	0.457457	-3758.49
266	0.445796	-3533.07
267	0.458428	-3813.03
268	0.454696	-3716.9
269	0.449672	-3629.27
270	0.449585	-3624.47
271	0.46149	-3828.26
272	0.454833	-3683.68
273	0.449665	-3640.93
274	0.454279	-3741.4
275	0.452835	-3664.94
276	0.452366	-3656.48
277	0.453784	-3681.56
278	0.45842	-3743.67
279	0.451148	-3613.44
280	0.45579	-3706.66
281	0.462086	-3819.22
282	0.449997	-3638.36
283	0.458128	-3735.54
284	0.456556	-3739.81
285	0.456911	-3767.59
286	0.454882	-3701.95
287	0.453002	-3706.38
288	0.454008	-3716.16
289	0.453645	-3713.85
290	0.451112	-3637.07
291	0.453065	-3674.74
292	0.454797	-3757.31
293	0.452706	-3696.05
294	0.452301	-3660.03
295	0.455454	-3720.72
296	0.459391	-3820.66
297	0.452222	-3696.27
298	0.452013	-3670.44
299	0.456567	-3727.54
300	0.452974	-3685.5
301	0.460495	-3808.27
302	0.454553	-3725.66
303	0.454801	-3737.88
304	0.451457	-3668.22
305	0.454975	-3718.69
306	0.455401	-3737.01
307	0.452836	-3688.89
308	0.460113	-3798.76
309	0.452231	-3673.39
310	0.455919	-3740.31
311	0.458726	-3796.89
312	0.454747	-3714.87
313	0.455599	-3756.57
314	0.454596	-3684.17
315	0.449544	-3620.22
316	0.452564	-3682.75
317	0.458029	-3781.31
318	0.458475	-3777.73
319	0.453476	-3669.72
320	0.450692	-3669.76
321	0.455177	-3747.41
322	0.453952	-3664.72
323	0.454018	-3667.91
324	0.449949	-3590.68
325	0.454849	-3744.2
326	0.465082	-3872.04
327	0.453054	-3698.81
328	0.458413	-3733.76
329	0.449608	-3636.65
330	0.455829	-3704.34
331	0.457893	-3777.63
332	0.463197	-3849.48
333	0.450482	-3668.86
334	0.451625	-3718.78
335	0.448303	-3641.31
336	0.461142	-3831.65
337	0.455383	-3733.68
338	0.451093	-3655.22
339	0.459935	-3812.53
340	0.46718	-3925.52
341	0.454396	-3704.05
342	0.461714	-3806.14
343	0.460029	-3799.06
344	0.453956	-3710.79
345	0.454552	-3709.12
346	0.459255	-3834.62
347	0.461568	-3830.47
348	0.457802	-3781.44
349	0.458083	-3774.43
350	0.453098	-3692.43
351	0.451787	-3688.55
352	0.456599	-3750.32
353	0.453605	-3661.39
354	0.453242	-3717.32
355	0.45944	-3787.15
356	0.455901	-3716.4
357	0.449388	-3645.45
358	0.455574	-3772.2
359	0.461621	-3816.22
360	0.45003	-3658.9
361	0.450934	-3658.26
362	0.448401	-3609.15
363	0.456195	-3754.63
364	0.454418	-3698.42
365	0.451879	-3701.17
366	0.45295	-3674.85
367	0.44834	-3586.48
368	0.455878	-3738.77
369	0.454816	-3721.35
370	0.457348	-3768.98
371	0.451447	-3656.71
372	0.456366	-3810.76
373	0.446842	-3595.37
374	0.457398	-3760.78
375	0.458387	-3763
376	0.448178	-3623.04
377	0.451951	-3673.92
378	0.451422	-3662.33
379	0.452875	-3690.86
380	0.45289	-3680.76
381	0.455432	-3728.03
382	0.458675	-3824.87
383	0.462738	-3819.48
384	0.451941	-3668.69
385	0.451348	-3691.79
386	0.451672	-3671.78
387	0.454499	-3729.65
388	0.450006	-3621.22
389	0.460229	-3831.42
390	0.457096	-3763.95
391	0.455703	-3741.89
392	0.446463	-3556.44
393	0.459697	-3797.72
394	0.455483	-3727.54
395	0.457469	-3789.05
396	0.458315	-3827.06
397	0.458379	-3807.55
398	0.45513	-3705.73
399	0.462963	-3845.28
400	0.451658	-3670.18
401	0.451547	-3699.83
402	0.454119	-3667.85
403	0.456521	-3748.02
404	0.459571	-3783.57
405	0.457812	-3753.96
406	0.456378	-3719.08
407	0.456257	-3746.67
408	0.454164	-3739.94
409	0.4483	-3637.81
410	0.456006	-3734.19
411	0.461976	-3829.5
412	0.447708	-3600.86
413	0.45253	-3688.54
414	0.458109	-3793.18
415	0.457487	-3786.93
416	0.454081	-3698.85
417	0.455372	-3738.34
418	0.450222	-3633.17
419	0.45423	-3699.39
420	0.456794	-3821
421	0.458743	-3780.11
422	0.457835	-3771.13
423	0.458202	-3770.81
424	0.457763	-3773.15
425	0.453269	-3697.59
426	0.452376	-3684.99
427	0.451742	-3691.23
428	0.451097	-3672.7
429	0.454992	-3709.65
430	0.453184	-3715.63
431	0.456116	-3751.44
432	0.450848	-3648.06
433	0.457843	-3778.99
434	0.451631	-3691.73
435	0.454563	-3707.05
436	0.452627	-3681.4
437	0.456105	-3686.49
438	0.451373	-3680.55
439	0.454518	-3738.31
440	0.452451	-3670.88
441	0.455548	-3726.28
442	0.456284	-3730.9
443	0.457698	-3801.21
444	0.45397	-3700.34
445	0.447831	-3593.94
446	0.456642	-3776.68
447	0.457146	-3770.95
448	0.448337	-3623.83
449	0.454601	-3676.67
450	0.461728	-3848.42
451	0.450348	-3668.14
452	0.465012	-3889.5
453	0.456553	-3705.02
454	0.454011	-3712.85
455	0.454301	-3699.3
456	0.454335	-3668.41
457	0.451969	-3687.03
458	0.457265	-3739.27
459	0.458094	-3794.86
460	0.462847	-3865.36
461	0.455596	-3723.69
462	0.458477	-3749.35
463	0.455334	-3720.3
464	0.454518	-3743.56
465	0.450863	-3658.2
466	0.457859	-3751.67
467	0.452836	-3709.85
468	0.454096	-3710.42
469	0.456432	-3747.53
470	0.461121	-3835.77
471	0.453192	-3656.49
472	0.448248	-3612.24
473	0.45425	-3696.09
474	0.459966	-3799.29
475	0.452661	-3664.61
476	0.455409	-3732.88
477	0.45247	-3667.65
478	0.455168	-3731.25
479	0.454722	-3734.43
480	0.452032	-3683.4
481	0.45754	-3754.12
482	0.454319	-3697.52
483	0.453423	-3668.72
484	0.453971	-3674.73
485	0.456499	-3753.07
486	0.452218	-3674.98
487	0.460821	-3788.74
488	0.455106	-3752.83
489	0.449662	-3644.3
490	0.449861	-3613.26
491	0.458294	-3794.48
492	0.461962	-3836.68
493	0.454586	-3727.6
494	0.452225	-3688.47
495	0.451475	-3686.97
496	0.457785	-3771.45
497	0.459029	-3747.07
498	0.458079	-3785.14
499	0.458283	-3758.76
500	0.456776	-3765.56
501	0.453063	-3686.61
502	0.454482	-3700.99
503	0.444786	-3561.46
504	0.450193	-3649.26
505	0.446079	-3576.28
506	0.458967	-3783.43
507	0.466998	-3924.74
508	0.452571	-3659.01
509	0.455886	-3707.72
510	0.453435	-3716.96
511	0.448482	-3626.39
512	0.466573	-3900.93
513	0.45382	-3708.56
514	0.452906	-3691.94
515	0.452623	-3679.96
516	0.455851	-3710.76
517	0.451555	-3677.98
518	0.450292	-3630.18
519	0.456218	-3725.81
520	0.455721	-3715.13
521	0.451013	-3665.69
522	0.453797	-3722.24
523	0.461222	-3853.25
524	0.456227	-3740.41
525	0.45691	-3747.46
526	0.451869	-3676.95
527	0.448463	-3584.61
528	0.459702	-3836.62
529	0.459523	-3786.87
530	0.454858	-3732.96
531	0.455775	-3746.12
532	0.453385	-3692.92
533	0.456728	-3750.72
534	0.451738	-3659.88
535	0.459557	-3783.66
536	0.455033	-3691.31
537	0.460711	-3797.52
538	0.453578	-3710.98
539	0.452192	-3666.3
540	0.453347	-3681.09
541	0.452066	-3678.97
542	0.452656	-3694.44
543	0.453952	-3723.58
544	0.455413	-3738.19
545	0.457551	-3754.01
546	0.462944	-3850.1
547	0.463552	-3896.44
548	0.454588	-3718.49
549	0.448475	-3602.78
550	0.452935	-3689.26
551	0.462393	-3860.04
552	0.448975	-3627.62
553	0.461833	-3798.5
554	0.455579	-3752.47
555	0.459848	-3786.66
556	0.459446	-3781.26
557	0.450866	-3650.57
558	0.449036	-3640.45
559	0.45089	-3659
560	0.455284	-3699.3
561	0.450365	-3620.35
562	0.457707	-3828.94
563	0.457044	-3748.5
564	0.454049	-3726.53
565	0.454178	-3702.31
566	0.451067	-3657.02
567	0.456536	-3746.43
568	0.454614	-3735.52
569	0.44792	-3595.82
570	0.459367	-3810.39
571	0.453485	-3704.08
572	0.453547	-3696.48
573	0.45285	-3705.56
574	0.458359	-3800.41
575	0.452619	-3677.27
576	0.453624	-3702.18
577	0.458155	-3769.98
578	0.452259	-3698.62
579	0.456455	-3741.2
580	0.453598	-3679.59
581	0.448147	-3622.24
582	0.456177	-3710.81
583	0.451072	-3664.64
584	0.456492	-3727.02
585	0.458263	-3745.47
586	0.457272	-3743.74
587	0.451606	-3680.56
588	0.453182	-3693.53
589	0.458428	-3794.87
590	0.449294	-3621.19
591	0.45807	-3783.9
592	0.445361	-3590.88
593	0.450575	-3669.83
594	0.458567	-3809.62
595	0.45171	-3636.29
596	0.462771	-3874.26
597	0.459519	-3798.34
598	0.452915	-3707.29
599	0.462154	-3855.72
600	0.453794	-3707.37
601	0.455667	-3733.14
602	0.454751	-3697.62
603	0.452211	-3694.1
604	0.452091	-3671.85
605	0.448475	-3629.3
606	0.457399	-3787.27
607	0.454529	-3700.98
608	0.45531	-3748.43
609	0.461424	-3841.05
610	0.455921	-3721.41
611	0.453736	-3684.44
612	0.447157	-3588.88
613	0.453362	-3665.06
614	0.451309	-3665.35
615	0.455444	-3709.55
616	0.449762	-3629.47
617	0.45571	-3768.73
618	0.457343	-3770.39
619	0.461662	-3822.45
620	0.453765	-3716.84
621	0.458648	-3781.82
622	0.459701	-3785.85
623	0.461667	-3837.55
624	0.454128	-3690.36
625	0.453102	-3711.85
626	0.461831	-3832.69
627	0.457629	-3758.72
628	0.455381	-3726.33
629	0.458308	-3788.34
630	0.453825	-3721.67
631	0.459971	-3817.29
632	0.455996	-3724.22
633	0.456097	-3756.43
634	0.450225	-3654.68
635	0.453342	-3678.72
636	0.450428	-3641.87
637	0.46311	-3838.71
638	0.457309	-3752.48
639	0.448738	-3605.85
640	0.450391	-3657.64
641	0.45159	-3678.1
642	0.453434	-3706.05
643	0.458793	-3786.39
644	0.45394	-3720.03
645	0.458358	-3824.04
646	0.452285	-3641.86
647	0.458676	-3773.03
648	0.448883	-3638.61
649	0.459568	-3826.74
650	0.45389	-3703.78
651	0.453798	-3697.36
652	0.458775	-3781.97
653	0.453484	-3727.97
654	0.450324	-3625.54
655	0.453251	-3708.66
656	0.464542	-3911.47
657	0.461134	-3766.24
658	0.451271	-3627.11
659	0.458021	-3788.12
660	0.457376	-3744.2
661	0.456795	-3735.67
662	0.455425	-3746.32
663	0.451761	-3653.82
664	0.45041	-3663.53
665	0.459948	-3786.75
666	0.456756	-3788.24
667	0.450899	-3642.62
668	0.457683	-3761.34
669	0.458308	-3784.89
670	0.451087	-3649.68
671	0.453508	-3718.7
672	0.45659	-3722.97
673	0.455483	-3700.72
674	0.457582	-3752.55
675	0.452937	-3682.82
676	0.456448	-3752.7
677	0.44923	-3642.1
678	0.463317	-3838.26
679	0.449813	-3616.87
680	0.450704	-3639.22
681	0.454391	-3722.91
682	0.450758	-3657.93
683	0.465797	-3879.25
684	0.452044	-3654.36
685	0.448555	-3614.44
686	0.459655	-3778.72
687	0.452204	-3666.37
688	0.454731	-3712.51
689	0.455301	-3711.89
690	0.455015	-3704.2
691	0.455149	-3733.33
692	0.456848	-3753
693	0.451937	-3698
694	0.44877	-3621.23
695	0.45339	-3730.32
696	0.458455	-3794.3
697	0.459808	-3849.41
698	0.456813	-3761.64
699	0.451017	-3666.6
700	0.452529	-3692.1
701	0.454235	-3741.24
702	0.455148	-3744.2
703	0.464314	-3875.41
704	0.449675	-3608.98
705	0.451357	-3678.95
706	0.447735	-3569.97
707	0.45274	-3694.9
708	0.458739	-3793.84
709	0.451365	-3623.38
710	0.447692	-3618.37
711	0.454936	-3734.26
712	0.455203	-3724.39
713	0.457188	-3745.63
714	0.456524	-3738.03
715	0.4572	-3761.6
716	0.452906	-3673.32
717	0.456655	-3757.71
718	0.453342	-3679.17
719	0.461072	-3783.75
720	0.455874	-3761.16
721	0.456749	-3750.33
722	0.456506	-3725.99
723	0.455113	-3680.73
724	0.45457	-3705.15
725	0.454461	-3714.43
726	0.456573	-3729.3
727	0.45313	-3700.61
728	0.452862	-3681.73
729	0.456507	-3743.47
730	0.457207	-3748.75
731	0.449874	-3654.34
732	0.451985	-3703.28
733	0.453153	-3696.65
734	0.455232	-3724.63
735	0.455112	-3742.69
736	0.455998	-3748.04
737	0.460199	-3833.07
738	0.453053	-3670.84
739	0.453821	-3718.65
740	0.460888	-3812.39
741	0.458605	-3800.16
742	0.451629	-3676.32
743	0.454485	-3737.66
744	0.455943	-3749.07
745	0.449734	-3648.68
746	0.454417	-3714.71
747	0.450059	-3679.36
748	0.466975	-3923.35
749	0.452816	-3691.33
750	0.456378	-3741.35
751	0.452233	-3677.19
752	0.456587	-3777.96
753	0.455849	-3721.97
754	0.450507	-3659.38
755	0.458775	-3784.32
756	0.452297	-3703.7
757	0.457671	-3769.89
758	0.451118	-3670.62
759	0.45654	-3753.31
760	0.454781	-3676.89
761	0.45557	-3731.83
762	0.457835	-3741.67
763	0.455609	-3729.9
764	0.454696	-3716.03
765	0.448894	-3580.24
766	0.452273	-3676.24
767	0.45145	-3650.8
768	0.455304	-3720.85
769	0.451385	-3671.36
770	0.451585	-3633.08
771	0.452191	-3648.56
772	0.454707	-3732.93
773	0.449335	-3627.39
774	0.452425	-3680.74
775	0.449026	-3640.14
776	0.457984	-3777.14
777	0.455148	-3731.04
778	0.454195	-3718.74
779	0.460953	-3799.56
780	0.455633	-3699.65
781	0.450391	-3647.54
782	0.454808	-3697.28
783	0.454819	-3716.05
784	0.45986	-3806.05
785	0.451272	-3659.98
786	0.456772	-3753.59
787	0.450417	-3631.26
788	0.448418	-3601.15
789	0.454473	-3709.39
790	0.459576	-3838.57
791	0.449257	-3640.91
792	0.463011	-3832.37
793	0.453785	-3712.12
794	0.45038	-3618.65
795	0.460059	-3777.73
796	0.458338	-3793.7
797	0.453557	-3718.86
798	0.454499	-3706.79
799	0.453422	-3684.32
800	0.454365	-3735.55
801	0.463732	-3847.56
802	0.456767	-3766.92
803	0.457592	-3769.88
804	0.455338	-3738.17
805	0.451041	-3664.28
806	0.461648	-3838.87
807	0.453127	-3659.18
808	0.455246	-3718.72
809	0.455573	-3716.65
810	0.46101	-3811.46
811	0.4568	-3733.98
812	0.456951	-3743.78
813	0.454286	-3691.41
814	0.454965	-3757.59
815	0.462366	-3841.55
816	0.45674	-3734.57
817	0.453901	-3704.12
818	0.448292	-3619.13
819	0.457156	-3756.36
820	0.458359	-3805.33
821	0.452402	-3684.41
822	0.448179	-3608.77
823	0.458073	-3773.66
824	0.459847	-3800.66
825	0.459246	-3780.52
826	0.453447	-3742.29
827	0.457928	-3779.85
828	0.453206	-3686.72
829	0.458296	-3747.46
830	0.4658	-3940.92
831	0.448535	-3598.65
832	0.455025	-3750.56
833	0.455414	-3740.99
834	0.458156	-3743.89
835	0.454905	-3731.32
836	0.454396	-3717.7
837	0.453698	-3683.09
838	0.450798	-3648.57
839	0.455453	-3695.9
840	0.462043	-3839.75
841	0.453381	-3689.98
842	0.451274	-3660.68
843	0.451817	-3667.06
844	0.455411	-3686.38
845	0.450722	-3665.19
846	0.45679	-3745.5
847	0.458217	-3779.34
848	0.458818	-3767.9
849	0.451071	-3666.7
850	0.456146	-3754.25
851	0.458181	-3757.94
852	0.453679	-3691.44
853	0.464291	-3886.06
854	0.454651	-3748.92
855	0.448793	-3612.87
856	0.450886	-3660.24
857	0.452501	-3685.2
858	0.463916	-3874.14
859	0.452706	-3639.74
860	0.460118	-3763.04
861	0.452665	-3687.83
862	0.458262	-3773.12
863	0.457071	-3748.35
864	0.451389	-3674.13
865	0.452494	-3690.56
866	0.454189	-3741.95
867	0.455039	-3749.42
868	0.45682	-3753.52
869	0.459629	-3803.63
870	0.449633	-3633.96
871	0.452897	-3700.1
872	0.446856	-3604.06
873	0.457178	-3738.84
874	0.451379	-3652.64
875	0.455521	-3717.46
876	0.458856	-3788.46
877	0.457027	-3762.07
878	0.460534	-3817.93
879	0.452863	-3698.91
880	0.453469	-3669.74
881	0.460735	-3840.53
882	0.454649	-3719.8
883	0.456615	-3792.21
884	0.456935	-3723.36
885	0.456097	-3699.74
886	0.450982	-3665.76
887	0.450929	-3648.87
888	0.463523	-3852.89
889	0.45699	-3732.89
890	0.458165	-3793.11
891	0.459002	-3799.65
892	0.456413	-3760.65
893	0.454336	-3702.63
894	0.456553	-3696.95
895	0.453704	-3694.1
896	0.457275	-3773.98
897	0.463445	-3874.73
898	0.450089	-3633.51
899	0.447939	-3630.19
900	0.453974	-3703.48
901	0.452639	-3709.25
902	0.460067	-3721.8
903	0.452818	-3702.81
904	0.448112	-3640.64
905	0.452061	-3681.22
906	0.455183	-3710.14
907	0.457011	-3746.65
908	0.455507	-3709.27
909	0.455673	-3727.7
910	0.459118	-3828.1
911	0.457132	-3709.35
912	0.450121	-3655.76
913	0.454967	-3718.54
914	0.44963	-3663.07
915	0.454761	-3702.05
916	0.458352	-3786.51
917	0.453941	-3709.52
918	0.454155	-3711.43
919	0.463726	-3866.79
920	0.456411	-3751.81
921	0.454491	-3686.54
922	0.450466	-3632.05
923	0.460953	-3840.13
924	0.458086	-3752.83
925	0.455591	-3711.31
926	0.451355	-3651.23
927	0.4567	-3769.87
928	0.456508	-3762.06
929	0.453952	-3700.34
930	0.45451	-3726.06
931	0.448671	-3592.05
932	0.450502	-3643.67
933	0.454352	-3700.83
934	0.456479	-3769.99
935	0.454255	-3673.17
936	0.454915	-3725.96
937	0.451899	-3686.41
938	0.455568	-3752.08
939	0.452748	-3681.06
940	0.448737	-3600.15
941	0.451133	-3643.26
942	0.451068	-3643.15
943	0.45191	-3687.7
944	0.452825	-3709.7
945	0.45065	-3654.72
946	0.463187	-3858.06
947	0.456323	-3756.28
948	0.454386	-3728.5
949	0.454292	-3749.23
950	0.451574	-3650.27
951	0.454674	-3707.51
952	0.447198	-3590.44
953	0.456377	-3764.75
954	0.457481	-3779.33
955	0.450336	-3627.87
956	0.457435	-3724.27
957	0.450503	-3659.04
958	0.453305	-3689.84
959	0.454255	-3718.19
960	0.45172	-3648.88
961	0.456511	-3673.14
962	0.45267	-3680.46
963	0.454742	-3685.94
964	0.458188	-3776.19
965	0.451026	-3663.97
966	0.45785	-3808.64
967	0.456573	-3757.61
968	0.461053	-3820.01
969	0.454987	-3729.65
970	0.448811	-3646.91
971	0.454031	-3704
972	0.454931	-3713.03
973	0.460599	-3832.36
974	0.456589	-3713.94
975	0.457627	-3757.24
976	0.445941	-3547.12
977	0.451196	-3664
978	0.45312	-3709.51
979	0.460436	-3826.32
980	0.454328	-3701.15
981	0.457649	-3789.63
982	0.464647	-3846.64
983	0.450194	-3643.21
984	0.459522	-3811.08
985	0.458666	-3832.64
986	0.448739	-3618.77
987	0.45494	-3742.7
988	0.450847	-3678.53
989	0.452232	-3683.11
990	0.453836	-3721.71
991	0.453388	-3696.63
992	0.458584	-3782.28
993	0.453463	-3669.65
994	0.452984	-3712.91
995	0.454082	-3720.01
996	0.453219	-3688.11
997	0.450047	-3628.24
998	0.459797	-3820.56
999	0.455032	-3727.75
1000	0.459701	-3794.23
1001	0.450583	-3646.81
1002	0.455289	-3707.48
1003	0.45996	-3778.08
1004	0.450481	-3660.29
1005	0.453459	-3677.43
1006	0.457494	-3761.65
1007	0.452699	-3706.9
1008	0.458699	-3772.61
1009	0.454241	-3712.91
1010	0.457972	-3749.15
1011	0.456709	-3728.35
1012	0.446892	-3593.93
1013	0.456225	-3697.65
1014	0.456179	-3694.75
1015	0.456027	-3731.03
1016	0.458913	-3755.6
1017	0.452624	-3659.76
1018	0.454376	-3724.05
1019	0.456915	-3741.93
1020	0.464305	-3865.4
1021	0.454748	-3695.9
1022	0.453272	-3685.94
1023	0.45079	-3681.97
1024	0.458335	-3773.98
1025	0.450618	-3630.7
1026	0.459827	-3763.71
1027	0.452088	-3693.42
1028	0.466886	-3925.2
1029	0.454434	-3691.1
1030	0.455968	-3734.78
1031	0.461594	-3854.08
1032	0.452253	-3697.85
1033	0.446957	-3583.64
1034	0.448573	-3599.96
1035	0.457706	-3755.36
1036	0.457338	-3779.34
1037	0.453769	-3718.91
1038	0.455864	-3749.16
1039	0.452022	-3669.51
1040	0.460864	-3810.68
1041	0.452785	-3700.6
1042	0.454592	-3718.88
1043	0.456595	-3722.78
1044	0.445552	-3571.96
1045	0.452427	-3656.4
1046	0.456709	-3735.5
1047	0.450076	-3657.42
1048	0.450683	-3664.03
1049	0.459032	-3814.84
1050	0.449909	-3646.57
1051	0.448641	-3618.19
1052	0.454516	-3722.34
1053	0.454539	-3715.73
1054	0.449285	-3627.6
1055	0.458816	-3774.88
1056	0.458766	-3757.8
1057	0.45489	-3720.69
1058	0.44983	-3649.83
1059	0.454917	-3746.78
1060	0.462303	-3848.81
1061	0.458525	-3766.71
1062	0.451382	-3647.46
1063	0.452742	-3687.98
1064	0.457249	-3766.79
1065	0.455959	-3735.24
1066	0.456057	-3753.52
1067	0.453877	-3726.78
1068	0.453706	-3695.76
1069	0.453968	-3690.32
1070	0.45528	-3735.11
1071	0.455612	-3726.55
1072	0.455625	-3747.87
1073	0.458442	-3796.36
1074	0.464825	-3931.11
1075	0.455946	-3679.67
1076	0.447561	-3577.83
1077	0.455383	-3732.91
1078	0.462617	-3838.63
1079	0.453376	-3718.35
1080	0.456245	-3743.42
1081	0.457316	-3760.88
1082	0.45528	-3708.52
1083	0.448266	-3631.37
1084	0.456139	-3729.15
1085	0.45537	-3712.68
1086	0.45257	-3677.35
1087	0.449349	-3610.33
1088	0.450174	-3662.15
1089	0.453083	-3651.91
1090	0.455589	-3741.92
1091	0.452772	-3656.08
1092	0.450505	-3660.89
1093	0.464047	-3844.05
1094	0.457849	-3738.7
1095	0.456953	-3751.91
1096	0.453485	-3692.17
1097	0.459119	-3797.88
1098	0.456363	-3737.91
1099	0.460072	-3825.19
1100	0.451393	-3663.17
1101	0.454885	-3753.03
1102	0.45664	-3749.94
1103	0.450554	-3651.07
1104	0.454998	-3697.32
1105	0.452575	-3665.96
1106	0.448948	-3641.2
1107	0.451293	-3665.51
1108	0.452615	-3678.48
1109	0.457772	-3726.4
1110	0.449103	-3644.03
1111	0.449755	-3617.92
1112	0.452414	-3677.49
1113	0.455371	-3706.15
1114	0.45845	-3764.2
1115	0.449434	-3643.15
1116	0.466948	-3935.51
1117	0.451418	-3652.49
1118	0.457094	-3753.11
1119	0.466026	-3899.51
1120	0.455885	-3753.12
1121	0.451672	-3636.58
1122	0.454081	-3677.78
1123	0.455078	-3700.73
1124	0.452564	-3645.5
1125	0.463233	-3909.45
1126	0.455804	-3745.57
1127	0.45115	-3632.58
1128	0.447557	-3580.71
1129	0.454943	-3713.77
1130	0.454678	-3726.76
1131	0.454068	-3698.08
1132	0.465327	-3917.37
1133	0.454915	-3710.62
1134	0.457268	-3738.49
1135	0.453588	-3684.38
1136	0.462561	-3828.23
1137	0.455241	-3717.44
1138	0.452882	-3705.43
1139	0.458687	-3802.67
1140	0.451854	-3669.11
1141	0.457611	-3745.75
1142	0.447283	-3570.02
1143	0.453313	-3697.77
1144	0.458669	-3776.34
1145	0.455933	-3745.6
1146	0.459036	-3802.46
1147	0.450734	-3642.82
1148	0.456565	-3727.59
1149	0.452128	-3701.93
1150	0.450051	-3672.27
1151	0.456715	-3728.55
1152	0.454279	-3709.01
1153	0.457222	-3753.01
1154	0.457273	-3747.24
1155	0.451593	-3669.76
1156	0.452716	-3682.66
1157	0.44635	-3557.24
1158	0.450579	-3662.14
1159	0.457059	-3756.35
1160	0.453826	-3707.63
1161	0.449774	-3654.52
1162	0.464048	-3934.71
1163	0.447161	-3585.82
1164	0.453504	-3687.41
1165	0.457209	-3712.4
1166	0.446468	-3578.76
1167	0.460837	-3822.75
1168	0.450579	-3655.64
1169	0.453775	-3690.09
1170	0.452983	-3686.68
1171	0.465203	-3905.06
1172	0.459357	-3762.17
1173	0.459871	-3770.12
1174	0.454306	-3705.48
1175	0.45002	-3631.1
1176	0.449502	-3661.57
1177	0.457856	-3734.26
1178	0.45385	-3723.78
1179	0.464847	-3883.11
1180	0.455322	-3715.37
1181	0.459374	-3811.29
1182	0.455868	-3760.64
1183	0.455699	-3693.6
1184	0.45137	-3651.01
1185	0.448794	-3637.07
1186	0.451826	-3673.38
1187	0.452199	-3658.07
1188	0.458207	-3777.74
1189	0.460203	-3788.23
1190	0.457596	-3801.87
1191	0.452235	-3671.69
1192	0.452881	-3666.31
1193	0.454681	-3729.19
1194	0.455921	-3726.27
1195	0.45614	-3754.34
1196	0.453634	-3689.64
1197	0.462339	-3868.83
1198	0.449169	-3641.16
1199	0.450948	-3638.51
1200	0.457353	-3741.76
1201	0.453581	-3673.05
1202	0.467991	-3916.05
1203	0.45561	-3725.57
1204	0.455578	-3754.56
1205	0.458585	-3778.97
1206	0.455967	-3724.82
1207	0.457403	-3705.57
1208	0.463885	-3855.1
1209	0.452297	-3654.87
1210	0.448408	-3592.42
1211	0.452713	-3678.23
1212	0.451311	-3652.66
1213	0.457344	-3757.01
1214	0.456303	-3717.88
1215	0.451652	-3659.59
1216	0.453051	-3708.58
1217	0.456962	-3746.55
1218	0.456814	-3728.12
1219	0.458829	-3738.18
1220	0.454639	-3744.19
1221	0.454668	-3722.91
1222	0.461867	-3864.05
1223	0.453982	-3711.53
1224	0.449714	-3652.89
1225	0.455179	-3753.65
1226	0.462186	-3852.14
1227	0.459725	-3788.01
1228	0.449587	-3659.8
1229	0.448792	-3627.72
1230	0.447035	-3589.11
1231	0.460433	-3808.86
1232	0.452633	-3674.74
1233	0.457383	-3753.77
1234	0.458595	-3768.52
1235	0.453621	-3733.09
1236	0.460989	-3856.44
1237	0.450518	-3652.76
1238	0.44771	-3590.89
1239	0.451007	-3631.73
1240	0.456436	-3790.46
1241	0.447527	-3613.16
1242	0.455821	-3771.87
1243	0.451516	-3664.14
1244	0.455698	-3731.36
1245	0.455349	-3732.95
1246	0.45734	-3754.63
1247	0.460168	-3809.7
1248	0.457288	-3748.59
1249	0.459139	-3819.16
1250	0.455501	-3727.66
1251	0.455322	-3702.21
1252	0.456615	-3753.56
1253	0.448893	-3634.59
1254	0.456785	-3758.1
1255	0.447954	-3608.35
1256	0.461167	-3803.74
1257	0.454204	-3721.11
1258	0.450352	-3659.59
1259	0.450922	-3630.22
1260	0.458297	-3765.9
1261	0.457429	-3740.66
1262	0.452713	-3674.23
1263	0.456719	-3743.53
1264	0.451966	-3665.46
1265	0.450758	-3620.31
1266	0.45252	-3664.54
1267	0.458846	-3793.68
1268	0.448868	-3609.51
1269	0.450421	-3629.2
1270	0.450256	-3635.51
1271	0.454414	-3722.39
1272	0.45468	-3724.04
1273	0.454512	-3700.52
1274	0.456106	-3749.16
1275	0.449635	-3615.61
1276	0.453059	-3687.24
1277	0.457222	-3765.49
1278	0.455632	-3752.31
1279	0.45479	-3719.04
1280	0.452462	-3664.86
1281	0.456104	-3724.3
1282	0.454721	-3742.71
1283	0.457286	-3757.86
1284	0.46215	-3808.64
1285	0.457775	-3763.2
1286	0.458168	-3778.24
1287	0.46381	-3864.97
1288	0.452257	-3677.93
1289	0.456629	-3737.06
1290	0.457697	-3802.01
1291	0.451373	-3659.3
1292	0.454687	-3707.16
1293	0.457252	-3751.53
1294	0.445853	-3560.87
1295	0.449789	-3643.52
1296	0.448173	-3610.4
1297	0.453129	-3697.72
1298	0.45238	-3665.11
1299	0.454404	-3722.96
1300	0.457785	-3788.31
1301	0.462782	-3872.72
1302	0.451946	-3677.16
1303	0.45305	-3677.76
1304	0.453902	-3688.92
1305	0.449875	-3658.64
1306	0.457257	-3769.41
1307	0.457957	-3741.21
1308	0.452171	-3703.3
1309	0.450795	-3676.74
1310	0.452758	-3704
1311	0.457012	-3745.93
1312	0.451891	-3695.37
1313	0.455774	-3758.07
1314	0.451184	-3660.71
1315	0.450968	-3672.62
1316	0.45552	-3727.65
1317	0.456052	-3752.13
1318	0.46111	-3806.85
1319	0.44919	-3647.48
1320	0.461291	-3789.49
1321	0.458863	-3809.53
1322	0.45574	-3723.97
1323	0.448406	-3589.55
1324	0.456961	-3746.77
1325	0.45516	-3725.83
1326	0.461738	-3832.38
1327	0.444582	-3547.53
1328	0.459407	-3793.9
1329	0.454163	-3726.35
1330	0.446576	-3568.68
1331	0.453145	-3703.51
1332	0.451734	-3690.96
1333	0.4504	-3596.47
1334	0.456479	-3744.69
1335	0.450277	-3687.16
1336	0.458086	-3733.12
1337	0.456757	-3742.97
1338	0.45742	-3796.36
1339	0.457268	-3742.93
1340	0.461788	-3834.05
1341	0.456845	-3735.07
1342	0.449341	-3667.49
1343	0.45008	-3671.91
1344	0.457123	-3728.88
1345	0.451318	-3691.15
1346	0.450524	-3659.03
1347	0.451353	-3656.74
1348	0.453505	-3718.13
1349	0.458839	-3750.22
1350	0.462441	-3896.18
1351	0.458313	-3752.05
1352	0.454113	-3695.1
1353	0.456475	-3747.08
1354	0.462403	-3827.29
1355	0.451267	-3609.4
1356	0.457332	-3751.83
1357	0.450383	-3677.14
1358	0.459373	-3805.78
1359	0.460237	-3773.61
1360	0.449247	-3624.51
1361	0.451078	-3636.85
1362	0.448233	-3619.55
1363	0.458809	-3772.45
1364	0.450177	-3643.64
1365	0.447707	-3619.36
1366	0.459501	-3846.23
1367	0.45102	-3645.69
1368	0.452449	-3715.25
1369	0.454314	-3673.24
1370	0.448702	-3636.13
1371	0.457715	-3759.2
1372	0.450613	-3665.96
1373	0.454611	-3730.99
1374	0.453355	-3688.87
1375	0.463405	-3845.2
1376	0.452455	-3680.57
1377	0.452121	-3696.56
1378	0.458282	-3752.12
1379	0.45956	-3778.68
1380	0.452301	-3689.51
1381	0.451777	-3660.72
1382	0.45181	-3657.58
1383	0.454022	-3710.01
1384	0.455393	-3731.37
1385	0.448819	-3576.01
1386	0.467086	-3943.85
1387	0.451018	-3676.75
1388	0.45764	-3722.22
1389	0.458569	-3802.13
1390	0.455173	-3712.76
1391	0.455195	-3712.05
1392	0.456273	-3756.24
1393	0.462991	-3839.45
1394	0.457219	-3757.26
1395	0.454378	-3696.81
1396	0.459719	-3847.67
1397	0.452396	-3689.67
1398	0.45877	-3780.85
1399	0.457888	-3773.83
1400	0.450678	-3665.05
1401	0.45184	-3671.63
1402	0.454131	-3703.96
1403	0.456624	-3773.61
1404	0.455873	-3728.31
1405	0.459859	-3813.57
1406	0.458196	-3759.85
1407	0.453547	-3707.76
1408	0.451215	-3693.4
1409	0.455226	-3701.06
1410	0.452419	-3678.24
1411	0.452904	-3659.14
1412	0.459162	-3769.35
1413	0.453523	-3701.1
1414	0.452267	-3660.93
1415	0.458238	-3792.57
1416	0.445609	-3568.37
1417	0.449719	-3660.18
1418	0.451481	-3671.02
1419	0.449591	-3605.39
1420	0.452561	-3700.25
1421	0.44696	-3551.89
1422	0.451259	-3661.38
1423	0.456331	-3727.2
1424	0.4574	-3782.45
1425	0.454255	-3729.9
1426	0.455547	-3718.35
1427	0.451208	-3665.66
1428	0.456879	-3742.73
1429	0.45243	-3678.06
1430	0.447618	-3603.24
1431	0.465949	-3874.2
1432	0.451837	-3714.23
1433	0.450244	-3622.2
1434	0.45548	-3702.66
1435	0.458003	-3797.4
1436	0.468608	-3981.22
1437	0.454068	-3708.74
1438	0.44984	-3630.96
1439	0.45105	-3660.05
1440	0.45118	-3650.89
1441	0.451538	-3659.02
1442	0.450479	-3624.8
1443	0.451447	-3663.17
1444	0.451386	-3659.3
1445	0.457684	-3762.4
1446	0.456041	-3759.14
1447	0.454819	-3735.51
1448	0.451635	-3688.4
1449	0.457473	-3798.33
1450	0.453478	-3657.33
1451	0.455546	-3734.57
1452	0.455869	-3737.2
1453	0.45174	-3677.52
1454	0.460095	-3815.31
1455	0.453512	-3709.98
1456	0.458173	-3766.54
1457	0.458947	-3793.29
1458	0.460327	-3816.34
1459	0.459614	-3806.36
1460	0.461901	-3806.73
1461	0.451955	-3688.59
1462	0.457846	-3776.78
1463	0.463872	-3840.35
1464	0.454891	-3726.96
1465	0.457776	-3781.61
1466	0.451563	-3638.79
1467	0.459183	-3781.88
1468	0.458247	-3802.97
1469	0.449631	-3619.07
1470	0.456082	-3740.63
1471	0.462934	-3831.28
1472	0.451038	-3637.55
1473	0.446726	-3593.87
1474	0.450937	-3651.54
1475	0.457486	-3763.61
1476	0.455354	-3724.61
1477	0.459099	-3775.89
1478	0.453281	-3718.31
1479	0.456711	-3742.62
1480	0.459739	-3808.01
1481	0.452159	-3674.56
1482	0.448181	-3631.28
1483	0.463941	-3850.75
1484	0.45886	-3781.31
1485	0.45424	-3706.72
1486	0.457237	-3773.96
1487	0.444372	-3530.09
1488	0.452406	-3692.78
1489	0.458152	-3788.05
1490	0.45659	-3753.16
1491	0.453747	-3723.8
1492	0.457697	-3784.52
1493	0.451402	-3680.51
1494	0.45731	-3781.04
1495	0.456633	-3737.23
1496	0.457355	-3750.89
1497	0.464796	-3851.03
1498	0.448174	-3612.44
1499	0.444946	-3563.95
1500	0.4486	-3604.02
1501	0.458002	-3776.22
1502	0.452369	-3659.77
1503	0.452645	-3673.34
1504	0.454401	-3699.37
1505	0.448622	-3638.5
1506	0.454944	-3695.89
1507	0.451738	-3663.1
1508	0.458822	-3818.99
1509	0.45329	-3677.23
1510	0.447001	-3594.29
1511	0.450683	-3654.16
1512	0.451429	-3691.34
1513	0.466744	-3942.34
1514	0.451854	-3640.78
1515	0.456557	-3742.48
1516	0.46156	-3854.22
1517	0.456242	-3776.97
1518	0.455525	-3713.54
1519	0.450572	-3673.13
1520	0.462596	-3835.49
1521	0.454431	-3700.18
1522	0.464235	-3869.78
1523	0.453463	-3693.13
1524	0.441821	-3513.54
1525	0.463021	-3845.94
1526	0.455551	-3708.54
1527	0.454232	-3699.47
1528	0.453513	-3672.02
1529	0.459042	-3801.03
1530	0.463885	-3846.8
1531	0.455902	-3769.2
1532	0.457914	-3770.54
1533	0.456346	-3714.23
1534	0.458073	-3769.8
1535	0.461768	-3843.15
1536	0.455397	-3726.33
1537	0.453306	-3680.24
1538	0.456457	-3738.36
1539	0.455351	-3752.31
1540	0.452111	-3680.49
1541	0.456582	-3793.67
1542	0.462114	-3860.89
1543	0.454151	-3678.37
1544	0.450879	-3677.22
1545	0.466855	-3881.62
1546	0.450138	-3664.33
1547	0.457223	-3755.81
1548	0.45343	-3681
1549	0.454062	-3691.61
1550	0.453919	-3718.3
1551	0.452455	-3653.6
1552	0.458845	-3785.17
1553	0.447639	-3580.8
1554	0.456104	-3721.02
1555	0.468886	-3911.64
1556	0.457996	-3756.6
1557	0.455143	-3704.98
1558	0.454908	-3772.33
1559	0.456015	-3728.48
1560	0.458887	-3792.5
1561	0.454765	-3742.86
1562	0.457954	-3739.63
1563	0.454353	-3692.61
1564	0.460425	-3773.23
1565	0.454337	-3729.55
1566	0.449591	-3649.14
1567	0.450032	-3658.25
1568	0.450253	-3620.49
1569	0.458478	-3793.3
1570	0.460247	-3834.42
1571	0.453331	-3693.61
1572	0.455799	-3729.13
1573	0.452876	-3694.49
1574	0.454591	-3674.02
1575	0.463467	-3856.16
1576	0.45383	-3694.15
1577	0.457251	-3758.44
1578	0.453511	-3698.78
1579	0.446378	-3599.91
1580	0.444475	-3573.53
1581	0.4546	-3738.64
1582	0.451844	-3678.81
1583	0.445365	-3584.13
1584	0.451188	-3648.29
1585	0.454614	-3698.32
1586	0.454169	-3710.5
1587	0.451892	-3659.44
1588	0.449605	-3619.45
1589	0.453058	-3697.16
1590	0.458341	-3783.42
1591	0.450573	-3681.36
1592	0.453198	-3698.2
1593	0.455111	-3767.36
1594	0.452442	-3693.41
1595	0.453056	-3665.33
1596	0.457011	-3764.2
1597	0.450637	-3656.37
1598	0.451743	-3668.13
1599	0.4634	-3889.76
1600	0.453881	-3713.74
1601	0.462822	-3853.1
1602	0.451408	-3658.36
1603	0.457741	-3767.42
1604	0.445749	-3564.78
1605	0.453228	-3736.62
1606	0.453265	-3703.37
1607	0.450567	-3646.29
1608	0.454452	-3699.38
1609	0.452397	-3691.27
1610	0.454179	-3723.24
1611	0.461417	-3842.95
1612	0.456326	-3712.95
1613	0.457561	-3745.26
1614	0.450582	-3650.22
1615	0.453807	-3707.07
1616	0.456622	-3748.94
1617	0.456305	-3753.3
1618	0.450507	-3631.32
1619	0.451915	-3636.2
1620	0.457239	-3716.69
1621	0.454871	-3735.91
1622	0.457464	-3760.27
1623	0.450267	-3651.47
1624	0.459162	-3791.13
1625	0.448202	-3615.47
1626	0.4581	-3783.43
1627	0.452597	-3691.55
1628	0.456422	-3730.38
1629	0.457831	-3794.49
1630	0.456207	-3763.51
1631	0.450442	-3627.52
1632	0.468854	-3931.03
1633	0.455092	-3738.57
1634	0.456632	-3756.84
1635	0.457962	-3754.96
1636	0.45344	-3699.82
1637	0.456888	-3719.58
1638	0.447477	-3579.65
1639	0.450092	-3615.65
1640	0.465486	-3922.65
1641	0.456375	-3784.85
1642	0.455215	-3699.45
1643	0.453913	-3692.7
1644	0.453628	-3702.97
1645	0.448171	-3634.29
1646	0.45945	-3807.59
1647	0.452881	-3700.37
1648	0.462699	-3852.11
1649	0.45285	-3728.51
1650	0.454702	-3697.7
1651	0.453837	-3697.15
1652	0.455417	-3725.2
1653	0.453381	-3688.08
1654	0.450904	-3640.57
1655	0.450216	-3632.96
1656	0.453238	-3674.82
1657	0.454899	-3699.5
1658	0.450031	-3612.15
1659	0.458318	-3803.68
1660	0.449323	-3651.79
1661	0.464946	-3897.88
1662	0.453855	-3724.42
1663	0.45133	-3651.87
1664	0.450558	-3647.97
1665	0.448691	-3616.7
1666	0.447928	-3640.07
1667	0.447469	-3591.43
1668	0.456909	-3766.79
1669	0.459019	-3781.35
1670	0.45456	-3735.27
1671	0.446822	-3598.5
1672	0.459268	-3755.32
1673	0.458621	-3794.98
1674	0.458082	-3779.9
1675	0.45371	-3698.49
1676	0.457042	-3747.76
1677	0.459268	-3790.27
1678	0.447248	-3599.52
1679	0.456726	-3756.8
1680	0.452842	-3666.2
1681	0.459625	-3794.08
1682	0.447791	-3621.47
1683	0.446897	-3564.45
1684	0.455929	-3758.34
1685	0.454953	-3738.77
1686	0.451315	-3674.89
1687	0.452525	-3654.79
1688	0.453422	-3703.25
1689	0.453281	-3675.91
1690	0.450931	-3660.73
1691	0.449756	-3684.16
1692	0.449923	-3624.65
1693	0.45796	-3798.72
1694	0.454898	-3718.97
1695	0.462097	-3812.47
1696	0.45492	-3706.01
1697	0.463481	-3880.17
1698	0.453468	-3687.15
1699	0.456603	-3785.21
1700	0.452196	-3671.46
1701	0.463143	-3855.47
1702	0.448847	-3653.46
1703	0.449051	-3652.87
1704	0.456755	-3723.22
1705	0.456832	-3749.45
1706	0.462257	-3824.21
1707	0.454862	-3695.47
1708	0.45361	-3677.88
1709	0.451221	-3671.77
1710	0.451264	-3629.16
1711	0.452081	-3677.66
1712	0.45568	-3718.03
1713	0.450904	-3632.64
1714	0.458717	-3802.54
1715	0.453837	-3760.81
1716	0.45345	-3722.46
1717	0.457731	-3731.36
1718	0.451391	-3623.51
1719	0.459363	-3770.21
1720	0.456437	-3751.15
1721	0.4566	-3748.34
1722	0.457343	-3768.48
1723	0.457173	-3746.18
1724	0.45988	-3783.42
1725	0.450866	-3647.51
1726	0.45725	-3740.16
1727	0.460352	-3814.98
1728	0.451569	-3674.13
1729	0.450347	-3638.87
1730	0.451346	-3660
1731	0.464031	-3863.56
1732	0.458774	-3776.16
1733	0.456366	-3744.25
1734	0.457157	-3693.62
1735	0.446686	-3564.92
1736	0.444615	-3538.88
1737	0.459603	-3789.2
1738	0.459424	-3789.45
1739	0.459906	-3788.99
1740	0.451406	-3668.55
1741	0.450724	-3643.76
1742	0.451278	-3682.45
1743	0.450313	-3634.01
1744	0.451692	-3700
1745	0.45579	-3789.52
1746	0.448904	-3614.19
1747	0.459713	-3792.34
1748	0.453539	-3723.36
1749	0.455887	-3724.71
1750	0.452436	-3678.1
1751	0.454384	-3703.31
1752	0.450985	-3642.61
1753	0.455656	-3734.08
1754	0.456642	-3749.69
1755	0.467722	-3973.9
1756	0.450578	-3649.16
1757	0.456062	-3726.99
1758	0.450612	-3664.34
1759	0.453104	-3715.79
1760	0.452428	-3703.66
1761	0.451982	-3657.66
1762	0.461508	-3841.7
1763	0.458121	-3741.79
1764	0.447792	-3620.24
1765	0.458263	-3760.32
1766	0.455116	-3742.45
1767	0.455542	-3726.75
1768	0.453618	-3702.11
1769	0.451838	-3673.6
1770	0.453678	-3675.95
1771	0.449221	-3616.77
1772	0.453657	-3678.94
1773	0.460403	-3830.85
1774	0.46587	-3880.65
1775	0.459033	-3781.38
1776	0.458041	-3751.18
1777	0.45925	-3753.77
1778	0.45801	-3762.69
1779	0.459265	-3811.6
1780	0.452521	-3712.46
1781	0.452505	-3704.49
1782	0.457179	-3764.62
1783	0.455144	-3701.67
1784	0.456275	-3712.9
1785	0.45274	-3693.45
1786	0.453012	-3697.62
1787	0.454155	-3738.51
1788	0.454032	-3707.76
1789	0.449863	-3667.23
1790	0.457009	-3733.02
1791	0.457235	-3799.47
1792	0.446878	-3593.67
1793	0.455116	-3693.28
1794	0.451783	-3689.6
1795	0.453166	-3685.3
1796	0.45321	-3698.75
1797	0.457433	-3777.81
1798	0.458203	-3788.73
1799	0.464808	-3882.7
1800	0.452159	-3681.39
1801	0.454496	-3742.08
1802	0.457452	-3779.57
1803	0.458366	-3738.57
1804	0.453244	-3704.1
1805	0.451744	-3645.9
1806	0.46348	-3843.13
1807	0.453612	-3735.24
1808	0.462261	-3852.35
1809	0.448763	-3608.58
1810	0.451367	-3673.17
1811	0.455994	-3713.12
1812	0.469444	-4002.86
1813	0.453909	-3707.77
1814	0.462131	-3819.19
1815	0.449294	-3671.5
1816	0.457864	-3795.13
1817	0.458878	-3793.49
1818	0.455881	-3762.74
1819	0.454642	-3723.89
1820	0.45579	-3719.16
1821	0.462204	-3882.11
1822	0.453022	-3678.87
1823	0.455951	-3740.82
1824	0.459721	-3763.35
1825	0.461907	-3854.01
1826	0.451623	-3684.75
1827	0.466892	-3923.6
1828	0.455905	-3726.86
1829	0.458552	-3755.03
1830	0.452828	-3749.46
1831	0.454832	-3770.21
1832	0.456659	-3721.36
1833	0.456031	-3745.21
1834	0.455354	-3713.13
1835	0.460317	-3765.89
1836	0.451215	-3645.38
1837	0.454406	-3689.13
1838	0.456838	-3762.64
1839	0.450252	-3652.86
1840	0.454936	-3733.31
1841	0.452449	-3671.21
1842	0.461254	-3830.94
1843	0.457848	-3770.29
1844	0.462008	-3854.71
1845	0.460557	-3802.9
1846	0.444822	-3573.45
1847	0.457744	-3753.42
1848	0.460562	-3814.41
1849	0.451246	-3659.41
1850	0.449429	-3665.02
1851	0.462541	-3835.63
1852	0.44642	-3592.1
1853	0.449341	-3599.57
1854	0.452492	-3695.84
1855	0.450777	-3656.89
1856	0.455213	-3735.92
1857	0.45087	-3661.52
1858	0.453483	-3713.68
1859	0.45936	-3796.17
1860	0.462315	-3821.33
1861	0.464282	-3902.69
1862	0.455076	-3692.64
1863	0.452296	-3689.47
1864	0.451578	-3668.08
1865	0.455296	-3709.22
1866	0.456135	-3698.61
1867	0.447204	-3592.32
1868	0.457796	-3778.43
1869	0.454398	-3685.12
1870	0.450873	-3638.68
1871	0.45206	-3663.14
1872	0.455001	-3701.29
1873	0.447377	-3606.5
1874	0.451752	-3688.44
1875	0.463355	-3827.84
1876	0.457439	-3771.37
1877	0.453385	-3704.04
1878	0.460313	-3836.5
1879	0.45071	-3689.44
1880	0.457441	-3752.75
1881	0.458117	-3746.54
1882	0.451218	-3669.24
1883	0.454325	-3721.39
1884	0.457206	-3756.3
1885	0.454114	-3735.15
1886	0.456473	-3752.31
1887	0.453346	-3691.64
1888	0.452398	-3670.42
1889	0.44961	-3592.38
1890	0.453071	-3702.37
1891	0.457489	-3764.93
1892	0.448405	-3621.66
1893	0.455616	-3720.1
1894	0.452329	-3703.68
1895	0.453091	-3670.46
1896	0.464789	-3860.81
1897	0.454139	-3687.49
1898	0.446243	-3566.53
1899	0.455574	-3722.81
1900	0.455473	-3744.08
1901	0.448778	-3594.33
1902	0.451328	-3664.92
1903	0.458474	-3775.34
1904	0.44817	-3611.1
1905	0.454483	-3693.44
1906	0.446327	-3607.76
1907	0.450616	-3667.6
1908	0.458315	-3794.45
1909	0.454875	-3733.75
1910	0.453281	-3682.23
1911	0.451462	-3675.35
1912	0.451432	-3685.83
1913	0.459513	-3800.97
1914	0.453656	-3712.24
1915	0.458173	-3767.39
1916	0.456322	-3758.91
1917	0.453783	-3684.14
1918	0.44791	-3648.76
1919	0.452081	-3632.6
1920	0.458382	-3759.54
1921	0.45358	-3672.01
1922	0.451394	-3665.4
1923	0.448329	-3590.33
1924	0.456548	-3735.2
1925	0.458037	-3777.19
1926	0.45027	-3658.37
1927	0.446517	-3560.54
1928	0.458205	-3776.02
1929	0.458586	-3774.23
1930	0.452828	-3680.61
1931	0.453881	-3681.59
1932	0.451135	-3670.38
1933	0.452622	-3695.6
1934	0.45248	-3665.71
1935	0.45626	-3739.06
1936	0.454387	-3696.56
1937	0.455832	-3791.52
1938	0.449753	-3601.66
1939	0.452267	-3696.77
1940	0.44811	-3614.56
1941	0.454372	-3728.91
1942	0.456645	-3763.91
1943	0.454193	-3724.38
1944	0.458944	-3816.59
1945	0.461068	-3840.88
1946	0.449694	-3660.14
1947	0.450264	-3649.38
1948	0.452938	-3663.77
1949	0.457035	-3727.69
1950	0.450904	-3671.78
1951	0.449968	-3630.85
1952	0.449982	-3648.4
1953	0.456055	-3749.59
1954	0.457484	-3765.46
1955	0.45578	-3722.51
1956	0.455675	-3701.29
1957	0.454923	-3709.78
1958	0.455466	-3713.37
1959	0.45701	-3754.89
1960	0.457375	-3737.01
1961	0.452088	-3635.6
1962	0.451647	-3685.42
1963	0.459329	-3805.32
1964	0.456451	-3747.06
1965	0.457766	-3784.81
1966	0.459297	-3793.71
1967	0.455212	-3686.64
1968	0.452525	-3683.3
1969	0.454976	-3718.64
1970	0.454442	-3739.24
1971	0.459319	-3789.24
1972	0.453033	-3688.63
1973	0.453056	-3676.7
1974	0.453654	-3713.99
1975	0.459719	-3823.94
1976	0.451413	-3645.46
1977	0.448111	-3619.82
1978	0.465339	-3864.47
1979	0.449723	-3616.14
1980	0.456085	-3726.53
1981	0.458672	-3755.13
1982	0.456472	-3721.43
1983	0.451557	-3688.73
1984	0.454203	-3690.08
1985	0.464308	-3903.55
1986	0.463897	-3829.08
1987	0.458749	-3781
1988	0.459927	-3814.29
1989	0.455355	-3730.7
1990	0.470721	-4018.82
1991	0.44404	-3560.26
1992	0.451192	-3692.01
1993	0.450244	-3623.12
1994	0.463742	-3843.37
1995	0.46062	-3819.83
1996	0.455819	-3726.53
1997	0.453827	-3719.74
1998	0.458223	-3760.01
1999	0.449551	-3623.77
2000	0.453178	-3684.24
2001	0.456036	-3719.25
2002	0.459005	-3757.54
2003	0.450992	-3671.99
2004	0.448942	-3615.22
2005	0.451321	-3630.64
2006	0.453949	-3725.22
2007	0.453767	-3685.93
2008	0.449746	-3634.16
2009	0.446665	-3569.99
2010	0.457062	-3783.74
2011	0.454054	-3692.25
2012	0.452484	-3697.82
2013	0.452564	-3672.98
2014	0.446841	-3607.73
2015	0.458827	-3780.1
2016	0.449248	-3623.88
2017	0.456138	-3708.43
2018	0.455579	-3726.07
2019	0.45565	-3740.84
2020	0.453337	-3689.16
2021	0.451401	-3666.32
2022	0.456386	-3720.74
2023	0.454471	-3680.44
2024	0.450559	-3621.92
2025	0.45972	-3798.4
2026	0.447336	-3604.48
2027	0.452101	-3671.26
2028	0.459056	-3803.69
2029	0.457906	-3800.12
2030	0.456656	-3728.97
2031	0.453001	-3710.81
2032	0.46649	-3911.26
2033	0.456778	-3788.73
2034	0.457026	-3727.13
2035	0.458634	-3777.56
2036	0.448261	-3618.81
2037	0.448067	-3620.64
2038	0.455311	-3721.94
2039	0.456016	-3712.24
2040	0.457626	-3763.24
2041	0.455443	-3679.87
2042	0.460551	-3838.14
2043	0.452986	-3670.81
2044	0.461663	-3820.86
2045	0.456236	-3732.13
2046	0.452075	-3613.47
2047	0.472528	-3958.41
2048	0.452557	-3672.16
2049	0.447138	-3579.16
2050	0.455085	-3719.67
2051	0.452673	-3688.89
2052	0.455136	-3708.43
2053	0.452404	-3651.77
2054	0.451308	-3630.87
2055	0.445393	-3526.83
2056	0.454072	-3678.85
2057	0.455301	-3753.34
2058	0.446515	-3572.58
2059	0.46534	-3891.33
2060	0.460562	-3803.94
2061	0.454178	-3707.27
2062	0.453012	-3705.74
2063	0.449912	-3638.1
2064	0.448944	-3627.44
2065	0.450359	-3669.87
2066	0.454747	-3696.98
2067	0.457097	-3744.17
2068	0.44965	-3594.16
2069	0.454358	-3761.72
2070	0.452373	-3673.6
2071	0.459595	-3793.09
2072	0.449534	-3623.7
2073	0.453915	-3648.62
2074	0.45066	-3645.54
2075	0.451055	-3662.75
2076	0.455052	-3728.11
2077	0.453474	-3704.43
2078	0.454515	-3751.7
2079	0.448262	-3583.99
2080	0.452788	-3650.11
2081	0.463308	-3857.46
2082	0.468225	-3996.51
2083	0.447522	-3576.09
2084	0.455896	-3736.88
2085	0.454545	-3764.53
2086	0.455794	-3746.86
2087	0.451713	-3662.79
2088	0.450489	-3679.22
2089	0.452398	-3653.83
2090	0.453883	-3712.08
2091	0.46148	-3858.28
2092	0.447879	-3610.31
2093	0.45078	-3676.67
2094	0.448405	-3596.4
2095	0.459033	-3779.36
2096	0.447851	-3610.72
2097	0.457969	-3772.04
2098	0.450099	-3635.89
2099	0.45646	-3742.18
2100	0.453768	-3731.78
2101	0.449608	-3648.9
2102	0.453498	-3681.88
2103	0.450421	-3675.16
2104	0.463548	-3864.25
2105	0.451123	-3669.71
2106	0.453843	-3719.27
2107	0.454671	-3719.31
2108	0.451555	-3637.78
2109	0.465172	-3909.26
2110	0.45217	-3668.56
2111	0.452979	-3670.07
2112	0.453339	-3661.74
2113	0.457009	-3791.8
2114	0.453534	-3709.83
2115	0.447713	-3550.7
2116	0.455583	-3719.13
2117	0.461658	-3774.08
2118	0.456112	-3705.36
2119	0.459479	-3802.8
2120	0.454975	-3740.42
2121	0.458305	-3759.18
2122	0.455456	-3705.2
2123	0.455846	-3734.28
2124	0.456645	-3753.28
2125	0.450089	-3637.93
2126	0.448762	-3594.06
2127	0.454213	-3717.92
2128	0.470976	-3938.17
2129	0.455387	-3757.09
2130	0.456039	-3749.8
2131	0.450647	-3664.86
2132	0.452219	-3682.87
2133	0.455692	-3760.46
2134	0.453348	-3705
2135	0.451539	-3665.29
2136	0.457576	-3770.85
2137	0.453858	-3704.99
2138	0.459298	-3813.73
2139	0.45182	-3664.5
2140	0.458167	-3772.91
2141	0.455133	-3751.57
2142	0.45647	-3737.69
2143	0.44889	-3633.66
2144	0.451707	-3662.76
2145	0.45471	-3709.04
2146	0.451052	-3633.96
2147	0.456905	-3763.19
2148	0.458769	-3815.93
2149	0.454786	-3702.4
2150	0.450475	-3665.83
2151	0.45304	-3671.19
2152	0.461	-3840.55
2153	0.450183	-3608.78
2154	0.454952	-3671.52
2155	0.461489	-3806.41
2156	0.454291	-3715.99
2157	0.457144	-3776.79
2158	0.462061	-3869.59
2159	0.460117	-3818.05
2160	0.451146	-3670.05
2161	0.460521	-3773.44
2162	0.45648	-3734.46
2163	0.458812	-3797.31
2164	0.467151	-3933.66
2165	0.455119	-3676.62
2166	0.464329	-3897.72
2167	0.456904	-3732.1
2168	0.449488	-3661.38
2169	0.460457	-3825.79
2170	0.451527	-3663.26
2171	0.45861	-3787.02
2172	0.45433	-3734.71
2173	0.45823	-3773.4
2174	0.465468	-3879.68
2175	0.45696	-3752.84
2176	0.458264	-3796.15
2177	0.454051	-3708.29
2178	0.448075	-3603.55
2179	0.458216	-3765.99
2180	0.455774	-3749.06
2181	0.456562	-3760.43
2182	0.457049	-3774.18
2183	0.455565	-3721.28
2184	0.452193	-3694.54
2185	0.453437	-3711.64
2186	0.461569	-3794.25
2187	0.450977	-3648.77
2188	0.456615	-3746.17
2189	0.451651	-3680.96
2190	0.44999	-3640.68
2191	0.458034	-3789.75
2192	0.454393	-3690.02
2193	0.447608	-3590.9
2194	0.455977	-3757.98
2195	0.455545	-3725.26
2196	0.45271	-3676.95
2197	0.465614	-3904.4
2198	0.458281	-3799.4
2199	0.453416	-3675.59
2200	0.45141	-3647.37
2201	0.451247	-3677.65
2202	0.456578	-3755.81
2203	0.448816	-3631.06
2204	0.449032	-3639.79
2205	0.459576	-3792.67
2206	0.451392	-3648.19
2207	0.447629	-3608.33
2208	0.457016	-3746.62
2209	0.457868	-3788.32
2210	0.458361	-3781.07
2211	0.46108	-3884.53
2212	0.454724	-3703.42
2213	0.446242	-3574.67
2214	0.456898	-3758.65
2215	0.459869	-3771.44
2216	0.452471	-3671.42
2217	0.454752	-3696.89
2218	0.450748	-3661.91
2219	0.45184	-3671.65
2220	0.458311	-3798.52
2221	0.455782	-3727.38
2222	0.456789	-3755.56
2223	0.45816	-3784.88
2224	0.45378	-3725.28
2225	0.454102	-3686.93
2226	0.458721	-3769.73
2227	0.453837	-3703.66
2228	0.454865	-3712.41
2229	0.451977	-3648.72
2230	0.453895	-3710.12
2231	0.458926	-3780.19
2232	0.457009	-3793.02
2233	0.454229	-3726.59
2234	0.454636	-3747.48
2235	0.455602	-3733.42
2236	0.46704	-3858.61
2237	0.448426	-3572.59
2238	0.456711	-3753.43
2239	0.455819	-3782.76
2240	0.454357	-3700.54
2241	0.449064	-3682.01
2242	0.457049	-3736.87
2243	0.461246	-3816.75
2244	0.452808	-3705.53
2245	0.456767	-3765.58
2246	0.454465	-3747.64
2247	0.45838	-3789.23
2248	0.451048	-3625.91
2249	0.449349	-3647.05
2250	0.451636	-3656.14
2251	0.454602	-3737.15
2252	0.450805	-3673.4
2253	0.451823	-3670.83
2254	0.453691	-3706.26
2255	0.45791	-3746.12
2256	0.450902	-3628.87
2257	0.461898	-3847.41
2258	0.449579	-3652.3
2259	0.453817	-3696.78
2260	0.447093	-3591.79
2261	0.450175	-3619.01
2262	0.454482	-3718.44
2263	0.454113	-3720.81
2264	0.447963	-3596.27
2265	0.461076	-3803.46
2266	0.453861	-3727.92
2267	0.456956	-3715.41
2268	0.458574	-3783.18
2269	0.451519	-3665.42
2270	0.465956	-3914.63
2271	0.459051	-3787.45
2272	0.451756	-3651.13
2273	0.457241	-3745.45
2274	0.453439	-3708.43
2275	0.463766	-3886.48
2276	0.452539	-3683.6
2277	0.461177	-3835.48
2278	0.454056	-3746.85
2279	0.453233	-3700.4
2280	0.453762	-3722.91
2281	0.453198	-3693.34
2282	0.452971	-3686.32
2283	0.458459	-3793.34
2284	0.454695	-3726.45
2285	0.45429	-3696.59
2286	0.459557	-3804.69
2287	0.460791	-3800.35
2288	0.454546	-3675.89
2289	0.452615	-3672.79
2290	0.452006	-3680.4
2291	0.452353	-3689.98
2292	0.448349	-3613.73
2293	0.456047	-3754.58
2294	0.448785	-3632.3
2295	0.45215	-3698.12
2296	0.461632	-3846.91
2297	0.453697	-3669.64
2298	0.457231	-3756.62
2299	0.454798	-3759.17
2300	0.456608	-3711.76
2301	0.452417	-3657.51
2302	0.456314	-3731.32
2303	0.456434	-3747.35
2304	0.463357	-3884.86
2305	0.453382	-3696.19
2306	0.454076	-3686.88
2307	0.455279	-3724.75
2308	0.456235	-3747.89
2309	0.45249	-3668.03
2310	0.45278	-3704.25
2311	0.455976	-3753.95
2312	0.451407	-3688.71
2313	0.456106	-3762.46
2314	0.452474	-3644.25
2315	0.44954	-3647.41
2316	0.453172	-3701.72
2317	0.452106	-3673.9
2318	0.455054	-3724.58
2319	0.461153	-3777.3
2320	0.456153	-3740.47
2321	0.453411	-3700.95
2322	0.454149	-3693.01
2323	0.454511	-3718.41
2324	0.450214	-3642.18
2325	0.451506	-3687.62
2326	0.451344	-3672.42
2327	0.456559	-3759.33
2328	0.451765	-3656.84
2329	0.456936	-3779.04
2330	0.450739	-3654.58
2331	0.452372	-3689.58
2332	0.459587	-3793.86
2333	0.457004	-3751.6
2334	0.454537	-3706.16
2335	0.457936	-3776.05
2336	0.453514	-3692.85
2337	0.458193	-3763.53
2338	0.447087	-3591.59
2339	0.452067	-3677.56
2340	0.459506	-3797.99
2341	0.448167	-3580
2342	0.449459	-3618.23
2343	0.458883	-3794.68
2344	0.454058	-3722.77
2345	0.449934	-3653.87
2346	0.460586	-3814.41
2347	0.453632	-3710.46
2348	0.457243	-3772.24
2349	0.457986	-3775.68
2350	0.452756	-3703.11
2351	0.452287	-3690.23
2352	0.451044	-3649.4
2353	0.459062	-3769.53
2354	0.461857	-3847.11
2355	0.450934	-3665.96
2356	0.451255	-3641
2357	0.452289	-3691.27
2358	0.451028	-3684.94
2359	0.454479	-3708.24
2360	0.448965	-3633.05
2361	0.457573	-3714.3
2362	0.452173	-3680.75
2363	0.457319	-3764.33
2364	0.455687	-3764.99
2365	0.457988	-3774.89
2366	0.45435	-3723.57
2367	0.459426	-3838.91
2368	0.458892	-3800.33
2369	0.447173	-3596.13
2370	0.453788	-3709.51
2371	0.449856	-3648.83
2372	0.458348	-3766.65
2373	0.457356	-3752.26
2374	0.456637	-3730.02
2375	0.458683	-3834.47
2376	0.456694	-3817.08
2377	0.460663	-3799.03
2378	0.451279	-3678.87
2379	0.459313	-3778.58
2380	0.466326	-3872.46
2381	0.457322	-3779.97
2382	0.453506	-3686.65
2383	0.449312	-3586.12
2384	0.454089	-3708.46
2385	0.453526	-3711.5
2386	0.457656	-3789.24
2387	0.453412	-3683.15
2388	0.451901	-3653.55
2389	0.448204	-3592.48
2390	0.457638	-3759.88
2391	0.453072	-3693.17
2392	0.457703	-3766.65
2393	0.456302	-3747.83
2394	0.457942	-3778.4
2395	0.451559	-3681.69
2396	0.452963	-3677.69
2397	0.454641	-3718.76
2398	0.451283	-3691.28
2399	0.454329	-3710.73
2400	0.460903	-3866.92
2401	0.455664	-3752.03
2402	0.453576	-3688.53
2403	0.452108	-3663.73
2404	0.456265	-3747.92
2405	0.460291	-3824.84
2406	0.451272	-3668.57
2407	0.449225	-3646.29
2408	0.462369	-3841.21
2409	0.453559	-3674.8
2410	0.449311	-3661.28
2411	0.462316	-3843.87
2412	0.458029	-3783.05
2413	0.459496	-3781.07
2414	0.458799	-3784.9
2415	0.450231	-3655.84
2416	0.450059	-3662.98
2417	0.457508	-3746.71
2418	0.452486	-3683.44
2419	0.450245	-3644.83
2420	0.45829	-3750.69
2421	0.45361	-3695.23
2422	0.454817	-3710.41
2423	0.450688	-3650.55
2424	0.454088	-3686.91
2425	0.458536	-3754.71
2426	0.459095	-3818.92
2427	0.455309	-3729.68
2428	0.44925	-3592.71
2429	0.447502	-3634.95
2430	0.464823	-3869.45
2431	0.448973	-3627.66
2432	0.45949	-3779.73
2433	0.456272	-3698.69
2434	0.454618	-3682.54
2435	0.454224	-3710.45
2436	0.45544	-3717.08
2437	0.454058	-3695.01
2438	0.456675	-3757.65
2439	0.452504	-3717.28
2440	0.453923	-3704.85
2441	0.453076	-3700.11
2442	0.449397	-3613.88
2443	0.457697	-3768.62
2444	0.451559	-3667.74
2445	0.452554	-3669.05
2446	0.459314	-3793.4
2447	0.451868	-3688.64
2448	0.457553	-3757.12
2449	0.451265	-3640.64
2450	0.453276	-3701.49
2451	0.449985	-3633.27
2452	0.45608	-3714.36
2453	0.452682	-3673.26
2454	0.448848	-3640.02
2455	0.458866	-3788.34
2456	0.459515	-3771.95
2457	0.452103	-3701.45
2458	0.450167	-3603.7
2459	0.450894	-3653.14
2460	0.456222	-3744.06
2461	0.455656	-3754.39
2462	0.455335	-3726.06
2463	0.46542	-3905.37
2464	0.452597	-3696.13
2465	0.458114	-3751.64
2466	0.454245	-3738.98
2467	0.446728	-3598.88
2468	0.453773	-3739.92
2469	0.453556	-3695.27
2470	0.4567	-3729.96
2471	0.45573	-3705.79
2472	0.453554	-3714.8
2473	0.453364	-3672.04
2474	0.452389	-3671.56
2475	0.451937	-3692.45
2476	0.45409	-3678.26
2477	0.455493	-3745.79
2478	0.450284	-3664.63
2479	0.450718	-3640.41
2480	0.457	-3778.4
2481	0.449925	-3646.12
2482	0.464754	-3868.51
2483	0.455617	-3768.96
2484	0.460361	-3818.21
2485	0.454902	-3733.76
2486	0.45154	-3679.74
2487	0.454442	-3710.51
2488	0.456376	-3754.08
2489	0.456953	-3773.43
2490	0.458094	-3770.83
2491	0.452323	-3652.62
2492	0.452225	-3685.02
2493	0.452807	-3689.35
2494	0.459093	-3835.8
2495	0.450593	-3665.59
2496	0.447542	-3574.95
2497	0.450922	-3662.63
2498	0.44866	-3646.96
2499	0.449621	-3647.36
2500	0.457022	-3753.41
2501	0.454819	-3708.36
2502	0.455089	-3711.62
2503	0.447897	-3631.37
2504	0.457635	-3753.96
2505	0.454019	-3717.06
2506	0.451972	-3662.68
2507	0.45302	-3721.47
2508	0.451309	-3664.57
2509	0.450649	-3649.17
2510	0.448539	-3613.65
2511	0.449189	-3630.8
2512	0.45472	-3729.37
2513	0.452753	-3683.89
2514	0.452235	-3665.85
2515	0.45434	-3709.04
2516	0.459844	-3805.19
2517	0.452009	-3673.23
2518	0.454995	-3732.67
2519	0.45986	-3827.97
2520	0.454413	-3705
2521	0.448416	-3601.8
2522	0.452007	-3626.51
2523	0.448152	-3625.24
2524	0.456839	-3749.88
2525	0.451357	-3660.47
2526	0.458975	-3812.79
2527	0.454397	-3727.75
2528	0.449921	-3670.34
2529	0.45207	-3679.06
2530	0.457278	-3754.2
2531	0.455375	-3739.28
2532	0.454107	-3721.4
2533	0.444013	-3556.68
2534	0.458344	-3759.08
2535	0.45082	-3634.46
2536	0.451266	-3672.06
2537	0.452572	-3652.95
2538	0.457231	-3764.19
2539	0.458308	-3814.18
2540	0.459571	-3802.54
2541	0.453691	-3754.42
2542	0.457758	-3781
2543	0.45609	-3725.38
2544	0.459136	-3824.03
2545	0.458085	-3760.31
2546	0.460406	-3800.78
2547	0.452838	-3657.35
2548	0.447487	-3612.3
2549	0.455193	-3727.9
2550	0.451182	-3663.16
2551	0.452762	-3658.55
2552	0.452582	-3686.71
2553	0.456376	-3724.7
2554	0.454796	-3753.86
2555	0.453388	-3691.37
2556	0.448455	-3611.67
2557	0.452451	-3654.84
2558	0.456877	-3754
2559	0.455861	-3737.65
2560	0.452552	-3704.99
2561	0.457715	-3763.59
2562	0.457202	-3790.4
2563	0.450461	-3651.08
2564	0.456191	-3717.65
2565	0.455864	-3732.72
2566	0.452832	-3683.6
2567	0.455606	-3751.5
2568	0.45322	-3703.04
2569	0.458456	-3770.95
2570	0.457209	-3757.2
2571	0.444166	-3575.57
2572	0.453286	-3646.59
2573	0.454728	-3714.13
2574	0.458498	-3756.95
2575	0.455054	-3712.92
2576	0.457892	-3786.74
2577	0.453019	-3685.04
2578	0.457229	-3778.16
2579	0.44911	-3615.19
2580	0.454021	-3732.32
2581	0.465213	-3899.31
2582	0.454952	-3716.74
2583	0.456588	-3698.82
2584	0.458413	-3807.35
2585	0.447944	-3616.51
2586	0.4508	-3646.03
2587	0.456828	-3795.51
2588	0.456029	-3770.26
2589	0.450559	-3665.45
2590	0.454178	-3714.17
2591	0.45157	-3660.16
2592	0.457319	-3693.75
2593	0.450304	-3643.53
2594	0.455563	-3743.3
2595	0.453539	-3703.26
2596	0.450267	-3637.26
2597	0.453939	-3668.29
2598	0.457618	-3767.79
2599	0.456146	-3759.86
2600	0.45668	-3741.04
2601	0.450686	-3663.98
2602	0.45385	-3728
2603	0.452089	-3679.45
2604	0.455506	-3719.29
2605	0.456412	-3759.63
2606	0.464158	-3893.77
2607	0.453012	-3698.49
2608	0.449881	-3631.54
2609	0.450941	-3636.68
2610	0.450661	-3652.11
2611	0.454977	-3715.27
2612	0.448166	-3615.95
2613	0.456505	-3763.29
2614	0.454485	-3714.48
2615	0.45686	-3764.85
2616	0.450738	-3649.78
2617	0.458301	-3805.49
2618	0.455191	-3717.96
2619	0.449791	-3610.69
2620	0.446985	-3549.28
2621	0.459391	-3793.27
2622	0.457897	-3761.11
2623	0.452761	-3711.86
2624	0.451172	-3630.45
2625	0.462628	-3859.21
2626	0.457959	-3787.81
2627	0.455859	-3755.33
2628	0.451404	-3687.2
2629	0.45359	-3713.61
2630	0.454587	-3714.24
2631	0.454203	-3672.56
2632	0.45176	-3671.2
2633	0.4551	-3755
2634	0.448283	-3628
2635	0.457496	-3760.84
2636	0.454735	-3714.25
2637	0.46694	-3950.28
2638	0.45398	-3680.23
2639	0.459082	-3762.97
2640	0.455956	-3739.56
2641	0.45306	-3691.77
2642	0.456299	-3765.38
2643	0.453156	-3721.5
2644	0.456316	-3760.67
2645	0.457158	-3799.37
2646	0.451815	-3667.86
2647	0.459806	-3819.75
2648	0.461298	-3818.49
2649	0.457467	-3738.73
2650	0.457303	-3793.84
2651	0.453305	-3682.34
2652	0.452122	-3693.04
2653	0.452335	-3677.55
2654	0.457857	-3731.04
2655	0.456843	-3798.35
2656	0.452913	-3653.66
2657	0.453116	-3694.02
2658	0.456185	-3741.43
2659	0.449383	-3620.07
2660	0.455081	-3748.39
2661	0.452747	-3696.05
2662	0.465392	-3871.94
2663	0.452147	-3699.53
2664	0.453385	-3711.32
2665	0.45413	-3706.94
2666	0.451718	-3643.57
2667	0.459126	-3791.22
2668	0.454399	-3715.22
2669	0.459912	-3822.32
2670	0.456775	-3738.77
2671	0.450118	-3635.61
2672	0.455429	-3708.8
2673	0.454859	-3730.14
2674	0.453413	-3698.88
2675	0.455267	-3719.73
2676	0.460786	-3775.5
2677	0.456972	-3748.55
2678	0.454942	-3699.92
2679	0.450445	-3656.54
2680	0.461195	-3843.97
2681	0.453725	-3685.48
2682	0.453749	-3672.59
2683	0.461178	-3842.95
2684	0.44989	-3644.15
2685	0.450744	-3631.19
2686	0.449159	-3627.32
2687	0.451925	-3643.01
2688	0.45331	-3655.57
2689	0.452162	-3688.72
2690	0.46146	-3803.49
2691	0.458792	-3782.42
2692	0.453626	-3696.82
2693	0.454421	-3736.9
2694	0.453153	-3689.12
2695	0.464484	-3901.22
2696	0.451245	-3649.32
2697	0.455049	-3705.07
2698	0.455211	-3743.25
2699	0.454273	-3691.33
2700	0.459795	-3799.13
2701	0.447403	-3623.57
2702	0.452979	-3726.26
2703	0.457521	-3745.89
2704	0.452325	-3685.86
2705	0.454049	-3686.29
2706	0.456669	-3771.48
2707	0.44976	-3660.31
2708	0.458421	-3787.82
2709	0.45442	-3717.86
2710	0.455649	-3753.53
2711	0.457072	-3768.21
2712	0.452219	-3679.58
2713	0.45106	-3618.1
2714	0.453881	-3710.85
2715	0.460551	-3815.12
2716	0.450091	-3631.04
2717	0.457255	-3733.14
2718	0.454947	-3684.73
2719	0.463983	-3867.36
2720	0.465896	-3893.35
2721	0.451754	-3686.02
2722	0.459365	-3813.73
2723	0.454926	-3722.94
2724	0.456494	-3715.75
2725	0.454787	-3699.18
2726	0.456576	-3748.17
2727	0.455799	-3757.48
2728	0.448151	-3624.2
2729	0.448245	-3603.2
2730	0.452039	-3719.59
2731	0.455472	-3732.4
2732	0.457444	-3778.37
2733	0.465901	-3892.32
2734	0.469229	-3952.92
2735	0.457843	-3744.2
2736	0.451761	-3659.41
2737	0.455693	-3733.11
2738	0.4527	-3697.89
2739	0.454332	-3683.03
2740	0.454248	-3708.4
2741	0.45047	-3627.79
2742	0.454539	-3695.91
2743	0.45216	-3683.01
2744	0.454651	-3702.65
2745	0.457107	-3781.68
2746	0.452868	-3700.54
2747	0.453314	-3704.92
2748	0.450528	-3677.06
2749	0.456544	-3737.1
2750	0.455638	-3722.24
2751	0.460083	-3805.48
2752	0.458121	-3751.91
2753	0.450188	-3643.32
2754	0.452967	-3684.82
2755	0.458859	-3839.15
2756	0.454905	-3712.48
2757	0.452654	-3704.08
2758	0.455207	-3724.14
2759	0.454635	-3719.71
2760	0.457518	-3692.99
2761	0.458232	-3753.56
2762	0.453808	-3703.74
2763	0.455557	-3714.83
2764	0.453667	-3710.43
2765	0.45614	-3753.18
2766	0.451092	-3664.42
2767	0.459024	-3766.46
2768	0.45798	-3764.99
2769	0.448122	-3610.9
2770	0.457692	-3755.57
2771	0.453168	-3676.79
2772	0.448753	-3606.53
2773	0.451339	-3651.81
2774	0.452636	-3698.29
2775	0.455129	-3731.55
2776	0.462918	-3869.62
2777	0.451015	-3659.15
2778	0.447717	-3547.54
2779	0.45246	-3678.17
2780	0.456419	-3748.6
2781	0.451319	-3653.04
2782	0.458059	-3779.65
2783	0.455904	-3756.18
2784	0.453238	-3696.49
2785	0.452158	-3673.33
2786	0.449501	-3606.99
2787	0.448269	-3634.23
2788	0.454483	-3713.75
2789	0.448676	-3595.52
2790	0.467152	-3909.05
2791	0.451308	-3676.24
2792	0.458405	-3733.89
2793	0.456621	-3738.08
2794	0.453981	-3689.98
2795	0.452094	-3663.58
2796	0.452303	-3681.83
2797	0.460612	-3820.75
2798	0.466212	-3898.74
2799	0.45359	-3719.24
2800	0.456847	-3772.62
2801	0.452346	-3663.35
2802	0.457055	-3765.44
2803	0.45997	-3787.76
2804	0.457545	-3750
2805	0.452572	-3706.48
2806	0.454457	-3699.6
2807	0.45761	-3741.85
2808	0.448746	-3636.67
2809	0.454107	-3704.52
2810	0.457503	-3757.09
2811	0.455766	-3725.74
2812	0.447914	-3628.66
2813	0.460221	-3790.38
2814	0.462406	-3884.52
2815	0.453912	-3711.94
2816	0.453248	-3686.46
2817	0.459512	-3781.71
2818	0.452445	-3697.74
2819	0.457483	-3717.18
2820	0.456091	-3741.49
2821	0.455043	-3737.52
2822	0.458659	-3754.41
2823	0.460359	-3841.7
2824	0.455151	-3736.39
2825	0.453997	-3693.26
2826	0.465124	-3840.13
2827	0.450241	-3632.78
2828	0.455343	-3720.77
2829	0.458185	-3742.67
2830	0.46542	-3861.74
2831	0.469736	-3958.14
2832	0.455422	-3700.24
2833	0.459664	-3806.25
2834	0.455055	-3668.61
2835	0.457155	-3747.67
2836	0.453828	-3693.16
2837	0.453887	-3723
2838	0.458354	-3803.31
2839	0.451056	-3660.36
2840	0.456551	-3746.95
2841	0.457321	-3762.42
2842	0.448637	-3619.27
2843	0.45283	-3650.02
2844	0.454907	-3724.4
2845	0.454349	-3720.5
2846	0.455282	-3729.28
2847	0.456319	-3729.73
2848	0.451266	-3638.35
2849	0.456369	-3745.85
2850	0.44967	-3645.21
2851	0.459605	-3813.09
2852	0.452143	-3701.74
2853	0.454935	-3716.18
2854	0.453212	-3693.59
2855	0.461945	-3836.19
2856	0.454243	-3715.73
2857	0.452385	-3696.29
2858	0.45294	-3686.9
2859	0.458411	-3748.78
2860	0.46563	-3908.09
2861	0.456625	-3768.59
2862	0.458132	-3784.4
2863	0.456494	-3731.85
2864	0.443637	-3531.46
2865	0.453297	-3696.44
2866	0.456724	-3717.89
2867	0.451992	-3641.04
2868	0.454946	-3723.14
2869	0.456009	-3711.97
2870	0.453926	-3700.46
2871	0.453491	-3703.67
2872	0.460389	-3803.85
2873	0.461659	-3846.91
2874	0.460337	-3806.26
2875	0.456356	-3752.41
2876	0.455047	-3736.54
2877	0.447798	-3616.09
2878	0.45184	-3630.27
2879	0.454445	-3715.85
2880	0.454618	-3709.56
2881	0.452839	-3704.97
2882	0.457515	-3742.1
2883	0.449558	-3670.52
2884	0.462206	-3807.57
2885	0.44884	-3649.19
2886	0.457336	-3752.32
2887	0.463479	-3867.87
2888	0.449628	-3632.24
2889	0.458356	-3738.16
2890	0.447441	-3606.07
2891	0.451135	-3650.74
2892	0.462181	-3843.39
2893	0.455419	-3718.91
2894	0.454111	-3707.98
2895	0.452125	-3643.42
2896	0.451558	-3669.49
2897	0.452035	-3677.36
2898	0.454026	-3741.9
2899	0.457433	-3723.79
2900	0.456128	-3716.1
2901	0.452656	-3695.3
2902	0.452399	-3675.26
2903	0.449041	-3640.07
2904	0.452743	-3693.29
2905	0.456884	-3747.92
2906	0.45632	-3740.42
2907	0.448126	-3603.39
2908	0.458332	-3816.17
2909	0.464971	-3863.94
2910	0.449696	-3639.22
2911	0.466307	-3927.11
2912	0.457811	-3751.27
2913	0.454189	-3703.93
2914	0.458941	-3811.5
2915	0.449919	-3645.61
2916	0.457547	-3734.27
2917	0.455646	-3723.76
2918	0.454661	-3728.67
2919	0.460795	-3837.57
2920	0.451127	-3658.12
2921	0.460082	-3807.58
2922	0.460039	-3829.88
2923	0.45039	-3639.11
2924	0.457221	-3733
2925	0.456133	-3752.52
2926	0.454479	-3725.61
2927	0.457046	-3727.11
2928	0.451694	-3656.25
2929	0.456925	-3747.61
2930	0.455603	-3698.55
2931	0.456926	-3758.96
2932	0.452756	-3650.12
2933	0.456959	-3777.42
2934	0.46953	-3951.74
2935	0.454877	-3704.31
2936	0.461087	-3821.52
2937	0.453737	-3705.71
2938	0.454314	-3690.14
2939	0.455599	-3676.1
2940	0.456125	-3735.25
2941	0.465303	-3885.73
2942	0.452705	-3691.18
2943	0.452588	-3663.33
2944	0.454942	-3713.56
2945	0.453825	-3703.82
2946	0.446252	-3605.1
2947	0.449525	-3621.38
2948	0.455607	-3753.48
2949	0.454249	-3723.47
2950	0.454487	-3706.73
2951	0.454245	-3734.63
2952	0.455093	-3735.64
2953	0.451901	-3664.04
2954	0.457058	-3760.02
2955	0.450834	-3646.15
2956	0.448807	-3621.01
2957	0.45783	-3783.22
2958	0.457301	-3750.37
2959	0.454392	-3702.35
2960	0.452166	-3665.46
2961	0.454676	-3729.35
2962	0.457504	-3754.22
2963	0.455382	-3709.56
2964	0.463229	-3852.8
2965	0.456232	-3744.57
2966	0.45936	-3811.78
2967	0.450379	-3654.68
2968	0.451358	-3650.77
2969	0.456678	-3742.57
2970	0.454609	-3755.28
2971	0.455259	-3704.33
2972	0.465619	-3876.44
2973	0.458242	-3777.57
2974	0.456564	-3733.5
2975	0.457177	-3746.35
2976	0.460366	-3790.05
2977	0.445464	-3580.08
2978	0.458716	-3837.3
2979	0.45491	-3748.91
2980	0.449533	-3648.22
2981	0.446321	-3617.5
2982	0.44735	-3586.6
2983	0.455592	-3733.73
2984	0.462411	-3827.08
2985	0.459109	-3824.75
2986	0.462584	-3851.24
2987	0.450109	-3645.39
2988	0.455498	-3734.29
2989	0.450015	-3588.95
2990	0.451749	-3683.87
2991	0.452597	-3659.29
2992	0.449333	-3620.62
2993	0.461282	-3876.64
2994	0.457093	-3763.52
2995	0.45383	-3712.42
2996	0.452762	-3672.5
2997	0.446886	-3588.28
2998	0.453291	-3666.26
2999	0.45395	-3705.13
