0	0.395194	-2819.5
1	0.449128	-3627.7
2	0.433986	-3401.38
3	0.433541	-3400.07
4	0.433746	-3348.16
5	0.442055	-3517.44
6	0.436189	-3422.66
7	0.434845	-3400.84
8	0.437388	-3470.08
9	0.431987	-3343.9
10	0.436914	-3385.25
11	0.434784	-3383.29
12	0.438086	-3442.99
13	0.435344	-3400.17
14	0.439308	-3480.68
15	0.43002	-3321.11
16	0.435594	-3414.39
17	0.432497	-3344.1
18	0.433054	-3427.67
19	0.437324	-3422.55
20	0.438533	-3473.91
21	0.431329	-3345.67
22	0.440148	-3473.89
23	0.431141	-3327.46
24	0.444512	-3515.48
25	0.438018	-3480.67
26	0.431063	-3369.19
27	0.429736	-3334.5
28	0.439707	-3474.62
29	0.442667	-3536.06
30	0.438865	-3452.09
31	0.428178	-3307.8
32	0.437414	-3443.71
33	0.431043	-3340.81
34	0.435907	-3411.77
35	0.441431	-3506.06
36	0.43763	-3462.24
37	0.44975	-3623.73
38	0.433857	-3383.12
39	0.440759	-3491.85
40	0.441599	-3486.98
41	0.43145	-3351.02
42	0.43516	-3399.21
43	0.435473	-3397.95
44	0.425206	-3273.08
45	0.430188	-3361.29
46	0.429414	-3292.29
47	0.443725	-3556.93
48	0.430784	-3297.54
49	0.430995	-3342.23
50	0.435424	-3401.23
51	0.436081	-3394.19
52	0.431801	-3349.37
53	0.432897	-3406.58
54	0.432466	-3367.11
55	0.43527	-3445.31
56	0.435928	-3423.2
57	0.438368	-3448.85
58	0.440847	-3451.32
59	0.444038	-3531.16
60	0.433909	-3391.22
61	0.437757	-3461.82
62	0.431022	-3347.11
63	0.431405	-3334.59
64	0.433225	-3394.06
65	0.423651	-3223.07
66	0.436647	-3468.86
67	0.42547	-3249.73
68	0.431281	-3357.75
69	0.435941	-3406.81
70	0.43782	-3455.03
71	0.440509	-3519.03
72	0.444484	-3559.49
73	0.433907	-3356.06
74	0.4278	-3287.25
75	0.435017	-3404.3
76	0.420466	-3193.06
77	0.429892	-3356.26
78	0.439514	-3472.9
79	0.441807	-3526.37
80	0.435179	-3414.03
81	0.428802	-3286.52
82	0.432352	-3393.61
83	0.438249	-3434.68
84	0.436039	-3426.76
85	0.432047	-3339.99
86	0.435967	-3396.96
87	0.428953	-3307.01
88	0.436456	-3413.89
89	0.435198	-3380.04
90	0.438822	-3468
91	0.434022	-3382.47
92	0.440887	-3473.44
93	0.431726	-3310.11
94	0.443653	-3543.72
95	0.437893	-3470.41
96	0.42787	-3285.08
97	0.436526	-3385.55
98	0.425733	-3263.87
99	0.433814	-3370.4
100	0.441747	-3498.9
101	0.433204	-3325.51
102	0.43632	-3411.86
103	0.433152	-3368.64
104	0.439857	-3504.28
105	0.426724	-3301.9
106	0.442007	-3491.22
107	0.437139	-3425
108	0.430704	-3373.47
109	0.427825	-3275.49
110	0.43861	-3450.23
111	0.436442	-3409.58
112	0.435707	-3449.77
113	0.42866	-3316.4
114	0.4353	-3406.55
115	0.439741	-3483.44
116	0.434244	-3337.58
117	0.420835	-3202.75
118	0.436266	-3402.13
119	0.429004	-3297.68
120	0.434572	-3409.25
121	0.428757	-3328.5
122	0.435852	-3421.59
123	0.436264	-3422.66
124	0.430485	-3304.94
125	0.430637	-3340.73
126	0.438246	-3456.74
127	0.433303	-3390.89
128	0.435717	-3415.18
129	0.434507	-3358.79
130	0.435859	-3383.41
131	0.439678	-3447.86
132	0.435581	-3417.11
133	0.425022	-3228.29
134	0.445148	-3563.42
135	0.433403	-3396.71
136	0.435028	-3411.16
137	0.437453	-3442.49
138	0.446048	-3596.47
139	0.430687	-3336.34
140	0.435278	-3394.68
141	0.438407	-3449.57
142	0.438942	-3438.94
143	0.438376	-3445.69
144	0.437735	-3460.52
145	0.437545	-3450.2
146	0.442728	-3518.33
147	0.440294	-3478.5
148	0.431454	-3327.2
149	0.43663	-3449.01
150	0.424545	-3216.13
151	0.427884	-3257.9
152	0.426843	-3293.73
153	0.429827	-3303.19
154	0.436164	-3413.43
155	0.433425	-3339.24
156	0.433177	-3387.16
157	0.434667	-3410.81
158	0.435129	-3371.37
159	0.435629	-3400.46
160	0.431854	-3335.75
161	0.430514	-3347.96
162	0.437146	-3426.58
163	0.430578	-3307.47
164	0.434208	-3376.15
165	0.439889	-3476.47
166	0.439259	-3426.63
167	0.4291	-3264.29
168	0.433277	-3357.49
169	0.435582	-3415.58
170	0.443045	-3521.81
171	0.438755	-3429.24
172	0.435398	-3418.07
173	0.433568	-3397.17
174	0.43921	-3464.46
175	0.438682	-3484.15
176	0.43549	-3419.86
177	0.436612	-3424.29
178	0.433931	-3404.54
179	0.445071	-3529.21
180	0.436474	-3379.6
181	0.443189	-3529.2
182	0.435485	-3414.92
183	0.437211	-3455.82
184	0.428921	-3287.8
185	0.43985	-3499.7
186	0.427065	-3275.24
187	0.429641	-3293.58
188	0.435928	-3383.15
189	0.430119	-3309.15
190	0.438015	-3419.88
191	0.434185	-3385.75
192	0.437768	-3447.48
193	0.434944	-3436.85
194	0.442157	-3530.39
195	0.436386	-3445.19
196	0.437736	-3451.25
197	0.432042	-3355.31
198	0.430794	-3348.86
199	0.426545	-3273.02
200	0.436833	-3418.66
201	0.43331	-3390.43
202	0.431804	-3345.33
203	0.436869	-3456.34
204	0.434682	-3389.84
205	0.43126	-3353.46
206	0.439888	-3489.24
207	0.434394	-3394.67
208	0.440255	-3473.52
209	0.435328	-3412.38
210	0.434925	-3352.82
211	0.433386	-3353.76
212	0.432385	-3342.55
213	0.426825	-3262.75
214	0.435137	-3407.99
215	0.441896	-3472.43
216	0.436708	-3432.94
217	0.435655	-3421.54
218	0.434374	-3414.41
219	0.427982	-3262.04
220	0.433993	-3414.75
221	0.437148	-3415.73
222	0.438707	-3453.5
223	0.436636	-3415.49
224	0.438928	-3459.34
225	0.436822	-3412.92
226	0.438216	-3476.03
227	0.436602	-3453.26
228	0.435833	-3428.65
229	0.437864	-3410.48
230	0.428445	-3286.69
231	0.433034	-3380.44
232	0.436022	-3433.39
233	0.425367	-3318.59
234	0.427846	-3295.15
235	0.428302	-3322.04
236	0.429683	-3318.24
237	0.435208	-3415.99
238	0.440769	-3488.89
239	0.43559	-3396.51
240	0.427971	-3306.76
241	0.449836	-3642.3
242	0.440942	-3506.06
243	0.432161	-3337.55
244	0.436291	-3419.29
245	0.432418	-3365.68
246	0.434485	-3405.35
247	0.434109	-3411.59
248	0.436896	-3387.19
249	0.437539	-3441.34
250	0.438625	-3484.04
251	0.440894	-3452.49
252	0.439752	-3462.24
253	0.445281	-3573.73
254	0.438314	-3474.37
255	0.434033	-3409.02
256	0.430009	-3324.17
257	0.443294	-3513.48
258	0.432918	-3415.59
259	0.434172	-3405.75
260	0.443192	-3509.01
261	0.437525	-3443.81
262	0.437125	-3445.49
263	0.438011	-3452.04
264	0.437194	-3447.35
265	0.431469	-3355.78
266	0.436984	-3415.56
267	0.440613	-3511.44
268	0.436711	-3414.02
269	0.433077	-3394.14
270	0.433553	-3351.64
271	0.433667	-3386.29
272	0.441818	-3493.81
273	0.437616	-3453.04
274	0.439811	-3446.65
275	0.433778	-3379.03
276	0.433916	-3385.94
277	0.435053	-3414.32
278	0.4399	-3460.75
279	0.438201	-3466.4
280	0.439082	-3454.99
281	0.437499	-3407.11
282	0.430947	-3349.43
283	0.435232	-3423.6
284	0.435603	-3423.43
285	0.429509	-3320.79
286	0.429519	-3313.9
287	0.435551	-3412.9
288	0.434172	-3404.73
289	0.43825	-3463.88
290	0.43468	-3378.1
291	0.434632	-3401.08
292	0.43542	-3387
293	0.435987	-3420.39
294	0.429213	-3332.68
295	0.440897	-3508.31
296	0.439271	-3491.07
297	0.430173	-3335.04
298	0.437767	-3409.18
299	0.427564	-3306.23
300	0.429389	-3314.94
301	0.437284	-3417.35
302	0.429898	-3312.03
303	0.436449	-3436.88
304	0.43182	-3359.42
305	0.443255	-3541.43
306	0.429951	-3310.86
307	0.433643	-3368.92
308	0.431778	-3390.68
309	0.430352	-3329.34
310	0.433814	-3387.8
311	0.43546	-3396.53
312	0.438959	-3461.56
313	0.431372	-3328.68
314	0.434579	-3370.84
315	0.439184	-3473.55
316	0.434492	-3406.61
317	0.435182	-3393.35
318	0.439695	-3482.83
319	0.431042	-3312.36
320	0.432169	-3351.09
321	0.431819	-3356.48
322	0.437545	-3459.14
323	0.439388	-3475.16
324	0.439491	-3480.12
325	0.437495	-3444.13
326	0.440799	-3481.7
327	0.436424	-3410.19
328	0.42997	-3316.38
329	0.437303	-3446.51
330	0.433306	-3390.11
331	0.435393	-3422.15
332	0.439725	-3488.39
333	0.430601	-3327.69
334	0.441288	-3504.21
335	0.434459	-3403.75
336	0.436041	-3415.53
337	0.434622	-3372.06
338	0.43784	-3526.21
339	0.433886	-3372.56
340	0.435335	-3392.69
341	0.437632	-3452.5
342	0.437968	-3427.59
343	0.430683	-3325.71
344	0.436362	-3420.33
345	0.434355	-3362.05
346	0.442144	-3476.73
347	0.429994	-3277.97
348	0.440855	-3500.44
349	0.436095	-3426.56
350	0.428976	-3284.86
351	0.428435	-3319.25
352	0.426153	-3259.16
353	0.432707	-3369.92
354	0.440218	-3510.84
355	0.436163	-3453.74
356	0.438266	-3455.41
357	0.435529	-3401.46
358	0.432665	-3344.25
359	0.432817	-3329.23
360	0.435795	-3418.62
361	0.43732	-3429.04
362	0.437189	-3430.53
363	0.432054	-3359.01
364	0.43803	-3464.88
365	0.432093	-3370.18
366	0.439215	-3444.69
367	0.437897	-3424.95
368	0.435225	-3438.4
369	0.43521	-3365.14
370	0.438881	-3443.87
371	0.435932	-3398.05
372	0.435191	-3368.32
373	0.43588	-3438.03
374	0.430116	-3295.67
375	0.43084	-3313.86
376	0.435135	-3430.96
377	0.4393	-3459.88
378	0.440066	-3510.29
379	0.432969	-3356.6
380	0.429974	-3273.38
381	0.439909	-3494.62
382	0.433438	-3380.7
383	0.435932	-3411.55
384	0.429549	-3312.7
385	0.427892	-3273.64
386	0.434951	-3405.78
387	0.435946	-3419.4
388	0.442738	-3471.12
389	0.43079	-3342.38
390	0.430512	-3333.86
391	0.432757	-3357.51
392	0.440537	-3520.98
393	0.4447	-3525.22
394	0.436542	-3415.95
395	0.434579	-3417.6
396	0.430067	-3331.21
397	0.442542	-3538.07
398	0.437338	-3438.95
399	0.437942	-3462.56
400	0.437731	-3429.95
401	0.431183	-3347.71
402	0.436678	-3457.82
403	0.432685	-3370.54
404	0.436212	-3461.09
405	0.442373	-3481.13
406	0.428523	-3290.93
407	0.430354	-3314.36
408	0.432515	-3382.43
409	0.43713	-3439.2
410	0.43731	-3405.44
411	0.434411	-3367.89
412	0.432683	-3349.31
413	0.440739	-3489.38
414	0.441009	-3498.64
415	0.431159	-3340.03
416	0.436646	-3454.79
417	0.431746	-3396.96
418	0.43944	-3485.31
419	0.434394	-3388.73
420	0.423208	-3197.59
421	0.440153	-3479.08
422	0.433309	-3368.79
423	0.428762	-3272.18
424	0.438563	-3473.99
425	0.441109	-3490.46
426	0.430092	-3337.57
427	0.439135	-3483.06
428	0.440037	-3501.54
429	0.434635	-3383.28
430	0.426459	-3259.68
431	0.4374	-3440.82
432	0.438543	-3451.41
433	0.440496	-3477.95
434	0.440533	-3506.85
435	0.436802	-3436.68
436	0.439685	-3463.67
437	0.432605	-3354.35
438	0.438893	-3441.37
439	0.431726	-3376.89
440	0.441692	-3493.07
441	0.433687	-3391.48
442	0.430766	-3352.37
443	0.434308	-3403.71
444	0.43989	-3490.86
445	0.434013	-3408.18
446	0.438995	-3486.34
447	0.437135	-3476.81
448	0.431847	-3371.31
449	0.435711	-3415.21
450	0.431274	-3329.8
451	0.431061	-3367.07
452	0.43773	-3450.47
453	0.439098	-3457.86
454	0.431254	-3324.87
455	0.436105	-3410.84
456	0.427804	-3257.68
457	0.439507	-3490.53
458	0.438512	-3451.76
459	0.428438	-3319.24
460	0.43511	-3369.07
461	0.437131	-3467.05
462	0.442921	-3547.86
463	0.439633	-3472.09
464	0.443365	-3544.59
465	0.434343	-3393.8
466	0.435422	-3397.15
467	0.434961	-3398.79
468	0.432627	-3376.42
469	0.434683	-3410.66
470	0.434004	-3395.46
471	0.44128	-3525.22
472	0.425914	-3266.99
473	0.436837	-3435.66
474	0.433504	-3358.27
475	0.432258	-3364.24
476	0.43791	-3456.07
477	0.430094	-3343.02
478	0.433952	-3398.45
479	0.436189	-3417.65
480	0.432324	-3339.53
481	0.431913	-3355.58
482	0.442304	-3519.74
483	0.430627	-3305.5
484	0.43893	-3486.12
485	0.441423	-3459.97
486	0.431126	-3308.03
487	0.432765	-3372.24
488	0.436386	-3408.27
489	0.427676	-3332.48
490	0.429513	-3313.99
491	0.446779	-3570.22
492	0.444197	-3561.61
493	0.43392	-3386.59
494	0.443013	-3533.6
495	0.439618	-3471.98
496	0.433545	-3387.68
497	0.434526	-3402.03
498	0.434424	-3416.04
499	0.438804	-3460.2
500	0.431808	-3323.07
501	0.428988	-3291.34
502	0.437457	-3439.34
503	0.436509	-3377.08
504	0.437941	-3489.58
505	0.425437	-3268.08
506	0.436085	-3420.36
507	0.438588	-3496.8
508	0.438485	-3434.42
509	0.436934	-3438.23
510	0.436831	-3454.92
511	0.428941	-3352.41
512	0.439948	-3497.2
513	0.440449	-3492.7
514	0.435062	-3376.87
515	0.441838	-3526.28
516	0.431076	-3337.78
517	0.439492	-3483.15
518	0.433127	-3358.4
519	0.438376	-3488.36
520	0.437956	-3454.09
521	0.43105	-3314.04
522	0.440816	-3475.19
523	0.436453	-3431.6
524	0.438948	-3482.57
525	0.434546	-3386.96
526	0.437826	-3439.04
527	0.433576	-3337.94
528	0.441319	-3488.99
529	0.438893	-3464.3
530	0.434313	-3365.63
531	0.433866	-3396.97
532	0.436186	-3411.27
533	0.437674	-3436.79
534	0.439975	-3456.93
535	0.439882	-3479.67
536	0.438609	-3429.23
537	0.433772	-3384.56
538	0.435167	-3401.18
539	0.429326	-3335.1
540	0.442843	-3548.37
541	0.43239	-3374.34
542	0.429635	-3282.88
543	0.446732	-3587.9
544	0.435478	-3382.24
545	0.431948	-3374.79
546	0.438004	-3436.29
547	0.431573	-3314.53
548	0.436791	-3450.43
549	0.44366	-3532.07
550	0.438216	-3448.25
551	0.433905	-3369.55
552	0.435045	-3378.04
553	0.428448	-3268.12
554	0.431359	-3394.66
555	0.438674	-3467.39
556	0.4371	-3466.45
557	0.432732	-3403.99
558	0.449363	-3634.94
559	0.435192	-3384.42
560	0.441581	-3545.65
561	0.438782	-3472.33
562	0.425272	-3265.46
563	0.42778	-3282.62
564	0.440623	-3487.35
565	0.444445	-3534.1
566	0.430167	-3343.89
567	0.430095	-3318.58
568	0.436339	-3414.8
569	0.433068	-3348.07
570	0.436815	-3408.74
571	0.429888	-3301.85
572	0.438545	-3464.28
573	0.443524	-3535.37
574	0.428803	-3300.14
575	0.435487	-3423.96
576	0.434126	-3405.64
577	0.43263	-3432.48
578	0.440161	-3483.82
579	0.434626	-3420.05
580	0.440638	-3468.97
581	0.428971	-3307.61
582	0.43463	-3374.35
583	0.431242	-3351.21
584	0.430344	-3304.16
585	0.428717	-3305.82
586	0.439097	-3448.87
587	0.440126	-3504.43
588	0.430009	-3350.6
589	0.437393	-3442.88
590	0.436399	-3410.55
591	0.434967	-3429.26
592	0.43471	-3362.46
593	0.44391	-3555.26
594	0.433187	-3353.28
595	0.436226	-3432.43
596	0.440139	-3467.39
597	0.441492	-3526.3
598	0.441992	-3497.66
599	0.434922	-3363.18
600	0.426877	-3267.26
601	0.430065	-3341.23
602	0.43699	-3420.7
603	0.43142	-3336.87
604	0.437382	-3430.47
605	0.430608	-3304.04
606	0.437843	-3443.17
607	0.43666	-3416.55
608	0.439235	-3449.97
609	0.437716	-3476.92
610	0.43786	-3442.54
611	0.434623	-3402.58
612	0.436666	-3431.33
613	0.433345	-3402.71
614	0.439719	-3456.18
615	0.433371	-3351.85
616	0.437446	-3486.04
617	0.434264	-3403.2
618	0.436372	-3395.89
619	0.443466	-3512.08
620	0.436036	-3406.11
621	0.437027	-3424.16
622	0.440954	-3479.71
623	0.434164	-3395.71
624	0.433429	-3396.7
625	0.447759	-3667.39
626	0.435434	-3434.28
627	0.438265	-3447.35
628	0.431243	-3372.62
629	0.433555	-3370.7
630	0.436448	-3430.47
631	0.431855	-3375.49
632	0.436103	-3372.85
633	0.433281	-3367.05
634	0.433805	-3382.9
635	0.441256	-3545.94
636	0.430541	-3342.81
637	0.430622	-3330.98
638	0.42549	-3236.23
639	0.433036	-3360.36
640	0.432312	-3368.8
641	0.430143	-3330.79
642	0.449599	-3645.52
643	0.436141	-3490.96
644	0.430081	-3358.37
645	0.440394	-3486.53
646	0.439653	-3507.06
647	0.431361	-3351.28
648	0.429388	-3337.88
649	0.435381	-3403.14
650	0.434755	-3391.97
651	0.43767	-3448.92
652	0.433758	-3400.79
653	0.435959	-3404.62
654	0.43253	-3348.64
655	0.431474	-3362.02
656	0.434985	-3394.82
657	0.435739	-3410.7
658	0.429849	-3318.82
659	0.431143	-3328.04
660	0.437243	-3437.69
661	0.430066	-3330.24
662	0.435596	-3385.44
663	0.426933	-3299
664	0.423558	-3227.4
665	0.443245	-3542.18
666	0.441106	-3492.35
667	0.442658	-3503.46
668	0.433845	-3383.81
669	0.440065	-3501.25
670	0.437584	-3457.08
671	0.431366	-3328.3
672	0.434816	-3409.41
673	0.434701	-3358.5
674	0.432869	-3356
675	0.437983	-3430.13
676	0.440272	-3470.11
677	0.438025	-3433.62
678	0.439819	-3451.31
679	0.439221	-3473.95
680	0.443001	-3513.49
681	0.439039	-3482.02
682	0.435158	-3386.56
683	0.433863	-3393.89
684	0.436905	-3449.99
685	0.433844	-3383.9
686	0.428145	-3320.29
687	0.435187	-3417.97
688	0.44089	-3499.37
689	0.431562	-3351.28
690	0.433501	-3364.74
691	0.438421	-3464.92
692	0.434439	-3395.06
693	0.429774	-3289.96
694	0.431463	-3348.41
695	0.427044	-3243.1
696	0.436786	-3435.14
697	0.433055	-3363.04
698	0.432353	-3427.96
699	0.431282	-3347.59
700	0.439852	-3475.34
701	0.427765	-3293.42
702	0.43209	-3355.32
703	0.432354	-3344.5
704	0.436415	-3409.47
705	0.438513	-3470.01
706	0.434503	-3385.4
707	0.432875	-3383.06
708	0.440198	-3510.83
709	0.435261	-3411.22
710	0.433143	-3364.81
711	0.434411	-3389.09
712	0.435683	-3441.33
713	0.436886	-3421.32
714	0.437297	-3448.27
715	0.429731	-3318.8
716	0.440003	-3485.57
717	0.433206	-3369.79
718	0.440423	-3523.01
719	0.432372	-3388.78
720	0.43656	-3454.17
721	0.435333	-3376.34
722	0.431687	-3334.46
723	0.434876	-3398.6
724	0.430407	-3325.28
725	0.426121	-3232.57
726	0.426792	-3256.38
727	0.437589	-3432.18
728	0.437229	-3421.77
729	0.426958	-3269.07
730	0.436199	-3424.42
731	0.435324	-3391.18
732	0.42736	-3265.99
733	0.436842	-3421.73
734	0.44147	-3496.02
735	0.430267	-3328.73
736	0.435604	-3402.6
737	0.440022	-3460.93
738	0.437308	-3453.76
739	0.433062	-3357.24
740	0.436071	-3404.59
741	0.431853	-3322.26
742	0.439347	-3480.44
743	0.435036	-3403.32
744	0.436503	-3416.14
745	0.441057	-3497.67
746	0.43734	-3443.85
747	0.430092	-3331.16
748	0.438347	-3433.13
749	0.436992	-3385.25
750	0.437439	-3444.71
751	0.443969	-3519.89
752	0.436516	-3437.52
753	0.431535	-3326.47
754	0.438507	-3466.99
755	0.435595	-3390.9
756	0.43744	-3468.98
757	0.42935	-3313.7
758	0.434537	-3402.2
759	0.434798	-3362.12
760	0.437931	-3431.37
761	0.425192	-3263.76
762	0.43285	-3397.77
763	0.438133	-3448.28
764	0.43671	-3390.88
765	0.426468	-3310.15
766	0.435398	-3421.37
767	0.441176	-3497.76
768	0.427739	-3295.32
769	0.434351	-3358.37
770	0.435962	-3450.22
771	0.432993	-3346.92
772	0.436407	-3466.66
773	0.435086	-3428.27
774	0.43544	-3443.34
775	0.437612	-3446.05
776	0.434322	-3402.77
777	0.440553	-3497.11
778	0.434423	-3373.68
779	0.429718	-3324.33
780	0.43892	-3454.07
781	0.430233	-3343.7
782	0.435272	-3414.28
783	0.433391	-3384.45
784	0.432271	-3318.36
785	0.433399	-3336.06
786	0.435191	-3386.6
787	0.436527	-3423.03
788	0.441685	-3515.4
789	0.432408	-3322.79
790	0.43915	-3485.63
791	0.430537	-3347.95
792	0.433306	-3356.32
793	0.436604	-3449.96
794	0.440065	-3470.73
795	0.436949	-3417.89
796	0.43261	-3366.2
797	0.43631	-3423.92
798	0.434737	-3416.17
799	0.439494	-3448.76
800	0.432718	-3306.89
801	0.434571	-3371.98
802	0.44013	-3466.19
803	0.44154	-3469.39
804	0.435868	-3441.09
805	0.442142	-3509.49
806	0.435046	-3451.01
807	0.427261	-3300.38
808	0.432838	-3375.64
809	0.433511	-3379
810	0.434189	-3382.62
811	0.438663	-3510.37
812	0.440823	-3456.96
813	0.429264	-3308.44
814	0.426269	-3278.56
815	0.435192	-3406.5
816	0.436735	-3408.24
817	0.438704	-3441.7
818	0.440076	-3473.31
819	0.435538	-3412.89
820	0.433666	-3395.1
821	0.430024	-3331.98
822	0.434736	-3404.63
823	0.42869	-3303.31
824	0.447337	-3603.5
825	0.432664	-3360.83
826	0.432352	-3342.75
827	0.433717	-3374.35
828	0.433289	-3385.75
829	0.429507	-3282.85
830	0.435666	-3387.27
831	0.437741	-3453.44
832	0.438664	-3466.46
833	0.433603	-3423.46
834	0.433135	-3370.62
835	0.43588	-3419.58
836	0.444525	-3540.98
837	0.433189	-3339.7
838	0.438763	-3426.12
839	0.429981	-3344.58
840	0.433232	-3404.1
841	0.433971	-3393.21
842	0.434004	-3369.05
843	0.433215	-3368.79
844	0.434245	-3378.52
845	0.432159	-3361.89
846	0.435526	-3417.48
847	0.437942	-3412.71
848	0.437819	-3490.41
849	0.435369	-3395.92
850	0.423868	-3238.13
851	0.42691	-3268.81
852	0.429678	-3330.35
853	0.439895	-3481.01
854	0.433229	-3376.84
855	0.437117	-3390.1
856	0.434764	-3407.91
857	0.434982	-3394.05
858	0.435433	-3416.91
859	0.435504	-3408.46
860	0.43297	-3403.94
861	0.43806	-3461.44
862	0.435426	-3422.54
863	0.438003	-3435.7
864	0.423927	-3225.88
865	0.443167	-3473.93
866	0.428051	-3310.67
867	0.431704	-3316.33
868	0.444243	-3521.62
869	0.432824	-3373.37
870	0.432223	-3338.75
871	0.440291	-3511.64
872	0.433605	-3382.28
873	0.432817	-3370.29
874	0.435017	-3398.03
875	0.433883	-3369.66
876	0.445269	-3529.13
877	0.433704	-3386.12
878	0.426748	-3257.32
879	0.438943	-3477.15
880	0.439301	-3481.97
881	0.434817	-3377.44
882	0.432996	-3378.23
883	0.43806	-3438.32
884	0.424894	-3220.94
885	0.439639	-3435.75
886	0.426499	-3259.36
887	0.441622	-3504.25
888	0.446379	-3566.63
889	0.437223	-3389.72
890	0.436158	-3390.78
891	0.430535	-3328.36
892	0.4413	-3479.92
893	0.43595	-3412.22
894	0.427927	-3306.83
895	0.43503	-3403.84
896	0.432676	-3334.81
897	0.42972	-3298.15
898	0.431671	-3352.29
899	0.43425	-3391.74
900	0.431364	-3366.96
901	0.43772	-3470.34
902	0.437041	-3419
903	0.43637	-3357.92
904	0.434033	-3364.47
905	0.427572	-3251.01
906	0.431298	-3320.22
907	0.438237	-3415.98
908	0.43345	-3349.52
909	0.435629	-3389.29
910	0.434644	-3358.72
911	0.440671	-3496.45
912	0.440134	-3458.38
913	0.430796	-3324.14
914	0.434667	-3408.74
915	0.444237	-3571.86
916	0.434311	-3391.41
917	0.43505	-3350.12
918	0.427381	-3272.84
919	0.442824	-3522.76
920	0.43197	-3393.49
921	0.440513	-3456.67
922	0.438562	-3451.37
923	0.441571	-3493.15
924	0.430806	-3332.07
925	0.443404	-3530.86
926	0.437856	-3473.5
927	0.436145	-3424.2
928	0.443014	-3538.44
929	0.42807	-3302.82
930	0.438643	-3527.88
931	0.439638	-3463.37
932	0.433005	-3369.32
933	0.438218	-3477.18
934	0.432174	-3352.78
935	0.439827	-3495.39
936	0.429475	-3350.2
937	0.433998	-3354.17
938	0.433057	-3367.95
939	0.437895	-3456.1
940	0.4353	-3418.11
941	0.434844	-3395.81
942	0.439362	-3464.64
943	0.434456	-3407.52
944	0.431072	-3390.11
945	0.436461	-3411.85
946	0.442426	-3535.54
947	0.428617	-3324.76
948	0.431372	-3367.88
949	0.436835	-3439.32
950	0.437895	-3384.05
951	0.44089	-3525.33
952	0.435961	-3420.62
953	0.42809	-3282.63
954	0.446268	-3592.28
955	0.433679	-3367.95
956	0.437119	-3444.95
957	0.432816	-3351.51
958	0.431689	-3349.37
959	0.432596	-3383.43
960	0.440034	-3470.39
961	0.439888	-3437.77
962	0.447054	-3577.99
963	0.436109	-3375.11
964	0.420241	-3150.05
965	0.43817	-3452.7
966	0.428435	-3290.04
967	0.439775	-3431.04
968	0.429895	-3302.7
969	0.428542	-3313.43
970	0.431796	-3340.03
971	0.435648	-3412.86
972	0.436594	-3476.79
973	0.441162	-3489.47
974	0.435167	-3403.64
975	0.437904	-3460.17
976	0.427055	-3296.36
977	0.438287	-3439.15
978	0.4377	-3463.32
979	0.441189	-3455.55
980	0.439181	-3441.58
981	0.433254	-3400.07
982	0.440613	-3468.5
983	0.437867	-3447.52
984	0.437075	-3470.06
985	0.434872	-3412.36
986	0.428691	-3311.5
987	0.430431	-3298.79
988	0.438438	-3453.19
989	0.438043	-3491.72
990	0.435947	-3413.07
991	0.434663	-3448.71
992	0.442958	-3503.8
993	0.430415	-3330.57
994	0.435006	-3413.2
995	0.440792	-3488.34
996	0.437405	-3442.76
997	0.439781	-3481.38
998	0.426606	-3292.67
999	0.432407	-3360.68
1000	0.436112	-3416.57
1001	0.437511	-3430.71
1002	0.44341	-3501.79
1003	0.440106	-3479.14
1004	0.432877	-3350.93
1005	0.427382	-3309.65
1006	0.445576	-3522.38
1007	0.440157	-3471.99
1008	0.434247	-3405.06
1009	0.431639	-3329.22
1010	0.434362	-3417.25
1011	0.432678	-3419.63
1012	0.428517	-3313.79
1013	0.444187	-3547.18
1014	0.435114	-3420.49
1015	0.439945	-3480.13
1016	0.436497	-3389.59
1017	0.429507	-3314.97
1018	0.433125	-3358.67
1019	0.427472	-3304.99
1020	0.430727	-3360.57
1021	0.434099	-3389.47
1022	0.431425	-3337.53
1023	0.433294	-3397.33
1024	0.44113	-3518.27
1025	0.439693	-3473.22
1026	0.434503	-3376.56
1027	0.43811	-3458.5
1028	0.438814	-3457.05
1029	0.435575	-3430.91
1030	0.432646	-3361.63
1031	0.429717	-3293.17
1032	0.438438	-3431.62
1033	0.440845	-3494.04
1034	0.434424	-3402.6
1035	0.432697	-3366.73
1036	0.435598	-3406.28
1037	0.444255	-3568.54
1038	0.438738	-3454.62
1039	0.431357	-3355.98
1040	0.435148	-3403.95
1041	0.437661	-3410.41
1042	0.430838	-3329.32
1043	0.432944	-3411.74
1044	0.430979	-3359.38
1045	0.440417	-3487.52
1046	0.438123	-3444.29
1047	0.426797	-3296.28
1048	0.439746	-3453.15
1049	0.441295	-3486.31
1050	0.434753	-3388.3
1051	0.431223	-3365.96
1052	0.438736	-3479.69
1053	0.435723	-3394.39
1054	0.435209	-3419.81
1055	0.452809	-3675.97
1056	0.433211	-3402.26
1057	0.436968	-3432.55
1058	0.436745	-3410.62
1059	0.432377	-3352.83
1060	0.437244	-3423.52
1061	0.431961	-3347.6
1062	0.433647	-3382.38
1063	0.438653	-3410.61
1064	0.439577	-3467.59
1065	0.430053	-3328.86
1066	0.433861	-3381.14
1067	0.436519	-3407.43
1068	0.438586	-3443.55
1069	0.442338	-3514.49
1070	0.437193	-3389.51
1071	0.431705	-3369.16
1072	0.431695	-3373.45
1073	0.441683	-3495.15
1074	0.431454	-3347.03
1075	0.424295	-3216.38
1076	0.441797	-3521.05
1077	0.429303	-3301.9
1078	0.436894	-3434.15
1079	0.437549	-3470.07
1080	0.42705	-3280.49
1081	0.43678	-3432.48
1082	0.440098	-3483.91
1083	0.428588	-3260.62
1084	0.440196	-3453.03
1085	0.437621	-3455.87
1086	0.434702	-3400.7
1087	0.442482	-3484.31
1088	0.443187	-3590.64
1089	0.434629	-3379.36
1090	0.42404	-3240.6
1091	0.433181	-3392.75
1092	0.434557	-3405.31
1093	0.432453	-3345.08
1094	0.432684	-3336.17
1095	0.438899	-3491.51
1096	0.446599	-3561.84
1097	0.434867	-3380.94
1098	0.442717	-3527.64
1099	0.44163	-3507.62
1100	0.438704	-3457.66
1101	0.434529	-3399.46
1102	0.433067	-3395.44
1103	0.439535	-3467.34
1104	0.437402	-3450.68
1105	0.440535	-3499.01
1106	0.433059	-3379.67
1107	0.43017	-3318.77
1108	0.431942	-3368.77
1109	0.431617	-3333.19
1110	0.430693	-3344.9
1111	0.429837	-3365.15
1112	0.430465	-3320.29
1113	0.439064	-3434.63
1114	0.43601	-3411.04
1115	0.433548	-3412.17
1116	0.44057	-3506.48
1117	0.440458	-3512.58
1118	0.432256	-3372.15
1119	0.4305	-3345.09
1120	0.429123	-3297.73
1121	0.430474	-3303.69
1122	0.435589	-3406.49
1123	0.43286	-3386.46
1124	0.430643	-3350.22
1125	0.442131	-3533.41
1126	0.431923	-3376.62
1127	0.433758	-3378.28
1128	0.436676	-3424.53
1129	0.438465	-3455.15
1130	0.442744	-3530.88
1131	0.430461	-3384.96
1132	0.431868	-3335.93
1133	0.430647	-3295.13
1134	0.437166	-3428.3
1135	0.434591	-3451.09
1136	0.43155	-3329.85
1137	0.433117	-3390.37
1138	0.42797	-3321.74
1139	0.437354	-3445.19
1140	0.437655	-3447.02
1141	0.439615	-3483.36
1142	0.437858	-3442.37
1143	0.435048	-3411.04
1144	0.440032	-3451.16
1145	0.443485	-3544.01
1146	0.436792	-3408.36
1147	0.43229	-3342.96
1148	0.436778	-3444.69
1149	0.436348	-3448.73
1150	0.43494	-3418.37
1151	0.429906	-3321.36
1152	0.431802	-3345.88
1153	0.433744	-3375.92
1154	0.433569	-3338.05
1155	0.433987	-3435.69
1156	0.436089	-3415.92
1157	0.442739	-3569.57
1158	0.430261	-3373.34
1159	0.436899	-3375.68
1160	0.430679	-3313.77
1161	0.438622	-3463.13
1162	0.440825	-3483.66
1163	0.433004	-3361.16
1164	0.435527	-3349.47
1165	0.438066	-3460.54
1166	0.437175	-3445.39
1167	0.434147	-3402.88
1168	0.431636	-3370.55
1169	0.434394	-3368.09
1170	0.436534	-3416.46
1171	0.441786	-3505.25
1172	0.43676	-3408.9
1173	0.438523	-3445.35
1174	0.43702	-3419.96
1175	0.434685	-3408.5
1176	0.436345	-3411.95
1177	0.435751	-3426.52
1178	0.432582	-3362.28
1179	0.426648	-3262.3
1180	0.434698	-3411.55
1181	0.433008	-3369.16
1182	0.433964	-3370.09
1183	0.428581	-3284.44
1184	0.43639	-3459.98
1185	0.440141	-3469.44
1186	0.434037	-3367.03
1187	0.428248	-3330.11
1188	0.44109	-3513.25
1189	0.431862	-3370.99
1190	0.438372	-3485.95
1191	0.436929	-3435.7
1192	0.438423	-3466.64
1193	0.428605	-3319.33
1194	0.426501	-3246.45
1195	0.435552	-3420.84
1196	0.433618	-3386.38
1197	0.42709	-3274.42
1198	0.438935	-3479
1199	0.434798	-3364.29
1200	0.431091	-3357.15
1201	0.431038	-3357.74
1202	0.440164	-3465.31
1203	0.432674	-3357.6
1204	0.434519	-3349.39
1205	0.437909	-3489.74
1206	0.445402	-3574.18
1207	0.439209	-3519.4
1208	0.430211	-3359.06
1209	0.44329	-3531.92
1210	0.434048	-3337.74
1211	0.437859	-3409.04
1212	0.43073	-3324.9
1213	0.445789	-3585.43
1214	0.434287	-3401.13
1215	0.429442	-3264.27
1216	0.443697	-3491.7
1217	0.426894	-3276.73
1218	0.434989	-3376.41
1219	0.433142	-3390.19
1220	0.435842	-3403.48
1221	0.442792	-3525.43
1222	0.434762	-3387.9
1223	0.437223	-3441.17
1224	0.434022	-3374.79
1225	0.436562	-3409.37
1226	0.434299	-3391.4
1227	0.43498	-3402.64
1228	0.434729	-3392.97
1229	0.438947	-3446.93
1230	0.433575	-3357.03
1231	0.441142	-3453.46
1232	0.439625	-3452.49
1233	0.438383	-3474.78
1234	0.435691	-3450.09
1235	0.434968	-3392.43
1236	0.448241	-3608.21
1237	0.440745	-3492.41
1238	0.43422	-3351.4
1239	0.434012	-3380.23
1240	0.438453	-3461.39
1241	0.442066	-3537.4
1242	0.438882	-3444.23
1243	0.436821	-3413.24
1244	0.426615	-3268.2
1245	0.434137	-3372.54
1246	0.432417	-3390.77
1247	0.435452	-3418.35
1248	0.445173	-3514.37
1249	0.441099	-3486.18
1250	0.435375	-3373.03
1251	0.431848	-3348.99
1252	0.450019	-3632.4
1253	0.43958	-3491.18
1254	0.436746	-3448.09
1255	0.430445	-3328.76
1256	0.432838	-3365.99
1257	0.439192	-3444.54
1258	0.43611	-3436.92
1259	0.434636	-3398.67
1260	0.430155	-3309.81
1261	0.435944	-3416.3
1262	0.434777	-3397.47
1263	0.428823	-3273.83
1264	0.441302	-3472.16
1265	0.435264	-3411.22
1266	0.446327	-3571.25
1267	0.441442	-3507.32
1268	0.434871	-3420.08
1269	0.441448	-3527.77
1270	0.437375	-3421.62
1271	0.431691	-3340.19
1272	0.434993	-3412.15
1273	0.437624	-3486.49
1274	0.430823	-3330.09
1275	0.430557	-3314.75
1276	0.430962	-3319.28
1277	0.434117	-3411.73
1278	0.439685	-3469.57
1279	0.433343	-3340.62
1280	0.433187	-3397.15
1281	0.432841	-3344.24
1282	0.436867	-3418.18
1283	0.440721	-3502.37
1284	0.428971	-3323.77
1285	0.440115	-3458.92
1286	0.438334	-3448.38
1287	0.431278	-3345.02
1288	0.438325	-3470.76
1289	0.433559	-3382.67
1290	0.432332	-3321.09
1291	0.440219	-3493.76
1292	0.431257	-3331.21
1293	0.44229	-3514.33
1294	0.427682	-3283.43
1295	0.433844	-3374.48
1296	0.427172	-3233.45
1297	0.438284	-3427.06
1298	0.431924	-3374.06
1299	0.430139	-3317.01
1300	0.430555	-3348.8
1301	0.442086	-3510.36
1302	0.432997	-3376.22
1303	0.438401	-3464.79
1304	0.436038	-3444
1305	0.426964	-3273.48
1306	0.441132	-3517.13
1307	0.4365	-3443.28
1308	0.436546	-3434.01
1309	0.440358	-3493.38
1310	0.434615	-3390.9
1311	0.431353	-3341.73
1312	0.435319	-3413.95
1313	0.43717	-3449.73
1314	0.438004	-3432.84
1315	0.440512	-3507.18
1316	0.440707	-3524
1317	0.439245	-3493.56
1318	0.428218	-3302.75
1319	0.432355	-3341.08
1320	0.429954	-3324.33
1321	0.434631	-3411.05
1322	0.438817	-3476.88
1323	0.433368	-3381.61
1324	0.426832	-3285.48
1325	0.432625	-3344.6
1326	0.442724	-3545.92
1327	0.43009	-3293.34
1328	0.435512	-3387.41
1329	0.432232	-3327.72
1330	0.430246	-3296.86
1331	0.43494	-3425.23
1332	0.435588	-3351.61
1333	0.445618	-3551.61
1334	0.441064	-3463.6
1335	0.437763	-3422.95
1336	0.435437	-3373.18
1337	0.429115	-3351.22
1338	0.438333	-3473.89
1339	0.431266	-3344.81
1340	0.433282	-3336.33
1341	0.433093	-3388.19
1342	0.429676	-3354.44
1343	0.432643	-3369.98
1344	0.438568	-3456.07
1345	0.434452	-3374.51
1346	0.438495	-3458.9
1347	0.428602	-3256.14
1348	0.431641	-3355.38
1349	0.436068	-3424.36
1350	0.43156	-3348.86
1351	0.435679	-3429.96
1352	0.438543	-3456.77
1353	0.43199	-3365.38
1354	0.438052	-3474.3
1355	0.436589	-3457.16
1356	0.43868	-3433.97
1357	0.433177	-3362.8
1358	0.423917	-3248.4
1359	0.433701	-3382.68
1360	0.431229	-3405.49
1361	0.440366	-3497.65
1362	0.430875	-3345.16
1363	0.432694	-3389.05
1364	0.432943	-3409.52
1365	0.437426	-3455.84
1366	0.435319	-3397.82
1367	0.44359	-3537.98
1368	0.437483	-3437.84
1369	0.43424	-3402.98
1370	0.435864	-3373.44
1371	0.432103	-3332.05
1372	0.433509	-3360.35
1373	0.43989	-3496.03
1374	0.435657	-3418.17
1375	0.435832	-3418.66
1376	0.440858	-3474.65
1377	0.435984	-3425.02
1378	0.440845	-3479.87
1379	0.436305	-3419.54
1380	0.437962	-3439.47
1381	0.440266	-3495.45
1382	0.432631	-3396.32
1383	0.436938	-3416.55
1384	0.442383	-3547.26
1385	0.43567	-3405.91
1386	0.433794	-3369.89
1387	0.441312	-3482.92
1388	0.426043	-3290.14
1389	0.439267	-3444.46
1390	0.431658	-3321.85
1391	0.432438	-3344.62
1392	0.433312	-3382.33
1393	0.446798	-3642.65
1394	0.442192	-3541.7
1395	0.433876	-3370.86
1396	0.440877	-3472.28
1397	0.433341	-3364.41
1398	0.435353	-3434.19
1399	0.43803	-3436.51
1400	0.432071	-3335.45
1401	0.44092	-3477.94
1402	0.434508	-3397.24
1403	0.431168	-3314.42
1404	0.439739	-3486.19
1405	0.43495	-3400.86
1406	0.435374	-3446.66
1407	0.432447	-3365.42
1408	0.428138	-3299.62
1409	0.447231	-3608.67
1410	0.434451	-3378.94
1411	0.439631	-3459.59
1412	0.4299	-3337.36
1413	0.433721	-3394.06
1414	0.42737	-3276.93
1415	0.438634	-3490.16
1416	0.43381	-3366.6
1417	0.431617	-3399.77
1418	0.4363	-3432.37
1419	0.440018	-3514.14
1420	0.443601	-3546.25
1421	0.432755	-3352.11
1422	0.432834	-3328.36
1423	0.427045	-3263.54
1424	0.430411	-3310.65
1425	0.440613	-3526.4
1426	0.432197	-3364.51
1427	0.434597	-3385.97
1428	0.436062	-3441.86
1429	0.433014	-3367.5
1430	0.426475	-3263.2
1431	0.433363	-3374.03
1432	0.436181	-3436.83
1433	0.432975	-3345.3
1434	0.438431	-3450.76
1435	0.433998	-3388.9
1436	0.431597	-3345.2
1437	0.428286	-3267.64
1438	0.443363	-3514.28
1439	0.438284	-3423.23
1440	0.431328	-3323.01
1441	0.43719	-3433.97
1442	0.438736	-3479.56
1443	0.432143	-3357.94
1444	0.436235	-3406.66
1445	0.431785	-3345.76
1446	0.43388	-3406.1
1447	0.430337	-3317.76
1448	0.435044	-3387.37
1449	0.434672	-3375.37
1450	0.432812	-3357.25
1451	0.434713	-3374.19
1452	0.43315	-3364.08
1453	0.4293	-3299.95
1454	0.438597	-3464.3
1455	0.438565	-3431.9
1456	0.43272	-3327.67
1457	0.433699	-3380.67
1458	0.441655	-3481.43
1459	0.433746	-3376.38
1460	0.437695	-3447.46
1461	0.426493	-3274.64
1462	0.437931	-3444.67
1463	0.440009	-3472.6
1464	0.429467	-3275.77
1465	0.44021	-3507.26
1466	0.434726	-3377.67
1467	0.440159	-3450.26
1468	0.443519	-3580.08
1469	0.441582	-3533.61
1470	0.431046	-3349.77
1471	0.436644	-3422.05
1472	0.435768	-3422.64
1473	0.432596	-3371.74
1474	0.445331	-3546.7
1475	0.439267	-3463.35
1476	0.439016	-3402.59
1477	0.428962	-3310.2
1478	0.433568	-3359.28
1479	0.442444	-3498.94
1480	0.431485	-3366.04
1481	0.434304	-3395.1
1482	0.431357	-3341.21
1483	0.435857	-3411.42
1484	0.436098	-3433.96
1485	0.439722	-3467.6
1486	0.438996	-3440.93
1487	0.436651	-3414.63
1488	0.439101	-3466.18
1489	0.428579	-3307.99
1490	0.434977	-3406.26
1491	0.436069	-3426.02
1492	0.441803	-3498.07
1493	0.432814	-3374.74
1494	0.436606	-3438.89
1495	0.426884	-3328.32
1496	0.432206	-3426.71
1497	0.433496	-3384.11
1498	0.439845	-3496.71
1499	0.428699	-3300.88
1500	0.440431	-3502.18
1501	0.434366	-3415.95
1502	0.439015	-3461.06
1503	0.439896	-3497.54
1504	0.430768	-3337.37
1505	0.42906	-3302.6
1506	0.440001	-3470.19
1507	0.435271	-3410.13
1508	0.439785	-3504.34
1509	0.435236	-3415.24
1510	0.434253	-3374.57
1511	0.438027	-3437.91
1512	0.435501	-3402.77
1513	0.434313	-3391.27
1514	0.441126	-3493.46
1515	0.432351	-3365.94
1516	0.428786	-3320.56
1517	0.434684	-3391.46
1518	0.439588	-3472.55
1519	0.430833	-3351.14
1520	0.436566	-3395.88
1521	0.435807	-3415.11
1522	0.435502	-3415.77
1523	0.44115	-3476.82
1524	0.433508	-3389.11
1525	0.434278	-3388.07
1526	0.437747	-3413.67
1527	0.434557	-3418.18
1528	0.430886	-3354.31
1529	0.432125	-3382.99
1530	0.435366	-3417.29
1531	0.430374	-3346.45
1532	0.437945	-3470.39
1533	0.433404	-3391.82
1534	0.441274	-3480.16
1535	0.427275	-3265.97
1536	0.435389	-3397.81
1537	0.43731	-3453.63
1538	0.436177	-3372.15
1539	0.431134	-3317.49
1540	0.434631	-3368.78
1541	0.428837	-3301.81
1542	0.431881	-3354.82
1543	0.435867	-3405.42
1544	0.433059	-3393.77
1545	0.437097	-3441.51
1546	0.431498	-3338.55
1547	0.433453	-3366.62
1548	0.436123	-3421.52
1549	0.435761	-3406.54
1550	0.435213	-3439.16
1551	0.442208	-3533.06
1552	0.436394	-3420.85
1553	0.430901	-3333.38
1554	0.436653	-3411.64
1555	0.43501	-3377.23
1556	0.430234	-3316.84
1557	0.433034	-3354.06
1558	0.436059	-3432.6
1559	0.43728	-3424.21
1560	0.434771	-3420.92
1561	0.435434	-3436.69
1562	0.434203	-3407.39
1563	0.439917	-3466.51
1564	0.434269	-3393.99
1565	0.432898	-3365.7
1566	0.429072	-3345.86
1567	0.436467	-3432.83
1568	0.433625	-3389.29
1569	0.437593	-3450.02
1570	0.432785	-3331.11
1571	0.434898	-3421.72
1572	0.426227	-3233.57
1573	0.439865	-3455.56
1574	0.422832	-3223.09
1575	0.427091	-3323.35
1576	0.426605	-3313.73
1577	0.436155	-3436.65
1578	0.437281	-3411.04
1579	0.433773	-3386.38
1580	0.433076	-3376.32
1581	0.440902	-3506.8
1582	0.437049	-3405.79
1583	0.437687	-3443.1
1584	0.432314	-3385.78
1585	0.436142	-3433.45
1586	0.439722	-3515.55
1587	0.43286	-3381.39
1588	0.431691	-3373.68
1589	0.432119	-3373.7
1590	0.441724	-3549
1591	0.437901	-3490.23
1592	0.427009	-3267.59
1593	0.434723	-3367.71
1594	0.43583	-3425.86
1595	0.437967	-3436.09
1596	0.437764	-3468.11
1597	0.440936	-3473.21
1598	0.433797	-3369.91
1599	0.44096	-3501.93
1600	0.43209	-3391.76
1601	0.438693	-3472.67
1602	0.432436	-3370.15
1603	0.431931	-3333.95
1604	0.437364	-3412.58
1605	0.433658	-3414.91
1606	0.434487	-3429.27
1607	0.436662	-3407.48
1608	0.435948	-3427.38
1609	0.430645	-3321.4
1610	0.436455	-3434.23
1611	0.433949	-3368.92
1612	0.436469	-3451.78
1613	0.433716	-3376.18
1614	0.429099	-3316.25
1615	0.43676	-3439.15
1616	0.42243	-3206.59
1617	0.437536	-3436.39
1618	0.435916	-3396.55
1619	0.436846	-3400.95
1620	0.434736	-3377.46
1621	0.433475	-3345.54
1622	0.433692	-3388.39
1623	0.438791	-3449.42
1624	0.435886	-3367.43
1625	0.436016	-3408.52
1626	0.429431	-3297.5
1627	0.429451	-3336.11
1628	0.431705	-3302.79
1629	0.437854	-3399.44
1630	0.440263	-3475.96
1631	0.43485	-3387.44
1632	0.439327	-3456.68
1633	0.438858	-3450.24
1634	0.438231	-3425.88
1635	0.436274	-3404.88
1636	0.444127	-3480.98
1637	0.430715	-3326.32
1638	0.43356	-3375.54
1639	0.435439	-3465.25
1640	0.42838	-3298.91
1641	0.435969	-3425.24
1642	0.436184	-3407.97
1643	0.434901	-3408.33
1644	0.43923	-3423.9
1645	0.433732	-3361.87
1646	0.433247	-3384.9
1647	0.430696	-3346.01
1648	0.439404	-3497.41
1649	0.439375	-3485.87
1650	0.438071	-3438.43
1651	0.436706	-3466.04
1652	0.441165	-3481.98
1653	0.431779	-3349.26
1654	0.441873	-3510.63
1655	0.440178	-3467.68
1656	0.44122	-3489.33
1657	0.431927	-3369.04
1658	0.436237	-3461.23
1659	0.433902	-3411.34
1660	0.433653	-3390.33
1661	0.436402	-3437.25
1662	0.436239	-3423.4
1663	0.429121	-3302.36
1664	0.434444	-3399.78
1665	0.441786	-3532.13
1666	0.428069	-3288.97
1667	0.430477	-3356.45
1668	0.43202	-3367.71
1669	0.431366	-3345.39
1670	0.43568	-3405.25
1671	0.432938	-3361
1672	0.438603	-3441.43
1673	0.4322	-3367.31
1674	0.436783	-3464.87
1675	0.441297	-3477.19
1676	0.437978	-3436.41
1677	0.435219	-3413.48
1678	0.433065	-3366.4
1679	0.439858	-3474.98
1680	0.432972	-3341.01
1681	0.436219	-3398.88
1682	0.435412	-3409.19
1683	0.439602	-3476.35
1684	0.433134	-3354.6
1685	0.436665	-3444.41
1686	0.430062	-3313.33
1687	0.441792	-3538.39
1688	0.4348	-3388.98
1689	0.433596	-3355.13
1690	0.429265	-3326.14
1691	0.438398	-3444.91
1692	0.432313	-3349.12
1693	0.437381	-3480.61
1694	0.43389	-3390.96
1695	0.438069	-3438
1696	0.440423	-3492.88
1697	0.431901	-3317.97
1698	0.431296	-3317.47
1699	0.434964	-3398.59
1700	0.429686	-3267.94
1701	0.441863	-3495.26
1702	0.433457	-3379.76
1703	0.435106	-3426.21
1704	0.433228	-3366.49
1705	0.430243	-3293.23
1706	0.434366	-3370.41
1707	0.434545	-3381.68
1708	0.437458	-3407.38
1709	0.438568	-3441.27
1710	0.43616	-3448.05
1711	0.436097	-3411.59
1712	0.438254	-3476.13
1713	0.430955	-3354.97
1714	0.438727	-3470.73
1715	0.436738	-3426.38
1716	0.437243	-3466.88
1717	0.437305	-3468.73
1718	0.438284	-3431.49
1719	0.44487	-3531.62
1720	0.433045	-3349.73
1721	0.435137	-3424.57
1722	0.435787	-3419.04
1723	0.441055	-3504.11
1724	0.433654	-3353.7
1725	0.442908	-3518.09
1726	0.435474	-3426.57
1727	0.438441	-3433.95
1728	0.439286	-3488.98
1729	0.433695	-3379.75
1730	0.430718	-3346.95
1731	0.43321	-3359.44
1732	0.430772	-3310.08
1733	0.426125	-3291.57
1734	0.435999	-3425.67
1735	0.432232	-3334.73
1736	0.438861	-3453.82
1737	0.436811	-3442.62
1738	0.430081	-3343.7
1739	0.439746	-3467.56
1740	0.434517	-3408.21
1741	0.434574	-3381.62
1742	0.432356	-3369.18
1743	0.438299	-3478.21
1744	0.440261	-3474.29
1745	0.438682	-3471.35
1746	0.43206	-3344.74
1747	0.438311	-3446.42
1748	0.427964	-3301.58
1749	0.43669	-3433.26
1750	0.433276	-3370.16
1751	0.434756	-3375.48
1752	0.431268	-3330
1753	0.431905	-3399.1
1754	0.428396	-3289.66
1755	0.440015	-3454.31
1756	0.436648	-3431.74
1757	0.439213	-3483.75
1758	0.437362	-3461.45
1759	0.435577	-3409.74
1760	0.434196	-3395.56
1761	0.434657	-3393.55
1762	0.438693	-3469.62
1763	0.432577	-3377.01
1764	0.435606	-3428.17
1765	0.427461	-3267.64
1766	0.437643	-3442.81
1767	0.43895	-3465.16
1768	0.436918	-3490.66
1769	0.430756	-3337.66
1770	0.428272	-3334.85
1771	0.427814	-3294.15
1772	0.436839	-3430.61
1773	0.437972	-3411.35
1774	0.440771	-3504.19
1775	0.431976	-3337.85
1776	0.434393	-3403.1
1777	0.439493	-3435.44
1778	0.435913	-3430.65
1779	0.433089	-3379.46
1780	0.431202	-3366.27
1781	0.430574	-3331.91
1782	0.430702	-3353.78
1783	0.432532	-3359.73
1784	0.436995	-3444.87
1785	0.435454	-3390.67
1786	0.436329	-3426.33
1787	0.439941	-3486.22
1788	0.430883	-3315.24
1789	0.434388	-3398.74
1790	0.432107	-3375.33
1791	0.4428	-3531.3
1792	0.437772	-3414.45
1793	0.439161	-3428.07
1794	0.443545	-3560.23
1795	0.431326	-3362.16
1796	0.439671	-3506.41
1797	0.436629	-3382.67
1798	0.432971	-3344.37
1799	0.434078	-3387.46
1800	0.429114	-3296.13
1801	0.442644	-3523.95
1802	0.432076	-3391.96
1803	0.438489	-3433.21
1804	0.438865	-3449.65
1805	0.436888	-3447.01
1806	0.438951	-3440.78
1807	0.444305	-3498.38
1808	0.432799	-3393.5
1809	0.431673	-3321.54
1810	0.433878	-3374.38
1811	0.425898	-3250.86
1812	0.434087	-3397.46
1813	0.429718	-3296.12
1814	0.442074	-3530.95
1815	0.43412	-3401.58
1816	0.434679	-3405.5
1817	0.435607	-3406.34
1818	0.435532	-3406.4
1819	0.438845	-3431.03
1820	0.428772	-3270.77
1821	0.434379	-3393.14
1822	0.43586	-3448.17
1823	0.449018	-3614.05
1824	0.42953	-3313.96
1825	0.436088	-3422.09
1826	0.43303	-3374.13
1827	0.440406	-3450.25
1828	0.434295	-3389.84
1829	0.438654	-3432.52
1830	0.4345	-3393.08
1831	0.427121	-3285.84
1832	0.432918	-3382.89
1833	0.440579	-3473.43
1834	0.438135	-3452.11
1835	0.438518	-3454.44
1836	0.436188	-3404.88
1837	0.438287	-3443.66
1838	0.435865	-3419.93
1839	0.432126	-3356.84
1840	0.435676	-3401.41
1841	0.443623	-3521.52
1842	0.446529	-3593.3
1843	0.433336	-3360.85
1844	0.437591	-3436.84
1845	0.438345	-3494.97
1846	0.431571	-3324.16
1847	0.431358	-3356.17
1848	0.440195	-3500.68
1849	0.440351	-3451.5
1850	0.437418	-3455.27
1851	0.434109	-3408.16
1852	0.437317	-3447.54
1853	0.438089	-3471.87
1854	0.432779	-3363.29
1855	0.429631	-3309.68
1856	0.43298	-3403.28
1857	0.439253	-3497.52
1858	0.434307	-3365.62
1859	0.428358	-3287.22
1860	0.434348	-3352.98
1861	0.429754	-3366.47
1862	0.42957	-3339.46
1863	0.440955	-3460.64
1864	0.439859	-3458.9
1865	0.43949	-3470.81
1866	0.435112	-3395.18
1867	0.438214	-3442.94
1868	0.430557	-3334.38
1869	0.437236	-3411.25
1870	0.421103	-3187.29
1871	0.432061	-3373.73
1872	0.438619	-3437.88
1873	0.433308	-3376.04
1874	0.438709	-3436.3
1875	0.437149	-3418.16
1876	0.432821	-3341.36
1877	0.427788	-3294.23
1878	0.427667	-3292.49
1879	0.43548	-3404.64
1880	0.437083	-3462.43
1881	0.441509	-3506.69
1882	0.438798	-3449.79
1883	0.436058	-3439.5
1884	0.44091	-3475.4
1885	0.432511	-3375.21
1886	0.429572	-3301.47
1887	0.434976	-3425.81
1888	0.434944	-3383.69
1889	0.42975	-3309.97
1890	0.436141	-3444.92
1891	0.435122	-3405.34
1892	0.43761	-3442.31
1893	0.430714	-3370.13
1894	0.438594	-3460
1895	0.428311	-3307.83
1896	0.438424	-3423.25
1897	0.433918	-3416.04
1898	0.43644	-3414.25
1899	0.432418	-3381.07
1900	0.456726	-3768.68
1901	0.432091	-3337.87
1902	0.43925	-3446.85
1903	0.434571	-3407.32
1904	0.42847	-3314.16
1905	0.435236	-3379.8
1906	0.433748	-3397.81
1907	0.437837	-3445.77
1908	0.429357	-3326.08
1909	0.432625	-3364.92
1910	0.436865	-3414.32
1911	0.43323	-3382.5
1912	0.445201	-3597.67
1913	0.437646	-3406.71
1914	0.440355	-3460.89
1915	0.426625	-3267.25
1916	0.434845	-3407.13
1917	0.43812	-3459.67
1918	0.430492	-3319.91
1919	0.437631	-3441.56
1920	0.426695	-3246.2
1921	0.439246	-3464.42
1922	0.434081	-3401.46
1923	0.438176	-3442.73
1924	0.425617	-3248.34
1925	0.442119	-3525.17
1926	0.432836	-3369.28
1927	0.431701	-3366.39
1928	0.435481	-3379.67
1929	0.440522	-3495.9
1930	0.436896	-3395.42
1931	0.428313	-3292.12
1932	0.435657	-3444.45
1933	0.440235	-3438.28
1934	0.431384	-3344.81
1935	0.435831	-3436.57
1936	0.43639	-3409.43
1937	0.440411	-3530.1
1938	0.436526	-3421.83
1939	0.431342	-3364.02
1940	0.43427	-3393.11
1941	0.435045	-3391.64
1942	0.436255	-3383.91
1943	0.431891	-3366.6
1944	0.432072	-3326.47
1945	0.440989	-3529.49
1946	0.433997	-3378.46
1947	0.432635	-3374.46
1948	0.434361	-3368.7
1949	0.438168	-3434.61
1950	0.433855	-3373.39
1951	0.4372	-3425.53
1952	0.431333	-3321.83
1953	0.445107	-3550.34
1954	0.436675	-3411.96
1955	0.429284	-3301.89
1956	0.442216	-3465.16
1957	0.436859	-3423.19
1958	0.439079	-3492.01
1959	0.436847	-3436.9
1960	0.437563	-3444.48
1961	0.434734	-3408.34
1962	0.430033	-3330.88
1963	0.436179	-3434.44
1964	0.43855	-3450.52
1965	0.437975	-3439.63
1966	0.435266	-3394.46
1967	0.435963	-3420.85
1968	0.428978	-3291.31
1969	0.439094	-3399.8
1970	0.433541	-3386.55
1971	0.441181	-3511.66
1972	0.432355	-3372.14
1973	0.426102	-3257.08
1974	0.431858	-3388.36
1975	0.4411	-3449.4
1976	0.432598	-3359.05
1977	0.440007	-3536.91
1978	0.438178	-3431.91
1979	0.436296	-3423.58
1980	0.438718	-3434.76
1981	0.434412	-3393.8
1982	0.427918	-3237.9
1983	0.437727	-3381.94
1984	0.433543	-3381.41
1985	0.427243	-3310.38
1986	0.432578	-3377.52
1987	0.435255	-3407.15
1988	0.435302	-3380.13
1989	0.432781	-3386.93
1990	0.438848	-3451.75
1991	0.434683	-3411.68
1992	0.432488	-3354.01
1993	0.432505	-3369.34
1994	0.436564	-3399.89
1995	0.431601	-3372.86
1996	0.435272	-3422.74
1997	0.442182	-3501.83
1998	0.433654	-3347.63
1999	0.436816	-3433.61
2000	0.438001	-3444.07
2001	0.431053	-3364.45
2002	0.43755	-3444.49
2003	0.433122	-3360.82
2004	0.434003	-3380.9
2005	0.434762	-3382.95
2006	0.432978	-3359.05
2007	0.438551	-3462.3
2008	0.434824	-3398.9
2009	0.433117	-3408.44
2010	0.434773	-3418.43
2011	0.438798	-3460.62
2012	0.438973	-3464.39
2013	0.435193	-3431.89
2014	0.435478	-3379.33
2015	0.434682	-3396.37
2016	0.443931	-3570.6
2017	0.440262	-3476.94
2018	0.434054	-3379.83
2019	0.432987	-3384.78
2020	0.440881	-3528.28
2021	0.439669	-3485.6
2022	0.442649	-3538.65
2023	0.439169	-3454.31
2024	0.431633	-3335.87
2025	0.428838	-3321.45
2026	0.438475	-3504.29
2027	0.437511	-3438.77
2028	0.436678	-3460.59
2029	0.450541	-3702.32
2030	0.437454	-3440.85
2031	0.438854	-3456.03
2032	0.435359	-3399.74
2033	0.424366	-3248.58
2034	0.428456	-3303.1
2035	0.435061	-3370.24
2036	0.43317	-3387.12
2037	0.434123	-3382.8
2038	0.441063	-3493.44
2039	0.437407	-3432.75
2040	0.434623	-3377.01
2041	0.432185	-3356.36
2042	0.429123	-3314.73
2043	0.431955	-3350.85
2044	0.43575	-3418.15
2045	0.436311	-3424.01
2046	0.43428	-3403.88
2047	0.429662	-3299.1
2048	0.428681	-3282.91
2049	0.437485	-3463.63
2050	0.427191	-3301.34
2051	0.433657	-3387.15
2052	0.435451	-3395.62
2053	0.432609	-3358.32
2054	0.432584	-3367.97
2055	0.4248	-3239.11
2056	0.441154	-3538.42
2057	0.435462	-3381.75
2058	0.434747	-3413.99
2059	0.428303	-3331.71
2060	0.438195	-3448.95
2061	0.430607	-3344.61
2062	0.428669	-3270.49
2063	0.439088	-3434.92
2064	0.435645	-3377.32
2065	0.436904	-3409.81
2066	0.4389	-3454.36
2067	0.443186	-3514.71
2068	0.440152	-3532.91
2069	0.438474	-3443.76
2070	0.434299	-3403.66
2071	0.433428	-3371.47
2072	0.437383	-3421.04
2073	0.430803	-3337.59
2074	0.440789	-3521.87
2075	0.433986	-3374.49
2076	0.438439	-3433.54
2077	0.435367	-3432.96
2078	0.433837	-3361.55
2079	0.430911	-3362.05
2080	0.431375	-3349.03
2081	0.434114	-3388.41
2082	0.445228	-3535.59
2083	0.432634	-3323.38
2084	0.436028	-3426.56
2085	0.433703	-3392.92
2086	0.435713	-3415.04
2087	0.43325	-3376.71
2088	0.435035	-3427.23
2089	0.435438	-3421.42
2090	0.438515	-3473.84
2091	0.434274	-3382.24
2092	0.436847	-3429.02
2093	0.43673	-3456.17
2094	0.434689	-3429.37
2095	0.44167	-3480.18
2096	0.434796	-3428.99
2097	0.433304	-3375.59
2098	0.433595	-3372.5
2099	0.432857	-3387.15
2100	0.434636	-3395.99
2101	0.438615	-3474.08
2102	0.437509	-3408.18
2103	0.435766	-3474.31
2104	0.437237	-3476.87
2105	0.442355	-3502.38
2106	0.434564	-3362.85
2107	0.436896	-3426.62
2108	0.430932	-3298.12
2109	0.434653	-3409.04
2110	0.42593	-3263.6
2111	0.440318	-3486.36
2112	0.428085	-3281.89
2113	0.436345	-3419.48
2114	0.429699	-3318.5
2115	0.437983	-3474.86
2116	0.431024	-3312.15
2117	0.432442	-3339.5
2118	0.450957	-3579.07
2119	0.432001	-3325.47
2120	0.430923	-3323.19
2121	0.437003	-3431.23
2122	0.436906	-3432.92
2123	0.437909	-3479.72
2124	0.425817	-3226.85
2125	0.437614	-3431.38
2126	0.4367	-3411
2127	0.434589	-3376.02
2128	0.43179	-3328.97
2129	0.430327	-3335.44
2130	0.435604	-3401.69
2131	0.431965	-3364.88
2132	0.428744	-3261.18
2133	0.44966	-3593.86
2134	0.432214	-3356.25
2135	0.437211	-3409
2136	0.433627	-3376.67
2137	0.436534	-3422.54
2138	0.436708	-3444.49
2139	0.442325	-3501.37
2140	0.430978	-3315.85
2141	0.435883	-3415.83
2142	0.431076	-3358.32
2143	0.433677	-3412.27
2144	0.426264	-3226.9
2145	0.435433	-3411.34
2146	0.428542	-3317.57
2147	0.436861	-3442.06
2148	0.431283	-3306.33
2149	0.435146	-3404.34
2150	0.436269	-3439.73
2151	0.438614	-3451.95
2152	0.432113	-3354.81
2153	0.437479	-3423.62
2154	0.439134	-3470.86
2155	0.433343	-3372
2156	0.435056	-3379.23
2157	0.428383	-3263.35
2158	0.43446	-3367.65
2159	0.443499	-3520.16
2160	0.43656	-3402.22
2161	0.443394	-3574.05
2162	0.433867	-3438.63
2163	0.435452	-3408.67
2164	0.433906	-3376.75
2165	0.438854	-3452.96
2166	0.441165	-3531.41
2167	0.436143	-3385.14
2168	0.44082	-3455.3
2169	0.436869	-3401.44
2170	0.431329	-3341.64
2171	0.437897	-3452.67
2172	0.442625	-3504.3
2173	0.435716	-3414.37
2174	0.439255	-3453.83
2175	0.43721	-3407.19
2176	0.43819	-3425.42
2177	0.435016	-3434.99
2178	0.436139	-3445.03
2179	0.442776	-3513.26
2180	0.434324	-3365.09
2181	0.433677	-3393.29
2182	0.435478	-3394.12
2183	0.428137	-3277.65
2184	0.437153	-3469.11
2185	0.434706	-3419.31
2186	0.43263	-3386.74
2187	0.434914	-3426.46
2188	0.431297	-3381.51
2189	0.440851	-3511.35
2190	0.434699	-3377.66
2191	0.432199	-3371.81
2192	0.432762	-3374.89
2193	0.437686	-3446.77
2194	0.437392	-3444.31
2195	0.433122	-3383.57
2196	0.433785	-3374.63
2197	0.435885	-3402.37
2198	0.4361	-3425.11
2199	0.433819	-3382.32
2200	0.436363	-3424.45
2201	0.43765	-3428.94
2202	0.438156	-3464.08
2203	0.432736	-3380.39
2204	0.428272	-3274.17
2205	0.431957	-3356.43
2206	0.431891	-3371.08
2207	0.441916	-3502.15
2208	0.435863	-3433.88
2209	0.441573	-3502.1
2210	0.435577	-3393.78
2211	0.443315	-3517.22
2212	0.43361	-3404.65
2213	0.441713	-3532.49
2214	0.437284	-3391.63
2215	0.438531	-3447.89
2216	0.430894	-3283.15
2217	0.432222	-3370.62
2218	0.43848	-3435.7
2219	0.437458	-3432.25
2220	0.433716	-3406.5
2221	0.433545	-3391.16
2222	0.431282	-3307.41
2223	0.438716	-3428.26
2224	0.436261	-3407.79
2225	0.440962	-3473.04
2226	0.435335	-3447.03
2227	0.430695	-3335.89
2228	0.437285	-3433.09
2229	0.434976	-3391.59
2230	0.43831	-3421.87
2231	0.439225	-3456.81
2232	0.441969	-3462.47
2233	0.429373	-3293.11
2234	0.436576	-3425.06
2235	0.435488	-3371.42
2236	0.434854	-3384.07
2237	0.440479	-3467.72
2238	0.435374	-3374.63
2239	0.433089	-3371.62
2240	0.439505	-3457.66
2241	0.431325	-3345.12
2242	0.436663	-3453.92
2243	0.428922	-3345.77
2244	0.43547	-3392.07
2245	0.427561	-3288.93
2246	0.434265	-3403.06
2247	0.438768	-3472.08
2248	0.433639	-3401.1
2249	0.433945	-3375.85
2250	0.440534	-3461.37
2251	0.434186	-3372.46
2252	0.437283	-3422.82
2253	0.44132	-3539.41
2254	0.428213	-3298.83
2255	0.436546	-3435.76
2256	0.433221	-3398.72
2257	0.437869	-3474.53
2258	0.437258	-3428.87
2259	0.435184	-3401.32
2260	0.435712	-3423.03
2261	0.43841	-3486.11
2262	0.437636	-3475.79
2263	0.436889	-3466.44
2264	0.430897	-3343.43
2265	0.440976	-3504.96
2266	0.438639	-3442.91
2267	0.441497	-3499.32
2268	0.441024	-3500.62
2269	0.437586	-3479.13
2270	0.437891	-3461
2271	0.433677	-3393.96
2272	0.430908	-3344.35
2273	0.434502	-3413.37
2274	0.438087	-3438.89
2275	0.43172	-3357.98
2276	0.432501	-3397.29
2277	0.433401	-3391.05
2278	0.43445	-3431.88
2279	0.425672	-3230.68
2280	0.43512	-3438.19
2281	0.434414	-3405.08
2282	0.434756	-3406.02
2283	0.432112	-3357.97
2284	0.431895	-3328.79
2285	0.439606	-3461.13
2286	0.443486	-3512.88
2287	0.4389	-3421.23
2288	0.435394	-3399.71
2289	0.433415	-3376.28
2290	0.435379	-3402.16
2291	0.431835	-3373.84
2292	0.440764	-3476.49
2293	0.437025	-3433.45
2294	0.436803	-3431.24
2295	0.440938	-3477.05
2296	0.43568	-3393.27
2297	0.435827	-3428.35
2298	0.437918	-3468.49
2299	0.433719	-3395.26
2300	0.432866	-3378.68
2301	0.437868	-3468.02
2302	0.435111	-3377.06
2303	0.430069	-3328.86
2304	0.439111	-3475.96
2305	0.436145	-3391.78
2306	0.436836	-3444.28
2307	0.437535	-3470.69
2308	0.433876	-3375.98
2309	0.432939	-3364.06
2310	0.432585	-3364.08
2311	0.441477	-3525.29
2312	0.435084	-3383.19
2313	0.437202	-3463.68
2314	0.439344	-3482.99
2315	0.431487	-3341.29
2316	0.439508	-3491.58
2317	0.435356	-3367.17
2318	0.43728	-3431.99
2319	0.429242	-3316.69
2320	0.439945	-3492.9
2321	0.436233	-3398.59
2322	0.432688	-3399.27
2323	0.439721	-3437.23
2324	0.435966	-3410.77
2325	0.432521	-3369.72
2326	0.432006	-3375.84
2327	0.434455	-3441.5
2328	0.435752	-3388.45
2329	0.437524	-3458.98
2330	0.427503	-3308.12
2331	0.435296	-3402.53
2332	0.432089	-3352.96
2333	0.437285	-3479.99
2334	0.430787	-3359.49
2335	0.439836	-3476.78
2336	0.427909	-3301.89
2337	0.429499	-3291.56
2338	0.435891	-3402.65
2339	0.428893	-3312.32
2340	0.436508	-3403.24
2341	0.441525	-3500.62
2342	0.434934	-3413.58
2343	0.43625	-3403.77
2344	0.434998	-3379.01
2345	0.433988	-3401.47
2346	0.435601	-3414.16
2347	0.44219	-3503.89
2348	0.435291	-3409.52
2349	0.43342	-3411.48
2350	0.43393	-3414.27
2351	0.42766	-3278.08
2352	0.441499	-3521.47
2353	0.439049	-3461.83
2354	0.435749	-3430.01
2355	0.441376	-3507.06
2356	0.437075	-3427.39
2357	0.438899	-3450.67
2358	0.434481	-3396.66
2359	0.438292	-3450.47
2360	0.439028	-3451.53
2361	0.431958	-3396.69
2362	0.430996	-3333.6
2363	0.432913	-3355.79
2364	0.430607	-3325.25
2365	0.44199	-3517.71
2366	0.436472	-3454.66
2367	0.434207	-3411.02
2368	0.433643	-3420.14
2369	0.431376	-3315.84
2370	0.431534	-3370.11
2371	0.439502	-3482.74
2372	0.438031	-3471.84
2373	0.440422	-3471.85
2374	0.429635	-3321.1
2375	0.425881	-3252.19
2376	0.430169	-3324.26
2377	0.438546	-3446.05
2378	0.430091	-3318.66
2379	0.444282	-3564.48
2380	0.436427	-3439.01
2381	0.430984	-3345.15
2382	0.4399	-3483.51
2383	0.427908	-3280.66
2384	0.430011	-3328.46
2385	0.438218	-3455.83
2386	0.440416	-3479.55
2387	0.438615	-3478.4
2388	0.433784	-3368.69
2389	0.433771	-3354.5
2390	0.431375	-3348.8
2391	0.435158	-3391.7
2392	0.438929	-3470.14
2393	0.429464	-3314.06
2394	0.437413	-3439.96
2395	0.431031	-3315.99
2396	0.442686	-3530.91
2397	0.432007	-3369.93
2398	0.440972	-3458.91
2399	0.434118	-3393.1
2400	0.430259	-3294.81
2401	0.431826	-3369.74
2402	0.431475	-3373.47
2403	0.436446	-3368.93
2404	0.434043	-3386.67
2405	0.429159	-3264.66
2406	0.437138	-3401.42
2407	0.442273	-3515.81
2408	0.429755	-3369.35
2409	0.433804	-3356.7
2410	0.43775	-3463.03
2411	0.438311	-3466.49
2412	0.43576	-3374.7
2413	0.434069	-3357.79
2414	0.433469	-3390.07
2415	0.443137	-3558.33
2416	0.430929	-3341.43
2417	0.439479	-3448.24
2418	0.434197	-3375.16
2419	0.43597	-3408.01
2420	0.435918	-3424.56
2421	0.443642	-3505.08
2422	0.432974	-3349.6
2423	0.427942	-3287.67
2424	0.455395	-3750.98
2425	0.431209	-3329.22
2426	0.431647	-3306.07
2427	0.433178	-3382.09
2428	0.436759	-3432.39
2429	0.438953	-3416.43
2430	0.436588	-3390.96
2431	0.43372	-3372.09
2432	0.43842	-3455
2433	0.438715	-3439.38
2434	0.434147	-3369.75
2435	0.440447	-3505.47
2436	0.44027	-3513.38
2437	0.432958	-3375.67
2438	0.439633	-3484.18
2439	0.434135	-3443.86
2440	0.437834	-3423.48
2441	0.430242	-3320.77
2442	0.432263	-3379.68
2443	0.436275	-3418.48
2444	0.435813	-3417.09
2445	0.427739	-3296.23
2446	0.429979	-3331.07
2447	0.447969	-3603
2448	0.435077	-3387.07
2449	0.434976	-3417.42
2450	0.436706	-3383.42
2451	0.437315	-3396.33
2452	0.434216	-3410.03
2453	0.447044	-3576.41
2454	0.435674	-3399.75
2455	0.440457	-3463.51
2456	0.434684	-3412.47
2457	0.438668	-3451.22
2458	0.436224	-3435.24
2459	0.434625	-3404.57
2460	0.436228	-3424.58
2461	0.436889	-3380.12
2462	0.436376	-3405.38
2463	0.435486	-3399.11
2464	0.441081	-3490.27
2465	0.430682	-3324.32
2466	0.442115	-3486.37
2467	0.434467	-3420.82
2468	0.436319	-3437.23
2469	0.436716	-3429.75
2470	0.442375	-3517.7
2471	0.435624	-3441
2472	0.43404	-3363.76
2473	0.439084	-3463.41
2474	0.437996	-3476.15
2475	0.443683	-3482.94
2476	0.444347	-3542.16
2477	0.441143	-3497.42
2478	0.442834	-3586.42
2479	0.434838	-3344.93
2480	0.441133	-3525.46
2481	0.428143	-3288.81
2482	0.431203	-3352.64
2483	0.432279	-3346.43
2484	0.429314	-3319.39
2485	0.427768	-3314.61
2486	0.43534	-3440.58
2487	0.434517	-3387.62
2488	0.431176	-3339.53
2489	0.435506	-3395.79
2490	0.431083	-3325.85
2491	0.440629	-3491.22
2492	0.434864	-3410.21
2493	0.431333	-3342.66
2494	0.430445	-3282.61
2495	0.431113	-3395.34
2496	0.433555	-3376.04
2497	0.433819	-3378.88
2498	0.439655	-3445.81
2499	0.434357	-3409.66
2500	0.43038	-3326.75
2501	0.439348	-3454.93
2502	0.451085	-3592.41
2503	0.434099	-3387.43
2504	0.438919	-3486.77
2505	0.435487	-3401.45
2506	0.432575	-3390.45
2507	0.437969	-3487.51
2508	0.43908	-3476.91
2509	0.433363	-3380.76
2510	0.434141	-3419.93
2511	0.438539	-3459.9
2512	0.42974	-3292.63
2513	0.433169	-3340.29
2514	0.438235	-3419.3
2515	0.436681	-3398.89
2516	0.43355	-3375.84
2517	0.434295	-3373.68
2518	0.429373	-3339.2
2519	0.432443	-3364.71
2520	0.430711	-3326.49
2521	0.436527	-3455.48
2522	0.433911	-3406.71
2523	0.432249	-3345.65
2524	0.435711	-3399.75
2525	0.434587	-3378.62
2526	0.432034	-3358.71
2527	0.435328	-3413.05
2528	0.436863	-3461.11
2529	0.433451	-3386.8
2530	0.432344	-3300
2531	0.432164	-3331.94
2532	0.430278	-3290.4
2533	0.43318	-3373.58
2534	0.437763	-3451.67
2535	0.43974	-3479.94
2536	0.440771	-3489.36
2537	0.438593	-3437.55
2538	0.430417	-3311.72
2539	0.431718	-3363.77
2540	0.438673	-3465.51
2541	0.438887	-3492.07
2542	0.437364	-3426.98
2543	0.427606	-3307.24
2544	0.437046	-3433.93
2545	0.432059	-3337.73
2546	0.429902	-3330.93
2547	0.436683	-3416.04
2548	0.431265	-3345.17
2549	0.431235	-3340.74
2550	0.429244	-3337.62
2551	0.438652	-3427.37
2552	0.440407	-3459.44
2553	0.437837	-3443.43
2554	0.441257	-3513.89
2555	0.439457	-3487.08
2556	0.430947	-3327.27
2557	0.439586	-3489.01
2558	0.43161	-3341.6
2559	0.431428	-3339.52
2560	0.441568	-3523.49
2561	0.433088	-3363
2562	0.433729	-3330.16
2563	0.436227	-3445.42
2564	0.428879	-3306.43
2565	0.435688	-3437.34
2566	0.435894	-3453.79
2567	0.436387	-3409.62
2568	0.437153	-3460.97
2569	0.436393	-3435.55
2570	0.438818	-3483.74
2571	0.439517	-3504.25
2572	0.429537	-3333.76
2573	0.436849	-3456.86
2574	0.437555	-3468.82
2575	0.429862	-3297.5
2576	0.436553	-3389.85
2577	0.43365	-3436.03
2578	0.440335	-3458.6
2579	0.435218	-3386.24
2580	0.435257	-3417.31
2581	0.435946	-3433.83
2582	0.434672	-3386.65
2583	0.434652	-3386.85
2584	0.436459	-3402.67
2585	0.441093	-3531.68
2586	0.439571	-3421.22
2587	0.432603	-3378.99
2588	0.440297	-3473.71
2589	0.430867	-3334.29
2590	0.436859	-3454.57
2591	0.434544	-3362.62
2592	0.426106	-3274.49
2593	0.435026	-3360.51
2594	0.446582	-3578.77
2595	0.438848	-3456.82
2596	0.437311	-3453.44
2597	0.435699	-3422.27
2598	0.434398	-3409.34
2599	0.434653	-3386.41
2600	0.43209	-3335.31
2601	0.432541	-3355.39
2602	0.438336	-3463.26
2603	0.43727	-3436.93
2604	0.43937	-3449.7
2605	0.438241	-3429.46
2606	0.435584	-3416.21
2607	0.435536	-3392.55
2608	0.43283	-3370.07
2609	0.431732	-3380.38
2610	0.429308	-3343.78
2611	0.43677	-3444.55
2612	0.433147	-3362.62
2613	0.439523	-3486.8
2614	0.431411	-3334
2615	0.433387	-3369.17
2616	0.441865	-3539.41
2617	0.43903	-3471.32
2618	0.435961	-3398.07
2619	0.436612	-3418.44
2620	0.436591	-3424.8
2621	0.435291	-3394.68
2622	0.439657	-3467.62
2623	0.436549	-3475.69
2624	0.438198	-3467.06
2625	0.432643	-3402.01
2626	0.441071	-3502.6
2627	0.43828	-3457.79
2628	0.436596	-3432.27
2629	0.439114	-3491.19
2630	0.43188	-3375.22
2631	0.428802	-3321.21
2632	0.430572	-3340.93
2633	0.439341	-3451.51
2634	0.439	-3488.49
2635	0.42443	-3242.97
2636	0.431751	-3357.71
2637	0.436962	-3397.22
2638	0.441638	-3500.19
2639	0.434824	-3419.67
2640	0.428311	-3289.36
2641	0.436564	-3406.61
2642	0.432791	-3391.65
2643	0.43551	-3414.66
2644	0.434899	-3390.9
2645	0.433753	-3398.2
2646	0.430959	-3348.25
2647	0.435935	-3426.16
2648	0.445238	-3541.82
2649	0.428019	-3288.1
2650	0.43765	-3411.9
2651	0.434046	-3359.44
2652	0.429306	-3300.62
2653	0.431293	-3331.5
2654	0.438262	-3488.17
2655	0.444158	-3595.25
2656	0.4399	-3450.46
2657	0.435765	-3420.25
2658	0.435315	-3403.27
2659	0.433633	-3365.16
2660	0.436679	-3402.7
2661	0.429829	-3286.73
2662	0.433411	-3342.79
2663	0.433023	-3379.38
2664	0.435973	-3427.26
2665	0.437601	-3418.12
2666	0.431019	-3331.87
2667	0.43637	-3394.31
2668	0.432097	-3322
2669	0.436909	-3409.89
2670	0.437086	-3459.62
2671	0.430785	-3340.99
2672	0.432717	-3355.79
2673	0.437119	-3410.5
2674	0.430047	-3324.23
2675	0.434771	-3378.19
2676	0.427085	-3258.44
2677	0.434345	-3396.15
2678	0.43183	-3351.72
2679	0.428751	-3325.28
2680	0.429543	-3267.93
2681	0.428589	-3296.74
2682	0.448934	-3609.69
2683	0.44093	-3498.94
2684	0.441126	-3478.94
2685	0.436716	-3423.81
2686	0.436974	-3402.64
2687	0.436757	-3399.18
2688	0.437304	-3443.32
2689	0.434693	-3413.9
2690	0.43717	-3430.44
2691	0.437246	-3444.92
2692	0.429704	-3289.07
2693	0.438586	-3461.51
2694	0.440829	-3500.7
2695	0.439785	-3506.64
2696	0.434682	-3363.8
2697	0.436198	-3414.61
2698	0.433433	-3376.81
2699	0.444388	-3544.62
2700	0.426236	-3300.22
2701	0.437113	-3458.37
2702	0.436889	-3446.34
2703	0.437982	-3425.37
2704	0.433695	-3375.57
2705	0.427068	-3279.32
2706	0.434727	-3366.42
2707	0.43354	-3319.18
2708	0.443666	-3584.44
2709	0.437107	-3428.94
2710	0.438902	-3494.01
2711	0.431685	-3370.58
2712	0.436717	-3413.75
2713	0.434455	-3402.63
2714	0.431045	-3342.99
2715	0.439269	-3476.96
2716	0.435799	-3410.55
2717	0.432455	-3365.22
2718	0.432381	-3372.29
2719	0.432743	-3348.34
2720	0.430825	-3308.78
2721	0.435981	-3422.31
2722	0.432369	-3334.51
2723	0.43169	-3373.81
2724	0.433284	-3374.9
2725	0.441125	-3517.43
2726	0.434231	-3388.51
2727	0.441771	-3506.96
2728	0.42946	-3308.48
2729	0.438657	-3476.93
2730	0.446707	-3577.62
2731	0.435676	-3404.11
2732	0.434094	-3430.91
2733	0.440767	-3510.35
2734	0.431898	-3326.74
2735	0.440445	-3503.8
2736	0.432403	-3383.05
2737	0.440153	-3451.64
2738	0.434351	-3401.23
2739	0.432886	-3388.43
2740	0.434599	-3383.73
2741	0.436314	-3440.3
2742	0.438933	-3482.75
2743	0.434249	-3385.96
2744	0.433888	-3401.08
2745	0.434875	-3386.11
2746	0.439182	-3453.52
2747	0.429049	-3320.43
2748	0.435354	-3418.64
2749	0.431708	-3333.47
2750	0.440844	-3536.43
2751	0.442088	-3523.11
2752	0.436797	-3439.23
2753	0.437746	-3461.54
2754	0.434743	-3371.24
2755	0.441848	-3510.76
2756	0.435316	-3411.22
2757	0.444443	-3569.46
2758	0.43768	-3437.9
2759	0.433184	-3381.27
2760	0.430805	-3354.36
2761	0.436142	-3409.9
2762	0.428896	-3307.15
2763	0.437196	-3453.39
2764	0.430122	-3310.87
2765	0.444162	-3535.25
2766	0.430928	-3348
2767	0.443609	-3553.34
2768	0.437218	-3399.45
2769	0.435593	-3415.93
2770	0.434199	-3377.75
2771	0.431294	-3337.45
2772	0.440229	-3508.85
2773	0.442164	-3504.15
2774	0.438906	-3434.58
2775	0.440089	-3481.01
2776	0.4328	-3344.91
2777	0.426912	-3268.65
2778	0.436588	-3473.22
2779	0.430217	-3334.07
2780	0.428714	-3326.59
2781	0.443133	-3490.7
2782	0.440299	-3501.23
2783	0.429845	-3285.77
2784	0.435936	-3426.76
2785	0.445203	-3559.98
2786	0.436588	-3424.43
2787	0.43247	-3396.07
2788	0.432386	-3378.35
2789	0.435042	-3409.83
2790	0.435719	-3440.8
2791	0.443265	-3553.15
2792	0.434096	-3402.92
2793	0.438049	-3468.12
2794	0.435176	-3405.64
2795	0.435674	-3437.97
2796	0.434308	-3383.85
2797	0.439377	-3436.15
2798	0.429586	-3337.68
2799	0.433977	-3405
2800	0.437571	-3446.97
2801	0.433057	-3374.49
2802	0.427152	-3279.32
2803	0.430012	-3316.39
2804	0.438887	-3486.2
2805	0.432791	-3358.24
2806	0.43926	-3490.89
2807	0.438763	-3461.74
2808	0.426877	-3314.65
2809	0.427484	-3293.83
2810	0.440709	-3488.59
2811	0.435137	-3406.88
2812	0.437884	-3444.19
2813	0.433509	-3401.2
2814	0.430255	-3316.44
2815	0.430774	-3356.02
2816	0.437778	-3457.55
2817	0.439263	-3458.39
2818	0.440777	-3489.3
2819	0.431753	-3375.69
2820	0.433595	-3376.64
2821	0.434463	-3392.76
2822	0.432701	-3378.87
2823	0.430961	-3326.17
2824	0.437738	-3440.44
2825	0.430706	-3359.97
2826	0.438157	-3452.36
2827	0.441568	-3541.17
2828	0.438401	-3458.7
2829	0.430593	-3333.99
2830	0.434414	-3400.12
2831	0.42984	-3292
2832	0.437769	-3438.28
2833	0.433327	-3417.61
2834	0.433002	-3380.07
2835	0.436448	-3433.52
2836	0.43479	-3438.36
2837	0.433388	-3362.68
2838	0.435078	-3416.24
2839	0.43409	-3429.94
2840	0.433079	-3400.94
2841	0.436414	-3421.93
2842	0.430242	-3335.98
2843	0.443686	-3549.43
2844	0.438396	-3485.62
2845	0.435921	-3419.96
2846	0.434079	-3354.85
2847	0.437486	-3448.91
2848	0.443581	-3529.16
2849	0.437262	-3423.12
2850	0.431222	-3322.98
2851	0.433312	-3401
2852	0.438496	-3433.57
2853	0.43127	-3329.5
2854	0.436311	-3415.99
2855	0.435444	-3382.73
2856	0.431932	-3353.05
2857	0.431747	-3324.08
2858	0.436829	-3473.04
2859	0.437391	-3433.23
2860	0.44258	-3546.79
2861	0.429497	-3328.83
2862	0.433634	-3410.15
2863	0.437759	-3471.93
2864	0.434584	-3390.64
2865	0.440982	-3507.04
2866	0.43978	-3454.99
2867	0.428518	-3301.38
2868	0.443029	-3511.85
2869	0.433503	-3374.58
2870	0.438345	-3432.9
2871	0.435945	-3414.6
2872	0.441755	-3513.68
2873	0.430851	-3311.63
2874	0.444363	-3543.5
2875	0.433689	-3376.36
2876	0.432055	-3402.64
2877	0.434293	-3417.19
2878	0.434901	-3352.5
2879	0.432614	-3355.44
2880	0.441204	-3495.09
2881	0.437522	-3438.31
2882	0.436064	-3393.75
2883	0.438408	-3451.15
2884	0.438996	-3441.78
2885	0.432316	-3361.3
2886	0.433286	-3371.32
2887	0.435649	-3455.47
2888	0.440731	-3474.12
2889	0.43572	-3433.78
2890	0.430178	-3319.7
2891	0.433954	-3372.58
2892	0.433294	-3374.42
2893	0.444428	-3509.26
2894	0.432294	-3378.16
2895	0.438339	-3436.72
2896	0.437481	-3449.81
2897	0.428961	-3322.07
2898	0.434117	-3356.57
2899	0.435174	-3395.6
2900	0.437181	-3450.66
2901	0.434466	-3401.4
2902	0.428865	-3317.68
2903	0.448203	-3595.66
2904	0.430955	-3333.5
2905	0.43465	-3364.85
2906	0.441867	-3485.67
2907	0.436406	-3406.22
2908	0.439454	-3435.88
2909	0.435201	-3405.23
2910	0.43957	-3482.31
2911	0.432191	-3320.68
2912	0.432644	-3376.04
2913	0.436805	-3456.71
2914	0.437162	-3443.13
2915	0.434605	-3359.22
2916	0.437025	-3407.76
2917	0.435041	-3431.22
2918	0.439828	-3477
2919	0.437096	-3461.04
2920	0.43311	-3364.73
2921	0.441779	-3503.37
2922	0.431103	-3344.1
2923	0.439187	-3485.34
2924	0.440892	-3465.53
2925	0.440721	-3506.96
2926	0.441923	-3496.1
2927	0.431735	-3339.11
2928	0.434359	-3390.39
2929	0.428335	-3283.15
2930	0.427352	-3269.55
2931	0.430763	-3347.74
2932	0.445726	-3535.84
2933	0.433562	-3358.57
2934	0.436824	-3380.09
2935	0.435027	-3399.34
2936	0.436274	-3411.51
2937	0.434383	-3346.84
2938	0.428843	-3288.38
2939	0.44142	-3469.08
2940	0.432883	-3361.43
2941	0.43305	-3366.4
2942	0.433696	-3364.69
2943	0.437397	-3488.79
2944	0.433376	-3403.21
2945	0.430684	-3373.64
2946	0.445504	-3570.81
2947	0.43353	-3401.25
2948	0.439883	-3466.6
2949	0.43245	-3376.91
2950	0.434625	-3393.43
2951	0.434394	-3403.01
2952	0.431489	-3317.42
2953	0.428822	-3335.44
2954	0.432138	-3395.99
2955	0.437531	-3445.11
2956	0.42736	-3267.36
2957	0.439533	-3476.56
2958	0.43615	-3417.53
2959	0.433854	-3385.42
2960	0.441336	-3456.86
2961	0.436307	-3433.93
2962	0.438878	-3460.3
2963	0.434019	-3414.62
2964	0.435558	-3424.77
2965	0.439126	-3474.1
2966	0.437553	-3438.44
2967	0.436055	-3402.36
2968	0.440533	-3473.08
2969	0.437258	-3443.87
2970	0.439148	-3449.4
2971	0.42798	-3294.02
2972	0.438388	-3447.92
2973	0.43979	-3466.86
2974	0.432284	-3379.68
2975	0.438464	-3458.08
2976	0.438693	-3453.77
2977	0.430752	-3338.03
2978	0.426011	-3249.81
2979	0.437242	-3423
2980	0.434513	-3381.27
2981	0.431845	-3350.9
2982	0.441185	-3504.05
2983	0.443765	-3572.73
2984	0.440716	-3501.96
2985	0.435858	-3431.11
2986	0.442887	-3544.59
2987	0.434382	-3414.49
2988	0.441537	-3538
2989	0.438974	-3430.56
2990	0.436394	-3426.58
2991	0.445275	-3568.23
2992	0.429812	-3330.76
2993	0.436663	-3439.7
2994	0.437665	-3451.23
2995	0.439191	-3505.99
2996	0.433364	-3406.37
2997	0.437254	-3417.55
2998	0.430247	-3306.38
2999	0.430617	-3307.21
