0	0.384864	-2674.47
1	0.423604	-3260.02
2	0.419938	-3158.31
3	0.423186	-3203.73
4	0.421378	-3211.07
5	0.42258	-3220.43
6	0.425799	-3253.29
7	0.426498	-3264.8
8	0.423446	-3220.7
9	0.415612	-3128.68
10	0.427234	-3285.17
11	0.431923	-3364.21
12	0.43327	-3392.6
13	0.427848	-3296.76
14	0.420277	-3182.11
15	0.42953	-3300.02
16	0.429167	-3290.75
17	0.422401	-3208.25
18	0.424093	-3183.08
19	0.422282	-3197.83
20	0.423055	-3229.3
21	0.419138	-3176.08
22	0.426966	-3256.08
23	0.423782	-3195.19
24	0.424645	-3205.89
25	0.424429	-3257.92
26	0.423235	-3261.42
27	0.426434	-3287.01
28	0.423964	-3242.89
29	0.423941	-3255.13
30	0.424444	-3254.47
31	0.427613	-3280.8
32	0.417077	-3128.97
33	0.421322	-3154.13
34	0.41446	-3081.88
35	0.420702	-3182.17
36	0.42882	-3333.73
37	0.424376	-3210.25
38	0.416042	-3132.73
39	0.421192	-3196.43
40	0.426474	-3284.44
41	0.429206	-3296.83
42	0.419488	-3194.21
43	0.423628	-3237.19
44	0.423418	-3254.92
45	0.427332	-3319.12
46	0.425654	-3255.7
47	0.426757	-3259.48
48	0.423228	-3267.5
49	0.422331	-3222.19
50	0.421198	-3182
51	0.419015	-3158.74
52	0.419961	-3125.27
53	0.435646	-3440.05
54	0.422183	-3194.5
55	0.430732	-3337.45
56	0.425392	-3251.85
57	0.422826	-3233.06
58	0.435101	-3391.7
59	0.427596	-3307.88
60	0.426838	-3279.53
61	0.424335	-3217.58
62	0.422726	-3195.85
63	0.428124	-3321.43
64	0.420714	-3176.24
65	0.431881	-3378.38
66	0.428397	-3294.12
67	0.43337	-3405.71
68	0.431268	-3369.54
69	0.425118	-3244.73
70	0.431835	-3375.08
71	0.417711	-3123.25
72	0.43019	-3323.57
73	0.417998	-3116.04
74	0.41635	-3115.83
75	0.420012	-3179.9
76	0.425009	-3286.55
77	0.420288	-3182.42
78	0.423944	-3232.07
79	0.420864	-3191.98
80	0.422602	-3213.47
81	0.428372	-3300.65
82	0.434737	-3355.29
83	0.431405	-3356.47
84	0.427184	-3321.22
85	0.423826	-3240.3
86	0.426026	-3277.65
87	0.422104	-3194
88	0.421486	-3176.13
89	0.426863	-3273.05
90	0.422874	-3209.71
91	0.425062	-3264.71
92	0.430734	-3343.11
93	0.424948	-3236.49
94	0.417241	-3169.96
95	0.427448	-3263.17
96	0.427613	-3270.2
97	0.422754	-3219.66
98	0.438942	-3464.39
99	0.420093	-3149.97
100	0.423348	-3195.94
101	0.421072	-3194.52
102	0.41552	-3076.53
103	0.423826	-3193.29
104	0.423408	-3242.87
105	0.424062	-3230.46
106	0.42092	-3215.32
107	0.421465	-3185.32
108	0.430861	-3328.07
109	0.425675	-3293.46
110	0.428876	-3348.76
111	0.423585	-3207.04
112	0.418378	-3137.53
113	0.429364	-3308.77
114	0.431458	-3329.28
115	0.416625	-3137.52
116	0.436235	-3415.54
117	0.423374	-3227.74
118	0.429016	-3282.86
119	0.428509	-3319.45
120	0.421098	-3154.61
121	0.430438	-3346.05
122	0.420168	-3197.19
123	0.425262	-3225.89
124	0.426505	-3306.27
125	0.419484	-3175.96
126	0.422157	-3207.07
127	0.422177	-3211.08
128	0.421779	-3204.05
129	0.425755	-3307.28
130	0.4263	-3260.58
131	0.420968	-3166.61
132	0.425752	-3262.87
133	0.421079	-3190.08
134	0.418679	-3146.04
135	0.422282	-3222.25
136	0.43036	-3327.08
137	0.427827	-3253.83
138	0.429189	-3337.84
139	0.426127	-3248.57
140	0.421039	-3208.02
141	0.426598	-3249.28
142	0.429827	-3310.35
143	0.424875	-3221.12
144	0.420549	-3182.4
145	0.417761	-3163.5
146	0.422777	-3217.37
147	0.423941	-3214.93
148	0.428822	-3276.94
149	0.426365	-3243.38
150	0.423005	-3210.52
151	0.426106	-3272.82
152	0.422685	-3212.55
153	0.424234	-3240.52
154	0.419499	-3168.9
155	0.42635	-3277.14
156	0.429047	-3278.58
157	0.428599	-3301.33
158	0.436342	-3405.99
159	0.422548	-3238.05
160	0.424622	-3230.79
161	0.437754	-3462.54
162	0.421032	-3194.02
163	0.422197	-3186.93
164	0.424495	-3197.39
165	0.425985	-3310.22
166	0.419843	-3123.21
167	0.427996	-3328.87
168	0.422805	-3200.69
169	0.417674	-3110.67
170	0.428931	-3329.94
171	0.423554	-3194.98
172	0.419551	-3205.05
173	0.425822	-3232.73
174	0.423663	-3237.64
175	0.425962	-3235.79
176	0.415712	-3118.68
177	0.415697	-3109.75
178	0.426022	-3241.08
179	0.425861	-3293.05
180	0.431545	-3310.82
181	0.424245	-3225.15
182	0.426192	-3263.87
183	0.420738	-3197.87
184	0.427607	-3289.45
185	0.422153	-3202
186	0.423154	-3257.54
187	0.429334	-3305.78
188	0.428983	-3287.05
189	0.42297	-3215.82
190	0.422184	-3191.26
191	0.423075	-3231.25
192	0.426706	-3241.47
193	0.423366	-3212.83
194	0.434789	-3382.49
195	0.425262	-3253.63
196	0.423738	-3206.27
197	0.427485	-3260.42
198	0.430077	-3291.13
199	0.433654	-3384.73
200	0.42611	-3249.5
201	0.426559	-3274.46
202	0.427139	-3260.26
203	0.420049	-3175.9
204	0.435583	-3366.55
205	0.42083	-3168.92
206	0.424152	-3263.1
207	0.4219	-3254.88
208	0.42264	-3197.83
209	0.422603	-3207.84
210	0.432264	-3301.31
211	0.423897	-3254.16
212	0.425983	-3259.67
213	0.42278	-3180.65
214	0.430196	-3320.86
215	0.415884	-3109.83
216	0.422195	-3182.57
217	0.421021	-3198.54
218	0.42792	-3281.78
219	0.413288	-3082.39
220	0.421136	-3175.03
221	0.431924	-3321.87
222	0.430705	-3335.3
223	0.426909	-3223.64
224	0.414228	-3102.6
225	0.428268	-3314.89
226	0.425296	-3265.99
227	0.434593	-3388.26
228	0.422205	-3224.48
229	0.414286	-3099.05
230	0.423891	-3206.2
231	0.417405	-3156.98
232	0.425935	-3282.59
233	0.423934	-3222.48
234	0.421378	-3214.68
235	0.431632	-3385.93
236	0.418365	-3151.11
237	0.43084	-3361.18
238	0.426989	-3256.44
239	0.426595	-3243.61
240	0.425937	-3243.25
241	0.420589	-3192.95
242	0.418411	-3139.46
243	0.422937	-3183.21
244	0.42252	-3200.78
245	0.418775	-3180.35
246	0.416512	-3123.51
247	0.422421	-3211.69
248	0.424538	-3196.56
249	0.424271	-3243.15
250	0.427649	-3300.34
251	0.427198	-3280.51
252	0.422689	-3228.31
253	0.430992	-3371.17
254	0.422345	-3180.39
255	0.415566	-3124.55
256	0.427711	-3285.21
257	0.420368	-3195.35
258	0.420885	-3208.47
259	0.425077	-3255.66
260	0.424632	-3208.2
261	0.426228	-3253.45
262	0.426466	-3242.2
263	0.427259	-3261.59
264	0.424998	-3247.19
265	0.421259	-3208.44
266	0.422384	-3218.5
267	0.416065	-3138.63
268	0.426719	-3261.78
269	0.425279	-3269.25
270	0.423243	-3229.13
271	0.415259	-3097.42
272	0.4253	-3245.65
273	0.422882	-3236.48
274	0.419326	-3152.22
275	0.425152	-3226.89
276	0.424	-3211.69
277	0.426489	-3286.73
278	0.431186	-3371.27
279	0.423535	-3222.26
280	0.427849	-3275.26
281	0.428487	-3312.57
282	0.41334	-3066.91
283	0.424722	-3248.84
284	0.422621	-3178.42
285	0.426837	-3317.33
286	0.433216	-3364.57
287	0.427735	-3253.27
288	0.420141	-3182.2
289	0.420131	-3200.08
290	0.422288	-3219.6
291	0.423159	-3235.83
292	0.42144	-3183.88
293	0.423146	-3190.7
294	0.427386	-3332.36
295	0.421663	-3192.36
296	0.420784	-3196.52
297	0.420918	-3216.42
298	0.419969	-3149.76
299	0.423545	-3231.88
300	0.426399	-3255.14
301	0.425081	-3241.91
302	0.430371	-3334.78
303	0.428431	-3316.18
304	0.419776	-3127.98
305	0.427256	-3280.45
306	0.42406	-3221.07
307	0.422395	-3189.69
308	0.42939	-3317.12
309	0.42667	-3255.33
310	0.426602	-3283.61
311	0.427133	-3318.52
312	0.432232	-3371.18
313	0.418794	-3151.62
314	0.426151	-3249.63
315	0.423046	-3229.76
316	0.421821	-3186.2
317	0.429532	-3357.02
318	0.426216	-3225.27
319	0.426606	-3219.5
320	0.425864	-3257.95
321	0.417737	-3150.34
322	0.435476	-3394.09
323	0.422415	-3189.8
324	0.421438	-3192.9
325	0.429547	-3309.49
326	0.425429	-3275.31
327	0.432828	-3374.46
328	0.427291	-3267.64
329	0.427122	-3324.5
330	0.426545	-3287.64
331	0.421938	-3193.74
332	0.426071	-3263.92
333	0.4302	-3323.42
334	0.422512	-3214.74
335	0.420979	-3181.39
336	0.420583	-3157.06
337	0.424669	-3234.52
338	0.438635	-3478.11
339	0.42464	-3231.85
340	0.429498	-3320.8
341	0.422519	-3185.12
342	0.422187	-3223.53
343	0.418838	-3128.62
344	0.427003	-3275.33
345	0.420644	-3164.8
346	0.429292	-3346.12
347	0.421587	-3209.21
348	0.421003	-3206.26
349	0.425403	-3246.69
350	0.421884	-3187.98
351	0.420834	-3166.24
352	0.40797	-2980.86
353	0.427303	-3273.08
354	0.431455	-3326.21
355	0.42854	-3288.07
356	0.421308	-3235.72
357	0.426037	-3254.9
358	0.424982	-3274.27
359	0.425679	-3253.59
360	0.431455	-3350.57
361	0.411025	-3053.07
362	0.423085	-3212.83
363	0.423034	-3260.69
364	0.420372	-3198.45
365	0.43008	-3306.19
366	0.430167	-3330.39
367	0.426598	-3302.17
368	0.420748	-3175.78
369	0.421296	-3190.62
370	0.425425	-3227.11
371	0.41839	-3149.65
372	0.432154	-3350.72
373	0.427207	-3256.38
374	0.416565	-3115.45
375	0.429545	-3264.35
376	0.430778	-3322.95
377	0.430843	-3340.07
378	0.432106	-3361.38
379	0.427319	-3312.45
380	0.426658	-3289.93
381	0.422032	-3194.53
382	0.422005	-3237.63
383	0.428488	-3302.14
384	0.425244	-3251.48
385	0.435108	-3403.5
386	0.424151	-3232.92
387	0.425516	-3267.55
388	0.429096	-3303.22
389	0.427398	-3304.41
390	0.42272	-3220.44
391	0.419257	-3109.92
392	0.422571	-3198.2
393	0.424902	-3260.85
394	0.422407	-3166.22
395	0.427696	-3316.79
396	0.429137	-3321
397	0.425329	-3259.64
398	0.422776	-3210.17
399	0.43118	-3304.82
400	0.420446	-3182.96
401	0.422023	-3166.73
402	0.421989	-3220.39
403	0.418308	-3118.22
404	0.429597	-3304.73
405	0.42661	-3300.51
406	0.422878	-3233.04
407	0.424224	-3242.96
408	0.422054	-3214.25
409	0.424176	-3219.3
410	0.427057	-3253.61
411	0.433405	-3340.87
412	0.424553	-3241.39
413	0.431425	-3299.09
414	0.42895	-3283.62
415	0.424412	-3254.1
416	0.427369	-3229.06
417	0.421688	-3186.29
418	0.427677	-3349.43
419	0.420266	-3161.01
420	0.423011	-3216.4
421	0.421265	-3196.29
422	0.430876	-3333.43
423	0.422225	-3199.62
424	0.423895	-3240.83
425	0.418733	-3116.04
426	0.423717	-3229.13
427	0.424237	-3257.71
428	0.421003	-3167.9
429	0.42325	-3196.13
430	0.428696	-3298.08
431	0.417228	-3160
432	0.417641	-3085.12
433	0.422534	-3200.8
434	0.423971	-3216.81
435	0.422716	-3186.36
436	0.425713	-3290.83
437	0.42837	-3323.68
438	0.421477	-3219.72
439	0.423935	-3243.21
440	0.419206	-3150.9
441	0.42795	-3263.63
442	0.423921	-3221.03
443	0.429144	-3337.4
444	0.428319	-3325.01
445	0.420047	-3175.87
446	0.417829	-3183.28
447	0.427392	-3282.34
448	0.420218	-3163.92
449	0.420803	-3179.09
450	0.431243	-3336.46
451	0.420205	-3190.1
452	0.427837	-3272.48
453	0.41969	-3140.32
454	0.422875	-3179.16
455	0.437701	-3465.51
456	0.425748	-3238.72
457	0.425571	-3326.4
458	0.431747	-3349.31
459	0.427957	-3283.14
460	0.419998	-3185.73
461	0.429995	-3328.32
462	0.422374	-3204.96
463	0.430634	-3335.9
464	0.427495	-3278.17
465	0.416472	-3120.77
466	0.427587	-3243.3
467	0.425215	-3229.14
468	0.422897	-3232.5
469	0.43255	-3384.51
470	0.422795	-3203.5
471	0.418772	-3126.35
472	0.419429	-3122.25
473	0.423825	-3265.14
474	0.42686	-3279.53
475	0.421198	-3182.53
476	0.43174	-3337.18
477	0.419738	-3138.47
478	0.427453	-3281.8
479	0.430417	-3291.46
480	0.431888	-3329.03
481	0.419587	-3154.25
482	0.43031	-3344.06
483	0.426459	-3295.7
484	0.421449	-3216.04
485	0.426947	-3292.01
486	0.4201	-3169.87
487	0.428938	-3275.42
488	0.429679	-3275.28
489	0.434561	-3430.72
490	0.431001	-3331.24
491	0.428514	-3304.64
492	0.415564	-3142.93
493	0.415718	-3081.31
494	0.421288	-3178.57
495	0.418162	-3182.56
496	0.435783	-3439.04
497	0.418317	-3156.93
498	0.427561	-3284.09
499	0.428354	-3295.76
500	0.422857	-3235.61
501	0.429818	-3349.9
502	0.422988	-3263.04
503	0.428144	-3227.07
504	0.424443	-3247.15
505	0.415787	-3129.52
506	0.420406	-3158.66
507	0.433402	-3390.96
508	0.418081	-3153.43
509	0.422741	-3218.48
510	0.42031	-3198.75
511	0.432778	-3361.18
512	0.434616	-3365.9
513	0.424374	-3227.77
514	0.426655	-3279.22
515	0.42329	-3245.17
516	0.423889	-3202.63
517	0.420419	-3162.8
518	0.416586	-3138.91
519	0.42636	-3260.75
520	0.424172	-3187.64
521	0.420945	-3203.78
522	0.431153	-3332.25
523	0.42532	-3260.42
524	0.425601	-3244.65
525	0.420817	-3200.13
526	0.427724	-3268.99
527	0.428106	-3323.1
528	0.430643	-3366.19
529	0.420241	-3151.51
530	0.42237	-3166.56
531	0.42234	-3193.34
532	0.4221	-3158.37
533	0.429925	-3317.7
534	0.42679	-3318.52
535	0.430979	-3320.53
536	0.418427	-3164.96
537	0.425048	-3244.11
538	0.428573	-3306.34
539	0.430867	-3371.69
540	0.419929	-3163.64
541	0.433276	-3339.33
542	0.426012	-3282.73
543	0.427846	-3299.86
544	0.430863	-3297.14
545	0.430447	-3314.83
546	0.426363	-3248.66
547	0.423492	-3217.24
548	0.424041	-3229.92
549	0.415112	-3085.43
550	0.42067	-3158.93
551	0.423785	-3259.38
552	0.430348	-3339.34
553	0.426542	-3254.91
554	0.428907	-3260.16
555	0.426862	-3282.93
556	0.424531	-3228.75
557	0.428057	-3285.94
558	0.428345	-3299.24
559	0.421754	-3204.89
560	0.422384	-3196.02
561	0.430368	-3365.68
562	0.420929	-3182.91
563	0.425016	-3236.87
564	0.420844	-3198.68
565	0.42262	-3228.12
566	0.422245	-3238.56
567	0.428883	-3349.21
568	0.423721	-3214.44
569	0.425451	-3268.2
570	0.421492	-3220.19
571	0.427272	-3314.95
572	0.422317	-3244.08
573	0.43505	-3392.4
574	0.427557	-3277.16
575	0.424701	-3252.66
576	0.430409	-3298.16
577	0.432353	-3367.57
578	0.435551	-3419.24
579	0.426636	-3290.56
580	0.43014	-3321.34
581	0.42452	-3248.57
582	0.42905	-3322.95
583	0.424096	-3186.01
584	0.422549	-3229.08
585	0.425816	-3253.36
586	0.424963	-3232.1
587	0.422982	-3247.54
588	0.430128	-3326.54
589	0.428345	-3326.3
590	0.42135	-3205.29
591	0.427983	-3281.03
592	0.422823	-3210.46
593	0.421994	-3173.16
594	0.43511	-3392.26
595	0.42211	-3194.37
596	0.425088	-3230.38
597	0.423499	-3200.18
598	0.427318	-3287.78
599	0.427028	-3286.5
600	0.418425	-3096.24
601	0.426838	-3306.9
602	0.425862	-3267.67
603	0.42763	-3266.8
604	0.427312	-3262.53
605	0.428753	-3329.39
606	0.417071	-3157.71
607	0.424132	-3225.85
608	0.433093	-3328.87
609	0.416243	-3128.56
610	0.428114	-3272.19
611	0.421201	-3204.7
612	0.425961	-3248.58
613	0.425402	-3225.14
614	0.42029	-3190.69
615	0.418214	-3137.67
616	0.425765	-3287.78
617	0.423284	-3259.04
618	0.423843	-3232.66
619	0.428282	-3298.2
620	0.420536	-3201.88
621	0.427688	-3294.45
622	0.420751	-3144.51
623	0.421032	-3184.69
624	0.429897	-3319.05
625	0.417191	-3151.94
626	0.427965	-3323.75
627	0.42704	-3320.37
628	0.416184	-3136.2
629	0.422805	-3221.69
630	0.42119	-3131.3
631	0.426177	-3273.55
632	0.425177	-3294.34
633	0.424395	-3212.54
634	0.419662	-3145.13
635	0.421277	-3180.6
636	0.422551	-3214.67
637	0.422551	-3193.53
638	0.425471	-3268.1
639	0.422793	-3224.67
640	0.422645	-3203.9
641	0.420041	-3141.29
642	0.416865	-3118.81
643	0.424211	-3192.37
644	0.428247	-3294.3
645	0.430154	-3301.04
646	0.430603	-3321.64
647	0.423415	-3231.16
648	0.424972	-3263.42
649	0.41688	-3154.23
650	0.430843	-3365.74
651	0.41808	-3166.09
652	0.425407	-3254.47
653	0.427438	-3229.65
654	0.415925	-3117.74
655	0.427256	-3293.94
656	0.419069	-3127.39
657	0.419361	-3114.71
658	0.435104	-3422.08
659	0.425868	-3254.16
660	0.423475	-3230.97
661	0.425056	-3273.02
662	0.42436	-3252.73
663	0.420903	-3226.42
664	0.428304	-3291.17
665	0.421014	-3187.25
666	0.427557	-3260.28
667	0.425713	-3274.97
668	0.426482	-3281.92
669	0.43272	-3398.36
670	0.418447	-3178.47
671	0.428835	-3345.91
672	0.424668	-3259.35
673	0.430051	-3349.85
674	0.42483	-3274.64
675	0.423843	-3217.8
676	0.433363	-3404.36
677	0.430729	-3311.21
678	0.426315	-3273.76
679	0.421759	-3219.62
680	0.426728	-3286.52
681	0.41874	-3153.74
682	0.431529	-3359.45
683	0.428432	-3296.96
684	0.422184	-3219.17
685	0.422526	-3151.96
686	0.429073	-3308.43
687	0.424667	-3254.28
688	0.41748	-3157.23
689	0.425706	-3257.5
690	0.423887	-3232.3
691	0.42514	-3223.63
692	0.426252	-3298.06
693	0.422862	-3201.91
694	0.42802	-3297.02
695	0.428529	-3277.91
696	0.428559	-3268.55
697	0.4249	-3237.41
698	0.425515	-3271.2
699	0.423972	-3232.53
700	0.425661	-3261.17
701	0.417813	-3098.85
702	0.422917	-3189.06
703	0.427201	-3295.83
704	0.420029	-3168.57
705	0.433925	-3382.97
706	0.424164	-3271.55
707	0.421102	-3159.99
708	0.427682	-3301.87
709	0.420859	-3189.36
710	0.425571	-3268.45
711	0.418528	-3103.97
712	0.421637	-3215.24
713	0.42317	-3198.97
714	0.423974	-3262.62
715	0.428237	-3301.35
716	0.417104	-3129.65
717	0.432656	-3386.11
718	0.417403	-3145.32
719	0.426202	-3260.91
720	0.425976	-3203.97
721	0.428391	-3274.49
722	0.42074	-3151.03
723	0.425111	-3255.29
724	0.424178	-3206.51
725	0.428528	-3292.99
726	0.427803	-3303.07
727	0.429664	-3355.92
728	0.421671	-3193.68
729	0.415936	-3083.57
730	0.42791	-3288.06
731	0.428459	-3288.06
732	0.4292	-3270.68
733	0.432058	-3375.04
734	0.421894	-3212.77
735	0.424734	-3243.29
736	0.425001	-3241.26
737	0.428769	-3295.4
738	0.426545	-3282.38
739	0.42499	-3267.3
740	0.425348	-3280.99
741	0.419111	-3191.49
742	0.43147	-3339.65
743	0.425881	-3262.66
744	0.427865	-3296.23
745	0.424845	-3250.48
746	0.418947	-3168.99
747	0.422264	-3234.94
748	0.432862	-3404.24
749	0.420757	-3204.41
750	0.418313	-3161.57
751	0.421736	-3210.5
752	0.428183	-3326.77
753	0.415237	-3079.72
754	0.423846	-3227.51
755	0.423236	-3217.77
756	0.427	-3294.6
757	0.43195	-3336.01
758	0.428245	-3327.66
759	0.420577	-3195.15
760	0.423839	-3209.53
761	0.433566	-3413.1
762	0.420458	-3184.97
763	0.426492	-3220.87
764	0.424698	-3253.4
765	0.423459	-3247.37
766	0.424851	-3227.96
767	0.428146	-3277.75
768	0.418064	-3151.85
769	0.419089	-3177.87
770	0.423371	-3234.83
771	0.428416	-3333.96
772	0.423265	-3240.85
773	0.423204	-3197.86
774	0.426637	-3272.69
775	0.423491	-3228.84
776	0.429228	-3267.76
777	0.421481	-3204.82
778	0.425785	-3275.7
779	0.428726	-3293.28
780	0.4252	-3247.37
781	0.415686	-3065.25
782	0.427859	-3272.72
783	0.438371	-3453.81
784	0.421986	-3187.64
785	0.423945	-3234.66
786	0.426391	-3261.87
787	0.425567	-3229.68
788	0.428492	-3315.24
789	0.423318	-3228.44
790	0.41663	-3146.74
791	0.427145	-3256.44
792	0.426343	-3253.67
793	0.42602	-3273.74
794	0.423018	-3198.22
795	0.425733	-3252.39
796	0.425768	-3256.19
797	0.424646	-3243.28
798	0.428625	-3290.61
799	0.413224	-3089.68
800	0.427763	-3275.82
801	0.427073	-3285.48
802	0.425323	-3242.28
803	0.420974	-3187.77
804	0.425248	-3245.69
805	0.424907	-3226.96
806	0.425086	-3260.61
807	0.424052	-3247.64
808	0.424884	-3247.11
809	0.427013	-3294.6
810	0.421672	-3182.49
811	0.42636	-3258.67
812	0.420039	-3133.87
813	0.427599	-3249.94
814	0.424484	-3239.59
815	0.420052	-3146.49
816	0.428984	-3270.17
817	0.424261	-3236.27
818	0.423489	-3224.51
819	0.421401	-3212.03
820	0.426226	-3270.52
821	0.421889	-3197.21
822	0.419766	-3181.49
823	0.435348	-3405.74
824	0.428727	-3301.37
825	0.430328	-3378.96
826	0.429876	-3316.53
827	0.423667	-3214.1
828	0.430216	-3335.82
829	0.428357	-3324.83
830	0.417995	-3130.26
831	0.421439	-3187.13
832	0.420813	-3155.16
833	0.419399	-3148.2
834	0.430665	-3351.58
835	0.427215	-3289.87
836	0.421756	-3209.85
837	0.420596	-3190.49
838	0.416467	-3130.16
839	0.42788	-3293.86
840	0.42631	-3302.55
841	0.419795	-3172.76
842	0.414106	-3105.41
843	0.419009	-3153.26
844	0.43236	-3402.57
845	0.418377	-3142.98
846	0.442688	-3542.76
847	0.424667	-3262.83
848	0.427987	-3305.75
849	0.418244	-3135.88
850	0.416069	-3099.51
851	0.430592	-3333.96
852	0.425303	-3269.19
853	0.425422	-3266.68
854	0.427008	-3296.59
855	0.425699	-3255.24
856	0.429909	-3326
857	0.426522	-3280.35
858	0.425195	-3243.94
859	0.416768	-3138.74
860	0.431061	-3320.05
861	0.426065	-3289.22
862	0.420255	-3163.18
863	0.426102	-3275.87
864	0.426313	-3281.14
865	0.425443	-3240.29
866	0.424239	-3212.9
867	0.429854	-3308.38
868	0.417109	-3140.43
869	0.423329	-3221.03
870	0.430628	-3357.79
871	0.431668	-3356.93
872	0.416311	-3119.91
873	0.423277	-3215.2
874	0.426665	-3275.4
875	0.425254	-3281.92
876	0.428002	-3290.71
877	0.426917	-3278.1
878	0.427773	-3246.2
879	0.433082	-3356.68
880	0.422018	-3175.91
881	0.423138	-3181.4
882	0.428669	-3293.13
883	0.422036	-3221.43
884	0.419991	-3176.55
885	0.421656	-3197.63
886	0.421436	-3208.06
887	0.425266	-3274.64
888	0.422167	-3204.76
889	0.423618	-3249.7
890	0.42812	-3232.91
891	0.420547	-3190.8
892	0.421084	-3229.31
893	0.423865	-3236.58
894	0.41953	-3161.54
895	0.417608	-3103.66
896	0.424624	-3233.46
897	0.424218	-3216.61
898	0.43008	-3290.34
899	0.428088	-3311.88
900	0.431726	-3355.86
901	0.424476	-3271.35
902	0.42097	-3225.83
903	0.425203	-3229.19
904	0.425927	-3310.52
905	0.423153	-3203.08
906	0.419472	-3159.73
907	0.414406	-3092.62
908	0.426363	-3234.24
909	0.421489	-3230.34
910	0.426358	-3247.87
911	0.423671	-3244.78
912	0.423039	-3223.99
913	0.420749	-3216.63
914	0.425613	-3254.46
915	0.415968	-3083.5
916	0.421905	-3205.43
917	0.423139	-3206.86
918	0.425616	-3249.61
919	0.437202	-3447.58
920	0.420987	-3190.73
921	0.425418	-3246.28
922	0.420713	-3194.57
923	0.427329	-3243.97
924	0.426637	-3273.96
925	0.423648	-3232.05
926	0.42412	-3238.93
927	0.425879	-3253.34
928	0.421515	-3195.35
929	0.424219	-3249.07
930	0.425492	-3305.54
931	0.418264	-3142.27
932	0.426677	-3264.96
933	0.429487	-3257.63
934	0.425939	-3255.54
935	0.418547	-3121.27
936	0.428178	-3323.32
937	0.430969	-3333.23
938	0.427581	-3317.05
939	0.420929	-3192.04
940	0.429204	-3348.27
941	0.430603	-3311.01
942	0.416042	-3098.38
943	0.424238	-3244.87
944	0.419022	-3201.7
945	0.418293	-3151.48
946	0.418313	-3137.37
947	0.426092	-3319.27
948	0.421675	-3160.73
949	0.429708	-3276.39
950	0.427581	-3296.41
951	0.427736	-3306.77
952	0.429654	-3276.55
953	0.430319	-3313.8
954	0.422062	-3217.22
955	0.42238	-3189.95
956	0.432645	-3316.28
957	0.420318	-3211.42
958	0.423913	-3223.48
959	0.42007	-3170.06
960	0.43492	-3367.59
961	0.426841	-3277.58
962	0.417794	-3112.46
963	0.427711	-3274.51
964	0.423077	-3218.06
965	0.427643	-3334.48
966	0.422366	-3214.9
967	0.422751	-3232.56
968	0.421933	-3213.53
969	0.427572	-3298.6
970	0.425641	-3250.36
971	0.426243	-3287.64
972	0.420911	-3209.23
973	0.42413	-3201.53
974	0.419258	-3176.66
975	0.431261	-3373.44
976	0.428591	-3258.81
977	0.42449	-3210.88
978	0.421421	-3184.21
979	0.420534	-3164.54
980	0.424721	-3220.82
981	0.420358	-3200.4
982	0.420542	-3172.04
983	0.424332	-3218.21
984	0.425459	-3242.19
985	0.414962	-3050.77
986	0.423357	-3233.75
987	0.425935	-3275.5
988	0.421723	-3166.49
989	0.432973	-3361.61
990	0.426142	-3261.2
991	0.432801	-3375.35
992	0.429056	-3294.58
993	0.424587	-3218.61
994	0.419681	-3183.25
995	0.421995	-3172.53
996	0.425765	-3270.77
997	0.426859	-3266.68
998	0.428112	-3305
999	0.415792	-3147.68
1000	0.433392	-3378.29
1001	0.42261	-3211.86
1002	0.4333	-3371.23
1003	0.41919	-3174.02
1004	0.417048	-3122.96
1005	0.419007	-3181.81
1006	0.425622	-3281.36
1007	0.41304	-3092.53
1008	0.429041	-3302.07
1009	0.417393	-3132.01
1010	0.421767	-3162.3
1011	0.424006	-3220.19
1012	0.427035	-3281.22
1013	0.419281	-3161.01
1014	0.4306	-3293.31
1015	0.420327	-3168.65
1016	0.426183	-3232.56
1017	0.434221	-3429.01
1018	0.425607	-3274.8
1019	0.423133	-3223.21
1020	0.41905	-3156.72
1021	0.423139	-3199.54
1022	0.418694	-3168.69
1023	0.425592	-3292.67
1024	0.435901	-3424.2
1025	0.427471	-3251.94
1026	0.414652	-3087.94
1027	0.423849	-3217.53
1028	0.430419	-3311.06
1029	0.42569	-3212.13
1030	0.423419	-3216.26
1031	0.421541	-3186.94
1032	0.427494	-3275.62
1033	0.428077	-3317.26
1034	0.429733	-3356.45
1035	0.426306	-3230.5
1036	0.414671	-3094.08
1037	0.424473	-3265.65
1038	0.418445	-3145.87
1039	0.425494	-3277.44
1040	0.424553	-3243.23
1041	0.428353	-3306.76
1042	0.423506	-3228.48
1043	0.416461	-3108.82
1044	0.425378	-3247.42
1045	0.429823	-3326.25
1046	0.424604	-3263.58
1047	0.425713	-3262.85
1048	0.422899	-3173.99
1049	0.430044	-3303.61
1050	0.429724	-3266.45
1051	0.425843	-3250.96
1052	0.427899	-3313.86
1053	0.428031	-3297.02
1054	0.429492	-3283
1055	0.416772	-3130.66
1056	0.419614	-3127.14
1057	0.427409	-3269.3
1058	0.420169	-3169.23
1059	0.42485	-3237.33
1060	0.425387	-3266.08
1061	0.422683	-3214.38
1062	0.42734	-3261.38
1063	0.421524	-3211.56
1064	0.418855	-3210.69
1065	0.427803	-3304.45
1066	0.41579	-3159.89
1067	0.422836	-3224.29
1068	0.423918	-3188.76
1069	0.430084	-3340.53
1070	0.42709	-3299.32
1071	0.423718	-3218.25
1072	0.419295	-3169.88
1073	0.425119	-3244.43
1074	0.424514	-3228.09
1075	0.42432	-3279.7
1076	0.419345	-3122.06
1077	0.425789	-3220.6
1078	0.418678	-3176.3
1079	0.423229	-3210.33
1080	0.423713	-3254.75
1081	0.420913	-3205.79
1082	0.419172	-3142.63
1083	0.432324	-3336.07
1084	0.4252	-3203.69
1085	0.432873	-3378.21
1086	0.42675	-3292.05
1087	0.426355	-3299.64
1088	0.423776	-3206.48
1089	0.421446	-3155.62
1090	0.422052	-3169.49
1091	0.426448	-3238.86
1092	0.421609	-3165.21
1093	0.419623	-3169.98
1094	0.430768	-3358.16
1095	0.414763	-3089.22
1096	0.427936	-3289.94
1097	0.433842	-3396.65
1098	0.426147	-3296.96
1099	0.432488	-3413.55
1100	0.425154	-3233.89
1101	0.427638	-3289
1102	0.417581	-3146.08
1103	0.421876	-3193.02
1104	0.41781	-3141.99
1105	0.427515	-3289.54
1106	0.424542	-3226.53
1107	0.429567	-3323.59
1108	0.424137	-3214.22
1109	0.424285	-3222.89
1110	0.417849	-3115.09
1111	0.422191	-3197.72
1112	0.418735	-3148.39
1113	0.421031	-3200.74
1114	0.421438	-3188.45
1115	0.420148	-3153.39
1116	0.428483	-3262.35
1117	0.421473	-3186.86
1118	0.427359	-3252.13
1119	0.42255	-3218.3
1120	0.421048	-3220.93
1121	0.425407	-3254.49
1122	0.425442	-3269.85
1123	0.424702	-3224.69
1124	0.428486	-3318.01
1125	0.422174	-3190.31
1126	0.437131	-3459.86
1127	0.427505	-3281.32
1128	0.422012	-3166.23
1129	0.427064	-3327.76
1130	0.421126	-3218.15
1131	0.425176	-3186.42
1132	0.428927	-3313.09
1133	0.424593	-3274.78
1134	0.417153	-3123.17
1135	0.416369	-3114
1136	0.42679	-3252.74
1137	0.42912	-3306.17
1138	0.419775	-3128.75
1139	0.427054	-3267.23
1140	0.419433	-3167.86
1141	0.432421	-3374.17
1142	0.420911	-3193.28
1143	0.423926	-3256.29
1144	0.426422	-3246.06
1145	0.430194	-3301.65
1146	0.426285	-3232.81
1147	0.424151	-3258.13
1148	0.423867	-3242.89
1149	0.421224	-3218.47
1150	0.425411	-3239
1151	0.418339	-3142.06
1152	0.422667	-3238.58
1153	0.426044	-3261.02
1154	0.428146	-3276.58
1155	0.429555	-3285.3
1156	0.417604	-3100.97
1157	0.424544	-3219.84
1158	0.429778	-3299.17
1159	0.431017	-3318.08
1160	0.433462	-3368.94
1161	0.422398	-3233.25
1162	0.423276	-3257.15
1163	0.424038	-3258.48
1164	0.416227	-3104.72
1165	0.419172	-3135.14
1166	0.427687	-3278.62
1167	0.430254	-3304.07
1168	0.43035	-3308.59
1169	0.419341	-3199.54
1170	0.421069	-3175.26
1171	0.42043	-3170.1
1172	0.429047	-3320.92
1173	0.427758	-3323.22
1174	0.428921	-3268.04
1175	0.424859	-3245.29
1176	0.41439	-3108.7
1177	0.4177	-3112.82
1178	0.427639	-3293.37
1179	0.417778	-3169.59
1180	0.420993	-3193.61
1181	0.420777	-3212.68
1182	0.424371	-3242.22
1183	0.421813	-3209.51
1184	0.417447	-3163.11
1185	0.429275	-3291.79
1186	0.425241	-3254.59
1187	0.423968	-3202.21
1188	0.417106	-3156.31
1189	0.416825	-3153.75
1190	0.424786	-3249.8
1191	0.423769	-3242.6
1192	0.425617	-3253.96
1193	0.425745	-3235.15
1194	0.426991	-3283.92
1195	0.422264	-3195.61
1196	0.419565	-3162.61
1197	0.429253	-3315.92
1198	0.425503	-3280.53
1199	0.422006	-3210.94
1200	0.425755	-3259.18
1201	0.430011	-3335.74
1202	0.423709	-3192.63
1203	0.420639	-3178.64
1204	0.439319	-3462.97
1205	0.420158	-3192.91
1206	0.426313	-3272.03
1207	0.415738	-3117.64
1208	0.421421	-3199.41
1209	0.41911	-3186.6
1210	0.427421	-3294.56
1211	0.420208	-3154.64
1212	0.421631	-3209.32
1213	0.420625	-3155.85
1214	0.419706	-3143.76
1215	0.422564	-3227.61
1216	0.421473	-3188.92
1217	0.430831	-3355.9
1218	0.437678	-3465.15
1219	0.418489	-3153.47
1220	0.423117	-3223.49
1221	0.425058	-3230.73
1222	0.424431	-3253.54
1223	0.424695	-3265.77
1224	0.426869	-3267.85
1225	0.421053	-3198.18
1226	0.42434	-3237.42
1227	0.422437	-3233.31
1228	0.427597	-3305.65
1229	0.422471	-3199.56
1230	0.42833	-3280.79
1231	0.430233	-3301.74
1232	0.426168	-3257.58
1233	0.42603	-3283.52
1234	0.425733	-3246.23
1235	0.431929	-3358.76
1236	0.430502	-3344.18
1237	0.429272	-3309.9
1238	0.423466	-3231.48
1239	0.419245	-3162.8
1240	0.423326	-3236.24
1241	0.415367	-3095.6
1242	0.42267	-3204.8
1243	0.425038	-3224.7
1244	0.422065	-3190.28
1245	0.415665	-3127.16
1246	0.420608	-3172.38
1247	0.427137	-3266.45
1248	0.430014	-3334.01
1249	0.420274	-3179.2
1250	0.42337	-3180.76
1251	0.419055	-3171.13
1252	0.424727	-3225.64
1253	0.420351	-3164.92
1254	0.423112	-3171.97
1255	0.418577	-3139.66
1256	0.428234	-3303.61
1257	0.4271	-3255.45
1258	0.423564	-3252.87
1259	0.420891	-3202.47
1260	0.423736	-3248.51
1261	0.420747	-3177.72
1262	0.419793	-3130.45
1263	0.424423	-3232.73
1264	0.425325	-3286.89
1265	0.423146	-3209.18
1266	0.423459	-3218.83
1267	0.42436	-3241.13
1268	0.431483	-3323.06
1269	0.427629	-3294.35
1270	0.430662	-3307.64
1271	0.428251	-3304.38
1272	0.41318	-3082.7
1273	0.41904	-3146.23
1274	0.42734	-3307.02
1275	0.414179	-3119.57
1276	0.423948	-3235.34
1277	0.426228	-3233.91
1278	0.425466	-3289.84
1279	0.426357	-3250.45
1280	0.429777	-3291.74
1281	0.42163	-3190.44
1282	0.425307	-3271.3
1283	0.413744	-3062.19
1284	0.420418	-3182.87
1285	0.424771	-3250.4
1286	0.420119	-3141.98
1287	0.422425	-3164.26
1288	0.422457	-3219.16
1289	0.421606	-3174.22
1290	0.428941	-3340.15
1291	0.418515	-3154.4
1292	0.42582	-3267.61
1293	0.42791	-3273.29
1294	0.427056	-3278.23
1295	0.429678	-3301.27
1296	0.421565	-3188.34
1297	0.426411	-3239.76
1298	0.426033	-3251.13
1299	0.41985	-3145.25
1300	0.419251	-3108
1301	0.427158	-3301.56
1302	0.428457	-3315.94
1303	0.423717	-3213.35
1304	0.419125	-3154.24
1305	0.435185	-3372.39
1306	0.425702	-3245.6
1307	0.42399	-3205.74
1308	0.425044	-3237.96
1309	0.425912	-3253.32
1310	0.421375	-3166.44
1311	0.427238	-3279.38
1312	0.422177	-3200.01
1313	0.42315	-3208.13
1314	0.425663	-3266.7
1315	0.4196	-3146.21
1316	0.428997	-3256.81
1317	0.428638	-3333.43
1318	0.430233	-3332.35
1319	0.428257	-3311.37
1320	0.429314	-3295.36
1321	0.41466	-3085.24
1322	0.421722	-3190.06
1323	0.425307	-3236.51
1324	0.420327	-3178.57
1325	0.422161	-3222.36
1326	0.426513	-3274.92
1327	0.426935	-3252.51
1328	0.421689	-3176.72
1329	0.422279	-3199.89
1330	0.421969	-3198.27
1331	0.420036	-3211.89
1332	0.429851	-3336.6
1333	0.427561	-3288.31
1334	0.427074	-3288.24
1335	0.430729	-3359.65
1336	0.421136	-3147.11
1337	0.422159	-3178.66
1338	0.430883	-3298.46
1339	0.42583	-3321.09
1340	0.424523	-3232.48
1341	0.429743	-3310.44
1342	0.429002	-3293.9
1343	0.421582	-3204.36
1344	0.420257	-3189.03
1345	0.418251	-3103.03
1346	0.429051	-3266.84
1347	0.425612	-3212.75
1348	0.42731	-3295.72
1349	0.42236	-3226.62
1350	0.419692	-3144.56
1351	0.420626	-3177.45
1352	0.425539	-3282.61
1353	0.42539	-3237.17
1354	0.427643	-3276.59
1355	0.429024	-3280.81
1356	0.41986	-3168.46
1357	0.421197	-3176.46
1358	0.426104	-3274.76
1359	0.425954	-3248.45
1360	0.428023	-3286.32
1361	0.430753	-3365.81
1362	0.424394	-3226.81
1363	0.428112	-3302.94
1364	0.431164	-3324.47
1365	0.431445	-3359.85
1366	0.430235	-3335.3
1367	0.426869	-3232.59
1368	0.426923	-3282.63
1369	0.42447	-3197.1
1370	0.426196	-3274.61
1371	0.434202	-3389.41
1372	0.420237	-3162.54
1373	0.426049	-3289.97
1374	0.421075	-3209.28
1375	0.422474	-3190.29
1376	0.422047	-3167.69
1377	0.424728	-3235.71
1378	0.424416	-3254.93
1379	0.416972	-3116.68
1380	0.423521	-3208.79
1381	0.424812	-3245.64
1382	0.42783	-3296.32
1383	0.422824	-3198.76
1384	0.420938	-3170.42
1385	0.425908	-3287.49
1386	0.430956	-3322.07
1387	0.423012	-3220.1
1388	0.422239	-3216.5
1389	0.42506	-3216.34
1390	0.430971	-3339.69
1391	0.427849	-3282.08
1392	0.426132	-3277.95
1393	0.420744	-3182.73
1394	0.430099	-3332.46
1395	0.42679	-3222.14
1396	0.43651	-3455.55
1397	0.430699	-3305.46
1398	0.427107	-3308.98
1399	0.421164	-3207.46
1400	0.42409	-3186.81
1401	0.421313	-3190.81
1402	0.4218	-3213.67
1403	0.421942	-3184.62
1404	0.424145	-3269.19
1405	0.418296	-3151.53
1406	0.425485	-3234.74
1407	0.424974	-3261.85
1408	0.42656	-3310.45
1409	0.432594	-3365.35
1410	0.432515	-3322.92
1411	0.426022	-3275
1412	0.423611	-3247.83
1413	0.425464	-3248.3
1414	0.422823	-3202.88
1415	0.429385	-3282.61
1416	0.423049	-3237.25
1417	0.423764	-3180.6
1418	0.423082	-3215.46
1419	0.42308	-3220.61
1420	0.421376	-3189.22
1421	0.430614	-3303.03
1422	0.421518	-3197
1423	0.428364	-3282.36
1424	0.427304	-3284.19
1425	0.420845	-3172.41
1426	0.421285	-3200.88
1427	0.42213	-3204.06
1428	0.423165	-3245.43
1429	0.424614	-3241.53
1430	0.425973	-3290.79
1431	0.429566	-3295.9
1432	0.428959	-3306.64
1433	0.424676	-3203.63
1434	0.430899	-3330.18
1435	0.423103	-3242.43
1436	0.432347	-3307.08
1437	0.428366	-3297.53
1438	0.426631	-3255.43
1439	0.428858	-3345.42
1440	0.427053	-3286.09
1441	0.42837	-3274.98
1442	0.430779	-3318.1
1443	0.425683	-3237.36
1444	0.425399	-3239.2
1445	0.428155	-3307.22
1446	0.430969	-3349.01
1447	0.426694	-3275.93
1448	0.421781	-3204.93
1449	0.420739	-3220.65
1450	0.418196	-3130.45
1451	0.417091	-3168.98
1452	0.420916	-3170.43
1453	0.417262	-3109.07
1454	0.426001	-3268.62
1455	0.420642	-3132.91
1456	0.418043	-3112.74
1457	0.420567	-3178.2
1458	0.420788	-3179.14
1459	0.435324	-3429.42
1460	0.425146	-3207.09
1461	0.418504	-3077.41
1462	0.427217	-3283.69
1463	0.430277	-3321.79
1464	0.417303	-3139.47
1465	0.425049	-3271.12
1466	0.423555	-3226.85
1467	0.422973	-3216.34
1468	0.425173	-3225.07
1469	0.414726	-3135.46
1470	0.416728	-3134.1
1471	0.423459	-3192.75
1472	0.427962	-3279.86
1473	0.429685	-3335.09
1474	0.424089	-3254.13
1475	0.434503	-3407
1476	0.428934	-3304
1477	0.429976	-3340.76
1478	0.422461	-3164.73
1479	0.422209	-3210.45
1480	0.428153	-3286.12
1481	0.418215	-3132.62
1482	0.433193	-3399.98
1483	0.427207	-3269.55
1484	0.424485	-3249.15
1485	0.415206	-3110.5
1486	0.43137	-3359.56
1487	0.427639	-3290.01
1488	0.426222	-3310.44
1489	0.421757	-3227.52
1490	0.422399	-3229.24
1491	0.429282	-3333.39
1492	0.416236	-3135.48
1493	0.41701	-3113.45
1494	0.422532	-3220.03
1495	0.424436	-3246.74
1496	0.419722	-3167.4
1497	0.427827	-3298.15
1498	0.423077	-3228.14
1499	0.418973	-3142.1
1500	0.427003	-3237.29
1501	0.428628	-3282.21
1502	0.420038	-3166.87
1503	0.427703	-3284.8
1504	0.430352	-3304.67
1505	0.426717	-3260.11
1506	0.421651	-3144.79
1507	0.422216	-3232.26
1508	0.422415	-3164.8
1509	0.427859	-3304.57
1510	0.41786	-3112.11
1511	0.428763	-3272.96
1512	0.419252	-3174.81
1513	0.421863	-3160.35
1514	0.428364	-3298.68
1515	0.430557	-3353.37
1516	0.418797	-3134.02
1517	0.433257	-3346.78
1518	0.425549	-3239.06
1519	0.420547	-3180.03
1520	0.427162	-3255.04
1521	0.417634	-3111.27
1522	0.412772	-3055.27
1523	0.423154	-3201.87
1524	0.4225	-3248.5
1525	0.423247	-3221.5
1526	0.424833	-3303.09
1527	0.428604	-3282.73
1528	0.426919	-3269.4
1529	0.424601	-3247.07
1530	0.429147	-3324.87
1531	0.421624	-3210.55
1532	0.423827	-3173.74
1533	0.423119	-3186.71
1534	0.422363	-3223.54
1535	0.42561	-3226.29
1536	0.432669	-3341.63
1537	0.429534	-3331.68
1538	0.419549	-3140.02
1539	0.420507	-3191.57
1540	0.420829	-3171.19
1541	0.417605	-3142.95
1542	0.418537	-3146.02
1543	0.423717	-3227.99
1544	0.421625	-3173.94
1545	0.421634	-3199.47
1546	0.431328	-3362.72
1547	0.423985	-3228.95
1548	0.420059	-3203.83
1549	0.427801	-3290.8
1550	0.426242	-3253.66
1551	0.431224	-3344.9
1552	0.427499	-3311.7
1553	0.422879	-3239.37
1554	0.419122	-3162.45
1555	0.421965	-3197.74
1556	0.426226	-3254.94
1557	0.414219	-3079.23
1558	0.420413	-3170.75
1559	0.418115	-3150.78
1560	0.424751	-3254.97
1561	0.423421	-3239.32
1562	0.431708	-3359.38
1563	0.423468	-3241.04
1564	0.424948	-3269.99
1565	0.415605	-3110.44
1566	0.420813	-3185.42
1567	0.42826	-3240.05
1568	0.422944	-3215.78
1569	0.423953	-3210.32
1570	0.41927	-3144.73
1571	0.421741	-3171.89
1572	0.42253	-3186.85
1573	0.419968	-3151.09
1574	0.427179	-3257.38
1575	0.429007	-3338.37
1576	0.430503	-3342.56
1577	0.420429	-3164.49
1578	0.424598	-3255.45
1579	0.425101	-3242.5
1580	0.426199	-3305.16
1581	0.42878	-3317.74
1582	0.418187	-3115.49
1583	0.432455	-3402.87
1584	0.430318	-3345.17
1585	0.429392	-3328.68
1586	0.426661	-3268.07
1587	0.421563	-3180.91
1588	0.427176	-3287.67
1589	0.421062	-3188.17
1590	0.424822	-3239.42
1591	0.428922	-3274.27
1592	0.421459	-3209.04
1593	0.423818	-3217.14
1594	0.428208	-3310.95
1595	0.425167	-3221.43
1596	0.423442	-3216.79
1597	0.426415	-3300.94
1598	0.420798	-3187.04
1599	0.426632	-3291.98
1600	0.424096	-3207.85
1601	0.4262	-3257.59
1602	0.429126	-3299.28
1603	0.424292	-3205.09
1604	0.419635	-3109.09
1605	0.427275	-3279.41
1606	0.427639	-3288.83
1607	0.419965	-3162.59
1608	0.420023	-3171.78
1609	0.424794	-3251.9
1610	0.42878	-3325.63
1611	0.419515	-3172.22
1612	0.425304	-3238.04
1613	0.422611	-3164.92
1614	0.417449	-3147.32
1615	0.420758	-3179.35
1616	0.431149	-3366.03
1617	0.438827	-3477.23
1618	0.430115	-3319.6
1619	0.426449	-3267.54
1620	0.420088	-3126.18
1621	0.425956	-3261.34
1622	0.42065	-3222.23
1623	0.423663	-3232.86
1624	0.428466	-3295.78
1625	0.431595	-3372.01
1626	0.418787	-3170.52
1627	0.425899	-3232.93
1628	0.427301	-3260.67
1629	0.423579	-3223.93
1630	0.427564	-3255.59
1631	0.424636	-3248.56
1632	0.423589	-3205.65
1633	0.421236	-3201.58
1634	0.419876	-3160.38
1635	0.42281	-3221.31
1636	0.425021	-3241.09
1637	0.422866	-3271.52
1638	0.420858	-3177.25
1639	0.425879	-3269.2
1640	0.427085	-3315.5
1641	0.415943	-3107.87
1642	0.418089	-3138.04
1643	0.425143	-3232.13
1644	0.420988	-3202.67
1645	0.418002	-3168.06
1646	0.426565	-3259.21
1647	0.42708	-3271.5
1648	0.422342	-3181.82
1649	0.417253	-3114.93
1650	0.423214	-3190.32
1651	0.4162	-3084.05
1652	0.429067	-3303.97
1653	0.416834	-3127.31
1654	0.425497	-3262.57
1655	0.423761	-3243.61
1656	0.426797	-3267.23
1657	0.420098	-3142
1658	0.4245	-3244.13
1659	0.418959	-3139.96
1660	0.428295	-3302.17
1661	0.424747	-3270.56
1662	0.422632	-3236.81
1663	0.421966	-3188.17
1664	0.422323	-3193.18
1665	0.427362	-3337.06
1666	0.42702	-3287.45
1667	0.422824	-3243.21
1668	0.420577	-3163.08
1669	0.42773	-3302.82
1670	0.423546	-3251.51
1671	0.423321	-3203.55
1672	0.42002	-3135.21
1673	0.431321	-3354.46
1674	0.427061	-3284.46
1675	0.427902	-3285.61
1676	0.42217	-3162.23
1677	0.427473	-3285.17
1678	0.423174	-3278.44
1679	0.425391	-3248.63
1680	0.423479	-3242.3
1681	0.425366	-3246
1682	0.419976	-3177.99
1683	0.42852	-3277.07
1684	0.424841	-3272.11
1685	0.423723	-3245.8
1686	0.42833	-3312.94
1687	0.426645	-3222.89
1688	0.427697	-3262.99
1689	0.428087	-3290.33
1690	0.430615	-3347.39
1691	0.429118	-3298.73
1692	0.427366	-3276.41
1693	0.426402	-3263.24
1694	0.427511	-3247.32
1695	0.425973	-3294.6
1696	0.426951	-3277.04
1697	0.424268	-3271.29
1698	0.431636	-3358.4
1699	0.421134	-3149.98
1700	0.422441	-3185.39
1701	0.433978	-3376.76
1702	0.432673	-3427.57
1703	0.423663	-3252.49
1704	0.422445	-3175.49
1705	0.418814	-3149.51
1706	0.419596	-3161.82
1707	0.420283	-3187.1
1708	0.421191	-3214.31
1709	0.427672	-3294.1
1710	0.420937	-3184.57
1711	0.421393	-3191.83
1712	0.425548	-3200.67
1713	0.429313	-3346.37
1714	0.423447	-3243.5
1715	0.430779	-3318.61
1716	0.425959	-3252.59
1717	0.427071	-3289.82
1718	0.426011	-3227.04
1719	0.425193	-3278.54
1720	0.425264	-3241.5
1721	0.426149	-3250.68
1722	0.420759	-3195.44
1723	0.417848	-3150.5
1724	0.433386	-3354.96
1725	0.426221	-3247.89
1726	0.424288	-3290.83
1727	0.425694	-3258.52
1728	0.420742	-3185.85
1729	0.42413	-3236.97
1730	0.428197	-3296.57
1731	0.423445	-3251.74
1732	0.42378	-3205.2
1733	0.42828	-3315.27
1734	0.417824	-3115.94
1735	0.424525	-3248.47
1736	0.437202	-3415.42
1737	0.425411	-3253.04
1738	0.429067	-3284.34
1739	0.436644	-3446.97
1740	0.425623	-3247.16
1741	0.42452	-3186.3
1742	0.422355	-3189.95
1743	0.423238	-3246.13
1744	0.423915	-3235.55
1745	0.426422	-3243.71
1746	0.428772	-3296.08
1747	0.422491	-3227.68
1748	0.427335	-3299.01
1749	0.425733	-3248.7
1750	0.423032	-3242.41
1751	0.416419	-3090.46
1752	0.420629	-3124.78
1753	0.423368	-3162.17
1754	0.426789	-3271.89
1755	0.426401	-3271.61
1756	0.42249	-3202.82
1757	0.427893	-3307.85
1758	0.430581	-3329.27
1759	0.42815	-3282.17
1760	0.421374	-3159.83
1761	0.42234	-3208.29
1762	0.420447	-3180.95
1763	0.421404	-3196.59
1764	0.416537	-3133.07
1765	0.419849	-3178.99
1766	0.426358	-3265.74
1767	0.429477	-3335.09
1768	0.426164	-3270.59
1769	0.425256	-3224.49
1770	0.421304	-3219.01
1771	0.423738	-3225.4
1772	0.424925	-3242.28
1773	0.424556	-3216.61
1774	0.419252	-3178.82
1775	0.422599	-3212.73
1776	0.428245	-3310.63
1777	0.424276	-3217.48
1778	0.425619	-3253.43
1779	0.427036	-3251.75
1780	0.425763	-3230.58
1781	0.426191	-3236.8
1782	0.420359	-3210.13
1783	0.424635	-3201.15
1784	0.427138	-3260.39
1785	0.423664	-3227.01
1786	0.416527	-3116.2
1787	0.422372	-3213.83
1788	0.427939	-3268.85
1789	0.418788	-3209.3
1790	0.419581	-3178.61
1791	0.424611	-3206.63
1792	0.412551	-3076.14
1793	0.420736	-3197.17
1794	0.426207	-3256.09
1795	0.432405	-3353.54
1796	0.42548	-3246.22
1797	0.426206	-3299.01
1798	0.425222	-3230.03
1799	0.423007	-3237.62
1800	0.425562	-3236.04
1801	0.416535	-3114.65
1802	0.421109	-3151.87
1803	0.429245	-3287.42
1804	0.419091	-3131.97
1805	0.427304	-3314.27
1806	0.425469	-3264.94
1807	0.421804	-3184.09
1808	0.432652	-3355.6
1809	0.425337	-3236.76
1810	0.428587	-3308.12
1811	0.42652	-3304.08
1812	0.426646	-3309.77
1813	0.423951	-3218.57
1814	0.425084	-3249.3
1815	0.425613	-3253.22
1816	0.428043	-3293.37
1817	0.421012	-3197.09
1818	0.424554	-3250.56
1819	0.427278	-3261.54
1820	0.427752	-3269.65
1821	0.426131	-3273.84
1822	0.425665	-3231.29
1823	0.422044	-3192.39
1824	0.413813	-3022.45
1825	0.427601	-3278.24
1826	0.420344	-3178.8
1827	0.421635	-3179.81
1828	0.427316	-3298.6
1829	0.427566	-3293.69
1830	0.421875	-3225
1831	0.424426	-3238.55
1832	0.42724	-3274.73
1833	0.425818	-3239.72
1834	0.426969	-3310.06
1835	0.415371	-3085.27
1836	0.416066	-3097.11
1837	0.42571	-3200.14
1838	0.42477	-3236.53
1839	0.424191	-3234.74
1840	0.428059	-3279.75
1841	0.421849	-3194.21
1842	0.423108	-3205.06
1843	0.427822	-3314.39
1844	0.427947	-3327.66
1845	0.427519	-3334.67
1846	0.416484	-3158.09
1847	0.425062	-3242.04
1848	0.426784	-3252.23
1849	0.425033	-3247.8
1850	0.426831	-3308.49
1851	0.42378	-3193.99
1852	0.422033	-3214.53
1853	0.427546	-3269.31
1854	0.432773	-3343
1855	0.424015	-3228.55
1856	0.423754	-3272.21
1857	0.426032	-3274.02
1858	0.420141	-3186.7
1859	0.421472	-3206.11
1860	0.426351	-3260.45
1861	0.422876	-3224.91
1862	0.421396	-3218.86
1863	0.417019	-3132.07
1864	0.417236	-3126.45
1865	0.429154	-3298.09
1866	0.425737	-3255.5
1867	0.419075	-3136.16
1868	0.421177	-3190.2
1869	0.424251	-3231.05
1870	0.434153	-3369.49
1871	0.424075	-3190.1
1872	0.420527	-3181.65
1873	0.423862	-3233.06
1874	0.422809	-3245.16
1875	0.419935	-3229.18
1876	0.421999	-3176.42
1877	0.426915	-3260.03
1878	0.430369	-3335.46
1879	0.425568	-3252.51
1880	0.420598	-3189.65
1881	0.424712	-3249.22
1882	0.419363	-3147.15
1883	0.41977	-3173.72
1884	0.426533	-3262.99
1885	0.427823	-3280.43
1886	0.420744	-3168.56
1887	0.424905	-3208.39
1888	0.426122	-3243.73
1889	0.428145	-3276.57
1890	0.424854	-3249.06
1891	0.418212	-3129.6
1892	0.43699	-3400.44
1893	0.423265	-3212.65
1894	0.428968	-3313.02
1895	0.424962	-3212.96
1896	0.429879	-3307.67
1897	0.426801	-3275.84
1898	0.425944	-3249.17
1899	0.429519	-3325.17
1900	0.422203	-3208.86
1901	0.421318	-3193.94
1902	0.427553	-3320.86
1903	0.424543	-3263.99
1904	0.421392	-3169.68
1905	0.422393	-3215.82
1906	0.418564	-3130.79
1907	0.41604	-3112.06
1908	0.420136	-3185.17
1909	0.429537	-3305.56
1910	0.420812	-3217.03
1911	0.421707	-3198.92
1912	0.422467	-3192.21
1913	0.419673	-3158.61
1914	0.41302	-3113.66
1915	0.425088	-3245.4
1916	0.425318	-3232.58
1917	0.422054	-3178.87
1918	0.416857	-3146.58
1919	0.425805	-3320.81
1920	0.425717	-3192.23
1921	0.421849	-3156.01
1922	0.415031	-3083.58
1923	0.425629	-3273.51
1924	0.423316	-3232.7
1925	0.425292	-3270.01
1926	0.42198	-3214.6
1927	0.419818	-3208.35
1928	0.422686	-3227.33
1929	0.42694	-3265.48
1930	0.431089	-3330.32
1931	0.429211	-3308.49
1932	0.423824	-3208.84
1933	0.420185	-3209.28
1934	0.422802	-3283.39
1935	0.418686	-3143.5
1936	0.424568	-3204.26
1937	0.425796	-3282.43
1938	0.419809	-3183.38
1939	0.421842	-3203.19
1940	0.422721	-3235.19
1941	0.425826	-3265.6
1942	0.418368	-3125.4
1943	0.424524	-3252.21
1944	0.431045	-3403.59
1945	0.427475	-3306.33
1946	0.422339	-3234.38
1947	0.421451	-3165.45
1948	0.414182	-3102.92
1949	0.429475	-3326.24
1950	0.430087	-3364.44
1951	0.423799	-3212.95
1952	0.427371	-3295.47
1953	0.425998	-3253.77
1954	0.425399	-3237.08
1955	0.421775	-3183.07
1956	0.421563	-3162.27
1957	0.419148	-3140.84
1958	0.429168	-3326.58
1959	0.431698	-3361.06
1960	0.422392	-3260.23
1961	0.42253	-3239.9
1962	0.427977	-3286.34
1963	0.418738	-3150.65
1964	0.427623	-3303.82
1965	0.421391	-3198.9
1966	0.426799	-3259.5
1967	0.425046	-3275.12
1968	0.431864	-3342.55
1969	0.424064	-3229.98
1970	0.423745	-3217.26
1971	0.433893	-3437.43
1972	0.426404	-3237.77
1973	0.423366	-3218.42
1974	0.423502	-3211.31
1975	0.428738	-3319.47
1976	0.423429	-3249.4
1977	0.424769	-3241.31
1978	0.427637	-3290.51
1979	0.415242	-3092.69
1980	0.428457	-3293.81
1981	0.423876	-3248.61
1982	0.421781	-3204.05
1983	0.428764	-3277.65
1984	0.424766	-3243.87
1985	0.425214	-3271.41
1986	0.419739	-3169.75
1987	0.430811	-3337.89
1988	0.423341	-3203.71
1989	0.423214	-3226.24
1990	0.419219	-3173.81
1991	0.422827	-3196.44
1992	0.425322	-3229.2
1993	0.417244	-3127.14
1994	0.430521	-3310.43
1995	0.4271	-3260.57
1996	0.426365	-3291.48
1997	0.4299	-3333.25
1998	0.424993	-3242.03
1999	0.425749	-3230.68
2000	0.419913	-3153.83
2001	0.427476	-3293.58
2002	0.425551	-3224.71
2003	0.416779	-3091.84
2004	0.427564	-3255.24
2005	0.427055	-3313.46
2006	0.431056	-3341.97
2007	0.422771	-3235.37
2008	0.427444	-3310.13
2009	0.426262	-3273.86
2010	0.425436	-3244.67
2011	0.422823	-3232.55
2012	0.429615	-3248.87
2013	0.42768	-3286.35
2014	0.423518	-3219.99
2015	0.432024	-3360.02
2016	0.422788	-3209.22
2017	0.424817	-3232.12
2018	0.428322	-3299.19
2019	0.41835	-3164.01
2020	0.433677	-3338.77
2021	0.42413	-3227.87
2022	0.422924	-3232.85
2023	0.425248	-3248.5
2024	0.424144	-3207.61
2025	0.430546	-3333.98
2026	0.415639	-3105.49
2027	0.426527	-3227.03
2028	0.424927	-3261.06
2029	0.43123	-3351.41
2030	0.432478	-3348.34
2031	0.423375	-3256.35
2032	0.420644	-3173.1
2033	0.41682	-3085.33
2034	0.421483	-3158.53
2035	0.423658	-3208.68
2036	0.427151	-3288.46
2037	0.428462	-3286.5
2038	0.424549	-3236.19
2039	0.421909	-3163.14
2040	0.423231	-3215.49
2041	0.419627	-3187.75
2042	0.419521	-3181.2
2043	0.422462	-3253.17
2044	0.418451	-3140.13
2045	0.424431	-3234.26
2046	0.429912	-3356.26
2047	0.425786	-3246.15
2048	0.417779	-3127.43
2049	0.42374	-3248.43
2050	0.431645	-3369.83
2051	0.42148	-3211.62
2052	0.42455	-3228.07
2053	0.427208	-3272.46
2054	0.424471	-3240.52
2055	0.425357	-3252.95
2056	0.423652	-3208.5
2057	0.42506	-3262.15
2058	0.421303	-3212.78
2059	0.427158	-3325.84
2060	0.425068	-3223.24
2061	0.425544	-3251.2
2062	0.431602	-3338.83
2063	0.429311	-3262.01
2064	0.428233	-3310.27
2065	0.421199	-3181.08
2066	0.425702	-3305.01
2067	0.426032	-3232.02
2068	0.428103	-3300.69
2069	0.423179	-3239.6
2070	0.432648	-3379.66
2071	0.419588	-3190.08
2072	0.418865	-3167.35
2073	0.424578	-3271.86
2074	0.425369	-3261.24
2075	0.426667	-3262.86
2076	0.424371	-3286.33
2077	0.428422	-3300.11
2078	0.418643	-3128.67
2079	0.424184	-3212.85
2080	0.425512	-3244.93
2081	0.429217	-3287.27
2082	0.422518	-3211.59
2083	0.418517	-3197.52
2084	0.421507	-3207.84
2085	0.423066	-3240.14
2086	0.428975	-3282.77
2087	0.422808	-3210.61
2088	0.424434	-3213.93
2089	0.41739	-3124.66
2090	0.424386	-3217.88
2091	0.425909	-3239.04
2092	0.424861	-3223.21
2093	0.424741	-3269.86
2094	0.434599	-3440.7
2095	0.423204	-3216.46
2096	0.428974	-3298.46
2097	0.431809	-3347.18
2098	0.427428	-3278.17
2099	0.422881	-3240.56
2100	0.430439	-3326.07
2101	0.424718	-3218.23
2102	0.4215	-3203
2103	0.420792	-3226.07
2104	0.423307	-3197.16
2105	0.416996	-3098.97
2106	0.433591	-3375.65
2107	0.422575	-3208.42
2108	0.432158	-3371.77
2109	0.431439	-3349.9
2110	0.423465	-3209
2111	0.418574	-3172.12
2112	0.428915	-3343.62
2113	0.423013	-3234.69
2114	0.434313	-3396.41
2115	0.421077	-3200.27
2116	0.424496	-3217.9
2117	0.429464	-3286.26
2118	0.423918	-3205.27
2119	0.42607	-3236.29
2120	0.431723	-3338.42
2121	0.42225	-3223.63
2122	0.426265	-3281.85
2123	0.426479	-3292.52
2124	0.424304	-3206.27
2125	0.424849	-3236.97
2126	0.425409	-3245.97
2127	0.427527	-3276.05
2128	0.417851	-3154.66
2129	0.42634	-3278.03
2130	0.426855	-3298.35
2131	0.421356	-3185.3
2132	0.431081	-3354.88
2133	0.424	-3219.44
2134	0.43257	-3378.14
2135	0.427064	-3255.92
2136	0.438647	-3474.88
2137	0.430139	-3296.56
2138	0.41569	-3100.31
2139	0.418454	-3118.75
2140	0.424781	-3244.86
2141	0.422153	-3220.81
2142	0.420221	-3139.51
2143	0.420666	-3178.17
2144	0.425436	-3273.47
2145	0.421196	-3196.99
2146	0.427957	-3285.78
2147	0.418532	-3135.38
2148	0.42921	-3285.16
2149	0.423636	-3197.1
2150	0.432806	-3354.16
2151	0.425386	-3219.59
2152	0.428689	-3322.88
2153	0.426548	-3245.17
2154	0.430942	-3339.92
2155	0.430398	-3330.29
2156	0.424108	-3264.42
2157	0.426253	-3276.34
2158	0.431419	-3359.8
2159	0.427024	-3266.89
2160	0.428227	-3291.52
2161	0.424519	-3242.67
2162	0.423877	-3236.44
2163	0.419763	-3189.16
2164	0.423917	-3273.03
2165	0.426405	-3283.43
2166	0.430491	-3346.21
2167	0.428231	-3343.65
2168	0.424307	-3240.68
2169	0.424201	-3219.8
2170	0.425845	-3282.26
2171	0.41924	-3136.15
2172	0.421975	-3142.5
2173	0.420459	-3214
2174	0.42741	-3249.75
2175	0.423529	-3210.99
2176	0.42442	-3200.2
2177	0.424846	-3205.3
2178	0.429895	-3287.03
2179	0.430241	-3289.64
2180	0.424925	-3233.12
2181	0.425486	-3245.79
2182	0.425429	-3292.85
2183	0.429241	-3362.78
2184	0.423006	-3216.98
2185	0.420403	-3192.32
2186	0.426562	-3239.29
2187	0.42482	-3263.92
2188	0.42108	-3170.48
2189	0.427032	-3303.75
2190	0.426773	-3269.42
2191	0.426119	-3224.57
2192	0.428037	-3294.9
2193	0.426531	-3267.59
2194	0.420588	-3195.85
2195	0.42057	-3202.59
2196	0.428398	-3288.31
2197	0.428677	-3296.58
2198	0.429927	-3312.67
2199	0.42219	-3206.76
2200	0.428907	-3323.72
2201	0.429587	-3298.07
2202	0.427466	-3327.95
2203	0.428985	-3290.33
2204	0.427362	-3322.16
2205	0.425227	-3246.12
2206	0.428601	-3292.93
2207	0.429345	-3289.84
2208	0.430344	-3341.54
2209	0.430991	-3334.35
2210	0.4252	-3273.16
2211	0.418968	-3161.19
2212	0.426592	-3318.91
2213	0.426356	-3298.04
2214	0.428229	-3307.35
2215	0.420995	-3192.28
2216	0.428333	-3336.87
2217	0.422326	-3202.24
2218	0.423356	-3168.01
2219	0.42864	-3299.22
2220	0.426034	-3288.24
2221	0.427315	-3298.06
2222	0.431086	-3323.33
2223	0.419153	-3153.88
2224	0.429874	-3388.94
2225	0.4268	-3270.94
2226	0.418472	-3121.32
2227	0.418507	-3164.2
2228	0.432181	-3377.31
2229	0.434027	-3418
2230	0.426473	-3280.47
2231	0.423115	-3219.09
2232	0.429391	-3349.63
2233	0.426344	-3279.51
2234	0.414963	-3128
2235	0.420989	-3188.74
2236	0.428665	-3283.75
2237	0.420715	-3175.39
2238	0.426144	-3300.47
2239	0.425538	-3237.13
2240	0.430053	-3334.06
2241	0.425657	-3255.95
2242	0.428703	-3301.59
2243	0.421784	-3191.09
2244	0.423476	-3174.38
2245	0.42544	-3257.24
2246	0.423044	-3183.79
2247	0.427455	-3286.05
2248	0.41609	-3130.51
2249	0.424883	-3255.22
2250	0.420123	-3166.87
2251	0.418917	-3134.14
2252	0.421764	-3191.5
2253	0.42156	-3264.75
2254	0.425394	-3232.26
2255	0.418826	-3166.34
2256	0.423776	-3238.1
2257	0.424911	-3264.67
2258	0.423011	-3219.39
2259	0.421196	-3214.21
2260	0.41631	-3103.57
2261	0.425694	-3210.46
2262	0.424171	-3225.34
2263	0.422736	-3169.96
2264	0.429107	-3305.5
2265	0.419914	-3166.09
2266	0.423438	-3205.5
2267	0.421112	-3176.32
2268	0.420512	-3162.82
2269	0.426372	-3239.15
2270	0.424595	-3261.66
2271	0.423633	-3251.07
2272	0.426626	-3251.26
2273	0.420206	-3193.56
2274	0.425562	-3252.17
2275	0.427385	-3284.52
2276	0.42431	-3268.81
2277	0.424739	-3266.46
2278	0.422923	-3218.78
2279	0.428112	-3247.14
2280	0.419904	-3172.86
2281	0.421346	-3194.46
2282	0.425545	-3287.01
2283	0.425997	-3299.37
2284	0.425381	-3246.8
2285	0.419908	-3186.65
2286	0.424397	-3243.55
2287	0.423831	-3256.1
2288	0.427475	-3262.26
2289	0.428371	-3280.79
2290	0.422399	-3208.76
2291	0.425378	-3261.07
2292	0.423989	-3246.16
2293	0.42479	-3266.71
2294	0.43043	-3346.3
2295	0.432557	-3360.39
2296	0.42317	-3207.65
2297	0.422008	-3202.68
2298	0.423002	-3213.56
2299	0.422024	-3237.24
2300	0.41669	-3139.71
2301	0.417973	-3101.05
2302	0.423313	-3216.71
2303	0.424703	-3246.88
2304	0.425687	-3260.54
2305	0.431251	-3312.63
2306	0.421793	-3196.45
2307	0.42499	-3237.06
2308	0.43022	-3362.49
2309	0.424134	-3228.3
2310	0.423538	-3226.93
2311	0.427255	-3251.48
2312	0.426384	-3271
2313	0.419217	-3158.44
2314	0.418172	-3133.66
2315	0.426554	-3280.6
2316	0.423484	-3250.3
2317	0.428502	-3297.02
2318	0.427902	-3308.99
2319	0.430438	-3299.81
2320	0.429489	-3319.17
2321	0.428433	-3304.35
2322	0.418586	-3144.91
2323	0.425457	-3257.09
2324	0.423438	-3228.45
2325	0.432221	-3329.92
2326	0.431989	-3355.55
2327	0.418505	-3127.27
2328	0.42057	-3163.79
2329	0.421722	-3206.91
2330	0.422177	-3188.87
2331	0.423112	-3210.43
2332	0.425971	-3242.62
2333	0.420402	-3174.95
2334	0.431199	-3361.22
2335	0.420819	-3206.78
2336	0.423644	-3258.44
2337	0.427074	-3268.02
2338	0.42959	-3283.21
2339	0.416634	-3110.62
2340	0.42614	-3281.78
2341	0.4187	-3141.56
2342	0.42328	-3233.14
2343	0.428673	-3337.78
2344	0.422338	-3213.95
2345	0.424548	-3215.46
2346	0.417264	-3076.89
2347	0.426807	-3283.68
2348	0.428317	-3299.13
2349	0.42463	-3295.27
2350	0.425464	-3253.8
2351	0.423092	-3241.39
2352	0.426662	-3309.65
2353	0.423216	-3208.16
2354	0.42718	-3302.19
2355	0.431548	-3396.45
2356	0.423414	-3265.81
2357	0.436899	-3384.68
2358	0.421977	-3208.45
2359	0.427015	-3266.74
2360	0.42355	-3181.7
2361	0.420806	-3159.32
2362	0.424681	-3269.29
2363	0.430443	-3342.33
2364	0.421332	-3208.61
2365	0.426299	-3229.6
2366	0.424008	-3239.45
2367	0.427125	-3282.78
2368	0.431433	-3332.98
2369	0.424347	-3256
2370	0.425009	-3286.58
2371	0.427471	-3285.69
2372	0.420049	-3188.3
2373	0.421954	-3223.5
2374	0.420183	-3166.85
2375	0.423335	-3195.18
2376	0.426748	-3256.25
2377	0.419904	-3181.07
2378	0.427135	-3295.95
2379	0.423449	-3219.54
2380	0.42191	-3153.12
2381	0.427926	-3291.65
2382	0.42123	-3195.55
2383	0.421403	-3189.75
2384	0.416399	-3104.2
2385	0.4282	-3309.82
2386	0.431005	-3308.2
2387	0.429095	-3291.81
2388	0.42982	-3334.98
2389	0.43396	-3349.12
2390	0.422114	-3247.24
2391	0.415606	-3093.42
2392	0.425907	-3263.46
2393	0.427398	-3314.82
2394	0.4219	-3197.4
2395	0.424884	-3279.04
2396	0.429036	-3315.95
2397	0.428968	-3300.15
2398	0.416862	-3102.92
2399	0.423276	-3254.93
2400	0.42251	-3213.7
2401	0.422704	-3219.99
2402	0.429679	-3300.97
2403	0.422479	-3218.64
2404	0.418291	-3129.44
2405	0.42864	-3274.03
2406	0.426492	-3259.38
2407	0.431404	-3328.06
2408	0.42772	-3255.08
2409	0.420419	-3171.53
2410	0.421656	-3163.88
2411	0.420386	-3233.97
2412	0.422816	-3231.23
2413	0.42224	-3195.37
2414	0.428942	-3304.51
2415	0.420519	-3170.83
2416	0.433174	-3422.27
2417	0.424247	-3240.9
2418	0.430558	-3295.45
2419	0.422794	-3174.98
2420	0.428535	-3288.6
2421	0.427188	-3320.07
2422	0.417177	-3133.05
2423	0.427191	-3268.26
2424	0.425199	-3240.2
2425	0.432171	-3359.71
2426	0.426128	-3270.89
2427	0.418774	-3180.15
2428	0.42764	-3304.48
2429	0.428124	-3324.73
2430	0.427788	-3232.6
2431	0.427158	-3332.74
2432	0.424709	-3256
2433	0.422105	-3209.78
2434	0.420879	-3190.93
2435	0.425266	-3244.18
2436	0.425218	-3227.58
2437	0.423535	-3212.04
2438	0.426943	-3253.72
2439	0.423913	-3237.03
2440	0.426367	-3256.76
2441	0.421625	-3150.22
2442	0.425282	-3263.29
2443	0.427398	-3293.28
2444	0.430994	-3331.94
2445	0.425172	-3228.94
2446	0.425053	-3237.04
2447	0.423873	-3218.82
2448	0.421548	-3217.6
2449	0.427213	-3260.33
2450	0.427641	-3271.15
2451	0.420086	-3210.39
2452	0.429831	-3345.71
2453	0.420106	-3167.93
2454	0.423671	-3233.27
2455	0.425765	-3245.59
2456	0.426873	-3294.34
2457	0.42481	-3251.08
2458	0.423515	-3199.28
2459	0.422219	-3207.82
2460	0.422622	-3243.21
2461	0.426295	-3282.1
2462	0.428987	-3311.4
2463	0.425994	-3241.98
2464	0.433024	-3392.05
2465	0.427733	-3291.81
2466	0.421724	-3167.11
2467	0.420357	-3219.59
2468	0.421081	-3190.72
2469	0.43087	-3366.5
2470	0.427868	-3306.26
2471	0.420782	-3167.08
2472	0.426372	-3276.44
2473	0.427238	-3266.37
2474	0.424743	-3238.16
2475	0.42717	-3247.14
2476	0.426643	-3264.97
2477	0.416846	-3143.53
2478	0.414207	-3076.78
2479	0.426403	-3244.82
2480	0.4196	-3131.12
2481	0.423227	-3242.23
2482	0.430936	-3313.94
2483	0.422943	-3247.36
2484	0.417747	-3148.83
2485	0.423201	-3220.34
2486	0.41884	-3168
2487	0.421921	-3212.58
2488	0.424708	-3249.64
2489	0.436517	-3440.9
2490	0.428745	-3291.39
2491	0.428578	-3297.76
2492	0.431319	-3339.84
2493	0.427276	-3303.34
2494	0.423135	-3226.78
2495	0.427778	-3290.15
2496	0.419428	-3150.06
2497	0.420586	-3199.08
2498	0.428532	-3289.17
2499	0.418062	-3166.25
2500	0.431317	-3323.24
2501	0.424655	-3233.32
2502	0.422715	-3197.58
2503	0.427566	-3271.04
2504	0.423555	-3206.3
2505	0.429338	-3317.41
2506	0.439029	-3418.71
2507	0.430218	-3314.38
2508	0.426776	-3275.4
2509	0.429768	-3308.15
2510	0.425394	-3237.58
2511	0.418888	-3176.91
2512	0.423501	-3222.33
2513	0.425962	-3238.46
2514	0.423556	-3235.66
2515	0.421543	-3210.31
2516	0.421254	-3141.84
2517	0.427172	-3251.99
2518	0.427496	-3310.55
2519	0.430969	-3317.62
2520	0.42476	-3237.81
2521	0.427755	-3276.58
2522	0.428094	-3320.38
2523	0.424023	-3278.64
2524	0.421217	-3221.19
2525	0.428093	-3290.6
2526	0.424133	-3205.26
2527	0.430471	-3343.05
2528	0.419222	-3169.81
2529	0.426188	-3264.05
2530	0.418988	-3162.22
2531	0.424084	-3233.91
2532	0.425315	-3234.93
2533	0.427398	-3310.16
2534	0.427329	-3357.66
2535	0.429207	-3301.51
2536	0.422093	-3182.99
2537	0.417563	-3126.18
2538	0.423394	-3253.78
2539	0.42605	-3230.09
2540	0.427725	-3283.06
2541	0.428633	-3363.98
2542	0.434877	-3399.27
2543	0.420831	-3167.61
2544	0.42009	-3199.96
2545	0.42381	-3204.05
2546	0.416955	-3144.96
2547	0.427917	-3284.2
2548	0.427652	-3256.15
2549	0.424172	-3191.72
2550	0.426487	-3276.53
2551	0.426782	-3298.64
2552	0.42453	-3239.13
2553	0.420904	-3209.21
2554	0.421883	-3219.08
2555	0.428279	-3323.98
2556	0.425022	-3285.06
2557	0.418395	-3194.39
2558	0.434144	-3399.47
2559	0.425678	-3231.63
2560	0.428784	-3316
2561	0.427389	-3288.87
2562	0.422352	-3206.5
2563	0.429433	-3332.16
2564	0.427755	-3272.37
2565	0.425753	-3271.84
2566	0.418668	-3160.58
2567	0.417356	-3149.45
2568	0.431462	-3289.87
2569	0.426687	-3260.13
2570	0.426958	-3274.88
2571	0.426978	-3253.63
2572	0.418868	-3172.15
2573	0.424742	-3274.19
2574	0.418042	-3154.02
2575	0.433233	-3404.51
2576	0.41788	-3120.06
2577	0.425681	-3300.7
2578	0.414477	-3107.14
2579	0.423601	-3226.98
2580	0.422862	-3207.23
2581	0.429264	-3333.61
2582	0.422493	-3191.76
2583	0.429529	-3303.28
2584	0.425666	-3266.56
2585	0.427539	-3300.8
2586	0.427313	-3279.18
2587	0.424509	-3256.31
2588	0.422355	-3175.22
2589	0.425625	-3252.16
2590	0.418847	-3161.09
2591	0.429359	-3322.37
2592	0.422559	-3197.75
2593	0.418709	-3159.49
2594	0.424732	-3233.43
2595	0.425158	-3268.15
2596	0.424828	-3205.62
2597	0.421821	-3190.46
2598	0.428959	-3291.51
2599	0.424253	-3202.48
2600	0.419311	-3169.95
2601	0.42289	-3181.27
2602	0.417902	-3164.59
2603	0.42078	-3200.84
2604	0.429214	-3299.52
2605	0.419656	-3149.52
2606	0.430282	-3306.06
2607	0.42823	-3318.49
2608	0.427005	-3246.87
2609	0.430068	-3330.02
2610	0.435518	-3437.07
2611	0.421722	-3186
2612	0.424532	-3230.48
2613	0.425254	-3258.82
2614	0.420882	-3187.09
2615	0.422338	-3231.72
2616	0.422702	-3214.37
2617	0.429453	-3317.63
2618	0.419846	-3167.88
2619	0.418988	-3167.84
2620	0.425427	-3252.23
2621	0.423597	-3214.98
2622	0.427063	-3284.92
2623	0.429126	-3302.61
2624	0.434474	-3417.48
2625	0.422584	-3188.79
2626	0.424099	-3222.06
2627	0.430229	-3311.62
2628	0.427072	-3246.81
2629	0.42351	-3230.02
2630	0.432215	-3363.83
2631	0.436477	-3413.97
2632	0.424712	-3245.4
2633	0.440997	-3519.77
2634	0.425154	-3242.62
2635	0.423449	-3210.58
2636	0.425025	-3229.37
2637	0.431198	-3332.02
2638	0.424406	-3207.84
2639	0.426819	-3275.64
2640	0.424968	-3246.86
2641	0.416667	-3109.75
2642	0.42275	-3225.47
2643	0.425292	-3279
2644	0.433072	-3387.84
2645	0.422482	-3214.34
2646	0.425282	-3257.42
2647	0.426229	-3305.31
2648	0.429831	-3337.7
2649	0.421786	-3156.32
2650	0.419192	-3137.37
2651	0.426093	-3241.89
2652	0.41825	-3164.43
2653	0.42776	-3272.32
2654	0.419626	-3137.37
2655	0.41902	-3138.47
2656	0.426341	-3273.09
2657	0.421317	-3152.29
2658	0.423663	-3245.54
2659	0.427201	-3266.84
2660	0.425607	-3263.25
2661	0.425115	-3278.42
2662	0.410738	-3000.75
2663	0.417177	-3153.62
2664	0.424844	-3250.58
2665	0.425074	-3287.73
2666	0.418684	-3156.28
2667	0.42819	-3261.71
2668	0.427729	-3311.07
2669	0.422635	-3236.26
2670	0.418464	-3154.27
2671	0.420003	-3173.14
2672	0.426419	-3289.81
2673	0.424496	-3244.68
2674	0.43019	-3342.58
2675	0.428303	-3324.63
2676	0.425606	-3267.92
2677	0.429043	-3296.42
2678	0.426889	-3258.41
2679	0.420056	-3181.65
2680	0.428408	-3303.58
2681	0.414883	-3076.47
2682	0.422468	-3231.2
2683	0.41962	-3180.25
2684	0.419644	-3145.8
2685	0.430041	-3347.17
2686	0.420134	-3148.35
2687	0.428378	-3268.65
2688	0.428538	-3288.84
2689	0.426595	-3276.5
2690	0.423954	-3205.5
2691	0.42863	-3281.64
2692	0.42651	-3278.49
2693	0.431847	-3357.89
2694	0.432969	-3369.8
2695	0.427314	-3305.34
2696	0.426474	-3282.17
2697	0.427224	-3295.13
2698	0.424364	-3201.27
2699	0.428138	-3263.64
2700	0.430688	-3388.66
2701	0.422165	-3154.22
2702	0.419893	-3153.68
2703	0.425991	-3262.16
2704	0.428259	-3291.69
2705	0.434163	-3413.03
2706	0.41892	-3148.55
2707	0.425183	-3265.82
2708	0.420625	-3184.83
2709	0.434464	-3415.03
2710	0.425012	-3241.65
2711	0.427977	-3288.26
2712	0.430174	-3324.67
2713	0.429032	-3300.56
2714	0.429398	-3322.9
2715	0.429364	-3312.73
2716	0.427902	-3280.99
2717	0.422434	-3204.43
2718	0.42352	-3164.2
2719	0.419356	-3166.55
2720	0.421795	-3194.11
2721	0.420547	-3225.98
2722	0.422706	-3191.64
2723	0.421926	-3191.36
2724	0.419242	-3156.76
2725	0.420792	-3207.17
2726	0.418809	-3154.61
2727	0.418781	-3137.1
2728	0.420937	-3157.44
2729	0.422764	-3208.83
2730	0.423275	-3220.18
2731	0.432947	-3357.18
2732	0.422074	-3203.91
2733	0.429089	-3344.36
2734	0.421296	-3213.84
2735	0.424808	-3253.83
2736	0.429665	-3317.24
2737	0.426898	-3277.22
2738	0.424716	-3229.77
2739	0.417276	-3149.97
2740	0.423113	-3246.3
2741	0.434196	-3381.5
2742	0.423577	-3214.22
2743	0.426153	-3240.24
2744	0.421228	-3191.6
2745	0.427367	-3258.7
2746	0.427689	-3290.36
2747	0.422052	-3228.55
2748	0.418289	-3135.85
2749	0.420169	-3172.85
2750	0.426101	-3290.98
2751	0.421936	-3194.13
2752	0.429703	-3337.82
2753	0.4237	-3246.01
2754	0.424853	-3233.57
2755	0.425197	-3240.86
2756	0.423855	-3240.76
2757	0.421163	-3167.79
2758	0.433074	-3346.68
2759	0.42659	-3283.69
2760	0.422854	-3224.73
2761	0.427012	-3254.47
2762	0.41849	-3134.01
2763	0.417418	-3142.6
2764	0.4216	-3183.58
2765	0.432569	-3366.28
2766	0.426219	-3231.06
2767	0.428975	-3330.5
2768	0.421335	-3168.11
2769	0.429421	-3312.33
2770	0.41921	-3156.58
2771	0.42986	-3304.26
2772	0.429605	-3264.48
2773	0.420301	-3151.78
2774	0.423802	-3215.16
2775	0.420593	-3197.49
2776	0.425577	-3277.03
2777	0.42509	-3224.03
2778	0.425502	-3243.92
2779	0.428833	-3312.28
2780	0.429588	-3298.17
2781	0.417911	-3134.16
2782	0.422854	-3202.04
2783	0.426365	-3271.61
2784	0.422403	-3189.3
2785	0.423381	-3257.92
2786	0.424094	-3214.67
2787	0.431074	-3394.94
2788	0.421836	-3195.23
2789	0.421239	-3163.63
2790	0.427998	-3307.97
2791	0.424194	-3248.56
2792	0.427447	-3250.1
2793	0.420408	-3201.08
2794	0.424891	-3244.66
2795	0.418078	-3140.89
2796	0.419356	-3145.85
2797	0.435607	-3392.22
2798	0.417202	-3159.08
2799	0.432545	-3406.6
2800	0.422719	-3241.18
2801	0.416394	-3081.64
2802	0.422973	-3233.34
2803	0.426783	-3267.95
2804	0.420969	-3171.24
2805	0.422404	-3162.69
2806	0.420064	-3174.93
2807	0.421486	-3188.92
2808	0.420508	-3214.67
2809	0.423893	-3199.69
2810	0.428636	-3326.71
2811	0.42083	-3192.85
2812	0.43129	-3288.16
2813	0.422159	-3225.55
2814	0.430076	-3315.12
2815	0.42029	-3182.68
2816	0.420625	-3199.25
2817	0.429083	-3339.31
2818	0.425884	-3249.8
2819	0.424888	-3208.42
2820	0.425756	-3272.88
2821	0.425351	-3238.68
2822	0.421969	-3202.12
2823	0.431079	-3372.51
2824	0.419758	-3142.53
2825	0.429175	-3324.72
2826	0.429217	-3300.95
2827	0.428746	-3293.78
2828	0.426458	-3303.89
2829	0.429217	-3293.43
2830	0.427645	-3302.59
2831	0.420276	-3198.91
2832	0.423829	-3238.28
2833	0.424821	-3241.46
2834	0.428558	-3300.31
2835	0.422268	-3191.04
2836	0.426753	-3255.9
2837	0.41852	-3154.21
2838	0.429346	-3277.94
2839	0.427517	-3300.68
2840	0.435849	-3374.48
2841	0.426282	-3313.98
2842	0.428006	-3282.45
2843	0.430682	-3337.77
2844	0.434585	-3350.28
2845	0.425567	-3229.09
2846	0.41556	-3086.27
2847	0.425205	-3265.55
2848	0.427593	-3255.77
2849	0.419645	-3175.84
2850	0.421394	-3198.74
2851	0.424349	-3219.64
2852	0.424735	-3278.36
2853	0.427422	-3224.84
2854	0.423758	-3240.26
2855	0.422152	-3187.53
2856	0.429012	-3320.77
2857	0.417474	-3124.1
2858	0.431769	-3316.77
2859	0.426778	-3267.69
2860	0.429304	-3350.4
2861	0.42381	-3235.02
2862	0.422274	-3201.69
2863	0.42787	-3283.91
2864	0.428564	-3311.75
2865	0.42362	-3206.03
2866	0.423881	-3241.82
2867	0.42215	-3208.11
2868	0.427701	-3258.2
2869	0.42109	-3186.42
2870	0.425032	-3192.08
2871	0.424489	-3258.15
2872	0.42977	-3325.39
2873	0.424532	-3209.73
2874	0.423029	-3192.45
2875	0.420913	-3216.47
2876	0.426116	-3238.46
2877	0.423853	-3244.61
2878	0.42	-3156.64
2879	0.422844	-3196.15
2880	0.420118	-3183.3
2881	0.423817	-3184.93
2882	0.421541	-3172.06
2883	0.42276	-3221.05
2884	0.425762	-3258.89
2885	0.441674	-3476.37
2886	0.423883	-3232.05
2887	0.427236	-3309.71
2888	0.421239	-3210.77
2889	0.423527	-3229.19
2890	0.425352	-3224.49
2891	0.423788	-3246.23
2892	0.424686	-3266.82
2893	0.433497	-3421.75
2894	0.433573	-3378.4
2895	0.427692	-3270.99
2896	0.425374	-3226.03
2897	0.423681	-3212.15
2898	0.426041	-3260.01
2899	0.423761	-3196.51
2900	0.419433	-3165.29
2901	0.422238	-3176.9
2902	0.43416	-3340.76
2903	0.429249	-3332.82
2904	0.431236	-3319.4
2905	0.427413	-3296.26
2906	0.42829	-3324.62
2907	0.430121	-3331.79
2908	0.434879	-3367.23
2909	0.422953	-3232.08
2910	0.427042	-3288.52
2911	0.417738	-3118.38
2912	0.425247	-3264.71
2913	0.429035	-3277.9
2914	0.42308	-3244.61
2915	0.418588	-3162.08
2916	0.417594	-3115.76
2917	0.426477	-3290.93
2918	0.422606	-3214.38
2919	0.417248	-3097.54
2920	0.42538	-3270.49
2921	0.422401	-3205.5
2922	0.429882	-3296.85
2923	0.416332	-3136.31
2924	0.433223	-3361.94
2925	0.420001	-3154.71
2926	0.424208	-3239.04
2927	0.42625	-3275.91
2928	0.414575	-3087.12
2929	0.42558	-3237.31
2930	0.415561	-3091.79
2931	0.417732	-3135.18
2932	0.421506	-3182.62
2933	0.431807	-3350.82
2934	0.423389	-3211.85
2935	0.42179	-3168.54
2936	0.418486	-3139.97
2937	0.429825	-3362.63
2938	0.42488	-3275.05
2939	0.425635	-3282.21
2940	0.432678	-3352.79
2941	0.420755	-3180.24
2942	0.425119	-3225
2943	0.426442	-3278.71
2944	0.423992	-3236.68
2945	0.42216	-3233.72
2946	0.420786	-3174.79
2947	0.425517	-3268.06
2948	0.431093	-3378.33
2949	0.420191	-3188.23
2950	0.417756	-3148.56
2951	0.426543	-3261.04
2952	0.430935	-3316.82
2953	0.428512	-3322.7
2954	0.421436	-3146.21
2955	0.424332	-3227.26
2956	0.425612	-3288.64
2957	0.425712	-3223.08
2958	0.427612	-3283.94
2959	0.429115	-3285.16
2960	0.421137	-3189.3
2961	0.419353	-3173.01
2962	0.417042	-3140.25
2963	0.425135	-3286.26
2964	0.432964	-3350.56
2965	0.430765	-3414.99
2966	0.422214	-3178.73
2967	0.421673	-3175.96
2968	0.429059	-3320.62
2969	0.414533	-3009.57
2970	0.421813	-3161.5
2971	0.421969	-3209.34
2972	0.432681	-3360.39
2973	0.421203	-3195.83
2974	0.431175	-3347.79
2975	0.426866	-3298.73
2976	0.419941	-3169.78
2977	0.418024	-3140.78
2978	0.427815	-3276.21
2979	0.418846	-3162.94
2980	0.425899	-3286.43
2981	0.42113	-3174.18
2982	0.422404	-3187.33
2983	0.425795	-3257.84
2984	0.416629	-3106.75
2985	0.427101	-3309.68
2986	0.423296	-3219.1
2987	0.425307	-3275.65
2988	0.421688	-3180.36
2989	0.425234	-3219.81
2990	0.422769	-3225.48
2991	0.41626	-3128.96
2992	0.426588	-3244.59
2993	0.423007	-3216.69
2994	0.427024	-3285.18
2995	0.425766	-3260.69
2996	0.426639	-3295.64
2997	0.417328	-3120.13
2998	0.424312	-3270.16
2999	0.419522	-3137.84
