0	0.380613	-2643.99
1	0.41858	-3174.52
2	0.409772	-3018.23
3	0.413672	-3067.69
4	0.404431	-2916.22
5	0.408524	-3012.33
6	0.412084	-3067.28
7	0.408182	-2993.87
8	0.408745	-2995.92
9	0.415483	-3115.56
10	0.418157	-3105.25
11	0.425007	-3261.38
12	0.414553	-3064.54
13	0.414615	-3097.53
14	0.412033	-3028.98
15	0.419777	-3190.77
16	0.41024	-3033.19
17	0.40716	-2991.51
18	0.412338	-3065.36
19	0.405113	-2964
20	0.412431	-3062.46
21	0.411996	-3057.68
22	0.409722	-2993.51
23	0.415526	-3084.43
24	0.407403	-2947.04
25	0.41238	-3050.12
26	0.414215	-3093.76
27	0.41506	-3120.35
28	0.406187	-2979.47
29	0.409731	-3001.79
30	0.409363	-2992.17
31	0.411603	-3027.52
32	0.412882	-3056.36
33	0.414371	-3117.03
34	0.421865	-3186.4
35	0.408141	-3011.14
36	0.407142	-3034.53
37	0.414523	-3070.49
38	0.410879	-3037.36
39	0.414419	-3058.44
40	0.41252	-3054.3
41	0.410143	-3024.45
42	0.407892	-2953.17
43	0.411062	-3008.18
44	0.407876	-2976.93
45	0.41242	-3054.19
46	0.412984	-3062.81
47	0.415774	-3110.21
48	0.410243	-3045.51
49	0.404962	-2931.5
50	0.411724	-3081.93
51	0.413716	-3089.43
52	0.408099	-2945.25
53	0.407988	-3009.37
54	0.41655	-3150.81
55	0.412162	-3033.92
56	0.412579	-3045.58
57	0.418569	-3166.03
58	0.413664	-3036.98
59	0.411479	-3051.56
60	0.416406	-3157.75
61	0.416412	-3113.39
62	0.408724	-3003.12
63	0.414969	-3125.05
64	0.418719	-3150.68
65	0.419981	-3197.19
66	0.407936	-2986.04
67	0.421511	-3141.56
68	0.415639	-3124.08
69	0.416001	-3097.14
70	0.408397	-2992.31
71	0.41431	-3125.26
72	0.411094	-2993.12
73	0.406277	-2992.71
74	0.404308	-2943.17
75	0.404576	-2919.29
76	0.415793	-3120.62
77	0.413645	-3083.69
78	0.413336	-3072.32
79	0.413523	-3097.94
80	0.418391	-3180.14
81	0.416174	-3085.72
82	0.407423	-2979.43
83	0.409076	-3005.89
84	0.411569	-3049.32
85	0.418821	-3155.39
86	0.409715	-3007.26
87	0.411628	-3047.53
88	0.41688	-3164.54
89	0.421768	-3181.24
90	0.4103	-3068.07
91	0.407363	-3006.36
92	0.402328	-2910.66
93	0.401683	-2925.05
94	0.413131	-3055.69
95	0.410869	-3004.17
96	0.410426	-3046.86
97	0.400127	-2897.2
98	0.412018	-3049.47
99	0.413326	-3091.07
100	0.417474	-3166.72
101	0.414657	-3095.43
102	0.410309	-3012.11
103	0.4069	-2954.51
104	0.413726	-3047.01
105	0.415912	-3108.92
106	0.406918	-2979.68
107	0.409382	-3011.13
108	0.410721	-3029.08
109	0.413688	-3095.78
110	0.410624	-3027.5
111	0.410467	-3024.57
112	0.416995	-3140.02
113	0.416406	-3140.15
114	0.414157	-3077.11
115	0.409141	-3010.1
116	0.409675	-3016.74
117	0.415301	-3098.6
118	0.415577	-3116.35
119	0.410056	-2996.97
120	0.408316	-2978
121	0.407848	-3002.81
122	0.40372	-2914.46
123	0.406511	-2986.85
124	0.410226	-3051.46
125	0.415726	-3101.91
126	0.415799	-3122.75
127	0.417154	-3155.08
128	0.414392	-3119.16
129	0.409026	-3013.37
130	0.403955	-2920.08
131	0.407485	-2980.59
132	0.417546	-3104.06
133	0.409541	-3027.17
134	0.40866	-2989.01
135	0.40611	-2969.49
136	0.416436	-3093.1
137	0.41462	-3081.96
138	0.4106	-3038.42
139	0.412029	-3093.35
140	0.41089	-3052.05
141	0.415351	-3094.3
142	0.416569	-3092.02
143	0.414901	-3075.2
144	0.419177	-3127.4
145	0.408693	-3008.67
146	0.415406	-3095.72
147	0.414455	-3085.48
148	0.40562	-2939.48
149	0.411549	-3042.37
150	0.416681	-3145.89
151	0.413049	-3067.95
152	0.419106	-3163.83
153	0.409832	-3033
154	0.409119	-2984.79
155	0.408923	-3023.02
156	0.410187	-2985.66
157	0.411848	-3055.56
158	0.415568	-3151.87
159	0.410542	-3029.19
160	0.414136	-3077.6
161	0.411137	-3044.05
162	0.407627	-2953.23
163	0.415612	-3098.43
164	0.411416	-3035.46
165	0.407372	-3002.66
166	0.419674	-3193.57
167	0.409858	-3020.57
168	0.415935	-3118.52
169	0.410085	-2975.16
170	0.416706	-3139.19
171	0.408718	-3013.68
172	0.40866	-3023.77
173	0.413533	-3075.91
174	0.407764	-2925.85
175	0.417141	-3133.35
176	0.41148	-3038.83
177	0.40582	-2938.54
178	0.417769	-3142.53
179	0.417927	-3140.97
180	0.40973	-3017.25
181	0.423089	-3245.81
182	0.409101	-3025.48
183	0.416393	-3147.44
184	0.412175	-3095.74
185	0.41752	-3137.84
186	0.409799	-3026.97
187	0.417397	-3139.31
188	0.418726	-3160.16
189	0.401324	-2895.24
190	0.406823	-2976.43
191	0.420039	-3187.97
192	0.410594	-3041.07
193	0.414918	-3122.78
194	0.41674	-3132.13
195	0.411021	-3024.19
196	0.409022	-3006.66
197	0.41001	-3060.96
198	0.404847	-2944.22
199	0.415075	-3115.84
200	0.408618	-3057.69
201	0.415614	-3095.22
202	0.412178	-3069.16
203	0.412455	-3046.77
204	0.412768	-3044.34
205	0.412993	-3088.12
206	0.410145	-3057.91
207	0.414578	-3066.99
208	0.406627	-2968.68
209	0.411316	-3009.56
210	0.415911	-3068.75
211	0.407082	-3009.74
212	0.4127	-3058.41
213	0.415024	-3120.11
214	0.406603	-2955.64
215	0.418323	-3145.75
216	0.408619	-3021.82
217	0.412897	-3033.7
218	0.412898	-3058.15
219	0.419677	-3166.87
220	0.402221	-2902.62
221	0.407268	-2984.92
222	0.410963	-3003.52
223	0.410558	-3028.91
224	0.408937	-2993.14
225	0.406705	-2984.47
226	0.410807	-3012.3
227	0.413413	-3097.33
228	0.417882	-3131.91
229	0.408254	-3005.5
230	0.40782	-3002.23
231	0.405365	-2932.74
232	0.417896	-3175.35
233	0.407782	-2989.78
234	0.413953	-3086.48
235	0.420229	-3184.32
236	0.418015	-3142.06
237	0.412684	-3080.35
238	0.407662	-2966.87
239	0.402575	-2875.82
240	0.403896	-2955.45
241	0.415337	-3123.96
242	0.418244	-3135.59
243	0.412664	-3076.05
244	0.418502	-3186.28
245	0.412162	-3079.7
246	0.410054	-3003.74
247	0.405692	-2973.36
248	0.410692	-3041.93
249	0.414945	-3077.34
250	0.411926	-3045.48
251	0.416925	-3158.87
252	0.410646	-3079.31
253	0.413027	-3048.04
254	0.40878	-3006.58
255	0.401929	-2908.34
256	0.409988	-3013.52
257	0.41647	-3103.44
258	0.410717	-3042.9
259	0.420006	-3173.44
260	0.403632	-2939.95
261	0.407702	-2982.84
262	0.412033	-3060.84
263	0.414027	-3109.84
264	0.413421	-3052.55
265	0.418807	-3177.17
266	0.414727	-3100.93
267	0.405591	-2938.33
268	0.412656	-3034.71
269	0.415208	-3077.64
270	0.411077	-3045.86
271	0.415634	-3108.32
272	0.41455	-3084.21
273	0.418145	-3146.74
274	0.40052	-2904.08
275	0.413253	-3084.34
276	0.408492	-3008.58
277	0.409781	-2984.84
278	0.407835	-2972.72
279	0.407127	-2926.76
280	0.407825	-2985.07
281	0.408189	-3032.9
282	0.407217	-2957.38
283	0.397843	-2856.1
284	0.41681	-3099.13
285	0.405731	-2951.92
286	0.418657	-3194.05
287	0.413066	-3033.4
288	0.417388	-3139.04
289	0.398893	-2841.21
290	0.411886	-2997.11
291	0.415043	-3089.87
292	0.410129	-3041.2
293	0.412695	-3032
294	0.411085	-3027.12
295	0.413474	-3068.28
296	0.420873	-3154.81
297	0.414612	-3066.03
298	0.415676	-3094.61
299	0.419754	-3146.75
300	0.406757	-2954.66
301	0.412347	-3065.71
302	0.415611	-3123.12
303	0.41139	-3062.89
304	0.402585	-2908.96
305	0.405677	-2922.71
306	0.405607	-2948.53
307	0.425461	-3269.19
308	0.407986	-2945.05
309	0.414195	-3053.35
310	0.415973	-3155.42
311	0.414797	-3079.67
312	0.415469	-3116.68
313	0.410031	-3028.9
314	0.419817	-3175.11
315	0.410837	-3016.74
316	0.410351	-3012.13
317	0.409698	-3032.33
318	0.40428	-2918.74
319	0.413915	-3086.81
320	0.418706	-3197.08
321	0.41512	-3108.93
322	0.414229	-3067.74
323	0.413289	-3057.54
324	0.413137	-3080.14
325	0.417269	-3128.05
326	0.419968	-3158.62
327	0.416001	-3102.77
328	0.421186	-3173.85
329	0.408617	-3008.97
330	0.406965	-2976.28
331	0.408075	-3020.65
332	0.411067	-3077.29
333	0.411455	-3048.87
334	0.400316	-2915.75
335	0.41677	-3163.51
336	0.414585	-3091.95
337	0.406525	-2946.43
338	0.410167	-2999.11
339	0.412247	-3031.67
340	0.411323	-2999.17
341	0.405453	-2916.65
342	0.411518	-3044.78
343	0.418521	-3152.95
344	0.411399	-3007.16
345	0.407821	-2983.13
346	0.420068	-3238
347	0.408329	-2982.88
348	0.409806	-2989.4
349	0.409868	-3022.24
350	0.41496	-3141.18
351	0.408047	-2977.08
352	0.424865	-3208.09
353	0.413122	-3023.44
354	0.415889	-3095.22
355	0.410022	-3022.6
356	0.415272	-3107.8
357	0.414258	-3084.76
358	0.411643	-3020.47
359	0.410682	-3023.97
360	0.413151	-3069.29
361	0.416007	-3072.93
362	0.411228	-2980.87
363	0.401699	-2837.13
364	0.40569	-3012.63
365	0.412918	-3044.77
366	0.411554	-3042.41
367	0.418671	-3144.22
368	0.409837	-3044.08
369	0.41471	-3073.69
370	0.414097	-3095.64
371	0.41514	-3099.93
372	0.419645	-3212.58
373	0.418046	-3155.75
374	0.408444	-2974.11
375	0.404589	-2909.24
376	0.409328	-3045.2
377	0.413404	-3095.37
378	0.412754	-3057.56
379	0.41581	-3113.14
380	0.416024	-3121.51
381	0.409582	-2981.2
382	0.410336	-2996.32
383	0.411166	-3059.84
384	0.408933	-3006.34
385	0.409458	-3017.52
386	0.406715	-2987.02
387	0.41932	-3151.34
388	0.407425	-2950.48
389	0.406794	-2946.57
390	0.412635	-3064.96
391	0.409177	-2967.77
392	0.412702	-3077.53
393	0.412183	-3097.16
394	0.415845	-3098.52
395	0.40799	-2992.12
396	0.409773	-3016.27
397	0.421883	-3230.74
398	0.416715	-3159.19
399	0.41517	-3067.03
400	0.413288	-3098.33
401	0.411577	-3014.55
402	0.413067	-3019.19
403	0.405988	-2993.41
404	0.411253	-3065.06
405	0.405815	-2917.2
406	0.406001	-2957.02
407	0.41111	-3041.25
408	0.409644	-3031.55
409	0.407518	-2969.93
410	0.41214	-3085.87
411	0.413726	-3032.1
412	0.413406	-3059.17
413	0.416143	-3098.88
414	0.410317	-3011.96
415	0.40924	-2965.16
416	0.407515	-2971.28
417	0.410378	-3039.17
418	0.408328	-2960.11
419	0.413804	-3054.28
420	0.418206	-3120.85
421	0.400354	-2905.86
422	0.408485	-3007.93
423	0.419277	-3139.92
424	0.413071	-3044.38
425	0.412011	-3076.73
426	0.412724	-3098.37
427	0.409044	-2980.17
428	0.413426	-3046.22
429	0.418429	-3124.06
430	0.414054	-3113.39
431	0.414291	-3095.19
432	0.408507	-3013.19
433	0.403917	-2967.86
434	0.408659	-2983.33
435	0.409207	-3021.06
436	0.419865	-3153.23
437	0.415285	-3063.39
438	0.415274	-3097.83
439	0.409313	-3028.15
440	0.415499	-3098.31
441	0.415195	-3087.75
442	0.410473	-2999.52
443	0.413929	-3068.9
444	0.408031	-3032.19
445	0.419059	-3137.63
446	0.413699	-3106.62
447	0.415038	-3062.66
448	0.403129	-2917.47
449	0.413863	-3039.75
450	0.405947	-2962.23
451	0.414688	-3093.8
452	0.402877	-2925.65
453	0.416261	-3141.96
454	0.413685	-3071.56
455	0.39896	-2868.81
456	0.412913	-3058.93
457	0.408668	-2985.14
458	0.409749	-3006.68
459	0.41479	-3114.82
460	0.417197	-3184.99
461	0.41292	-3049.69
462	0.426417	-3296.91
463	0.404985	-2958.49
464	0.40326	-2955.42
465	0.411765	-3023.98
466	0.404191	-2933.58
467	0.410581	-3030.32
468	0.417564	-3195.02
469	0.404945	-2949.07
470	0.41118	-3038.23
471	0.406957	-2999.44
472	0.407051	-2979.41
473	0.42172	-3213.51
474	0.418047	-3113.36
475	0.411211	-3049.96
476	0.40878	-3023.01
477	0.410059	-3069.91
478	0.41953	-3179.76
479	0.412903	-3055.38
480	0.407904	-2970.06
481	0.411397	-3022.54
482	0.418366	-3155.85
483	0.410974	-3052.86
484	0.412187	-3053.37
485	0.417159	-3163.79
486	0.415082	-3083.18
487	0.410507	-3040.33
488	0.408563	-3002.67
489	0.411674	-3097.57
490	0.398315	-2830.88
491	0.409552	-3027.49
492	0.419852	-3172.66
493	0.407019	-2990.7
494	0.415713	-3100.27
495	0.409723	-3014.72
496	0.407876	-3001.2
497	0.415332	-3079.09
498	0.410332	-2999.45
499	0.411342	-3069.21
500	0.406528	-2991.2
501	0.402172	-2861.68
502	0.414795	-3092.11
503	0.410777	-3024.3
504	0.408921	-3008.7
505	0.408868	-2998.68
506	0.408103	-3011.73
507	0.415065	-3125.24
508	0.414784	-3066.85
509	0.408993	-3020.99
510	0.405826	-2975.21
511	0.405131	-2955.68
512	0.410438	-3027.98
513	0.412318	-3075.16
514	0.411613	-3054.15
515	0.414201	-3064.77
516	0.408666	-2994
517	0.414235	-3077.54
518	0.41113	-3040.19
519	0.410747	-3039.19
520	0.411793	-3026.63
521	0.410296	-2993.68
522	0.416296	-3110.78
523	0.413481	-3081.54
524	0.410065	-3023.47
525	0.414566	-3107.11
526	0.414942	-3119.73
527	0.416284	-3101.72
528	0.413058	-3074.74
529	0.405202	-2969.76
530	0.408571	-2978.52
531	0.415667	-3113.39
532	0.409648	-3011.97
533	0.407569	-2986.7
534	0.416044	-3092.84
535	0.417413	-3104.76
536	0.403657	-2935.04
537	0.413272	-3058.32
538	0.415071	-3079.17
539	0.420631	-3208.83
540	0.410161	-3026.09
541	0.410153	-3011.07
542	0.412317	-3027.59
543	0.410876	-3036.16
544	0.409609	-3024.54
545	0.406123	-2953.71
546	0.41473	-3113.13
547	0.407868	-2972.61
548	0.413102	-3109.05
549	0.410115	-3017.94
550	0.417629	-3122.12
551	0.405327	-2943.52
552	0.414274	-3038.39
553	0.404286	-2943.36
554	0.42327	-3194.06
555	0.414135	-3107.87
556	0.415073	-3115.47
557	0.404731	-2919
558	0.407644	-2991.86
559	0.407951	-3019.55
560	0.413328	-3058.45
561	0.411034	-3034.93
562	0.417955	-3096.39
563	0.407742	-2988.73
564	0.402053	-2875.88
565	0.413235	-3046.1
566	0.414091	-3066.07
567	0.411938	-3069.58
568	0.417018	-3151.72
569	0.412987	-3067.61
570	0.417745	-3109.63
571	0.41363	-3063.29
572	0.411927	-3000.52
573	0.414076	-3081.22
574	0.412489	-3029.91
575	0.412963	-3019.91
576	0.414181	-3052.68
577	0.411904	-3071.75
578	0.411643	-3060.82
579	0.414853	-3050.98
580	0.417109	-3105.63
581	0.405348	-2920.16
582	0.406877	-2952.67
583	0.415929	-3167.07
584	0.41092	-3008.27
585	0.406815	-2995.5
586	0.41463	-3091.06
587	0.415726	-3096.47
588	0.413835	-3067.85
589	0.416659	-3096.99
590	0.417554	-3129.38
591	0.403718	-2930.79
592	0.414717	-3090.39
593	0.419423	-3167.2
594	0.416703	-3154.7
595	0.417488	-3098.98
596	0.415482	-3089.08
597	0.403534	-2940.74
598	0.412551	-3074.22
599	0.411871	-3102.69
600	0.403793	-2952.02
601	0.413423	-3070.31
602	0.409533	-3049.19
603	0.405109	-2946.69
604	0.413101	-3085.87
605	0.416435	-3132.53
606	0.415787	-3115.18
607	0.417421	-3157.2
608	0.410368	-3035.58
609	0.407539	-2992.57
610	0.414477	-3058.81
611	0.40694	-2955.39
612	0.412548	-3072
613	0.425491	-3243.34
614	0.40656	-2968.39
615	0.410768	-3050.1
616	0.410225	-3019.33
617	0.407069	-2971.44
618	0.405501	-2958.23
619	0.405857	-2981.57
620	0.412268	-3064.95
621	0.413746	-3065.75
622	0.408708	-2967.04
623	0.41043	-3000.95
624	0.407223	-2981.77
625	0.40343	-2935.57
626	0.41372	-3057.99
627	0.416165	-3099.55
628	0.413022	-3091.78
629	0.411677	-3028.81
630	0.414137	-3082.14
631	0.409304	-3032.68
632	0.409951	-3023.88
633	0.416169	-3106.13
634	0.412362	-3046.95
635	0.406731	-2963.42
636	0.406328	-2958.31
637	0.41024	-3046.01
638	0.409919	-3044.77
639	0.409765	-3047.53
640	0.406337	-2982.53
641	0.415629	-3091.68
642	0.411267	-3041.82
643	0.405826	-2942.94
644	0.413949	-3076.44
645	0.409443	-3023.26
646	0.418054	-3165.28
647	0.411728	-3077.12
648	0.407892	-3004.46
649	0.417121	-3132.49
650	0.408856	-3006.23
651	0.407777	-2976.64
652	0.408776	-3003.99
653	0.408587	-2993.92
654	0.406802	-2972.26
655	0.418449	-3150.05
656	0.410522	-3031.12
657	0.415529	-3107.45
658	0.414579	-3115.51
659	0.413399	-3063.41
660	0.408156	-2987.6
661	0.411453	-3047.21
662	0.414931	-3106.73
663	0.405666	-2976.64
664	0.411176	-3046.7
665	0.412683	-3092.28
666	0.414701	-3088.35
667	0.413757	-3120.36
668	0.408877	-2999.85
669	0.407096	-2994.23
670	0.411383	-3007.52
671	0.404467	-2959.13
672	0.411991	-3058.55
673	0.415197	-3098.65
674	0.414888	-3121.47
675	0.420473	-3193.17
676	0.411459	-3077.01
677	0.407568	-3006.79
678	0.411366	-3032.29
679	0.407341	-2969.02
680	0.414242	-3094.77
681	0.411413	-3071.72
682	0.414842	-3080.07
683	0.409462	-3038.89
684	0.415521	-3101.01
685	0.419676	-3142.83
686	0.405211	-2954.93
687	0.408368	-3003.79
688	0.414017	-3024.31
689	0.411974	-3094.11
690	0.415012	-3090.19
691	0.418469	-3119.06
692	0.409718	-3029.29
693	0.405636	-2966.04
694	0.412304	-3023.32
695	0.416185	-3092.61
696	0.411905	-3054.9
697	0.41482	-3067.2
698	0.406244	-3002.22
699	0.421728	-3229.21
700	0.41225	-3102.23
701	0.413859	-3055.08
702	0.413349	-3068.81
703	0.411819	-3026.61
704	0.412026	-3029.37
705	0.40966	-3044.26
706	0.403945	-2930.31
707	0.412097	-3031.08
708	0.411812	-3055.01
709	0.415858	-3082.48
710	0.416478	-3092.46
711	0.405949	-2942.3
712	0.41025	-3010.95
713	0.412706	-3073.21
714	0.40706	-2953.87
715	0.409469	-2984.97
716	0.405604	-2944.69
717	0.409503	-3000.97
718	0.40167	-2926.12
719	0.409756	-3039.83
720	0.411754	-3076.43
721	0.417496	-3162.62
722	0.413722	-3052.34
723	0.4095	-3007.66
724	0.413424	-3075.21
725	0.407355	-2972.59
726	0.409212	-3023.9
727	0.410501	-3048.81
728	0.403233	-2959.71
729	0.412185	-3095.27
730	0.411404	-3023.71
731	0.423837	-3293.71
732	0.411367	-3023.67
733	0.409011	-2987.85
734	0.404363	-2945.3
735	0.413758	-3067.2
736	0.410446	-3020.51
737	0.40408	-2968.73
738	0.414811	-3051.67
739	0.406303	-2985.69
740	0.417115	-3134.47
741	0.407551	-2976.47
742	0.412088	-3087.11
743	0.410175	-2987.04
744	0.40762	-2995.19
745	0.407463	-2973.64
746	0.402046	-2879.74
747	0.414223	-3085.6
748	0.415004	-3124.75
749	0.403114	-2903.6
750	0.416073	-3099.42
751	0.410683	-2990.43
752	0.411419	-3056.44
753	0.409386	-2977
754	0.414269	-3074
755	0.404918	-2922.06
756	0.41084	-3056.1
757	0.413921	-3066.74
758	0.416037	-3152.87
759	0.409888	-3016.03
760	0.412884	-3067.11
761	0.404628	-2955.17
762	0.409541	-3002.53
763	0.412846	-3073.56
764	0.406651	-2973.52
765	0.408376	-2981.04
766	0.406116	-2960.99
767	0.412364	-3050.07
768	0.401205	-2881.58
769	0.409424	-3011.09
770	0.417862	-3138.32
771	0.410823	-3001.41
772	0.409691	-2980.27
773	0.41611	-3146.12
774	0.412253	-3019.11
775	0.409178	-2975.91
776	0.411537	-3067.61
777	0.414078	-3077.25
778	0.40721	-2959.73
779	0.407885	-2999.4
780	0.397091	-2841.76
781	0.414867	-3124.97
782	0.415821	-3136.59
783	0.412966	-3079.69
784	0.406688	-2995.3
785	0.413976	-3066.13
786	0.415126	-3099.64
787	0.405827	-2966.91
788	0.410629	-3035.8
789	0.409978	-3012.04
790	0.414047	-3111.98
791	0.411899	-3016.66
792	0.40953	-2997.57
793	0.404728	-2965.38
794	0.411005	-3022.2
795	0.4121	-3043.91
796	0.411997	-3065.98
797	0.415096	-3090.1
798	0.405505	-2979.18
799	0.408346	-2931.88
800	0.414963	-3051.24
801	0.413388	-3081.17
802	0.396271	-2828.78
803	0.408352	-3014.62
804	0.416754	-3130.03
805	0.415398	-3107.41
806	0.40636	-2932.91
807	0.415143	-3082.89
808	0.411916	-3015.72
809	0.412279	-3045.95
810	0.408835	-3028.41
811	0.413694	-3069.55
812	0.413287	-3075.32
813	0.41088	-3007.7
814	0.412037	-3055.07
815	0.406279	-2980.31
816	0.415106	-3075.83
817	0.411104	-3028.48
818	0.408946	-2982.38
819	0.416719	-3128.71
820	0.414186	-3092.55
821	0.412514	-3050.07
822	0.409471	-3035.41
823	0.41237	-3082.3
824	0.408876	-3008.62
825	0.415501	-3096.72
826	0.417536	-3119.51
827	0.416065	-3103.81
828	0.411418	-3047.48
829	0.41009	-3021.93
830	0.411463	-3043.72
831	0.42152	-3204.05
832	0.413056	-3060.53
833	0.40614	-2981.93
834	0.407362	-2977.94
835	0.418643	-3138.11
836	0.411655	-3057.75
837	0.407133	-2961.05
838	0.416118	-3080.61
839	0.410294	-3040.42
840	0.411907	-3096.88
841	0.407547	-2994.64
842	0.41312	-3044.36
843	0.41287	-3051.52
844	0.405562	-2947.65
845	0.411135	-3021.43
846	0.415546	-3069.14
847	0.416092	-3089.63
848	0.408314	-3012.73
849	0.407253	-2991.39
850	0.414915	-3066.65
851	0.414809	-3088.88
852	0.404203	-2927.89
853	0.410712	-3065.43
854	0.408092	-3018.67
855	0.412058	-3009.35
856	0.416123	-3110.24
857	0.411678	-3036.82
858	0.41746	-3109.74
859	0.407849	-3004.32
860	0.413163	-3095.96
861	0.422453	-3205.22
862	0.409188	-2996.18
863	0.421656	-3218.84
864	0.412893	-3080.1
865	0.412052	-3078.07
866	0.408325	-3010.91
867	0.409535	-3059.51
868	0.411069	-3023.14
869	0.412375	-3052.22
870	0.417428	-3156.83
871	0.405564	-2961.72
872	0.408866	-2993.68
873	0.41951	-3155.21
874	0.414084	-3082.25
875	0.411352	-3034.39
876	0.413517	-3027.96
877	0.415865	-3107.18
878	0.406734	-2988.44
879	0.40675	-2961
880	0.410931	-2972.04
881	0.417796	-3121.32
882	0.416618	-3061.35
883	0.415215	-3099.76
884	0.4195	-3151.41
885	0.415703	-3086.85
886	0.401893	-2891.58
887	0.412213	-3043.67
888	0.423963	-3205.23
889	0.414129	-3099.51
890	0.413325	-3053.44
891	0.411475	-3024.98
892	0.400566	-2900.66
893	0.40987	-3000.57
894	0.413508	-3088.3
895	0.402812	-2929.26
896	0.409324	-3027.34
897	0.405742	-2936.24
898	0.407207	-3007.35
899	0.415505	-3113.57
900	0.414672	-3091.59
901	0.41312	-3071.47
902	0.413312	-3085.96
903	0.412182	-3088.37
904	0.402108	-2899.12
905	0.408346	-2975.85
906	0.411309	-3043.19
907	0.416475	-3113.59
908	0.405202	-2936.65
909	0.411318	-3004.19
910	0.414085	-3092.9
911	0.412616	-3081.4
912	0.405147	-2958.5
913	0.409642	-2931.68
914	0.41802	-3145.86
915	0.413291	-3072.98
916	0.411885	-3040.84
917	0.416464	-3117.52
918	0.414072	-3068.49
919	0.412875	-3036.3
920	0.420824	-3195.4
921	0.408248	-2985.09
922	0.406666	-2968.89
923	0.409975	-2999.14
924	0.415276	-3112.29
925	0.412572	-3063.46
926	0.408918	-3047.46
927	0.409407	-3040.68
928	0.411888	-3069.05
929	0.411076	-3029.3
930	0.409953	-3028.82
931	0.413549	-3105.31
932	0.407817	-3004.99
933	0.413889	-3077.48
934	0.413946	-3062.27
935	0.416283	-3105.91
936	0.406808	-2987.53
937	0.414262	-3099.28
938	0.409319	-3018.38
939	0.411163	-3035.35
940	0.404539	-2928.29
941	0.413364	-3109.96
942	0.406095	-2939.4
943	0.417518	-3161.79
944	0.410617	-3026.13
945	0.416741	-3116.23
946	0.405299	-2972.77
947	0.408912	-2977.24
948	0.410961	-3035.33
949	0.400926	-2918.07
950	0.412498	-3061.17
951	0.411767	-3052.15
952	0.408088	-2995.57
953	0.410973	-3053.34
954	0.408137	-3005.63
955	0.404814	-2965.23
956	0.419251	-3131.72
957	0.403537	-2982.37
958	0.415673	-3132.55
959	0.410382	-3043.8
960	0.417196	-3207.81
961	0.40756	-2952.62
962	0.403682	-2949.68
963	0.405101	-2953.69
964	0.41655	-3122.84
965	0.413127	-3066.54
966	0.413532	-3070.99
967	0.41453	-3103.71
968	0.409913	-3023.18
969	0.410201	-3026.37
970	0.404774	-2953
971	0.416136	-3140.12
972	0.415993	-3101.99
973	0.409768	-2963.16
974	0.409024	-2995.97
975	0.409625	-3026.91
976	0.41393	-3090.22
977	0.412463	-3027.98
978	0.412515	-3038.48
979	0.40796	-2931.01
980	0.424987	-3261.62
981	0.418697	-3145
982	0.412046	-3066.59
983	0.412193	-3016.29
984	0.415023	-3099.65
985	0.405093	-2935.14
986	0.410959	-3018.55
987	0.409532	-2964.33
988	0.410363	-3032.58
989	0.404357	-2958.22
990	0.418123	-3115.2
991	0.419317	-3166.63
992	0.404293	-2951.15
993	0.41054	-3028.82
994	0.414958	-3073.59
995	0.402442	-2924.73
996	0.416931	-3089.24
997	0.412383	-3080.96
998	0.40437	-2969.24
999	0.407167	-3020.53
1000	0.409612	-3004.11
1001	0.410082	-2999.2
1002	0.402473	-2915.57
1003	0.41198	-3062.46
1004	0.410243	-3003.68
1005	0.410399	-2995.23
1006	0.416047	-3097.2
1007	0.41452	-3124.42
1008	0.407485	-3010.06
1009	0.412678	-3061.98
1010	0.411835	-3037.09
1011	0.411298	-3057.37
1012	0.408785	-2991.03
1013	0.415716	-3134.58
1014	0.416223	-3146.61
1015	0.414643	-3068.57
1016	0.409816	-3042.18
1017	0.407939	-3034.67
1018	0.416022	-3114.64
1019	0.411622	-3077.21
1020	0.412573	-3070.05
1021	0.407854	-2969.25
1022	0.414036	-3071.01
1023	0.412382	-3044.75
1024	0.41245	-3023.04
1025	0.415966	-3150.58
1026	0.408023	-2991.28
1027	0.411343	-3053.74
1028	0.407129	-2970.71
1029	0.415269	-3061.11
1030	0.412217	-3095.11
1031	0.412702	-3053.84
1032	0.413488	-3081.17
1033	0.411908	-3051.66
1034	0.416872	-3116.69
1035	0.410381	-3067.69
1036	0.405959	-2952.19
1037	0.409635	-2992.3
1038	0.411983	-3072.68
1039	0.417302	-3101.7
1040	0.417303	-3091.32
1041	0.418252	-3124.4
1042	0.415147	-3100.59
1043	0.405556	-2936.71
1044	0.409466	-2982.78
1045	0.414228	-3083.45
1046	0.402844	-2930.06
1047	0.403019	-2905.41
1048	0.41169	-3019.61
1049	0.41113	-3016.53
1050	0.413747	-3106.87
1051	0.417073	-3137.89
1052	0.409728	-3026.53
1053	0.416181	-3128.87
1054	0.411889	-3099.08
1055	0.416156	-3069.3
1056	0.408474	-2990.13
1057	0.405954	-2964.63
1058	0.405853	-2932.04
1059	0.415951	-3084.8
1060	0.415312	-3071.34
1061	0.419669	-3214.72
1062	0.414399	-3093.31
1063	0.410168	-3017.35
1064	0.411755	-3027.49
1065	0.406156	-2993.21
1066	0.411762	-3041.48
1067	0.40696	-2973.77
1068	0.414486	-3096.88
1069	0.416815	-3136.29
1070	0.407726	-2983.01
1071	0.412767	-3083.96
1072	0.415317	-3105.59
1073	0.411686	-3055.77
1074	0.408774	-2984.71
1075	0.415077	-3090.31
1076	0.409333	-3009.24
1077	0.408634	-3003.77
1078	0.408377	-3027.63
1079	0.416346	-3147.3
1080	0.412545	-3010.34
1081	0.417119	-3110.51
1082	0.412479	-3026.82
1083	0.408772	-2986.96
1084	0.409638	-3050.25
1085	0.408701	-3014.24
1086	0.409583	-2994.66
1087	0.419228	-3176.15
1088	0.411989	-3027.77
1089	0.41301	-3064.64
1090	0.407658	-2982.86
1091	0.410402	-3048.43
1092	0.411375	-3083.98
1093	0.414003	-3143.06
1094	0.412752	-3081.11
1095	0.406846	-2964.81
1096	0.408445	-2969.88
1097	0.411098	-3024.51
1098	0.414052	-3126.22
1099	0.410365	-3022.72
1100	0.410021	-2972.67
1101	0.407298	-2944.42
1102	0.419349	-3119.69
1103	0.412496	-3103.75
1104	0.413023	-3084.51
1105	0.410777	-3016.42
1106	0.410642	-3005
1107	0.409298	-2982.18
1108	0.424836	-3270.57
1109	0.415162	-3125.8
1110	0.41311	-3054.64
1111	0.412189	-3069.42
1112	0.410874	-3046.78
1113	0.407535	-2967.2
1114	0.412844	-3034.82
1115	0.417706	-3123
1116	0.405091	-2940.27
1117	0.405648	-2969.29
1118	0.4072	-3008.93
1119	0.411253	-3054.05
1120	0.419727	-3169.88
1121	0.414693	-3065.26
1122	0.420299	-3163.57
1123	0.415638	-3133.03
1124	0.411998	-3069.04
1125	0.415008	-3072.36
1126	0.407794	-3012.9
1127	0.41945	-3144.98
1128	0.417153	-3109.81
1129	0.412729	-3071.55
1130	0.413251	-3083.64
1131	0.405962	-2956.75
1132	0.410919	-3064.6
1133	0.414728	-3083.82
1134	0.414363	-3066.81
1135	0.410783	-3061.83
1136	0.41814	-3173.8
1137	0.410604	-3040.76
1138	0.408883	-2998.76
1139	0.410955	-3034.38
1140	0.416028	-3106.65
1141	0.412322	-3082.05
1142	0.421764	-3226.47
1143	0.412518	-3068.62
1144	0.412697	-3053.3
1145	0.408016	-2992.12
1146	0.416861	-3124.32
1147	0.402111	-2912.26
1148	0.409679	-3014.39
1149	0.414315	-3151.17
1150	0.413326	-3067.93
1151	0.415758	-3124.82
1152	0.414228	-3079.8
1153	0.413187	-3044.97
1154	0.411286	-3045.25
1155	0.413757	-3079.75
1156	0.409361	-3018.39
1157	0.407417	-3012.58
1158	0.412022	-3036.7
1159	0.416358	-3111.98
1160	0.408498	-2967.8
1161	0.415914	-3117.69
1162	0.412173	-3066.73
1163	0.421793	-3204.73
1164	0.411641	-3048.1
1165	0.413164	-3067.42
1166	0.409247	-3016.95
1167	0.419966	-3178.61
1168	0.416484	-3126.44
1169	0.413184	-3068.53
1170	0.415822	-3097.77
1171	0.414523	-3098.17
1172	0.413067	-3083.31
1173	0.406528	-2972.45
1174	0.409497	-3015.57
1175	0.404149	-2966.76
1176	0.410189	-3035.97
1177	0.410462	-3047.92
1178	0.413047	-3013.99
1179	0.415234	-3099.89
1180	0.411985	-3012.35
1181	0.411526	-3066.78
1182	0.408288	-2976.18
1183	0.414644	-3099.99
1184	0.408816	-2990.46
1185	0.413956	-3064.47
1186	0.414324	-3073.56
1187	0.417574	-3147.73
1188	0.413059	-3082.85
1189	0.410514	-3058.29
1190	0.406708	-2956.86
1191	0.415608	-3092.83
1192	0.416148	-3133.28
1193	0.406024	-2979.38
1194	0.412276	-3060.5
1195	0.415403	-3102.36
1196	0.410384	-3035.36
1197	0.414387	-3105.28
1198	0.407834	-2988.13
1199	0.410324	-3076.39
1200	0.409704	-3011.19
1201	0.405351	-2952.27
1202	0.408305	-3011.02
1203	0.416893	-3088.04
1204	0.413521	-3099.06
1205	0.420109	-3110.6
1206	0.417223	-3141.54
1207	0.420922	-3221.15
1208	0.407486	-3012.01
1209	0.405899	-2979.22
1210	0.418992	-3109.51
1211	0.412131	-3036.1
1212	0.414715	-3110.69
1213	0.414111	-3104.25
1214	0.420285	-3199.27
1215	0.419714	-3185.97
1216	0.410634	-3053.51
1217	0.415837	-3123.51
1218	0.406298	-2941.4
1219	0.409584	-3021.86
1220	0.410627	-3025.57
1221	0.414568	-3082.23
1222	0.41293	-3070.38
1223	0.413759	-3094.1
1224	0.400528	-2856.69
1225	0.416029	-3108.36
1226	0.419221	-3120.89
1227	0.412521	-3020.81
1228	0.412894	-3088.29
1229	0.413292	-3094.07
1230	0.410945	-3068.99
1231	0.409883	-3036.64
1232	0.415193	-3119.66
1233	0.413838	-3123.96
1234	0.408976	-3014.04
1235	0.412369	-3075.34
1236	0.412681	-3057.3
1237	0.419276	-3178.92
1238	0.412001	-3013.64
1239	0.410329	-3061.15
1240	0.416035	-3119.54
1241	0.416478	-3128.11
1242	0.413022	-3074.3
1243	0.411913	-3044.04
1244	0.407672	-2943.94
1245	0.404119	-2981.61
1246	0.41355	-3091.89
1247	0.410094	-3056.22
1248	0.408424	-3029.84
1249	0.416565	-3096.36
1250	0.408146	-2954.45
1251	0.412397	-3040.91
1252	0.406997	-3006.38
1253	0.411655	-3042.09
1254	0.414031	-3048.69
1255	0.414576	-3078.5
1256	0.415363	-3089.28
1257	0.414309	-3089.75
1258	0.416408	-3109.71
1259	0.412858	-3094.62
1260	0.413707	-3088.88
1261	0.409292	-3008.79
1262	0.414443	-3101.06
1263	0.410669	-3038.48
1264	0.410734	-3061.71
1265	0.406353	-2936.16
1266	0.409068	-2997.42
1267	0.416119	-3120.02
1268	0.403859	-2950.34
1269	0.414153	-3077.1
1270	0.410481	-3038.23
1271	0.410732	-3006.13
1272	0.410367	-3020.09
1273	0.411394	-3034.75
1274	0.421543	-3199.97
1275	0.410262	-3019.26
1276	0.41189	-3049.7
1277	0.412557	-3026.77
1278	0.415517	-3115.85
1279	0.412429	-3036.19
1280	0.411198	-3012
1281	0.413519	-3052.91
1282	0.399903	-2857.94
1283	0.410688	-3042.01
1284	0.422814	-3245.36
1285	0.416857	-3099.72
1286	0.41588	-3129.38
1287	0.41482	-3085.78
1288	0.413916	-3121.43
1289	0.400836	-2898.93
1290	0.412248	-3039.53
1291	0.41798	-3148.6
1292	0.407554	-2989.39
1293	0.410612	-3035.14
1294	0.40982	-3014.03
1295	0.410167	-3024.19
1296	0.410433	-3000.72
1297	0.410205	-3042.98
1298	0.405349	-2895.66
1299	0.404318	-2952.82
1300	0.426594	-3269.69
1301	0.410962	-3033.52
1302	0.413845	-3056.36
1303	0.407603	-2990.25
1304	0.413949	-3073.04
1305	0.415141	-3111.17
1306	0.413481	-3078.14
1307	0.416145	-3142.45
1308	0.409643	-3028.15
1309	0.411916	-3041.01
1310	0.415376	-3129.25
1311	0.410638	-3009.91
1312	0.415875	-3115.44
1313	0.41429	-3061.74
1314	0.409177	-3028.27
1315	0.401584	-2919.12
1316	0.414537	-3082.57
1317	0.401297	-2883.96
1318	0.408156	-2985.25
1319	0.417705	-3113.67
1320	0.405683	-2983.87
1321	0.402973	-2905.3
1322	0.414765	-3085.05
1323	0.410511	-3043.95
1324	0.414408	-3109.45
1325	0.404671	-2939.47
1326	0.413472	-3061.14
1327	0.409374	-3002.82
1328	0.410149	-3010.56
1329	0.410973	-3035.51
1330	0.410151	-3031.9
1331	0.419122	-3146.05
1332	0.406019	-2975.05
1333	0.414171	-3021.49
1334	0.407229	-2992.53
1335	0.411066	-3037.11
1336	0.413638	-3089.12
1337	0.405937	-2970.61
1338	0.414624	-3060.85
1339	0.418392	-3144.85
1340	0.414946	-3110.04
1341	0.411688	-3033.28
1342	0.422307	-3232.29
1343	0.410399	-3008.94
1344	0.413784	-3065.8
1345	0.41016	-3008.31
1346	0.419327	-3145.06
1347	0.41343	-3107.62
1348	0.406918	-3007.28
1349	0.412858	-3080.65
1350	0.40225	-2891.62
1351	0.408942	-3001.73
1352	0.411483	-3043.27
1353	0.40985	-2999.21
1354	0.412671	-3059.59
1355	0.408595	-2995.39
1356	0.404371	-2942.14
1357	0.413983	-3074.01
1358	0.412078	-3052.48
1359	0.409299	-3027.53
1360	0.412888	-3058.57
1361	0.4185	-3172.14
1362	0.407112	-2951.58
1363	0.409934	-3013.55
1364	0.407454	-3009.69
1365	0.410437	-3012.88
1366	0.412864	-3072.73
1367	0.411879	-3034.73
1368	0.417108	-3157.2
1369	0.4091	-2991.02
1370	0.412798	-3057.58
1371	0.415136	-3081.42
1372	0.418948	-3163.39
1373	0.41421	-3090.78
1374	0.421685	-3210.35
1375	0.414423	-3100.19
1376	0.405542	-2943.59
1377	0.411191	-3029.3
1378	0.405667	-2965.86
1379	0.413128	-3053.28
1380	0.410711	-3013.44
1381	0.4099	-3069.15
1382	0.405118	-2923.34
1383	0.407608	-3022.08
1384	0.407976	-2985.23
1385	0.403482	-2924.8
1386	0.412486	-3077.2
1387	0.414963	-3112.77
1388	0.410974	-2999.42
1389	0.41073	-3029.59
1390	0.408085	-2957.99
1391	0.410511	-3043.07
1392	0.403562	-2956.37
1393	0.412498	-3047.11
1394	0.412589	-3035.61
1395	0.406998	-2964.04
1396	0.409652	-2973.75
1397	0.414306	-3086.64
1398	0.413469	-3078.17
1399	0.40702	-2941.31
1400	0.412748	-3068.69
1401	0.414431	-3107.52
1402	0.411831	-3046.8
1403	0.416937	-3127.96
1404	0.407827	-3000.75
1405	0.409901	-3009.2
1406	0.41625	-3143.94
1407	0.414197	-3102.07
1408	0.417332	-3060.89
1409	0.419307	-3105.34
1410	0.407983	-3010.07
1411	0.408792	-3014.36
1412	0.417018	-3117.47
1413	0.41109	-3022.48
1414	0.414585	-3113.05
1415	0.416207	-3144.1
1416	0.41315	-3064.71
1417	0.413596	-3042.69
1418	0.416475	-3114.1
1419	0.415858	-3100.73
1420	0.403431	-2934.35
1421	0.406654	-3000.39
1422	0.415762	-3066.18
1423	0.415882	-3079.21
1424	0.410708	-3029.61
1425	0.409075	-3013.5
1426	0.421826	-3220.69
1427	0.409474	-3028.74
1428	0.410782	-3011.48
1429	0.409812	-3009.73
1430	0.417	-3105.03
1431	0.415472	-3120.77
1432	0.421792	-3179.52
1433	0.40521	-2937.39
1434	0.411263	-3042.51
1435	0.410752	-3030.46
1436	0.412684	-3019.19
1437	0.424131	-3223.8
1438	0.413589	-3066.86
1439	0.413407	-3067.05
1440	0.412783	-3066.36
1441	0.420006	-3149.53
1442	0.416693	-3111.15
1443	0.411798	-3043.26
1444	0.40462	-2948.23
1445	0.408182	-2995.33
1446	0.410323	-3046.87
1447	0.412001	-3050.39
1448	0.412178	-3051.71
1449	0.408654	-3009.01
1450	0.409353	-2989.85
1451	0.411386	-3061.08
1452	0.41317	-3052.95
1453	0.409206	-3052.44
1454	0.413241	-3046.8
1455	0.416338	-3142.58
1456	0.419538	-3118.28
1457	0.415004	-3086.55
1458	0.41512	-3046.34
1459	0.411925	-3051.4
1460	0.411308	-3017.43
1461	0.411566	-3081.88
1462	0.415226	-3135.76
1463	0.415398	-3104.3
1464	0.40661	-3014.55
1465	0.413723	-3077.87
1466	0.411317	-2991.22
1467	0.412842	-3090.4
1468	0.411512	-3038.43
1469	0.412899	-3046.5
1470	0.415409	-3098.32
1471	0.411281	-3089.57
1472	0.410805	-3059.45
1473	0.407663	-3016.07
1474	0.423522	-3188.2
1475	0.41558	-3118.55
1476	0.41083	-3000.67
1477	0.411093	-3050.93
1478	0.41924	-3177.41
1479	0.409632	-3008.95
1480	0.409253	-3013.43
1481	0.400239	-2881.45
1482	0.412289	-3056.13
1483	0.41578	-3114.94
1484	0.412244	-3053.28
1485	0.407781	-2993.05
1486	0.402959	-2862.86
1487	0.405911	-2973.1
1488	0.409171	-2998.57
1489	0.404226	-2909.59
1490	0.410297	-3024.93
1491	0.410634	-3040.34
1492	0.413258	-3083.23
1493	0.408031	-3020.13
1494	0.409825	-3062.31
1495	0.417183	-3147.1
1496	0.410542	-3015.16
1497	0.411037	-3071.93
1498	0.40728	-3016.93
1499	0.414305	-3082.39
1500	0.409602	-2995.51
1501	0.409704	-3000.47
1502	0.414179	-3059.06
1503	0.412469	-3092.09
1504	0.409863	-3033.14
1505	0.409543	-3003.39
1506	0.413461	-3075.12
1507	0.415031	-3089.82
1508	0.411443	-3105.11
1509	0.410866	-3098.72
1510	0.414938	-3094.81
1511	0.418684	-3130.93
1512	0.4128	-3074.02
1513	0.409737	-2979.15
1514	0.419455	-3173.87
1515	0.408103	-2993.76
1516	0.418669	-3170.8
1517	0.412107	-3051.01
1518	0.412914	-3037.11
1519	0.417842	-3150.75
1520	0.418763	-3167.78
1521	0.419715	-3170.43
1522	0.410202	-2996.63
1523	0.41117	-3035.94
1524	0.41408	-3078.47
1525	0.412877	-3063.49
1526	0.410341	-3078.09
1527	0.402923	-2951.19
1528	0.411357	-3000.98
1529	0.412313	-3039.67
1530	0.414404	-3125.19
1531	0.41409	-3074.83
1532	0.414981	-3068.93
1533	0.409324	-3011.23
1534	0.408367	-3023.44
1535	0.418227	-3137.81
1536	0.409198	-2982.83
1537	0.402935	-2925.17
1538	0.40937	-2974.08
1539	0.416598	-3145.71
1540	0.412726	-3079.09
1541	0.416669	-3119.68
1542	0.413474	-3085.55
1543	0.405757	-3011.39
1544	0.414999	-3095.11
1545	0.405025	-2938.24
1546	0.414737	-3077.48
1547	0.405679	-3000.02
1548	0.41381	-3075.3
1549	0.411983	-3071.3
1550	0.412336	-3055.72
1551	0.413916	-3072.48
1552	0.407816	-3027.78
1553	0.414048	-3076.7
1554	0.406579	-2955.34
1555	0.417447	-3101.03
1556	0.410324	-3029.85
1557	0.414098	-3019.82
1558	0.408005	-3001.18
1559	0.416553	-3116.72
1560	0.409601	-3007.65
1561	0.417076	-3137.36
1562	0.408081	-2997.42
1563	0.415505	-3136.17
1564	0.417337	-3120.86
1565	0.419195	-3163.9
1566	0.412119	-3018.86
1567	0.413955	-3070.99
1568	0.414376	-3091.75
1569	0.416152	-3091.67
1570	0.413031	-3071.59
1571	0.41105	-3027.01
1572	0.400115	-2893.13
1573	0.41208	-3049.39
1574	0.408424	-3006.94
1575	0.417093	-3151.86
1576	0.407527	-2987.92
1577	0.408816	-2998.08
1578	0.410809	-2985.54
1579	0.408325	-2968.98
1580	0.414975	-3091.22
1581	0.413347	-3077.83
1582	0.403035	-2950.21
1583	0.40495	-2955.22
1584	0.418151	-3123.28
1585	0.410321	-3040.29
1586	0.418603	-3159.67
1587	0.410965	-3046.29
1588	0.408451	-2972.96
1589	0.409338	-3023.01
1590	0.407835	-2939.34
1591	0.41217	-3059.5
1592	0.424792	-3274.18
1593	0.412402	-3054.51
1594	0.406745	-2961.95
1595	0.411552	-3036.52
1596	0.407115	-2954.77
1597	0.416879	-3113.56
1598	0.412401	-3098.75
1599	0.407036	-2967.6
1600	0.418149	-3144.34
1601	0.408771	-3033.95
1602	0.411604	-3016.39
1603	0.407047	-3034.43
1604	0.411686	-3084.54
1605	0.411857	-3078.01
1606	0.408792	-3002.87
1607	0.413515	-3077.79
1608	0.410764	-3036.58
1609	0.414401	-3068.06
1610	0.411544	-3057.31
1611	0.412424	-3040.43
1612	0.410717	-3076.3
1613	0.406784	-2992.22
1614	0.420736	-3206.45
1615	0.411787	-3045.51
1616	0.406709	-2976.5
1617	0.410642	-3065.39
1618	0.408599	-2972.86
1619	0.41067	-3036.93
1620	0.41687	-3107.04
1621	0.412	-3037.15
1622	0.417804	-3127.1
1623	0.410814	-3015.35
1624	0.411721	-3072.41
1625	0.403579	-2936.75
1626	0.408031	-2963.75
1627	0.411298	-3034.03
1628	0.418735	-3178.86
1629	0.407877	-2966.29
1630	0.410689	-3027
1631	0.411783	-3086.66
1632	0.420494	-3170.52
1633	0.414197	-3074.45
1634	0.419182	-3139.39
1635	0.412476	-3075.28
1636	0.408806	-2987.56
1637	0.417575	-3133.3
1638	0.405291	-2962.82
1639	0.413275	-3068.25
1640	0.405764	-2938.4
1641	0.410145	-3045.63
1642	0.419417	-3146.03
1643	0.414023	-3079.69
1644	0.407019	-2946.09
1645	0.414236	-3092.57
1646	0.414635	-3071.28
1647	0.42011	-3186.56
1648	0.406116	-2975.75
1649	0.41821	-3160.01
1650	0.407205	-3006.25
1651	0.409412	-2987.77
1652	0.416903	-3116.48
1653	0.411264	-3028.79
1654	0.409842	-2990.13
1655	0.400509	-2891.25
1656	0.410055	-3009.69
1657	0.417356	-3125.39
1658	0.40977	-3007.91
1659	0.410558	-3024.11
1660	0.423446	-3247.23
1661	0.408409	-3016.38
1662	0.405262	-2943.77
1663	0.408864	-3036.73
1664	0.420543	-3212.3
1665	0.413211	-3101.02
1666	0.420762	-3211.12
1667	0.424124	-3262.18
1668	0.4039	-2907.15
1669	0.416135	-3109.39
1670	0.413636	-3083.69
1671	0.403312	-2949.43
1672	0.410675	-3046.9
1673	0.409087	-3036.59
1674	0.413856	-3087.31
1675	0.416776	-3135.71
1676	0.407947	-3016.56
1677	0.417482	-3118.93
1678	0.410832	-3049.82
1679	0.421312	-3209.74
1680	0.416228	-3060.65
1681	0.409673	-3038.34
1682	0.414229	-3080.48
1683	0.409652	-3025.92
1684	0.412903	-3048.08
1685	0.416868	-3121.03
1686	0.415353	-3116.17
1687	0.416086	-3108.13
1688	0.399919	-2863.82
1689	0.410584	-3024.51
1690	0.420659	-3194.48
1691	0.403529	-2918.71
1692	0.407564	-2946.27
1693	0.411664	-3021.31
1694	0.411481	-3056.42
1695	0.410189	-3022.61
1696	0.411437	-3062.79
1697	0.418455	-3135.19
1698	0.411233	-3034.95
1699	0.419401	-3170.91
1700	0.405741	-2966.33
1701	0.411054	-3072.3
1702	0.412095	-3073.1
1703	0.408888	-2981.19
1704	0.422431	-3210.7
1705	0.411207	-3035.9
1706	0.412632	-3074.83
1707	0.407162	-2968.33
1708	0.413692	-3102.99
1709	0.413322	-3104.38
1710	0.40619	-2981.22
1711	0.410999	-3027.98
1712	0.404592	-2950.12
1713	0.412111	-3051.64
1714	0.414785	-3119.93
1715	0.40688	-2997.52
1716	0.410426	-3041.06
1717	0.413797	-3074.04
1718	0.411025	-3032.1
1719	0.40806	-3005.28
1720	0.417639	-3117.19
1721	0.418022	-3167.47
1722	0.408812	-3011.9
1723	0.417001	-3131.16
1724	0.41211	-3056.23
1725	0.406672	-2960.78
1726	0.408374	-3013.5
1727	0.402834	-2914.66
1728	0.409661	-3030.98
1729	0.411056	-3037.77
1730	0.415204	-3082.12
1731	0.417585	-3139.09
1732	0.410172	-3038.53
1733	0.413158	-3071.4
1734	0.411708	-3031.53
1735	0.399431	-2892.37
1736	0.421529	-3169.61
1737	0.414341	-3060.06
1738	0.417826	-3141.38
1739	0.410847	-3070.52
1740	0.412269	-3077.37
1741	0.414264	-3108.97
1742	0.414641	-3073.6
1743	0.406522	-2963.18
1744	0.409811	-3015.44
1745	0.403923	-2936.32
1746	0.412107	-3068.39
1747	0.40541	-2986.91
1748	0.408504	-3012.73
1749	0.40709	-2961.59
1750	0.403484	-2916.62
1751	0.409695	-3019.3
1752	0.408583	-2999.67
1753	0.414357	-3088.82
1754	0.409903	-2991.97
1755	0.41496	-3089.04
1756	0.414064	-3072.24
1757	0.42165	-3183.71
1758	0.4158	-3078.26
1759	0.411853	-3026.75
1760	0.417931	-3202.1
1761	0.407894	-2960.29
1762	0.409	-3017.36
1763	0.410376	-3020.02
1764	0.411239	-3032.45
1765	0.414694	-3093.27
1766	0.408343	-2970.41
1767	0.410167	-2993.8
1768	0.416068	-3074.18
1769	0.411145	-3057.49
1770	0.4104	-3012.9
1771	0.409525	-3017.91
1772	0.417636	-3128.26
1773	0.416324	-3091.88
1774	0.405903	-2976.68
1775	0.403711	-2914.75
1776	0.404538	-2951.25
1777	0.410165	-3024.61
1778	0.40982	-2976.78
1779	0.406869	-2980.71
1780	0.41502	-3103.81
1781	0.411619	-3020.64
1782	0.414736	-3133.48
1783	0.40916	-3015.39
1784	0.407398	-2991.59
1785	0.411816	-3043.39
1786	0.410417	-3012.2
1787	0.411357	-3035.52
1788	0.411672	-3034.42
1789	0.417897	-3159.43
1790	0.41385	-3103.92
1791	0.409132	-3008.78
1792	0.412589	-3110.83
1793	0.414546	-3055.47
1794	0.412782	-3100.43
1795	0.413276	-3033.86
1796	0.408281	-3014.48
1797	0.407095	-2974.77
1798	0.40703	-2995.88
1799	0.424869	-3244.66
1800	0.410507	-3014.76
1801	0.4065	-2952.66
1802	0.402277	-2878.74
1803	0.419143	-3144.04
1804	0.410942	-3022.61
1805	0.414596	-3095.28
1806	0.414935	-3128.28
1807	0.40896	-2993.31
1808	0.413332	-3094.21
1809	0.408956	-3025.69
1810	0.410175	-3036.31
1811	0.414261	-3095.25
1812	0.404897	-2913.01
1813	0.403236	-2880.56
1814	0.411809	-3059.98
1815	0.418457	-3162.48
1816	0.412476	-3047.68
1817	0.415246	-3089.26
1818	0.417561	-3112.94
1819	0.408106	-2975.03
1820	0.405193	-2964.98
1821	0.40971	-3041.69
1822	0.420666	-3253.75
1823	0.404764	-2926.53
1824	0.406813	-3003.58
1825	0.413943	-3104.54
1826	0.408482	-2976.93
1827	0.404027	-2967.61
1828	0.41212	-3024.57
1829	0.414708	-3047.41
1830	0.41513	-3096.18
1831	0.406434	-2971.76
1832	0.410322	-3056.97
1833	0.409965	-3042.6
1834	0.418681	-3163.35
1835	0.403981	-2930.4
1836	0.405209	-2953.77
1837	0.40581	-2949.56
1838	0.411694	-3044.17
1839	0.403864	-2931.87
1840	0.419134	-3184.29
1841	0.411613	-3049.87
1842	0.410615	-3045.03
1843	0.409502	-2974.5
1844	0.414399	-3085.55
1845	0.408942	-2992.79
1846	0.41265	-3053.89
1847	0.412321	-3062.71
1848	0.412426	-3086.46
1849	0.408416	-3049.06
1850	0.409837	-2997.91
1851	0.408141	-2972.31
1852	0.408184	-2959.57
1853	0.40863	-2988.88
1854	0.411936	-3059.61
1855	0.408874	-2949.71
1856	0.406206	-2988.1
1857	0.415626	-3070.42
1858	0.410958	-3068.57
1859	0.405745	-2965.55
1860	0.4115	-3049.47
1861	0.408437	-3012.92
1862	0.409323	-2992.06
1863	0.42117	-3196.41
1864	0.410401	-3059.13
1865	0.408696	-3054.73
1866	0.413682	-3066.78
1867	0.402647	-2899.64
1868	0.411943	-3073.55
1869	0.409442	-3028.43
1870	0.414486	-3075.79
1871	0.411281	-3069.77
1872	0.40986	-2996.7
1873	0.406721	-2951.17
1874	0.4063	-2965.61
1875	0.413158	-3045.02
1876	0.404395	-2920.63
1877	0.411089	-2969.89
1878	0.408696	-2983.37
1879	0.412745	-3060.08
1880	0.405606	-2939.57
1881	0.41133	-3081.85
1882	0.41359	-3089.79
1883	0.411417	-3070.75
1884	0.410343	-3027.36
1885	0.412263	-3069.05
1886	0.411196	-3042.54
1887	0.407563	-3000.68
1888	0.403578	-2918.36
1889	0.405227	-2962.48
1890	0.411654	-3051.63
1891	0.40905	-3021.88
1892	0.410486	-3038.33
1893	0.411367	-3056.17
1894	0.415397	-3061.06
1895	0.419453	-3144.58
1896	0.41253	-3024.47
1897	0.407824	-2967.83
1898	0.405989	-2954.36
1899	0.409056	-3031.13
1900	0.41068	-3077.22
1901	0.410733	-3074.78
1902	0.415632	-3085.6
1903	0.404354	-2936.84
1904	0.405753	-2989.34
1905	0.412225	-3056.82
1906	0.400822	-2930.53
1907	0.414165	-3079.81
1908	0.422257	-3194.31
1909	0.413717	-3115.05
1910	0.41686	-3162.61
1911	0.412695	-3066.87
1912	0.408643	-2996.87
1913	0.40818	-2967.66
1914	0.416349	-3139.37
1915	0.404798	-2946.88
1916	0.407151	-2966.87
1917	0.412133	-3058.28
1918	0.405008	-2950.46
1919	0.408047	-2979.38
1920	0.41225	-3081.8
1921	0.406815	-2929.88
1922	0.41402	-3094.13
1923	0.404385	-2912.32
1924	0.405774	-3000.23
1925	0.409574	-2999.64
1926	0.416979	-3155.14
1927	0.408642	-3025.51
1928	0.400068	-2900.55
1929	0.414685	-3086.61
1930	0.413188	-3066.35
1931	0.411789	-3070.22
1932	0.412992	-3087.83
1933	0.414549	-3086.58
1934	0.414977	-3051.28
1935	0.424162	-3203.33
1936	0.408765	-3023.83
1937	0.414752	-3104.57
1938	0.406029	-2957.72
1939	0.416928	-3120.9
1940	0.411731	-3043.29
1941	0.407172	-2988.9
1942	0.410622	-3056.13
1943	0.410593	-3042.85
1944	0.413529	-3079.46
1945	0.420755	-3182.77
1946	0.406575	-2956.42
1947	0.409025	-3033.52
1948	0.420469	-3142.14
1949	0.411683	-3033.76
1950	0.416937	-3107.26
1951	0.407277	-2996.21
1952	0.410259	-3006.04
1953	0.409078	-3015.85
1954	0.412425	-3051.5
1955	0.409217	-3009.93
1956	0.407333	-2972.59
1957	0.408917	-2967.3
1958	0.410684	-3054.16
1959	0.42032	-3122.21
1960	0.40791	-2994.81
1961	0.41993	-3140.15
1962	0.419131	-3181.82
1963	0.413297	-3056.37
1964	0.417386	-3167.93
1965	0.407962	-2984.36
1966	0.420496	-3163.36
1967	0.416408	-3125.89
1968	0.418344	-3123.68
1969	0.40763	-3019.28
1970	0.414174	-3072.19
1971	0.415199	-3064.74
1972	0.408031	-3007.08
1973	0.412632	-3037.37
1974	0.411798	-3078.68
1975	0.411582	-3029.63
1976	0.41803	-3141.83
1977	0.40963	-3025.72
1978	0.417834	-3141.58
1979	0.41009	-3006.24
1980	0.413125	-3112.46
1981	0.407915	-3010.42
1982	0.419957	-3126.06
1983	0.418599	-3087.14
1984	0.411674	-3042.61
1985	0.408705	-3001.7
1986	0.4148	-3059.31
1987	0.417065	-3117.08
1988	0.412252	-3037.02
1989	0.412633	-3053.59
1990	0.41065	-3019.64
1991	0.407927	-3012.89
1992	0.419529	-3140.25
1993	0.406337	-2939.19
1994	0.410616	-3022.5
1995	0.40653	-2980.16
1996	0.408026	-2994.21
1997	0.413542	-3085.05
1998	0.41203	-3042.47
1999	0.417641	-3129.35
2000	0.410812	-3003.05
2001	0.415211	-3094.72
2002	0.416312	-3103.09
2003	0.411491	-3063.31
2004	0.412615	-3066.49
2005	0.408206	-3004.79
2006	0.411339	-3023.22
2007	0.409373	-2996.74
2008	0.404631	-2948.89
2009	0.40629	-2971.2
2010	0.410103	-3042.74
2011	0.408159	-3010.22
2012	0.407439	-2973.54
2013	0.414881	-3080.13
2014	0.412215	-3060.93
2015	0.411548	-3043.5
2016	0.406349	-3000.89
2017	0.412605	-3025.56
2018	0.416561	-3088.87
2019	0.410371	-3001.24
2020	0.41135	-3033.48
2021	0.405074	-2966.08
2022	0.419382	-3151.32
2023	0.414214	-3105.83
2024	0.412212	-3065.2
2025	0.417577	-3177.15
2026	0.411594	-3019.02
2027	0.420852	-3182.19
2028	0.406269	-2987.55
2029	0.408421	-3071.04
2030	0.422407	-3159.41
2031	0.408852	-3000.58
2032	0.408647	-3001.22
2033	0.409752	-3008.37
2034	0.408384	-3000.15
2035	0.409162	-3033.79
2036	0.411267	-3073.07
2037	0.413499	-3066.73
2038	0.41343	-3026.7
2039	0.409482	-3065.32
2040	0.411772	-3048.44
2041	0.406207	-2912.46
2042	0.40287	-2932.08
2043	0.409643	-3044.21
2044	0.410344	-3003.56
2045	0.41016	-3030.24
2046	0.408832	-3039.76
2047	0.414147	-3081.23
2048	0.406657	-2947.46
2049	0.410652	-3036.16
2050	0.407241	-2990.02
2051	0.409329	-3047.14
2052	0.412544	-3052.61
2053	0.412639	-3042.17
2054	0.414383	-3075.5
2055	0.422024	-3208.31
2056	0.411089	-3034.61
2057	0.414603	-3050.11
2058	0.415895	-3138.19
2059	0.40756	-2992.64
2060	0.410345	-3016.27
2061	0.407533	-2979.71
2062	0.418415	-3152.99
2063	0.407116	-2979.96
2064	0.406343	-2977.65
2065	0.405809	-2972.79
2066	0.406999	-2973.59
2067	0.412748	-3017.91
2068	0.412328	-3014.27
2069	0.395733	-2793.1
2070	0.401821	-2881.01
2071	0.410432	-3059.21
2072	0.415944	-3103.9
2073	0.409761	-2986.08
2074	0.412845	-3049.35
2075	0.407473	-2984.39
2076	0.412805	-3046.05
2077	0.417239	-3110.42
2078	0.407008	-2946.63
2079	0.414445	-3031.49
2080	0.41543	-3137.07
2081	0.411434	-3015.52
2082	0.407394	-2962.26
2083	0.413225	-3120.29
2084	0.414798	-3109.97
2085	0.414255	-3092.8
2086	0.409603	-2999.43
2087	0.41483	-3082.43
2088	0.41976	-3164.48
2089	0.411656	-3035.98
2090	0.403544	-2891.04
2091	0.409283	-3051.33
2092	0.408529	-3002.67
2093	0.408674	-2986.74
2094	0.407507	-2944.19
2095	0.415718	-3085.81
2096	0.419278	-3159.29
2097	0.415032	-3080.32
2098	0.406802	-2958.66
2099	0.413776	-3081.85
2100	0.409603	-3038.79
2101	0.40899	-3014.3
2102	0.418631	-3157.59
2103	0.411236	-3015.23
2104	0.415348	-3123.38
2105	0.411767	-3025.77
2106	0.402903	-2939.19
2107	0.413336	-3074.17
2108	0.412771	-3040.97
2109	0.409318	-3024.79
2110	0.420231	-3162.24
2111	0.410346	-3024.38
2112	0.4066	-2953.4
2113	0.414412	-3081.19
2114	0.414758	-3093.78
2115	0.41008	-3008.09
2116	0.410434	-2997.09
2117	0.409391	-3021.96
2118	0.406867	-2972.18
2119	0.416634	-3165.73
2120	0.410964	-3045.61
2121	0.411742	-3048.23
2122	0.412816	-3033
2123	0.405376	-2966.5
2124	0.414948	-3108.7
2125	0.411431	-3069.77
2126	0.415261	-3095.61
2127	0.409102	-3040.26
2128	0.415801	-3093.57
2129	0.405602	-2969.39
2130	0.416943	-3117.6
2131	0.40696	-2933.03
2132	0.41556	-3157.92
2133	0.406094	-2945.56
2134	0.415931	-3132.12
2135	0.409359	-2984.55
2136	0.405594	-2949.03
2137	0.408336	-2987.43
2138	0.412725	-3075.04
2139	0.42091	-3185.67
2140	0.414387	-3036.65
2141	0.412181	-3002.15
2142	0.413401	-3044.2
2143	0.402329	-2920.66
2144	0.412614	-3033.8
2145	0.411586	-3068.75
2146	0.41026	-3047.65
2147	0.416869	-3110.67
2148	0.414438	-3110.08
2149	0.409612	-2998.86
2150	0.410415	-3046.56
2151	0.414045	-3092.27
2152	0.414585	-3097.54
2153	0.411168	-3049.61
2154	0.404598	-2945.96
2155	0.411123	-3021
2156	0.412334	-3080.82
2157	0.415993	-3069.77
2158	0.4186	-3104
2159	0.409236	-3047.82
2160	0.415098	-3090.03
2161	0.405801	-2995.31
2162	0.411928	-3106.78
2163	0.417364	-3106.85
2164	0.410817	-3032.5
2165	0.409403	-3047.33
2166	0.414782	-3092.94
2167	0.410556	-3037.13
2168	0.408527	-2975.84
2169	0.410578	-3049.77
2170	0.41154	-3038.95
2171	0.413443	-3036.32
2172	0.412322	-3038.81
2173	0.40957	-3014.55
2174	0.413247	-3141.17
2175	0.409507	-3013.25
2176	0.408571	-3013.87
2177	0.416599	-3063.06
2178	0.409844	-2999.55
2179	0.408123	-2999.71
2180	0.408659	-3016.21
2181	0.414875	-3105.59
2182	0.416949	-3163.39
2183	0.413429	-3097.32
2184	0.417106	-3146.85
2185	0.412726	-3081.62
2186	0.407688	-2973.22
2187	0.417149	-3192.93
2188	0.407104	-2961.9
2189	0.401024	-2905.04
2190	0.413181	-3079.03
2191	0.41092	-3056.09
2192	0.419699	-3173.8
2193	0.408778	-2981.63
2194	0.416356	-3123.4
2195	0.408438	-3019.93
2196	0.414213	-3102.46
2197	0.410316	-2987.33
2198	0.406204	-2934.17
2199	0.409274	-2989.95
2200	0.418089	-3113.8
2201	0.405094	-2958.89
2202	0.411536	-3044.56
2203	0.40638	-2934.32
2204	0.419323	-3163.99
2205	0.409614	-3019.94
2206	0.410062	-3035.96
2207	0.417852	-3156.02
2208	0.412675	-3056.08
2209	0.411586	-3064.46
2210	0.409299	-2991.28
2211	0.408561	-3051.14
2212	0.411673	-3034.66
2213	0.406923	-2957.08
2214	0.418298	-3142.84
2215	0.417264	-3104.24
2216	0.415364	-3108.74
2217	0.417008	-3104.48
2218	0.409879	-2987.6
2219	0.417788	-3126.44
2220	0.414117	-3134.94
2221	0.411455	-3029.75
2222	0.410216	-3038.75
2223	0.412635	-3060.86
2224	0.409412	-2977.95
2225	0.414023	-3065.42
2226	0.407465	-2989
2227	0.407594	-2993.41
2228	0.42086	-3166.14
2229	0.412734	-3025.86
2230	0.406409	-2954.26
2231	0.412236	-3033.8
2232	0.411701	-3052.19
2233	0.407192	-2982.71
2234	0.410265	-2988.91
2235	0.417235	-3126.64
2236	0.409397	-3000.24
2237	0.410382	-3007.47
2238	0.41452	-3079.08
2239	0.419844	-3141.53
2240	0.413463	-3103.44
2241	0.413654	-3082.82
2242	0.410304	-3032.84
2243	0.414372	-3129.27
2244	0.422835	-3198.89
2245	0.412963	-3059.11
2246	0.412921	-3033.89
2247	0.40707	-2989.35
2248	0.406076	-2926.31
2249	0.409973	-3040.25
2250	0.403141	-2949.01
2251	0.413571	-3092.69
2252	0.410728	-3037.9
2253	0.409882	-3059.42
2254	0.410301	-3070.53
2255	0.411707	-3030.31
2256	0.403397	-2940.29
2257	0.411107	-3099.57
2258	0.415524	-3094.71
2259	0.411809	-3065.67
2260	0.41545	-3045.47
2261	0.412676	-3056.03
2262	0.419954	-3128.4
2263	0.415956	-3102.14
2264	0.416021	-3065.21
2265	0.410694	-3042.91
2266	0.410308	-3043.31
2267	0.41305	-3039.59
2268	0.419	-3174.99
2269	0.412547	-3079.15
2270	0.409976	-3049.6
2271	0.418562	-3158.64
2272	0.403241	-2913.49
2273	0.4129	-3057.27
2274	0.406982	-2974.99
2275	0.410492	-3005.04
2276	0.413037	-3053.55
2277	0.415429	-3072.99
2278	0.405457	-2929.68
2279	0.41644	-3074.06
2280	0.416182	-3082.46
2281	0.415889	-3094.24
2282	0.417592	-3137.32
2283	0.419964	-3145.37
2284	0.406197	-2963.88
2285	0.407108	-3003.4
2286	0.403727	-2911.76
2287	0.406129	-3024.26
2288	0.413682	-3085.9
2289	0.413339	-3043.83
2290	0.412667	-3037.32
2291	0.408019	-2968.13
2292	0.416834	-3082.1
2293	0.412728	-3045.88
2294	0.404438	-2963.11
2295	0.408856	-3022.4
2296	0.411021	-3037.15
2297	0.409052	-3008.11
2298	0.411185	-3034.91
2299	0.423141	-3207.51
2300	0.415156	-3111.57
2301	0.415669	-3098.91
2302	0.411788	-3036.58
2303	0.417037	-3118.14
2304	0.414668	-3085
2305	0.411231	-3046.61
2306	0.421403	-3149.57
2307	0.412583	-3051.69
2308	0.40168	-2923.55
2309	0.411448	-3035.26
2310	0.416885	-3139.3
2311	0.416949	-3112.69
2312	0.405883	-2969.38
2313	0.406015	-2989.74
2314	0.407816	-3015.72
2315	0.404173	-2937.47
2316	0.407101	-2989.67
2317	0.412559	-3043.65
2318	0.408033	-2954.6
2319	0.408961	-3003.09
2320	0.408897	-3007.16
2321	0.404115	-2912.11
2322	0.40406	-2905.03
2323	0.412862	-3061.73
2324	0.417656	-3140.66
2325	0.401071	-2880.46
2326	0.417262	-3117
2327	0.410512	-3055.16
2328	0.418326	-3138.12
2329	0.403781	-2931.67
2330	0.403538	-2966.34
2331	0.412428	-3060.53
2332	0.416374	-3088.29
2333	0.416188	-3161.16
2334	0.410642	-3062.91
2335	0.41326	-3029.79
2336	0.414528	-3089.28
2337	0.415025	-3088.75
2338	0.406413	-2970.27
2339	0.419527	-3194.68
2340	0.416376	-3087.07
2341	0.418292	-3142.09
2342	0.408258	-3003.03
2343	0.403251	-2957.97
2344	0.414105	-3065.66
2345	0.420072	-3195.79
2346	0.410746	-3030.45
2347	0.415217	-3122.81
2348	0.411784	-3085.55
2349	0.413213	-3080.11
2350	0.411913	-3076.46
2351	0.411852	-3062.53
2352	0.416504	-3155.14
2353	0.41199	-3079.59
2354	0.409638	-3024.28
2355	0.40975	-3004.32
2356	0.408011	-2944.97
2357	0.421045	-3151.11
2358	0.406109	-2992.73
2359	0.416419	-3131.87
2360	0.41228	-3068.43
2361	0.411275	-3028.2
2362	0.412906	-3042.42
2363	0.415849	-3083.98
2364	0.405344	-2886.19
2365	0.403613	-2922.43
2366	0.405781	-2980.39
2367	0.411866	-3050.57
2368	0.409987	-3006.96
2369	0.40674	-2958.42
2370	0.406987	-2943.21
2371	0.409908	-3034.98
2372	0.406881	-2990.73
2373	0.408192	-2980.49
2374	0.408658	-3003.94
2375	0.41645	-3092.65
2376	0.409887	-3004.83
2377	0.405878	-3007.12
2378	0.410338	-3024.41
2379	0.406429	-2947.53
2380	0.40682	-2999.1
2381	0.398898	-2818.31
2382	0.410175	-3003.88
2383	0.402679	-2895.01
2384	0.418132	-3149.75
2385	0.411582	-3046.75
2386	0.417958	-3175.2
2387	0.408983	-2974.99
2388	0.415859	-3084.16
2389	0.410517	-3012.52
2390	0.406459	-2987.81
2391	0.406846	-2983.11
2392	0.40614	-2974.13
2393	0.407404	-2950.01
2394	0.413525	-3109.24
2395	0.412658	-3094.15
2396	0.415288	-3074.78
2397	0.411076	-3020.74
2398	0.411474	-3018.65
2399	0.421938	-3197.19
2400	0.415956	-3087.63
2401	0.412215	-3070.67
2402	0.409959	-3009.09
2403	0.416946	-3144.3
2404	0.410122	-2982.16
2405	0.407936	-3002.6
2406	0.411936	-3058.31
2407	0.411923	-3093.13
2408	0.407953	-2981.24
2409	0.410616	-3042.6
2410	0.41543	-3106.35
2411	0.412274	-3004.44
2412	0.410632	-3029.42
2413	0.412362	-3067.65
2414	0.408946	-3008.39
2415	0.410095	-3024.03
2416	0.412216	-3080.13
2417	0.40993	-3017.36
2418	0.411534	-3052.06
2419	0.415126	-3128.33
2420	0.414315	-3071.77
2421	0.415321	-3088.45
2422	0.410161	-3019.73
2423	0.408037	-2979.74
2424	0.412522	-3062.25
2425	0.415921	-3095.98
2426	0.413641	-3067.86
2427	0.408509	-2999.23
2428	0.406638	-2976.25
2429	0.409497	-3009.79
2430	0.419355	-3174.05
2431	0.412419	-3043.24
2432	0.402647	-2895.16
2433	0.406463	-2991.21
2434	0.411603	-3024.39
2435	0.407689	-2990.11
2436	0.412456	-3029.53
2437	0.410155	-3027.27
2438	0.411519	-3065.73
2439	0.410651	-3013.33
2440	0.409622	-2997.39
2441	0.408596	-3002.07
2442	0.411856	-3021.56
2443	0.416493	-3112.47
2444	0.410143	-2969.97
2445	0.409882	-3018.34
2446	0.415801	-3112.19
2447	0.421638	-3206.35
2448	0.411645	-2990.99
2449	0.408956	-3042.78
2450	0.409745	-3011.7
2451	0.408201	-2989.44
2452	0.40771	-2998.88
2453	0.405725	-2971.82
2454	0.413158	-3085.09
2455	0.416994	-3163.95
2456	0.404938	-2919.42
2457	0.410489	-3029.27
2458	0.407212	-2981.17
2459	0.41446	-3107.94
2460	0.41711	-3116.43
2461	0.414387	-3066.91
2462	0.408137	-2982.83
2463	0.409567	-2978.67
2464	0.409446	-3018.72
2465	0.409163	-3039.59
2466	0.408984	-3012.16
2467	0.412511	-3043.34
2468	0.410289	-3071.92
2469	0.413275	-3029.09
2470	0.415393	-3116.88
2471	0.412411	-3044.64
2472	0.408968	-2988.16
2473	0.41341	-3068.53
2474	0.412564	-3062.17
2475	0.412072	-2998.32
2476	0.413601	-3081.64
2477	0.416202	-3090.3
2478	0.413169	-3066.41
2479	0.40954	-2996.81
2480	0.41797	-3127.31
2481	0.416402	-3096.89
2482	0.403912	-2933.73
2483	0.400927	-2892.13
2484	0.411059	-3022.42
2485	0.409211	-3034.23
2486	0.413944	-3046.27
2487	0.410022	-3001.36
2488	0.417191	-3129.98
2489	0.41469	-3146.64
2490	0.410165	-3047.44
2491	0.405803	-2955.78
2492	0.413915	-3067.4
2493	0.40407	-2929.17
2494	0.413947	-3069.39
2495	0.409881	-3016.83
2496	0.415947	-3118.35
2497	0.409158	-3026.89
2498	0.414851	-3097.07
2499	0.414214	-3061.71
2500	0.408375	-2973.12
2501	0.411015	-3007.97
2502	0.411956	-3056.03
2503	0.396838	-2848.57
2504	0.41104	-3016.14
2505	0.416424	-3126.81
2506	0.412737	-3068.84
2507	0.408327	-3017.41
2508	0.398618	-2828.87
2509	0.40557	-2943.4
2510	0.412936	-3078.53
2511	0.408959	-3054.78
2512	0.409212	-3029.93
2513	0.407423	-2966.03
2514	0.41294	-3052.22
2515	0.411201	-3040.22
2516	0.40729	-2996.42
2517	0.407913	-3030.94
2518	0.409933	-3064.97
2519	0.406059	-2955.93
2520	0.41063	-3008.1
2521	0.415315	-3099.16
2522	0.418664	-3155.63
2523	0.416674	-3083.47
2524	0.405107	-2927.19
2525	0.418136	-3104.27
2526	0.41824	-3130.52
2527	0.410278	-3026.41
2528	0.407038	-2990.49
2529	0.407111	-2966.92
2530	0.407371	-3008.5
2531	0.409432	-2982.09
2532	0.407353	-2965.89
2533	0.409172	-3014.22
2534	0.417045	-3125.37
2535	0.412862	-3076.15
2536	0.406357	-2940.79
2537	0.405926	-2950.11
2538	0.415863	-3174.54
2539	0.404121	-2881.49
2540	0.417577	-3132.02
2541	0.412395	-3073.71
2542	0.416688	-3122.61
2543	0.412917	-3074.03
2544	0.415036	-3102.92
2545	0.409995	-3013.25
2546	0.40665	-2962.27
2547	0.410063	-3033.03
2548	0.409039	-2986.34
2549	0.405558	-2951.98
2550	0.416265	-3099.91
2551	0.413679	-3109.96
2552	0.409961	-3065.2
2553	0.412285	-3045.29
2554	0.409245	-3027.19
2555	0.402334	-2890.35
2556	0.41119	-3063.9
2557	0.415629	-3100.29
2558	0.415343	-3098.38
2559	0.411771	-3050.24
2560	0.418147	-3142.95
2561	0.405499	-2945.57
2562	0.410851	-3013.87
2563	0.416341	-3118.54
2564	0.416277	-3119.92
2565	0.41402	-3059.75
2566	0.416695	-3101.04
2567	0.413369	-3113.19
2568	0.412754	-3055.35
2569	0.419036	-3181.87
2570	0.406355	-2951.18
2571	0.41186	-3033.18
2572	0.407421	-2974.97
2573	0.420641	-3197.34
2574	0.41118	-3048.5
2575	0.416302	-3115.48
2576	0.419986	-3150.35
2577	0.419515	-3171.87
2578	0.416372	-3102.53
2579	0.41253	-3057.26
2580	0.416752	-3138.58
2581	0.409106	-2979.02
2582	0.410887	-3017.04
2583	0.409628	-3049.9
2584	0.408249	-2993.58
2585	0.411198	-3051.5
2586	0.40784	-2979.04
2587	0.410428	-3047.31
2588	0.401342	-2921.61
2589	0.410489	-3075.63
2590	0.415592	-3146.03
2591	0.412566	-3122.4
2592	0.410484	-3010.73
2593	0.414234	-3075.46
2594	0.404667	-2963.03
2595	0.408091	-3021.33
2596	0.409266	-3031.06
2597	0.406818	-2941.12
2598	0.408386	-2959.35
2599	0.416504	-3126.95
2600	0.412936	-3055.46
2601	0.404676	-2943.42
2602	0.415792	-3088.43
2603	0.414807	-3127.87
2604	0.418277	-3138.78
2605	0.421231	-3251.84
2606	0.400741	-2884.3
2607	0.411376	-3066.35
2608	0.412536	-3086.6
2609	0.415625	-3093.8
2610	0.410915	-3008.54
2611	0.410366	-3026.6
2612	0.414929	-3112.58
2613	0.412328	-3043.31
2614	0.405948	-3014.36
2615	0.412052	-3042.93
2616	0.41673	-3121.52
2617	0.418083	-3172.44
2618	0.416232	-3096.8
2619	0.413353	-3078.19
2620	0.40949	-2981.32
2621	0.415199	-3083.85
2622	0.40595	-2964.02
2623	0.411791	-3060.02
2624	0.412135	-3017.48
2625	0.413848	-3115.53
2626	0.407119	-2952.56
2627	0.409532	-3004.67
2628	0.414068	-3098.33
2629	0.402766	-2976.79
2630	0.416976	-3171.21
2631	0.412762	-3065.39
2632	0.40622	-2990.17
2633	0.410412	-3041.25
2634	0.41351	-3096.49
2635	0.41457	-3095.4
2636	0.411617	-3068.08
2637	0.407329	-2976.68
2638	0.410513	-3035.15
2639	0.406078	-2985.29
2640	0.415155	-3091.45
2641	0.407845	-2990.3
2642	0.416921	-3139.06
2643	0.413528	-3098.76
2644	0.414506	-3111.06
2645	0.409257	-3025.2
2646	0.411487	-3034.19
2647	0.407507	-2972.56
2648	0.416471	-3108.59
2649	0.416829	-3140.56
2650	0.414382	-3107.63
2651	0.417118	-3135.78
2652	0.415671	-3129.51
2653	0.411692	-3029.63
2654	0.415899	-3090.74
2655	0.408202	-2975.42
2656	0.413729	-3092.79
2657	0.41276	-3100.43
2658	0.41424	-3056.38
2659	0.412126	-3093.17
2660	0.409814	-3013.66
2661	0.412369	-3035.57
2662	0.41039	-3005.3
2663	0.417892	-3169.74
2664	0.40854	-2959.04
2665	0.410951	-3035.63
2666	0.411259	-3047.78
2667	0.41021	-3029.55
2668	0.411584	-3026.86
2669	0.411959	-3093.27
2670	0.405145	-2971.76
2671	0.419125	-3179.07
2672	0.403601	-2926.66
2673	0.399393	-2896.69
2674	0.415257	-3137.83
2675	0.409523	-2992.97
2676	0.413749	-3075.38
2677	0.411029	-3049.01
2678	0.407713	-3031.92
2679	0.40528	-2927.46
2680	0.418943	-3175.88
2681	0.421277	-3177.66
2682	0.413265	-3047.36
2683	0.418416	-3156.65
2684	0.407783	-2999.94
2685	0.41085	-3055.78
2686	0.411497	-3022.18
2687	0.41406	-3119.65
2688	0.4086	-3018.15
2689	0.412051	-3084.48
2690	0.411096	-3031.48
2691	0.419058	-3158.04
2692	0.409541	-3019.65
2693	0.409195	-3052.11
2694	0.419664	-3200.27
2695	0.417358	-3122.88
2696	0.415399	-3105.92
2697	0.41503	-3070.04
2698	0.416049	-3150.75
2699	0.411201	-3064.66
2700	0.411432	-2991.55
2701	0.411303	-3052.74
2702	0.416643	-3125.78
2703	0.413791	-3093.61
2704	0.415302	-3080.92
2705	0.405559	-2936.4
2706	0.416146	-3096.81
2707	0.40859	-3043.17
2708	0.41723	-3147.06
2709	0.409943	-3034.26
2710	0.421204	-3233.47
2711	0.410854	-3048.62
2712	0.40794	-3007.6
2713	0.412743	-3096.62
2714	0.422554	-3253
2715	0.42179	-3146.21
2716	0.410116	-3037.58
2717	0.410989	-3021.1
2718	0.406867	-2980.8
2719	0.408052	-2971.47
2720	0.416643	-3097.75
2721	0.408343	-2985.47
2722	0.412495	-3084.79
2723	0.40583	-2979.03
2724	0.404898	-2964.38
2725	0.414147	-3075.77
2726	0.40693	-2974.45
2727	0.412738	-3050.68
2728	0.408538	-3044.64
2729	0.40945	-3001.47
2730	0.413542	-3077.24
2731	0.413103	-3056.61
2732	0.417469	-3084.39
2733	0.41211	-3070.01
2734	0.408745	-2990.37
2735	0.405975	-2955.33
2736	0.420136	-3166.17
2737	0.410512	-3030.02
2738	0.410738	-3028.49
2739	0.407935	-2988.17
2740	0.420382	-3173.45
2741	0.409932	-3058.33
2742	0.414804	-3113.99
2743	0.405797	-2980.13
2744	0.417424	-3131.44
2745	0.411149	-3068.45
2746	0.407826	-2993.83
2747	0.411254	-3012.81
2748	0.410222	-3019.52
2749	0.406598	-2966.3
2750	0.412023	-3069.55
2751	0.412835	-3050.52
2752	0.417174	-3134.6
2753	0.407295	-3023.41
2754	0.406058	-2933.08
2755	0.413177	-3051.59
2756	0.403343	-2938.86
2757	0.409447	-3043.57
2758	0.418595	-3116.84
2759	0.413459	-3076.41
2760	0.40841	-2992.67
2761	0.408466	-3040.54
2762	0.414147	-3046.8
2763	0.415021	-3080.08
2764	0.417646	-3138.9
2765	0.415407	-3126.05
2766	0.419713	-3148.54
2767	0.410337	-2995.54
2768	0.415022	-3065.81
2769	0.406596	-2927.71
2770	0.421699	-3194.28
2771	0.412383	-3028.82
2772	0.417176	-3100.46
2773	0.412199	-3045.05
2774	0.414022	-3093.21
2775	0.41043	-3005.76
2776	0.414394	-3088.38
2777	0.413958	-3061.62
2778	0.414774	-3120.18
2779	0.417974	-3085.13
2780	0.412078	-3090.72
2781	0.410356	-3006.95
2782	0.413877	-3088.07
2783	0.415898	-3057.68
2784	0.416615	-3128.22
2785	0.413109	-3084.21
2786	0.406384	-2956.13
2787	0.416678	-3078.94
2788	0.406738	-2963.03
2789	0.410602	-3030.44
2790	0.416154	-3049.12
2791	0.409491	-3004.05
2792	0.412165	-3057.75
2793	0.410292	-2975.85
2794	0.416847	-3088.51
2795	0.410781	-3033.28
2796	0.415954	-3092.42
2797	0.412894	-3073.18
2798	0.422573	-3206.86
2799	0.409688	-3006.97
2800	0.411526	-3005.98
2801	0.406933	-2931.42
2802	0.408654	-2976.46
2803	0.410439	-3014.05
2804	0.412908	-3057.23
2805	0.415245	-3112.19
2806	0.404254	-2953.76
2807	0.404206	-2920.82
2808	0.416489	-3127.13
2809	0.416001	-3105.23
2810	0.416648	-3101.34
2811	0.418346	-3131.96
2812	0.414924	-3092.01
2813	0.409286	-2994.4
2814	0.409326	-2958.95
2815	0.411362	-3043.31
2816	0.412322	-3035.46
2817	0.41421	-3075.95
2818	0.41277	-3068.39
2819	0.414661	-3085.46
2820	0.414719	-3094.88
2821	0.406622	-2997.31
2822	0.4154	-3100.67
2823	0.405283	-2951.45
2824	0.41437	-3119.73
2825	0.407443	-2976.38
2826	0.411342	-3056.5
2827	0.40754	-2947.42
2828	0.409953	-3013.22
2829	0.406237	-2969.63
2830	0.405535	-2999.63
2831	0.415527	-3089
2832	0.404294	-2909.95
2833	0.411232	-3072.97
2834	0.411079	-3062.84
2835	0.410297	-3025.34
2836	0.420441	-3170.6
2837	0.421318	-3179.16
2838	0.414013	-3086.92
2839	0.411101	-3019.62
2840	0.409421	-3017.69
2841	0.406724	-2957.81
2842	0.402963	-2943.62
2843	0.41233	-3059.43
2844	0.409496	-3007.15
2845	0.410745	-3019.42
2846	0.413766	-3075.3
2847	0.416082	-3131.99
2848	0.409909	-2980.02
2849	0.411331	-3055.88
2850	0.40937	-3030.52
2851	0.407904	-3002.4
2852	0.410211	-3002.55
2853	0.409221	-2993.82
2854	0.405096	-2927.14
2855	0.409799	-3045.59
2856	0.41147	-3025.29
2857	0.405336	-2957.42
2858	0.414182	-3087.05
2859	0.413401	-3075.92
2860	0.416317	-3133.94
2861	0.412285	-3035.25
2862	0.416565	-3134.69
2863	0.41451	-3060.46
2864	0.410003	-3003.18
2865	0.412937	-3053.74
2866	0.408696	-3002.69
2867	0.416271	-3150.76
2868	0.407296	-2985.16
2869	0.413699	-3026.46
2870	0.410173	-3056.77
2871	0.418023	-3169.42
2872	0.417602	-3198.92
2873	0.407395	-3022.75
2874	0.39803	-2866.48
2875	0.402248	-2889.91
2876	0.410705	-3084.15
2877	0.405434	-2972.04
2878	0.417896	-3152.3
2879	0.419844	-3170.47
2880	0.417504	-3136.34
2881	0.406976	-2963.14
2882	0.415049	-3112.18
2883	0.411411	-3039.13
2884	0.412038	-3022.43
2885	0.415565	-3105.44
2886	0.404874	-2925.15
2887	0.410631	-3039.14
2888	0.414907	-3095.61
2889	0.413858	-3077.9
2890	0.411376	-3042.12
2891	0.409132	-3011.11
2892	0.404859	-2966.07
2893	0.40666	-3011.79
2894	0.400757	-2865.47
2895	0.403419	-2933.54
2896	0.412548	-3084.87
2897	0.417399	-3116.85
2898	0.412099	-3038.42
2899	0.408939	-2970.84
2900	0.404277	-2924.56
2901	0.41572	-3123.19
2902	0.415046	-3092.91
2903	0.409549	-3035.37
2904	0.40391	-2927.65
2905	0.407141	-3000.57
2906	0.413679	-3067.91
2907	0.407599	-2988.21
2908	0.411937	-3085.14
2909	0.406574	-2954.8
2910	0.410799	-3039.3
2911	0.413063	-3059.34
2912	0.417191	-3153.58
2913	0.419497	-3147.27
2914	0.406802	-2996.66
2915	0.406163	-2943.42
2916	0.406588	-2974.13
2917	0.409311	-3022.28
2918	0.410841	-3016.27
2919	0.402722	-2904.18
2920	0.418854	-3118.67
2921	0.409121	-3010.18
2922	0.410733	-3037.51
2923	0.417144	-3123.85
2924	0.41179	-3046.45
2925	0.410808	-3051.35
2926	0.412695	-3044.43
2927	0.40826	-2997.83
2928	0.415443	-3112.82
2929	0.41329	-3063.86
2930	0.412186	-3075.37
2931	0.410229	-3013.85
2932	0.409476	-3020.93
2933	0.407575	-2972.52
2934	0.409408	-3024.25
2935	0.413431	-3048.76
2936	0.414483	-3125.73
2937	0.407875	-2995.19
2938	0.408816	-2986.43
2939	0.402165	-2932.06
2940	0.410766	-3035.28
2941	0.408996	-3010.39
2942	0.412533	-3053.41
2943	0.408883	-2999.89
2944	0.414217	-3107.4
2945	0.409342	-2979.7
2946	0.409926	-3025.33
2947	0.409378	-3019.61
2948	0.407197	-2988.58
2949	0.407376	-3012.91
2950	0.417581	-3142.15
2951	0.41389	-3047.2
2952	0.406008	-2942.96
2953	0.413529	-3080.56
2954	0.422321	-3202.7
2955	0.409503	-3011.53
2956	0.407495	-2965.71
2957	0.414074	-3091.6
2958	0.411107	-3074.9
2959	0.41432	-3095.01
2960	0.402584	-2931.75
2961	0.41973	-3161.96
2962	0.408729	-2977.73
2963	0.415994	-3133.29
2964	0.406963	-2987.85
2965	0.415739	-3084.34
2966	0.402475	-2885.93
2967	0.406807	-2970.6
2968	0.412323	-3021.94
2969	0.405486	-2973.06
2970	0.414748	-3138.71
2971	0.420248	-3168.65
2972	0.411217	-3032.9
2973	0.405013	-2978.99
2974	0.404547	-2964.24
2975	0.409814	-3026.03
2976	0.407584	-2986.85
2977	0.415589	-3061.57
2978	0.414924	-3086.97
2979	0.414776	-3090.68
2980	0.412154	-3035.19
2981	0.408482	-3026.94
2982	0.409727	-3052.26
2983	0.408758	-3007.36
2984	0.411616	-3077.48
2985	0.416421	-3129.1
2986	0.40706	-2947.89
2987	0.410345	-3044.68
2988	0.411426	-3071.75
2989	0.412892	-3110.58
2990	0.418804	-3161.38
2991	0.417121	-3158.93
2992	0.411207	-3056.51
2993	0.405758	-2956.03
2994	0.406031	-2924.81
2995	0.417275	-3131.99
2996	0.412978	-3047.97
2997	0.414428	-3079.82
2998	0.408286	-2963.65
2999	0.409711	-3062.45
