0	0.37452	-2510.87
1	0.413619	-3096.81
2	0.412098	-3094.92
3	0.413058	-3047.51
4	0.403622	-2915.67
5	0.41312	-3077.38
6	0.397771	-2850.17
7	0.41304	-3078.79
8	0.414367	-3071.81
9	0.410984	-3055.67
10	0.406636	-2961.7
11	0.412272	-3022.73
12	0.41165	-3037.34
13	0.40821	-2965.05
14	0.408519	-3026.55
15	0.41092	-3046.9
16	0.405301	-2968.42
17	0.408698	-2996.38
18	0.406803	-2980.63
19	0.421023	-3216.18
20	0.411647	-3015.2
21	0.405309	-2983.2
22	0.407885	-2977.4
23	0.409895	-3038.36
24	0.410524	-3005.79
25	0.404026	-2918.83
26	0.406923	-2945.48
27	0.401871	-2916.18
28	0.405651	-2947.64
29	0.407999	-2955.06
30	0.406248	-2949.89
31	0.408307	-3028.62
32	0.409222	-2958.21
33	0.408451	-2979.12
34	0.402992	-2887.13
35	0.412048	-3038.83
36	0.408251	-3017.98
37	0.400472	-2846.51
38	0.40464	-2995.6
39	0.410414	-3039.38
40	0.401329	-2911.76
41	0.409575	-3005.99
42	0.407646	-2994.9
43	0.406766	-2950.68
44	0.408689	-3014.06
45	0.40773	-3025.77
46	0.41996	-3141.4
47	0.401839	-2898.91
48	0.410199	-3052.48
49	0.412285	-3069.8
50	0.407457	-2928.33
51	0.41184	-3038.18
52	0.401583	-2883.66
53	0.415363	-3089.29
54	0.404779	-2932.02
55	0.402657	-2926.24
56	0.406815	-2987.28
57	0.411253	-3020.09
58	0.414165	-3088.5
59	0.411401	-3003.71
60	0.408624	-2969.47
61	0.40799	-2990.68
62	0.411194	-3073.61
63	0.410972	-3042.33
64	0.413861	-3048.59
65	0.404604	-2953.91
66	0.402565	-2965.97
67	0.402651	-2871.44
68	0.399103	-2884.72
69	0.402737	-2957.61
70	0.412988	-3027.87
71	0.398536	-2863.24
72	0.411184	-3017.24
73	0.404942	-2990.12
74	0.407122	-2960.68
75	0.403571	-2896.03
76	0.411724	-3053.2
77	0.410349	-3005.16
78	0.407285	-2934.37
79	0.413291	-3128.56
80	0.409193	-3048.06
81	0.409195	-2966.56
82	0.413636	-3052.81
83	0.407027	-2955.46
84	0.410456	-2995.45
85	0.412879	-3044.8
86	0.411648	-3035.91
87	0.40987	-3025.74
88	0.399617	-2898.9
89	0.405014	-2959.05
90	0.413823	-3103.84
91	0.405355	-2985.95
92	0.405316	-2923.97
93	0.406884	-2988.81
94	0.403231	-2916.18
95	0.407978	-2983.63
96	0.409287	-2993.18
97	0.40378	-2930.22
98	0.414074	-3121.16
99	0.401677	-2938.91
100	0.401638	-2896.61
101	0.407247	-3015.29
102	0.413038	-3037.63
103	0.400186	-2881.46
104	0.407555	-2981.62
105	0.414382	-3133.56
106	0.402241	-2892.24
107	0.405787	-2963.32
108	0.401986	-2872.79
109	0.406301	-2966.05
110	0.40547	-2955.71
111	0.404991	-2939.37
112	0.402261	-2889.63
113	0.409753	-2997.02
114	0.408122	-2973.6
115	0.407117	-2952.37
116	0.406155	-2956.81
117	0.402679	-2916.92
118	0.405814	-2920.44
119	0.404667	-2955.32
120	0.396138	-2867.45
121	0.406559	-2998.91
122	0.407304	-2987.13
123	0.405028	-2958.7
124	0.407687	-3021.11
125	0.409271	-3011.68
126	0.407079	-2959.72
127	0.410123	-3009.4
128	0.407649	-2986.26
129	0.411032	-3036.07
130	0.398366	-2841.33
131	0.413159	-3073.25
132	0.40882	-3008.8
133	0.408934	-3004.98
134	0.4071	-3004.17
135	0.409862	-3038.85
136	0.410424	-3051.71
137	0.402632	-2909.72
138	0.401287	-2889.21
139	0.406489	-2962.18
140	0.396385	-2807.36
141	0.416754	-3133.76
142	0.406325	-2953.41
143	0.405949	-2938.86
144	0.401632	-2922.86
145	0.400404	-2884.25
146	0.404829	-2911.47
147	0.417025	-3147.49
148	0.405028	-2966.53
149	0.400902	-2923.22
150	0.413261	-3073.62
151	0.408657	-3004.4
152	0.415653	-3104.69
153	0.410901	-3060.4
154	0.402292	-2886.48
155	0.412988	-3077.41
156	0.413569	-3082.19
157	0.40462	-2944.99
158	0.399584	-2880.9
159	0.402919	-2908.14
160	0.40774	-2981.97
161	0.406675	-2910.49
162	0.408521	-2990.48
163	0.406881	-2985.39
164	0.404623	-2913.47
165	0.413412	-3053.37
166	0.40916	-3034.64
167	0.403408	-2924.21
168	0.403156	-2902.76
169	0.405818	-2979.14
170	0.413306	-3067.65
171	0.411419	-3075.13
172	0.407709	-2994.02
173	0.408111	-3003.74
174	0.412338	-3077.51
175	0.419642	-3166.53
176	0.408887	-2990.16
177	0.407018	-3009.82
178	0.403758	-2908.78
179	0.412819	-3014.23
180	0.401151	-2894.38
181	0.407069	-3013.61
182	0.40931	-3015.17
183	0.411506	-3052.87
184	0.409815	-3026.01
185	0.410759	-3015.79
186	0.408076	-3033.54
187	0.407166	-2979.18
188	0.418419	-3166.91
189	0.407076	-2943.52
190	0.405715	-2932.91
191	0.404639	-2952.89
192	0.400199	-2891.3
193	0.41171	-3058.76
194	0.407936	-3011.26
195	0.398405	-2826.67
196	0.405057	-2942.72
197	0.405662	-2928.75
198	0.403757	-2910
199	0.409477	-3020.24
200	0.412616	-3066.86
201	0.402674	-2900.17
202	0.406651	-2959.78
203	0.406552	-2952.93
204	0.409247	-2978.6
205	0.409051	-3010.52
206	0.409633	-3012.24
207	0.406442	-2959.43
208	0.406159	-2951.57
209	0.405008	-2938.49
210	0.40491	-2974.27
211	0.410249	-3011.38
212	0.403654	-2959.07
213	0.411165	-3060.74
214	0.407597	-3058.89
215	0.406925	-2978.72
216	0.398599	-2881.07
217	0.409704	-3040.25
218	0.407432	-3000.4
219	0.409985	-3017.62
220	0.409871	-3008.21
221	0.406656	-2962.11
222	0.406153	-2964.94
223	0.401689	-2945.07
224	0.418942	-3150.06
225	0.407555	-2989.23
226	0.410317	-3065.33
227	0.408154	-2971.11
228	0.409138	-3034.79
229	0.407178	-2941.27
230	0.409612	-3059.5
231	0.405401	-2914.6
232	0.407137	-2962.95
233	0.402423	-2905.42
234	0.409444	-3028.36
235	0.407981	-3021.69
236	0.409618	-3050.62
237	0.402141	-2896.34
238	0.409761	-3023.58
239	0.409232	-3000.69
240	0.407812	-3006.18
241	0.403373	-2909.68
242	0.410958	-3035.89
243	0.412559	-3027.05
244	0.409396	-2981.31
245	0.413097	-3012.22
246	0.413239	-3033.55
247	0.406278	-2979.49
248	0.406768	-2978.19
249	0.410331	-3014.26
250	0.404315	-2937.33
251	0.402557	-2923.13
252	0.408333	-2995.06
253	0.4133	-3040.2
254	0.407633	-2988.92
255	0.413888	-3086.81
256	0.412745	-3046.7
257	0.411091	-3061.02
258	0.411137	-3037.09
259	0.406719	-2947.17
260	0.410896	-3020.97
261	0.407131	-2963.94
262	0.403419	-2881.87
263	0.406657	-2939.71
264	0.413685	-3092.51
265	0.40558	-2969.74
266	0.410015	-3036.93
267	0.412877	-3077.41
268	0.413216	-3076.57
269	0.414565	-3091.7
270	0.417733	-3139.01
271	0.411843	-3055.67
272	0.402634	-2889.56
273	0.400909	-2885.97
274	0.402464	-2863.54
275	0.411973	-3003.41
276	0.415538	-3096.51
277	0.405917	-2984.48
278	0.411832	-3046.43
279	0.401949	-2868.49
280	0.406956	-2977.79
281	0.4102	-3019.8
282	0.413863	-3092.19
283	0.411011	-3078.13
284	0.40278	-2915.61
285	0.408258	-2973.69
286	0.413542	-3060.76
287	0.409407	-3042.06
288	0.413593	-3114.16
289	0.41244	-3053.13
290	0.404636	-2969.54
291	0.399505	-2872.96
292	0.406311	-2935.95
293	0.410491	-3024.08
294	0.412348	-3030.83
295	0.41138	-3029.11
296	0.40349	-2916.82
297	0.418976	-3140.42
298	0.408333	-3005.1
299	0.403411	-2913.95
300	0.408958	-3030.67
301	0.410594	-3035.46
302	0.41217	-3050.68
303	0.41416	-3105.4
304	0.407352	-3004.49
305	0.410197	-3049.96
306	0.408742	-3018.63
307	0.414807	-3112.21
308	0.410648	-2999.56
309	0.411084	-3050.5
310	0.409034	-3025.33
311	0.412904	-3042.41
312	0.411844	-3033.7
313	0.409802	-3062.76
314	0.403928	-2937.18
315	0.406608	-2951.03
316	0.409266	-3026.14
317	0.411028	-3030.57
318	0.410625	-3032.26
319	0.401388	-2872.35
320	0.405824	-2962.71
321	0.408184	-3010.16
322	0.416688	-3092.27
323	0.413948	-3079.78
324	0.404257	-2881.78
325	0.408702	-3014.05
326	0.403596	-2969.24
327	0.403046	-2895.61
328	0.407953	-3016.42
329	0.39991	-2880.22
330	0.405649	-2933.57
331	0.405744	-2943.02
332	0.403021	-2894.77
333	0.407523	-2968.99
334	0.405007	-2954.02
335	0.414529	-3089.19
336	0.403051	-2950.61
337	0.402471	-2905.99
338	0.410686	-3074.16
339	0.406313	-2975.09
340	0.404986	-2973.19
341	0.407127	-2985.92
342	0.413595	-3111.85
343	0.411694	-3061.53
344	0.404173	-2950.13
345	0.411503	-3049.33
346	0.400912	-2928.3
347	0.402806	-2896.56
348	0.402185	-2921.37
349	0.416094	-3103.44
350	0.409865	-3038.54
351	0.40579	-2947.01
352	0.413114	-3071.44
353	0.415552	-3069.15
354	0.412645	-3059.53
355	0.407359	-2978.48
356	0.407889	-2964.72
357	0.403555	-2932.67
358	0.416093	-3071.61
359	0.419171	-3157.49
360	0.410881	-3031.77
361	0.399857	-2875.58
362	0.410314	-3009.22
363	0.404861	-2944.13
364	0.408488	-2960.43
365	0.403696	-2956.88
366	0.403036	-2904.92
367	0.407821	-3014.01
368	0.409925	-3035.22
369	0.411297	-3013.92
370	0.410058	-3014.54
371	0.403813	-2918.32
372	0.401902	-2891.23
373	0.406869	-3019.81
374	0.41019	-2985.34
375	0.412762	-3040.79
376	0.40861	-2964.83
377	0.418212	-3122.18
378	0.412401	-3071.5
379	0.408628	-2988.38
380	0.40459	-2926.21
381	0.406666	-2957.24
382	0.406499	-2967.88
383	0.407913	-3014.95
384	0.408033	-2976.07
385	0.410187	-3061.31
386	0.410371	-2983.22
387	0.412957	-3045.94
388	0.403883	-2936.52
389	0.409904	-3050.27
390	0.394675	-2810.72
391	0.409329	-3018.71
392	0.407222	-2966.01
393	0.397207	-2821.93
394	0.400832	-2926.82
395	0.401255	-2912.23
396	0.40985	-3041.69
397	0.407385	-3014.11
398	0.403165	-2930.89
399	0.410811	-3063.85
400	0.40711	-2979.03
401	0.412629	-3021.43
402	0.416909	-3156.84
403	0.404536	-2915.17
404	0.412684	-3075.16
405	0.415976	-3122.47
406	0.411149	-3037.08
407	0.41976	-3130.62
408	0.403397	-2914.15
409	0.40927	-2989.22
410	0.410961	-3057.96
411	0.410865	-3009.1
412	0.405154	-2965.91
413	0.410004	-3042.68
414	0.408653	-3003.2
415	0.404071	-2945.33
416	0.409922	-2992.78
417	0.403357	-2906.05
418	0.408501	-2941.34
419	0.410983	-3019.78
420	0.407354	-2973.3
421	0.39981	-2833.67
422	0.410679	-3011.7
423	0.410647	-3058.45
424	0.407669	-2971.14
425	0.40512	-2928.24
426	0.404589	-2928.95
427	0.407833	-2994.49
428	0.405888	-2979.32
429	0.412438	-3055
430	0.409544	-3017.6
431	0.414793	-3112.55
432	0.410474	-3010.43
433	0.410034	-3006.82
434	0.401428	-2890.91
435	0.402043	-2877.63
436	0.412867	-3081.25
437	0.408278	-2976.35
438	0.407127	-2953.25
439	0.406595	-2992.27
440	0.409236	-2987.25
441	0.402497	-2931.74
442	0.406676	-2974.12
443	0.410589	-2993.13
444	0.410099	-3055.02
445	0.414795	-3076.68
446	0.410515	-3060.01
447	0.404286	-2967.71
448	0.40939	-3012.22
449	0.407802	-2973.99
450	0.414737	-3062.58
451	0.413055	-3064.26
452	0.407703	-2991.19
453	0.407116	-2963.05
454	0.407233	-2999.21
455	0.410614	-3021.88
456	0.406221	-2983.3
457	0.412427	-3015.35
458	0.409652	-3009.14
459	0.407611	-2949.38
460	0.411977	-3027.15
461	0.400607	-2889.31
462	0.402887	-2936.81
463	0.411587	-3064.32
464	0.404032	-2957.86
465	0.410703	-3046.15
466	0.40859	-2965.06
467	0.418855	-3135.95
468	0.414674	-3111.65
469	0.405063	-2983.56
470	0.408742	-3013.36
471	0.414972	-3108.55
472	0.408253	-3014.93
473	0.410682	-3075.61
474	0.398258	-2872.59
475	0.403127	-2930.08
476	0.398283	-2826.88
477	0.402125	-2900.97
478	0.406659	-2962.81
479	0.409369	-2957.42
480	0.406722	-2995.34
481	0.408207	-2977.48
482	0.407556	-2988.98
483	0.403394	-2934.93
484	0.404544	-2954.2
485	0.408768	-3010.64
486	0.406597	-2951.71
487	0.407808	-2948.14
488	0.408121	-2991.54
489	0.409424	-3022.16
490	0.405387	-2943.15
491	0.410646	-3018.53
492	0.409452	-3034.06
493	0.398904	-2821.89
494	0.404744	-2931.83
495	0.406221	-2982.33
496	0.411242	-3035.49
497	0.414872	-3091.88
498	0.409644	-2976.95
499	0.410906	-3066.92
500	0.410061	-3028.52
501	0.406789	-2985.44
502	0.408051	-2978.5
503	0.413025	-3082.09
504	0.410801	-3037.21
505	0.411323	-3013.75
506	0.411448	-3019.19
507	0.403157	-2889.24
508	0.411761	-3044.33
509	0.410051	-2982.9
510	0.401543	-2930.04
511	0.409038	-3001.19
512	0.40095	-2892.23
513	0.406504	-2974.73
514	0.409676	-2976.75
515	0.405561	-2925.56
516	0.403471	-2921.58
517	0.405759	-2933.64
518	0.404643	-2961.76
519	0.399272	-2844.85
520	0.409998	-3011.01
521	0.415738	-3094.37
522	0.405553	-2981.75
523	0.402171	-2883.74
524	0.409375	-3033.48
525	0.419421	-3175.23
526	0.40978	-3025.53
527	0.41082	-3058.85
528	0.404708	-2910.47
529	0.410241	-3030.2
530	0.413714	-3091.32
531	0.400499	-2937.48
532	0.407865	-2979.01
533	0.408001	-2963.7
534	0.418094	-3128.62
535	0.407288	-2967.03
536	0.40568	-2969.7
537	0.407613	-2947.22
538	0.414574	-3081.46
539	0.408603	-3011.03
540	0.414002	-3108.38
541	0.399585	-2866.13
542	0.404342	-2954.45
543	0.415937	-3098.3
544	0.406499	-2989.6
545	0.400821	-2891.85
546	0.406512	-2920.21
547	0.406007	-2932.43
548	0.403551	-2928.37
549	0.406949	-3010.21
550	0.404235	-2944.73
551	0.40946	-3070.12
552	0.402266	-2906.15
553	0.408543	-2999.46
554	0.404577	-2990.24
555	0.397726	-2842.79
556	0.411608	-3001.91
557	0.404376	-2932.43
558	0.415297	-3126.86
559	0.408144	-2978.38
560	0.411068	-3045.67
561	0.402104	-2938.69
562	0.410492	-3055.87
563	0.418418	-3180.33
564	0.40419	-2928.64
565	0.40847	-2982.65
566	0.413628	-3073.87
567	0.418552	-3124.35
568	0.408756	-2999.51
569	0.406765	-2970.12
570	0.411023	-3045.5
571	0.411558	-3055.15
572	0.410077	-3055.37
573	0.401986	-2919.28
574	0.405809	-2962.44
575	0.401362	-2894.44
576	0.405076	-2987.7
577	0.406492	-2957.46
578	0.40787	-2965.48
579	0.407645	-3000.72
580	0.404259	-2917
581	0.414656	-3115.15
582	0.403893	-2906.21
583	0.403934	-2946.55
584	0.411054	-3036.75
585	0.403333	-2947.09
586	0.406508	-2973.77
587	0.403486	-2921.97
588	0.407908	-3024.9
589	0.409641	-3003.17
590	0.411853	-3062.12
591	0.400134	-2883.65
592	0.402282	-2924.03
593	0.409211	-3040.98
594	0.410051	-3010.03
595	0.404523	-2925.2
596	0.403956	-2912.89
597	0.411388	-3048.93
598	0.414265	-3079.87
599	0.402275	-2931.25
600	0.411821	-3022.08
601	0.403506	-2943.48
602	0.40447	-2911.66
603	0.413067	-3088.03
604	0.403833	-2920.52
605	0.410878	-3064.1
606	0.408634	-2981.4
607	0.416885	-3093.28
608	0.418405	-3178.61
609	0.408292	-2977.62
610	0.404847	-2979.61
611	0.407252	-2978.27
612	0.405955	-2943.51
613	0.403373	-2962.87
614	0.408408	-2993.57
615	0.411002	-3054.42
616	0.414221	-3074.84
617	0.406708	-2977.94
618	0.407545	-3004.9
619	0.407475	-2968.06
620	0.408208	-3017.8
621	0.403689	-2934.1
622	0.401114	-2862.54
623	0.405424	-2979.23
624	0.405422	-2929.89
625	0.407217	-2998.47
626	0.407081	-2996.19
627	0.410156	-3049.72
628	0.404678	-2928.56
629	0.406589	-2982.1
630	0.414425	-3068.52
631	0.406499	-2986.89
632	0.409167	-3001.68
633	0.414905	-3110.81
634	0.407862	-3007.22
635	0.410555	-3051.92
636	0.401876	-2860.92
637	0.409074	-2970.91
638	0.406819	-2990.35
639	0.406722	-2944.74
640	0.405926	-2958.3
641	0.402104	-2887.15
642	0.414195	-3070.4
643	0.401505	-2905.92
644	0.402973	-2914.09
645	0.404687	-2978.38
646	0.40686	-2950.64
647	0.398158	-2824.08
648	0.405453	-2937.13
649	0.40944	-3003.92
650	0.410113	-3037.14
651	0.403632	-2940.61
652	0.405917	-2965.78
653	0.411192	-3077.66
654	0.414175	-3085.18
655	0.397922	-2859.12
656	0.410113	-3008.78
657	0.406982	-2993.17
658	0.400004	-2864.63
659	0.40646	-2966.64
660	0.410873	-3086.09
661	0.409203	-3023.54
662	0.404333	-2952.88
663	0.410942	-3017.91
664	0.409243	-3041.65
665	0.410704	-3020.29
666	0.406032	-2947.32
667	0.406646	-2951.25
668	0.417723	-3092.31
669	0.414957	-3066.39
670	0.405465	-2946.83
671	0.408784	-3061.67
672	0.407294	-2987.92
673	0.407857	-2961.85
674	0.416735	-3110.19
675	0.415603	-3158.77
676	0.409851	-3029.2
677	0.411438	-3048.85
678	0.405122	-2976.39
679	0.407529	-2943.21
680	0.40417	-2925.66
681	0.400944	-2898.26
682	0.412772	-3094.19
683	0.402524	-2908.6
684	0.393718	-2752.79
685	0.40314	-2916.22
686	0.411365	-3046.88
687	0.408575	-2973.11
688	0.403771	-2965.63
689	0.403681	-2894.33
690	0.406197	-2996.19
691	0.417328	-3126.88
692	0.413565	-3106.02
693	0.408464	-2989.31
694	0.406562	-2957.03
695	0.404679	-2917.72
696	0.410328	-3058.97
697	0.401632	-2896.3
698	0.40843	-3006.8
699	0.40693	-3009.05
700	0.415267	-3088.03
701	0.405217	-2936.19
702	0.415923	-3127.44
703	0.406398	-2975.05
704	0.40799	-2997.01
705	0.404134	-2945.65
706	0.40255	-2942.9
707	0.405289	-2947.6
708	0.413024	-3066.64
709	0.412662	-3085.67
710	0.405825	-2955.3
711	0.402078	-2920.19
712	0.400131	-2895.64
713	0.399657	-2846.17
714	0.407826	-3007.37
715	0.407903	-2998.45
716	0.414625	-3122.04
717	0.412167	-3019.34
718	0.407619	-2964.52
719	0.41051	-3022.46
720	0.410954	-3015.12
721	0.410494	-3028.68
722	0.408552	-2976.83
723	0.406579	-2976.07
724	0.410552	-3023.64
725	0.410871	-3033.24
726	0.405284	-2948.43
727	0.408962	-3010.61
728	0.4074	-2996.86
729	0.411568	-3000.55
730	0.395933	-2801.74
731	0.406275	-2960.2
732	0.403235	-2928.11
733	0.411125	-3064.41
734	0.405475	-2914.52
735	0.414689	-3075.92
736	0.403194	-2944.64
737	0.404898	-2921.45
738	0.408699	-2992.97
739	0.403812	-2931.07
740	0.408197	-2987.96
741	0.406131	-2984.31
742	0.412993	-3082.15
743	0.408874	-3006.95
744	0.411683	-3098.86
745	0.410257	-3017.88
746	0.407445	-2967.94
747	0.410746	-3027.21
748	0.409971	-3018.84
749	0.411554	-3025.08
750	0.412077	-3048.63
751	0.419062	-3179.04
752	0.409243	-3027
753	0.404928	-2946.17
754	0.399275	-2849.86
755	0.409937	-3060.16
756	0.406418	-3012.2
757	0.409018	-3007.86
758	0.411427	-3071.01
759	0.407013	-2989.1
760	0.411	-3033.65
761	0.403217	-2908.55
762	0.406439	-2977.09
763	0.414947	-3061.28
764	0.401887	-2909.88
765	0.403691	-2951.05
766	0.401581	-2910.85
767	0.40548	-2946.48
768	0.403901	-2946.06
769	0.406734	-3000.88
770	0.406872	-2982.14
771	0.413307	-3082.57
772	0.41117	-3072.63
773	0.412167	-3067.08
774	0.404097	-2910.98
775	0.410728	-3040.22
776	0.399889	-2854.2
777	0.415728	-3082.78
778	0.40676	-2955.86
779	0.407388	-3006.93
780	0.406925	-2958.66
781	0.406907	-2986.27
782	0.40718	-2968.23
783	0.402866	-2920.89
784	0.39958	-2846.08
785	0.409214	-3003.74
786	0.411485	-3060.93
787	0.409309	-3012.82
788	0.409278	-3044.29
789	0.406036	-2949.31
790	0.403391	-2970.06
791	0.410486	-3010.34
792	0.409545	-2984.1
793	0.411795	-3041.07
794	0.405648	-2972.5
795	0.407289	-2981.42
796	0.411949	-3100.12
797	0.407969	-3013.54
798	0.40304	-2902.24
799	0.412421	-3075.22
800	0.404819	-2899.36
801	0.416395	-3138.64
802	0.409066	-3018.99
803	0.404967	-2935.03
804	0.402115	-2909.59
805	0.410211	-3012.02
806	0.408638	-3030.41
807	0.409929	-3019.11
808	0.405237	-2999.85
809	0.41066	-3004.3
810	0.404552	-2945.51
811	0.399014	-2874.15
812	0.405295	-2933.81
813	0.406794	-2975.96
814	0.412559	-3025.29
815	0.412864	-3047.68
816	0.404115	-2941.48
817	0.410319	-3030.06
818	0.406552	-2991.9
819	0.405349	-2978.74
820	0.410145	-3009.94
821	0.402112	-2919.1
822	0.407231	-2961.91
823	0.409392	-2996.66
824	0.413294	-3030.41
825	0.419426	-3159.43
826	0.418585	-3159.97
827	0.41397	-3083.7
828	0.409231	-2990.19
829	0.402385	-2887.46
830	0.406014	-2998.86
831	0.403316	-2909.6
832	0.40644	-2968.14
833	0.415555	-3103.45
834	0.401324	-2887.06
835	0.406894	-2981.76
836	0.410305	-3000.67
837	0.403064	-2921.62
838	0.409852	-3020.57
839	0.400183	-2896.16
840	0.407784	-3006.95
841	0.408426	-2996.69
842	0.404811	-2970.03
843	0.408543	-2995.94
844	0.408517	-3027.58
845	0.406784	-2970.2
846	0.40414	-2915.44
847	0.406174	-2973.74
848	0.413644	-3035.78
849	0.411238	-3052.65
850	0.408437	-2978.88
851	0.402979	-2879.58
852	0.402292	-2898.91
853	0.401505	-2910.5
854	0.414846	-3136.1
855	0.413758	-3072.18
856	0.405354	-2923.42
857	0.410256	-2992.79
858	0.406904	-2899.41
859	0.409829	-2974.58
860	0.402068	-2928.28
861	0.402668	-2891.77
862	0.411982	-3044.47
863	0.411765	-3040.95
864	0.415318	-3134.88
865	0.413245	-3071.68
866	0.407333	-2982.22
867	0.402959	-2913.78
868	0.407943	-2991.86
869	0.407833	-2967.15
870	0.413442	-3078.56
871	0.404162	-2955.71
872	0.408155	-2998.69
873	0.414305	-3067.99
874	0.406565	-2979.63
875	0.403108	-2914.74
876	0.409535	-3047.56
877	0.403933	-2926.57
878	0.413329	-3133.07
879	0.40232	-2890.53
880	0.411141	-3049.96
881	0.41556	-3156.45
882	0.409254	-2978.74
883	0.410703	-3013.68
884	0.404377	-2938.61
885	0.412687	-3041.37
886	0.403728	-2924.47
887	0.407253	-2961.91
888	0.407068	-3004.24
889	0.414006	-3123.62
890	0.406468	-2965.43
891	0.409369	-3019.54
892	0.406454	-2979.34
893	0.402214	-2924.88
894	0.414565	-3078.88
895	0.407687	-2979.16
896	0.406212	-2957.13
897	0.410336	-3027.83
898	0.412199	-3058.38
899	0.407757	-2952.2
900	0.407321	-2969.94
901	0.406124	-2967.32
902	0.405442	-2968.61
903	0.406529	-2972.8
904	0.410099	-3001.03
905	0.408374	-3020.9
906	0.416725	-3148.56
907	0.401907	-2896.75
908	0.407788	-2972.91
909	0.403224	-2969.69
910	0.408236	-3036.64
911	0.411802	-3076.55
912	0.41228	-3019.43
913	0.407058	-2976.54
914	0.41618	-3129.94
915	0.410312	-3039.24
916	0.402304	-2874.63
917	0.404323	-2964.98
918	0.403102	-2850.94
919	0.409476	-2967.89
920	0.404095	-2966.27
921	0.403475	-2908.48
922	0.408883	-3039.73
923	0.404496	-2970.03
924	0.410371	-3052.4
925	0.407466	-3026.15
926	0.408653	-3035.59
927	0.406345	-2949.53
928	0.405855	-2949.16
929	0.413384	-3064.4
930	0.413278	-3099.24
931	0.404813	-2920.92
932	0.40492	-2925.23
933	0.409794	-3034.32
934	0.414525	-3073.69
935	0.405724	-2966.69
936	0.409465	-2993.45
937	0.399026	-2874.89
938	0.409082	-2947.7
939	0.403338	-2950.71
940	0.411437	-3068.56
941	0.41036	-3023.92
942	0.413918	-3090.56
943	0.409171	-3028.82
944	0.406913	-3012.28
945	0.413698	-3083.12
946	0.410635	-2981.98
947	0.414494	-3059.19
948	0.4148	-3082.47
949	0.409549	-3034.31
950	0.402817	-2900.37
951	0.409806	-2978.78
952	0.411207	-3025.8
953	0.410767	-3045.68
954	0.406408	-2952.34
955	0.412835	-3081.75
956	0.401778	-2895.14
957	0.405662	-2926.88
958	0.41129	-3070.82
959	0.405255	-2929.51
960	0.416728	-3152.18
961	0.412016	-3067.39
962	0.41089	-2991.97
963	0.402174	-2927.12
964	0.406098	-2942.89
965	0.412243	-3046.17
966	0.406673	-2964.27
967	0.410255	-3033.27
968	0.401292	-2867.99
969	0.403616	-2917.57
970	0.409721	-3006.12
971	0.404882	-2941.29
972	0.406391	-2989.06
973	0.40285	-2900.54
974	0.407563	-2990.8
975	0.412173	-3031.3
976	0.409137	-2974.42
977	0.409141	-3022.99
978	0.408945	-3041.87
979	0.403851	-2919.58
980	0.412663	-3085.25
981	0.408965	-3010.74
982	0.410185	-3007.43
983	0.40144	-2899.3
984	0.413442	-3087.7
985	0.404457	-2965.14
986	0.412925	-3085.94
987	0.405872	-2932.12
988	0.414253	-3082.27
989	0.404156	-2922.33
990	0.406839	-2973.12
991	0.406422	-2976.73
992	0.408036	-3003.75
993	0.412712	-3063.37
994	0.41167	-3060.08
995	0.408409	-2995.9
996	0.400882	-2912.87
997	0.402813	-2979.97
998	0.41302	-3047.86
999	0.409366	-2948.24
1000	0.410427	-3024.17
1001	0.402142	-2896.35
1002	0.410189	-3024.11
1003	0.402889	-2880.56
1004	0.406623	-2981.6
1005	0.40599	-2958.68
1006	0.401268	-2895.62
1007	0.408251	-2999.56
1008	0.412325	-3063.47
1009	0.404526	-2928.92
1010	0.405789	-2962.08
1011	0.409344	-2996.8
1012	0.408008	-3034.8
1013	0.407231	-3000.98
1014	0.410387	-3034.5
1015	0.403104	-2932.67
1016	0.404525	-2920.68
1017	0.401404	-2946.5
1018	0.413807	-3081.13
1019	0.411108	-3049.18
1020	0.409886	-3020.06
1021	0.407138	-2957.18
1022	0.408508	-2981.79
1023	0.416424	-3086.05
1024	0.406134	-2981.28
1025	0.405304	-2932.33
1026	0.401339	-2904.67
1027	0.411525	-3066.37
1028	0.411272	-3044.96
1029	0.408818	-2983.95
1030	0.420847	-3182.89
1031	0.413034	-3044.96
1032	0.407646	-2984.34
1033	0.405502	-2954.09
1034	0.397172	-2862.5
1035	0.407346	-3019.53
1036	0.413493	-3099.75
1037	0.41007	-3046.35
1038	0.414977	-3117.98
1039	0.410965	-3066.46
1040	0.406266	-2980.64
1041	0.409591	-3033.95
1042	0.407076	-3012.83
1043	0.401099	-2883.48
1044	0.406693	-2951.02
1045	0.409455	-2996.38
1046	0.408245	-3050.08
1047	0.40844	-2997.41
1048	0.41671	-3122.33
1049	0.405111	-2965.45
1050	0.409376	-2987.8
1051	0.414221	-3112.25
1052	0.410935	-3057.56
1053	0.407911	-2984.39
1054	0.406883	-2995.24
1055	0.405634	-2965.95
1056	0.415839	-3157.7
1057	0.401314	-2928.25
1058	0.405119	-2962.14
1059	0.415624	-3121.77
1060	0.399346	-2833.07
1061	0.42092	-3193.61
1062	0.405097	-2931.8
1063	0.413728	-3070.18
1064	0.411614	-3062.7
1065	0.404924	-2932.69
1066	0.40605	-2988.68
1067	0.40161	-2870.57
1068	0.406833	-2969.8
1069	0.405032	-2967.29
1070	0.411706	-3030.14
1071	0.400208	-2891.79
1072	0.403795	-2968.05
1073	0.408878	-2982.05
1074	0.408912	-2988.7
1075	0.414462	-3107.99
1076	0.410403	-3003.56
1077	0.411246	-3037.89
1078	0.412602	-3058.89
1079	0.410861	-3034.7
1080	0.412719	-3063.97
1081	0.418038	-3156.76
1082	0.399522	-2848.36
1083	0.407834	-2974.08
1084	0.407458	-2987.66
1085	0.407385	-2956.4
1086	0.405129	-2969.41
1087	0.41343	-3049.5
1088	0.411528	-3015.13
1089	0.40325	-2913.02
1090	0.407882	-3002.32
1091	0.412263	-3060.55
1092	0.407976	-2997.61
1093	0.411009	-3028.87
1094	0.409724	-3027.22
1095	0.412075	-3077.27
1096	0.404956	-2934.5
1097	0.409333	-3032.87
1098	0.407173	-2962.53
1099	0.409028	-2996.96
1100	0.405582	-2932.14
1101	0.405241	-2960.83
1102	0.406868	-2962.84
1103	0.407507	-2985.49
1104	0.410107	-2987.95
1105	0.410724	-3071.19
1106	0.404421	-2975.98
1107	0.409821	-2969.53
1108	0.403778	-2950.26
1109	0.404161	-2944.03
1110	0.404655	-2978.02
1111	0.415137	-3108.69
1112	0.405712	-2939.95
1113	0.406396	-2983.22
1114	0.406774	-2982.08
1115	0.410805	-3043.95
1116	0.406979	-2948.81
1117	0.402709	-2890.5
1118	0.407698	-2966.59
1119	0.409842	-3000.98
1120	0.414471	-3107.35
1121	0.415315	-3092.61
1122	0.406443	-2954.33
1123	0.409858	-3019.58
1124	0.407274	-2969.24
1125	0.405795	-2958.49
1126	0.403839	-2944.62
1127	0.404946	-2960.45
1128	0.406002	-2917.27
1129	0.414082	-3090.82
1130	0.41347	-3043.08
1131	0.408912	-2999.96
1132	0.409301	-3031.26
1133	0.408798	-3009.74
1134	0.398889	-2866.45
1135	0.410471	-2979.2
1136	0.411673	-3033.08
1137	0.404431	-3014.53
1138	0.417493	-3151.79
1139	0.407849	-2995.61
1140	0.40601	-2979
1141	0.405513	-2960.97
1142	0.407331	-3041.59
1143	0.408309	-2970.34
1144	0.407362	-2973.65
1145	0.408406	-2971.92
1146	0.406568	-2978.1
1147	0.408146	-2973.53
1148	0.408476	-3040.48
1149	0.408038	-2989.78
1150	0.412161	-3037.61
1151	0.404052	-2978.41
1152	0.404017	-2962.94
1153	0.411427	-3014.32
1154	0.413728	-3066.45
1155	0.413852	-3090.4
1156	0.404206	-2930.04
1157	0.409115	-3019.3
1158	0.403631	-2915.73
1159	0.405906	-2979.18
1160	0.404238	-2931.9
1161	0.408967	-3025.96
1162	0.407363	-2976
1163	0.411312	-3043.02
1164	0.402678	-2932.62
1165	0.399859	-2921.42
1166	0.406245	-3002.42
1167	0.411376	-3054.52
1168	0.404595	-2940.95
1169	0.406975	-2913.16
1170	0.404939	-2913.42
1171	0.414124	-3061.79
1172	0.413142	-3101.68
1173	0.40792	-2993.66
1174	0.401936	-2920.2
1175	0.410595	-3032.12
1176	0.398979	-2832.97
1177	0.407911	-2965.1
1178	0.404085	-2957.38
1179	0.405561	-2952.14
1180	0.416999	-3129.52
1181	0.411914	-3109
1182	0.407568	-3004.38
1183	0.407692	-2964.85
1184	0.406995	-2955.47
1185	0.409306	-2997.19
1186	0.40765	-3005.44
1187	0.406759	-2994.41
1188	0.404014	-2954.24
1189	0.412408	-3063.38
1190	0.408817	-3039.92
1191	0.410167	-2977.51
1192	0.404549	-2892.94
1193	0.410172	-3006.41
1194	0.408081	-2943.06
1195	0.408022	-2980.1
1196	0.413637	-3087.83
1197	0.414385	-3042.73
1198	0.409427	-3004.72
1199	0.403612	-2938.17
1200	0.412583	-3043.88
1201	0.412223	-3050.86
1202	0.405055	-2953.46
1203	0.404928	-2926.29
1204	0.41668	-3157.03
1205	0.410807	-3061.62
1206	0.399	-2856.97
1207	0.40867	-2971.79
1208	0.409911	-3087.94
1209	0.415082	-3101.58
1210	0.403807	-2909.26
1211	0.404928	-2965.46
1212	0.408189	-2994.59
1213	0.407645	-2956.47
1214	0.41229	-3053.48
1215	0.399574	-2885.7
1216	0.407623	-2998.6
1217	0.408984	-2991.19
1218	0.396252	-2862.23
1219	0.402775	-2869.54
1220	0.410057	-3026.2
1221	0.415074	-3090.22
1222	0.402244	-2898.5
1223	0.40449	-2929.53
1224	0.419087	-3151.53
1225	0.411387	-3066.81
1226	0.405843	-2923.1
1227	0.404567	-2946.83
1228	0.410225	-3020.11
1229	0.406441	-2958.21
1230	0.403766	-2956.19
1231	0.403196	-2936.59
1232	0.411466	-3077.41
1233	0.405454	-2980.66
1234	0.405818	-2961.58
1235	0.40782	-2987.22
1236	0.410261	-3018.81
1237	0.406638	-2988.11
1238	0.403103	-2918.02
1239	0.408545	-3001.57
1240	0.404479	-2951.09
1241	0.40572	-2953.16
1242	0.408064	-3006.95
1243	0.409034	-3013.22
1244	0.40953	-3036.32
1245	0.40214	-2894.37
1246	0.408436	-3003.15
1247	0.40902	-2979.35
1248	0.409062	-2990.36
1249	0.408964	-3028.17
1250	0.406591	-2984.14
1251	0.410277	-3027.63
1252	0.399895	-2873.4
1253	0.409327	-3011.27
1254	0.409268	-3011.1
1255	0.413336	-3050.84
1256	0.406899	-2977.53
1257	0.410002	-3013.28
1258	0.408999	-3026.15
1259	0.412441	-3086.63
1260	0.413325	-3056.43
1261	0.410557	-3005.99
1262	0.403477	-2927.66
1263	0.406302	-2970.49
1264	0.411441	-3002.79
1265	0.401606	-2855.6
1266	0.409589	-3042.95
1267	0.407854	-2989.94
1268	0.408533	-3095.04
1269	0.402895	-2894.13
1270	0.416548	-3120.63
1271	0.403434	-2913.03
1272	0.420504	-3161.12
1273	0.413319	-3073.39
1274	0.411094	-3021.01
1275	0.407731	-3036.49
1276	0.401664	-2895.41
1277	0.407445	-2942.49
1278	0.409153	-3015.86
1279	0.412001	-3028.65
1280	0.409066	-3023.9
1281	0.40296	-2925.72
1282	0.403974	-2920.22
1283	0.404259	-2935.08
1284	0.407278	-2969.06
1285	0.409753	-3014.52
1286	0.411988	-3036.69
1287	0.401739	-2938.98
1288	0.409943	-3041
1289	0.404015	-2954.52
1290	0.406685	-3014.05
1291	0.408422	-3040.35
1292	0.40914	-3026.58
1293	0.408072	-2962.9
1294	0.410201	-3042.38
1295	0.414989	-3110.62
1296	0.411542	-3060.51
1297	0.3998	-2860.18
1298	0.407654	-2985.12
1299	0.410086	-3014.88
1300	0.4017	-2897.84
1301	0.407891	-3003.61
1302	0.404262	-2900.74
1303	0.410165	-3025.2
1304	0.403082	-2957.54
1305	0.406308	-2976.25
1306	0.406799	-2992.35
1307	0.407159	-2951.82
1308	0.412524	-3046.53
1309	0.410087	-2996.54
1310	0.409334	-3010.51
1311	0.402075	-2897.83
1312	0.410315	-3053.03
1313	0.406269	-2967.32
1314	0.413756	-3008.35
1315	0.412546	-3057.25
1316	0.413575	-3092.45
1317	0.401577	-2914.17
1318	0.415449	-3112.44
1319	0.407574	-2969.69
1320	0.407515	-2991.57
1321	0.409569	-3009.87
1322	0.413788	-3073.75
1323	0.408938	-3037.75
1324	0.409311	-2970.04
1325	0.40924	-3011.13
1326	0.412904	-3064.62
1327	0.409587	-2955.83
1328	0.408833	-3014.4
1329	0.412134	-3063.11
1330	0.409452	-3021.68
1331	0.404198	-2964.94
1332	0.401855	-2891.28
1333	0.407355	-2934.44
1334	0.404123	-2921.6
1335	0.398757	-2850.26
1336	0.409101	-3026.19
1337	0.412096	-3048.48
1338	0.415625	-3131.04
1339	0.411659	-3015.55
1340	0.413114	-3069.07
1341	0.411894	-3064.54
1342	0.412819	-3070.09
1343	0.411263	-3067.08
1344	0.405631	-2918.13
1345	0.4066	-2974.82
1346	0.412591	-3057.33
1347	0.398259	-2812.79
1348	0.409318	-2990.68
1349	0.400787	-2902.95
1350	0.402214	-2848.58
1351	0.408785	-2997.03
1352	0.398352	-2836.08
1353	0.4122	-3059.17
1354	0.404602	-2973.15
1355	0.409437	-3005.02
1356	0.404157	-2920.75
1357	0.406843	-2977.2
1358	0.399167	-2869.34
1359	0.411316	-3002.53
1360	0.400267	-2862.7
1361	0.410311	-3009.77
1362	0.41326	-3094.3
1363	0.405414	-2959.01
1364	0.406385	-2974.57
1365	0.407437	-2996.68
1366	0.402137	-2876.26
1367	0.406296	-2986.46
1368	0.402189	-2938.81
1369	0.41802	-3193.43
1370	0.406595	-2983.83
1371	0.414134	-3084.13
1372	0.404082	-2921.35
1373	0.408254	-3004.18
1374	0.403188	-2947.12
1375	0.397864	-2841.09
1376	0.405038	-2968.63
1377	0.412024	-3040.7
1378	0.403987	-2916.63
1379	0.408773	-2951.02
1380	0.406595	-2962.68
1381	0.412709	-3063.71
1382	0.408883	-3016.92
1383	0.414284	-3058.81
1384	0.399683	-2852.31
1385	0.409324	-3013.23
1386	0.416351	-3137.84
1387	0.410264	-3011.85
1388	0.407447	-3033.46
1389	0.404466	-2941.92
1390	0.410929	-3089.16
1391	0.418725	-3176.95
1392	0.406005	-2959.59
1393	0.412769	-3047.53
1394	0.407329	-3000.75
1395	0.405149	-2960.05
1396	0.409339	-3032.97
1397	0.404221	-2922.02
1398	0.410832	-3028.11
1399	0.414063	-3052.35
1400	0.400631	-2925.76
1401	0.407741	-3008.66
1402	0.404162	-2930.08
1403	0.410305	-3004.74
1404	0.402556	-2940.87
1405	0.409156	-3015.79
1406	0.41051	-3017.8
1407	0.408904	-2980.29
1408	0.412943	-3068.12
1409	0.404318	-2940.65
1410	0.417171	-3115.46
1411	0.409367	-3022.21
1412	0.404707	-2924.3
1413	0.408308	-2975.12
1414	0.410245	-2998.24
1415	0.410773	-3011.51
1416	0.404461	-2937.7
1417	0.414722	-3091.52
1418	0.410311	-3000.59
1419	0.405312	-2955.6
1420	0.401997	-2904.41
1421	0.408179	-2970.89
1422	0.408409	-3016.14
1423	0.405756	-2960.07
1424	0.407754	-2948.29
1425	0.410207	-2994.96
1426	0.419232	-3190.59
1427	0.407363	-2972.77
1428	0.410204	-3011.28
1429	0.404472	-2938.46
1430	0.403022	-2902.8
1431	0.414784	-3108.76
1432	0.404742	-2912.32
1433	0.4118	-3009.27
1434	0.406305	-2977.8
1435	0.413705	-3065.18
1436	0.417947	-3230.96
1437	0.409765	-2995.19
1438	0.413675	-3066.36
1439	0.402647	-2895.16
1440	0.400198	-2894.04
1441	0.400913	-2853.43
1442	0.406786	-2968.97
1443	0.40571	-2967.83
1444	0.413804	-3064.32
1445	0.409198	-2969.28
1446	0.408301	-3051.52
1447	0.406801	-2974.11
1448	0.403498	-2950.94
1449	0.406006	-2954.73
1450	0.408541	-2965.71
1451	0.40106	-2911.03
1452	0.415133	-3101.87
1453	0.412998	-3043.43
1454	0.397588	-2858.66
1455	0.405772	-2932.33
1456	0.410916	-3063.35
1457	0.410123	-3005.08
1458	0.408153	-3025.99
1459	0.413009	-3056.79
1460	0.409494	-3010.01
1461	0.401546	-2886.09
1462	0.406056	-3009.58
1463	0.40242	-2894.34
1464	0.409531	-3016.75
1465	0.40882	-2990.08
1466	0.402459	-2920.61
1467	0.412525	-3037.13
1468	0.401032	-2839.54
1469	0.406726	-2967.02
1470	0.411084	-3005.49
1471	0.411778	-3044.57
1472	0.406146	-2954.92
1473	0.405019	-2881.57
1474	0.407948	-3019.76
1475	0.404559	-2952.32
1476	0.410735	-3066.96
1477	0.413605	-3091.92
1478	0.407189	-3005.49
1479	0.407152	-2966.35
1480	0.409251	-3003.49
1481	0.402781	-2899.74
1482	0.414502	-3040.58
1483	0.403422	-2900.4
1484	0.410754	-3005.41
1485	0.410611	-3010.01
1486	0.401423	-2908.72
1487	0.41303	-3091.04
1488	0.40855	-2953.95
1489	0.402245	-2900.58
1490	0.41632	-3103.45
1491	0.406636	-3031.44
1492	0.404797	-2962.43
1493	0.414552	-3069.94
1494	0.413286	-3113.67
1495	0.399982	-2870.42
1496	0.406124	-2983.33
1497	0.409335	-2993.4
1498	0.409562	-3018.52
1499	0.415744	-3082.88
1500	0.404353	-2979.65
1501	0.410352	-3046.59
1502	0.41365	-3106.86
1503	0.410404	-3028.13
1504	0.404852	-2982.83
1505	0.408575	-2968.48
1506	0.411564	-3056.46
1507	0.403007	-2938.12
1508	0.413372	-3085.8
1509	0.407604	-2999.53
1510	0.409227	-3039.29
1511	0.407599	-3007.43
1512	0.403764	-2912.15
1513	0.409353	-3007.84
1514	0.411241	-3029.68
1515	0.403659	-2928.56
1516	0.402485	-2940.66
1517	0.405616	-2993.01
1518	0.410877	-3028.78
1519	0.408143	-2966.87
1520	0.412833	-3050.9
1521	0.403123	-2914.69
1522	0.408841	-3012.07
1523	0.405713	-2987.87
1524	0.411355	-2991.05
1525	0.40636	-2991.6
1526	0.404161	-2906.27
1527	0.401603	-2886.65
1528	0.397538	-2841.51
1529	0.415508	-3079.62
1530	0.410858	-3020.32
1531	0.408453	-2951.97
1532	0.4036	-2899.91
1533	0.411183	-3035.54
1534	0.404096	-2928.16
1535	0.404139	-2911.47
1536	0.407836	-3014.93
1537	0.413995	-3104.9
1538	0.410811	-3057.18
1539	0.40589	-2939.92
1540	0.401635	-2920.01
1541	0.406543	-2968.72
1542	0.410575	-3045.57
1543	0.403686	-2926.14
1544	0.408502	-2964.41
1545	0.410828	-3050.94
1546	0.411992	-3064.64
1547	0.404466	-2933.63
1548	0.405841	-2970.47
1549	0.410059	-3007.64
1550	0.414386	-3088.24
1551	0.409994	-2996.57
1552	0.403715	-2970.2
1553	0.410537	-3033.33
1554	0.412637	-3065.3
1555	0.406831	-2940.8
1556	0.412341	-3062.19
1557	0.405417	-2926.1
1558	0.411765	-3047.45
1559	0.403314	-2963.26
1560	0.403289	-2892.47
1561	0.41629	-3094.74
1562	0.418639	-3139.18
1563	0.40929	-3052.9
1564	0.411605	-3037.85
1565	0.402467	-2887.56
1566	0.406815	-2954.81
1567	0.402999	-2941.08
1568	0.40253	-2904.7
1569	0.410186	-3008.33
1570	0.402551	-2923.62
1571	0.410025	-3083.16
1572	0.405239	-2926.03
1573	0.406229	-2979.6
1574	0.410175	-3021.41
1575	0.410557	-3044.03
1576	0.405876	-2922.9
1577	0.399622	-2872.25
1578	0.404825	-2977.89
1579	0.399732	-2857.82
1580	0.407444	-2994.19
1581	0.403712	-2901.1
1582	0.408367	-2995.68
1583	0.40103	-2887.47
1584	0.410964	-3064.29
1585	0.404953	-2974.05
1586	0.408631	-2971.41
1587	0.402432	-2904.24
1588	0.410448	-3047.64
1589	0.408784	-2990.13
1590	0.404317	-2901.47
1591	0.406411	-2968.3
1592	0.408189	-2973.56
1593	0.413677	-3048.69
1594	0.399892	-2902.41
1595	0.413296	-3082.57
1596	0.407029	-2994.52
1597	0.412428	-3047.79
1598	0.408077	-2956.13
1599	0.411105	-3064.84
1600	0.406477	-2936.81
1601	0.409438	-3000.59
1602	0.415104	-3063.42
1603	0.407254	-3011.92
1604	0.405362	-2976.35
1605	0.416366	-3093.62
1606	0.406195	-2984.96
1607	0.412592	-3055.16
1608	0.40393	-2951.41
1609	0.406825	-3000.91
1610	0.400753	-2879.82
1611	0.399973	-2850.2
1612	0.415007	-3110.65
1613	0.404045	-2965.26
1614	0.408393	-2999.14
1615	0.408134	-2970.85
1616	0.403475	-2962.39
1617	0.403408	-2912.08
1618	0.406855	-2973.39
1619	0.414277	-3054.15
1620	0.405269	-2979.75
1621	0.405741	-2957.09
1622	0.403984	-2952.53
1623	0.416317	-3099.15
1624	0.403297	-2897.16
1625	0.413576	-3084.5
1626	0.411913	-3053.94
1627	0.395803	-2848.82
1628	0.412847	-3091.96
1629	0.41011	-2984.41
1630	0.40149	-2875.46
1631	0.403248	-2901.83
1632	0.41415	-3085.77
1633	0.416145	-3081.72
1634	0.415873	-3088.52
1635	0.402451	-2903.76
1636	0.409313	-3008.2
1637	0.406551	-2949.08
1638	0.410882	-3068.64
1639	0.412137	-3048.08
1640	0.408465	-2977.47
1641	0.403869	-2952.09
1642	0.405432	-2959.18
1643	0.407019	-2977.23
1644	0.402774	-2954.75
1645	0.407366	-2987.67
1646	0.414863	-3082.98
1647	0.413634	-3081.75
1648	0.408355	-3012.1
1649	0.403272	-2919.81
1650	0.405102	-2957.66
1651	0.406175	-2979.74
1652	0.405355	-2978.54
1653	0.408489	-3019.09
1654	0.398347	-2838.3
1655	0.411754	-3034.54
1656	0.409968	-3042.64
1657	0.407423	-2981.3
1658	0.411709	-3052.32
1659	0.408149	-3004.35
1660	0.398157	-2856.65
1661	0.402242	-2913.17
1662	0.398638	-2849.63
1663	0.400922	-2891.18
1664	0.411536	-3019.18
1665	0.40774	-2980.54
1666	0.412416	-3057.78
1667	0.411215	-3068.76
1668	0.407344	-2958.52
1669	0.409552	-2980.19
1670	0.404401	-2945.24
1671	0.409691	-3027.77
1672	0.404399	-2900.71
1673	0.408037	-2977.5
1674	0.401591	-2907.34
1675	0.405223	-2952.34
1676	0.404747	-2950.24
1677	0.404997	-2953.91
1678	0.407427	-3010.86
1679	0.411124	-3028.85
1680	0.4021	-2870.63
1681	0.404296	-2935.92
1682	0.409695	-3014.37
1683	0.409078	-2997.96
1684	0.409786	-3003.66
1685	0.400104	-2909.26
1686	0.411079	-3036.08
1687	0.413152	-3075.81
1688	0.405449	-2964.96
1689	0.410881	-3002.97
1690	0.409695	-3045.36
1691	0.403789	-2907.67
1692	0.412543	-3079.45
1693	0.40778	-3010.32
1694	0.406383	-2961.63
1695	0.407812	-2997.77
1696	0.405112	-2980.93
1697	0.410825	-3009.56
1698	0.420822	-3170.39
1699	0.406647	-3017.77
1700	0.408306	-2999.73
1701	0.409759	-2999.08
1702	0.407747	-2992.65
1703	0.411368	-3045.91
1704	0.405007	-2958.48
1705	0.406395	-2997.2
1706	0.413229	-3114.22
1707	0.405189	-2956.22
1708	0.401717	-2901.51
1709	0.39986	-2874.6
1710	0.40634	-2958.1
1711	0.410216	-3029.61
1712	0.405145	-2968.12
1713	0.404985	-2972.59
1714	0.403652	-2879.43
1715	0.410478	-3037.96
1716	0.408697	-3038.21
1717	0.411457	-3060.75
1718	0.402608	-2908.83
1719	0.408427	-2984.36
1720	0.410798	-3010.61
1721	0.417152	-3151.51
1722	0.404059	-2933.01
1723	0.402479	-2915.7
1724	0.408107	-2950.23
1725	0.409062	-3004.81
1726	0.412229	-3107.3
1727	0.407428	-3004.83
1728	0.410978	-3058.57
1729	0.4108	-3018.24
1730	0.411013	-3040.03
1731	0.415944	-3080.23
1732	0.415977	-3088.7
1733	0.407308	-2977.53
1734	0.414936	-3111.34
1735	0.403246	-2917.72
1736	0.412233	-3016.82
1737	0.408647	-3020.8
1738	0.41029	-3064.3
1739	0.407685	-2992.13
1740	0.407888	-3025
1741	0.401126	-2900.9
1742	0.414276	-3118.85
1743	0.406273	-2950.64
1744	0.411057	-3045.27
1745	0.41304	-3076.59
1746	0.408267	-3023.97
1747	0.41217	-3053.9
1748	0.408837	-2992.99
1749	0.406109	-2962.38
1750	0.401553	-2878.77
1751	0.410434	-3063.2
1752	0.407504	-2985.65
1753	0.410472	-3003.12
1754	0.403302	-2924.06
1755	0.409588	-3021.17
1756	0.408016	-2979.14
1757	0.407825	-3059.84
1758	0.405064	-2949.25
1759	0.412286	-3082.41
1760	0.404793	-2927.52
1761	0.404601	-2950.71
1762	0.409548	-3027.84
1763	0.409448	-3018.97
1764	0.408499	-2987.62
1765	0.409764	-3055.36
1766	0.409816	-3000.5
1767	0.398602	-2869.98
1768	0.408314	-3019.65
1769	0.403993	-2909.89
1770	0.412999	-3037.26
1771	0.400504	-2862.78
1772	0.410299	-3031.45
1773	0.406355	-2999.54
1774	0.41579	-3147.81
1775	0.405654	-2955.64
1776	0.409093	-2999.76
1777	0.422364	-3219.22
1778	0.408911	-3018.36
1779	0.40632	-2965.06
1780	0.408041	-2982.96
1781	0.405479	-2930.58
1782	0.406836	-2971.06
1783	0.411611	-3032.4
1784	0.399957	-2889.99
1785	0.402979	-2946.59
1786	0.410899	-3019.01
1787	0.399116	-2865.47
1788	0.408728	-3031.9
1789	0.410288	-3036.18
1790	0.410127	-2998.54
1791	0.405068	-2936.14
1792	0.413822	-3085.02
1793	0.413259	-3052.66
1794	0.420001	-3186.13
1795	0.412989	-3067.74
1796	0.401382	-2895.19
1797	0.413384	-3078.92
1798	0.416055	-3163.98
1799	0.40533	-2929.85
1800	0.414622	-3101.65
1801	0.402089	-2903.25
1802	0.409992	-2992.59
1803	0.412394	-3076.83
1804	0.41688	-3127.98
1805	0.412511	-3053.87
1806	0.415474	-3112.6
1807	0.40129	-2909.3
1808	0.407084	-2968.24
1809	0.409698	-3012.23
1810	0.415295	-3140.68
1811	0.408241	-2997.49
1812	0.416636	-3121.23
1813	0.409165	-2982.69
1814	0.406127	-2946.49
1815	0.405591	-2949.12
1816	0.406821	-2980.42
1817	0.405063	-2953.3
1818	0.412386	-3049.54
1819	0.41376	-3125.25
1820	0.408616	-2990.42
1821	0.411514	-3033.53
1822	0.399124	-2870.42
1823	0.406825	-2947.11
1824	0.409529	-3020.41
1825	0.411544	-3028.32
1826	0.411405	-3050.59
1827	0.410655	-3062.38
1828	0.416743	-3093.46
1829	0.410505	-3030
1830	0.407169	-2938.37
1831	0.411259	-3036.59
1832	0.405408	-2966.59
1833	0.407453	-2983.12
1834	0.414452	-3049.53
1835	0.416733	-3100.37
1836	0.400384	-2876.81
1837	0.406856	-2980.65
1838	0.405689	-2972.65
1839	0.40888	-3001.25
1840	0.414628	-3119.18
1841	0.403804	-2913.03
1842	0.406092	-2945.82
1843	0.408627	-3008.11
1844	0.416816	-3110.41
1845	0.406842	-2907.28
1846	0.412829	-3054.75
1847	0.410895	-3036.15
1848	0.411583	-3052.5
1849	0.419492	-3195.67
1850	0.402221	-2928.1
1851	0.417967	-3124.54
1852	0.407285	-3010.62
1853	0.407564	-2978.73
1854	0.400966	-2861.9
1855	0.402316	-2915.99
1856	0.39817	-2851.92
1857	0.403132	-2904.11
1858	0.396067	-2842.89
1859	0.404819	-2907.25
1860	0.402322	-2931.01
1861	0.413791	-3111.43
1862	0.402255	-2903.17
1863	0.411985	-3050.15
1864	0.414732	-3122.32
1865	0.405002	-2962.21
1866	0.403942	-2952.31
1867	0.408363	-2992.62
1868	0.404746	-2919.31
1869	0.405921	-2973.46
1870	0.409911	-3025.93
1871	0.404327	-2957.14
1872	0.403917	-2972.43
1873	0.407964	-2995.94
1874	0.404027	-2964.85
1875	0.4062	-2960.79
1876	0.406806	-2980.01
1877	0.418631	-3189.35
1878	0.409686	-3002.74
1879	0.408895	-3020.87
1880	0.407441	-2993.2
1881	0.418639	-3135.72
1882	0.409452	-3018.45
1883	0.403207	-2935.41
1884	0.406088	-2951.21
1885	0.404187	-2966.89
1886	0.399404	-2895.41
1887	0.399743	-2870.54
1888	0.409766	-2989.43
1889	0.410446	-2999.52
1890	0.407078	-2988.59
1891	0.400771	-2869.47
1892	0.419883	-3198.85
1893	0.415643	-3055.87
1894	0.413849	-3069.04
1895	0.413796	-3143.43
1896	0.407684	-2975.91
1897	0.405283	-2912.98
1898	0.400935	-2927.57
1899	0.413402	-3025.62
1900	0.409844	-3015.45
1901	0.409126	-3021.09
1902	0.415897	-3099.86
1903	0.413016	-3051.01
1904	0.403188	-2918.58
1905	0.41	-3017.62
1906	0.401908	-2932.07
1907	0.406972	-2944.47
1908	0.409824	-3007.25
1909	0.40176	-2921.72
1910	0.409703	-3031.38
1911	0.404256	-2947.71
1912	0.406918	-3007.24
1913	0.408419	-3000.98
1914	0.40801	-2989.97
1915	0.410998	-3036.73
1916	0.410636	-3034.36
1917	0.406729	-3011.49
1918	0.410076	-3012.88
1919	0.417112	-3129.28
1920	0.4056	-2986.83
1921	0.413098	-3027.95
1922	0.410647	-3035.36
1923	0.413346	-3082.92
1924	0.406369	-2958.78
1925	0.410453	-3027.43
1926	0.410108	-3009.1
1927	0.407106	-2942.24
1928	0.406978	-2971.12
1929	0.406859	-2983.24
1930	0.406502	-2976.03
1931	0.401368	-2927.24
1932	0.415623	-3103.25
1933	0.414327	-3092.9
1934	0.408883	-3024.61
1935	0.415198	-3120.41
1936	0.412394	-3090.33
1937	0.409121	-3038.37
1938	0.412049	-3047.43
1939	0.407918	-3010.58
1940	0.408788	-2968.09
1941	0.410395	-3057.9
1942	0.408881	-3008
1943	0.39966	-2853.26
1944	0.397727	-2819.97
1945	0.411378	-3024.02
1946	0.408536	-3025.95
1947	0.404671	-2971.2
1948	0.406803	-2976.86
1949	0.397164	-2817.91
1950	0.406927	-2961.18
1951	0.404362	-2965.49
1952	0.405614	-2951.99
1953	0.409886	-3017.46
1954	0.419693	-3151.57
1955	0.404651	-2933.05
1956	0.410256	-3075.93
1957	0.410376	-3040.82
1958	0.400675	-2905.74
1959	0.411734	-3060.12
1960	0.414231	-3136.46
1961	0.410131	-3038.11
1962	0.413236	-3083.16
1963	0.404904	-2951.12
1964	0.408435	-3002.52
1965	0.409879	-3002.68
1966	0.400583	-2881.1
1967	0.406714	-2999.72
1968	0.404609	-2968.77
1969	0.410343	-3016.73
1970	0.404687	-2949.13
1971	0.40979	-3016.34
1972	0.403686	-2924.49
1973	0.404962	-2924.81
1974	0.406837	-2980.63
1975	0.40914	-3019.11
1976	0.403213	-2925.36
1977	0.40688	-2944.99
1978	0.411339	-3063
1979	0.414522	-3082.58
1980	0.404698	-2924.43
1981	0.407185	-3003.43
1982	0.399187	-2884.01
1983	0.408404	-3013.55
1984	0.403018	-2912.38
1985	0.40245	-2928.78
1986	0.405755	-2937.73
1987	0.404594	-2959.01
1988	0.409158	-3035.75
1989	0.407721	-2983.72
1990	0.404589	-2959.83
1991	0.412727	-3084.61
1992	0.404696	-2947.98
1993	0.411043	-3053.89
1994	0.407934	-2975.88
1995	0.403696	-2916.92
1996	0.407201	-2986.59
1997	0.414871	-3136.45
1998	0.418548	-3161.03
1999	0.412625	-3086.79
2000	0.413265	-3021.2
2001	0.411404	-3084.44
2002	0.409683	-3022.62
2003	0.413924	-3083.57
2004	0.410987	-3052.43
2005	0.409518	-2996.47
2006	0.403658	-2907.8
2007	0.410844	-3033.65
2008	0.403534	-2927.69
2009	0.409449	-3000.25
2010	0.407887	-3007.69
2011	0.402884	-2929.31
2012	0.405344	-2931.43
2013	0.40479	-2970.31
2014	0.412797	-3067.67
2015	0.401239	-2919.34
2016	0.402536	-2892.49
2017	0.413482	-3100.2
2018	0.406456	-2968.13
2019	0.410471	-3003.49
2020	0.408748	-3003.55
2021	0.410157	-3030.49
2022	0.411064	-2981.88
2023	0.413641	-3086.69
2024	0.407573	-2967.05
2025	0.408118	-3001.52
2026	0.419274	-3164.92
2027	0.417318	-3148.83
2028	0.412208	-3075.04
2029	0.413238	-3032.44
2030	0.407775	-2998.03
2031	0.411829	-3062.64
2032	0.411676	-3054.51
2033	0.4045	-2973.86
2034	0.413842	-3069.19
2035	0.414953	-3115.9
2036	0.418409	-3123.54
2037	0.409445	-2972.69
2038	0.406898	-2950.06
2039	0.412749	-3015.74
2040	0.415345	-3133.81
2041	0.410374	-3065.79
2042	0.405005	-2940.75
2043	0.413778	-3081.78
2044	0.407451	-3017.48
2045	0.412976	-3115.71
2046	0.406226	-2951.91
2047	0.400371	-2853.83
2048	0.400291	-2882.97
2049	0.39993	-2904.52
2050	0.412441	-3055.14
2051	0.406647	-2985.46
2052	0.407322	-3005.53
2053	0.406129	-2967.77
2054	0.403951	-2934.51
2055	0.410606	-3011.87
2056	0.413576	-3057.59
2057	0.407229	-2988.11
2058	0.41097	-3022.98
2059	0.416995	-3137.8
2060	0.406731	-2972.26
2061	0.410264	-3019.05
2062	0.412621	-3110.57
2063	0.404842	-2949.89
2064	0.408429	-3008.97
2065	0.407029	-2970.62
2066	0.415742	-3095.05
2067	0.407248	-2980.52
2068	0.404235	-2984.5
2069	0.404541	-2960.23
2070	0.405969	-2953.11
2071	0.405292	-2969.79
2072	0.398946	-2844.05
2073	0.411082	-3035.46
2074	0.407889	-2967.72
2075	0.409155	-3035.38
2076	0.409317	-2995.65
2077	0.415278	-3110.48
2078	0.405416	-2909.03
2079	0.407697	-2987.45
2080	0.407518	-2966.78
2081	0.408858	-3010.67
2082	0.403101	-2930.45
2083	0.413839	-3066.94
2084	0.403268	-2929.51
2085	0.405845	-2940.37
2086	0.403852	-2963.69
2087	0.415692	-3085.95
2088	0.402335	-2867.03
2089	0.402409	-2924.46
2090	0.405529	-2958.85
2091	0.410699	-3045.02
2092	0.404074	-2917.39
2093	0.406019	-2959.59
2094	0.405253	-2955.35
2095	0.408777	-2967.74
2096	0.402304	-2892.54
2097	0.407456	-2993.03
2098	0.409108	-3034.15
2099	0.408577	-2940.97
2100	0.412105	-3039.13
2101	0.407559	-2988.61
2102	0.408584	-3004.88
2103	0.411139	-3026.7
2104	0.409211	-3040.81
2105	0.407877	-2991.72
2106	0.404368	-2933.23
2107	0.410471	-3008.3
2108	0.414686	-3120.02
2109	0.411998	-3024.5
2110	0.413009	-3025.02
2111	0.403383	-2893.32
2112	0.410227	-3004.65
2113	0.407437	-2969.97
2114	0.421197	-3190.82
2115	0.410161	-2996.73
2116	0.412702	-3008.79
2117	0.408558	-2970.67
2118	0.413906	-3075.88
2119	0.413061	-3066.8
2120	0.407813	-2977.35
2121	0.406572	-2991.03
2122	0.403872	-2895.67
2123	0.408523	-2993.81
2124	0.409136	-2990.36
2125	0.414758	-3113.13
2126	0.404767	-2913.08
2127	0.410496	-3015.1
2128	0.410379	-3013.53
2129	0.40606	-2968.83
2130	0.408503	-3000.61
2131	0.406751	-2966.05
2132	0.425033	-3277.63
2133	0.414123	-3054.62
2134	0.408876	-3018.76
2135	0.40443	-2918.54
2136	0.413122	-3076.58
2137	0.405723	-3021.97
2138	0.405409	-2965.97
2139	0.414381	-3100.69
2140	0.405896	-2990.27
2141	0.407557	-2963.07
2142	0.395828	-2831.36
2143	0.406595	-2927.92
2144	0.402379	-2921.07
2145	0.403232	-2924.78
2146	0.415259	-3137.61
2147	0.408906	-3008.53
2148	0.403834	-2917.24
2149	0.406962	-2957.15
2150	0.414784	-3042.11
2151	0.407924	-2985.15
2152	0.407129	-2959.2
2153	0.41313	-3065.88
2154	0.405862	-2950.96
2155	0.404908	-2947.75
2156	0.410413	-3051.93
2157	0.406968	-2979.47
2158	0.406635	-2983.17
2159	0.409807	-3015.95
2160	0.405177	-2969.67
2161	0.408134	-2961.24
2162	0.404854	-3009.24
2163	0.409693	-3006.43
2164	0.407789	-2992.31
2165	0.407544	-2970.99
2166	0.410727	-3013.4
2167	0.410247	-3049.33
2168	0.40307	-2901.28
2169	0.40829	-2984.74
2170	0.409008	-3012.78
2171	0.415833	-3099.02
2172	0.406317	-2960.66
2173	0.404804	-2940.91
2174	0.409395	-3008.79
2175	0.411527	-3023.46
2176	0.401602	-2905.33
2177	0.409554	-3010.41
2178	0.402767	-2933.6
2179	0.412444	-3096.05
2180	0.405455	-2935.77
2181	0.414338	-3083.63
2182	0.406972	-2984.03
2183	0.405743	-2990.11
2184	0.407845	-2991.6
2185	0.410326	-3028.64
2186	0.412397	-3053.99
2187	0.404903	-2931.57
2188	0.415601	-3108.18
2189	0.411124	-3035.43
2190	0.410175	-3034.72
2191	0.407955	-2993.98
2192	0.408602	-2998.45
2193	0.405426	-2962.64
2194	0.405478	-2929.5
2195	0.406869	-2974.32
2196	0.41621	-3113.72
2197	0.40773	-2985.7
2198	0.403776	-2914.22
2199	0.40684	-2993.75
2200	0.407673	-2967.07
2201	0.409615	-3036.28
2202	0.402291	-2955.5
2203	0.415742	-3080.86
2204	0.407463	-2956.48
2205	0.399585	-2890.01
2206	0.410881	-3045.64
2207	0.411572	-3027.08
2208	0.408709	-3010
2209	0.410148	-3045.1
2210	0.404691	-2925.59
2211	0.406769	-3002.05
2212	0.404074	-2922.49
2213	0.403782	-2940.77
2214	0.411797	-3074.23
2215	0.403549	-2925.77
2216	0.41064	-2995.75
2217	0.405743	-2935.74
2218	0.413399	-3049.65
2219	0.408698	-3006.42
2220	0.407926	-3000.28
2221	0.406767	-2980.05
2222	0.409169	-2996.16
2223	0.408209	-2996.15
2224	0.404214	-2964.96
2225	0.405069	-2959.17
2226	0.4174	-3126.64
2227	0.402872	-2932.58
2228	0.403265	-2960.04
2229	0.415663	-3105.09
2230	0.407869	-2973.37
2231	0.398316	-2863
2232	0.400477	-2869.6
2233	0.403858	-2948.63
2234	0.406349	-2933.7
2235	0.410594	-2987.47
2236	0.415681	-3052.26
2237	0.406761	-2949.46
2238	0.415911	-3135.51
2239	0.409345	-3010.05
2240	0.408121	-3019.47
2241	0.409446	-3030.46
2242	0.404738	-2958.95
2243	0.411181	-3049.16
2244	0.40736	-3001.17
2245	0.416089	-3086.15
2246	0.415422	-3090.01
2247	0.407253	-3015.33
2248	0.416382	-3123.04
2249	0.412752	-3083.51
2250	0.41247	-3049.26
2251	0.409957	-3008.47
2252	0.407817	-2973.18
2253	0.408313	-2979.91
2254	0.411005	-3041.75
2255	0.403511	-2944.44
2256	0.408645	-2997.44
2257	0.411477	-3111.25
2258	0.415437	-3062.38
2259	0.412727	-3046.08
2260	0.400793	-2858.68
2261	0.40076	-2917.95
2262	0.412999	-3051.58
2263	0.410056	-3035.73
2264	0.41345	-3067.48
2265	0.41207	-3076.23
2266	0.406748	-2939.05
2267	0.406446	-2958.02
2268	0.409387	-3018.1
2269	0.408703	-2989
2270	0.411774	-3055.26
2271	0.409023	-2979.68
2272	0.412553	-3031.93
2273	0.410714	-3040.75
2274	0.412387	-3041.55
2275	0.407562	-2992.4
2276	0.413784	-3072.37
2277	0.404897	-2980.09
2278	0.410348	-3000.02
2279	0.409716	-3043.54
2280	0.415197	-3048.15
2281	0.411776	-3043.01
2282	0.414573	-3097.23
2283	0.409946	-3051.17
2284	0.407196	-2986.79
2285	0.412686	-3060.83
2286	0.404901	-2936.85
2287	0.408996	-3012.3
2288	0.412405	-3079.52
2289	0.400602	-2927.1
2290	0.401995	-2899.43
2291	0.406296	-2939.58
2292	0.413628	-3080.44
2293	0.405627	-2921.59
2294	0.409317	-2994.72
2295	0.416763	-3133.31
2296	0.406223	-2959.93
2297	0.411068	-3032.41
2298	0.404264	-2907.47
2299	0.406559	-3021.53
2300	0.407608	-2954.1
2301	0.40865	-3014.11
2302	0.408098	-3029.45
2303	0.408877	-2994.37
2304	0.408186	-3024.51
2305	0.413292	-3098.08
2306	0.402879	-2893.73
2307	0.409748	-2978.95
2308	0.413818	-3051.08
2309	0.404152	-2933.9
2310	0.415211	-3134.05
2311	0.408264	-2981.3
2312	0.396718	-2835.41
2313	0.40819	-2930.89
2314	0.405078	-2952.68
2315	0.406953	-2985.45
2316	0.408797	-2956.54
2317	0.414828	-3081.96
2318	0.404367	-2948.58
2319	0.405892	-2968.35
2320	0.409934	-2979.37
2321	0.40482	-2966.33
2322	0.400948	-2898.92
2323	0.418303	-3142.5
2324	0.418268	-3132.77
2325	0.407932	-2973.8
2326	0.40686	-2993.46
2327	0.404738	-2919.12
2328	0.408556	-2972.94
2329	0.410976	-3022.88
2330	0.405839	-2948
2331	0.414441	-3110.3
2332	0.400134	-2863.09
2333	0.401826	-2897.48
2334	0.40253	-2933.59
2335	0.406826	-2974.18
2336	0.407272	-2951.74
2337	0.410874	-3010.72
2338	0.409026	-3024.47
2339	0.40378	-2943.26
2340	0.404782	-2961.82
2341	0.41024	-3021.36
2342	0.399035	-2838.73
2343	0.410241	-2983.88
2344	0.410077	-3031.46
2345	0.409971	-2997.71
2346	0.412114	-3070.33
2347	0.408462	-3042.37
2348	0.409971	-3036.26
2349	0.410499	-3069.74
2350	0.40774	-2989.53
2351	0.40666	-2980.01
2352	0.41552	-3090.67
2353	0.412874	-3059.06
2354	0.413926	-3071.56
2355	0.412343	-3077.12
2356	0.41314	-3097.09
2357	0.410914	-3001.89
2358	0.409391	-2961.07
2359	0.411064	-3027.58
2360	0.409521	-3034.55
2361	0.40863	-3009.21
2362	0.409379	-3000.67
2363	0.41051	-3067.18
2364	0.406409	-2976.31
2365	0.407123	-3049.28
2366	0.404342	-2955.18
2367	0.408841	-3018.89
2368	0.411557	-3037.15
2369	0.405137	-2933.48
2370	0.416303	-3144.08
2371	0.408391	-2987.22
2372	0.395144	-2864.62
2373	0.407966	-2981.36
2374	0.40953	-3015.42
2375	0.40593	-2947.82
2376	0.405104	-2936.92
2377	0.410158	-3052
2378	0.407199	-2943.29
2379	0.409523	-3000.02
2380	0.404125	-2956.16
2381	0.40729	-2948.35
2382	0.408514	-3010.46
2383	0.411167	-3045
2384	0.40836	-3021.45
2385	0.406064	-2977.36
2386	0.406143	-2946.57
2387	0.411269	-3022.34
2388	0.414973	-3075.58
2389	0.414479	-3086.5
2390	0.409229	-2995.66
2391	0.40742	-2994.9
2392	0.414903	-3082.7
2393	0.412676	-3078.75
2394	0.406184	-2987.41
2395	0.403391	-2912.86
2396	0.411116	-3032.24
2397	0.408409	-3038.83
2398	0.396938	-2872.98
2399	0.419075	-3138.22
2400	0.409146	-3014.56
2401	0.402103	-2898.33
2402	0.404393	-2983.41
2403	0.402528	-2922.23
2404	0.40499	-2982.24
2405	0.403067	-2927.39
2406	0.409555	-3007.51
2407	0.409664	-3021.91
2408	0.405426	-2949.78
2409	0.408325	-2970.83
2410	0.410466	-3023.2
2411	0.419518	-3152.22
2412	0.409068	-2983.58
2413	0.407281	-2993.09
2414	0.40615	-2998.84
2415	0.406498	-2936.85
2416	0.399274	-2827.88
2417	0.407134	-2960.83
2418	0.418651	-3153.14
2419	0.409722	-3010
2420	0.40781	-2981.8
2421	0.411481	-3060.97
2422	0.408079	-3006.92
2423	0.394935	-2814.73
2424	0.408006	-3029.2
2425	0.404493	-2920.3
2426	0.403026	-2939.78
2427	0.41621	-3093.11
2428	0.408027	-3007.05
2429	0.407028	-3002.39
2430	0.404673	-2938.04
2431	0.407855	-2956.59
2432	0.403809	-2908.25
2433	0.400143	-2914.68
2434	0.411253	-3039.4
2435	0.410934	-3028.32
2436	0.411237	-3064.36
2437	0.412941	-3063.22
2438	0.399965	-2846.8
2439	0.40797	-2971.63
2440	0.413908	-3094.25
2441	0.406952	-2990.14
2442	0.41366	-3024.25
2443	0.413932	-3046.12
2444	0.411941	-3073.83
2445	0.405631	-2952.75
2446	0.410721	-3031.42
2447	0.4111	-2989.2
2448	0.405663	-2942.74
2449	0.398169	-2853.38
2450	0.403703	-2857.48
2451	0.400744	-2877.44
2452	0.403151	-2928.68
2453	0.406892	-2976.59
2454	0.414155	-3098.59
2455	0.410013	-3011.58
2456	0.412936	-3044.3
2457	0.403593	-2926.61
2458	0.404772	-2943.54
2459	0.415749	-3129.72
2460	0.408712	-3014.45
2461	0.409241	-3034.71
2462	0.421088	-3201.2
2463	0.412716	-3070.03
2464	0.40617	-2949.17
2465	0.402188	-2901.66
2466	0.409358	-3042.06
2467	0.400285	-2897.85
2468	0.406945	-2971.25
2469	0.415444	-3123.31
2470	0.401394	-2874.77
2471	0.413772	-3080.83
2472	0.407379	-2999.42
2473	0.412633	-3068.23
2474	0.40082	-2894.02
2475	0.41173	-3047.78
2476	0.412712	-3084.1
2477	0.403214	-2921.59
2478	0.411265	-3047.93
2479	0.411708	-3033.07
2480	0.41756	-3109.53
2481	0.418745	-3126.25
2482	0.416409	-3087.5
2483	0.411784	-3051.11
2484	0.419939	-3135.09
2485	0.407944	-2952.21
2486	0.406363	-2976.37
2487	0.414317	-3082.45
2488	0.403922	-2949.37
2489	0.408453	-2967.68
2490	0.408089	-2959.98
2491	0.401459	-2897.49
2492	0.405355	-2946.45
2493	0.402944	-2913.47
2494	0.406083	-2952.51
2495	0.408434	-2999.12
2496	0.404224	-2985.6
2497	0.402597	-2925.46
2498	0.399815	-2918.44
2499	0.408243	-3029.54
2500	0.409384	-3000.63
2501	0.408995	-3010.58
2502	0.412052	-3043.88
2503	0.407054	-2990.34
2504	0.404566	-2959.73
2505	0.397416	-2824.65
2506	0.402282	-2862.97
2507	0.405627	-2945.74
2508	0.40771	-2945.51
2509	0.412951	-3091.5
2510	0.403061	-2929.24
2511	0.407741	-2978.51
2512	0.410177	-3038.8
2513	0.408384	-3008.24
2514	0.407107	-2961
2515	0.41312	-3038.88
2516	0.409082	-3013.05
2517	0.405884	-2976.54
2518	0.411927	-3052.08
2519	0.408247	-2984.36
2520	0.40873	-3029.73
2521	0.405341	-2957.01
2522	0.41142	-3057.63
2523	0.402738	-2853.92
2524	0.411666	-3030.09
2525	0.403964	-2957.68
2526	0.412973	-3061.74
2527	0.405265	-2975.62
2528	0.410968	-2997.99
2529	0.414376	-3048.88
2530	0.406216	-2975.6
2531	0.411798	-3070.48
2532	0.406839	-2970.97
2533	0.406974	-2998.75
2534	0.408541	-3002.76
2535	0.404021	-2957.25
2536	0.405703	-2956.08
2537	0.408751	-2998.94
2538	0.399791	-2873.61
2539	0.412905	-3090.32
2540	0.410691	-3069.9
2541	0.407387	-2965.75
2542	0.409459	-3031.88
2543	0.409043	-3026.78
2544	0.403384	-2919.47
2545	0.409539	-3025.11
2546	0.402733	-2910.7
2547	0.405697	-2938.23
2548	0.401934	-2895.24
2549	0.401659	-2866.9
2550	0.399025	-2835.36
2551	0.409788	-3057.3
2552	0.409459	-3029.36
2553	0.417488	-3095.89
2554	0.403076	-2905.43
2555	0.398916	-2846.25
2556	0.400042	-2886.76
2557	0.40359	-2949.57
2558	0.410318	-3043.46
2559	0.410659	-3001.81
2560	0.408027	-2988.16
2561	0.400541	-2853.41
2562	0.410009	-3023.66
2563	0.412601	-3062.9
2564	0.405556	-2969.11
2565	0.413855	-3106.04
2566	0.405789	-2969.57
2567	0.407361	-2992.31
2568	0.407325	-3004.37
2569	0.41029	-3018.04
2570	0.408558	-3056.16
2571	0.403042	-2947.22
2572	0.4144	-3099.75
2573	0.409216	-3004.31
2574	0.412391	-3051.2
2575	0.405932	-2959.99
2576	0.415329	-3136.92
2577	0.413922	-3051.08
2578	0.405084	-2983.42
2579	0.398958	-2857.61
2580	0.404146	-2928.66
2581	0.405227	-2980.73
2582	0.409715	-2980.8
2583	0.397593	-2837.16
2584	0.403193	-2931.52
2585	0.409423	-3068.65
2586	0.408967	-2980.49
2587	0.404357	-2947.29
2588	0.407914	-2932.37
2589	0.409576	-3003.12
2590	0.41075	-2997.29
2591	0.413169	-3053.56
2592	0.408423	-3025.35
2593	0.40753	-2943.78
2594	0.401719	-2881.31
2595	0.414142	-3074.96
2596	0.412034	-3051.68
2597	0.412148	-3043.81
2598	0.403621	-2935.7
2599	0.419338	-3181.13
2600	0.407626	-2999.46
2601	0.414594	-3103.65
2602	0.408189	-2968.31
2603	0.40908	-3010.84
2604	0.411645	-3003.46
2605	0.407754	-2991.25
2606	0.407666	-2966.3
2607	0.412723	-3074.97
2608	0.416343	-3124.63
2609	0.397336	-2859.31
2610	0.40737	-3020.11
2611	0.416289	-3115.93
2612	0.403144	-2971.4
2613	0.408488	-3048.12
2614	0.401996	-2954.26
2615	0.404031	-2943.97
2616	0.407871	-3002.97
2617	0.40381	-2950.63
2618	0.411012	-3046.16
2619	0.395754	-2837.23
2620	0.409431	-3006.05
2621	0.400276	-2914.89
2622	0.404704	-2916.95
2623	0.407513	-3005.32
2624	0.402214	-2947.14
2625	0.399481	-2865.62
2626	0.405595	-2953.63
2627	0.405853	-2991.05
2628	0.402054	-2909.35
2629	0.40639	-2959.41
2630	0.408856	-2964.17
2631	0.408247	-2992.74
2632	0.404921	-2922.35
2633	0.408968	-3021.42
2634	0.408598	-3000.46
2635	0.399865	-2900.66
2636	0.408386	-3015.48
2637	0.409613	-3018.23
2638	0.402874	-2903.84
2639	0.406695	-2946.08
2640	0.41148	-3063.11
2641	0.402756	-2884.07
2642	0.407395	-3000.74
2643	0.409076	-2978.15
2644	0.40467	-2974.74
2645	0.409525	-3008.12
2646	0.409268	-3049
2647	0.399374	-2793.92
2648	0.409319	-3037.54
2649	0.410884	-3006.38
2650	0.40404	-2971.91
2651	0.407966	-3014.99
2652	0.412328	-3084.83
2653	0.414128	-3069.54
2654	0.410423	-3007.81
2655	0.407862	-2983.68
2656	0.405322	-2972.28
2657	0.40793	-2998.65
2658	0.407825	-2981.24
2659	0.412616	-3070.27
2660	0.407881	-3008.61
2661	0.404726	-3007.25
2662	0.406962	-2981.52
2663	0.416193	-3093.87
2664	0.410697	-3018.97
2665	0.420084	-3156.45
2666	0.411209	-3042.42
2667	0.410737	-3041.14
2668	0.413629	-3072.52
2669	0.404134	-2942.98
2670	0.411474	-3020.4
2671	0.402789	-2901.55
2672	0.411668	-3044.82
2673	0.406851	-2956.86
2674	0.403199	-2940.34
2675	0.404172	-2982.84
2676	0.405509	-2970.29
2677	0.4002	-2881.96
2678	0.405033	-2895.66
2679	0.418263	-3107.6
2680	0.403838	-2934.59
2681	0.41097	-3074.19
2682	0.406068	-2922.45
2683	0.416633	-3121.62
2684	0.405489	-2938.96
2685	0.410938	-3050.18
2686	0.402107	-2905.62
2687	0.412763	-3063.61
2688	0.409735	-3037.02
2689	0.404355	-2888.59
2690	0.404832	-2957.18
2691	0.405073	-2968.85
2692	0.407844	-2995.97
2693	0.405781	-2947.69
2694	0.406542	-2953.74
2695	0.406334	-2970.87
2696	0.405668	-2977.12
2697	0.410433	-3002.75
2698	0.40765	-2998.42
2699	0.399364	-2876.83
2700	0.40081	-2912.26
2701	0.411539	-3065.27
2702	0.410495	-3073.12
2703	0.404845	-2967.97
2704	0.407161	-3005.96
2705	0.403975	-2970.4
2706	0.402302	-2941.25
2707	0.407575	-2998.16
2708	0.403254	-2938.36
2709	0.419734	-3194.98
2710	0.408647	-3009.87
2711	0.411722	-3062.4
2712	0.40598	-2969.25
2713	0.411772	-3054.36
2714	0.409613	-3033.78
2715	0.407961	-2972.67
2716	0.408348	-2976.43
2717	0.40221	-2852.1
2718	0.419415	-3122.56
2719	0.408297	-2937.75
2720	0.412316	-3020.09
2721	0.402153	-2895.93
2722	0.410755	-2993.86
2723	0.402711	-2898.43
2724	0.406081	-2926.41
2725	0.416662	-3084.07
2726	0.408589	-2992.56
2727	0.402899	-2920.38
2728	0.410141	-3026.49
2729	0.400961	-2924.85
2730	0.407134	-2971.93
2731	0.403226	-2931.04
2732	0.415179	-3100.78
2733	0.407336	-2975.16
2734	0.413065	-3056.84
2735	0.408285	-2980.65
2736	0.408454	-2988.93
2737	0.40408	-2888.88
2738	0.415554	-3107.63
2739	0.408679	-2996.11
2740	0.408498	-3015.22
2741	0.414913	-3094.98
2742	0.409988	-3039.57
2743	0.41193	-3068.25
2744	0.405397	-2996.08
2745	0.412972	-3076.52
2746	0.407971	-2994.79
2747	0.411834	-3064.08
2748	0.408051	-3011.09
2749	0.412381	-3100.91
2750	0.402557	-2928.34
2751	0.404367	-2936.71
2752	0.404212	-2914.2
2753	0.408618	-2964.82
2754	0.410021	-3013.97
2755	0.407082	-2955.57
2756	0.409913	-3014.05
2757	0.417313	-3119.24
2758	0.409983	-3031.07
2759	0.402788	-2928.5
2760	0.411477	-3047.44
2761	0.411728	-3073.17
2762	0.411166	-3040.66
2763	0.411412	-3047.21
2764	0.412004	-3060.55
2765	0.404094	-2975.82
2766	0.398138	-2862.9
2767	0.404414	-2955.35
2768	0.404862	-2927.96
2769	0.416395	-3104.31
2770	0.412921	-3060.03
2771	0.412631	-3084.56
2772	0.405753	-2926.98
2773	0.403491	-2948.56
2774	0.415954	-3124.43
2775	0.410441	-3036.81
2776	0.412053	-3049.48
2777	0.406175	-2928.5
2778	0.404531	-2943.28
2779	0.403096	-2932.35
2780	0.408121	-2951.98
2781	0.409646	-3028.31
2782	0.41289	-3039.09
2783	0.408504	-3033.65
2784	0.408457	-3004.45
2785	0.407979	-3017.03
2786	0.411295	-3036.62
2787	0.404114	-2936.29
2788	0.416952	-3134.17
2789	0.402332	-2887.27
2790	0.407502	-3009.48
2791	0.405693	-2952.39
2792	0.401973	-2935.32
2793	0.403437	-2951.93
2794	0.409481	-2995.68
2795	0.401219	-2887.56
2796	0.404877	-2961.23
2797	0.405552	-2959.15
2798	0.40292	-2933.57
2799	0.409916	-3015.69
2800	0.401864	-2931.88
2801	0.413465	-3058.86
2802	0.406152	-2940.81
2803	0.411343	-3026.69
2804	0.400631	-2886.86
2805	0.413119	-3088.51
2806	0.405552	-2996.43
2807	0.403456	-2920.61
2808	0.397021	-2859.2
2809	0.399895	-2896.49
2810	0.411666	-3080.61
2811	0.402936	-2901.65
2812	0.406113	-2974.24
2813	0.410137	-3029.88
2814	0.407551	-3028.26
2815	0.411081	-3034.01
2816	0.409867	-3025.48
2817	0.405646	-2955.41
2818	0.399228	-2815.56
2819	0.412524	-3028.74
2820	0.416347	-3107.23
2821	0.412959	-3051.98
2822	0.403261	-2946.81
2823	0.40314	-2910.28
2824	0.417856	-3103.66
2825	0.400955	-2885.74
2826	0.412341	-3056.86
2827	0.413579	-3084.83
2828	0.415187	-3059.78
2829	0.40626	-2950.62
2830	0.408611	-3025.73
2831	0.409275	-3001.12
2832	0.410867	-3036.56
2833	0.398322	-2879.61
2834	0.403672	-2947.19
2835	0.413465	-3049.23
2836	0.402367	-2932.26
2837	0.409085	-2986.24
2838	0.409647	-2988.17
2839	0.405928	-2972.98
2840	0.40904	-2988.85
2841	0.40253	-2900.1
2842	0.40364	-2951.6
2843	0.407051	-2959.8
2844	0.407044	-2957.37
2845	0.408331	-2977.05
2846	0.404006	-2919.12
2847	0.405435	-2953.38
2848	0.400067	-2858.88
2849	0.39606	-2851.64
2850	0.404688	-2950.26
2851	0.407958	-2962.38
2852	0.406306	-2942.93
2853	0.417288	-3125.71
2854	0.416615	-3146.73
2855	0.405951	-2985.02
2856	0.408076	-2991.14
2857	0.408618	-3029
2858	0.405981	-2986.63
2859	0.403173	-2914.43
2860	0.413113	-3079.78
2861	0.411431	-3054.91
2862	0.406718	-2971
2863	0.418153	-3115.77
2864	0.401711	-2930.82
2865	0.407873	-2977.97
2866	0.414812	-3117.7
2867	0.405224	-2954.17
2868	0.410708	-3049.51
2869	0.404475	-2933.69
2870	0.411475	-3073.7
2871	0.406501	-2972.24
2872	0.405683	-2967.9
2873	0.408396	-3000.97
2874	0.40492	-2938.04
2875	0.404668	-2908.05
2876	0.411465	-3084.76
2877	0.406717	-2938.75
2878	0.411576	-3047.06
2879	0.410021	-2979.8
2880	0.41042	-2991.24
2881	0.410049	-3019.18
2882	0.405812	-2986.43
2883	0.408671	-2967.1
2884	0.403791	-2921.75
2885	0.410133	-3048.45
2886	0.401716	-2900.08
2887	0.402654	-2919.82
2888	0.399538	-2894.13
2889	0.407214	-2967.55
2890	0.409602	-3008.38
2891	0.410231	-3030.29
2892	0.406627	-2993.47
2893	0.404085	-2953.99
2894	0.408962	-3020.7
2895	0.407679	-3047.55
2896	0.410808	-3054.38
2897	0.408958	-3005.48
2898	0.409959	-3047.57
2899	0.407417	-2977.27
2900	0.413153	-3039.12
2901	0.404948	-2944.98
2902	0.405093	-2984.56
2903	0.414256	-3077.88
2904	0.411503	-3053.52
2905	0.40064	-2913.93
2906	0.405005	-2935.58
2907	0.41348	-3097.85
2908	0.412541	-3070.77
2909	0.419686	-3121.62
2910	0.411779	-3056.23
2911	0.41171	-3041.54
2912	0.410751	-3014.89
2913	0.403129	-2921.52
2914	0.409909	-3031.24
2915	0.410571	-3070.81
2916	0.406613	-2984.76
2917	0.413385	-3029.72
2918	0.40608	-2950.96
2919	0.406498	-2984.76
2920	0.392862	-2808.23
2921	0.412357	-3092.93
2922	0.410851	-3021.07
2923	0.409623	-3041
2924	0.408581	-2972.56
2925	0.404083	-2953.01
2926	0.410292	-3007.31
2927	0.403487	-2896.86
2928	0.403326	-2909.74
2929	0.415431	-3128.43
2930	0.411308	-3046.42
2931	0.407634	-2970.06
2932	0.405707	-2976.74
2933	0.407619	-2984.59
2934	0.405691	-2936.7
2935	0.404817	-2946.82
2936	0.409696	-3004.3
2937	0.406938	-2968.42
2938	0.411328	-3031.67
2939	0.413881	-3077.79
2940	0.408028	-3010.06
2941	0.405838	-2950.25
2942	0.404992	-2910.23
2943	0.41003	-2965.64
2944	0.417122	-3113.33
2945	0.405378	-2934.58
2946	0.410926	-3035.29
2947	0.405067	-2927.56
2948	0.409284	-3046.7
2949	0.410997	-3016.92
2950	0.411915	-3063.29
2951	0.410174	-3049.97
2952	0.410729	-3072.97
2953	0.415083	-3097
2954	0.41565	-3107.69
2955	0.41268	-3053.19
2956	0.410265	-3043.42
2957	0.412524	-3076.3
2958	0.413342	-3118.35
2959	0.403978	-2949.85
2960	0.413079	-3072.1
2961	0.409844	-3038.76
2962	0.406805	-2980.34
2963	0.40827	-3008.79
2964	0.406126	-2995.06
2965	0.410624	-3020.3
2966	0.411362	-3070.26
2967	0.407592	-2967.34
2968	0.410485	-3060.39
2969	0.411353	-3071.06
2970	0.409983	-2978.08
2971	0.407452	-2990.56
2972	0.409483	-3029.03
2973	0.408371	-2996.27
2974	0.407745	-2980.85
2975	0.406279	-2975.35
2976	0.405055	-2970.18
2977	0.407063	-2938.23
2978	0.401622	-2921.68
2979	0.402388	-2909.3
2980	0.408701	-3009.56
2981	0.405138	-2969.08
2982	0.406101	-2970.93
2983	0.398998	-2887.13
2984	0.406529	-2959.99
2985	0.406043	-2955.25
2986	0.40228	-2933.19
2987	0.410384	-3053.14
2988	0.412746	-3027.31
2989	0.400926	-2899.94
2990	0.400376	-2906.35
2991	0.410742	-3065.98
2992	0.40748	-2996.14
2993	0.408271	-3012.34
2994	0.408083	-2990.58
2995	0.408323	-3007.88
2996	0.406308	-2971.87
2997	0.409041	-3028.37
2998	0.410498	-3011.39
2999	0.408616	-3014.87
