0	0.40298	-2901.09
1	0.547914	-5445.26
2	0.779642	-11043.8
3	0.81661	-11913.9
4	0.842093	-12742.9
5	0.904873	-14722.5
6	0.947647	-16167
7	0.957326	-16449.3
8	0.964793	-16716.6
9	0.972077	-16967.1
10	0.971428	-16951.8
11	0.966494	-16807.7
12	0.968752	-16871.2
13	0.972063	-16991.7
14	0.972886	-17035.3
15	0.97583	-17112.7
16	0.974885	-17092
17	0.974154	-17052.1
18	0.973619	-17051.3
19	0.973061	-17032.9
20	0.975438	-17118.4
21	0.975841	-17133.8
22	0.974625	-17088.6
23	0.9773	-17182
24	0.976988	-17155.8
25	0.97593	-17126.5
26	0.976731	-17155.4
27	0.973472	-17046.4
28	0.974946	-17106.9
29	0.976323	-17145.1
30	0.975943	-17138.2
31	0.976323	-17131.6
32	0.973372	-17034.7
33	0.976117	-17135.4
34	0.976391	-17138.1
35	0.974779	-17092.4
36	0.974226	-17054.2
37	0.974814	-17090.4
38	0.974915	-17080.3
39	0.97464	-17073.5
40	0.975995	-17132.3
41	0.975552	-17122.8
42	0.975191	-17101.2
43	0.977135	-17178.7
44	0.977055	-17169.6
45	0.974843	-17077.5
46	0.972848	-17024.1
47	0.973395	-17034.1
48	0.97285	-17005.1
49	0.975482	-17108.9
50	0.97493	-17083.6
51	0.975454	-17101.5
52	0.975858	-17107.6
53	0.976314	-17143.4
54	0.975099	-17089.7
55	0.972618	-17009.7
56	0.964709	-16697.2
57	0.966116	-16756
58	0.971986	-16983.7
59	0.96952	-16890.3
60	0.969096	-16880.1
61	0.971644	-16982.8
62	0.974009	-17034.5
63	0.972635	-17016.9
64	0.975022	-17089.1
65	0.975395	-17089.4
66	0.977202	-17154.4
67	0.976526	-17168.1
68	0.975307	-17091.5
69	0.976091	-17135.6
70	0.975842	-17134.7
71	0.977689	-17207.7
72	0.977154	-17167.8
73	0.976471	-17133.8
74	0.973975	-17059.2
75	0.975894	-17137.7
76	0.974191	-17083.2
77	0.970836	-16953
78	0.970173	-16939.6
79	0.97175	-17001
80	0.974568	-17081.6
81	0.977116	-17162.4
82	0.976332	-17147
83	0.978419	-17222.1
84	0.976011	-17127.6
85	0.976354	-17133.8
86	0.97636	-17154.9
87	0.974713	-17102.8
88	0.97089	-16949
89	0.973397	-17040.3
90	0.969869	-16900
91	0.975916	-17140.1
92	0.975207	-17090.4
93	0.973253	-17042.5
94	0.973751	-17062.9
95	0.974004	-17060.7
96	0.974474	-17077
97	0.97656	-17137
98	0.973904	-17051.6
99	0.974155	-17043
100	0.976202	-17124.6
101	0.97596	-17126.1
102	0.971945	-16981.8
103	0.97431	-17042.2
104	0.977256	-17179.4
105	0.976423	-17166.3
106	0.974369	-17081.4
107	0.975349	-17114
108	0.971317	-16946.2
109	0.972679	-16999.7
110	0.969614	-16899.1
111	0.973542	-17046.5
112	0.97364	-17028
113	0.971522	-16956.5
114	0.973233	-17009.7
115	0.971594	-16950.9
116	0.973949	-17063.9
117	0.972529	-17004.8
118	0.971234	-16940.1
119	0.973467	-17021.5
120	0.973465	-17034.2
121	0.977396	-17171.3
122	0.978404	-17188.1
123	0.977996	-17192
124	0.975424	-17102
125	0.974264	-17037.6
126	0.976628	-17165
127	0.974197	-17057.5
128	0.973859	-17053.3
129	0.973404	-17026.1
130	0.974656	-17081.3
131	0.976793	-17154.2
132	0.971684	-16979.1
133	0.975538	-17095.9
134	0.9779	-17208.6
135	0.97515	-17100.5
136	0.975545	-17119.3
137	0.96996	-16892.8
138	0.967259	-16829.4
139	0.970545	-16924.8
140	0.973836	-17053
141	0.975807	-17122.6
142	0.973412	-17031.5
143	0.975701	-17110
144	0.977425	-17182.6
145	0.976824	-17138.4
146	0.976609	-17169.7
147	0.97689	-17146.7
148	0.976294	-17151.8
149	0.975101	-17092.4
150	0.972151	-16976.8
151	0.97359	-17064.9
152	0.975316	-17105.5
153	0.973293	-17035.9
154	0.974791	-17077.8
155	0.976907	-17156.7
156	0.976039	-17133.9
157	0.975023	-17071.7
158	0.975442	-17110.8
159	0.975062	-17103.1
160	0.974939	-17103.3
161	0.973884	-17051.2
162	0.97547	-17111
163	0.974523	-17072
164	0.975441	-17105.1
165	0.974581	-17084.2
166	0.972559	-17002.9
167	0.974496	-17089.1
168	0.976277	-17115.1
169	0.97399	-17055.5
170	0.974781	-17111.3
171	0.973501	-17049.1
172	0.971603	-16979.2
173	0.97146	-16962.9
174	0.973735	-17033.3
175	0.97488	-17105.9
176	0.975927	-17116
177	0.971574	-16976.2
178	0.96865	-16866.2
179	0.965779	-16779.7
180	0.975022	-17101.3
181	0.974236	-17073
182	0.977134	-17161.7
183	0.975678	-17117
184	0.976667	-17146.2
185	0.978386	-17216.6
186	0.975318	-17107.1
187	0.973332	-17039.2
188	0.970988	-16939.8
189	0.974671	-17077
190	0.975206	-17104.6
191	0.975383	-17105.1
192	0.975174	-17091.1
193	0.973392	-17029.2
194	0.976198	-17144.8
195	0.974866	-17091.5
196	0.971571	-16976.4
197	0.969714	-16889.7
198	0.972823	-17017.7
199	0.967686	-16829.5
200	0.970251	-16926.6
201	0.967725	-16851.6
202	0.969262	-16891
203	0.972103	-17004.4
204	0.972588	-17019.6
205	0.974325	-17085.4
206	0.974011	-17045.8
207	0.975945	-17130.4
208	0.977631	-17171.9
209	0.976786	-17175.3
210	0.977482	-17188.6
211	0.975468	-17104.6
212	0.974194	-17054.6
213	0.975058	-17085.9
214	0.975972	-17134.4
215	0.974275	-17074
216	0.974447	-17091
217	0.975009	-17097.7
218	0.977944	-17193.5
219	0.976888	-17157.6
220	0.976374	-17125.6
221	0.976258	-17133.4
222	0.975807	-17109.3
223	0.977657	-17182.5
224	0.977294	-17174.3
225	0.976949	-17161
226	0.975025	-17112.7
227	0.975123	-17085.8
228	0.972342	-16994.1
229	0.974103	-17040.7
230	0.974205	-17035.6
231	0.974902	-17087.4
232	0.974792	-17073.1
233	0.975463	-17099.6
234	0.975088	-17086.6
235	0.971278	-16958
236	0.969896	-16926.7
237	0.972693	-17005.2
238	0.973375	-17028.6
239	0.973512	-17029.3
240	0.974669	-17092.7
241	0.974421	-17077.8
242	0.976011	-17137.9
243	0.975496	-17113.4
244	0.974595	-17066.3
245	0.973218	-17037.4
246	0.972276	-16988.1
247	0.97383	-17038.6
248	0.970947	-16952.5
249	0.969549	-16899.8
250	0.971649	-16954.3
251	0.976482	-17137.6
252	0.97576	-17127.6
253	0.975304	-17108.3
254	0.975226	-17094.2
255	0.978031	-17202.6
256	0.975656	-17098.7
257	0.972498	-17011.3
258	0.975024	-17112.3
259	0.975524	-17124.3
260	0.975738	-17128.8
261	0.976996	-17170.4
262	0.976437	-17161.7
263	0.972487	-16991
264	0.975841	-17118
265	0.975537	-17125.4
266	0.97442	-17080.3
267	0.973668	-17056.2
268	0.974406	-17066.7
269	0.976965	-17170.9
270	0.975866	-17146
271	0.972947	-17040.9
272	0.976677	-17144.9
273	0.971684	-16968.4
274	0.973005	-17039.1
275	0.976519	-17147.4
276	0.974976	-17066.9
277	0.970658	-16929.8
278	0.975515	-17109.8
279	0.970454	-16917.9
280	0.974452	-17065.1
281	0.975776	-17130
282	0.97324	-17039.5
283	0.974007	-17063.8
284	0.974746	-17083.9
285	0.968281	-16855.6
286	0.972926	-17017.9
287	0.974034	-17063
288	0.974704	-17077.9
289	0.973117	-17020.6
290	0.974196	-17063.9
291	0.977213	-17153.1
292	0.977545	-17183.9
293	0.974492	-17092.1
294	0.97324	-17028
295	0.973415	-17026.6
296	0.976374	-17143.4
297	0.977944	-17197
298	0.974065	-17049.3
299	0.974826	-17092
300	0.97692	-17159.3
301	0.976503	-17145.2
302	0.976388	-17138.2
303	0.974876	-17089.2
304	0.976329	-17144.3
305	0.975655	-17111.3
306	0.976434	-17133.4
307	0.977328	-17167
308	0.976101	-17134.1
309	0.973111	-17001.5
310	0.975551	-17110.3
311	0.973149	-17037
312	0.974344	-17068.9
313	0.975485	-17100.1
314	0.970551	-16945.4
315	0.972107	-17020.6
316	0.972352	-16997.6
317	0.967495	-16821.3
318	0.96672	-16799.6
319	0.971487	-16960.6
320	0.969862	-16925.1
321	0.971962	-17002.2
322	0.971648	-16998.4
323	0.972494	-17021.7
324	0.97621	-17131.5
325	0.975157	-17100
326	0.975422	-17103.9
327	0.973677	-17026.4
328	0.97623	-17145.2
329	0.973713	-17043.6
330	0.973261	-17036.9
331	0.974153	-17067.5
332	0.975929	-17128.8
333	0.972703	-17023.9
334	0.973772	-17054.1
335	0.975654	-17101
336	0.973456	-17051.6
337	0.971336	-16964.8
338	0.975111	-17098.3
339	0.977107	-17172.9
340	0.978581	-17215.6
341	0.977331	-17182.2
342	0.97833	-17217.5
343	0.973763	-17041.2
344	0.976304	-17128.4
345	0.975364	-17119.1
346	0.977157	-17149.3
347	0.974565	-17077
348	0.974323	-17099.9
349	0.975874	-17136.8
350	0.974621	-17079.8
351	0.973537	-17039.1
352	0.972526	-17009.5
353	0.972562	-17021.8
354	0.974059	-17074
355	0.976797	-17164.8
356	0.979684	-17243.3
357	0.97873	-17206.8
358	0.975303	-17083.7
359	0.975851	-17141.2
360	0.976307	-17138.1
361	0.97602	-17124.9
362	0.977007	-17168.2
363	0.976743	-17151.9
364	0.976462	-17140.4
365	0.976884	-17162.8
366	0.97635	-17133
367	0.974512	-17067.5
368	0.977525	-17177
369	0.975552	-17109
370	0.972734	-17018.1
371	0.971501	-16980.5
372	0.974074	-17063.2
373	0.972722	-17000.9
374	0.974467	-17077.1
375	0.971184	-16971.3
376	0.970599	-16941.7
377	0.973647	-17058.3
378	0.975337	-17104
379	0.975447	-17104.7
380	0.974053	-17071
381	0.973134	-17029.3
382	0.974941	-17089.7
383	0.974201	-17056.8
384	0.973301	-17034.8
385	0.974254	-17075.7
386	0.975962	-17120.1
387	0.975133	-17098.6
388	0.974479	-17082.3
389	0.973878	-17045.1
390	0.974013	-17060.3
391	0.973197	-17028.8
392	0.974727	-17078
393	0.975049	-17101.2
394	0.975089	-17104.2
395	0.976047	-17126.2
396	0.973293	-17018.2
397	0.973129	-17031.5
398	0.972191	-16979.9
399	0.973756	-17034.9
400	0.975655	-17124.4
401	0.974503	-17065.8
402	0.975663	-17110.7
403	0.974089	-17057.5
404	0.973774	-17057.8
405	0.975182	-17105.1
406	0.974968	-17104.9
407	0.976102	-17146
408	0.974696	-17073.3
409	0.973187	-17028.1
410	0.970304	-16953.6
411	0.970117	-16913.6
412	0.975064	-17089.5
413	0.973509	-17041.1
414	0.967812	-16842.2
415	0.974346	-17059.5
416	0.976325	-17136
417	0.976326	-17140.1
418	0.976665	-17156.3
419	0.975773	-17119.7
420	0.974237	-17074.6
421	0.974487	-17064.2
422	0.973538	-17048.6
423	0.971993	-16987.3
424	0.972437	-16973.5
425	0.973295	-17045.1
426	0.97377	-17062.6
427	0.976054	-17117.8
428	0.975551	-17091.5
429	0.975969	-17126.8
430	0.974149	-17052.6
431	0.975606	-17101.5
432	0.971749	-16960.4
433	0.97581	-17127.9
434	0.975985	-17124.7
435	0.974746	-17091.7
436	0.973067	-17029.2
437	0.975965	-17140.6
438	0.975466	-17111.7
439	0.975147	-17086.2
440	0.975233	-17091.4
441	0.976786	-17151.3
442	0.977976	-17193.9
443	0.975322	-17085.2
444	0.9747	-17092.4
445	0.972192	-17011.9
446	0.966571	-16822
447	0.972658	-17013.7
448	0.973513	-17040.5
449	0.975251	-17111.3
450	0.974567	-17086.5
451	0.977931	-17183.9
452	0.97628	-17143.7
453	0.972861	-17018.6
454	0.975762	-17123.8
455	0.973964	-17070.5
456	0.974487	-17041.8
457	0.973687	-17044.7
458	0.970486	-16927
459	0.971781	-16972.3
460	0.972708	-17010
461	0.977637	-17193.1
462	0.974805	-17071.6
463	0.973276	-17036.9
464	0.97595	-17114.3
465	0.977466	-17171.9
466	0.973246	-17021.3
467	0.975055	-17082.1
468	0.974677	-17066.2
469	0.975107	-17088.2
470	0.97631	-17140.5
471	0.974798	-17065.8
472	0.976371	-17135.9
473	0.977079	-17157
474	0.977508	-17194
475	0.973672	-17041.3
476	0.974253	-17088.2
477	0.974038	-17071.7
478	0.970667	-16923.4
479	0.974565	-17074.1
480	0.974826	-17099.3
481	0.976247	-17137.8
482	0.978343	-17211.3
483	0.976479	-17142.8
484	0.977962	-17201.9
485	0.977596	-17184.9
486	0.975137	-17121
487	0.974303	-17058
488	0.976291	-17138.2
489	0.975565	-17107
490	0.974871	-17097.7
491	0.974424	-17045.3
492	0.973113	-17028.6
493	0.975353	-17104.4
494	0.97679	-17160.3
495	0.973709	-17062
496	0.972715	-17019.2
497	0.974185	-17070.7
498	0.975083	-17103.8
499	0.9754	-17101.3
500	0.973973	-17067.1
501	0.975974	-17118.7
502	0.976051	-17113.5
503	0.974318	-17053.3
504	0.973541	-17039.3
505	0.974503	-17062.9
506	0.975398	-17111.5
507	0.97604	-17114.4
508	0.972561	-17005
509	0.969815	-16910.1
510	0.968698	-16883.4
511	0.975497	-17109.1
512	0.976387	-17142.5
513	0.972071	-17015.2
514	0.976103	-17140.4
515	0.973353	-17033.3
516	0.97385	-17031.2
517	0.976382	-17146.6
518	0.973307	-17019.9
519	0.974064	-17068.3
520	0.97274	-16996.4
521	0.975917	-17112.2
522	0.97664	-17157.2
523	0.97671	-17173.3
524	0.971798	-16992.9
525	0.972058	-16978.8
526	0.970824	-16940.3
527	0.973911	-17067.1
528	0.974034	-17049.6
529	0.970724	-16941.6
530	0.97011	-16933.3
531	0.973824	-17031.1
532	0.976463	-17145.7
533	0.972966	-17027.8
534	0.972535	-17026.3
535	0.976845	-17169.6
536	0.977935	-17192.3
537	0.97682	-17166.3
538	0.979124	-17237.4
539	0.975936	-17122.4
540	0.97596	-17141.1
541	0.974454	-17088.2
542	0.972929	-17047.8
543	0.967838	-16839.4
544	0.972376	-16981.4
545	0.974645	-17073.3
546	0.97609	-17115.4
547	0.976603	-17148.4
548	0.974073	-17062.9
549	0.971442	-16950.9
550	0.977122	-17158
551	0.976513	-17150.1
552	0.976247	-17130.1
553	0.975321	-17102.3
554	0.973859	-17044.9
555	0.974337	-17065.9
556	0.973993	-17045.3
557	0.977222	-17167.2
558	0.973558	-17046.2
559	0.974598	-17077.6
560	0.975346	-17110.5
561	0.975707	-17121
562	0.978577	-17224.4
563	0.978547	-17208.1
564	0.978132	-17204.1
565	0.976178	-17135.5
566	0.974778	-17087.7
567	0.974578	-17084.4
568	0.976154	-17114.1
569	0.977045	-17167.6
570	0.974717	-17102.1
571	0.972493	-17007
572	0.976267	-17143.4
573	0.97443	-17088.2
574	0.971257	-16965.6
575	0.973012	-17027.4
576	0.971465	-16982.9
577	0.971604	-16991.2
578	0.97258	-16978
579	0.977216	-17183.9
580	0.977002	-17157.2
581	0.975879	-17123.1
582	0.976244	-17124.6
583	0.976126	-17133
584	0.976721	-17150.1
585	0.975821	-17127.9
586	0.976219	-17119.6
587	0.974951	-17101.2
588	0.975206	-17086.4
589	0.974188	-17078.2
590	0.975249	-17110.8
591	0.974625	-17070.7
592	0.974326	-17046.5
593	0.976761	-17151.6
594	0.974139	-17060.9
595	0.973772	-17064.1
596	0.97343	-17051.8
597	0.973632	-17051.6
598	0.972229	-17002.3
599	0.973105	-17038.8
600	0.973546	-17031.1
601	0.975055	-17090.9
602	0.972788	-17012
603	0.968894	-16883.1
604	0.972769	-17012
605	0.972055	-17009.4
606	0.971905	-16980.7
607	0.973261	-17040.5
608	0.9705	-16929.5
609	0.971162	-16946.6
610	0.974148	-17063.2
611	0.97081	-16947.3
612	0.967094	-16813.6
613	0.972479	-16993.8
614	0.976487	-17151.8
615	0.973415	-17040.6
616	0.970732	-16936.6
617	0.974073	-17053.2
618	0.975975	-17133.6
619	0.976362	-17139.1
620	0.974199	-17066.5
621	0.973172	-17057.5
622	0.967913	-16839.9
623	0.966846	-16783.9
624	0.972143	-17008.2
625	0.972164	-16979.2
626	0.975832	-17118.1
627	0.973751	-17042.5
628	0.968513	-16837.3
629	0.972288	-16989.4
630	0.976184	-17139.6
631	0.972034	-16992.3
632	0.975911	-17125
633	0.97364	-17060
634	0.97147	-16976.9
635	0.974789	-17088.3
636	0.97591	-17144
637	0.974678	-17085.9
638	0.972137	-16991
639	0.973793	-17053.8
640	0.970003	-16906.5
641	0.97349	-17057.3
642	0.975303	-17120.4
643	0.974864	-17098.1
644	0.976932	-17156.4
645	0.976071	-17139.9
646	0.974149	-17056
647	0.973977	-17069.4
648	0.975441	-17096.3
649	0.97329	-17033.6
650	0.976245	-17139.1
651	0.975677	-17122.8
652	0.974841	-17097.9
653	0.975287	-17116.9
654	0.975242	-17109.5
655	0.976631	-17141.4
656	0.972062	-16995.4
657	0.970847	-16967.7
658	0.976719	-17145.1
659	0.97638	-17141.6
660	0.975152	-17076.3
661	0.972703	-17017.7
662	0.972159	-17014.8
663	0.973983	-17038.9
664	0.974542	-17068.1
665	0.974976	-17079.9
666	0.973568	-17045
667	0.974949	-17081.3
668	0.973674	-17045
669	0.973915	-17041.1
670	0.972897	-17026.9
671	0.976702	-17156.9
672	0.976891	-17145.6
673	0.975993	-17135.2
674	0.975198	-17108.2
675	0.972069	-16979.1
676	0.975259	-17129.4
677	0.975482	-17114.5
678	0.972539	-16995.2
679	0.975027	-17090.1
680	0.970866	-16940.8
681	0.971148	-16954.4
682	0.970138	-16934.2
683	0.970722	-16951.4
684	0.973627	-17061.9
685	0.972925	-17035.1
686	0.972892	-17041.2
687	0.97386	-17033.1
688	0.974852	-17078.1
689	0.974755	-17086.9
690	0.975192	-17096.9
691	0.974666	-17079.4
692	0.974065	-17066.1
693	0.973716	-17054.6
694	0.970987	-16950.6
695	0.974123	-17059.9
696	0.973259	-17024.8
697	0.974916	-17092.5
698	0.976818	-17161.1
699	0.974682	-17082.8
700	0.9743	-17060.5
701	0.967785	-16821
702	0.974947	-17085.1
703	0.975317	-17102.6
704	0.977187	-17158.8
705	0.974827	-17091
706	0.976106	-17140.2
707	0.975833	-17128
708	0.975195	-17100.5
709	0.978233	-17201.3
710	0.969997	-16917.6
711	0.966804	-16803.4
712	0.971409	-16958.9
713	0.974573	-17072.1
714	0.9758	-17102.7
715	0.974906	-17103.1
716	0.972401	-17006.1
717	0.972928	-17020.7
718	0.976398	-17113.4
719	0.978624	-17222.4
720	0.974888	-17101.9
721	0.971821	-16981.2
722	0.971966	-16984.7
723	0.97503	-17090.9
724	0.975281	-17090
725	0.975888	-17119
726	0.975092	-17104.1
727	0.972486	-17007.6
728	0.975333	-17092.4
729	0.972785	-17023
730	0.973789	-17052.7
731	0.975447	-17110.4
732	0.975003	-17092.7
733	0.973781	-17065.1
734	0.970484	-16961.6
735	0.975782	-17117.5
736	0.976004	-17123.8
737	0.974044	-17062.7
738	0.970467	-16949.8
739	0.97502	-17078.3
740	0.973563	-17049.9
741	0.972243	-16994.2
742	0.970025	-16915.7
743	0.967966	-16825.3
744	0.968082	-16860.6
745	0.9703	-16947.6
746	0.971334	-16949.9
747	0.971344	-16975.2
748	0.96854	-16875.1
749	0.973543	-17034.3
750	0.974709	-17089.5
751	0.972982	-17006.1
752	0.975829	-17118.6
753	0.973945	-17051.7
754	0.975764	-17120.1
755	0.97493	-17095.5
756	0.974614	-17092.3
757	0.975921	-17130
758	0.975083	-17087.9
759	0.97614	-17112.5
760	0.97496	-17095.1
761	0.974506	-17078.1
762	0.974112	-17079.3
763	0.972138	-16998.5
764	0.972055	-16995
765	0.974302	-17064.8
766	0.977024	-17156.5
767	0.976824	-17158.2
768	0.973554	-17042.9
769	0.972691	-17034
770	0.975792	-17114.9
771	0.973422	-17030.6
772	0.97072	-16942.2
773	0.971248	-16963.3
774	0.974667	-17101.1
775	0.975215	-17117.3
776	0.973677	-17057.1
777	0.976316	-17140
778	0.976081	-17111.4
779	0.970576	-16938.3
780	0.970009	-16924.9
781	0.97351	-17040
782	0.971652	-16971.1
783	0.973661	-17043.3
784	0.972498	-17016.4
785	0.975047	-17099.3
786	0.974719	-17103.8
787	0.975708	-17119.7
788	0.976738	-17161.6
789	0.97501	-17088.7
790	0.974728	-17074.6
791	0.974078	-17046.4
792	0.976485	-17139
793	0.9764	-17130
794	0.974396	-17092.8
795	0.976195	-17128.6
796	0.974356	-17058.5
797	0.976668	-17136.9
798	0.976437	-17135.5
799	0.977277	-17176.5
800	0.976444	-17157.1
801	0.976517	-17159
802	0.973814	-17061.2
803	0.975943	-17126
804	0.971001	-16946.2
805	0.971008	-16968.3
806	0.972962	-17016.1
807	0.97157	-16966.8
808	0.975206	-17103.9
809	0.975679	-17106.9
810	0.973673	-17052
811	0.974718	-17066.6
812	0.975287	-17101.8
813	0.975457	-17098
814	0.973173	-17026.8
815	0.973759	-17059.3
816	0.974342	-17060.1
817	0.973482	-17046.5
818	0.973866	-17024.2
819	0.976421	-17136.9
820	0.974677	-17072.7
821	0.97442	-17071
822	0.975861	-17117.7
823	0.974836	-17083.5
824	0.973273	-17017.5
825	0.974568	-17084.3
826	0.972823	-17010.4
827	0.974054	-17057.3
828	0.975346	-17108.4
829	0.972792	-17016.9
830	0.974864	-17076.8
831	0.972698	-17029.1
832	0.971344	-16973.5
833	0.973659	-17039.6
834	0.973332	-17031.4
835	0.970924	-16935
836	0.974979	-17090.2
837	0.974852	-17081
838	0.97137	-16972.4
839	0.972979	-17017
840	0.971536	-16964.5
841	0.975257	-17096.3
842	0.973909	-17057.5
843	0.975416	-17099.5
844	0.975577	-17114.4
845	0.975561	-17120.7
846	0.976413	-17149.9
847	0.977783	-17210.9
848	0.975436	-17094.6
849	0.97344	-17028.8
850	0.971703	-17000.3
851	0.970533	-16935
852	0.969612	-16895.6
853	0.973413	-17037.8
854	0.973155	-17020.9
855	0.972019	-16983.3
856	0.973991	-17073.4
857	0.969428	-16898.5
858	0.971432	-16956.4
859	0.974381	-17068
860	0.976081	-17126.7
861	0.969344	-16890.9
862	0.970252	-16927
863	0.973528	-17039.2
864	0.975084	-17100.1
865	0.974571	-17080.2
866	0.977016	-17160.5
867	0.974334	-17062.6
868	0.976317	-17154.4
869	0.975649	-17133.9
870	0.975811	-17119.9
871	0.97687	-17159.8
872	0.974403	-17067
873	0.974417	-17063.2
874	0.975954	-17114
875	0.976497	-17143.2
876	0.974034	-17052.7
877	0.976436	-17140.2
878	0.978822	-17227.7
879	0.974818	-17073.8
880	0.975395	-17124.7
881	0.974552	-17083.8
882	0.974455	-17063.9
883	0.977565	-17183
884	0.97643	-17151.8
885	0.975128	-17090.7
886	0.976406	-17133.4
887	0.974292	-17062.2
888	0.973843	-17045
889	0.975345	-17112.8
890	0.974428	-17070.9
891	0.974264	-17063.5
892	0.974206	-17065.4
893	0.97346	-17033.7
894	0.97555	-17111.9
895	0.971897	-16988.6
896	0.974014	-17057.4
897	0.974148	-17083.2
898	0.973447	-17028.4
899	0.975268	-17103
900	0.974998	-17106.2
901	0.974904	-17082.4
902	0.974971	-17091.6
903	0.976869	-17168.8
904	0.976938	-17158.4
905	0.974798	-17091.9
906	0.976071	-17141.9
907	0.977029	-17163.5
908	0.975152	-17105.7
909	0.975758	-17117.6
910	0.977209	-17157.2
911	0.974987	-17090.6
912	0.97383	-17040.6
913	0.972916	-17028.3
914	0.975556	-17103.9
915	0.976667	-17132.5
916	0.975226	-17103.9
917	0.974722	-17098
918	0.974229	-17076.9
919	0.977816	-17187.5
920	0.977127	-17170.4
921	0.974805	-17094.2
922	0.973509	-17056.7
923	0.973638	-17047.6
924	0.97453	-17064.8
925	0.97411	-17044.8
926	0.974798	-17054.7
927	0.976241	-17146.5
928	0.974027	-17067.2
929	0.971399	-16977.7
930	0.971155	-16954
931	0.972352	-17039.6
932	0.975388	-17097.2
933	0.973387	-17031.2
934	0.974875	-17103.3
935	0.977712	-17204.3
936	0.976428	-17143.7
937	0.974272	-17052.9
938	0.973701	-17025.7
939	0.974975	-17082.4
940	0.974561	-17078.3
941	0.975746	-17121.6
942	0.97622	-17128.5
943	0.974015	-17055
944	0.97318	-17018.1
945	0.972009	-16985.5
946	0.974143	-17053.9
947	0.975473	-17091.9
948	0.974663	-17091.1
949	0.971126	-16966.2
950	0.976427	-17140.5
951	0.974572	-17079.7
952	0.973266	-17043.1
953	0.976723	-17152.9
954	0.975338	-17109.9
955	0.971626	-16969.5
956	0.97388	-17058.5
957	0.974673	-17099
958	0.976225	-17154
959	0.973988	-17071.7
960	0.969129	-16872.1
961	0.972249	-17012.6
962	0.968475	-16865.5
963	0.973546	-17060.5
964	0.975152	-17106.7
965	0.974557	-17076.2
966	0.977473	-17159.7
967	0.97384	-17048.2
968	0.974335	-17062.8
969	0.974759	-17078.3
970	0.97635	-17159.9
971	0.975464	-17090.1
972	0.974485	-17094.1
973	0.971434	-16976.3
974	0.974015	-17067.7
975	0.974864	-17067.6
976	0.976728	-17161.1
977	0.975217	-17086.8
978	0.97418	-17070.9
979	0.975551	-17113.6
980	0.977201	-17162.3
981	0.977547	-17189.2
982	0.97647	-17147.3
983	0.977632	-17185.4
984	0.975252	-17098.9
985	0.973989	-17054
986	0.976265	-17126.1
987	0.974092	-17081.4
988	0.968865	-16866.1
989	0.95865	-16551.9
990	0.972115	-16991.1
991	0.972632	-17014.1
992	0.974383	-17079.6
993	0.974278	-17065.3
994	0.971369	-16937.9
995	0.971301	-16952.9
996	0.975459	-17094.9
997	0.976186	-17131.8
998	0.973468	-17056.1
999	0.970693	-16964.6
1000	0.972021	-16997.8
1001	0.97377	-17049.7
1002	0.974283	-17059.3
1003	0.976372	-17158.1
1004	0.976176	-17135.5
1005	0.973132	-17024.7
1006	0.975539	-17115
1007	0.976644	-17125.3
1008	0.972437	-17014.3
1009	0.972027	-16987.8
1010	0.97119	-16969.9
1011	0.975313	-17095.3
1012	0.975022	-17098.8
1013	0.97535	-17092.1
1014	0.977261	-17175
1015	0.973677	-17072.9
1016	0.975661	-17129.8
1017	0.975594	-17116.2
1018	0.978571	-17220.7
1019	0.974498	-17068.6
1020	0.976031	-17133.4
1021	0.974179	-17069.2
1022	0.975986	-17117.1
1023	0.97315	-17017.8
1024	0.971341	-16958.7
1025	0.974022	-17067
1026	0.974689	-17077
1027	0.973952	-17055.8
1028	0.974081	-17076.3
1029	0.973673	-17046.9
1030	0.97644	-17136.6
1031	0.975309	-17090.7
1032	0.974622	-17065.9
1033	0.975912	-17106.7
1034	0.97613	-17121.2
1035	0.976925	-17149.1
1036	0.973034	-17003.5
1037	0.971221	-16960.5
1038	0.968719	-16876.8
1039	0.971187	-16968.9
1040	0.976067	-17133.9
1041	0.974784	-17095
1042	0.974044	-17042.4
1043	0.974321	-17064.8
1044	0.973337	-17024.9
1045	0.974588	-17069.9
1046	0.975847	-17108.1
1047	0.977013	-17143.8
1048	0.974997	-17095.5
1049	0.973878	-17046.3
1050	0.975259	-17109.2
1051	0.972531	-16999.7
1052	0.971878	-17002.4
1053	0.975926	-17113.9
1054	0.977511	-17173.7
1055	0.975395	-17105
1056	0.971342	-16970.9
1057	0.970483	-16939
1058	0.971944	-17004.6
1059	0.971438	-16976.4
1060	0.975818	-17116.6
1061	0.973974	-17045.7
1062	0.973725	-17047.9
1063	0.97564	-17121
1064	0.973404	-17043.1
1065	0.973654	-17050.9
1066	0.976094	-17129.5
1067	0.976293	-17129.7
1068	0.975127	-17077.6
1069	0.971403	-16941.3
1070	0.969668	-16902.1
1071	0.973439	-17027.3
1072	0.97228	-16988.1
1073	0.973031	-17026.5
1074	0.969941	-16893
1075	0.971472	-16962.9
1076	0.975198	-17112.1
1077	0.977009	-17168
1078	0.976448	-17129.6
1079	0.975005	-17091.2
1080	0.974374	-17069.5
1081	0.974452	-17068.9
1082	0.973268	-17036.2
1083	0.973241	-17027.2
1084	0.974302	-17072
1085	0.972636	-17009.8
1086	0.971701	-16971.9
1087	0.972576	-16990.2
1088	0.975508	-17109.1
1089	0.976455	-17156.9
1090	0.97309	-17045.4
1091	0.972543	-16999.9
1092	0.970429	-16945
1093	0.975099	-17093
1094	0.971864	-16987.1
1095	0.974018	-17066.8
1096	0.973089	-17031.6
1097	0.976266	-17138.1
1098	0.977344	-17191.2
1099	0.9755	-17102.3
1100	0.976288	-17126.9
1101	0.976218	-17119.6
1102	0.974128	-17044.5
1103	0.973315	-17046
1104	0.972284	-16990.3
1105	0.974863	-17090.6
1106	0.977543	-17179.2
1107	0.978102	-17200.3
1108	0.975407	-17109.9
1109	0.975628	-17113.8
1110	0.975326	-17099.9
1111	0.97623	-17115.9
1112	0.97437	-17060.2
1113	0.975397	-17118
1114	0.975623	-17122.1
1115	0.973035	-17040.1
1116	0.972491	-17004.6
1117	0.975676	-17116.1
1118	0.977023	-17161.9
1119	0.976676	-17161.9
1120	0.977294	-17178.6
1121	0.976526	-17152.3
1122	0.976714	-17154.9
1123	0.971401	-16965
1124	0.973581	-17038.5
1125	0.973971	-17061.9
1126	0.97508	-17110.6
1127	0.973111	-17047
1128	0.972747	-17031.6
1129	0.970992	-16951.9
1130	0.96876	-16874.2
1131	0.972743	-17002.6
1132	0.97618	-17128.8
1133	0.973364	-17061.3
1134	0.972507	-17016.7
1135	0.975438	-17112.7
1136	0.973631	-17044
1137	0.97469	-17075.9
1138	0.975583	-17111
1139	0.977294	-17172.4
1140	0.97707	-17169.6
1141	0.975678	-17117.5
1142	0.970868	-16939.8
1143	0.969834	-16940.1
1144	0.973566	-17025.1
1145	0.973001	-17022.5
1146	0.973425	-17045.9
1147	0.976146	-17133
1148	0.974357	-17062.8
1149	0.977532	-17174.3
1150	0.975894	-17116.9
1151	0.973289	-17010.9
1152	0.970238	-16932.5
1153	0.976137	-17118.4
1154	0.975389	-17112.1
1155	0.976489	-17133.3
1156	0.976133	-17119.9
1157	0.977837	-17196
1158	0.974174	-17053.3
1159	0.972694	-17009.7
1160	0.976356	-17147.3
1161	0.975907	-17135.3
1162	0.972519	-17000.3
1163	0.974395	-17059
1164	0.973121	-17006.3
1165	0.975459	-17113.4
1166	0.972756	-17012.7
1167	0.972298	-16978.5
1168	0.973986	-17066.1
1169	0.975844	-17140.2
1170	0.975009	-17110.6
1171	0.975881	-17124.7
1172	0.975918	-17146.1
1173	0.975346	-17111
1174	0.973063	-17036.2
1175	0.971751	-16986.7
1176	0.971914	-16981.2
1177	0.973244	-17037.1
1178	0.972432	-16975.1
1179	0.974993	-17094.6
1180	0.971655	-16966.1
1181	0.970572	-16950.8
1182	0.967218	-16808.3
1183	0.970206	-16933.5
1184	0.974162	-17073.6
1185	0.972606	-16996.1
1186	0.96963	-16902.8
1187	0.972669	-17035.5
1188	0.975365	-17090.3
1189	0.977647	-17177.2
1190	0.97583	-17139.2
1191	0.975824	-17123.1
1192	0.974549	-17079.2
1193	0.973243	-17023.9
1194	0.973121	-17006.7
1195	0.96633	-16769.6
1196	0.967879	-16847.8
1197	0.974633	-17079.3
1198	0.97352	-17034.4
1199	0.972158	-16993.8
1200	0.972413	-16992.7
1201	0.97141	-16964.1
1202	0.973985	-17072.8
1203	0.974013	-17057.2
1204	0.973999	-17058.9
1205	0.974064	-17062
1206	0.9751	-17107.1
1207	0.976914	-17150.7
1208	0.975347	-17100.3
1209	0.975349	-17101.6
1210	0.973258	-17029.2
1211	0.977087	-17158.7
1212	0.975101	-17093.3
1213	0.973787	-17044.2
1214	0.975162	-17091
1215	0.976832	-17164.9
1216	0.975997	-17132.4
1217	0.97579	-17094.9
1218	0.973369	-17023.4
1219	0.976523	-17148.9
1220	0.974214	-17083.6
1221	0.975404	-17099.9
1222	0.975423	-17112.2
1223	0.976607	-17146.7
1224	0.977351	-17156.1
1225	0.975824	-17117.4
1226	0.973991	-17075.1
1227	0.973877	-17052.8
1228	0.974714	-17077.3
1229	0.973088	-17015.6
1230	0.973805	-17055.9
1231	0.976845	-17153.2
1232	0.97317	-17037.1
1233	0.975916	-17118.7
1234	0.97663	-17155.2
1235	0.972721	-17023.6
1236	0.972518	-17007.8
1237	0.976726	-17146.3
1238	0.976425	-17137.3
1239	0.973774	-17047.8
1240	0.972629	-17006
1241	0.975002	-17080.4
1242	0.975167	-17088.1
1243	0.976472	-17146.5
1244	0.97566	-17114.4
1245	0.973043	-17036.6
1246	0.97398	-17042.5
1247	0.976367	-17131.1
1248	0.974472	-17086.9
1249	0.974251	-17065.1
1250	0.974895	-17085.8
1251	0.972293	-17001.8
1252	0.971771	-16959
1253	0.972253	-16995.9
1254	0.975925	-17139.5
1255	0.977572	-17189.2
1256	0.97457	-17053.8
1257	0.971666	-16960.5
1258	0.97442	-17081.1
1259	0.976585	-17163.9
1260	0.975459	-17121
1261	0.975431	-17104.9
1262	0.973879	-17049.4
1263	0.974378	-17083.5
1264	0.976086	-17134.7
1265	0.977487	-17172.3
1266	0.977218	-17184.1
1267	0.974672	-17086.4
1268	0.973591	-17037.7
1269	0.974892	-17084.2
1270	0.976242	-17140.1
1271	0.976909	-17174.1
1272	0.974329	-17082.6
1273	0.979514	-17251.1
1274	0.978339	-17201.7
1275	0.973641	-17052.4
1276	0.973105	-17011.9
1277	0.9758	-17114.5
1278	0.973964	-17051.9
1279	0.976738	-17152.6
1280	0.978492	-17230.4
1281	0.974505	-17068.6
1282	0.971979	-16995.3
1283	0.968089	-16844.3
1284	0.971374	-16981.3
1285	0.97373	-17037.3
1286	0.976282	-17155.9
1287	0.976685	-17158.2
1288	0.976931	-17163.6
1289	0.974839	-17084
1290	0.969026	-16885.2
1291	0.95925	-16522.6
1292	0.960269	-16565
1293	0.961858	-16663.1
1294	0.969101	-16880.7
1295	0.967769	-16835.4
1296	0.968028	-16853.5
1297	0.967266	-16838.9
1298	0.970619	-16919
1299	0.974647	-17074.4
1300	0.974286	-17056.6
1301	0.974447	-17072.5
1302	0.973942	-17048.8
1303	0.975192	-17090
1304	0.97576	-17113.1
1305	0.975833	-17118.1
1306	0.973394	-17034.6
1307	0.97289	-17013.3
1308	0.974432	-17063.4
1309	0.970592	-16927.2
1310	0.971376	-16964.2
1311	0.971922	-16975.3
1312	0.973062	-17022.3
1313	0.970963	-16942.8
1314	0.974066	-17047.9
1315	0.976243	-17136
1316	0.977356	-17158.2
1317	0.975638	-17115.8
1318	0.972801	-16994.9
1319	0.971828	-16998.7
1320	0.973336	-17049.6
1321	0.975421	-17113.8
1322	0.973912	-17059.7
1323	0.974333	-17070.5
1324	0.975918	-17121.3
1325	0.972772	-17023.8
1326	0.975879	-17113.9
1327	0.976421	-17140.3
1328	0.976225	-17146.1
1329	0.971471	-16966.9
1330	0.974073	-17068
1331	0.975444	-17115.4
1332	0.976305	-17133.5
1333	0.977593	-17184.8
1334	0.978779	-17223.4
1335	0.976927	-17147.4
1336	0.975494	-17111.2
1337	0.97353	-17046
1338	0.971458	-16947.2
1339	0.974359	-17083.5
1340	0.976199	-17141.7
1341	0.97504	-17100.6
1342	0.975631	-17121.6
1343	0.972486	-17009.3
1344	0.974352	-17064.4
1345	0.975505	-17101.6
1346	0.97606	-17142.1
1347	0.975858	-17118.8
1348	0.974666	-17081.3
1349	0.972865	-17003.1
1350	0.97416	-17057
1351	0.971948	-16969.8
1352	0.974737	-17090.4
1353	0.975789	-17117
1354	0.976009	-17109.1
1355	0.974631	-17063.1
1356	0.970587	-16942.9
1357	0.973161	-17006.8
1358	0.971213	-16938.8
1359	0.970677	-16910.4
1360	0.974226	-17076.1
1361	0.973504	-17058.6
1362	0.975298	-17128.3
1363	0.974137	-17064.7
1364	0.975965	-17113.2
1365	0.977492	-17190.4
1366	0.975635	-17100.6
1367	0.971722	-16988.4
1368	0.969916	-16910.5
1369	0.973356	-17038.4
1370	0.974977	-17087.7
1371	0.97606	-17134.6
1372	0.975163	-17117.6
1373	0.974894	-17093.8
1374	0.975187	-17102.8
1375	0.974566	-17086.1
1376	0.973388	-17030.6
1377	0.971092	-16950.3
1378	0.963668	-16716.4
1379	0.96831	-16857.7
1380	0.972715	-17012
1381	0.974911	-17087.6
1382	0.973654	-17052.7
1383	0.976602	-17131
1384	0.971889	-16991.6
1385	0.974186	-17068.5
1386	0.971785	-16989.4
1387	0.972025	-17012.3
1388	0.972282	-17010.6
1389	0.974295	-17082.3
1390	0.975627	-17120
1391	0.974087	-17066.4
1392	0.975829	-17134.9
1393	0.975342	-17097.7
1394	0.975208	-17112.1
1395	0.973287	-17049.6
1396	0.97465	-17086.2
1397	0.976253	-17126.4
1398	0.97055	-16936.3
1399	0.974506	-17055.7
1400	0.973365	-17032.3
1401	0.973209	-17017.4
1402	0.974091	-17074.5
1403	0.972691	-17024.8
1404	0.972752	-16991.4
1405	0.975433	-17119.9
1406	0.973841	-17060
1407	0.974509	-17075.8
1408	0.974046	-17038.7
1409	0.973277	-17027.7
1410	0.973908	-17049.1
1411	0.972616	-17006.2
1412	0.97549	-17131.8
1413	0.973631	-17033.7
1414	0.972112	-16987.7
1415	0.971881	-16993
1416	0.975127	-17091.4
1417	0.976671	-17159.5
1418	0.97504	-17113.8
1419	0.972093	-16989.3
1420	0.966107	-16783.8
1421	0.970588	-16953.4
1422	0.973787	-17053.8
1423	0.973219	-17005.2
1424	0.972063	-16967.1
1425	0.972667	-17028.5
1426	0.971602	-16983.4
1427	0.971936	-16984.7
1428	0.971836	-16965.8
1429	0.971815	-16977.3
1430	0.973889	-17039.2
1431	0.976241	-17140
1432	0.972056	-17002.6
1433	0.970908	-16959
1434	0.972776	-17015.2
1435	0.973596	-17029.9
1436	0.972735	-17003.9
1437	0.972662	-17014.6
1438	0.972483	-17009
1439	0.972045	-16976
1440	0.973575	-17028.2
1441	0.97793	-17194.3
1442	0.976528	-17135.6
1443	0.977003	-17158.6
1444	0.975642	-17138.4
1445	0.977987	-17208
1446	0.976454	-17143.8
1447	0.975055	-17089
1448	0.972416	-17014.7
1449	0.970258	-16944.8
1450	0.973091	-17016.9
1451	0.972769	-17007.6
1452	0.971489	-16968.5
1453	0.974345	-17096
1454	0.974102	-17077.7
1455	0.974236	-17065.2
1456	0.975625	-17122.5
1457	0.975769	-17098
1458	0.976587	-17160.1
1459	0.976646	-17135.7
1460	0.975227	-17092.6
1461	0.975728	-17111.3
1462	0.974326	-17067.7
1463	0.971915	-16985.3
1464	0.972775	-16989.5
1465	0.970331	-16917.6
1466	0.972727	-17000.1
1467	0.974228	-17056.6
1468	0.97587	-17139.5
1469	0.976414	-17153
1470	0.978637	-17217.7
1471	0.976455	-17140.7
1472	0.977232	-17169
1473	0.978977	-17236.4
1474	0.976113	-17137.8
1475	0.97545	-17107
1476	0.976876	-17151.5
1477	0.975346	-17119.4
1478	0.971261	-16957
1479	0.975591	-17109
1480	0.976098	-17135
1481	0.97089	-16956.1
1482	0.973797	-17032.9
1483	0.974439	-17059.8
1484	0.975334	-17111.5
1485	0.974157	-17048.5
1486	0.975415	-17102.5
1487	0.973572	-17056.6
1488	0.971816	-16964.2
1489	0.97454	-17093.4
1490	0.97332	-17049.9
1491	0.976757	-17148.3
1492	0.977804	-17184
1493	0.977187	-17165
1494	0.975364	-17102.5
1495	0.97291	-17030.3
1496	0.974032	-17058.4
1497	0.977182	-17177.4
1498	0.975417	-17107.7
1499	0.976274	-17125.5
1500	0.974313	-17070.1
1501	0.975106	-17103.8
1502	0.972911	-17019.6
1503	0.973602	-17039.6
1504	0.974818	-17088.8
1505	0.973627	-17037.2
1506	0.976282	-17139.6
1507	0.973226	-17042
1508	0.973885	-17066.4
1509	0.976386	-17136.1
1510	0.978428	-17228.6
1511	0.977167	-17166.6
1512	0.975794	-17128.2
1513	0.974158	-17050.5
1514	0.975818	-17129.2
1515	0.971548	-16974.6
1516	0.975075	-17085.1
1517	0.974795	-17086.1
1518	0.973922	-17059.2
1519	0.975366	-17108.5
1520	0.97236	-16996
1521	0.977309	-17159.2
1522	0.975927	-17119.4
1523	0.97068	-16952
1524	0.975082	-17098
1525	0.974995	-17099.5
1526	0.972249	-16999.6
1527	0.973019	-17005.1
1528	0.974674	-17073.6
1529	0.972043	-17005
1530	0.970705	-16927.4
1531	0.972324	-16967.8
1532	0.97479	-17080.3
1533	0.970007	-16895.9
1534	0.970668	-16951.5
1535	0.96804	-16844.4
1536	0.968656	-16884.9
1537	0.967914	-16856.4
1538	0.966652	-16795.8
1539	0.973475	-17016.1
1540	0.972601	-16994.9
1541	0.974125	-17053.8
1542	0.97297	-17023.2
1543	0.974359	-17077.6
1544	0.971466	-16941
1545	0.973171	-17026.7
1546	0.97412	-17053.1
1547	0.976517	-17131.7
1548	0.975069	-17106.5
1549	0.973075	-17026.4
1550	0.976361	-17132.8
1551	0.971309	-16956
1552	0.972168	-16987.3
1553	0.972701	-17012
1554	0.970989	-16948
1555	0.973295	-17031.8
1556	0.973909	-17067
1557	0.973485	-17047
1558	0.976141	-17143.5
1559	0.977215	-17174.5
1560	0.976962	-17170
1561	0.97495	-17089
1562	0.974035	-17060.8
1563	0.979285	-17228.4
1564	0.978181	-17207.8
1565	0.973034	-17024.4
1566	0.975848	-17117.8
1567	0.971672	-16977
1568	0.974675	-17081.6
1569	0.97398	-17049.7
1570	0.975897	-17127
1571	0.977001	-17156.4
1572	0.977412	-17177.8
1573	0.97456	-17082.9
1574	0.977814	-17182.2
1575	0.974215	-17057.3
1576	0.973677	-17031.1
1577	0.975259	-17084.8
1578	0.976978	-17170.5
1579	0.975924	-17125.7
1580	0.976826	-17140.1
1581	0.975003	-17094.6
1582	0.973656	-17061.1
1583	0.974236	-17082.7
1584	0.97465	-17090.6
1585	0.974011	-17059.8
1586	0.975291	-17078
1587	0.973696	-17020.4
1588	0.976328	-17147.2
1589	0.977259	-17169
1590	0.976771	-17145.8
1591	0.975351	-17090.6
1592	0.97558	-17103.4
1593	0.975822	-17133.1
1594	0.974539	-17079.9
1595	0.976088	-17140.8
1596	0.976442	-17138.7
1597	0.975252	-17089.4
1598	0.974654	-17085.1
1599	0.975112	-17108.1
1600	0.975664	-17128.6
1601	0.977292	-17193.8
1602	0.973453	-17046.8
1603	0.969196	-16897.1
1604	0.97208	-16990.9
1605	0.977295	-17188.7
1606	0.973595	-17042.2
1607	0.974081	-17036.9
1608	0.976282	-17135.9
1609	0.973941	-17062.5
1610	0.972751	-17010.7
1611	0.975358	-17109.2
1612	0.973948	-17060.1
1613	0.974465	-17082.2
1614	0.973905	-17059.5
1615	0.971892	-16988.1
1616	0.974731	-17071.2
1617	0.970976	-16968.1
1618	0.974712	-17085.1
1619	0.971133	-16930.9
1620	0.975421	-17092.2
1621	0.975429	-17107
1622	0.973613	-17043.9
1623	0.974547	-17049.8
1624	0.970427	-16913.8
1625	0.971421	-16956.6
1626	0.971489	-16979.5
1627	0.972365	-16994.6
1628	0.969519	-16904.4
1629	0.970287	-16904.7
1630	0.971273	-16981
1631	0.973077	-17019.6
1632	0.974345	-17061.4
1633	0.973226	-17018.5
1634	0.976259	-17137.1
1635	0.978195	-17194.4
1636	0.977025	-17146.1
1637	0.977373	-17174.1
1638	0.974318	-17073.5
1639	0.975433	-17106.9
1640	0.976161	-17128.4
1641	0.976394	-17156.2
1642	0.971514	-16970.5
1643	0.975526	-17112.1
1644	0.976051	-17124.7
1645	0.975602	-17116.1
1646	0.974477	-17088.7
1647	0.974952	-17099.5
1648	0.968159	-16861.2
1649	0.971793	-16961.6
1650	0.975732	-17116.1
1651	0.976251	-17134.8
1652	0.97642	-17141.1
1653	0.976163	-17131.4
1654	0.973481	-17045.9
1655	0.97224	-17005.8
1656	0.973605	-17038.3
1657	0.975251	-17117.8
1658	0.974466	-17079
1659	0.975818	-17128
1660	0.975265	-17107.7
1661	0.975267	-17109.3
1662	0.972557	-17024.3
1663	0.972844	-17031.4
1664	0.973611	-17040.8
1665	0.973899	-17055.1
1666	0.974613	-17093
1667	0.974843	-17091
1668	0.973692	-17036.6
1669	0.975037	-17089.9
1670	0.97425	-17071.8
1671	0.974186	-17069.7
1672	0.977189	-17175.4
1673	0.976563	-17153.3
1674	0.974483	-17080.6
1675	0.976164	-17135.5
1676	0.974478	-17059.6
1677	0.975009	-17093.2
1678	0.974429	-17069.1
1679	0.972729	-17001.7
1680	0.973682	-17037.9
1681	0.972989	-17002
1682	0.974345	-17069.8
1683	0.975306	-17104.9
1684	0.975484	-17118.9
1685	0.974241	-17062.6
1686	0.971849	-16981.3
1687	0.973105	-17014.5
1688	0.972217	-16993.3
1689	0.972296	-16987.2
1690	0.975157	-17083.4
1691	0.975138	-17110.3
1692	0.978458	-17213.9
1693	0.97308	-17036.2
1694	0.974087	-17072
1695	0.972103	-16999.9
1696	0.974084	-17036.4
1697	0.973503	-17062.3
1698	0.972998	-17029.2
1699	0.974861	-17078.7
1700	0.976092	-17138
1701	0.978471	-17205.6
1702	0.977065	-17187.2
1703	0.97312	-17015.4
1704	0.974932	-17078.9
1705	0.975538	-17135.3
1706	0.9774	-17175.9
1707	0.975799	-17118.9
1708	0.975855	-17111.1
1709	0.974382	-17088.8
1710	0.975316	-17114.3
1711	0.977037	-17173.6
1712	0.974354	-17071
1713	0.974771	-17109.2
1714	0.975832	-17119.6
1715	0.974223	-17068.9
1716	0.974679	-17074.8
1717	0.974441	-17093.5
1718	0.973482	-17029.4
1719	0.974814	-17089.3
1720	0.974024	-17048.9
1721	0.977409	-17194.4
1722	0.975701	-17132.3
1723	0.973255	-17038.2
1724	0.97247	-16993.5
1725	0.974389	-17062.7
1726	0.974107	-17083.8
1727	0.974821	-17074
1728	0.975246	-17100.7
1729	0.977901	-17198.5
1730	0.975622	-17114.2
1731	0.976964	-17154.7
1732	0.976828	-17161.3
1733	0.974447	-17083.6
1734	0.976385	-17139.3
1735	0.976214	-17141.3
1736	0.972438	-16984.7
1737	0.971193	-16975.5
1738	0.973205	-17011.5
1739	0.973315	-17049.3
1740	0.973619	-17023.6
1741	0.972677	-17014.4
1742	0.972045	-16987.8
1743	0.97055	-16952
1744	0.970888	-16929.8
1745	0.974547	-17075
1746	0.973263	-17033.8
1747	0.975215	-17091.9
1748	0.972741	-17005.5
1749	0.972951	-17002.9
1750	0.971904	-16998.3
1751	0.971899	-16999
1752	0.973823	-17028.6
1753	0.972908	-17031.2
1754	0.97197	-16971.8
1755	0.971656	-16983.6
1756	0.973934	-17050.4
1757	0.974765	-17092.4
1758	0.976607	-17136.8
1759	0.975802	-17119.8
1760	0.973549	-17027.2
1761	0.973269	-17005.4
1762	0.97456	-17073.6
1763	0.973282	-17005.4
1764	0.976263	-17130.6
1765	0.973844	-17035.7
1766	0.973218	-17026.3
1767	0.97371	-17058
1768	0.970881	-16947.5
1769	0.973384	-17004.5
1770	0.966941	-16828.6
1771	0.973105	-17031.9
1772	0.975329	-17112.1
1773	0.974002	-17066.1
1774	0.975029	-17099.3
1775	0.97656	-17149.2
1776	0.977076	-17176.7
1777	0.97383	-17062.4
1778	0.974333	-17079.5
1779	0.976284	-17143.7
1780	0.975396	-17105.2
1781	0.974415	-17055.6
1782	0.973663	-17034.9
1783	0.97341	-17054.8
1784	0.975012	-17113
1785	0.973214	-17041.6
1786	0.969464	-16899.2
1787	0.968117	-16850.2
1788	0.970593	-16942.5
1789	0.973909	-17049.6
1790	0.976456	-17151.6
1791	0.973981	-17055.2
1792	0.970243	-16948.7
1793	0.969421	-16895.5
1794	0.966164	-16804.4
1795	0.969276	-16894.5
1796	0.969326	-16888.9
1797	0.96241	-16620.3
1798	0.965029	-16737.7
1799	0.971806	-16978.5
1800	0.97431	-17093.5
1801	0.973625	-17024.1
1802	0.978304	-17226.4
1803	0.975814	-17137.1
1804	0.975957	-17109
1805	0.976178	-17122.5
1806	0.975624	-17121
1807	0.975418	-17114.1
1808	0.973662	-17050.9
1809	0.973043	-17034.1
1810	0.977615	-17192.8
1811	0.974332	-17080.7
1812	0.972491	-17038.1
1813	0.970264	-16925.5
1814	0.972008	-16988.4
1815	0.976158	-17141.7
1816	0.976753	-17149.4
1817	0.976117	-17113.2
1818	0.974399	-17048
1819	0.974544	-17082
1820	0.976829	-17144.1
1821	0.978252	-17192.6
1822	0.976504	-17145.1
1823	0.97719	-17165.8
1824	0.975299	-17114.9
1825	0.975113	-17100.3
1826	0.97516	-17091
1827	0.972347	-17000.7
1828	0.97387	-17070.7
1829	0.977205	-17171
1830	0.97316	-17012.8
1831	0.975306	-17106.8
1832	0.976273	-17149.6
1833	0.973658	-17053.4
1834	0.974645	-17089.6
1835	0.9772	-17152.4
1836	0.972793	-17003.5
1837	0.97322	-17028.7
1838	0.975989	-17128.8
1839	0.976454	-17156.3
1840	0.973095	-17014.6
1841	0.972937	-17031.3
1842	0.974227	-17074.2
1843	0.972347	-17004.8
1844	0.97335	-17034.4
1845	0.97313	-17023.2
1846	0.97718	-17172.2
1847	0.975655	-17111.7
1848	0.973774	-17061.2
1849	0.974951	-17086.9
1850	0.975759	-17109.2
1851	0.973111	-17023.3
1852	0.968743	-16867.7
1853	0.974604	-17080.4
1854	0.976659	-17156.8
1855	0.975322	-17106.7
1856	0.976681	-17153.5
1857	0.977635	-17190
1858	0.975095	-17109.9
1859	0.976635	-17141.6
1860	0.976004	-17114.5
1861	0.976925	-17163.8
1862	0.975474	-17099.6
1863	0.977341	-17154.9
1864	0.975921	-17113.8
1865	0.976554	-17141.7
1866	0.976405	-17149.5
1867	0.977172	-17161
1868	0.974936	-17082.8
1869	0.97295	-17040.9
1870	0.972337	-17006.9
1871	0.974782	-17084
1872	0.974536	-17077.5
1873	0.977347	-17177.7
1874	0.976607	-17141.5
1875	0.97363	-17043
1876	0.974358	-17061.1
1877	0.976178	-17133.1
1878	0.97297	-17024.9
1879	0.973491	-17034.5
1880	0.974299	-17070.5
1881	0.970513	-16924.5
1882	0.957835	-16481.9
1883	0.965843	-16799.5
1884	0.968129	-16870.2
1885	0.974285	-17072.4
1886	0.974484	-17076.9
1887	0.975744	-17101.4
1888	0.976105	-17136.4
1889	0.974773	-17068.9
1890	0.976918	-17155
1891	0.976503	-17151.2
1892	0.975345	-17080.1
1893	0.975563	-17121.3
1894	0.973152	-17027.8
1895	0.969684	-16905.6
1896	0.97578	-17114.6
1897	0.976737	-17160.7
1898	0.97543	-17111.6
1899	0.975831	-17119.2
1900	0.977036	-17155.8
1901	0.973449	-17046.6
1902	0.979097	-17235.3
1903	0.976857	-17159.6
1904	0.976827	-17148.9
1905	0.973301	-17051.1
1906	0.9732	-17011.8
1907	0.974836	-17085.3
1908	0.976442	-17135.2
1909	0.974348	-17075.7
1910	0.970189	-16914.1
1911	0.971838	-16975.8
1912	0.970102	-16924.9
1913	0.971962	-16990.5
1914	0.974422	-17056.4
1915	0.971465	-16968.3
1916	0.972245	-16970.5
1917	0.973091	-17023.7
1918	0.977968	-17191.2
1919	0.973083	-17018
1920	0.970788	-16942.7
1921	0.972305	-16997.3
1922	0.971789	-16975.9
1923	0.972955	-17032.3
1924	0.973317	-17016.5
1925	0.971898	-16989.6
1926	0.969747	-16899.6
1927	0.969039	-16864.3
1928	0.973236	-17016.2
1929	0.974313	-17053.3
1930	0.972536	-16999.4
1931	0.969488	-16907.1
1932	0.972808	-16995.2
1933	0.973959	-17045.7
1934	0.97767	-17178.9
1935	0.979189	-17246.2
1936	0.976401	-17155.4
1937	0.977172	-17183.9
1938	0.974559	-17073.5
1939	0.976441	-17130.9
1940	0.975578	-17108.2
1941	0.974135	-17082.7
1942	0.974378	-17070.7
1943	0.975521	-17108.8
1944	0.976179	-17150.6
1945	0.973846	-17049.7
1946	0.973628	-17049.1
1947	0.97528	-17098.6
1948	0.975749	-17127
1949	0.978149	-17217.9
1950	0.974202	-17062.2
1951	0.973625	-17056
1952	0.976432	-17143.9
1953	0.973606	-17039.2
1954	0.971089	-16951.7
1955	0.975441	-17119.9
1956	0.97373	-17069.7
1957	0.972709	-17023.4
1958	0.975424	-17100
1959	0.976386	-17155.4
1960	0.976012	-17121.6
1961	0.977178	-17168.1
1962	0.978297	-17202.5
1963	0.977486	-17186.4
1964	0.977544	-17179.2
1965	0.97387	-17064.1
1966	0.97505	-17101.7
1967	0.975596	-17105.3
1968	0.976187	-17141.1
1969	0.975375	-17121.5
1970	0.976121	-17135.6
1971	0.978298	-17216.5
1972	0.974821	-17078.7
1973	0.973518	-17030.1
1974	0.977083	-17180.2
1975	0.976095	-17146
1976	0.97554	-17121.1
1977	0.977953	-17203.2
1978	0.978177	-17210
1979	0.975376	-17098.3
1980	0.976519	-17140.1
1981	0.971265	-16986.8
1982	0.971999	-17001.2
1983	0.970932	-16960.3
1984	0.971181	-16948
1985	0.972853	-17019.2
1986	0.973836	-17054.2
1987	0.975259	-17109
1988	0.976283	-17149.7
1989	0.976034	-17137.5
1990	0.976497	-17147.1
1991	0.97416	-17073.2
1992	0.97487	-17097.9
1993	0.978528	-17215
1994	0.97189	-16964.1
1995	0.973697	-17048.4
1996	0.975286	-17075.4
1997	0.975354	-17096.3
1998	0.971945	-16995.3
1999	0.974288	-17074.8
2000	0.971453	-16979.5
2001	0.972995	-17025.7
2002	0.968501	-16878.5
2003	0.969559	-16900.9
2004	0.970475	-16915.6
2005	0.974902	-17089.7
2006	0.975772	-17123.9
2007	0.974745	-17103.7
2008	0.977149	-17169.4
2009	0.977071	-17168.4
2010	0.977367	-17182.8
2011	0.978927	-17226.4
2012	0.974424	-17069.4
2013	0.970848	-16965.7
2014	0.975726	-17115.6
2015	0.977222	-17176.7
2016	0.976887	-17164.5
2017	0.972654	-17003.8
2018	0.975107	-17095.1
2019	0.972005	-16949.2
2020	0.974476	-17058.4
2021	0.976024	-17136
2022	0.975106	-17101.8
2023	0.973962	-17083.6
2024	0.975071	-17095.3
2025	0.977734	-17196.2
2026	0.975927	-17135
2027	0.975046	-17091.8
2028	0.97361	-17050.6
2029	0.975328	-17113.2
2030	0.976581	-17137.4
2031	0.976958	-17165.8
2032	0.976458	-17134.5
2033	0.974487	-17055.6
2034	0.973767	-17053.8
2035	0.971709	-16995.8
2036	0.97052	-16931.1
2037	0.971907	-16953.5
2038	0.973635	-17036.5
2039	0.973055	-17024.9
2040	0.972996	-16999.2
2041	0.971866	-16985.3
2042	0.972319	-16997.5
2043	0.972364	-17023.6
2044	0.973566	-17055.4
2045	0.972012	-16996.6
2046	0.973509	-17038.4
2047	0.972236	-17002.5
2048	0.974601	-17076.7
2049	0.973341	-17050.6
2050	0.975879	-17122.8
2051	0.97332	-17035.1
2052	0.974946	-17078.4
2053	0.976493	-17141.5
2054	0.97407	-17043
2055	0.974526	-17068.6
2056	0.976573	-17145.7
2057	0.977722	-17175.7
2058	0.976492	-17153
2059	0.975602	-17108.4
2060	0.972691	-17007.7
2061	0.97439	-17072.7
2062	0.9768	-17167.4
2063	0.975512	-17105.3
2064	0.974726	-17088.6
2065	0.974448	-17062.6
2066	0.972845	-17018.9
2067	0.974812	-17072.6
2068	0.973629	-17041.2
2069	0.972531	-16995.1
2070	0.972367	-17001.2
2071	0.972894	-17012.4
2072	0.972467	-17005.3
2073	0.975016	-17104.2
2074	0.975549	-17105
2075	0.974033	-17058.3
2076	0.974566	-17096.9
2077	0.974938	-17079.3
2078	0.976797	-17151.7
2079	0.97711	-17173.4
2080	0.976186	-17129.5
2081	0.976348	-17160.6
2082	0.975471	-17117.5
2083	0.977692	-17173.7
2084	0.974382	-17068
2085	0.974378	-17078.4
2086	0.974795	-17104.9
2087	0.976017	-17132.7
2088	0.974157	-17054
2089	0.974659	-17082.7
2090	0.975225	-17092.7
2091	0.973093	-17025
2092	0.97023	-16934.3
2093	0.973474	-17023.5
2094	0.972959	-17031.4
2095	0.973724	-17066.7
2096	0.975357	-17115.1
2097	0.973347	-17045.3
2098	0.974452	-17094.5
2099	0.975362	-17095.1
2100	0.976271	-17151.2
2101	0.9737	-17051.9
2102	0.977461	-17179.3
2103	0.974887	-17109.4
2104	0.975829	-17104.1
2105	0.973714	-17054.6
2106	0.974611	-17086.9
2107	0.972561	-17019.8
2108	0.972255	-16973.5
2109	0.971609	-16983.6
2110	0.971786	-16982.5
2111	0.974845	-17095.6
2112	0.975877	-17107.7
2113	0.973128	-17018.8
2114	0.971257	-16961.3
2115	0.975874	-17125.6
2116	0.976264	-17137.4
2117	0.972581	-16987.2
2118	0.972754	-17025.8
2119	0.976223	-17153.5
2120	0.975724	-17131.9
2121	0.975247	-17111.3
2122	0.975289	-17099.7
2123	0.975136	-17107.7
2124	0.974129	-17078.4
2125	0.974902	-17082.3
2126	0.974411	-17041
2127	0.974006	-17045.2
2128	0.975978	-17126.9
2129	0.975718	-17127
2130	0.975935	-17126.1
2131	0.974116	-17049.7
2132	0.976307	-17145
2133	0.977433	-17176.6
2134	0.97778	-17181.4
2135	0.976663	-17154.3
2136	0.97749	-17173.4
2137	0.975269	-17107.2
2138	0.974456	-17087.7
2139	0.975827	-17119.2
2140	0.97654	-17132.8
2141	0.976391	-17147.1
2142	0.971389	-16969.1
2143	0.9724	-16969.8
2144	0.974693	-17073.8
2145	0.976523	-17150.6
2146	0.975017	-17109.3
2147	0.976253	-17133.9
2148	0.975335	-17104.4
2149	0.97583	-17113.7
2150	0.975839	-17115.5
2151	0.973392	-17033.1
2152	0.973733	-17022.9
2153	0.9743	-17065.1
2154	0.971922	-16992.4
2155	0.97253	-16992.6
2156	0.973776	-17072.5
2157	0.974455	-17068.9
2158	0.973963	-17043.7
2159	0.975423	-17106
2160	0.972359	-17007.2
2161	0.973837	-17057.3
2162	0.975011	-17093
2163	0.973704	-17046.8
2164	0.973518	-17043.7
2165	0.97318	-17045.7
2166	0.974268	-17065.8
2167	0.971205	-16967.3
2168	0.977836	-17191.3
2169	0.975973	-17130.9
2170	0.972025	-16968.3
2171	0.974128	-17061.6
2172	0.975557	-17124.5
2173	0.976204	-17127
2174	0.974763	-17078.6
2175	0.974117	-17058.4
2176	0.975854	-17128.9
2177	0.976511	-17132.2
2178	0.974157	-17060.2
2179	0.975361	-17112.2
2180	0.974658	-17088.3
2181	0.974015	-17052.7
2182	0.97467	-17085.3
2183	0.973801	-17058.8
2184	0.97326	-17015.1
2185	0.97504	-17079.8
2186	0.97798	-17186.2
2187	0.978393	-17203.1
2188	0.977223	-17152.9
2189	0.978713	-17229.9
2190	0.977143	-17173.3
2191	0.975599	-17108.9
2192	0.974322	-17072.5
2193	0.972666	-17012.3
2194	0.975579	-17109.6
2195	0.97509	-17094.5
2196	0.971669	-16986.4
2197	0.97386	-17060.3
2198	0.976106	-17124.2
2199	0.975471	-17128.2
2200	0.975049	-17097.2
2201	0.9728	-17029.8
2202	0.976047	-17136.9
2203	0.978333	-17202.3
2204	0.975032	-17107.4
2205	0.973796	-17037.8
2206	0.977754	-17196.1
2207	0.973518	-17037.4
2208	0.977339	-17189.7
2209	0.974635	-17065.3
2210	0.977631	-17193.1
2211	0.977297	-17170.6
2212	0.976931	-17177.6
2213	0.977129	-17151.5
2214	0.976496	-17138.3
2215	0.974712	-17090.2
2216	0.976212	-17145.6
2217	0.973837	-17042.7
2218	0.973861	-17034.4
2219	0.974738	-17071.2
2220	0.974512	-17100.3
2221	0.973857	-17050.6
2222	0.974329	-17066.5
2223	0.976531	-17138
2224	0.977564	-17184.8
2225	0.975127	-17091.8
2226	0.972166	-16994.3
2227	0.969974	-16903.6
2228	0.969684	-16913.9
2229	0.972885	-17001.8
2230	0.97685	-17161.7
2231	0.974362	-17073
2232	0.972437	-17002.4
2233	0.97341	-17019.7
2234	0.971128	-16967
2235	0.973313	-17031.8
2236	0.975617	-17117.1
2237	0.974852	-17098.8
2238	0.973962	-17049.9
2239	0.973054	-17012.7
2240	0.974575	-17075.3
2241	0.975349	-17100.8
2242	0.973846	-17074.4
2243	0.976529	-17123.6
2244	0.973967	-17037.5
2245	0.977519	-17176.1
2246	0.97424	-17058
2247	0.976553	-17154
2248	0.974058	-17051.2
2249	0.97507	-17084.1
2250	0.976245	-17149.6
2251	0.976052	-17128.1
2252	0.975382	-17114.7
2253	0.972179	-17004
2254	0.976769	-17158.9
2255	0.973623	-17053
2256	0.97261	-17012.2
2257	0.97541	-17098.4
2258	0.97496	-17077.1
2259	0.975762	-17124.8
2260	0.976674	-17152.3
2261	0.97635	-17138.9
2262	0.976829	-17149.3
2263	0.977417	-17161.1
2264	0.976679	-17153
2265	0.975934	-17139.2
2266	0.977518	-17173.9
2267	0.976805	-17147.2
2268	0.975519	-17098
2269	0.97421	-17065.1
2270	0.974261	-17053.2
2271	0.973184	-17030.7
2272	0.972105	-16986.9
2273	0.973437	-17041.4
2274	0.974806	-17081.5
2275	0.975627	-17112.6
2276	0.975176	-17095.1
2277	0.973586	-17019.4
2278	0.975045	-17074.8
2279	0.975121	-17081.2
2280	0.975549	-17113.8
2281	0.974307	-17075.2
2282	0.976497	-17156.7
2283	0.972803	-16995.8
2284	0.976022	-17149.7
2285	0.976551	-17143.6
2286	0.975879	-17113.1
2287	0.974161	-17054.6
2288	0.973493	-17037.6
2289	0.975086	-17089.3
2290	0.973252	-17034.9
2291	0.97344	-17038.3
2292	0.976631	-17154.9
2293	0.973784	-17042.9
2294	0.969419	-16899.8
2295	0.971558	-16977.4
2296	0.970955	-16966.2
2297	0.971008	-16959.4
2298	0.97096	-16936.4
2299	0.971174	-16965.2
2300	0.972713	-17009.8
2301	0.973377	-17048.1
2302	0.974243	-17063.1
2303	0.974788	-17089.9
2304	0.975345	-17090.9
2305	0.976256	-17124.6
2306	0.975907	-17119.7
2307	0.975814	-17136
2308	0.976242	-17138.5
2309	0.974744	-17090
2310	0.977609	-17161.5
2311	0.976906	-17166.2
2312	0.978084	-17191.1
2313	0.975073	-17066.7
2314	0.969351	-16885.2
2315	0.975621	-17131.5
2316	0.974682	-17080.2
2317	0.972947	-17026.4
2318	0.970162	-16910.3
2319	0.970593	-16932.2
2320	0.972566	-17017.5
2321	0.971659	-16967.2
2322	0.974933	-17087
2323	0.972306	-16996.4
2324	0.977051	-17168
2325	0.976945	-17156.5
2326	0.976266	-17142.6
2327	0.976929	-17142.5
2328	0.97578	-17110.4
2329	0.975573	-17130.6
2330	0.97285	-17030.5
2331	0.974197	-17055.4
2332	0.97195	-16985.6
2333	0.974283	-17070.8
2334	0.971637	-16958.4
2335	0.97455	-17091.8
2336	0.975903	-17129.6
2337	0.977479	-17189.5
2338	0.976495	-17160.3
2339	0.974234	-17075.9
2340	0.977224	-17183.4
2341	0.974914	-17098
2342	0.97684	-17147.8
2343	0.974801	-17105
2344	0.976555	-17136.3
2345	0.976191	-17153.6
2346	0.973765	-17043.4
2347	0.976273	-17142.4
2348	0.97676	-17149.3
2349	0.97667	-17144.6
2350	0.97207	-16998.1
2351	0.972726	-17043.8
2352	0.970539	-16934.2
2353	0.973449	-17034.8
2354	0.972214	-17012.3
2355	0.976538	-17153.3
2356	0.97339	-17026.4
2357	0.975184	-17090.1
2358	0.97639	-17134.3
2359	0.977473	-17184.6
2360	0.976014	-17119.1
2361	0.974541	-17089.6
2362	0.973711	-17031.3
2363	0.976016	-17131.8
2364	0.976225	-17120.3
2365	0.973565	-17049.5
2366	0.974134	-17061.7
2367	0.973912	-17054.4
2368	0.974577	-17056.2
2369	0.973779	-17030.8
2370	0.971528	-16951.2
2371	0.972369	-16993.9
2372	0.972273	-17014.1
2373	0.968031	-16833.4
2374	0.96916	-16895.8
2375	0.970854	-16957.1
2376	0.974054	-17056.2
2377	0.97594	-17115.3
2378	0.975461	-17115.7
2379	0.973021	-17021.3
2380	0.975289	-17108.3
2381	0.968686	-16891.9
2382	0.968341	-16856.7
2383	0.972878	-17013
2384	0.974207	-17060.8
2385	0.974455	-17068.9
2386	0.971804	-16996.1
2387	0.975729	-17131.4
2388	0.975187	-17077.3
2389	0.975209	-17119.4
2390	0.975012	-17089.9
2391	0.975112	-17097.5
2392	0.975858	-17120.6
2393	0.972174	-17014.9
2394	0.974711	-17098.2
2395	0.972533	-16992.4
2396	0.973589	-17044.9
2397	0.974945	-17072.7
2398	0.97408	-17056.1
2399	0.972578	-17023.9
2400	0.973324	-17021.7
2401	0.975687	-17119.5
2402	0.977931	-17182.3
2403	0.972622	-17028.1
2404	0.971289	-16969.5
2405	0.970633	-16943.4
2406	0.972136	-16979.1
2407	0.975964	-17131.5
2408	0.975547	-17117
2409	0.97621	-17135.7
2410	0.976848	-17164.5
2411	0.977318	-17182.8
2412	0.975636	-17119.7
2413	0.975407	-17108.9
2414	0.973585	-17050.6
2415	0.971629	-16983.5
2416	0.974895	-17081.9
2417	0.973556	-17028.4
2418	0.973082	-17029.6
2419	0.97246	-17013.6
2420	0.971475	-16971.4
2421	0.972314	-16982
2422	0.970547	-16928.6
2423	0.974141	-17054.4
2424	0.973267	-17029.6
2425	0.973894	-17067.7
2426	0.973936	-17070
2427	0.977174	-17182.8
2428	0.973046	-17007.4
2429	0.973759	-17066
2430	0.971053	-16954
2431	0.974834	-17098.6
2432	0.972774	-17022.6
2433	0.970133	-16896.8
2434	0.970769	-16932.5
2435	0.97364	-17038.6
2436	0.969506	-16901.1
2437	0.970323	-16926.4
2438	0.970551	-16934
2439	0.97505	-17092.2
2440	0.974231	-17053.3
2441	0.975681	-17126
2442	0.974448	-17082.2
2443	0.975346	-17107.9
2444	0.976802	-17152.6
2445	0.975299	-17112.3
2446	0.973394	-17032.1
2447	0.972195	-16988.1
2448	0.972572	-17010.4
2449	0.974063	-17064.6
2450	0.977293	-17182.1
2451	0.975558	-17114.7
2452	0.976338	-17132.7
2453	0.972143	-16984.1
2454	0.972502	-16990.1
2455	0.976355	-17134.6
2456	0.976449	-17128.6
2457	0.976048	-17131.4
2458	0.976589	-17152.5
2459	0.975037	-17078.5
2460	0.976291	-17130
2461	0.969261	-16862.5
2462	0.961812	-16631
2463	0.970804	-16927.5
2464	0.967718	-16833.7
2465	0.972245	-16982.8
2466	0.976486	-17155.9
2467	0.974417	-17072.8
2468	0.97463	-17075.7
2469	0.975532	-17104.3
2470	0.973644	-17050.8
2471	0.974509	-17062.2
2472	0.972859	-17020.7
2473	0.971816	-16966
2474	0.971295	-16969.7
2475	0.97053	-16946.9
2476	0.969215	-16910
2477	0.967731	-16842.4
2478	0.970781	-16937.2
2479	0.971334	-16974
2480	0.972811	-17011.4
2481	0.973063	-17031.2
2482	0.971187	-16974.8
2483	0.975549	-17104.6
2484	0.974999	-17079.1
2485	0.973334	-17028.9
2486	0.971489	-16989
2487	0.968625	-16850.8
2488	0.976578	-17144.1
2489	0.974401	-17083.2
2490	0.974063	-17042.7
2491	0.972369	-16988.7
2492	0.974612	-17059.9
2493	0.972692	-16991.2
2494	0.973285	-17022.4
2495	0.975913	-17125.5
2496	0.976891	-17164.3
2497	0.972436	-16999.3
2498	0.974316	-17065.4
2499	0.974224	-17069.7
2500	0.976305	-17133
2501	0.974729	-17089.3
2502	0.975378	-17116.4
2503	0.973744	-17058.3
2504	0.970445	-16922.5
2505	0.971355	-16964.4
2506	0.973063	-17032.4
2507	0.975673	-17110.6
2508	0.975717	-17127.4
2509	0.976276	-17144.1
2510	0.976394	-17143.3
2511	0.976941	-17143.6
2512	0.974945	-17081.4
2513	0.974936	-17072.8
2514	0.976078	-17121.9
2515	0.974489	-17101.7
2516	0.975587	-17116.9
2517	0.975561	-17116.8
2518	0.976413	-17139.6
2519	0.975271	-17109.7
2520	0.973791	-17048.2
2521	0.976051	-17133
2522	0.975491	-17117
2523	0.97554	-17118
2524	0.974134	-17074
2525	0.973458	-17054.6
2526	0.972443	-16981.2
2527	0.9737	-17030.6
2528	0.974309	-17082.1
2529	0.974601	-17077.7
2530	0.976666	-17153.6
2531	0.972288	-17008.8
2532	0.965477	-16777.3
2533	0.970337	-16927.3
2534	0.972653	-16996.1
2535	0.971044	-16964.8
2536	0.97415	-17050.1
2537	0.975417	-17105.4
2538	0.974564	-17060.9
2539	0.972924	-17046.4
2540	0.974726	-17070.1
2541	0.976663	-17153.4
2542	0.97685	-17142
2543	0.976918	-17155.4
2544	0.973557	-17058.9
2545	0.969087	-16890.4
2546	0.966812	-16806.7
2547	0.965353	-16746.3
2548	0.972642	-17000.3
2549	0.971009	-16934.9
2550	0.975224	-17100.1
2551	0.973876	-17069.5
2552	0.974412	-17077.1
2553	0.974722	-17077.4
2554	0.975003	-17072.8
2555	0.9723	-16993.2
2556	0.972232	-16990.4
2557	0.972205	-16980
2558	0.975883	-17131.6
2559	0.975428	-17099.2
2560	0.976215	-17162.4
2561	0.97618	-17137.4
2562	0.975104	-17088.8
2563	0.975015	-17098.2
2564	0.974464	-17068.4
2565	0.973937	-17039
2566	0.975149	-17090.6
2567	0.970846	-16921.2
2568	0.974227	-17049.8
2569	0.971049	-16943.5
2570	0.972722	-17009
2571	0.975021	-17070.7
2572	0.973403	-17032.1
2573	0.970513	-16940.3
2574	0.972354	-17018.3
2575	0.973329	-17044.4
2576	0.974127	-17049.9
2577	0.976589	-17160.5
2578	0.976087	-17126.7
2579	0.975437	-17073.7
2580	0.97507	-17095.2
2581	0.977267	-17178.9
2582	0.972723	-17013.3
2583	0.975122	-17098.1
2584	0.976452	-17157.5
2585	0.976978	-17139.6
2586	0.977727	-17201.9
2587	0.978779	-17229.1
2588	0.977863	-17208.1
2589	0.977432	-17193.2
2590	0.978463	-17229.7
2591	0.977483	-17183.6
2592	0.977009	-17161.2
2593	0.977806	-17183.4
2594	0.976971	-17165.4
2595	0.978146	-17207.5
2596	0.976739	-17155.9
2597	0.976632	-17168
2598	0.976897	-17160
2599	0.978687	-17230.1
2600	0.977378	-17195.3
2601	0.975589	-17109.7
2602	0.973776	-17045
2603	0.969252	-16897.9
2604	0.96562	-16765.7
2605	0.9714	-16970.8
2606	0.97472	-17073.4
2607	0.973931	-17059.2
2608	0.974064	-17075
2609	0.97231	-16998.6
2610	0.975516	-17099.8
2611	0.976149	-17130.3
2612	0.973276	-17005.8
2613	0.971932	-16976
2614	0.973925	-17055.1
2615	0.976974	-17145.4
2616	0.975382	-17125.2
2617	0.974599	-17044.4
2618	0.976648	-17147
2619	0.974277	-17055.7
2620	0.978021	-17197.5
2621	0.977728	-17180
2622	0.974995	-17080.6
2623	0.975702	-17089.3
2624	0.973035	-17045.6
2625	0.973365	-17029.5
2626	0.977414	-17179.3
2627	0.970164	-16911.4
2628	0.973579	-17059.9
2629	0.972995	-17015.9
2630	0.969886	-16883.3
2631	0.972313	-17011.9
2632	0.973804	-17052.2
2633	0.97465	-17069.8
2634	0.974798	-17062.8
2635	0.973729	-17045.5
2636	0.975422	-17102.5
2637	0.973756	-17058
2638	0.971575	-16965.5
2639	0.972499	-17024.8
2640	0.975742	-17124.6
2641	0.974912	-17092.8
2642	0.975103	-17088.9
2643	0.972003	-17006
2644	0.97218	-16984.6
2645	0.974406	-17080.1
2646	0.975214	-17088.4
2647	0.965863	-16772.1
2648	0.970691	-16968.5
2649	0.972385	-17021.9
2650	0.974787	-17083.8
2651	0.972815	-17024.3
2652	0.972059	-17021.4
2653	0.974845	-17068.7
2654	0.974588	-17062.2
2655	0.974947	-17082.8
2656	0.975172	-17094.9
2657	0.977408	-17177.6
2658	0.977841	-17185.8
2659	0.975297	-17100.1
2660	0.975048	-17089.1
2661	0.974597	-17073.4
2662	0.97614	-17140.9
2663	0.973592	-17025.6
2664	0.973499	-17044
2665	0.969383	-16919.4
2666	0.968564	-16882.4
2667	0.966912	-16827.4
2668	0.973312	-17045.9
2669	0.974143	-17069.7
2670	0.975052	-17085.9
2671	0.974055	-17056.2
2672	0.974606	-17065.7
2673	0.975311	-17112.3
2674	0.975694	-17115.7
2675	0.97154	-16968
2676	0.975271	-17106.8
2677	0.974262	-17085.8
2678	0.971454	-16970.9
2679	0.973376	-17037.2
2680	0.976144	-17152.7
2681	0.975238	-17098.9
2682	0.976336	-17132.4
2683	0.976586	-17149.1
2684	0.976617	-17154.7
2685	0.978061	-17196.5
2686	0.978476	-17210.2
2687	0.976872	-17164.5
2688	0.975789	-17128.9
2689	0.973178	-17028.3
2690	0.969024	-16868.1
2691	0.970222	-16919.6
2692	0.971906	-16984.5
2693	0.973091	-17039.4
2694	0.973558	-17040.4
2695	0.973356	-17038.3
2696	0.975954	-17114.7
2697	0.9732	-17028.1
2698	0.970191	-16923
2699	0.968391	-16845
2700	0.973167	-17052.1
2701	0.975698	-17118.7
2702	0.976378	-17140
2703	0.975992	-17133.9
2704	0.974604	-17083.3
2705	0.974692	-17077.5
2706	0.976234	-17112.3
2707	0.974831	-17095
2708	0.973888	-17057.2
2709	0.974988	-17092.2
2710	0.975363	-17090.7
2711	0.972197	-16982.1
2712	0.967668	-16865.3
2713	0.965864	-16779.7
2714	0.964051	-16707.4
2715	0.969173	-16895.4
2716	0.972465	-17017.9
2717	0.971873	-16981.7
2718	0.973212	-17011.2
2719	0.971212	-16952.5
2720	0.973307	-17038.1
2721	0.973809	-17035.5
2722	0.971153	-16957.8
2723	0.973324	-17038
2724	0.97658	-17146.2
2725	0.976874	-17141.6
2726	0.976377	-17123.1
2727	0.974463	-17073.2
2728	0.977785	-17197.1
2729	0.97474	-17073.2
2730	0.975291	-17114.3
2731	0.97446	-17066.3
2732	0.976036	-17128.6
2733	0.975514	-17111
2734	0.974678	-17072.9
2735	0.973694	-17040
2736	0.973976	-17049.3
2737	0.968767	-16896.9
2738	0.97207	-16992.9
2739	0.969204	-16887.3
2740	0.968433	-16847.2
2741	0.97473	-17065.9
2742	0.970626	-16924.3
2743	0.970956	-16971.3
2744	0.971982	-16986.2
2745	0.972696	-17006.6
2746	0.974602	-17094
2747	0.976013	-17131.4
2748	0.972386	-16979.8
2749	0.973384	-17027
2750	0.973047	-17018.8
2751	0.976697	-17158.3
2752	0.976936	-17141.6
2753	0.974601	-17094.1
2754	0.975732	-17094.5
2755	0.975374	-17106.5
2756	0.975936	-17109.8
2757	0.973174	-17010.5
2758	0.970306	-16926.2
2759	0.971401	-16981.9
2760	0.968802	-16854.1
2761	0.972109	-16998
2762	0.97207	-17013.1
2763	0.972507	-17011.2
2764	0.975237	-17102.1
2765	0.977401	-17178.2
2766	0.97651	-17152.5
2767	0.976509	-17161.7
2768	0.974144	-17050.8
2769	0.976321	-17142.4
2770	0.975572	-17110.9
2771	0.9763	-17154
2772	0.975552	-17128.3
2773	0.974761	-17066.5
2774	0.974745	-17081.2
2775	0.971167	-16971.4
2776	0.974011	-17052.9
2777	0.975987	-17137.7
2778	0.975605	-17106.5
2779	0.975266	-17118.6
2780	0.973474	-17042.9
2781	0.974132	-17077.9
2782	0.9716	-16970.1
2783	0.975074	-17076.3
2784	0.976536	-17173.4
2785	0.975759	-17131.3
2786	0.969998	-16917.3
2787	0.970213	-16916.9
2788	0.972647	-17003
2789	0.97304	-17025.9
2790	0.975379	-17101.3
2791	0.975394	-17094.6
2792	0.975323	-17101.2
2793	0.976521	-17158.9
2794	0.975908	-17114.3
2795	0.975589	-17101.8
2796	0.974786	-17072
2797	0.976023	-17131.8
2798	0.977223	-17175.7
2799	0.977043	-17161.1
2800	0.975029	-17099.6
2801	0.974521	-17068.6
2802	0.976464	-17133.9
2803	0.976744	-17142.7
2804	0.975778	-17110.4
2805	0.974076	-17071.8
2806	0.97726	-17174.1
2807	0.972958	-17026.2
2808	0.975877	-17126
2809	0.973903	-17053.2
2810	0.976156	-17146.7
2811	0.975869	-17107.3
2812	0.97662	-17135.5
2813	0.973444	-17038.7
2814	0.974178	-17077.4
2815	0.972072	-16985.6
2816	0.972293	-17007.4
2817	0.976817	-17168.2
2818	0.976072	-17129.3
2819	0.976812	-17166.6
2820	0.976089	-17127.6
2821	0.975872	-17117.2
2822	0.976581	-17153.4
2823	0.974153	-17053.1
2824	0.975274	-17085.3
2825	0.972153	-16974.8
2826	0.976356	-17146.7
2827	0.977022	-17159.2
2828	0.976066	-17125.8
2829	0.972557	-16999.3
2830	0.970581	-16923.3
2831	0.973104	-17009.9
2832	0.971335	-16965.2
2833	0.97178	-16984
2834	0.973919	-17050.8
2835	0.975152	-17095.4
2836	0.975804	-17122.2
2837	0.977459	-17177.2
2838	0.97644	-17154.7
2839	0.975155	-17111.6
2840	0.975904	-17110
2841	0.971429	-16952.1
2842	0.972753	-17025.9
2843	0.972547	-17010.2
2844	0.976479	-17132.5
2845	0.975802	-17128.7
2846	0.974225	-17051.1
2847	0.976542	-17143.4
2848	0.975107	-17094.6
2849	0.974078	-17061.7
2850	0.975785	-17118.9
2851	0.978465	-17216.7
2852	0.978052	-17196
2853	0.976795	-17148.9
2854	0.97453	-17080.3
2855	0.970892	-16935.1
2856	0.972165	-16997.9
2857	0.976902	-17158.5
2858	0.97631	-17143.1
2859	0.973148	-17019.3
2860	0.974107	-17070.8
2861	0.977646	-17181.9
2862	0.976429	-17120.7
2863	0.975589	-17109.6
2864	0.975263	-17104.9
2865	0.976742	-17158.3
2866	0.975519	-17095.2
2867	0.977746	-17199.3
2868	0.976791	-17168.6
2869	0.976147	-17111.2
2870	0.976346	-17147
2871	0.968937	-16857.6
2872	0.977019	-17158.6
2873	0.974684	-17082.6
2874	0.972788	-17025.5
2875	0.971689	-16971.1
2876	0.974298	-17063.8
2877	0.976455	-17130
2878	0.97889	-17231.5
2879	0.975782	-17120.5
2880	0.97431	-17070
2881	0.974128	-17054.3
2882	0.974327	-17061.7
2883	0.971319	-16959.7
2884	0.974583	-17103.1
2885	0.97323	-17030.7
2886	0.97114	-16966.5
2887	0.971697	-16973.6
2888	0.973575	-17051
2889	0.97289	-17013.8
2890	0.973289	-17001.2
2891	0.973187	-17035.5
2892	0.967187	-16824.8
2893	0.972692	-17014.7
2894	0.973853	-17031.1
2895	0.973145	-17013.6
2896	0.975527	-17101.3
2897	0.976524	-17152
2898	0.978248	-17215
2899	0.976883	-17156.4
2900	0.973086	-17028.6
2901	0.971102	-16956
2902	0.972596	-17008
2903	0.973449	-17037.6
2904	0.972034	-16970.8
2905	0.974342	-17074.1
2906	0.974898	-17088.2
2907	0.97534	-17090.6
2908	0.977214	-17183.7
2909	0.973438	-17012.8
2910	0.973633	-17037.3
2911	0.972506	-16968.8
2912	0.971996	-16986.5
2913	0.974733	-17087.2
2914	0.974109	-17076.1
2915	0.974735	-17086.3
2916	0.972549	-17013
2917	0.971799	-16987.3
2918	0.966639	-16768.1
2919	0.971282	-16952.1
2920	0.974976	-17096.9
2921	0.972643	-17024.1
2922	0.972164	-16989.4
2923	0.973018	-17032.5
2924	0.97244	-16997
2925	0.97464	-17070.5
2926	0.975875	-17125.1
2927	0.976607	-17147.3
2928	0.974584	-17077.1
2929	0.974901	-17098.8
2930	0.971557	-16976.7
2931	0.971185	-16956.7
2932	0.97431	-17079
2933	0.97088	-16938.1
2934	0.970498	-16957.9
2935	0.971295	-16955.5
2936	0.971698	-16981
2937	0.973355	-17040.5
2938	0.977169	-17146.6
2939	0.974315	-17068.4
2940	0.973221	-17014.8
2941	0.970305	-16936.1
2942	0.970573	-16949.5
2943	0.968432	-16860.7
2944	0.96603	-16773.5
2945	0.968969	-16875.9
2946	0.972532	-17003.8
2947	0.975381	-17108.1
2948	0.973605	-17031.9
2949	0.975516	-17113.4
2950	0.978698	-17229.7
2951	0.975215	-17092.6
2952	0.977239	-17173.2
2953	0.975361	-17098.5
2954	0.973663	-17054.7
2955	0.976129	-17146.6
2956	0.97653	-17154.7
2957	0.977066	-17171.7
2958	0.974672	-17079
2959	0.972111	-16999.1
2960	0.971782	-16985
2961	0.972686	-17011.1
2962	0.973767	-17045.6
2963	0.974394	-17069.1
2964	0.975631	-17101.8
2965	0.970052	-16912.9
2966	0.96996	-16913.2
2967	0.970831	-16941.2
2968	0.972703	-17016.9
2969	0.975	-17109.4
2970	0.976705	-17143.7
2971	0.97487	-17090.3
2972	0.974772	-17095.6
2973	0.971548	-16981.4
2974	0.974403	-17067.4
2975	0.975239	-17106.2
2976	0.977262	-17148.3
2977	0.976274	-17126.6
2978	0.973394	-17031
2979	0.973112	-17038.8
2980	0.975162	-17077.5
2981	0.97386	-17043.9
2982	0.972834	-17021.8
2983	0.974512	-17068.5
2984	0.971831	-16970.1
2985	0.976787	-17144.8
2986	0.975643	-17117.3
2987	0.975923	-17115.4
2988	0.973658	-17039.8
2989	0.973441	-17026.1
2990	0.974364	-17064.1
2991	0.974275	-17082.5
2992	0.978515	-17214.1
2993	0.974199	-17095.5
2994	0.973584	-17022.7
2995	0.975595	-17105.8
2996	0.976635	-17132.9
2997	0.976947	-17167.3
2998	0.974202	-17074.8
2999	0.973556	-17036.9
