0	0.384133	-2629.85
1	0.39703	-2814.09
2	0.402179	-2896.96
3	0.387762	-2735.58
4	0.399923	-2875.44
5	0.392889	-2725.87
6	0.400403	-2889.43
7	0.39665	-2845.07
8	0.395302	-2836.12
9	0.397181	-2830.54
10	0.400965	-2877.65
11	0.399692	-2869.16
12	0.391693	-2765.73
13	0.397642	-2786.64
14	0.405287	-2976.35
15	0.399831	-2870.88
16	0.396135	-2830.72
17	0.394264	-2808.47
18	0.39949	-2849.5
19	0.400857	-2896.07
20	0.392848	-2766.89
21	0.406693	-2935.53
22	0.395239	-2805.87
23	0.407625	-2975.39
24	0.393354	-2784.3
25	0.403398	-2931.07
26	0.394246	-2798.97
27	0.395684	-2804.91
28	0.400715	-2907.37
29	0.399378	-2879.08
30	0.406663	-2961.64
31	0.39678	-2832.33
32	0.40301	-2949.36
33	0.406003	-2970.26
34	0.400688	-2902.03
35	0.403757	-2946.67
36	0.402381	-2913.04
37	0.395311	-2781.29
38	0.400651	-2849.14
39	0.392278	-2734.33
40	0.389925	-2755.34
41	0.392537	-2780.33
42	0.402653	-2902.17
43	0.393063	-2750.25
44	0.390939	-2761.52
45	0.402981	-2913.48
46	0.387827	-2713.68
47	0.402671	-2928.94
48	0.393482	-2736.54
49	0.393017	-2812.24
50	0.40133	-2883.33
51	0.402148	-2910.73
52	0.396615	-2804.72
53	0.393638	-2804.53
54	0.402424	-2889.97
55	0.396585	-2843.4
56	0.402827	-2922.9
57	0.394081	-2778.09
58	0.406561	-2964.32
59	0.401306	-2899.02
60	0.402834	-2953.3
61	0.39605	-2841.71
62	0.407726	-2993.04
63	0.395805	-2813.56
64	0.397439	-2846.96
65	0.390428	-2759.74
66	0.397264	-2847.56
67	0.40876	-2979.42
68	0.406515	-2949.64
69	0.400154	-2894.67
70	0.400001	-2887.49
71	0.402952	-2953.98
72	0.399264	-2873.46
73	0.409343	-3003.33
74	0.395788	-2792.37
75	0.407744	-2956.17
76	0.398217	-2857.56
77	0.401414	-2911.88
78	0.401336	-2887.81
79	0.406181	-2966.14
80	0.40428	-2913.21
81	0.389413	-2745.38
82	0.404755	-2902.2
83	0.407139	-3005.14
84	0.399467	-2890.5
85	0.395222	-2775.52
86	0.395098	-2801.03
87	0.397357	-2849.87
88	0.410215	-3050.55
89	0.400202	-2886.47
90	0.384733	-2673.45
91	0.39726	-2845.81
92	0.398587	-2807.81
93	0.40525	-2937.87
94	0.396309	-2795.1
95	0.394523	-2781.14
96	0.401481	-2897.47
97	0.399326	-2857.41
98	0.39879	-2902.39
99	0.394731	-2804.17
100	0.395029	-2741.61
101	0.402401	-2918.77
102	0.400424	-2845.62
103	0.400026	-2882.2
104	0.391306	-2738.92
105	0.396877	-2816.83
106	0.396956	-2831.94
107	0.403944	-2944.09
108	0.395296	-2800.45
109	0.403312	-2960.28
110	0.403993	-2916.39
111	0.402089	-2874.58
112	0.397392	-2862.14
113	0.400133	-2884.58
114	0.407972	-2985.79
115	0.396222	-2812.79
116	0.413125	-3047.69
117	0.394019	-2806.72
118	0.397544	-2852.15
119	0.400669	-2902.32
120	0.404314	-2975.13
121	0.397719	-2848.9
122	0.391729	-2718.39
123	0.399908	-2883.76
124	0.399689	-2883.14
125	0.402322	-2921.54
126	0.391103	-2758.35
127	0.397261	-2841.27
128	0.408668	-2974.74
129	0.39963	-2887.03
130	0.398696	-2816.06
131	0.399534	-2839.81
132	0.397478	-2841.83
133	0.406302	-2948.33
134	0.402375	-2915.59
135	0.402274	-2925.13
136	0.391734	-2771.35
137	0.397803	-2799.72
138	0.398294	-2867.34
139	0.403963	-2931.96
140	0.394173	-2796.19
141	0.400127	-2850.84
142	0.401566	-2898.07
143	0.397489	-2832.34
144	0.400533	-2885.33
145	0.403407	-2911.31
146	0.393151	-2762.82
147	0.398453	-2881.12
148	0.386504	-2682.51
149	0.396809	-2851.21
150	0.398381	-2861.26
151	0.40091	-2865.2
152	0.399322	-2862.49
153	0.410815	-3042.53
154	0.398249	-2851.86
155	0.401156	-2874.92
156	0.393295	-2814.45
157	0.39478	-2825.34
158	0.397118	-2822.95
159	0.394645	-2809.05
160	0.404527	-2960.21
161	0.399663	-2922.21
162	0.392649	-2809.46
163	0.395124	-2741.34
164	0.391076	-2746.66
165	0.402624	-2949.81
166	0.389352	-2730.56
167	0.393844	-2792.17
168	0.39843	-2840.76
169	0.399151	-2866.99
170	0.399532	-2845.42
171	0.396176	-2852.52
172	0.402517	-2941.82
173	0.403195	-2894.94
174	0.396399	-2791.51
175	0.399139	-2854.52
176	0.400799	-2860.01
177	0.405466	-2903.21
178	0.39964	-2862.8
179	0.393987	-2808.64
180	0.393591	-2797.22
181	0.392208	-2782.91
182	0.40079	-2890.47
183	0.397163	-2842.89
184	0.402569	-2923.79
185	0.398946	-2852.64
186	0.400724	-2859.23
187	0.406061	-2929.31
188	0.399145	-2826.07
189	0.397834	-2829.09
190	0.400229	-2869.57
191	0.388833	-2689.01
192	0.393226	-2791.68
193	0.396674	-2861.87
194	0.393387	-2781.83
195	0.399212	-2854.51
196	0.399313	-2863.69
197	0.393963	-2775.92
198	0.397783	-2855.03
199	0.398973	-2882.98
200	0.394436	-2826.3
201	0.391023	-2757.91
202	0.396224	-2805.59
203	0.401985	-2923.51
204	0.393768	-2807.23
205	0.411838	-3066.66
206	0.398923	-2827.07
207	0.403058	-2977.76
208	0.396144	-2806.72
209	0.399338	-2835.76
210	0.400031	-2870.49
211	0.399069	-2873.66
212	0.400167	-2900.73
213	0.394683	-2791.3
214	0.402482	-2909.64
215	0.399841	-2872.84
216	0.396921	-2817.65
217	0.393073	-2798.73
218	0.400725	-2893.53
219	0.399965	-2846.64
220	0.395462	-2841.21
221	0.39552	-2830.5
222	0.404543	-2941.92
223	0.402753	-2939.75
224	0.3968	-2825.43
225	0.400513	-2894.93
226	0.397408	-2854.03
227	0.396941	-2823.29
228	0.411459	-3026.97
229	0.401512	-2869.06
230	0.395937	-2816.56
231	0.405692	-2973.88
232	0.400014	-2872.17
233	0.397167	-2807.85
234	0.398909	-2882.41
235	0.396934	-2848.76
236	0.399074	-2890.04
237	0.402486	-2880.54
238	0.396574	-2843.63
239	0.403539	-2935.8
240	0.397776	-2861.5
241	0.39786	-2849.13
242	0.40633	-2976.24
243	0.403717	-2912.51
244	0.399117	-2880.45
245	0.399205	-2853.06
246	0.398298	-2839.62
247	0.403402	-2971.69
248	0.398389	-2865.57
249	0.395474	-2804.58
250	0.408734	-3014.66
251	0.401317	-2891.59
252	0.397791	-2847.48
253	0.394615	-2738.7
254	0.398303	-2848.77
255	0.406064	-2985.41
256	0.398071	-2826.55
257	0.403442	-2923.34
258	0.398626	-2870.66
259	0.390174	-2774.84
260	0.399116	-2853.9
261	0.395961	-2773.3
262	0.39419	-2723.14
263	0.386476	-2729.03
264	0.400064	-2842.72
265	0.40344	-2939.26
266	0.403299	-2918.52
267	0.404456	-2948.81
268	0.392376	-2770.16
269	0.39932	-2853.33
270	0.389244	-2735.38
271	0.385261	-2680.3
272	0.396795	-2818.39
273	0.400353	-2816.26
274	0.394367	-2773.65
275	0.399497	-2877.66
276	0.401622	-2869.04
277	0.400116	-2873.74
278	0.399422	-2866.7
279	0.397634	-2799.21
280	0.403779	-2928.6
281	0.40239	-2921.42
282	0.395732	-2866.89
283	0.404643	-2958.45
284	0.397046	-2865.69
285	0.398569	-2879.4
286	0.400791	-2907.22
287	0.399214	-2863.94
288	0.401049	-2894.6
289	0.402615	-2945.53
290	0.39703	-2825.11
291	0.396325	-2811.06
292	0.403099	-2917.18
293	0.404579	-2984.05
294	0.402949	-2905.17
295	0.405397	-2915.37
296	0.396445	-2811.34
297	0.392538	-2759.38
298	0.392634	-2783.07
299	0.400891	-2912.97
300	0.396481	-2808.72
301	0.400437	-2898.52
302	0.392836	-2763.82
303	0.397351	-2832.65
304	0.406952	-2995.85
305	0.40025	-2872.25
306	0.395602	-2815.79
307	0.398484	-2876.71
308	0.396946	-2831.79
309	0.396303	-2814.01
310	0.402737	-2950.53
311	0.39523	-2794.02
312	0.406126	-2948.22
313	0.396105	-2820.68
314	0.405111	-2908.56
315	0.395835	-2829.48
316	0.394538	-2788.64
317	0.390402	-2756.12
318	0.392111	-2732.78
319	0.401067	-2921.74
320	0.403149	-2908.12
321	0.396873	-2824.34
322	0.394944	-2799.37
323	0.400143	-2863.25
324	0.399152	-2829.96
325	0.395037	-2775.29
326	0.398608	-2880.8
327	0.392796	-2772.51
328	0.403685	-2893.88
329	0.3963	-2816.49
330	0.397431	-2824.65
331	0.397186	-2827.25
332	0.396776	-2842.47
333	0.394791	-2812.71
334	0.400213	-2898.41
335	0.398636	-2832.45
336	0.393733	-2744.84
337	0.395404	-2774.53
338	0.408212	-3001
339	0.393812	-2751.68
340	0.397249	-2833.47
341	0.400832	-2903.69
342	0.403831	-2917.39
343	0.395508	-2819.65
344	0.3966	-2834.53
345	0.393216	-2792.55
346	0.405515	-2949.56
347	0.400961	-2869.29
348	0.402215	-2931.05
349	0.395364	-2818.54
350	0.397898	-2816.42
351	0.400184	-2867.83
352	0.402121	-2895.27
353	0.40484	-2974.2
354	0.390455	-2749.03
355	0.394034	-2811.74
356	0.395321	-2790.81
357	0.400837	-2871.84
358	0.40006	-2884.43
359	0.394081	-2841.61
360	0.407043	-2975.09
361	0.400179	-2867.19
362	0.402813	-2930.48
363	0.395579	-2839.74
364	0.396952	-2757.65
365	0.395069	-2821.01
366	0.399505	-2900.93
367	0.396334	-2768.01
368	0.408431	-2993.94
369	0.400997	-2896.25
370	0.399309	-2844.88
371	0.404757	-2942.54
372	0.397847	-2812.45
373	0.39592	-2836.92
374	0.395663	-2801.51
375	0.399985	-2889.8
376	0.401725	-2924.33
377	0.39981	-2850.91
378	0.387131	-2672.29
379	0.394393	-2803.64
380	0.394588	-2800.72
381	0.404525	-2937.14
382	0.404821	-2954.04
383	0.405288	-2965.16
384	0.40352	-2927.33
385	0.394853	-2818.21
386	0.40075	-2879.84
387	0.400209	-2909.49
388	0.398068	-2873.3
389	0.399174	-2872.21
390	0.397266	-2850.84
391	0.400183	-2889.33
392	0.402781	-2937.12
393	0.397382	-2844.38
394	0.388946	-2703.68
395	0.389863	-2700.97
396	0.395064	-2811.38
397	0.40656	-2981.68
398	0.396539	-2833.05
399	0.397854	-2868.63
400	0.399339	-2901.16
401	0.397429	-2823.87
402	0.401775	-2888.36
403	0.39119	-2760.61
404	0.392685	-2770.12
405	0.405165	-2914.68
406	0.395773	-2798.16
407	0.39637	-2873.46
408	0.39041	-2752.87
409	0.396568	-2812.23
410	0.398273	-2847.87
411	0.396892	-2848.71
412	0.399246	-2893.74
413	0.402301	-2913.03
414	0.396136	-2828.28
415	0.397157	-2846.55
416	0.400961	-2856.22
417	0.396606	-2829.42
418	0.402876	-2905.56
419	0.394225	-2823.44
420	0.399172	-2881.77
421	0.40173	-2895.15
422	0.396919	-2825.76
423	0.396325	-2805.31
424	0.399008	-2841.58
425	0.399191	-2814.52
426	0.401027	-2886.37
427	0.398165	-2832.36
428	0.396854	-2821.71
429	0.400437	-2875.35
430	0.398924	-2803.59
431	0.393031	-2754.12
432	0.394912	-2836.2
433	0.394538	-2812.41
434	0.401695	-2865.25
435	0.399742	-2858.65
436	0.396467	-2843.62
437	0.397703	-2843.06
438	0.392548	-2756.41
439	0.403694	-2982.61
440	0.398712	-2887.28
441	0.392664	-2775.34
442	0.399942	-2906.42
443	0.408991	-3011.66
444	0.405806	-2955.85
445	0.402688	-2905.6
446	0.390663	-2729.39
447	0.394105	-2783.47
448	0.40318	-2917.28
449	0.395228	-2809.91
450	0.404913	-2941.42
451	0.407965	-2986.83
452	0.392031	-2785.4
453	0.387529	-2691.57
454	0.38877	-2681.34
455	0.398723	-2839.34
456	0.399438	-2875.52
457	0.396562	-2832.37
458	0.401087	-2877.15
459	0.398762	-2872.89
460	0.40213	-2885.73
461	0.397049	-2829.27
462	0.400426	-2871.96
463	0.395905	-2777.12
464	0.40238	-2908.02
465	0.408169	-3005.91
466	0.398609	-2865.3
467	0.399319	-2832.29
468	0.392869	-2763.04
469	0.392676	-2783.68
470	0.400048	-2838.13
471	0.396899	-2813.15
472	0.408235	-2992.72
473	0.40013	-2889.04
474	0.396654	-2832.8
475	0.39159	-2764.63
476	0.39585	-2786.75
477	0.402584	-2871.63
478	0.397019	-2821.56
479	0.401221	-2875.67
480	0.387792	-2713.82
481	0.397258	-2836.85
482	0.397059	-2844.05
483	0.396387	-2818.74
484	0.397949	-2832.65
485	0.398632	-2878.26
486	0.399684	-2878.84
487	0.396876	-2850.88
488	0.399928	-2853.93
489	0.405261	-2973.3
490	0.404138	-2932.88
491	0.396938	-2834.77
492	0.400566	-2890.97
493	0.401447	-2874.46
494	0.407016	-2966.35
495	0.395543	-2837.4
496	0.396235	-2820.88
497	0.39448	-2754.63
498	0.39816	-2818.56
499	0.395834	-2833.26
500	0.397157	-2808.5
501	0.389042	-2725.17
502	0.399866	-2902.05
503	0.39546	-2838.81
504	0.40552	-2958.32
505	0.402815	-2887.09
506	0.403329	-2943.28
507	0.398547	-2857.29
508	0.404531	-2973.81
509	0.405031	-2913.41
510	0.393652	-2774.07
511	0.397452	-2808.88
512	0.407862	-2995.06
513	0.39792	-2828.58
514	0.399842	-2902.76
515	0.405123	-2979.32
516	0.408738	-2999.11
517	0.407942	-3054.16
518	0.404261	-2932.27
519	0.401225	-2896.07
520	0.395468	-2780.4
521	0.400369	-2870.19
522	0.398787	-2855.07
523	0.394848	-2784.43
524	0.395985	-2815.83
525	0.404423	-2962.48
526	0.399758	-2907.47
527	0.397095	-2819.05
528	0.398925	-2819.82
529	0.40679	-2937.29
530	0.403044	-2884.96
531	0.399904	-2875.23
532	0.403192	-2893.65
533	0.395946	-2823.21
534	0.417839	-3167.19
535	0.396179	-2794.77
536	0.407227	-2980.3
537	0.396894	-2803.55
538	0.398946	-2841.89
539	0.394884	-2802
540	0.40857	-3002.71
541	0.397642	-2805.01
542	0.398927	-2858.96
543	0.406392	-2981.09
544	0.396222	-2822.08
545	0.394193	-2796.82
546	0.400639	-2909.7
547	0.408154	-2994.21
548	0.405399	-2994.53
549	0.395407	-2810.46
550	0.40129	-2910.38
551	0.391296	-2746.34
552	0.399839	-2855.77
553	0.403454	-2907.34
554	0.404178	-2880.77
555	0.406031	-3013.17
556	0.404409	-2928.06
557	0.404902	-2964.77
558	0.404749	-2927.75
559	0.408529	-2989.46
560	0.399515	-2854.63
561	0.397627	-2853.23
562	0.40173	-2900.08
563	0.406186	-2946.87
564	0.40243	-2906.15
565	0.39952	-2880.37
566	0.408049	-2993.64
567	0.394958	-2831.89
568	0.397844	-2874.44
569	0.398582	-2868.22
570	0.399266	-2883.22
571	0.40005	-2903.81
572	0.397916	-2865.66
573	0.402065	-2891.34
574	0.398483	-2860.6
575	0.385363	-2610.37
576	0.388535	-2714.02
577	0.388986	-2723.37
578	0.391339	-2786.03
579	0.408166	-3061.81
580	0.400074	-2888.43
581	0.403009	-2894.99
582	0.39999	-2876.54
583	0.403132	-2957.67
584	0.403269	-2931.82
585	0.403147	-2886.48
586	0.393882	-2770.31
587	0.390665	-2698.37
588	0.398618	-2892.41
589	0.401049	-2897.74
590	0.404084	-2959.88
591	0.395323	-2826.42
592	0.399477	-2850.99
593	0.398792	-2820.26
594	0.391012	-2735.96
595	0.402979	-2890.74
596	0.398587	-2850.25
597	0.403521	-2910.08
598	0.394071	-2770.41
599	0.393479	-2788.99
600	0.402071	-2924.39
601	0.398024	-2807.61
602	0.401632	-2834.1
603	0.396445	-2817.93
604	0.402895	-2909.89
605	0.397336	-2813.62
606	0.397985	-2784.86
607	0.395747	-2820.47
608	0.398176	-2831.29
609	0.393723	-2809.03
610	0.40016	-2857.01
611	0.407864	-2977.86
612	0.408095	-2991.29
613	0.397019	-2843.39
614	0.400013	-2857.76
615	0.397765	-2792.31
616	0.404756	-2911.15
617	0.390757	-2712.41
618	0.392198	-2738.62
619	0.395063	-2795.07
620	0.399135	-2874.14
621	0.395628	-2819.48
622	0.395234	-2788.98
623	0.398435	-2913.23
624	0.395996	-2820.68
625	0.387687	-2682.61
626	0.408909	-2981.68
627	0.400517	-2876.22
628	0.399775	-2863.74
629	0.394178	-2743.02
630	0.401915	-2945.43
631	0.39598	-2798.19
632	0.397045	-2829.19
633	0.389153	-2698.38
634	0.402835	-2881.71
635	0.405858	-2996.24
636	0.392642	-2776.94
637	0.407106	-2990.2
638	0.392598	-2793.7
639	0.396278	-2854.68
640	0.399398	-2843.44
641	0.407472	-2941.73
642	0.395808	-2802.68
643	0.401367	-2914.45
644	0.401806	-2858.42
645	0.402092	-2908.31
646	0.403524	-2911.14
647	0.399959	-2874.45
648	0.390492	-2748.78
649	0.402356	-2923.95
650	0.402617	-2918.51
651	0.404475	-2941.5
652	0.395808	-2834.44
653	0.402809	-2924.44
654	0.395587	-2858.93
655	0.391334	-2748.56
656	0.393379	-2801.07
657	0.401818	-2906.05
658	0.406276	-2924.88
659	0.386964	-2706.44
660	0.394514	-2837.82
661	0.398722	-2857.61
662	0.400112	-2891.63
663	0.399254	-2873.71
664	0.394703	-2813.28
665	0.394786	-2778.05
666	0.39191	-2733.72
667	0.398761	-2815.36
668	0.395694	-2811.42
669	0.395542	-2813.43
670	0.400987	-2942.95
671	0.398139	-2848.75
672	0.400255	-2920.76
673	0.396786	-2830.58
674	0.392049	-2741.84
675	0.393919	-2721.87
676	0.396979	-2804.85
677	0.399127	-2893.69
678	0.398428	-2861.98
679	0.407016	-2963.1
680	0.392714	-2707.53
681	0.390351	-2721.26
682	0.402793	-2929.76
683	0.400624	-2858.48
684	0.400116	-2876.2
685	0.403474	-2929.16
686	0.403682	-2952.26
687	0.406397	-3007.3
688	0.400953	-2888.72
689	0.393213	-2733.38
690	0.406441	-2939.65
691	0.403834	-2920.59
692	0.401067	-2923.32
693	0.398303	-2857.9
694	0.399685	-2883.08
695	0.391774	-2776.63
696	0.399699	-2921.56
697	0.40285	-2920.95
698	0.400287	-2852.48
699	0.399739	-2876.4
700	0.397501	-2810.22
701	0.409701	-2997.43
702	0.403494	-2896.21
703	0.404429	-2953.62
704	0.394678	-2846.55
705	0.395427	-2804.21
706	0.394757	-2785.58
707	0.39999	-2867.08
708	0.396713	-2830.73
709	0.40499	-2917.39
710	0.399841	-2851.16
711	0.401216	-2860.49
712	0.401586	-2917.56
713	0.393873	-2785.3
714	0.395195	-2791.94
715	0.401347	-2905.44
716	0.399682	-2866.1
717	0.392955	-2801.73
718	0.396201	-2876.92
719	0.393802	-2735.27
720	0.400409	-2869.2
721	0.397982	-2867.45
722	0.393204	-2788.9
723	0.404418	-2914.52
724	0.397002	-2818.21
725	0.393725	-2760
726	0.393517	-2781.05
727	0.396556	-2791.01
728	0.404676	-2995.85
729	0.398283	-2844.95
730	0.396735	-2770.34
731	0.4028	-2946
732	0.400369	-2873.77
733	0.403958	-2953.44
734	0.401191	-2915.98
735	0.390585	-2787.27
736	0.403235	-2908.46
737	0.404015	-2950.01
738	0.397356	-2857.88
739	0.400638	-2899.71
740	0.401002	-2915.65
741	0.401584	-2929.63
742	0.396559	-2850.21
743	0.401877	-2906.94
744	0.395819	-2752.71
745	0.389128	-2741.61
746	0.394612	-2800.56
747	0.393793	-2748.91
748	0.397179	-2783.6
749	0.395712	-2792.01
750	0.392434	-2777.57
751	0.404297	-2893.18
752	0.405049	-2933.46
753	0.398742	-2867.23
754	0.394802	-2765.81
755	0.397229	-2825.64
756	0.400555	-2892.3
757	0.40031	-2874.15
758	0.396987	-2862.82
759	0.396362	-2825.5
760	0.395489	-2828.94
761	0.393131	-2762.67
762	0.390636	-2704.49
763	0.39566	-2794.17
764	0.394466	-2786.66
765	0.395999	-2801.64
766	0.403495	-2883.08
767	0.398875	-2886.9
768	0.400765	-2901.48
769	0.401444	-2903.93
770	0.400792	-2911.63
771	0.387677	-2713.61
772	0.401662	-2910.02
773	0.400218	-2930.17
774	0.402381	-2875.55
775	0.401149	-2885.1
776	0.402165	-2918.49
777	0.398354	-2854.59
778	0.394285	-2803.15
779	0.398336	-2879.18
780	0.398834	-2847.16
781	0.403213	-2884.01
782	0.394378	-2827.01
783	0.397352	-2856.69
784	0.3947	-2771.73
785	0.391527	-2757.13
786	0.389511	-2685.75
787	0.398189	-2795.92
788	0.397006	-2846.9
789	0.400838	-2895.8
790	0.400456	-2874.81
791	0.390378	-2752.83
792	0.406941	-2959.85
793	0.401491	-2882.89
794	0.403137	-2910.17
795	0.397943	-2824.1
796	0.396607	-2786.23
797	0.400931	-2886.51
798	0.40138	-2908.45
799	0.400058	-2810.02
800	0.399429	-2838.29
801	0.407251	-2961.1
802	0.394298	-2803.89
803	0.400432	-2823
804	0.394115	-2785.15
805	0.400759	-2882.72
806	0.40208	-2936.82
807	0.392578	-2743.6
808	0.393011	-2824.91
809	0.395875	-2844.26
810	0.403491	-2927.69
811	0.387459	-2671.2
812	0.388382	-2688.74
813	0.407194	-2995.26
814	0.397835	-2834.45
815	0.403646	-2900.16
816	0.400296	-2876.12
817	0.395331	-2818.5
818	0.397893	-2835.15
819	0.394201	-2753.75
820	0.398528	-2863.25
821	0.397255	-2846.69
822	0.395038	-2818.47
823	0.399985	-2883.83
824	0.401084	-2903.07
825	0.397431	-2868.06
826	0.398304	-2863.77
827	0.396041	-2837.01
828	0.401276	-2867.85
829	0.406913	-3051.27
830	0.390597	-2711.16
831	0.397963	-2845.32
832	0.400216	-2880.96
833	0.395163	-2804.9
834	0.411057	-3040.12
835	0.393749	-2765.43
836	0.396511	-2807.55
837	0.397807	-2831.37
838	0.40907	-3025.96
839	0.400296	-2843.41
840	0.405818	-2929.9
841	0.396173	-2792.28
842	0.401185	-2868.09
843	0.396602	-2843.72
844	0.396448	-2805.8
845	0.397505	-2853.15
846	0.399374	-2876.15
847	0.400134	-2872.1
848	0.398894	-2883.81
849	0.39843	-2848.94
850	0.396497	-2826.85
851	0.393155	-2801.87
852	0.396364	-2832.21
853	0.403134	-2933.25
854	0.40076	-2861.18
855	0.394985	-2810.09
856	0.400442	-2879.36
857	0.398367	-2821.53
858	0.392365	-2792.88
859	0.396147	-2797.47
860	0.408313	-3013.35
861	0.402647	-2930.79
862	0.396974	-2822.09
863	0.399963	-2844.77
864	0.406581	-3008.68
865	0.398075	-2812.8
866	0.397043	-2868.65
867	0.400296	-2855.87
868	0.396015	-2840.07
869	0.397444	-2828.69
870	0.399305	-2871.2
871	0.397374	-2811.11
872	0.401978	-2916.91
873	0.404551	-2940.2
874	0.393427	-2784.86
875	0.396593	-2825.68
876	0.403386	-2938.01
877	0.391651	-2791.56
878	0.398484	-2790.11
879	0.397626	-2828.29
880	0.403991	-2927.58
881	0.400121	-2889.52
882	0.401679	-2899.78
883	0.391907	-2770.38
884	0.402407	-2883.64
885	0.401781	-2941.48
886	0.395804	-2873.25
887	0.398378	-2832.42
888	0.398522	-2863.47
889	0.398528	-2862.82
890	0.397093	-2814.49
891	0.391341	-2787.37
892	0.396304	-2830.31
893	0.398577	-2861.01
894	0.40043	-2852.6
895	0.387177	-2715.37
896	0.399149	-2895.37
897	0.396009	-2855.08
898	0.401089	-2854.28
899	0.393712	-2772.74
900	0.392892	-2800.88
901	0.398955	-2899.97
902	0.394345	-2813.19
903	0.396689	-2820.15
904	0.393519	-2736.22
905	0.393957	-2820.79
906	0.39885	-2845.44
907	0.402352	-2912.85
908	0.403454	-2877.39
909	0.388048	-2714.56
910	0.403643	-2929.19
911	0.402504	-2921.14
912	0.400088	-2893.74
913	0.400495	-2924.22
914	0.404253	-2919.06
915	0.394498	-2748.21
916	0.408747	-3009.78
917	0.404377	-2918.89
918	0.405435	-2951.54
919	0.399587	-2823.58
920	0.407746	-2946.4
921	0.391422	-2743.32
922	0.391976	-2783.96
923	0.391771	-2769.12
924	0.411521	-3006.83
925	0.398394	-2872.74
926	0.401582	-2875.21
927	0.395281	-2802.92
928	0.408851	-2964.42
929	0.400073	-2878.22
930	0.40222	-2918.33
931	0.397886	-2839.12
932	0.399153	-2872.53
933	0.394424	-2812.42
934	0.390418	-2740.62
935	0.402684	-2919.34
936	0.396113	-2825.39
937	0.400995	-2912.27
938	0.391352	-2721.62
939	0.399304	-2891.88
940	0.405837	-2946.01
941	0.406706	-2975.84
942	0.396477	-2803.68
943	0.407665	-2958.65
944	0.385771	-2676.16
945	0.397064	-2792.49
946	0.395604	-2823.9
947	0.402444	-2912.15
948	0.393298	-2785.07
949	0.398086	-2821.6
950	0.399812	-2876.61
951	0.409902	-3030.21
952	0.398747	-2848.16
953	0.395022	-2759.22
954	0.397948	-2835.48
955	0.406431	-2930.41
956	0.393062	-2815.93
957	0.39204	-2778.2
958	0.386303	-2651.93
959	0.398098	-2845.42
960	0.397772	-2827.6
961	0.404968	-2938.62
962	0.387717	-2740.45
963	0.39749	-2854.83
964	0.398274	-2876.66
965	0.391443	-2749.82
966	0.389452	-2700.04
967	0.396465	-2799.74
968	0.398024	-2818.52
969	0.409941	-3037.98
970	0.394189	-2782.65
971	0.39552	-2824.43
972	0.391566	-2779.3
973	0.395479	-2808.16
974	0.39266	-2777.08
975	0.398878	-2848.71
976	0.396599	-2824.6
977	0.403721	-2920.43
978	0.399353	-2844.4
979	0.397428	-2831.93
980	0.401962	-2933.42
981	0.406605	-3010.62
982	0.39475	-2822.77
983	0.405087	-2963.25
984	0.39798	-2810.07
985	0.393028	-2816.84
986	0.395988	-2798.69
987	0.3961	-2823.2
988	0.3925	-2799.97
989	0.405105	-2983.88
990	0.404497	-2901.09
991	0.399964	-2873.02
992	0.399298	-2834.97
993	0.401263	-2903.97
994	0.402622	-2904.2
995	0.393312	-2761.39
996	0.412174	-3057.07
997	0.399688	-2857.24
998	0.394673	-2802.61
999	0.392384	-2769.49
1000	0.401775	-2888.37
1001	0.396776	-2819.24
1002	0.402296	-2899.68
1003	0.404756	-2919.34
1004	0.409555	-3003.42
1005	0.403348	-2941.83
1006	0.399729	-2848.79
1007	0.408499	-2995.24
1008	0.402699	-2895.4
1009	0.397589	-2822.11
1010	0.386499	-2634.62
1011	0.401604	-2931.35
1012	0.398982	-2854.3
1013	0.396221	-2807.89
1014	0.404638	-2948.88
1015	0.402014	-2911.9
1016	0.407126	-2937.98
1017	0.395948	-2810.42
1018	0.394321	-2775.8
1019	0.394546	-2791.61
1020	0.400052	-2839.57
1021	0.394388	-2763.47
1022	0.405631	-2960.7
1023	0.39898	-2831.22
1024	0.397104	-2864.85
1025	0.406306	-2939.24
1026	0.396357	-2801.3
1027	0.399673	-2831.31
1028	0.403545	-2917.97
1029	0.395415	-2779.81
1030	0.399458	-2854.49
1031	0.405914	-2956.81
1032	0.401414	-2938.21
1033	0.396803	-2849.65
1034	0.397761	-2857.69
1035	0.397159	-2821.9
1036	0.400241	-2842.91
1037	0.399908	-2856.13
1038	0.399287	-2874.69
1039	0.39624	-2814.86
1040	0.398123	-2872
1041	0.397809	-2776.91
1042	0.396953	-2810.64
1043	0.396564	-2844.68
1044	0.390774	-2761.15
1045	0.40131	-2893.44
1046	0.398251	-2825.96
1047	0.401133	-2876.61
1048	0.404503	-2939.4
1049	0.386678	-2698.03
1050	0.405686	-2934.39
1051	0.401263	-2889.11
1052	0.400813	-2913.86
1053	0.402346	-2854.91
1054	0.40664	-2980.6
1055	0.402243	-2915.81
1056	0.406106	-2975.44
1057	0.398763	-2822.07
1058	0.393227	-2748.85
1059	0.39037	-2754.99
1060	0.395912	-2838.95
1061	0.400344	-2877.34
1062	0.390946	-2750.69
1063	0.401472	-2944.7
1064	0.401864	-2925.72
1065	0.399474	-2869.38
1066	0.392697	-2739.55
1067	0.393583	-2773.87
1068	0.397267	-2854.4
1069	0.401527	-2902.57
1070	0.397207	-2816.58
1071	0.395928	-2843.81
1072	0.401313	-2895.92
1073	0.402979	-2929.21
1074	0.399139	-2885.32
1075	0.39225	-2740.97
1076	0.391271	-2765.79
1077	0.402363	-2926.62
1078	0.39635	-2831.05
1079	0.402185	-2879.25
1080	0.396554	-2793.44
1081	0.39664	-2830.08
1082	0.394337	-2825.59
1083	0.395966	-2753.69
1084	0.391104	-2717.25
1085	0.402016	-2925.07
1086	0.397437	-2801.32
1087	0.403823	-2932.79
1088	0.403243	-2939.1
1089	0.401735	-2914.88
1090	0.400192	-2832.7
1091	0.398013	-2846.88
1092	0.406146	-2973.27
1093	0.401529	-2900.16
1094	0.399637	-2874.59
1095	0.3945	-2790.16
1096	0.395442	-2866.5
1097	0.392894	-2757.07
1098	0.393353	-2771.28
1099	0.402969	-2895.95
1100	0.393184	-2812.46
1101	0.39517	-2820.27
1102	0.397539	-2826.78
1103	0.400074	-2912.05
1104	0.402044	-2906.03
1105	0.397023	-2840.03
1106	0.398652	-2834.4
1107	0.406895	-2980.57
1108	0.396289	-2835.38
1109	0.390468	-2731.6
1110	0.394969	-2790.28
1111	0.400462	-2852.71
1112	0.397044	-2818.93
1113	0.405995	-2953.22
1114	0.403412	-2919.69
1115	0.397872	-2836.57
1116	0.399687	-2886.01
1117	0.404476	-2933.15
1118	0.400816	-2861.28
1119	0.397399	-2808.69
1120	0.407954	-3002.78
1121	0.393308	-2763.72
1122	0.400995	-2875.16
1123	0.399258	-2875.04
1124	0.400929	-2871.34
1125	0.403633	-2902.83
1126	0.389721	-2727.89
1127	0.392875	-2789.09
1128	0.395938	-2815.21
1129	0.396015	-2823.69
1130	0.395926	-2848.17
1131	0.40174	-2926.65
1132	0.39465	-2866.95
1133	0.393292	-2757.62
1134	0.403721	-2950.57
1135	0.400378	-2921.05
1136	0.403454	-2947.43
1137	0.397812	-2788.8
1138	0.405999	-2976.6
1139	0.398646	-2817.62
1140	0.397432	-2818.15
1141	0.39571	-2854.68
1142	0.405966	-2955.67
1143	0.404026	-2955.24
1144	0.398419	-2871.27
1145	0.39788	-2844.83
1146	0.408514	-3030.11
1147	0.389277	-2722.29
1148	0.402105	-2894.67
1149	0.395721	-2791.65
1150	0.39989	-2859.72
1151	0.399439	-2855.88
1152	0.399262	-2852.93
1153	0.40485	-2939.33
1154	0.389645	-2744.89
1155	0.401271	-2892.52
1156	0.404958	-2926.81
1157	0.39829	-2854.87
1158	0.395672	-2776.93
1159	0.401872	-2895.37
1160	0.399446	-2891.49
1161	0.401244	-2861.92
1162	0.396174	-2811.12
1163	0.387086	-2700.53
1164	0.399183	-2886.67
1165	0.399928	-2898.9
1166	0.395663	-2809.93
1167	0.391858	-2762.66
1168	0.386571	-2685.4
1169	0.393226	-2826.87
1170	0.406062	-2986.22
1171	0.389876	-2697.05
1172	0.397371	-2798.05
1173	0.401001	-2911.3
1174	0.399451	-2855.88
1175	0.399989	-2844.67
1176	0.402106	-2933.02
1177	0.404011	-2915.08
1178	0.399223	-2886.44
1179	0.404206	-2963.81
1180	0.396514	-2843.21
1181	0.39988	-2867.64
1182	0.399166	-2887.99
1183	0.40406	-2943.07
1184	0.398534	-2893.19
1185	0.401172	-2903.94
1186	0.39783	-2828.47
1187	0.402154	-2919.23
1188	0.394527	-2800.86
1189	0.398007	-2852.23
1190	0.394312	-2800.53
1191	0.395714	-2830.76
1192	0.397012	-2860.37
1193	0.390084	-2743.87
1194	0.40343	-2946.2
1195	0.393661	-2828.57
1196	0.409169	-3002.81
1197	0.389472	-2694.26
1198	0.389302	-2714.13
1199	0.396842	-2814
1200	0.391995	-2773.33
1201	0.399099	-2858.25
1202	0.40162	-2867.87
1203	0.397749	-2792.95
1204	0.395947	-2815.89
1205	0.403392	-2940.54
1206	0.396837	-2851.31
1207	0.392342	-2765.17
1208	0.388675	-2730.07
1209	0.404155	-2907.28
1210	0.401186	-2895.67
1211	0.392361	-2763.73
1212	0.39832	-2850.14
1213	0.400838	-2923.36
1214	0.396805	-2837.29
1215	0.393759	-2824.33
1216	0.398106	-2870.09
1217	0.398948	-2881.48
1218	0.399725	-2860.03
1219	0.40138	-2925.94
1220	0.399125	-2877.22
1221	0.393943	-2797.74
1222	0.406691	-2980.29
1223	0.395859	-2851.39
1224	0.390622	-2755.08
1225	0.397506	-2801.78
1226	0.406677	-2965.12
1227	0.394855	-2794.84
1228	0.396664	-2845.05
1229	0.400455	-2848.81
1230	0.40554	-2942.18
1231	0.39432	-2772.38
1232	0.395556	-2782.1
1233	0.398104	-2843.37
1234	0.396189	-2828.62
1235	0.397833	-2848.81
1236	0.406326	-2939.7
1237	0.402551	-2901.04
1238	0.400942	-2865.52
1239	0.394552	-2767.04
1240	0.388656	-2702.33
1241	0.405015	-2954.57
1242	0.404162	-2919.21
1243	0.396167	-2799.71
1244	0.404002	-2911.12
1245	0.402279	-2918.66
1246	0.396697	-2797.54
1247	0.404522	-2931.72
1248	0.405541	-2951.61
1249	0.399866	-2833.11
1250	0.402612	-2909.34
1251	0.39781	-2869.72
1252	0.404938	-2913.94
1253	0.398092	-2868.78
1254	0.39729	-2856.14
1255	0.407762	-2977.41
1256	0.402505	-2890.49
1257	0.394929	-2801.99
1258	0.402603	-2936.79
1259	0.405633	-2970.64
1260	0.401247	-2921.71
1261	0.407977	-3007.68
1262	0.401817	-2913.85
1263	0.397096	-2813.3
1264	0.406752	-2973.64
1265	0.389839	-2739.43
1266	0.395127	-2816.94
1267	0.400905	-2898.03
1268	0.405397	-2952.37
1269	0.396549	-2821.31
1270	0.406494	-2995.87
1271	0.395643	-2825.1
1272	0.398887	-2843.04
1273	0.396844	-2858.2
1274	0.40176	-2868.61
1275	0.3927	-2761.76
1276	0.40602	-2952.92
1277	0.401205	-2935.54
1278	0.406118	-2995.2
1279	0.397	-2884.31
1280	0.393491	-2757.58
1281	0.398907	-2868.54
1282	0.393849	-2751.96
1283	0.400048	-2887.54
1284	0.391452	-2776.02
1285	0.410244	-3035.61
1286	0.402899	-2897.22
1287	0.392254	-2766.02
1288	0.39978	-2874.96
1289	0.397853	-2896.63
1290	0.39432	-2824.97
1291	0.38749	-2729.36
1292	0.39682	-2886.1
1293	0.39297	-2817.93
1294	0.384207	-2690.53
1295	0.39066	-2710.39
1296	0.396927	-2865.61
1297	0.391209	-2731.76
1298	0.401354	-2936.93
1299	0.397773	-2830.29
1300	0.398136	-2847.98
1301	0.403883	-2901.92
1302	0.403612	-2891.37
1303	0.396319	-2829.92
1304	0.388313	-2703.6
1305	0.388931	-2724.7
1306	0.393391	-2761.37
1307	0.401724	-2905.27
1308	0.395913	-2829.89
1309	0.400365	-2913.25
1310	0.397764	-2873.49
1311	0.397556	-2827.4
1312	0.392759	-2780.6
1313	0.401838	-2885.95
1314	0.404763	-2924.25
1315	0.391243	-2753.4
1316	0.393344	-2823.59
1317	0.388387	-2696.79
1318	0.39684	-2789.43
1319	0.399867	-2860.72
1320	0.404464	-2935.61
1321	0.402121	-2920.53
1322	0.397313	-2830.1
1323	0.386687	-2684.58
1324	0.398639	-2851.09
1325	0.400071	-2919.82
1326	0.402881	-2909.18
1327	0.395837	-2840.43
1328	0.406173	-2967.46
1329	0.40666	-2947.24
1330	0.396217	-2816.04
1331	0.396345	-2836.11
1332	0.39837	-2825.3
1333	0.39934	-2876.58
1334	0.402566	-2893.48
1335	0.384535	-2686.26
1336	0.402257	-2888.64
1337	0.395332	-2797.55
1338	0.385217	-2612.71
1339	0.401159	-2913.48
1340	0.401368	-2866.47
1341	0.395105	-2840.79
1342	0.391383	-2734.77
1343	0.400167	-2881.87
1344	0.397873	-2841.2
1345	0.399736	-2860.84
1346	0.393625	-2827.55
1347	0.395921	-2813.1
1348	0.399727	-2884.69
1349	0.405581	-2973.58
1350	0.390736	-2742.9
1351	0.398069	-2853.32
1352	0.398138	-2872.35
1353	0.406953	-2980.55
1354	0.396896	-2834.94
1355	0.395992	-2830.31
1356	0.391232	-2749.37
1357	0.399084	-2886.08
1358	0.395241	-2842.04
1359	0.404066	-2946.09
1360	0.399676	-2885.08
1361	0.395883	-2821.48
1362	0.394156	-2772.78
1363	0.393245	-2743.33
1364	0.396021	-2789.75
1365	0.395811	-2830.16
1366	0.397552	-2802.19
1367	0.398402	-2873.53
1368	0.405158	-2939.7
1369	0.400401	-2869.84
1370	0.404961	-2996.47
1371	0.40051	-2875.19
1372	0.412984	-3004.82
1373	0.39944	-2882.16
1374	0.405951	-2970.76
1375	0.398807	-2857.06
1376	0.394269	-2831.55
1377	0.399611	-2864.12
1378	0.402124	-2879.85
1379	0.406069	-2961.56
1380	0.388499	-2743.79
1381	0.40789	-2972.25
1382	0.400533	-2903.43
1383	0.402858	-2936.01
1384	0.396562	-2862.5
1385	0.400345	-2903.51
1386	0.395866	-2806.84
1387	0.389556	-2705.02
1388	0.391269	-2720.88
1389	0.392005	-2759.42
1390	0.391944	-2733.8
1391	0.40003	-2902.58
1392	0.393488	-2771.57
1393	0.395215	-2869.39
1394	0.404014	-2932.51
1395	0.402318	-2914.77
1396	0.403523	-2897.84
1397	0.397846	-2813.47
1398	0.395727	-2815.8
1399	0.403243	-2938.01
1400	0.401807	-2924.94
1401	0.393981	-2830.16
1402	0.397271	-2861.54
1403	0.399685	-2911.49
1404	0.399158	-2802.23
1405	0.40034	-2845.95
1406	0.39354	-2804.31
1407	0.403186	-2913.92
1408	0.404807	-2904.08
1409	0.397382	-2879.53
1410	0.401506	-2906.47
1411	0.399296	-2826.88
1412	0.390105	-2715.97
1413	0.396618	-2782.77
1414	0.393701	-2795.51
1415	0.396088	-2810.79
1416	0.39205	-2745.45
1417	0.394491	-2802.96
1418	0.393025	-2757.19
1419	0.400584	-2898.14
1420	0.398726	-2835.53
1421	0.395455	-2813.68
1422	0.406118	-2991.73
1423	0.400003	-2899.89
1424	0.403542	-2919.84
1425	0.39741	-2851.47
1426	0.401562	-2913.84
1427	0.404709	-2942.05
1428	0.393975	-2784.39
1429	0.400459	-2857.6
1430	0.399195	-2873.56
1431	0.394056	-2787.6
1432	0.39686	-2778.82
1433	0.388596	-2697.53
1434	0.399349	-2858.79
1435	0.410861	-3026.2
1436	0.400987	-2860.16
1437	0.40152	-2896.74
1438	0.395253	-2880.1
1439	0.398092	-2855.93
1440	0.396284	-2805.85
1441	0.401359	-2875.54
1442	0.396729	-2787.15
1443	0.39633	-2849.58
1444	0.398638	-2846.12
1445	0.397953	-2806.27
1446	0.390699	-2727.69
1447	0.404344	-2922.55
1448	0.390088	-2741.84
1449	0.394223	-2766.53
1450	0.39499	-2768.95
1451	0.39479	-2801.06
1452	0.396189	-2793.01
1453	0.397842	-2814.84
1454	0.400236	-2846.68
1455	0.39772	-2811.36
1456	0.397254	-2839.88
1457	0.393091	-2773.77
1458	0.401951	-2896.22
1459	0.40149	-2884.33
1460	0.399773	-2872.98
1461	0.399371	-2861.18
1462	0.400881	-2860.06
1463	0.400183	-2880.17
1464	0.394519	-2801.32
1465	0.391451	-2786.88
1466	0.404528	-2952.48
1467	0.400803	-2893.88
1468	0.401165	-2897.71
1469	0.399856	-2872.83
1470	0.405161	-2954.03
1471	0.403365	-2923.64
1472	0.391864	-2790.59
1473	0.400163	-2928.67
1474	0.389678	-2749.57
1475	0.401931	-2917.02
1476	0.401711	-2912.47
1477	0.399123	-2863.32
1478	0.404104	-2942.39
1479	0.398885	-2861.1
1480	0.399349	-2878.86
1481	0.395773	-2792.22
1482	0.393141	-2744.04
1483	0.400897	-2880.48
1484	0.395714	-2787.83
1485	0.397734	-2838.11
1486	0.404756	-2957.89
1487	0.397437	-2849.08
1488	0.40071	-2903.66
1489	0.404281	-2855.42
1490	0.399108	-2846.34
1491	0.393223	-2787.66
1492	0.398366	-2854.27
1493	0.402015	-2890.45
1494	0.408606	-2991.5
1495	0.397691	-2850.77
1496	0.402294	-2932.43
1497	0.399851	-2856.17
1498	0.396787	-2813.42
1499	0.403851	-2949.21
1500	0.395218	-2848.2
1501	0.399546	-2907.77
1502	0.397133	-2823.75
1503	0.392915	-2803.37
1504	0.3943	-2799.54
1505	0.399428	-2879.27
1506	0.401259	-2904.39
1507	0.401635	-2878.37
1508	0.398006	-2862.67
1509	0.394558	-2817.83
1510	0.398728	-2866.63
1511	0.402483	-2927.79
1512	0.399384	-2893.62
1513	0.404173	-2993.13
1514	0.393917	-2788.78
1515	0.402611	-2876.12
1516	0.403198	-2963.36
1517	0.397994	-2889.63
1518	0.396902	-2861.44
1519	0.400911	-2897.05
1520	0.391754	-2755.84
1521	0.399723	-2857.85
1522	0.394757	-2793.39
1523	0.398517	-2849.4
1524	0.396391	-2839.24
1525	0.395221	-2855.34
1526	0.398789	-2896.81
1527	0.392223	-2792.66
1528	0.389009	-2707.04
1529	0.397413	-2823.83
1530	0.395323	-2782.19
1531	0.396036	-2824.67
1532	0.40125	-2898.82
1533	0.411837	-3034.69
1534	0.40035	-2879.01
1535	0.405745	-2980.05
1536	0.40125	-2909.71
1537	0.400512	-2874.73
1538	0.398563	-2928.66
1539	0.399299	-2861.91
1540	0.40407	-2928.94
1541	0.402158	-2915.26
1542	0.391697	-2741.36
1543	0.399832	-2832.99
1544	0.397836	-2863.38
1545	0.406734	-2982.1
1546	0.38877	-2719.33
1547	0.401461	-2858.81
1548	0.399129	-2874.04
1549	0.397165	-2828.55
1550	0.398792	-2861.96
1551	0.404368	-2952.78
1552	0.396412	-2808.85
1553	0.393743	-2752.47
1554	0.397612	-2794.86
1555	0.399443	-2900.75
1556	0.39811	-2862.29
1557	0.39963	-2836.04
1558	0.396694	-2851.77
1559	0.398705	-2853.63
1560	0.402743	-2884.97
1561	0.405895	-2953.39
1562	0.397724	-2863.31
1563	0.398047	-2858.66
1564	0.397849	-2853.59
1565	0.403951	-2905.33
1566	0.387916	-2667.65
1567	0.401664	-2923.24
1568	0.395419	-2819.82
1569	0.400459	-2894.3
1570	0.39803	-2879.01
1571	0.399411	-2899.53
1572	0.398454	-2859.43
1573	0.398834	-2882.84
1574	0.410431	-3062.54
1575	0.39694	-2850.18
1576	0.399755	-2889.41
1577	0.398525	-2868.9
1578	0.402152	-2910.97
1579	0.396737	-2827.32
1580	0.389939	-2739.62
1581	0.389695	-2698.4
1582	0.402877	-2905.8
1583	0.398568	-2864.3
1584	0.400352	-2898.89
1585	0.3953	-2823.95
1586	0.395351	-2809.72
1587	0.399786	-2863.26
1588	0.405236	-2957.64
1589	0.394464	-2827.74
1590	0.401763	-2909.81
1591	0.39683	-2805.27
1592	0.40397	-2936.84
1593	0.403588	-2924.55
1594	0.402565	-2881.85
1595	0.391978	-2752.06
1596	0.389831	-2736.99
1597	0.399025	-2835.64
1598	0.394471	-2818.84
1599	0.396659	-2863.76
1600	0.402721	-2908.61
1601	0.395622	-2764.65
1602	0.392734	-2794.84
1603	0.396238	-2846.75
1604	0.389369	-2723.6
1605	0.391387	-2723.06
1606	0.399428	-2899.54
1607	0.394392	-2778.04
1608	0.404767	-2939.71
1609	0.400759	-2896.36
1610	0.402403	-2937.36
1611	0.390969	-2757.36
1612	0.395335	-2778.15
1613	0.405657	-2968.68
1614	0.388809	-2706.16
1615	0.399732	-2874.09
1616	0.393612	-2807.87
1617	0.399977	-2848.29
1618	0.387594	-2688.18
1619	0.406705	-2954.53
1620	0.394251	-2784.76
1621	0.395485	-2824.89
1622	0.398485	-2846.78
1623	0.40845	-3010.54
1624	0.398288	-2838.74
1625	0.393524	-2777.21
1626	0.401853	-2884.24
1627	0.399643	-2832.27
1628	0.391829	-2769.12
1629	0.401106	-2890.61
1630	0.395274	-2771.54
1631	0.400982	-2851.9
1632	0.392744	-2741.39
1633	0.393434	-2729.06
1634	0.404562	-2916.28
1635	0.40013	-2913.99
1636	0.404014	-2899.97
1637	0.401532	-2914.95
1638	0.401699	-2894.52
1639	0.397067	-2823.07
1640	0.400266	-2936.67
1641	0.408009	-2976.56
1642	0.401274	-2909.27
1643	0.397953	-2878.12
1644	0.390268	-2745.93
1645	0.401757	-2921.37
1646	0.402469	-2910.2
1647	0.402547	-2911.28
1648	0.40714	-2973.36
1649	0.398999	-2895.98
1650	0.399751	-2904.83
1651	0.403599	-2951.15
1652	0.398658	-2853.88
1653	0.405548	-2952.55
1654	0.398135	-2852.98
1655	0.394194	-2800.85
1656	0.396661	-2810.55
1657	0.403065	-2899.59
1658	0.40183	-2898.12
1659	0.390914	-2793.34
1660	0.402924	-2875.07
1661	0.401246	-2884.66
1662	0.39996	-2841.16
1663	0.40118	-2883.8
1664	0.402177	-2867.49
1665	0.399983	-2894.79
1666	0.397159	-2804.37
1667	0.39188	-2762.67
1668	0.400888	-2912.96
1669	0.403026	-2896.03
1670	0.400977	-2894.92
1671	0.395342	-2796.88
1672	0.402707	-2896.29
1673	0.399472	-2906.23
1674	0.394273	-2801.97
1675	0.402388	-2932.51
1676	0.4019	-2928.87
1677	0.394794	-2791.86
1678	0.398589	-2854.06
1679	0.390493	-2754.08
1680	0.400712	-2890.57
1681	0.39855	-2842.37
1682	0.407231	-2949.15
1683	0.399402	-2891.97
1684	0.398669	-2882.56
1685	0.402056	-2898.93
1686	0.394609	-2803.05
1687	0.399004	-2847.76
1688	0.400367	-2884.68
1689	0.402694	-2905.37
1690	0.387513	-2693.18
1691	0.399499	-2879.87
1692	0.395467	-2823.38
1693	0.405334	-2935.87
1694	0.394808	-2790.24
1695	0.397565	-2829.8
1696	0.394349	-2786.92
1697	0.397587	-2854.51
1698	0.399548	-2853.4
1699	0.401739	-2916.22
1700	0.40653	-2955.13
1701	0.401836	-2934.13
1702	0.398917	-2846.44
1703	0.394742	-2791.26
1704	0.406023	-2952.8
1705	0.402402	-2944.57
1706	0.403629	-2938.87
1707	0.399657	-2879.81
1708	0.397541	-2826.13
1709	0.401907	-2934.56
1710	0.39483	-2834.46
1711	0.401641	-2948.38
1712	0.401086	-2891.37
1713	0.400339	-2820.47
1714	0.394549	-2849.23
1715	0.401948	-2922.68
1716	0.396033	-2807.09
1717	0.396553	-2824.06
1718	0.400205	-2852.76
1719	0.397238	-2823.33
1720	0.403166	-2911.6
1721	0.39751	-2845.09
1722	0.399426	-2912.69
1723	0.402424	-2921.13
1724	0.401537	-2901.26
1725	0.396842	-2841.89
1726	0.401125	-2918.15
1727	0.394697	-2788.09
1728	0.397028	-2879.19
1729	0.3997	-2871.39
1730	0.39172	-2747.94
1731	0.402818	-2918.85
1732	0.399594	-2913.05
1733	0.396531	-2836.92
1734	0.403438	-2911.01
1735	0.39055	-2695.72
1736	0.397893	-2830.47
1737	0.400858	-2918.53
1738	0.391738	-2768.72
1739	0.39278	-2753.4
1740	0.399111	-2844.45
1741	0.399676	-2861.18
1742	0.401701	-2891.36
1743	0.405965	-2947.14
1744	0.407516	-2992.14
1745	0.39796	-2853.23
1746	0.401388	-2934.62
1747	0.402442	-2881.24
1748	0.395381	-2790.27
1749	0.402761	-2963.94
1750	0.396241	-2797.39
1751	0.406705	-2967.93
1752	0.394263	-2791.91
1753	0.400079	-2892.08
1754	0.401843	-2931.26
1755	0.402479	-2931
1756	0.401319	-2914.05
1757	0.397762	-2843.43
1758	0.399767	-2886.56
1759	0.397146	-2867.39
1760	0.406371	-2922.51
1761	0.397617	-2835.19
1762	0.407522	-2998.76
1763	0.391497	-2734.78
1764	0.397664	-2856.02
1765	0.40394	-2930.26
1766	0.402911	-2910.35
1767	0.398266	-2884.37
1768	0.399722	-2876.52
1769	0.387322	-2673.29
1770	0.392085	-2734.84
1771	0.396424	-2798.48
1772	0.402662	-2941.71
1773	0.392456	-2784.58
1774	0.407511	-2974.11
1775	0.392236	-2767.85
1776	0.404794	-2932.87
1777	0.40185	-2942.59
1778	0.400509	-2876.5
1779	0.399087	-2880.93
1780	0.392643	-2753.28
1781	0.403063	-2903.41
1782	0.397158	-2847.36
1783	0.397952	-2837.39
1784	0.39784	-2868.49
1785	0.399532	-2882.92
1786	0.39887	-2841.2
1787	0.395102	-2831.39
1788	0.400585	-2869.29
1789	0.389741	-2711.02
1790	0.397988	-2829.86
1791	0.397139	-2816.85
1792	0.398091	-2814.93
1793	0.393625	-2802.15
1794	0.395574	-2791.9
1795	0.405726	-2989.64
1796	0.397343	-2844.17
1797	0.395664	-2805.52
1798	0.401216	-2945.79
1799	0.394175	-2799.25
1800	0.404053	-2972.82
1801	0.392378	-2722.72
1802	0.392428	-2722.77
1803	0.394451	-2810.22
1804	0.395213	-2802.29
1805	0.403278	-2930.24
1806	0.389057	-2725.02
1807	0.392036	-2722.3
1808	0.392235	-2771.56
1809	0.3977	-2830.16
1810	0.395271	-2776.72
1811	0.400327	-2877.25
1812	0.398873	-2850.42
1813	0.405877	-2939.53
1814	0.395881	-2815.47
1815	0.3953	-2805.64
1816	0.395241	-2857.71
1817	0.399672	-2864.33
1818	0.394728	-2794.84
1819	0.400833	-2856.85
1820	0.405286	-2974.45
1821	0.397938	-2872.53
1822	0.392857	-2737.79
1823	0.397692	-2852.48
1824	0.39692	-2872.04
1825	0.396136	-2839.06
1826	0.395074	-2783.84
1827	0.402493	-2922.25
1828	0.394471	-2804.59
1829	0.397512	-2828.52
1830	0.399238	-2837.73
1831	0.393186	-2778.85
1832	0.407003	-2961.14
1833	0.385448	-2674.6
1834	0.398157	-2894.83
1835	0.402987	-2905.4
1836	0.396692	-2805.65
1837	0.394475	-2803.73
1838	0.399204	-2874.01
1839	0.405023	-2955.37
1840	0.399198	-2885.52
1841	0.397867	-2801.38
1842	0.404857	-2929.66
1843	0.398146	-2874.83
1844	0.403923	-2922.1
1845	0.399151	-2883.49
1846	0.396682	-2810.29
1847	0.395106	-2824.44
1848	0.392591	-2767.52
1849	0.399955	-2838.46
1850	0.405677	-2952.1
1851	0.397561	-2844.28
1852	0.399086	-2826.22
1853	0.398953	-2862.7
1854	0.38795	-2707.54
1855	0.398077	-2860.38
1856	0.400321	-2871.54
1857	0.397509	-2782.53
1858	0.396304	-2812.6
1859	0.399116	-2915.89
1860	0.398681	-2848.32
1861	0.39661	-2855.87
1862	0.395355	-2842.21
1863	0.402741	-2932.15
1864	0.395873	-2825.85
1865	0.388467	-2735.25
1866	0.397671	-2869.02
1867	0.405205	-2963.35
1868	0.392957	-2787.48
1869	0.402659	-2937.78
1870	0.400468	-2898.54
1871	0.401788	-2898.85
1872	0.389824	-2712.89
1873	0.404458	-2957.98
1874	0.39835	-2880.11
1875	0.39876	-2892.74
1876	0.396935	-2843.12
1877	0.400373	-2820.09
1878	0.401971	-2897.92
1879	0.400947	-2885.29
1880	0.396434	-2809.89
1881	0.391786	-2728.99
1882	0.393612	-2802.7
1883	0.398084	-2876.97
1884	0.401577	-2905.7
1885	0.405428	-2939.47
1886	0.403479	-2912.59
1887	0.401997	-2923.22
1888	0.403149	-2895.71
1889	0.402828	-2948.26
1890	0.39424	-2809.42
1891	0.399878	-2889.56
1892	0.403421	-2943.1
1893	0.39611	-2855.02
1894	0.400679	-2924.98
1895	0.398364	-2856.52
1896	0.398071	-2837.79
1897	0.397879	-2820.74
1898	0.403414	-2961.77
1899	0.401786	-2877.8
1900	0.403433	-2892.85
1901	0.402289	-2883.43
1902	0.395328	-2795.32
1903	0.410411	-3048.67
1904	0.401353	-2888.58
1905	0.405351	-2949.58
1906	0.41112	-3050.06
1907	0.399329	-2886.83
1908	0.395261	-2840.71
1909	0.400606	-2917.13
1910	0.417584	-3137.22
1911	0.399772	-2876.65
1912	0.390799	-2732.93
1913	0.394508	-2821.62
1914	0.40406	-2919.79
1915	0.395359	-2782.83
1916	0.396564	-2822.53
1917	0.402764	-2877.98
1918	0.405077	-2929.43
1919	0.404257	-2994.11
1920	0.393819	-2760.75
1921	0.405383	-2951.47
1922	0.396475	-2836.35
1923	0.407617	-2971.55
1924	0.393739	-2798.53
1925	0.400139	-2904.15
1926	0.397663	-2825.74
1927	0.388041	-2684.53
1928	0.401567	-2925.51
1929	0.400514	-2882.4
1930	0.402741	-2935.52
1931	0.402572	-2890.13
1932	0.391898	-2775.02
1933	0.398259	-2815.96
1934	0.394239	-2759.79
1935	0.394262	-2794.67
1936	0.402136	-2906.12
1937	0.399316	-2839.07
1938	0.400205	-2857.93
1939	0.399253	-2869.64
1940	0.399496	-2828.39
1941	0.403093	-2909.91
1942	0.39512	-2786.46
1943	0.400201	-2860.81
1944	0.39616	-2818.33
1945	0.411513	-3044.19
1946	0.401895	-2845.51
1947	0.396347	-2834.58
1948	0.391524	-2734.29
1949	0.394481	-2780.42
1950	0.393546	-2757.38
1951	0.395613	-2815.77
1952	0.407134	-2966.91
1953	0.396944	-2835.26
1954	0.402847	-2929.52
1955	0.399062	-2871.38
1956	0.395476	-2803.45
1957	0.397472	-2869.25
1958	0.399055	-2861.49
1959	0.401839	-2884.81
1960	0.398066	-2840.73
1961	0.404764	-2941.08
1962	0.399449	-2825.48
1963	0.402836	-2911.15
1964	0.401182	-2902.06
1965	0.38783	-2691.97
1966	0.389956	-2752.18
1967	0.398914	-2892.5
1968	0.398232	-2837.6
1969	0.402417	-2897.27
1970	0.39332	-2772.95
1971	0.400648	-2877.21
1972	0.400951	-2940.47
1973	0.399229	-2835.87
1974	0.400034	-2908.99
1975	0.406588	-2975.33
1976	0.399289	-2853.59
1977	0.391135	-2720.7
1978	0.398605	-2880.71
1979	0.389618	-2732.84
1980	0.397511	-2852.19
1981	0.394997	-2810.95
1982	0.406808	-2943.71
1983	0.399627	-2840.67
1984	0.395787	-2835.28
1985	0.403267	-2921.89
1986	0.399431	-2880.67
1987	0.400448	-2940.44
1988	0.395284	-2842.62
1989	0.406182	-2971.75
1990	0.399894	-2867.11
1991	0.402331	-2933.9
1992	0.395741	-2766.67
1993	0.402233	-2882.93
1994	0.403495	-2915.25
1995	0.392253	-2780.43
1996	0.402446	-2884.95
1997	0.398333	-2881.24
1998	0.400365	-2856.19
1999	0.401521	-2884.2
2000	0.402845	-2943.54
2001	0.399919	-2905.06
2002	0.397296	-2860.3
2003	0.406161	-2928.08
2004	0.396263	-2797.22
2005	0.397061	-2844.37
2006	0.41024	-2996.08
2007	0.397846	-2867.54
2008	0.402223	-2959.03
2009	0.405384	-2974.14
2010	0.40259	-2929.65
2011	0.40153	-2880.42
2012	0.396949	-2812.55
2013	0.404724	-2936.11
2014	0.399266	-2851.51
2015	0.398741	-2845.88
2016	0.395574	-2781.63
2017	0.402068	-2867.28
2018	0.396581	-2808.56
2019	0.394757	-2812.67
2020	0.397729	-2850.04
2021	0.399331	-2880.4
2022	0.405961	-2921.23
2023	0.39964	-2863.48
2024	0.392915	-2790.63
2025	0.398989	-2832.49
2026	0.402923	-2944.62
2027	0.398627	-2864.57
2028	0.39365	-2769.41
2029	0.39663	-2841.92
2030	0.398212	-2848.35
2031	0.39753	-2828.68
2032	0.394791	-2787.08
2033	0.402104	-2873
2034	0.401777	-2900.12
2035	0.405316	-2967.66
2036	0.388582	-2718.66
2037	0.406772	-2933.99
2038	0.394297	-2783.25
2039	0.393588	-2768.38
2040	0.40368	-2939.83
2041	0.391053	-2739.27
2042	0.405477	-2901.48
2043	0.394184	-2751.54
2044	0.39364	-2808.81
2045	0.401716	-2887.29
2046	0.40252	-2889.9
2047	0.393924	-2775.92
2048	0.401344	-2890.36
2049	0.406805	-2934.68
2050	0.394251	-2797.05
2051	0.39905	-2896.21
2052	0.391729	-2721.06
2053	0.397074	-2851.54
2054	0.398019	-2866.8
2055	0.403873	-2937.82
2056	0.3963	-2807.63
2057	0.393987	-2813.39
2058	0.397663	-2852.34
2059	0.413221	-3081.18
2060	0.400092	-2826.74
2061	0.395541	-2793.43
2062	0.387669	-2696.09
2063	0.395374	-2846.46
2064	0.395672	-2810.14
2065	0.403834	-2925.59
2066	0.40291	-2901.65
2067	0.391377	-2728.72
2068	0.404937	-2956.05
2069	0.401148	-2865.9
2070	0.395727	-2820.93
2071	0.40051	-2877.2
2072	0.395906	-2829.36
2073	0.402388	-2894.69
2074	0.395367	-2821.43
2075	0.404279	-2943.22
2076	0.392372	-2786.81
2077	0.400946	-2932.28
2078	0.398088	-2792.46
2079	0.396501	-2841.08
2080	0.394027	-2837.15
2081	0.391006	-2747.84
2082	0.411327	-3064.09
2083	0.401933	-2895.84
2084	0.399585	-2837.49
2085	0.404695	-2956
2086	0.404778	-2955.72
2087	0.397205	-2830.33
2088	0.400329	-2889.54
2089	0.396654	-2826.22
2090	0.394945	-2827.65
2091	0.399168	-2886.62
2092	0.398418	-2866.23
2093	0.408733	-2961.2
2094	0.397537	-2834.69
2095	0.402829	-2942.77
2096	0.392601	-2793.85
2097	0.398574	-2845.94
2098	0.396315	-2843.07
2099	0.402936	-2929.7
2100	0.398142	-2843.52
2101	0.406367	-2946.22
2102	0.399174	-2882.01
2103	0.397214	-2825.13
2104	0.40514	-2987.08
2105	0.394287	-2788.9
2106	0.39796	-2816.62
2107	0.397214	-2794.65
2108	0.395919	-2792.9
2109	0.395086	-2791.16
2110	0.407606	-2981.18
2111	0.401164	-2888.01
2112	0.40244	-2886.24
2113	0.405311	-2985.64
2114	0.402823	-2951.61
2115	0.398518	-2795.76
2116	0.399354	-2890.15
2117	0.401885	-2943.73
2118	0.398651	-2855.18
2119	0.405728	-2969.62
2120	0.392134	-2764.88
2121	0.393673	-2795.54
2122	0.401458	-2888.7
2123	0.394691	-2793.9
2124	0.399202	-2871
2125	0.394853	-2749.47
2126	0.407503	-3024.08
2127	0.406928	-2961.6
2128	0.401336	-2908.42
2129	0.402176	-2938.52
2130	0.407101	-3009.52
2131	0.406758	-2914.91
2132	0.406566	-2929.31
2133	0.397042	-2838.99
2134	0.396219	-2830.94
2135	0.388692	-2707.65
2136	0.406648	-2915.72
2137	0.401774	-2894.95
2138	0.400484	-2852.5
2139	0.395763	-2746.26
2140	0.398479	-2887.48
2141	0.402686	-2935.25
2142	0.395856	-2813.9
2143	0.396386	-2804.14
2144	0.399005	-2882.02
2145	0.393752	-2766.65
2146	0.401318	-2912.87
2147	0.39656	-2784.02
2148	0.393361	-2773.59
2149	0.401065	-2894.87
2150	0.396609	-2877.68
2151	0.404409	-2945.19
2152	0.403683	-2859.13
2153	0.394961	-2803.01
2154	0.398237	-2865.42
2155	0.39672	-2805.86
2156	0.401056	-2872.94
2157	0.396198	-2833.06
2158	0.400193	-2866.11
2159	0.400567	-2861.39
2160	0.405383	-2957.87
2161	0.404557	-2915.97
2162	0.397478	-2869.52
2163	0.397781	-2837.4
2164	0.398081	-2872.16
2165	0.401	-2915.86
2166	0.404994	-2998.88
2167	0.396716	-2801.27
2168	0.395475	-2792.21
2169	0.400749	-2919.41
2170	0.39821	-2860.96
2171	0.387379	-2723.48
2172	0.393302	-2750.08
2173	0.39694	-2844.49
2174	0.399208	-2867.74
2175	0.400397	-2888.34
2176	0.407145	-2954.16
2177	0.40127	-2867.46
2178	0.406083	-2968.03
2179	0.39893	-2832
2180	0.400269	-2853.75
2181	0.403405	-2926.2
2182	0.393611	-2800.63
2183	0.39773	-2826.96
2184	0.395171	-2839.7
2185	0.400648	-2906.88
2186	0.398817	-2883
2187	0.401389	-2891.87
2188	0.402464	-2931.25
2189	0.409162	-3013.12
2190	0.396935	-2840.46
2191	0.400574	-2874.5
2192	0.395244	-2819.18
2193	0.401863	-2952.97
2194	0.395968	-2838.4
2195	0.407369	-2957.46
2196	0.400463	-2850.71
2197	0.399632	-2864.74
2198	0.399208	-2879.76
2199	0.39664	-2876.41
2200	0.399397	-2856.65
2201	0.399355	-2865.46
2202	0.401276	-2873.23
2203	0.404034	-2953.24
2204	0.402144	-2899.67
2205	0.399818	-2885.8
2206	0.404225	-2924.33
2207	0.400832	-2886.02
2208	0.4029	-2948.84
2209	0.397127	-2818.84
2210	0.395699	-2820.14
2211	0.395605	-2819.68
2212	0.396442	-2817.26
2213	0.391624	-2761.31
2214	0.392411	-2786.48
2215	0.402001	-2911.46
2216	0.399311	-2884.97
2217	0.398269	-2848.41
2218	0.398863	-2819.75
2219	0.392415	-2799.79
2220	0.389497	-2713.25
2221	0.402288	-2928.09
2222	0.401843	-2893.84
2223	0.401429	-2909.57
2224	0.400102	-2862.39
2225	0.399448	-2878.66
2226	0.397372	-2852.39
2227	0.401349	-2891.19
2228	0.395252	-2772.79
2229	0.40377	-2920.08
2230	0.409776	-3015.6
2231	0.387671	-2698.01
2232	0.40811	-2977.43
2233	0.401972	-2938.36
2234	0.402665	-2886.56
2235	0.408789	-2986.11
2236	0.393316	-2768.4
2237	0.400856	-2852
2238	0.395155	-2813.38
2239	0.392337	-2774.03
2240	0.385872	-2665.05
2241	0.39168	-2749.13
2242	0.402441	-2914.26
2243	0.412878	-3123.35
2244	0.395678	-2788.62
2245	0.393823	-2845.7
2246	0.401304	-2893.95
2247	0.398673	-2888.81
2248	0.39739	-2827.29
2249	0.401923	-2908.93
2250	0.390363	-2757.23
2251	0.392144	-2800.07
2252	0.396069	-2854.2
2253	0.400382	-2878.31
2254	0.397739	-2858.63
2255	0.395879	-2822.05
2256	0.393851	-2780.59
2257	0.404552	-2919.85
2258	0.39982	-2865.82
2259	0.40577	-2937.5
2260	0.406164	-2958.41
2261	0.396873	-2819.56
2262	0.398655	-2852.66
2263	0.391126	-2713.09
2264	0.386824	-2661.06
2265	0.406131	-2959.97
2266	0.398491	-2865.24
2267	0.391121	-2688.34
2268	0.399146	-2803.94
2269	0.399859	-2857.46
2270	0.397438	-2842.21
2271	0.409009	-3013.3
2272	0.40127	-2901.19
2273	0.405656	-2969.05
2274	0.389332	-2719.26
2275	0.405557	-2989.96
2276	0.392505	-2769.3
2277	0.401109	-2873.31
2278	0.403564	-2929.95
2279	0.400717	-2911.39
2280	0.389199	-2758.87
2281	0.398742	-2931.37
2282	0.40466	-2973.83
2283	0.397229	-2876.96
2284	0.398071	-2804.86
2285	0.392919	-2811.3
2286	0.398448	-2826.34
2287	0.404009	-2910.33
2288	0.393033	-2789.45
2289	0.395862	-2843.45
2290	0.397014	-2827.25
2291	0.402783	-2893.62
2292	0.399785	-2894.58
2293	0.40352	-2966.99
2294	0.392221	-2769.36
2295	0.4033	-2931.51
2296	0.398516	-2859.4
2297	0.401684	-2903.01
2298	0.399525	-2868.07
2299	0.400406	-2890.53
2300	0.396087	-2799.76
2301	0.399788	-2871.2
2302	0.387034	-2688.05
2303	0.390308	-2747.1
2304	0.392585	-2770.36
2305	0.407379	-2975.77
2306	0.398106	-2868.68
2307	0.393061	-2803.49
2308	0.398104	-2857.65
2309	0.393457	-2765.2
2310	0.388592	-2673.87
2311	0.401732	-2914.61
2312	0.402237	-2885.17
2313	0.398213	-2843.9
2314	0.395292	-2768.89
2315	0.399746	-2858.79
2316	0.396049	-2832.18
2317	0.402394	-2922.08
2318	0.396698	-2823.79
2319	0.398408	-2830.38
2320	0.393937	-2762.18
2321	0.396321	-2786.97
2322	0.388324	-2737.43
2323	0.394344	-2782.99
2324	0.398638	-2848.17
2325	0.399621	-2905.3
2326	0.397057	-2863.03
2327	0.404766	-3016.7
2328	0.398353	-2855.62
2329	0.413172	-3037.27
2330	0.397623	-2867.22
2331	0.400868	-2875.03
2332	0.405945	-2966.58
2333	0.392564	-2792.35
2334	0.393546	-2759.75
2335	0.39839	-2830.28
2336	0.39731	-2816.76
2337	0.403755	-2936.31
2338	0.401146	-2905.99
2339	0.401671	-2902.63
2340	0.396084	-2817.05
2341	0.393898	-2798.85
2342	0.406784	-2982.6
2343	0.406276	-2959.09
2344	0.403236	-2936.62
2345	0.399757	-2890.35
2346	0.394231	-2810.51
2347	0.402322	-2913.87
2348	0.39569	-2780.09
2349	0.397407	-2812.79
2350	0.400584	-2928.37
2351	0.392484	-2743.06
2352	0.392512	-2789.41
2353	0.39953	-2850.07
2354	0.396454	-2840.9
2355	0.397362	-2839.5
2356	0.400217	-2858.12
2357	0.40184	-2929.75
2358	0.400122	-2835.73
2359	0.399417	-2835.76
2360	0.407029	-2996.29
2361	0.398186	-2824.19
2362	0.399983	-2871.21
2363	0.40263	-2884.46
2364	0.396324	-2818.43
2365	0.403206	-2894.54
2366	0.403876	-2904.39
2367	0.404846	-2917.31
2368	0.404666	-2978.12
2369	0.39688	-2810.05
2370	0.397205	-2846.54
2371	0.399895	-2879.72
2372	0.394102	-2772.54
2373	0.39778	-2878.61
2374	0.395477	-2778.79
2375	0.39512	-2808.06
2376	0.396719	-2841.24
2377	0.405109	-2945.86
2378	0.393808	-2809.97
2379	0.400969	-2901.83
2380	0.39874	-2841.79
2381	0.397142	-2834.03
2382	0.397189	-2825.65
2383	0.402146	-2886.38
2384	0.389809	-2736.57
2385	0.399709	-2911.82
2386	0.393188	-2775.11
2387	0.399027	-2868.1
2388	0.392286	-2759.35
2389	0.394001	-2823.54
2390	0.404358	-2931.07
2391	0.394297	-2794.5
2392	0.403882	-2919.16
2393	0.39736	-2879.69
2394	0.400943	-2905.63
2395	0.3987	-2851.34
2396	0.396901	-2828.79
2397	0.401049	-2944.35
2398	0.400576	-2849.1
2399	0.397526	-2876.85
2400	0.405881	-2978.45
2401	0.40287	-2908.3
2402	0.391162	-2756.22
2403	0.396536	-2883.69
2404	0.402693	-2912.43
2405	0.405736	-2956.38
2406	0.393834	-2812.93
2407	0.401374	-2906.98
2408	0.394293	-2776.04
2409	0.401331	-2951.56
2410	0.398437	-2900.16
2411	0.392792	-2753.73
2412	0.391531	-2810.83
2413	0.403533	-2943.08
2414	0.39921	-2882.44
2415	0.397784	-2891.88
2416	0.396757	-2848.11
2417	0.394823	-2797.27
2418	0.404701	-2937.16
2419	0.403518	-2938.51
2420	0.400379	-2868.53
2421	0.401283	-2918.04
2422	0.392528	-2780.03
2423	0.396031	-2794.11
2424	0.395425	-2803.65
2425	0.394652	-2819.74
2426	0.397589	-2808.27
2427	0.396073	-2775.79
2428	0.400832	-2893.15
2429	0.39878	-2852.85
2430	0.404377	-2925.32
2431	0.394514	-2796.17
2432	0.400591	-2863.77
2433	0.4041	-2927.15
2434	0.40558	-2952.22
2435	0.398243	-2847.51
2436	0.391376	-2751.04
2437	0.405815	-2948.91
2438	0.401056	-2871.8
2439	0.393828	-2785.14
2440	0.398717	-2814.19
2441	0.4024	-2909.34
2442	0.39199	-2750.86
2443	0.402581	-2928.9
2444	0.403707	-2949.36
2445	0.39309	-2814.26
2446	0.400623	-2929.02
2447	0.398318	-2828.99
2448	0.394662	-2788.37
2449	0.397886	-2860.88
2450	0.395583	-2802.99
2451	0.395992	-2817.35
2452	0.399977	-2853.76
2453	0.399734	-2847.93
2454	0.39798	-2853.03
2455	0.396118	-2814.47
2456	0.405613	-2972.41
2457	0.40726	-3009.79
2458	0.389041	-2699.42
2459	0.395551	-2769.85
2460	0.391554	-2766.07
2461	0.402429	-2863.82
2462	0.405756	-2938.08
2463	0.399163	-2824.32
2464	0.40046	-2859.96
2465	0.404636	-2966.93
2466	0.393053	-2743
2467	0.406428	-2973.82
2468	0.401082	-2885.87
2469	0.396965	-2860.3
2470	0.400716	-2892.66
2471	0.40124	-2872.29
2472	0.396712	-2838.43
2473	0.401046	-2899.46
2474	0.400278	-2871.97
2475	0.396206	-2801.86
2476	0.400165	-2883.93
2477	0.397443	-2872.39
2478	0.391284	-2776.77
2479	0.394296	-2747.38
2480	0.39451	-2817.42
2481	0.40279	-2952.81
2482	0.398537	-2896.9
2483	0.3932	-2763.86
2484	0.398169	-2869.85
2485	0.406246	-2942.66
2486	0.399749	-2849.31
2487	0.387738	-2684.45
2488	0.397346	-2851.42
2489	0.397727	-2885.69
2490	0.405265	-2927.69
2491	0.396157	-2819.95
2492	0.400357	-2898.26
2493	0.398998	-2821.84
2494	0.399971	-2859.17
2495	0.402079	-2913.31
2496	0.392249	-2793.29
2497	0.398512	-2833.59
2498	0.395245	-2759.55
2499	0.403922	-2938.04
2500	0.402652	-2907.11
2501	0.397498	-2859.89
2502	0.401724	-2896.09
2503	0.400473	-2872.15
2504	0.401125	-2852.46
2505	0.406214	-2929.17
2506	0.396413	-2894.79
2507	0.388948	-2739.33
2508	0.403726	-2902.26
2509	0.401051	-2893.71
2510	0.390853	-2719.64
2511	0.39896	-2872.95
2512	0.402452	-2924.36
2513	0.39899	-2868.89
2514	0.405559	-2936.15
2515	0.394782	-2767.3
2516	0.396098	-2786.4
2517	0.396742	-2850.96
2518	0.392749	-2766.58
2519	0.400559	-2872.08
2520	0.399963	-2900.13
2521	0.398416	-2837.14
2522	0.403438	-2931.86
2523	0.404859	-2929.38
2524	0.397435	-2866.12
2525	0.402549	-2942.93
2526	0.392293	-2786.87
2527	0.393152	-2756.08
2528	0.393829	-2784.46
2529	0.400828	-2898.45
2530	0.405624	-2932.37
2531	0.396696	-2786.09
2532	0.397506	-2859.54
2533	0.396777	-2871.71
2534	0.40292	-2881.78
2535	0.399728	-2860.98
2536	0.402385	-2917.96
2537	0.396587	-2805.82
2538	0.403055	-2941.38
2539	0.402317	-2874.96
2540	0.403187	-2924.52
2541	0.409283	-2983.08
2542	0.405458	-2978.28
2543	0.39623	-2819.61
2544	0.404129	-2922.2
2545	0.395654	-2793.73
2546	0.394173	-2764.75
2547	0.398498	-2880.51
2548	0.400912	-2903.46
2549	0.393256	-2754.19
2550	0.397344	-2831.11
2551	0.402758	-2949.59
2552	0.387085	-2738.75
2553	0.405249	-2932.17
2554	0.395235	-2823.1
2555	0.392354	-2760.74
2556	0.394297	-2783.42
2557	0.403628	-2949.74
2558	0.403972	-2966.63
2559	0.402404	-2910.73
2560	0.401073	-2909.68
2561	0.400665	-2865.32
2562	0.39998	-2882.49
2563	0.405199	-2957.45
2564	0.401637	-2880.75
2565	0.401505	-2924.48
2566	0.395375	-2816.14
2567	0.392201	-2745.87
2568	0.40663	-2974.88
2569	0.401001	-2903.25
2570	0.399811	-2885.5
2571	0.394944	-2792.07
2572	0.399865	-2891.55
2573	0.403457	-2861.82
2574	0.394959	-2835.43
2575	0.399732	-2867.23
2576	0.397806	-2835.9
2577	0.394895	-2839.23
2578	0.392246	-2741.56
2579	0.403348	-2924.54
2580	0.405152	-3001.64
2581	0.396554	-2838.03
2582	0.402468	-2936.01
2583	0.388381	-2772.55
2584	0.394971	-2800.98
2585	0.397462	-2836.63
2586	0.401129	-2874.69
2587	0.395342	-2802.67
2588	0.402785	-2917.73
2589	0.40167	-2925.41
2590	0.399339	-2845.65
2591	0.404685	-2895.17
2592	0.392659	-2768.32
2593	0.394796	-2798.17
2594	0.403948	-2871.81
2595	0.397022	-2829.56
2596	0.400414	-2841.42
2597	0.393811	-2789.91
2598	0.405085	-2981.59
2599	0.406392	-2978.4
2600	0.40157	-2902.86
2601	0.401423	-2908.35
2602	0.393142	-2774.9
2603	0.393761	-2796.22
2604	0.402601	-2875.3
2605	0.399338	-2868.97
2606	0.402883	-2930.23
2607	0.402375	-2926.27
2608	0.402549	-2886.68
2609	0.393799	-2815.07
2610	0.402149	-2908.03
2611	0.401499	-2860.61
2612	0.397454	-2843.91
2613	0.395577	-2818.57
2614	0.388628	-2720.99
2615	0.399101	-2823.21
2616	0.405051	-2962.55
2617	0.40856	-2983.6
2618	0.395611	-2829.06
2619	0.399806	-2845.25
2620	0.39896	-2884.42
2621	0.388087	-2733.55
2622	0.399381	-2881.45
2623	0.394991	-2814.83
2624	0.404253	-2974.39
2625	0.393105	-2817.95
2626	0.402903	-2885.91
2627	0.402155	-2917.31
2628	0.399523	-2872.36
2629	0.400839	-2925.02
2630	0.398533	-2837.56
2631	0.40031	-2925.89
2632	0.395843	-2828.67
2633	0.400704	-2893.83
2634	0.402151	-2914.05
2635	0.391852	-2748.66
2636	0.391405	-2736.06
2637	0.398	-2858.03
2638	0.400917	-2856.81
2639	0.395638	-2822.37
2640	0.400121	-2870.79
2641	0.396859	-2805.75
2642	0.398928	-2858.61
2643	0.396397	-2867.39
2644	0.406661	-3008.8
2645	0.401394	-2899.46
2646	0.396592	-2851.11
2647	0.394545	-2779.59
2648	0.390435	-2760.61
2649	0.395461	-2823.25
2650	0.394305	-2800.2
2651	0.395285	-2811.89
2652	0.390205	-2708.42
2653	0.405728	-2944.41
2654	0.390263	-2742.05
2655	0.399923	-2856.74
2656	0.395324	-2829.83
2657	0.39748	-2838.97
2658	0.393652	-2768.9
2659	0.398688	-2839.17
2660	0.401978	-2943.94
2661	0.392589	-2784
2662	0.403761	-2937.19
2663	0.398934	-2803.33
2664	0.391936	-2732.29
2665	0.389443	-2756.33
2666	0.401036	-2897.57
2667	0.392992	-2773.67
2668	0.394774	-2836.37
2669	0.394515	-2773.01
2670	0.398202	-2834.63
2671	0.404474	-2894.4
2672	0.401433	-2888.85
2673	0.397722	-2830.66
2674	0.396071	-2821.75
2675	0.401802	-2914.36
2676	0.396553	-2801.1
2677	0.394078	-2779.27
2678	0.393395	-2788.89
2679	0.411376	-3022.71
2680	0.402321	-2932.3
2681	0.399815	-2865.63
2682	0.397421	-2812.39
2683	0.400242	-2851.28
2684	0.390978	-2738.13
2685	0.398442	-2853.82
2686	0.395293	-2813.15
2687	0.392764	-2763.16
2688	0.386953	-2668.87
2689	0.402856	-2927.23
2690	0.397137	-2858.45
2691	0.402388	-2923.44
2692	0.398159	-2854.99
2693	0.403595	-2948.86
2694	0.393483	-2797.7
2695	0.400365	-2861.01
2696	0.397412	-2847.22
2697	0.406734	-2978.98
2698	0.401296	-2893.53
2699	0.398103	-2860.38
2700	0.397892	-2852.8
2701	0.403069	-2900.48
2702	0.400196	-2897.25
2703	0.394658	-2832.66
2704	0.398937	-2871.28
2705	0.398153	-2803.6
2706	0.406127	-2952.77
2707	0.39538	-2789.95
2708	0.400727	-2878.36
2709	0.392364	-2766.02
2710	0.392533	-2799.51
2711	0.396758	-2848.09
2712	0.401078	-2902.41
2713	0.398081	-2849.33
2714	0.396242	-2861.46
2715	0.401022	-2860.61
2716	0.414294	-3058.21
2717	0.393021	-2757.27
2718	0.397631	-2815.8
2719	0.40135	-2882.95
2720	0.396722	-2827.4
2721	0.396278	-2842.36
2722	0.404202	-2967.81
2723	0.393705	-2822.36
2724	0.397856	-2868.44
2725	0.39067	-2737.37
2726	0.38845	-2688.67
2727	0.391177	-2788.27
2728	0.399614	-2867.21
2729	0.39482	-2785.57
2730	0.398639	-2851.22
2731	0.395975	-2811.48
2732	0.400496	-2858.62
2733	0.405532	-2935.89
2734	0.397222	-2822.32
2735	0.40544	-3005.09
2736	0.398531	-2830.76
2737	0.395852	-2832.11
2738	0.405877	-2968.84
2739	0.40466	-2937.23
2740	0.39801	-2855.42
2741	0.402013	-2941.66
2742	0.398828	-2800.02
2743	0.398888	-2859.43
2744	0.396303	-2821.94
2745	0.401897	-2919.37
2746	0.39472	-2825.49
2747	0.393439	-2784.81
2748	0.394745	-2803.72
2749	0.402603	-2900.7
2750	0.400115	-2870.33
2751	0.399563	-2857.83
2752	0.389552	-2711.16
2753	0.402447	-2899.48
2754	0.402132	-2879.34
2755	0.400416	-2861.07
2756	0.399204	-2879.22
2757	0.403486	-2935.17
2758	0.390928	-2753.88
2759	0.399797	-2892.11
2760	0.396846	-2800.04
2761	0.398318	-2863.5
2762	0.404243	-2949.29
2763	0.403296	-2955.13
2764	0.396717	-2860.19
2765	0.395662	-2834.14
2766	0.404531	-2963.55
2767	0.404047	-2930.67
2768	0.404218	-2937.96
2769	0.402634	-2918.24
2770	0.395898	-2816.26
2771	0.40159	-2892.06
2772	0.392099	-2787.34
2773	0.400148	-2873.66
2774	0.394777	-2810.1
2775	0.404264	-2932.6
2776	0.396084	-2837.67
2777	0.401037	-2883.27
2778	0.397864	-2858.37
2779	0.400661	-2885.46
2780	0.396518	-2840.12
2781	0.403565	-2910.44
2782	0.397598	-2826.01
2783	0.39207	-2769.36
2784	0.402521	-2916.56
2785	0.401241	-2901.94
2786	0.395148	-2831.83
2787	0.401297	-2881.49
2788	0.398956	-2893.64
2789	0.398085	-2844.31
2790	0.398488	-2857.57
2791	0.405314	-2908.63
2792	0.40567	-3002.86
2793	0.408171	-3014.05
2794	0.405511	-2930.05
2795	0.391904	-2744.4
2796	0.390452	-2719.8
2797	0.397169	-2830.74
2798	0.393998	-2770.71
2799	0.399765	-2880.28
2800	0.400663	-2849.38
2801	0.408721	-3039.77
2802	0.393044	-2718.1
2803	0.398437	-2866.81
2804	0.394943	-2809.64
2805	0.400347	-2934.09
2806	0.393585	-2760.68
2807	0.391542	-2739.89
2808	0.394914	-2832.94
2809	0.402384	-2931.08
2810	0.397017	-2834.47
2811	0.400939	-2904.6
2812	0.402203	-2913.22
2813	0.406368	-2959.67
2814	0.39637	-2821.49
2815	0.392748	-2776.25
2816	0.404765	-2954.05
2817	0.402458	-2869.03
2818	0.402724	-2936.89
2819	0.394424	-2779.2
2820	0.404112	-2934.3
2821	0.389774	-2789.74
2822	0.398276	-2838.53
2823	0.40193	-2935.46
2824	0.40039	-2896.76
2825	0.406013	-2989.57
2826	0.402767	-2948.22
2827	0.398669	-2885.9
2828	0.405478	-3000.74
2829	0.389017	-2722.48
2830	0.394055	-2791.07
2831	0.3975	-2822.04
2832	0.40132	-2906.22
2833	0.397926	-2823.84
2834	0.397242	-2814.86
2835	0.397054	-2830.96
2836	0.393333	-2797.58
2837	0.404687	-2977.99
2838	0.395148	-2810.51
2839	0.397446	-2839.34
2840	0.387589	-2694.92
2841	0.399276	-2908.4
2842	0.403941	-2936.52
2843	0.402243	-2920.31
2844	0.407929	-2980.13
2845	0.399494	-2867.89
2846	0.403275	-2879.36
2847	0.396875	-2834.81
2848	0.395989	-2832.27
2849	0.397362	-2818.59
2850	0.392388	-2797.36
2851	0.401099	-2876.04
2852	0.395611	-2818.28
2853	0.403001	-2845.31
2854	0.400121	-2900.96
2855	0.408019	-2996.04
2856	0.397915	-2845.48
2857	0.396854	-2830.76
2858	0.391558	-2756.12
2859	0.403106	-2907.77
2860	0.392469	-2803.85
2861	0.407204	-3051.73
2862	0.396022	-2767.07
2863	0.406842	-2967.38
2864	0.396081	-2798.54
2865	0.400275	-2926.66
2866	0.400147	-2869.74
2867	0.398589	-2877.78
2868	0.395853	-2833.56
2869	0.403954	-2947.46
2870	0.402372	-2918.64
2871	0.39932	-2889.52
2872	0.403292	-2927.53
2873	0.397192	-2871.56
2874	0.397357	-2843.29
2875	0.395457	-2841.64
2876	0.388948	-2723.1
2877	0.399014	-2878.72
2878	0.401417	-2870.16
2879	0.397295	-2835.32
2880	0.3998	-2897.72
2881	0.395532	-2782.16
2882	0.396785	-2814.43
2883	0.39733	-2830.68
2884	0.403235	-2873.05
2885	0.4005	-2907.57
2886	0.397813	-2859.42
2887	0.401497	-2861.12
2888	0.402318	-2909.86
2889	0.396081	-2814.56
2890	0.395923	-2834.23
2891	0.401503	-2894.51
2892	0.39601	-2804.22
2893	0.396187	-2838.42
2894	0.39494	-2818.81
2895	0.392181	-2800.09
2896	0.395551	-2851.14
2897	0.403558	-2942.71
2898	0.398889	-2866.3
2899	0.405701	-2956.77
2900	0.398391	-2864.07
2901	0.388266	-2711.7
2902	0.403336	-2958.57
2903	0.407435	-2989.18
2904	0.404731	-2952.95
2905	0.400452	-2871.54
2906	0.398285	-2864.38
2907	0.39909	-2847.84
2908	0.390511	-2747.19
2909	0.395241	-2790.88
2910	0.397565	-2815.24
2911	0.395656	-2809.3
2912	0.394212	-2796.98
2913	0.401252	-2911.2
2914	0.391256	-2817.83
2915	0.403067	-2908.25
2916	0.389722	-2703.91
2917	0.395611	-2824.12
2918	0.396698	-2826.93
2919	0.397909	-2835.61
2920	0.397152	-2845.7
2921	0.400925	-2886.67
2922	0.399097	-2849.65
2923	0.405223	-2939.36
2924	0.409587	-2983.24
2925	0.40371	-2929.71
2926	0.395399	-2824.44
2927	0.395279	-2840.12
2928	0.396832	-2820.49
2929	0.394865	-2810.33
2930	0.401901	-2882.15
2931	0.402059	-2897.59
2932	0.395556	-2785.53
2933	0.40164	-2924.84
2934	0.396629	-2810.48
2935	0.398417	-2855.58
2936	0.399596	-2872.76
2937	0.399846	-2890.46
2938	0.40179	-2892.07
2939	0.398208	-2869.09
2940	0.405031	-2897.66
2941	0.403162	-2951.38
2942	0.399176	-2839.48
2943	0.392086	-2751.14
2944	0.391712	-2740.9
2945	0.407538	-3022.6
2946	0.395842	-2770.19
2947	0.405131	-2958.37
2948	0.399342	-2863.65
2949	0.398475	-2837.67
2950	0.398597	-2838.75
2951	0.385918	-2683.5
2952	0.401672	-2903.39
2953	0.406195	-2937.25
2954	0.396487	-2796.13
2955	0.394703	-2794.28
2956	0.393341	-2773.64
2957	0.397323	-2792.96
2958	0.391054	-2778.62
2959	0.395428	-2856.8
2960	0.412556	-3058.26
2961	0.404013	-2919.62
2962	0.395629	-2799.8
2963	0.397902	-2880.85
2964	0.393883	-2836.76
2965	0.404087	-2968.96
2966	0.40537	-2957.01
2967	0.393344	-2793.02
2968	0.3995	-2836.96
2969	0.397902	-2854.42
2970	0.400233	-2915.83
2971	0.406407	-2981.57
2972	0.403944	-2916.07
2973	0.397035	-2855.17
2974	0.402114	-2907.83
2975	0.404046	-2939.34
2976	0.399857	-2885.09
2977	0.399531	-2869.42
2978	0.394859	-2782.47
2979	0.396771	-2825.39
2980	0.391228	-2736.44
2981	0.397928	-2848.92
2982	0.404145	-2963.38
2983	0.407299	-2968.46
2984	0.396573	-2807.6
2985	0.398114	-2868.26
2986	0.39261	-2771.3
2987	0.398699	-2836.7
2988	0.404548	-2941.83
2989	0.403342	-2919.31
2990	0.39985	-2913.75
2991	0.400799	-2841.72
2992	0.400957	-2923.19
2993	0.394382	-2768.02
2994	0.404003	-2898.58
2995	0.395629	-2857.25
2996	0.396697	-2814.1
2997	0.393588	-2780.57
2998	0.394509	-2792.62
2999	0.391976	-2774.93
