0	0.374358	-2538.12
1	0.400674	-2905.61
2	0.398266	-2869.17
3	0.396234	-2815.69
4	0.407828	-2916.98
5	0.39359	-2735.94
6	0.389401	-2704.54
7	0.390639	-2707.99
8	0.394093	-2769.04
9	0.391047	-2768.18
10	0.396246	-2800.36
11	0.397397	-2815.8
12	0.399427	-2885.75
13	0.389508	-2736.54
14	0.397111	-2861.45
15	0.400215	-2893.63
16	0.394337	-2833.19
17	0.395921	-2814.71
18	0.39894	-2831.64
19	0.39477	-2818.21
20	0.389933	-2754.1
21	0.390503	-2736.75
22	0.398147	-2874.16
23	0.398372	-2874.59
24	0.399093	-2838.37
25	0.397176	-2820.83
26	0.395378	-2828.23
27	0.394834	-2790.81
28	0.406899	-3016.49
29	0.389014	-2725.85
30	0.398146	-2844.13
31	0.390914	-2731.46
32	0.391122	-2795.85
33	0.386806	-2629.86
34	0.392917	-2799.23
35	0.392602	-2821.15
36	0.386359	-2677
37	0.397477	-2808.36
38	0.395377	-2811.09
39	0.401684	-2876.95
40	0.390876	-2727.38
41	0.400086	-2871.03
42	0.386446	-2671.52
43	0.386956	-2703.12
44	0.396409	-2797.57
45	0.392776	-2765.32
46	0.391106	-2742.07
47	0.391574	-2799.68
48	0.387389	-2689.28
49	0.387461	-2701.97
50	0.389406	-2742.55
51	0.396369	-2781.69
52	0.394982	-2775.79
53	0.388487	-2692.12
54	0.398547	-2846.69
55	0.392863	-2760.1
56	0.397097	-2835.77
57	0.392958	-2786.44
58	0.388298	-2689.68
59	0.399424	-2820.91
60	0.388043	-2700.01
61	0.398239	-2889.77
62	0.38944	-2750.64
63	0.39055	-2749.98
64	0.391481	-2766.05
65	0.391587	-2753.37
66	0.401693	-2935.59
67	0.388811	-2730.06
68	0.39457	-2805.6
69	0.405317	-2920.15
70	0.395793	-2804.11
71	0.382009	-2600.37
72	0.393278	-2771.15
73	0.391149	-2799.08
74	0.394189	-2789.89
75	0.387911	-2726.93
76	0.391524	-2750.64
77	0.390051	-2716.38
78	0.390601	-2714.48
79	0.395308	-2831.61
80	0.390608	-2734.46
81	0.392239	-2785.34
82	0.388945	-2720.05
83	0.397299	-2836.72
84	0.396968	-2831.12
85	0.39314	-2722.24
86	0.401204	-2880.61
87	0.39438	-2807.44
88	0.398883	-2857.67
89	0.390924	-2734.58
90	0.386975	-2672.37
91	0.394984	-2800.47
92	0.403219	-2956.12
93	0.386926	-2674.45
94	0.392446	-2798.94
95	0.392471	-2777.5
96	0.398352	-2886.53
97	0.392464	-2765.43
98	0.396847	-2813.98
99	0.384049	-2653.08
100	0.390342	-2724.25
101	0.397655	-2821.56
102	0.387994	-2723.2
103	0.396153	-2825.59
104	0.394049	-2780.45
105	0.398577	-2838.04
106	0.395214	-2847.22
107	0.399916	-2839.7
108	0.391162	-2753.04
109	0.397275	-2841.83
110	0.386435	-2662.07
111	0.395867	-2864.67
112	0.398042	-2886.31
113	0.39115	-2762.28
114	0.3931	-2787.74
115	0.394737	-2791.42
116	0.393363	-2746.54
117	0.391655	-2757.49
118	0.395277	-2800.16
119	0.397274	-2859.84
120	0.390541	-2719.62
121	0.392549	-2773.01
122	0.392537	-2761.37
123	0.395077	-2802.81
124	0.392485	-2750.19
125	0.388106	-2670.21
126	0.389475	-2705.81
127	0.382937	-2614.72
128	0.394278	-2790.98
129	0.398243	-2886.89
130	0.391476	-2741.49
131	0.390119	-2737.73
132	0.39296	-2771.11
133	0.390325	-2734.53
134	0.399644	-2882.17
135	0.394944	-2811.25
136	0.401042	-2938.31
137	0.391301	-2799.74
138	0.387475	-2693.94
139	0.386837	-2714.43
140	0.391023	-2734.18
141	0.393503	-2774.53
142	0.394277	-2784.44
143	0.390933	-2691.16
144	0.395079	-2813.43
145	0.389787	-2731.14
146	0.394009	-2820.79
147	0.391869	-2771.09
148	0.382904	-2637.96
149	0.393463	-2778.27
150	0.393228	-2793.99
151	0.402427	-2923.66
152	0.399378	-2869.57
153	0.384057	-2655.05
154	0.393254	-2789.38
155	0.396738	-2859.84
156	0.396029	-2820.52
157	0.397983	-2860.22
158	0.39582	-2785.57
159	0.391303	-2746.72
160	0.397583	-2844.22
161	0.396565	-2836.61
162	0.389384	-2750.43
163	0.396338	-2823.72
164	0.39678	-2836.68
165	0.394449	-2809.26
166	0.406088	-2907.86
167	0.387717	-2744.67
168	0.39445	-2779.28
169	0.387244	-2699.73
170	0.389951	-2709.34
171	0.383315	-2584.48
172	0.391577	-2715.72
173	0.39926	-2885.74
174	0.390245	-2724.27
175	0.390565	-2700.45
176	0.390223	-2755.46
177	0.392916	-2759.33
178	0.395881	-2842.54
179	0.401916	-2951.86
180	0.397196	-2836.52
181	0.393712	-2777.45
182	0.383088	-2611.11
183	0.391793	-2770.41
184	0.384405	-2639.25
185	0.396662	-2839.92
186	0.38396	-2632.38
187	0.39852	-2843.53
188	0.393084	-2760.87
189	0.397712	-2860.31
190	0.388436	-2699.74
191	0.390435	-2734.41
192	0.399636	-2843.79
193	0.397782	-2851.41
194	0.386991	-2696.1
195	0.393537	-2781.18
196	0.393668	-2781.71
197	0.395207	-2810.84
198	0.394008	-2791.21
199	0.394441	-2783.98
200	0.389919	-2748.07
201	0.389769	-2706.68
202	0.394887	-2813.96
203	0.398749	-2861.23
204	0.394296	-2769.68
205	0.394983	-2770.38
206	0.391074	-2755.07
207	0.401297	-2920.33
208	0.394906	-2832.84
209	0.393205	-2793
210	0.388414	-2718.87
211	0.398322	-2842.94
212	0.398219	-2860.87
213	0.40343	-2926.21
214	0.394627	-2792.54
215	0.402385	-2925.77
216	0.396326	-2851.07
217	0.386032	-2702.61
218	0.397132	-2837.98
219	0.394779	-2787.17
220	0.397386	-2822.85
221	0.392242	-2777.2
222	0.390492	-2735.18
223	0.389405	-2739.59
224	0.395099	-2829.5
225	0.39569	-2838.06
226	0.397708	-2878.16
227	0.394291	-2736.42
228	0.39752	-2843.79
229	0.391713	-2733.81
230	0.393273	-2801.86
231	0.38965	-2670.49
232	0.393361	-2769.88
233	0.394542	-2750.91
234	0.389257	-2738.44
235	0.400005	-2866.4
236	0.397774	-2867.1
237	0.397676	-2822.07
238	0.398914	-2859.2
239	0.397674	-2864.28
240	0.385269	-2613.84
241	0.388017	-2745.46
242	0.396494	-2805.68
243	0.386468	-2684.98
244	0.391521	-2734.34
245	0.397489	-2873.44
246	0.390706	-2736.87
247	0.395498	-2815.47
248	0.390802	-2738.7
249	0.405626	-2924.42
250	0.395843	-2820.25
251	0.397921	-2844.73
252	0.397127	-2833.85
253	0.393975	-2788.52
254	0.395857	-2840.74
255	0.39702	-2838.87
256	0.392896	-2775.52
257	0.392788	-2745.89
258	0.391111	-2701.44
259	0.397868	-2844.6
260	0.39135	-2736.79
261	0.38391	-2666.17
262	0.400546	-2861.55
263	0.395704	-2834.71
264	0.390372	-2711.17
265	0.396062	-2854.32
266	0.396971	-2785.84
267	0.397182	-2855.59
268	0.401688	-2892.93
269	0.393574	-2804.05
270	0.385971	-2679.16
271	0.390648	-2750.74
272	0.400883	-2898.72
273	0.3971	-2826.22
274	0.391029	-2765.83
275	0.391139	-2767.72
276	0.400426	-2861
277	0.394991	-2802.7
278	0.397137	-2804.55
279	0.401424	-2898.5
280	0.399915	-2898.28
281	0.386544	-2685.3
282	0.391008	-2761.29
283	0.39364	-2760.79
284	0.390888	-2751.76
285	0.393627	-2827.5
286	0.392058	-2756.53
287	0.396801	-2849.58
288	0.405199	-2980.46
289	0.386581	-2702.26
290	0.397669	-2811.84
291	0.397498	-2843.1
292	0.391201	-2795.67
293	0.398695	-2914.32
294	0.39269	-2820.93
295	0.398944	-2875.09
296	0.387146	-2683.16
297	0.391528	-2737.62
298	0.392492	-2748.94
299	0.39305	-2760.57
300	0.391053	-2744.36
301	0.385871	-2676.21
302	0.394329	-2805.52
303	0.386823	-2696.33
304	0.403649	-2901.79
305	0.380014	-2622.53
306	0.395914	-2813.51
307	0.396806	-2823.06
308	0.38934	-2755.02
309	0.397506	-2864.88
310	0.396552	-2855.5
311	0.401578	-2878.63
312	0.395366	-2831.45
313	0.389074	-2672.8
314	0.397053	-2795.21
315	0.394346	-2789.71
316	0.399108	-2860.8
317	0.391293	-2765.9
318	0.401726	-2925.5
319	0.386815	-2678.16
320	0.390136	-2728.88
321	0.399103	-2866.54
322	0.387574	-2701.37
323	0.392566	-2767.82
324	0.390109	-2738.98
325	0.392371	-2772.3
326	0.39188	-2788.25
327	0.394888	-2761.54
328	0.394551	-2777.58
329	0.394082	-2805.34
330	0.396996	-2851.32
331	0.39498	-2793.66
332	0.384818	-2658.18
333	0.393937	-2786.32
334	0.392802	-2766.31
335	0.394945	-2808.45
336	0.3957	-2775.18
337	0.385772	-2676.62
338	0.393566	-2775.08
339	0.39368	-2786.78
340	0.395076	-2820.5
341	0.391657	-2779.07
342	0.39241	-2803.6
343	0.403327	-2946.15
344	0.398898	-2854.64
345	0.404553	-2904.39
346	0.396217	-2853.77
347	0.397866	-2821.96
348	0.39018	-2755.61
349	0.395266	-2802.15
350	0.402127	-2921.67
351	0.397274	-2792.35
352	0.393242	-2794.69
353	0.384521	-2614.58
354	0.396502	-2827.18
355	0.395	-2804.67
356	0.39709	-2837.64
357	0.393206	-2760.09
358	0.396098	-2860.45
359	0.378887	-2589.65
360	0.403465	-2932.84
361	0.388073	-2713.34
362	0.394115	-2778.37
363	0.393747	-2778.53
364	0.397805	-2836.77
365	0.388315	-2724.56
366	0.395868	-2809.89
367	0.396885	-2823.89
368	0.39498	-2826.26
369	0.389366	-2706.29
370	0.395063	-2786.84
371	0.387574	-2734.14
372	0.403161	-2944.25
373	0.391989	-2753.5
374	0.388855	-2716.07
375	0.393577	-2764.26
376	0.386928	-2689.08
377	0.386866	-2693.58
378	0.395239	-2797.01
379	0.39673	-2850.54
380	0.393576	-2785.82
381	0.389909	-2734.73
382	0.389325	-2736.66
383	0.391752	-2782.27
384	0.391553	-2766.15
385	0.393219	-2769.59
386	0.393244	-2743.4
387	0.399691	-2860.26
388	0.389484	-2737.71
389	0.389964	-2713.48
390	0.395837	-2807.23
391	0.385441	-2726.71
392	0.395576	-2796.83
393	0.386784	-2709.69
394	0.394426	-2769.07
395	0.395149	-2770.94
396	0.388819	-2712.54
397	0.394138	-2839.43
398	0.393861	-2790.79
399	0.400417	-2890.4
400	0.396828	-2841.45
401	0.389335	-2707.43
402	0.38791	-2732.33
403	0.39275	-2737.1
404	0.38915	-2717.69
405	0.399233	-2866.5
406	0.394001	-2823.17
407	0.389909	-2761.67
408	0.393393	-2815.94
409	0.389015	-2705.54
410	0.390767	-2734.3
411	0.397796	-2865.23
412	0.388397	-2680.24
413	0.401492	-2862.23
414	0.398377	-2820.61
415	0.399565	-2907.23
416	0.393411	-2837.22
417	0.39671	-2854.74
418	0.391986	-2749.93
419	0.392718	-2750.19
420	0.397681	-2820.88
421	0.390965	-2727.6
422	0.395503	-2841.26
423	0.393271	-2764.75
424	0.39523	-2798.01
425	0.393092	-2742.5
426	0.402296	-2938.49
427	0.393483	-2803.75
428	0.385993	-2693.47
429	0.388966	-2726.59
430	0.393752	-2794.62
431	0.386824	-2692.01
432	0.394775	-2770.44
433	0.389272	-2674.28
434	0.395404	-2827.89
435	0.394607	-2764.82
436	0.385584	-2738.34
437	0.391657	-2743.54
438	0.40048	-2860.04
439	0.390217	-2763.82
440	0.388313	-2694.65
441	0.39856	-2840.72
442	0.392342	-2754.78
443	0.389071	-2687.86
444	0.392811	-2762.31
445	0.389454	-2729.12
446	0.386563	-2621.95
447	0.396881	-2830.37
448	0.389887	-2762.27
449	0.394583	-2810.71
450	0.397246	-2807.81
451	0.394047	-2795.06
452	0.394518	-2830.97
453	0.397825	-2775.15
454	0.394172	-2807.98
455	0.390752	-2735.33
456	0.393709	-2762.35
457	0.3954	-2818.35
458	0.395413	-2803.38
459	0.398304	-2840.08
460	0.392281	-2770.54
461	0.393424	-2779.74
462	0.391391	-2764.82
463	0.396004	-2834.14
464	0.405709	-3019.32
465	0.395027	-2835.59
466	0.398287	-2833.54
467	0.396544	-2782.22
468	0.395639	-2821.04
469	0.392571	-2718.52
470	0.394509	-2804.11
471	0.391948	-2782.69
472	0.38599	-2681.67
473	0.395219	-2786.54
474	0.387699	-2760.32
475	0.398367	-2877.64
476	0.393374	-2829.76
477	0.38841	-2733.58
478	0.392448	-2751.41
479	0.389422	-2737.69
480	0.395249	-2814.99
481	0.392318	-2797
482	0.390005	-2719.69
483	0.391512	-2770.73
484	0.395133	-2785.93
485	0.399238	-2884.62
486	0.390027	-2752.75
487	0.392677	-2781.85
488	0.389792	-2690.14
489	0.394155	-2791.11
490	0.387295	-2668.55
491	0.386899	-2704.67
492	0.388632	-2689.84
493	0.396568	-2881.31
494	0.398045	-2833.51
495	0.398303	-2831.09
496	0.405911	-2990.03
497	0.390128	-2764.72
498	0.391261	-2788.55
499	0.391661	-2761.84
500	0.39525	-2778.96
501	0.39699	-2851.12
502	0.395729	-2817.75
503	0.396919	-2805.71
504	0.395926	-2766.82
505	0.390682	-2778.27
506	0.393383	-2796.57
507	0.394532	-2783.11
508	0.392882	-2795.54
509	0.398812	-2879.2
510	0.39183	-2752.18
511	0.391907	-2721.56
512	0.384502	-2661.07
513	0.400292	-2858.22
514	0.389571	-2729.1
515	0.392027	-2790.53
516	0.388716	-2740.56
517	0.392665	-2772.13
518	0.392101	-2744.55
519	0.388364	-2693.58
520	0.387786	-2717.89
521	0.39624	-2796.04
522	0.396786	-2889.16
523	0.397366	-2852.64
524	0.389986	-2712.41
525	0.397009	-2815.17
526	0.397864	-2785.17
527	0.400023	-2838.83
528	0.401004	-2877.4
529	0.400303	-2901.9
530	0.391862	-2744.81
531	0.39223	-2776.12
532	0.399053	-2834.68
533	0.391413	-2733.26
534	0.388607	-2684.67
535	0.399502	-2850.29
536	0.392207	-2801.98
537	0.388921	-2668.77
538	0.397205	-2823.25
539	0.393434	-2772.93
540	0.390475	-2725.08
541	0.398447	-2892.62
542	0.394328	-2846.62
543	0.388522	-2710.41
544	0.391851	-2757.99
545	0.402973	-2911.52
546	0.39263	-2783.81
547	0.395073	-2775.73
548	0.393966	-2773.91
549	0.383626	-2669.32
550	0.39232	-2725.51
551	0.390365	-2717.82
552	0.387559	-2703.6
553	0.388131	-2701.87
554	0.393633	-2756.49
555	0.396612	-2843.24
556	0.389118	-2736.35
557	0.393385	-2785.47
558	0.389629	-2721.68
559	0.398756	-2826.67
560	0.396076	-2823.92
561	0.391233	-2720.04
562	0.39761	-2844.57
563	0.394742	-2767.98
564	0.397867	-2816.74
565	0.389358	-2723.55
566	0.390605	-2726.01
567	0.397202	-2865.14
568	0.398647	-2876.98
569	0.396648	-2820.67
570	0.397729	-2894.53
571	0.386299	-2631.73
572	0.389534	-2739.25
573	0.387537	-2686.81
574	0.395877	-2813.33
575	0.397184	-2801.84
576	0.391986	-2753.32
577	0.385097	-2647.78
578	0.392942	-2793.85
579	0.394324	-2775.09
580	0.394823	-2798.21
581	0.399445	-2866.34
582	0.396348	-2846.1
583	0.400166	-2874.27
584	0.393733	-2784.26
585	0.388814	-2730.42
586	0.394622	-2790.34
587	0.395372	-2807.78
588	0.396695	-2838.18
589	0.398387	-2838.17
590	0.39833	-2882.71
591	0.396893	-2824.88
592	0.39368	-2761.76
593	0.399305	-2842.13
594	0.400712	-2914.82
595	0.400796	-2883.35
596	0.391463	-2775.91
597	0.390929	-2745.98
598	0.384602	-2644.73
599	0.392618	-2704.83
600	0.392457	-2792.5
601	0.394496	-2752.36
602	0.394772	-2792.48
603	0.394716	-2797.18
604	0.390094	-2726.11
605	0.394886	-2787.36
606	0.392619	-2776.67
607	0.391603	-2805.37
608	0.38207	-2618.22
609	0.392284	-2727.45
610	0.392272	-2781.79
611	0.394959	-2796.64
612	0.392728	-2774.95
613	0.393659	-2796.86
614	0.403031	-2898.79
615	0.404875	-2972.22
616	0.400832	-2925.08
617	0.39597	-2852.71
618	0.396284	-2809.38
619	0.392451	-2769.92
620	0.389483	-2700.85
621	0.393156	-2774.1
622	0.39221	-2756.24
623	0.405247	-2932.07
624	0.397318	-2867.98
625	0.391128	-2784.2
626	0.390148	-2763.87
627	0.397106	-2823.48
628	0.398639	-2839.14
629	0.391289	-2751.52
630	0.391013	-2746.87
631	0.391276	-2749.73
632	0.3937	-2762.42
633	0.40259	-2932.49
634	0.391302	-2795.37
635	0.394706	-2804.82
636	0.389868	-2694.68
637	0.391373	-2732.93
638	0.391867	-2776.48
639	0.390784	-2734.41
640	0.391682	-2762.33
641	0.391353	-2721.91
642	0.391421	-2806.75
643	0.395283	-2783.67
644	0.398386	-2826.26
645	0.398447	-2868.18
646	0.396552	-2755.44
647	0.394513	-2815.86
648	0.390343	-2740.73
649	0.399698	-2835.21
650	0.395216	-2816.17
651	0.399631	-2871.49
652	0.392646	-2781.58
653	0.395052	-2790.47
654	0.39835	-2847.49
655	0.399551	-2858.23
656	0.398092	-2822.28
657	0.394381	-2776.45
658	0.387858	-2719.07
659	0.396266	-2838.11
660	0.386176	-2683.33
661	0.403818	-2948.34
662	0.405333	-2961.4
663	0.394341	-2777.05
664	0.394485	-2811.9
665	0.385984	-2696.24
666	0.39538	-2770.78
667	0.394784	-2834.08
668	0.392041	-2767.78
669	0.396419	-2830.14
670	0.394229	-2817.61
671	0.391614	-2726.84
672	0.386406	-2699.96
673	0.385341	-2703.36
674	0.387544	-2729.62
675	0.385628	-2624.89
676	0.386117	-2664.32
677	0.38662	-2725.86
678	0.403081	-2926.32
679	0.391875	-2791.44
680	0.393673	-2794.52
681	0.398867	-2833.99
682	0.385954	-2676.18
683	0.39145	-2719.07
684	0.398504	-2873.2
685	0.397647	-2810.81
686	0.393039	-2804.77
687	0.39125	-2743.65
688	0.384254	-2681.85
689	0.391483	-2722.65
690	0.393894	-2790.5
691	0.38978	-2747.92
692	0.39472	-2814.23
693	0.391662	-2786.83
694	0.395804	-2775.15
695	0.383111	-2605.7
696	0.389558	-2725.96
697	0.394449	-2818.27
698	0.393452	-2778.8
699	0.390869	-2733.11
700	0.393505	-2772.9
701	0.397791	-2818
702	0.399972	-2866.85
703	0.384159	-2619.15
704	0.403994	-2906.31
705	0.382866	-2626.34
706	0.395564	-2763.56
707	0.395793	-2756.09
708	0.403908	-2905.62
709	0.393346	-2790.17
710	0.391894	-2758.05
711	0.406016	-2960.53
712	0.394852	-2792.29
713	0.398373	-2878.5
714	0.390594	-2773.06
715	0.395112	-2772.05
716	0.394153	-2818.02
717	0.405602	-2948.6
718	0.394101	-2749.5
719	0.398451	-2849.53
720	0.392814	-2784.63
721	0.388831	-2681.9
722	0.400802	-2929.18
723	0.393145	-2761.64
724	0.394528	-2788.48
725	0.390554	-2748.28
726	0.395862	-2779.29
727	0.394625	-2790.4
728	0.399988	-2865.19
729	0.391106	-2791.81
730	0.39166	-2757.83
731	0.386293	-2677.11
732	0.393199	-2805.89
733	0.393904	-2788.19
734	0.39073	-2762.23
735	0.399002	-2857.56
736	0.386917	-2710.12
737	0.391241	-2754.58
738	0.386626	-2692.22
739	0.387736	-2710.26
740	0.398141	-2881.83
741	0.393604	-2800.61
742	0.398828	-2853.46
743	0.397653	-2857.87
744	0.385681	-2672.6
745	0.389536	-2706.46
746	0.390099	-2736.52
747	0.38844	-2692.5
748	0.394843	-2768.88
749	0.383723	-2652.9
750	0.388573	-2685.27
751	0.396918	-2818.92
752	0.394922	-2837.94
753	0.400366	-2874.08
754	0.396887	-2848.07
755	0.394908	-2773.55
756	0.398184	-2861.92
757	0.402495	-2942
758	0.395819	-2857.98
759	0.392768	-2756.15
760	0.402508	-2916.56
761	0.400883	-2878.11
762	0.395981	-2834.43
763	0.386456	-2677.18
764	0.401003	-2943.1
765	0.391387	-2759.85
766	0.391688	-2739.92
767	0.391784	-2787.72
768	0.391118	-2752.4
769	0.399647	-2847.07
770	0.390604	-2787.68
771	0.397308	-2840.12
772	0.385236	-2685.88
773	0.38735	-2724.99
774	0.400662	-2907.68
775	0.396165	-2820.51
776	0.395243	-2792.17
777	0.407391	-3018.51
778	0.394105	-2804.31
779	0.390711	-2771.89
780	0.396773	-2814.02
781	0.402983	-2907.52
782	0.395765	-2827.45
783	0.386959	-2708.45
784	0.395686	-2835.91
785	0.394493	-2850.09
786	0.405595	-2954.35
787	0.38847	-2687.33
788	0.398726	-2924.59
789	0.4004	-2934.63
790	0.388248	-2709.61
791	0.401029	-2860.95
792	0.388317	-2703.71
793	0.384102	-2674.3
794	0.390172	-2745.14
795	0.394906	-2779.56
796	0.397596	-2786.82
797	0.382806	-2633.87
798	0.385431	-2680.73
799	0.395834	-2814.12
800	0.397456	-2878.94
801	0.399906	-2906.37
802	0.385664	-2691.55
803	0.393093	-2772.37
804	0.391614	-2819.84
805	0.393567	-2803.94
806	0.397411	-2806.8
807	0.393489	-2800.71
808	0.396791	-2832.73
809	0.400548	-2879.54
810	0.394733	-2805.85
811	0.394321	-2803.13
812	0.402655	-2961.25
813	0.387901	-2694.82
814	0.392496	-2775.17
815	0.392496	-2744.5
816	0.402651	-2917.88
817	0.392588	-2777.93
818	0.392765	-2766.97
819	0.383965	-2632.19
820	0.391679	-2754.45
821	0.4014	-2877.77
822	0.394693	-2812.39
823	0.382666	-2636.89
824	0.399345	-2873.55
825	0.396426	-2805.65
826	0.391028	-2787.34
827	0.394813	-2778.42
828	0.389329	-2741.87
829	0.397926	-2859.37
830	0.3936	-2760.84
831	0.392787	-2799.12
832	0.400481	-2879.37
833	0.394693	-2810.53
834	0.394582	-2805.45
835	0.393844	-2821.54
836	0.396272	-2806.73
837	0.392929	-2781.48
838	0.396305	-2813.18
839	0.386344	-2692.71
840	0.39138	-2793.21
841	0.396177	-2810.07
842	0.388269	-2734.02
843	0.394226	-2802.39
844	0.396755	-2792.64
845	0.392441	-2805.9
846	0.389776	-2717.86
847	0.392531	-2788.68
848	0.391862	-2713.58
849	0.401938	-2889.38
850	0.387117	-2666.23
851	0.399332	-2890.57
852	0.38947	-2696.24
853	0.390646	-2753.95
854	0.391452	-2761.27
855	0.39877	-2903.57
856	0.396441	-2801.68
857	0.393458	-2780.65
858	0.391571	-2758.45
859	0.3936	-2779.61
860	0.391346	-2735.04
861	0.392451	-2769.55
862	0.390063	-2724.94
863	0.391231	-2699.66
864	0.388304	-2702.85
865	0.395554	-2852.31
866	0.389645	-2700.73
867	0.392583	-2776.05
868	0.392804	-2773.33
869	0.389615	-2714.86
870	0.392351	-2784.89
871	0.397562	-2874.42
872	0.395825	-2865.87
873	0.397253	-2839.32
874	0.393011	-2791.66
875	0.397931	-2831.38
876	0.400295	-2880.93
877	0.392719	-2743.82
878	0.394505	-2816.06
879	0.388904	-2690.15
880	0.388968	-2729.86
881	0.390294	-2729.5
882	0.393731	-2780.95
883	0.394271	-2834.42
884	0.398267	-2835.58
885	0.394695	-2770.96
886	0.396565	-2774.59
887	0.393186	-2781.38
888	0.392115	-2758.21
889	0.397629	-2810.89
890	0.395107	-2753.78
891	0.395529	-2783.46
892	0.402051	-2925.47
893	0.394814	-2801.41
894	0.399628	-2898.01
895	0.391758	-2772.52
896	0.388282	-2704.15
897	0.397216	-2809.1
898	0.394939	-2789.93
899	0.403539	-2954.5
900	0.400583	-2902.56
901	0.392999	-2801.55
902	0.398013	-2875.13
903	0.391668	-2714.36
904	0.390318	-2746.5
905	0.391619	-2790.4
906	0.389021	-2718.22
907	0.396299	-2771.11
908	0.396682	-2849.82
909	0.389904	-2690.12
910	0.401193	-2913.85
911	0.395771	-2806.98
912	0.397064	-2852.57
913	0.396673	-2843.8
914	0.399116	-2848.61
915	0.388678	-2730.42
916	0.387197	-2710.49
917	0.397986	-2847.38
918	0.383905	-2654.04
919	0.406935	-2994.2
920	0.397755	-2841.31
921	0.402998	-2929.56
922	0.37963	-2608.37
923	0.394817	-2827.85
924	0.402293	-2909.08
925	0.397177	-2842.97
926	0.395178	-2786.74
927	0.398609	-2846.7
928	0.388315	-2671.34
929	0.396364	-2826.86
930	0.397986	-2795.7
931	0.401355	-2907.44
932	0.397255	-2825.03
933	0.394389	-2770.77
934	0.396983	-2855.83
935	0.393339	-2761.57
936	0.392072	-2796.12
937	0.397869	-2848.58
938	0.386056	-2652.98
939	0.394089	-2832.7
940	0.395796	-2800.27
941	0.394292	-2812.97
942	0.392484	-2751.41
943	0.394652	-2747.81
944	0.389625	-2711.21
945	0.399798	-2877.19
946	0.386177	-2665.55
947	0.397506	-2839.02
948	0.405123	-2948.74
949	0.39401	-2776.01
950	0.392351	-2739.99
951	0.401498	-2893.32
952	0.388067	-2666.07
953	0.398523	-2823.05
954	0.396791	-2857.19
955	0.390702	-2725.51
956	0.396999	-2835.33
957	0.399302	-2865.1
958	0.387896	-2791.86
959	0.393526	-2753.81
960	0.387167	-2681.56
961	0.399711	-2936.04
962	0.393795	-2821.08
963	0.397257	-2852.42
964	0.381613	-2645.66
965	0.389259	-2766.29
966	0.399288	-2855.62
967	0.394409	-2793.96
968	0.394693	-2779.76
969	0.393578	-2799.46
970	0.397731	-2873.14
971	0.402826	-2903.39
972	0.391535	-2775.96
973	0.396605	-2843.19
974	0.394452	-2831.71
975	0.392282	-2741.35
976	0.391488	-2748.44
977	0.394058	-2792.56
978	0.393415	-2777.44
979	0.398684	-2845.22
980	0.387275	-2697.8
981	0.40198	-2917.91
982	0.396676	-2846.26
983	0.386168	-2712.27
984	0.401255	-2928.87
985	0.388915	-2703.27
986	0.388219	-2744.09
987	0.393954	-2769.33
988	0.401376	-2894.81
989	0.399833	-2836.51
990	0.401158	-2874.25
991	0.388973	-2689.78
992	0.385915	-2699.09
993	0.392273	-2779.72
994	0.390008	-2742.15
995	0.388296	-2709.95
996	0.397549	-2810.02
997	0.3902	-2758.78
998	0.396665	-2875.07
999	0.393103	-2750.01
1000	0.389597	-2750.77
1001	0.395453	-2801.34
1002	0.394976	-2793.58
1003	0.394288	-2816.43
1004	0.398963	-2872.26
1005	0.393126	-2760.69
1006	0.391815	-2769.07
1007	0.377661	-2569.61
1008	0.394117	-2767.15
1009	0.393495	-2763.14
1010	0.391258	-2758.12
1011	0.383001	-2674.94
1012	0.388788	-2712.67
1013	0.398808	-2856.68
1014	0.390902	-2702.55
1015	0.387238	-2686.8
1016	0.394615	-2795.48
1017	0.383542	-2601.97
1018	0.393981	-2782.73
1019	0.383706	-2670.41
1020	0.39145	-2742.6
1021	0.385604	-2715.75
1022	0.390309	-2774.79
1023	0.397306	-2838.98
1024	0.391513	-2766.42
1025	0.395172	-2793.22
1026	0.395255	-2829.56
1027	0.385987	-2677.49
1028	0.391818	-2778.29
1029	0.396653	-2818.96
1030	0.395187	-2771.46
1031	0.391551	-2696.29
1032	0.402057	-2920.29
1033	0.392702	-2761.19
1034	0.39794	-2830
1035	0.389723	-2753.5
1036	0.395533	-2813.45
1037	0.390955	-2721.33
1038	0.400046	-2862.94
1039	0.397733	-2803.76
1040	0.398841	-2834.74
1041	0.38818	-2712.1
1042	0.395589	-2756.27
1043	0.394727	-2810.48
1044	0.395614	-2858.37
1045	0.388286	-2740.56
1046	0.398197	-2871.65
1047	0.388772	-2676.37
1048	0.398584	-2881.18
1049	0.396369	-2850.97
1050	0.396637	-2809.5
1051	0.39585	-2819.64
1052	0.398203	-2832.49
1053	0.396384	-2790.9
1054	0.393385	-2793.25
1055	0.390692	-2749.17
1056	0.394033	-2825.45
1057	0.397883	-2826.44
1058	0.387311	-2662.76
1059	0.391951	-2760.12
1060	0.393777	-2793.03
1061	0.39384	-2817.8
1062	0.386011	-2676.42
1063	0.398013	-2858.22
1064	0.395204	-2820.13
1065	0.393137	-2789.17
1066	0.398871	-2871.88
1067	0.388593	-2721.9
1068	0.387831	-2692.42
1069	0.395055	-2792.67
1070	0.392189	-2770.38
1071	0.393386	-2799.42
1072	0.389991	-2722.25
1073	0.388739	-2753.99
1074	0.385639	-2692.72
1075	0.386864	-2706.25
1076	0.382824	-2579.27
1077	0.391858	-2772.96
1078	0.386838	-2681.01
1079	0.401485	-2890.33
1080	0.390209	-2774.14
1081	0.394897	-2830.51
1082	0.38579	-2674.61
1083	0.391444	-2763.75
1084	0.395431	-2815.41
1085	0.397983	-2844.16
1086	0.39784	-2856.15
1087	0.3931	-2806.51
1088	0.392598	-2748.8
1089	0.393046	-2765.6
1090	0.39896	-2904.77
1091	0.394258	-2805.65
1092	0.39421	-2835.43
1093	0.395259	-2855.17
1094	0.386273	-2679.13
1095	0.394812	-2783.76
1096	0.398789	-2867.91
1097	0.398869	-2860.79
1098	0.394086	-2826.18
1099	0.393151	-2755.35
1100	0.391204	-2806.7
1101	0.394533	-2784.37
1102	0.388217	-2687.04
1103	0.38815	-2701.08
1104	0.398482	-2877.16
1105	0.38749	-2707.06
1106	0.390965	-2715.44
1107	0.388949	-2751.54
1108	0.402243	-2970.92
1109	0.388273	-2716.04
1110	0.399201	-2871.28
1111	0.397573	-2862.95
1112	0.396882	-2830.21
1113	0.392634	-2755.28
1114	0.388932	-2698.02
1115	0.383888	-2683.51
1116	0.398611	-2897.06
1117	0.392493	-2807.48
1118	0.396087	-2819.77
1119	0.388185	-2745.85
1120	0.398294	-2874.37
1121	0.390203	-2725.26
1122	0.386115	-2661.44
1123	0.392351	-2715.14
1124	0.393791	-2798.08
1125	0.393637	-2793.06
1126	0.391268	-2729.56
1127	0.390443	-2762.4
1128	0.397351	-2854.77
1129	0.38682	-2694.62
1130	0.395189	-2796.42
1131	0.398477	-2848.96
1132	0.402668	-2896.03
1133	0.398917	-2857.4
1134	0.405441	-2982.3
1135	0.400508	-2862.08
1136	0.390889	-2761.91
1137	0.39348	-2809.01
1138	0.390775	-2762.18
1139	0.389973	-2711.53
1140	0.390013	-2729.68
1141	0.394634	-2819.86
1142	0.392746	-2797.7
1143	0.392808	-2760.91
1144	0.399209	-2866.89
1145	0.395265	-2837.26
1146	0.383543	-2663.51
1147	0.388881	-2683.77
1148	0.393676	-2778.64
1149	0.399347	-2915.4
1150	0.398559	-2857.19
1151	0.390921	-2750.36
1152	0.392328	-2765.24
1153	0.399306	-2852.9
1154	0.391146	-2722.9
1155	0.398905	-2837.27
1156	0.384412	-2683.15
1157	0.400945	-2838.25
1158	0.381783	-2605.35
1159	0.383747	-2617.85
1160	0.400841	-2846.43
1161	0.387427	-2716.95
1162	0.391054	-2726.17
1163	0.399556	-2881.94
1164	0.39398	-2788.06
1165	0.388549	-2697.86
1166	0.381963	-2607.19
1167	0.397685	-2833.73
1168	0.391059	-2813.37
1169	0.388949	-2708.56
1170	0.401918	-2952.89
1171	0.390723	-2756.75
1172	0.396267	-2821.29
1173	0.394779	-2767.06
1174	0.394371	-2764.6
1175	0.386016	-2622.89
1176	0.388539	-2688.7
1177	0.39319	-2793.5
1178	0.394608	-2809.17
1179	0.393528	-2806.77
1180	0.388557	-2734.43
1181	0.397765	-2856.56
1182	0.395494	-2798.58
1183	0.397063	-2850.79
1184	0.381781	-2611.63
1185	0.391892	-2763.16
1186	0.392052	-2768.94
1187	0.39425	-2815.71
1188	0.39369	-2818.68
1189	0.401029	-2867.74
1190	0.395424	-2820.43
1191	0.387499	-2695.84
1192	0.390246	-2753.27
1193	0.391572	-2743.64
1194	0.397094	-2846.39
1195	0.389004	-2724.46
1196	0.390349	-2726.09
1197	0.397751	-2817.32
1198	0.40278	-2897.85
1199	0.386284	-2648.41
1200	0.397011	-2802.02
1201	0.393143	-2799.62
1202	0.395382	-2798.39
1203	0.39283	-2799.36
1204	0.390949	-2728.11
1205	0.392843	-2729.32
1206	0.391373	-2751.6
1207	0.394378	-2830.47
1208	0.393365	-2771.07
1209	0.387099	-2698.65
1210	0.399727	-2906.73
1211	0.389692	-2748.02
1212	0.387677	-2736.26
1213	0.393563	-2780.27
1214	0.385816	-2685.12
1215	0.395271	-2823.91
1216	0.38287	-2624.47
1217	0.398646	-2846
1218	0.400276	-2844.82
1219	0.394846	-2811.79
1220	0.390369	-2767.33
1221	0.393699	-2790.76
1222	0.394246	-2758.86
1223	0.391188	-2776.11
1224	0.392705	-2766.27
1225	0.397448	-2819.56
1226	0.38897	-2769.69
1227	0.397727	-2863.7
1228	0.39657	-2824.9
1229	0.396039	-2812.47
1230	0.397784	-2843.72
1231	0.389691	-2738.68
1232	0.401391	-2899.32
1233	0.397422	-2892.27
1234	0.389302	-2702.86
1235	0.390963	-2736.96
1236	0.38513	-2665.77
1237	0.39747	-2869.62
1238	0.398604	-2865.62
1239	0.394955	-2823.51
1240	0.39778	-2798.9
1241	0.385348	-2665.1
1242	0.403726	-2895.8
1243	0.394903	-2805.48
1244	0.39261	-2740.74
1245	0.395351	-2803.79
1246	0.391378	-2785.05
1247	0.397071	-2836.95
1248	0.38972	-2737.54
1249	0.403556	-2929.06
1250	0.39641	-2843.79
1251	0.39685	-2839.63
1252	0.389159	-2735.62
1253	0.392121	-2763.86
1254	0.392194	-2773.2
1255	0.389904	-2720.34
1256	0.393027	-2770.88
1257	0.389951	-2768.1
1258	0.396068	-2825.1
1259	0.400441	-2888.98
1260	0.394098	-2735.77
1261	0.395413	-2777.98
1262	0.393507	-2785.06
1263	0.400993	-2872.66
1264	0.399111	-2831.52
1265	0.398144	-2861.6
1266	0.382835	-2641.11
1267	0.392968	-2785.96
1268	0.396288	-2793.66
1269	0.388406	-2749.76
1270	0.395679	-2779.66
1271	0.395572	-2764.49
1272	0.393989	-2768.42
1273	0.38906	-2731.21
1274	0.388295	-2724.68
1275	0.396353	-2866.66
1276	0.396736	-2824.22
1277	0.390791	-2736.39
1278	0.390103	-2686.98
1279	0.391792	-2783.7
1280	0.385341	-2706.17
1281	0.391011	-2751.63
1282	0.390609	-2679.58
1283	0.386417	-2670.63
1284	0.393903	-2760.55
1285	0.388929	-2752.62
1286	0.395599	-2853.77
1287	0.393962	-2770.15
1288	0.397334	-2818.43
1289	0.399747	-2809.05
1290	0.38058	-2589.81
1291	0.39352	-2785.18
1292	0.393166	-2826.16
1293	0.390054	-2752.76
1294	0.39687	-2829.17
1295	0.38957	-2700.78
1296	0.402308	-2944.79
1297	0.396467	-2836.85
1298	0.396055	-2832.31
1299	0.38886	-2749.73
1300	0.397843	-2843.98
1301	0.389828	-2783.8
1302	0.392392	-2752.64
1303	0.391914	-2724.47
1304	0.393668	-2789.16
1305	0.393571	-2780.89
1306	0.395071	-2807.48
1307	0.389554	-2731.89
1308	0.39294	-2799.28
1309	0.391088	-2780.17
1310	0.387247	-2694.66
1311	0.400524	-2905.64
1312	0.397799	-2820.12
1313	0.391851	-2730.62
1314	0.396131	-2823.16
1315	0.39871	-2892.65
1316	0.398044	-2800.32
1317	0.397157	-2824.07
1318	0.392344	-2764.13
1319	0.392576	-2807.18
1320	0.391492	-2713.65
1321	0.396438	-2822.45
1322	0.397423	-2776.8
1323	0.39725	-2835.78
1324	0.398544	-2894.94
1325	0.389387	-2724.65
1326	0.391022	-2775.56
1327	0.389855	-2770.56
1328	0.401481	-2870.13
1329	0.397023	-2848.3
1330	0.396472	-2834.38
1331	0.392611	-2794.13
1332	0.391399	-2774.99
1333	0.391117	-2825.17
1334	0.401917	-2900
1335	0.389782	-2704.81
1336	0.387651	-2684.38
1337	0.406168	-2998.05
1338	0.377012	-2538.43
1339	0.389595	-2726.65
1340	0.397103	-2827.2
1341	0.393441	-2804.24
1342	0.398337	-2860.16
1343	0.396423	-2814.87
1344	0.397726	-2839.38
1345	0.391598	-2771.9
1346	0.392684	-2768.56
1347	0.398452	-2788.34
1348	0.392411	-2769.18
1349	0.394571	-2812.82
1350	0.397597	-2828.09
1351	0.396734	-2829.44
1352	0.393868	-2784.98
1353	0.393212	-2762.54
1354	0.40038	-2905.58
1355	0.39888	-2872.17
1356	0.403058	-2943.91
1357	0.391212	-2754.7
1358	0.397016	-2861.96
1359	0.388453	-2747.56
1360	0.390598	-2759.47
1361	0.398066	-2820.5
1362	0.394716	-2789.68
1363	0.380573	-2566.97
1364	0.383938	-2628.92
1365	0.383487	-2619.71
1366	0.389423	-2710.26
1367	0.389244	-2714.18
1368	0.39265	-2744.03
1369	0.396974	-2823.74
1370	0.393963	-2813.78
1371	0.38894	-2732.29
1372	0.391255	-2718.03
1373	0.392556	-2787.06
1374	0.393406	-2748.97
1375	0.401846	-2915.66
1376	0.395162	-2814.62
1377	0.391568	-2740.79
1378	0.393628	-2756.77
1379	0.392349	-2773.18
1380	0.381332	-2645.21
1381	0.397049	-2839.94
1382	0.393238	-2766.2
1383	0.384015	-2641.02
1384	0.392197	-2758.52
1385	0.389511	-2729.55
1386	0.395642	-2848.14
1387	0.388213	-2755.17
1388	0.401509	-2876.99
1389	0.386547	-2695.37
1390	0.397531	-2840.75
1391	0.385926	-2660.73
1392	0.387954	-2705.99
1393	0.396777	-2862.53
1394	0.398411	-2916.55
1395	0.387922	-2719.14
1396	0.39847	-2875.96
1397	0.393193	-2767.03
1398	0.39461	-2801.73
1399	0.400466	-2848.65
1400	0.395736	-2785.71
1401	0.394548	-2812.07
1402	0.390897	-2748.97
1403	0.396113	-2788.17
1404	0.385517	-2660.22
1405	0.399223	-2845.98
1406	0.399198	-2896.36
1407	0.392916	-2764.15
1408	0.389444	-2699.92
1409	0.39613	-2808.02
1410	0.395989	-2807.93
1411	0.398123	-2886.05
1412	0.393024	-2783.64
1413	0.386834	-2687.75
1414	0.392542	-2786.59
1415	0.398633	-2847.81
1416	0.390189	-2779.31
1417	0.398152	-2865.09
1418	0.393272	-2761.32
1419	0.390382	-2713.79
1420	0.388631	-2747.58
1421	0.393564	-2789.16
1422	0.3981	-2872.8
1423	0.396019	-2806.41
1424	0.395179	-2804.64
1425	0.403512	-2917.04
1426	0.392846	-2761.31
1427	0.399637	-2868.1
1428	0.392679	-2790.04
1429	0.394578	-2803.99
1430	0.38822	-2695.13
1431	0.398845	-2849.89
1432	0.392685	-2758.46
1433	0.384924	-2626.89
1434	0.392367	-2750.54
1435	0.397383	-2841.19
1436	0.392719	-2832.44
1437	0.395107	-2803.15
1438	0.392833	-2771.68
1439	0.397359	-2819.2
1440	0.392305	-2790.75
1441	0.392622	-2749.8
1442	0.392946	-2772.96
1443	0.393957	-2807.24
1444	0.396614	-2790.94
1445	0.383843	-2661.69
1446	0.405959	-2968.27
1447	0.395242	-2803.42
1448	0.397237	-2840.76
1449	0.397184	-2845.58
1450	0.389649	-2745.21
1451	0.395097	-2798.98
1452	0.391976	-2778.67
1453	0.387012	-2691.36
1454	0.393278	-2800.43
1455	0.395335	-2858.86
1456	0.3872	-2660.49
1457	0.395052	-2833.74
1458	0.39566	-2765.49
1459	0.400599	-2837.15
1460	0.397694	-2868.61
1461	0.388685	-2709.54
1462	0.395086	-2795.94
1463	0.388051	-2712.95
1464	0.390118	-2744.08
1465	0.388382	-2742.42
1466	0.393346	-2800.52
1467	0.393425	-2798.45
1468	0.393467	-2820.21
1469	0.396291	-2768.18
1470	0.394597	-2805.9
1471	0.392442	-2751.63
1472	0.390931	-2753.47
1473	0.387833	-2711.41
1474	0.399442	-2909.37
1475	0.400359	-2880.24
1476	0.395546	-2849.41
1477	0.395137	-2799.51
1478	0.395906	-2812.18
1479	0.401302	-2886.71
1480	0.39977	-2889.17
1481	0.403781	-2943.64
1482	0.396193	-2802.76
1483	0.388008	-2711.91
1484	0.386566	-2675.81
1485	0.394764	-2794.9
1486	0.389382	-2691.58
1487	0.389621	-2764.85
1488	0.388548	-2705.34
1489	0.38998	-2717.42
1490	0.39046	-2750.76
1491	0.394407	-2795.75
1492	0.39933	-2864.06
1493	0.39114	-2750.8
1494	0.394578	-2767.04
1495	0.390464	-2714.31
1496	0.390848	-2767.39
1497	0.397094	-2841.36
1498	0.396805	-2778.19
1499	0.389267	-2711.56
1500	0.390805	-2713.29
1501	0.400592	-2877.48
1502	0.400335	-2891.02
1503	0.39431	-2798.56
1504	0.394061	-2810.59
1505	0.391299	-2784.6
1506	0.385471	-2678
1507	0.393895	-2779.74
1508	0.391499	-2762.64
1509	0.384557	-2648.64
1510	0.385336	-2673.22
1511	0.395415	-2832.33
1512	0.392324	-2790.76
1513	0.391888	-2718.76
1514	0.401202	-2907.21
1515	0.392485	-2769.09
1516	0.390315	-2733.73
1517	0.389762	-2732.82
1518	0.395224	-2860.28
1519	0.389983	-2739.63
1520	0.394108	-2812.84
1521	0.391619	-2775.73
1522	0.397559	-2863.52
1523	0.387963	-2710.81
1524	0.385661	-2671.43
1525	0.386159	-2630.86
1526	0.385993	-2655.57
1527	0.396295	-2835.96
1528	0.38597	-2720.14
1529	0.389505	-2697.16
1530	0.403212	-2919.68
1531	0.399028	-2855.86
1532	0.393841	-2768.06
1533	0.39539	-2817.47
1534	0.386806	-2700.21
1535	0.383264	-2624.08
1536	0.392215	-2761.91
1537	0.401526	-2872.85
1538	0.38969	-2698.76
1539	0.389914	-2697.48
1540	0.396013	-2831.49
1541	0.389098	-2747.76
1542	0.390992	-2748.28
1543	0.397652	-2832.49
1544	0.395581	-2821.87
1545	0.389787	-2740.99
1546	0.391777	-2724.72
1547	0.391317	-2741.84
1548	0.3827	-2603.14
1549	0.397148	-2813.65
1550	0.390921	-2752.35
1551	0.394531	-2835.85
1552	0.390078	-2760.6
1553	0.392627	-2771
1554	0.396751	-2828.43
1555	0.393609	-2809.84
1556	0.400512	-2856.82
1557	0.392183	-2770.25
1558	0.392448	-2750.61
1559	0.396686	-2823.19
1560	0.401979	-2947.29
1561	0.399722	-2836.34
1562	0.391214	-2743.02
1563	0.401537	-2915.17
1564	0.394009	-2796.67
1565	0.394492	-2813.62
1566	0.393089	-2722.75
1567	0.391152	-2731.68
1568	0.395815	-2813.93
1569	0.385568	-2692.68
1570	0.394387	-2791.26
1571	0.389988	-2725.55
1572	0.389317	-2752.51
1573	0.402012	-2919.75
1574	0.391344	-2743.77
1575	0.389526	-2697.12
1576	0.383863	-2675.24
1577	0.393187	-2757.11
1578	0.398172	-2820.61
1579	0.395091	-2787.31
1580	0.396985	-2814.25
1581	0.386052	-2712.49
1582	0.400113	-2875.28
1583	0.394322	-2769.74
1584	0.395925	-2844.11
1585	0.391693	-2760.47
1586	0.391045	-2779.67
1587	0.384594	-2651.91
1588	0.387903	-2667.51
1589	0.397719	-2862.79
1590	0.399645	-2863.7
1591	0.391057	-2723.34
1592	0.392787	-2797.23
1593	0.396655	-2853.63
1594	0.400846	-2902.67
1595	0.389367	-2744.41
1596	0.396848	-2875.25
1597	0.393431	-2736.03
1598	0.39613	-2880.09
1599	0.3973	-2866.61
1600	0.392075	-2786.81
1601	0.394618	-2790.25
1602	0.386499	-2704.58
1603	0.393002	-2772.59
1604	0.390866	-2766.18
1605	0.388752	-2680.71
1606	0.405709	-2974.78
1607	0.388493	-2685.55
1608	0.398204	-2873.8
1609	0.395964	-2797.53
1610	0.384892	-2660.31
1611	0.397489	-2833.95
1612	0.388793	-2731.17
1613	0.398611	-2860.92
1614	0.393153	-2790.76
1615	0.397031	-2878.68
1616	0.399102	-2860.9
1617	0.397319	-2861.21
1618	0.395312	-2824.93
1619	0.390759	-2730.28
1620	0.382484	-2605.46
1621	0.386579	-2649.54
1622	0.392925	-2734.49
1623	0.399644	-2844.61
1624	0.386515	-2677.36
1625	0.400685	-2838.07
1626	0.392085	-2763.27
1627	0.399101	-2856.96
1628	0.392732	-2776.99
1629	0.39525	-2799.12
1630	0.398068	-2842.95
1631	0.393746	-2769.25
1632	0.383653	-2631.67
1633	0.393991	-2782.21
1634	0.394706	-2833.1
1635	0.398588	-2870.94
1636	0.399563	-2910.4
1637	0.390541	-2749.96
1638	0.398385	-2856.29
1639	0.393773	-2767.23
1640	0.395935	-2815.72
1641	0.396632	-2838.59
1642	0.390962	-2753.26
1643	0.385484	-2653.21
1644	0.389004	-2722.38
1645	0.395861	-2833.09
1646	0.393914	-2781.03
1647	0.392041	-2749.34
1648	0.392704	-2744.41
1649	0.395656	-2813.08
1650	0.398598	-2828.42
1651	0.393955	-2766
1652	0.392007	-2793.47
1653	0.389624	-2754.51
1654	0.389255	-2688.74
1655	0.401998	-2905.46
1656	0.390389	-2734.62
1657	0.392377	-2785.7
1658	0.393776	-2793.15
1659	0.384153	-2663.34
1660	0.380622	-2629.98
1661	0.394535	-2787.01
1662	0.390085	-2714.29
1663	0.387433	-2731.62
1664	0.384723	-2677.57
1665	0.396914	-2806.52
1666	0.390011	-2719.94
1667	0.387345	-2677.82
1668	0.398188	-2848.85
1669	0.388985	-2703.52
1670	0.394756	-2774.21
1671	0.391628	-2735.78
1672	0.390519	-2737
1673	0.388094	-2776.61
1674	0.391691	-2722.74
1675	0.390426	-2720.17
1676	0.397184	-2869.11
1677	0.383848	-2700.12
1678	0.401437	-2891.62
1679	0.386411	-2669.25
1680	0.394859	-2791.01
1681	0.393471	-2717.66
1682	0.396783	-2845.61
1683	0.403387	-2881.59
1684	0.394793	-2794.1
1685	0.400638	-2857.15
1686	0.390534	-2739.66
1687	0.395763	-2816.73
1688	0.391127	-2813.84
1689	0.390845	-2737.79
1690	0.399296	-2904.72
1691	0.395519	-2796.52
1692	0.389608	-2725.03
1693	0.400292	-2855.53
1694	0.383477	-2640.53
1695	0.386093	-2659.69
1696	0.396565	-2824.78
1697	0.379968	-2590.4
1698	0.394507	-2800.61
1699	0.392535	-2756.08
1700	0.390519	-2717.43
1701	0.396136	-2788.1
1702	0.403707	-2920.8
1703	0.403757	-2914.51
1704	0.392301	-2766.05
1705	0.399463	-2870.44
1706	0.388706	-2731.87
1707	0.387968	-2689.44
1708	0.394291	-2798.68
1709	0.39517	-2790.35
1710	0.403875	-2928.13
1711	0.385747	-2718.56
1712	0.388375	-2704.64
1713	0.395544	-2826.27
1714	0.39461	-2783.04
1715	0.401243	-2852.28
1716	0.399227	-2836.71
1717	0.398248	-2833.88
1718	0.392578	-2795.49
1719	0.391509	-2738.18
1720	0.395204	-2829.99
1721	0.399706	-2864.64
1722	0.398255	-2892.46
1723	0.393694	-2774.87
1724	0.398333	-2848.73
1725	0.391572	-2752.52
1726	0.396254	-2814.56
1727	0.387777	-2690.22
1728	0.395846	-2821.61
1729	0.382902	-2639.51
1730	0.394398	-2784.31
1731	0.388929	-2674.47
1732	0.385112	-2691.35
1733	0.388932	-2727.22
1734	0.390731	-2716.94
1735	0.396317	-2817.12
1736	0.388808	-2706.07
1737	0.394456	-2814.89
1738	0.39088	-2753.16
1739	0.385253	-2681.97
1740	0.397951	-2832.6
1741	0.394061	-2774.52
1742	0.389941	-2718.02
1743	0.392538	-2778.74
1744	0.392617	-2757.45
1745	0.38569	-2671.19
1746	0.395181	-2790.91
1747	0.39125	-2767.01
1748	0.394305	-2781.78
1749	0.392298	-2753.24
1750	0.39063	-2737.58
1751	0.388596	-2739.6
1752	0.397763	-2843.72
1753	0.394039	-2788.57
1754	0.393253	-2802.13
1755	0.398663	-2857.24
1756	0.38996	-2733.87
1757	0.401095	-2865.27
1758	0.382714	-2608.6
1759	0.40174	-2888.11
1760	0.383185	-2685.55
1761	0.39715	-2840.47
1762	0.393989	-2815.63
1763	0.39038	-2745.77
1764	0.395165	-2794.74
1765	0.392287	-2754.4
1766	0.396993	-2911.42
1767	0.398633	-2847.87
1768	0.393347	-2811.58
1769	0.388598	-2733.71
1770	0.399084	-2876.95
1771	0.384903	-2655.11
1772	0.391275	-2772.07
1773	0.397956	-2807.87
1774	0.392422	-2747.7
1775	0.395184	-2786.65
1776	0.392876	-2803.59
1777	0.395962	-2854.46
1778	0.403035	-2919.81
1779	0.401589	-2897.24
1780	0.397646	-2849.08
1781	0.39615	-2819.34
1782	0.392311	-2721.34
1783	0.402613	-2946.88
1784	0.394016	-2806.08
1785	0.391345	-2744.81
1786	0.393524	-2803.66
1787	0.383311	-2646.62
1788	0.394998	-2797.33
1789	0.394832	-2759.99
1790	0.397167	-2831.7
1791	0.399353	-2865.53
1792	0.389264	-2745.25
1793	0.387563	-2691.55
1794	0.405293	-2937.15
1795	0.388623	-2693.52
1796	0.39987	-2825.8
1797	0.388002	-2686.92
1798	0.391479	-2743.49
1799	0.386155	-2688.2
1800	0.391876	-2786.83
1801	0.395325	-2825.18
1802	0.393969	-2736.17
1803	0.397664	-2860.18
1804	0.394248	-2799.89
1805	0.392943	-2780.12
1806	0.39384	-2784.53
1807	0.391769	-2767.95
1808	0.401219	-2891.87
1809	0.389847	-2762.64
1810	0.393769	-2771.7
1811	0.394201	-2818.17
1812	0.39099	-2767.98
1813	0.398596	-2808.87
1814	0.399862	-2896.17
1815	0.399124	-2844.57
1816	0.395165	-2827.95
1817	0.393667	-2812.08
1818	0.389079	-2728.9
1819	0.394352	-2783.48
1820	0.383841	-2612.46
1821	0.398128	-2836.41
1822	0.394818	-2820.11
1823	0.39538	-2801.42
1824	0.391678	-2734.43
1825	0.391288	-2756.64
1826	0.402085	-2906.03
1827	0.396436	-2812.15
1828	0.397182	-2807.98
1829	0.388427	-2748.05
1830	0.391942	-2762.37
1831	0.39752	-2814.94
1832	0.387338	-2718.01
1833	0.392376	-2777.39
1834	0.399663	-2854.93
1835	0.399072	-2861.87
1836	0.385973	-2628.29
1837	0.395447	-2800.07
1838	0.39796	-2802.22
1839	0.395255	-2775.83
1840	0.390032	-2730
1841	0.398116	-2846.14
1842	0.394634	-2812.62
1843	0.39416	-2812.35
1844	0.396557	-2794.63
1845	0.399159	-2848.69
1846	0.389622	-2747.15
1847	0.393544	-2823.62
1848	0.381137	-2623.36
1849	0.402998	-2893.29
1850	0.388276	-2703.17
1851	0.392423	-2757.67
1852	0.397195	-2797.27
1853	0.386614	-2672.94
1854	0.388089	-2735.85
1855	0.385698	-2668.44
1856	0.39684	-2822.85
1857	0.381268	-2630.16
1858	0.394954	-2805.97
1859	0.38395	-2633.89
1860	0.401688	-2926.37
1861	0.390251	-2733.14
1862	0.395365	-2828.3
1863	0.392352	-2703.73
1864	0.394519	-2782.5
1865	0.392176	-2750.53
1866	0.398328	-2869.14
1867	0.399546	-2866.03
1868	0.399522	-2852.53
1869	0.396347	-2809.29
1870	0.397862	-2851.8
1871	0.396468	-2834.12
1872	0.393698	-2816.67
1873	0.408917	-3027.77
1874	0.392333	-2777.9
1875	0.401277	-2896.56
1876	0.391225	-2753.26
1877	0.389705	-2726.08
1878	0.389593	-2711.45
1879	0.394071	-2845.65
1880	0.392039	-2765.91
1881	0.394891	-2801.3
1882	0.408361	-3022.84
1883	0.395298	-2814.6
1884	0.392278	-2799.77
1885	0.393244	-2720.25
1886	0.396147	-2832.71
1887	0.391809	-2788.98
1888	0.391927	-2749.76
1889	0.397466	-2861.63
1890	0.393589	-2795.93
1891	0.397973	-2863.28
1892	0.38679	-2706.62
1893	0.399303	-2900.1
1894	0.393542	-2767.32
1895	0.399804	-2865.57
1896	0.398669	-2827.08
1897	0.388428	-2685.79
1898	0.398486	-2835.67
1899	0.383532	-2640.51
1900	0.399896	-2877.55
1901	0.391295	-2766.76
1902	0.396547	-2805.65
1903	0.397187	-2850.99
1904	0.386091	-2706.44
1905	0.38711	-2688.27
1906	0.397606	-2840.18
1907	0.393067	-2777.44
1908	0.395201	-2818.72
1909	0.392423	-2771.53
1910	0.389809	-2707.08
1911	0.393309	-2785.09
1912	0.395686	-2828.45
1913	0.389709	-2697.91
1914	0.396081	-2813.21
1915	0.395659	-2805.73
1916	0.392356	-2762.38
1917	0.398772	-2849.81
1918	0.399845	-2863.47
1919	0.396732	-2851.21
1920	0.399773	-2943.69
1921	0.391231	-2790.62
1922	0.395379	-2795.02
1923	0.399547	-2856.93
1924	0.396338	-2796.35
1925	0.389151	-2714.36
1926	0.394353	-2845.8
1927	0.390298	-2760.9
1928	0.394132	-2807.98
1929	0.400958	-2894.54
1930	0.389998	-2745.95
1931	0.394945	-2809.62
1932	0.38962	-2703.77
1933	0.389844	-2737.74
1934	0.402809	-2914.35
1935	0.39696	-2904.98
1936	0.394368	-2793.53
1937	0.393362	-2777.94
1938	0.392371	-2781.36
1939	0.391424	-2805.86
1940	0.403071	-2907.3
1941	0.390775	-2698.48
1942	0.394572	-2783.69
1943	0.387938	-2703.21
1944	0.393221	-2777.24
1945	0.396726	-2842.47
1946	0.38899	-2710.94
1947	0.390609	-2744.62
1948	0.390452	-2744.34
1949	0.392535	-2767.02
1950	0.389595	-2743.27
1951	0.391226	-2737.28
1952	0.393301	-2792.32
1953	0.3907	-2760.2
1954	0.392419	-2789.42
1955	0.397722	-2840.39
1956	0.398507	-2872.89
1957	0.386452	-2655.9
1958	0.389071	-2709.45
1959	0.394459	-2782.83
1960	0.391608	-2748.53
1961	0.3942	-2833.42
1962	0.394417	-2778.39
1963	0.393044	-2815.18
1964	0.381626	-2662.59
1965	0.391548	-2713.76
1966	0.392204	-2784.35
1967	0.402157	-2909.03
1968	0.395791	-2812.56
1969	0.396929	-2793.85
1970	0.395052	-2781.9
1971	0.39069	-2747.79
1972	0.392777	-2772.89
1973	0.396113	-2801.85
1974	0.395501	-2790.65
1975	0.396723	-2827.36
1976	0.388483	-2721.64
1977	0.404177	-2916.79
1978	0.393059	-2767.69
1979	0.393606	-2775.86
1980	0.389254	-2689.15
1981	0.398489	-2852.59
1982	0.38001	-2571.29
1983	0.392254	-2777.33
1984	0.406519	-2997
1985	0.387413	-2739.69
1986	0.394	-2753.66
1987	0.384423	-2632.16
1988	0.383338	-2638.71
1989	0.392671	-2737.68
1990	0.386753	-2711.23
1991	0.393373	-2795.06
1992	0.393699	-2791.58
1993	0.393781	-2787.07
1994	0.396438	-2832.4
1995	0.391419	-2752.93
1996	0.3932	-2760.99
1997	0.390652	-2761.52
1998	0.394177	-2809.07
1999	0.391099	-2726.7
2000	0.391008	-2784
2001	0.388535	-2732.04
2002	0.392546	-2754.28
2003	0.396188	-2868.65
2004	0.399485	-2832.31
2005	0.393374	-2779.2
2006	0.398937	-2859.44
2007	0.394681	-2755.31
2008	0.399594	-2857.69
2009	0.384701	-2646.96
2010	0.394707	-2835.64
2011	0.390714	-2712.55
2012	0.383501	-2650.54
2013	0.392494	-2807.25
2014	0.390293	-2750.3
2015	0.395068	-2796.9
2016	0.386155	-2669.34
2017	0.396085	-2805.88
2018	0.398059	-2857.47
2019	0.392818	-2813.09
2020	0.393788	-2774.49
2021	0.391821	-2730.03
2022	0.397015	-2858.3
2023	0.391998	-2766.68
2024	0.393925	-2742.15
2025	0.384436	-2631.49
2026	0.397647	-2820.14
2027	0.39493	-2803.78
2028	0.39241	-2763.67
2029	0.391903	-2716.33
2030	0.392284	-2754.09
2031	0.398016	-2834.2
2032	0.380729	-2602.79
2033	0.3833	-2654.11
2034	0.392746	-2787.94
2035	0.390353	-2728.76
2036	0.401859	-2896.8
2037	0.396328	-2821.29
2038	0.397254	-2861.13
2039	0.392481	-2758.66
2040	0.393212	-2786.93
2041	0.391521	-2735.33
2042	0.396046	-2842.57
2043	0.394751	-2778.16
2044	0.388831	-2664.84
2045	0.39175	-2772.38
2046	0.390759	-2776.38
2047	0.395496	-2797.89
2048	0.387921	-2732.67
2049	0.394162	-2807.01
2050	0.393417	-2767.16
2051	0.39253	-2783.89
2052	0.388948	-2732.91
2053	0.390182	-2694.28
2054	0.398681	-2824.62
2055	0.393318	-2764.61
2056	0.38769	-2713.4
2057	0.395302	-2795.6
2058	0.391344	-2750.22
2059	0.397097	-2846.39
2060	0.388913	-2699.06
2061	0.400129	-2904.14
2062	0.394766	-2800.04
2063	0.389564	-2724.63
2064	0.396978	-2875.71
2065	0.391187	-2753.4
2066	0.381958	-2611.73
2067	0.394127	-2795.07
2068	0.393931	-2800.61
2069	0.400161	-2869.17
2070	0.390615	-2784.96
2071	0.389223	-2766.4
2072	0.389592	-2724.54
2073	0.400085	-2840.44
2074	0.384107	-2671.34
2075	0.394504	-2802.65
2076	0.385306	-2660.43
2077	0.383432	-2626.75
2078	0.398554	-2864.09
2079	0.399963	-2877.91
2080	0.399211	-2837.42
2081	0.388817	-2704.59
2082	0.394705	-2799.61
2083	0.393626	-2820.47
2084	0.398352	-2798.21
2085	0.39082	-2775.07
2086	0.394909	-2781.17
2087	0.38621	-2683.41
2088	0.397254	-2840.63
2089	0.392438	-2747.73
2090	0.399637	-2886.96
2091	0.38818	-2718.47
2092	0.391523	-2751.73
2093	0.394248	-2764.99
2094	0.394942	-2803.54
2095	0.391481	-2740.3
2096	0.390801	-2728.39
2097	0.397377	-2843.86
2098	0.397185	-2830.34
2099	0.391213	-2774.31
2100	0.39678	-2829.28
2101	0.400252	-2829.16
2102	0.396779	-2824.48
2103	0.39053	-2689.02
2104	0.398723	-2853.81
2105	0.39177	-2758.19
2106	0.391329	-2766.04
2107	0.391276	-2709.37
2108	0.395761	-2824.7
2109	0.384769	-2660.8
2110	0.394689	-2801.19
2111	0.397963	-2875.19
2112	0.395912	-2842.66
2113	0.387614	-2701.8
2114	0.394938	-2799.68
2115	0.396733	-2869.55
2116	0.39009	-2725.5
2117	0.391309	-2747.43
2118	0.394932	-2806.7
2119	0.392598	-2719.8
2120	0.389185	-2745.11
2121	0.399318	-2827.49
2122	0.394511	-2821.79
2123	0.38894	-2722.02
2124	0.391116	-2701.06
2125	0.391651	-2744.46
2126	0.384819	-2658.93
2127	0.388013	-2669.34
2128	0.394891	-2791.86
2129	0.400965	-2893.42
2130	0.397286	-2775.85
2131	0.394535	-2811.23
2132	0.394196	-2831.81
2133	0.394709	-2773.92
2134	0.383855	-2631.04
2135	0.392015	-2743.73
2136	0.39355	-2793.06
2137	0.403963	-2943.61
2138	0.395913	-2810.48
2139	0.402211	-2944.05
2140	0.401033	-2893.81
2141	0.40043	-2852.32
2142	0.388401	-2730.77
2143	0.404714	-2943.07
2144	0.384949	-2701.68
2145	0.392116	-2770.18
2146	0.389929	-2699.26
2147	0.39976	-2892.8
2148	0.395222	-2780.36
2149	0.396024	-2842.06
2150	0.396764	-2855.97
2151	0.396547	-2832.87
2152	0.389954	-2787.33
2153	0.394247	-2758.74
2154	0.393101	-2755.67
2155	0.385486	-2643.86
2156	0.386801	-2680.63
2157	0.398398	-2844.47
2158	0.39597	-2837.99
2159	0.390604	-2730.6
2160	0.390909	-2738.46
2161	0.390672	-2702.76
2162	0.399269	-2868.6
2163	0.392416	-2820.36
2164	0.388785	-2717.19
2165	0.386706	-2654.7
2166	0.39031	-2725.45
2167	0.394585	-2797.71
2168	0.393221	-2800.42
2169	0.393444	-2778.9
2170	0.397757	-2807.59
2171	0.390903	-2721.18
2172	0.388297	-2709.41
2173	0.392471	-2771.15
2174	0.391767	-2751.18
2175	0.397806	-2835.63
2176	0.408049	-3017.1
2177	0.392817	-2763.1
2178	0.398246	-2807.43
2179	0.388955	-2731.78
2180	0.393121	-2789.9
2181	0.393619	-2805.4
2182	0.396353	-2801.75
2183	0.393469	-2793.65
2184	0.400623	-2902.3
2185	0.395389	-2761.63
2186	0.389282	-2778.85
2187	0.391343	-2731.55
2188	0.404585	-2930.61
2189	0.384898	-2634.35
2190	0.394105	-2812.45
2191	0.395751	-2809.86
2192	0.397544	-2835.6
2193	0.39863	-2876.7
2194	0.397658	-2903.36
2195	0.402998	-2959.19
2196	0.392241	-2715.6
2197	0.396521	-2832.67
2198	0.388834	-2727.09
2199	0.395453	-2807.07
2200	0.391868	-2756.51
2201	0.394505	-2799.73
2202	0.389358	-2707.19
2203	0.390583	-2725.71
2204	0.393684	-2761.76
2205	0.387929	-2699.98
2206	0.392163	-2748.34
2207	0.381196	-2627.63
2208	0.399069	-2847.29
2209	0.386618	-2642.8
2210	0.396775	-2843.82
2211	0.395017	-2831.28
2212	0.395596	-2771.33
2213	0.391894	-2722.17
2214	0.394362	-2757.99
2215	0.39419	-2813.13
2216	0.397388	-2869.41
2217	0.396354	-2808.31
2218	0.397826	-2807.57
2219	0.398305	-2851.79
2220	0.392061	-2751.84
2221	0.387219	-2703.09
2222	0.38836	-2726.04
2223	0.387472	-2682.71
2224	0.39975	-2872.24
2225	0.395154	-2824.71
2226	0.405117	-2947.55
2227	0.388589	-2697.29
2228	0.396083	-2807.11
2229	0.38883	-2699.11
2230	0.391022	-2708.42
2231	0.392913	-2796.24
2232	0.394712	-2803.42
2233	0.400715	-2858.93
2234	0.388353	-2706.21
2235	0.39657	-2850.31
2236	0.384418	-2668.1
2237	0.394799	-2788.61
2238	0.388171	-2728.82
2239	0.396867	-2876.45
2240	0.395926	-2821.09
2241	0.394675	-2738.38
2242	0.387835	-2687.83
2243	0.391155	-2762.82
2244	0.390032	-2712.51
2245	0.403183	-2929.4
2246	0.393801	-2787.02
2247	0.402642	-2936.09
2248	0.390016	-2706.81
2249	0.394533	-2809.76
2250	0.402809	-2905.83
2251	0.403396	-2918.09
2252	0.4011	-2878.59
2253	0.39411	-2786.7
2254	0.39556	-2839.36
2255	0.39568	-2814.53
2256	0.395018	-2765.84
2257	0.390017	-2690.69
2258	0.392343	-2759.72
2259	0.399107	-2895.67
2260	0.394324	-2780.4
2261	0.392275	-2748.77
2262	0.392854	-2818.8
2263	0.396421	-2818.08
2264	0.398047	-2824.35
2265	0.393549	-2764.16
2266	0.384432	-2676.64
2267	0.391443	-2750.97
2268	0.390816	-2761.77
2269	0.394672	-2821.54
2270	0.39437	-2802.02
2271	0.395843	-2806.82
2272	0.39543	-2793.65
2273	0.38625	-2661
2274	0.392176	-2758.58
2275	0.391333	-2779.5
2276	0.400237	-2863.65
2277	0.39267	-2755.61
2278	0.390374	-2749.99
2279	0.397419	-2843.32
2280	0.393065	-2771.77
2281	0.388114	-2693.75
2282	0.392129	-2740.66
2283	0.391281	-2725.37
2284	0.393553	-2795.28
2285	0.392042	-2737.32
2286	0.398168	-2839.44
2287	0.400206	-2885.84
2288	0.399719	-2825.9
2289	0.390309	-2765.38
2290	0.396763	-2868.24
2291	0.392161	-2747.73
2292	0.384464	-2665.56
2293	0.392106	-2729.41
2294	0.392169	-2767.31
2295	0.40381	-2969.48
2296	0.388492	-2702.68
2297	0.394908	-2777.72
2298	0.395993	-2833.89
2299	0.392762	-2792.08
2300	0.396391	-2834.08
2301	0.401724	-2859.53
2302	0.388791	-2687.44
2303	0.399636	-2866.7
2304	0.39287	-2807.82
2305	0.400845	-2912.92
2306	0.396236	-2799.99
2307	0.392826	-2809.54
2308	0.394465	-2787.16
2309	0.393762	-2777.4
2310	0.391357	-2731.68
2311	0.401345	-2930.69
2312	0.397347	-2838.82
2313	0.392495	-2760.18
2314	0.387011	-2641.64
2315	0.394453	-2768.14
2316	0.397908	-2861.67
2317	0.397666	-2836.88
2318	0.400187	-2879.49
2319	0.394517	-2788.49
2320	0.39368	-2740.4
2321	0.392901	-2738.87
2322	0.400972	-2907.09
2323	0.390873	-2735.12
2324	0.38983	-2744.92
2325	0.396757	-2847.97
2326	0.390096	-2730.64
2327	0.393325	-2771.91
2328	0.389932	-2757.27
2329	0.390491	-2739
2330	0.391649	-2768.67
2331	0.394539	-2794.65
2332	0.398658	-2886.63
2333	0.397909	-2860.04
2334	0.397034	-2837.14
2335	0.39212	-2751.54
2336	0.392923	-2778.04
2337	0.396434	-2804.25
2338	0.386249	-2682.47
2339	0.385344	-2678.72
2340	0.388165	-2738.76
2341	0.399445	-2858.98
2342	0.395011	-2804.94
2343	0.402632	-2935.67
2344	0.395237	-2797.91
2345	0.387797	-2713.37
2346	0.391147	-2687.94
2347	0.390514	-2751.11
2348	0.401958	-2886.43
2349	0.395586	-2872.49
2350	0.392338	-2756.41
2351	0.398336	-2876.14
2352	0.385391	-2647.76
2353	0.384493	-2656.71
2354	0.388407	-2722.47
2355	0.396194	-2794.85
2356	0.388466	-2680.74
2357	0.39207	-2758.77
2358	0.39167	-2752.06
2359	0.384036	-2649.79
2360	0.394483	-2808.01
2361	0.393911	-2814.98
2362	0.401183	-2907.39
2363	0.391638	-2781.52
2364	0.381065	-2606.33
2365	0.39101	-2763.99
2366	0.400663	-2870
2367	0.404725	-2928.08
2368	0.4015	-2860.09
2369	0.389004	-2679.52
2370	0.393155	-2763.79
2371	0.388599	-2662.33
2372	0.395511	-2818.56
2373	0.391226	-2765.28
2374	0.391899	-2758.25
2375	0.395874	-2780.05
2376	0.400416	-2895.62
2377	0.389161	-2733
2378	0.397416	-2829.62
2379	0.396908	-2847.35
2380	0.400623	-2898.36
2381	0.389681	-2730.51
2382	0.384497	-2669.39
2383	0.388208	-2713.41
2384	0.394789	-2826.5
2385	0.394024	-2741.88
2386	0.391691	-2719.04
2387	0.397639	-2849.75
2388	0.395365	-2757.07
2389	0.39076	-2724.58
2390	0.394316	-2791.61
2391	0.395455	-2814.64
2392	0.395347	-2818.25
2393	0.403822	-2896.43
2394	0.389828	-2747.94
2395	0.394487	-2816.05
2396	0.399921	-2855.75
2397	0.402944	-2933.05
2398	0.387825	-2691.27
2399	0.395241	-2782.23
2400	0.392273	-2713.32
2401	0.397843	-2884.35
2402	0.39843	-2822.27
2403	0.390881	-2719.99
2404	0.386223	-2700.86
2405	0.396452	-2800.2
2406	0.395337	-2782.67
2407	0.392723	-2794.15
2408	0.392313	-2797.78
2409	0.394594	-2854.96
2410	0.397932	-2850.46
2411	0.396904	-2857.28
2412	0.405543	-2960.89
2413	0.389222	-2757.84
2414	0.39612	-2806.17
2415	0.393426	-2778.15
2416	0.396898	-2857.82
2417	0.394467	-2757.37
2418	0.396888	-2864.91
2419	0.380524	-2576.51
2420	0.3973	-2828.43
2421	0.399548	-2890.42
2422	0.395429	-2807.18
2423	0.392887	-2739.6
2424	0.39389	-2780.98
2425	0.387393	-2679.1
2426	0.385583	-2662.03
2427	0.387075	-2732.55
2428	0.405178	-2979.41
2429	0.396743	-2819.97
2430	0.398962	-2856.69
2431	0.388036	-2694.24
2432	0.378126	-2530.65
2433	0.393241	-2737.79
2434	0.397365	-2800.93
2435	0.384811	-2655.1
2436	0.389747	-2752.19
2437	0.393891	-2788.9
2438	0.387405	-2730.3
2439	0.392988	-2773.15
2440	0.389453	-2752.43
2441	0.390433	-2751.1
2442	0.391687	-2743.84
2443	0.387959	-2725.82
2444	0.390974	-2716.21
2445	0.396961	-2797.35
2446	0.393122	-2772.1
2447	0.394249	-2796.25
2448	0.387185	-2701.53
2449	0.389646	-2698.34
2450	0.402647	-2871.13
2451	0.384425	-2662.85
2452	0.391557	-2788.79
2453	0.391942	-2780.69
2454	0.395413	-2810.78
2455	0.402956	-2917.01
2456	0.397295	-2795.14
2457	0.390152	-2733.42
2458	0.391218	-2776.31
2459	0.394047	-2741.56
2460	0.402839	-2923.4
2461	0.398529	-2857.49
2462	0.395322	-2790.99
2463	0.388518	-2750.22
2464	0.400324	-2896.15
2465	0.396756	-2821.78
2466	0.387878	-2692.73
2467	0.396044	-2793.31
2468	0.397993	-2856.38
2469	0.401437	-2908.18
2470	0.400115	-2874.02
2471	0.391259	-2710.1
2472	0.392472	-2711.41
2473	0.394373	-2802.94
2474	0.388739	-2750.75
2475	0.39283	-2795.27
2476	0.39459	-2785.04
2477	0.390198	-2705.28
2478	0.398272	-2853.72
2479	0.394725	-2791.02
2480	0.392322	-2767.38
2481	0.397563	-2801.43
2482	0.390336	-2736.52
2483	0.389701	-2712.36
2484	0.393978	-2786.48
2485	0.398385	-2827.6
2486	0.395233	-2793.53
2487	0.38847	-2706.93
2488	0.392345	-2794.1
2489	0.40014	-2938.75
2490	0.392588	-2780.53
2491	0.386928	-2695.62
2492	0.391739	-2779.62
2493	0.394355	-2751.4
2494	0.394735	-2774.72
2495	0.397062	-2827.3
2496	0.401408	-2911.47
2497	0.386706	-2669.4
2498	0.395256	-2824.07
2499	0.388615	-2721.37
2500	0.392694	-2825.76
2501	0.385223	-2618.46
2502	0.394978	-2785.71
2503	0.397652	-2840.15
2504	0.390313	-2728.52
2505	0.390076	-2736.33
2506	0.401249	-2891.53
2507	0.396498	-2838.21
2508	0.388224	-2711.02
2509	0.395058	-2798.33
2510	0.39879	-2916.05
2511	0.388235	-2730.15
2512	0.396498	-2836.58
2513	0.391254	-2743.32
2514	0.391623	-2764.17
2515	0.385472	-2663.62
2516	0.390582	-2727.57
2517	0.390624	-2747.99
2518	0.395869	-2810.26
2519	0.390978	-2725.6
2520	0.386365	-2647.92
2521	0.400066	-2893.76
2522	0.391707	-2760.71
2523	0.402023	-2874.22
2524	0.388027	-2700.44
2525	0.394718	-2803.54
2526	0.391265	-2736.71
2527	0.393277	-2763.82
2528	0.397818	-2850.86
2529	0.391436	-2758.83
2530	0.385947	-2747.69
2531	0.398534	-2885.5
2532	0.390303	-2786.69
2533	0.393775	-2795.02
2534	0.399543	-2855.59
2535	0.392365	-2745.18
2536	0.391327	-2760.25
2537	0.395675	-2819.54
2538	0.399312	-2858.78
2539	0.404439	-2921.58
2540	0.393847	-2758.66
2541	0.389006	-2734.42
2542	0.388939	-2721.9
2543	0.399888	-2889.37
2544	0.393425	-2750.61
2545	0.392413	-2752.92
2546	0.396835	-2866.58
2547	0.390826	-2743.78
2548	0.39127	-2726.13
2549	0.400702	-2874.06
2550	0.397005	-2853.02
2551	0.39081	-2727.5
2552	0.388901	-2675.51
2553	0.395769	-2812.69
2554	0.389215	-2734.91
2555	0.389248	-2689.76
2556	0.394867	-2806.76
2557	0.399821	-2877.72
2558	0.395595	-2781.04
2559	0.384199	-2668.73
2560	0.391788	-2804.02
2561	0.392097	-2758.61
2562	0.387458	-2711.8
2563	0.404124	-2942.46
2564	0.401554	-2870.87
2565	0.391992	-2799.57
2566	0.397182	-2870.24
2567	0.392731	-2752.82
2568	0.395789	-2824.76
2569	0.391875	-2754.01
2570	0.402119	-2935.14
2571	0.397531	-2842.8
2572	0.39412	-2767.1
2573	0.391859	-2743.99
2574	0.386217	-2691.26
2575	0.388197	-2767.93
2576	0.392846	-2800.18
2577	0.40102	-2947.13
2578	0.388836	-2699.3
2579	0.39714	-2831.38
2580	0.386995	-2671.93
2581	0.394661	-2776.8
2582	0.392402	-2772.53
2583	0.397297	-2800.84
2584	0.397055	-2814.4
2585	0.395884	-2852.04
2586	0.394057	-2808.27
2587	0.392652	-2760.49
2588	0.391477	-2731.13
2589	0.395163	-2825.38
2590	0.399812	-2852.95
2591	0.393426	-2749.35
2592	0.391239	-2727.37
2593	0.392297	-2766.68
2594	0.390394	-2720.96
2595	0.394653	-2774.83
2596	0.388296	-2695.28
2597	0.39261	-2803.05
2598	0.394178	-2790.61
2599	0.391945	-2764.47
2600	0.402051	-2902.25
2601	0.390341	-2719.13
2602	0.393743	-2805.78
2603	0.39736	-2853.25
2604	0.404835	-2916.6
2605	0.393339	-2807.4
2606	0.404864	-2958.42
2607	0.401219	-2882.98
2608	0.392215	-2728.23
2609	0.391149	-2721.76
2610	0.390344	-2736.02
2611	0.389231	-2697.34
2612	0.396191	-2826.29
2613	0.390923	-2779.98
2614	0.390217	-2710.23
2615	0.392643	-2789.93
2616	0.38804	-2670.23
2617	0.390778	-2775.99
2618	0.388293	-2703.35
2619	0.392262	-2770.54
2620	0.397625	-2850.01
2621	0.394418	-2810.53
2622	0.391323	-2759.72
2623	0.392546	-2763.79
2624	0.388335	-2719.42
2625	0.403952	-2926.97
2626	0.39243	-2736.02
2627	0.396999	-2821.46
2628	0.396709	-2836.76
2629	0.394984	-2820.42
2630	0.393103	-2805.3
2631	0.390211	-2745.51
2632	0.391129	-2724.5
2633	0.389728	-2696.74
2634	0.389431	-2712.6
2635	0.402838	-2926.16
2636	0.398872	-2862.23
2637	0.397043	-2759.94
2638	0.39273	-2757.29
2639	0.388483	-2715.06
2640	0.396307	-2816.72
2641	0.387557	-2763.57
2642	0.393737	-2784.65
2643	0.396109	-2772.57
2644	0.392514	-2741.97
2645	0.39938	-2849.33
2646	0.388277	-2710.26
2647	0.400838	-2873.72
2648	0.395635	-2859.93
2649	0.392962	-2762.93
2650	0.394604	-2848.22
2651	0.39008	-2698.39
2652	0.393795	-2792.09
2653	0.390931	-2720.15
2654	0.40015	-2865.52
2655	0.391924	-2708.78
2656	0.391608	-2745.05
2657	0.392897	-2749.19
2658	0.392307	-2802.91
2659	0.393826	-2768.42
2660	0.399106	-2844.27
2661	0.394457	-2788.23
2662	0.399594	-2855.28
2663	0.387561	-2739.13
2664	0.390128	-2739.07
2665	0.394435	-2826.41
2666	0.395264	-2778.34
2667	0.391664	-2777.57
2668	0.396606	-2841.32
2669	0.403674	-2924.74
2670	0.394865	-2813.98
2671	0.39488	-2770.63
2672	0.40141	-2909.24
2673	0.402772	-2897.19
2674	0.400382	-2883.33
2675	0.390237	-2745.32
2676	0.389773	-2746.27
2677	0.397942	-2831.96
2678	0.396851	-2808.43
2679	0.393408	-2744.22
2680	0.398159	-2819.79
2681	0.387458	-2731.43
2682	0.384731	-2680.02
2683	0.394355	-2810.28
2684	0.387704	-2695.77
2685	0.401085	-2908.34
2686	0.394599	-2835.29
2687	0.393197	-2746.01
2688	0.39503	-2783.52
2689	0.388408	-2745.04
2690	0.385594	-2666.37
2691	0.39101	-2753.87
2692	0.39315	-2820.03
2693	0.401741	-2890.13
2694	0.387648	-2704.86
2695	0.396671	-2868.47
2696	0.38653	-2665.46
2697	0.394848	-2784.25
2698	0.383936	-2679.05
2699	0.395378	-2828.14
2700	0.394139	-2780.73
2701	0.400869	-2898.07
2702	0.389849	-2748.4
2703	0.390887	-2740.27
2704	0.394798	-2795.83
2705	0.394424	-2798.59
2706	0.392225	-2751.28
2707	0.40121	-2914.35
2708	0.395419	-2837.11
2709	0.388767	-2680.66
2710	0.400969	-2927.09
2711	0.394009	-2764.47
2712	0.397666	-2839.61
2713	0.390106	-2706.74
2714	0.398356	-2885.14
2715	0.395468	-2826.57
2716	0.385657	-2672.14
2717	0.387474	-2730.27
2718	0.39636	-2793
2719	0.399219	-2896.04
2720	0.391761	-2762.96
2721	0.396085	-2797.49
2722	0.393081	-2750.6
2723	0.394279	-2775.16
2724	0.38688	-2693.06
2725	0.392964	-2775.53
2726	0.389557	-2742.37
2727	0.388463	-2699.92
2728	0.384628	-2686.42
2729	0.398803	-2817.18
2730	0.396713	-2821.45
2731	0.388726	-2707.53
2732	0.393502	-2794.19
2733	0.391641	-2735.81
2734	0.395221	-2757.38
2735	0.388915	-2790.54
2736	0.394701	-2756.74
2737	0.398369	-2867.1
2738	0.394247	-2812.21
2739	0.389255	-2701.48
2740	0.397192	-2856.03
2741	0.392638	-2757.5
2742	0.398887	-2840.77
2743	0.391516	-2765.98
2744	0.395688	-2800.38
2745	0.388157	-2725.45
2746	0.397665	-2845.01
2747	0.392363	-2756.92
2748	0.394761	-2808.54
2749	0.386162	-2672.18
2750	0.391791	-2726.82
2751	0.394497	-2770.62
2752	0.402832	-2886.47
2753	0.390081	-2724.26
2754	0.399719	-2882.22
2755	0.386673	-2685.54
2756	0.393272	-2752.98
2757	0.405491	-2953.21
2758	0.401903	-2884.41
2759	0.398766	-2825.49
2760	0.39313	-2740.21
2761	0.380677	-2563.77
2762	0.404041	-2945.95
2763	0.390409	-2738.67
2764	0.39209	-2789.03
2765	0.390307	-2706.24
2766	0.391776	-2765.99
2767	0.393067	-2822.66
2768	0.388693	-2703.05
2769	0.400915	-2882.09
2770	0.395924	-2818.87
2771	0.398209	-2855.53
2772	0.396013	-2834.03
2773	0.397453	-2871.35
2774	0.401097	-2864.08
2775	0.400072	-2855.46
2776	0.395136	-2822.11
2777	0.39212	-2779.09
2778	0.397493	-2815.42
2779	0.391064	-2729.22
2780	0.393004	-2783.33
2781	0.396863	-2843.53
2782	0.397548	-2835.55
2783	0.392911	-2798.44
2784	0.390437	-2724.08
2785	0.385939	-2661.8
2786	0.390053	-2783.66
2787	0.389136	-2700.06
2788	0.386149	-2714.29
2789	0.389767	-2742.4
2790	0.390713	-2758.24
2791	0.399177	-2862.33
2792	0.394163	-2816.1
2793	0.395408	-2800.78
2794	0.395274	-2831.95
2795	0.39367	-2825.09
2796	0.393982	-2793.45
2797	0.40025	-2882.65
2798	0.387961	-2683.84
2799	0.390071	-2719.14
2800	0.394108	-2793.13
2801	0.39534	-2760.59
2802	0.391298	-2731.85
2803	0.393918	-2831.57
2804	0.400789	-2864.93
2805	0.390779	-2751.88
2806	0.390424	-2738.06
2807	0.387849	-2664.07
2808	0.386943	-2691.65
2809	0.396349	-2826.46
2810	0.394851	-2821.79
2811	0.395619	-2833.68
2812	0.390172	-2706.85
2813	0.396892	-2843.16
2814	0.390203	-2726.87
2815	0.397102	-2852.74
2816	0.393802	-2748.95
2817	0.385973	-2671.86
2818	0.396193	-2840.82
2819	0.396247	-2864.32
2820	0.385364	-2652.2
2821	0.395661	-2830.26
2822	0.393027	-2773.44
2823	0.403521	-2911.33
2824	0.395353	-2813.96
2825	0.387461	-2724.11
2826	0.402144	-2891.88
2827	0.386332	-2677.3
2828	0.400032	-2889.54
2829	0.389254	-2745.29
2830	0.400066	-2865.06
2831	0.394199	-2774.23
2832	0.38824	-2724.51
2833	0.398362	-2776.54
2834	0.395765	-2817.69
2835	0.39916	-2896.56
2836	0.38841	-2725.47
2837	0.392785	-2830.59
2838	0.392061	-2771.88
2839	0.398392	-2853.32
2840	0.391681	-2750.5
2841	0.393255	-2812.47
2842	0.400933	-2870.67
2843	0.383781	-2651.34
2844	0.381966	-2637.35
2845	0.389792	-2750.9
2846	0.390473	-2728.45
2847	0.390087	-2737.87
2848	0.398147	-2827.52
2849	0.400655	-2868.19
2850	0.392884	-2770.2
2851	0.393717	-2780.13
2852	0.400155	-2880.64
2853	0.395362	-2849.76
2854	0.394087	-2804
2855	0.385726	-2646.06
2856	0.396378	-2826.16
2857	0.394087	-2773.75
2858	0.39582	-2852.02
2859	0.400651	-2940.18
2860	0.397304	-2874.81
2861	0.391315	-2779.12
2862	0.394875	-2781.22
2863	0.393858	-2774.07
2864	0.391088	-2726.29
2865	0.39443	-2799.7
2866	0.392732	-2818.66
2867	0.393863	-2793.16
2868	0.397548	-2845.28
2869	0.393389	-2757.01
2870	0.404904	-2957.73
2871	0.391012	-2807.18
2872	0.402926	-2925.97
2873	0.394049	-2819.32
2874	0.38866	-2692.08
2875	0.385599	-2687.34
2876	0.396037	-2828.13
2877	0.392736	-2781.33
2878	0.396071	-2821.13
2879	0.393577	-2783.9
2880	0.400626	-2856.98
2881	0.398106	-2812.99
2882	0.393963	-2776.79
2883	0.391632	-2800.76
2884	0.386457	-2692.03
2885	0.398802	-2867.47
2886	0.390088	-2725.44
2887	0.401505	-2894.76
2888	0.394131	-2779.73
2889	0.397521	-2840.56
2890	0.394928	-2786.78
2891	0.390531	-2749.28
2892	0.401209	-2958.98
2893	0.396771	-2819.8
2894	0.397642	-2839.78
2895	0.392588	-2737.3
2896	0.392946	-2732.93
2897	0.394135	-2814.69
2898	0.400977	-2887.44
2899	0.395658	-2798.32
2900	0.402177	-2946.85
2901	0.390712	-2748.91
2902	0.388826	-2707.04
2903	0.390866	-2722.13
2904	0.383265	-2631.15
2905	0.404414	-2907.43
2906	0.380884	-2600.24
2907	0.386139	-2665.74
2908	0.397505	-2833.77
2909	0.390157	-2757.28
2910	0.396001	-2801.71
2911	0.3948	-2799.32
2912	0.388814	-2693.12
2913	0.390412	-2689.39
2914	0.394175	-2761.95
2915	0.391988	-2781.11
2916	0.394963	-2821.45
2917	0.393866	-2815.91
2918	0.396469	-2817.75
2919	0.389132	-2753.32
2920	0.391086	-2754.18
2921	0.394851	-2825.28
2922	0.39866	-2874.99
2923	0.38788	-2693.64
2924	0.403011	-2879.91
2925	0.388271	-2724.41
2926	0.395459	-2819.09
2927	0.393634	-2744.09
2928	0.392891	-2814.43
2929	0.390169	-2726.56
2930	0.398887	-2845.07
2931	0.399636	-2883.78
2932	0.392848	-2761.67
2933	0.397511	-2832.03
2934	0.398789	-2850.95
2935	0.395182	-2828.03
2936	0.38909	-2758.09
2937	0.392098	-2729
2938	0.394464	-2791.51
2939	0.384621	-2653.85
2940	0.388278	-2718.69
2941	0.391135	-2740.37
2942	0.399122	-2872.09
2943	0.393308	-2811.25
2944	0.390011	-2773.99
2945	0.38906	-2738.12
2946	0.395445	-2839.8
2947	0.400574	-2911.95
2948	0.390976	-2758.76
2949	0.401828	-2872.84
2950	0.390066	-2708.23
2951	0.392588	-2766.3
2952	0.401703	-2894.69
2953	0.392352	-2784.36
2954	0.394249	-2774.07
2955	0.393538	-2792.28
2956	0.392424	-2729.78
2957	0.391233	-2766.85
2958	0.401468	-2910.45
2959	0.40203	-2900.91
2960	0.401024	-2904.13
2961	0.38646	-2669.62
2962	0.382406	-2661.36
2963	0.387128	-2672.01
2964	0.39178	-2764.1
2965	0.387838	-2692.97
2966	0.394371	-2767.9
2967	0.391857	-2763.73
2968	0.392613	-2764.65
2969	0.396088	-2852.55
2970	0.382968	-2629.4
2971	0.40009	-2875.79
2972	0.396265	-2825.31
2973	0.399503	-2856.26
2974	0.397439	-2831.11
2975	0.389119	-2768.75
2976	0.38662	-2739.25
2977	0.390634	-2723.4
2978	0.389734	-2732.45
2979	0.396999	-2846.18
2980	0.39408	-2805.84
2981	0.395409	-2829.13
2982	0.400744	-2885.01
2983	0.396163	-2814.95
2984	0.392254	-2742.97
2985	0.392439	-2831.7
2986	0.394604	-2792.81
2987	0.397178	-2832.67
2988	0.396247	-2828.28
2989	0.392153	-2779.49
2990	0.39799	-2845.08
2991	0.398024	-2818.97
2992	0.400137	-2823.45
2993	0.390879	-2768.82
2994	0.390495	-2732.69
2995	0.392767	-2765.08
2996	0.389761	-2745.8
2997	0.396635	-2847.46
2998	0.387349	-2702.08
2999	0.398273	-2814.17
