0	0.377665	-2575.88
1	0.389312	-2692.89
2	0.392969	-2778.22
3	0.394341	-2789.82
4	0.391198	-2707.8
5	0.385786	-2663.36
6	0.38579	-2710.5
7	0.386981	-2718.12
8	0.390411	-2772.87
9	0.382109	-2630.2
10	0.381553	-2652.81
11	0.377494	-2585.63
12	0.397082	-2803.13
13	0.390539	-2695.15
14	0.390404	-2712.72
15	0.380416	-2590.32
16	0.392836	-2785.01
17	0.390577	-2756.43
18	0.390661	-2768.25
19	0.383348	-2622.62
20	0.388865	-2755.44
21	0.388344	-2716.57
22	0.388548	-2714.08
23	0.382726	-2624.38
24	0.386989	-2702.1
25	0.390967	-2766.2
26	0.378446	-2558.89
27	0.380308	-2622.47
28	0.389346	-2729.94
29	0.381148	-2551.72
30	0.393842	-2832.38
31	0.385204	-2677.57
32	0.392181	-2765.64
33	0.386923	-2685.99
34	0.389983	-2737.89
35	0.395136	-2824.84
36	0.390396	-2768.13
37	0.391062	-2756.64
38	0.386934	-2683.49
39	0.384775	-2667.53
40	0.385446	-2652.31
41	0.394107	-2767.41
42	0.387347	-2669.1
43	0.391729	-2763.7
44	0.382008	-2626.32
45	0.392606	-2759.88
46	0.391066	-2754.05
47	0.387929	-2706.21
48	0.389765	-2719.39
49	0.389194	-2714.57
50	0.39605	-2863.03
51	0.384469	-2637.85
52	0.382825	-2632.72
53	0.391146	-2765.64
54	0.383729	-2651.69
55	0.389598	-2747.31
56	0.384396	-2683.34
57	0.391213	-2741.35
58	0.384753	-2669.48
59	0.384147	-2660.31
60	0.390741	-2734.34
61	0.392404	-2764.62
62	0.395781	-2804.62
63	0.38381	-2612.76
64	0.38245	-2695.54
65	0.380649	-2590.93
66	0.381586	-2614.23
67	0.384112	-2660.75
68	0.384344	-2648.79
69	0.383884	-2667.31
70	0.388506	-2737.96
71	0.391075	-2777.77
72	0.386283	-2704.67
73	0.386257	-2625.93
74	0.393246	-2768.69
75	0.395028	-2809.6
76	0.381481	-2596.68
77	0.385161	-2652.47
78	0.392817	-2744
79	0.379553	-2574.61
80	0.388039	-2713.89
81	0.390534	-2720.02
82	0.386466	-2669.48
83	0.389764	-2749.68
84	0.392624	-2816.02
85	0.389997	-2749.06
86	0.390487	-2749.6
87	0.391386	-2799.21
88	0.390151	-2709.3
89	0.384577	-2667.23
90	0.389526	-2737.26
91	0.399113	-2836.16
92	0.384435	-2641.44
93	0.380683	-2605.35
94	0.387213	-2710.59
95	0.38174	-2629.76
96	0.381259	-2584
97	0.3883	-2730.95
98	0.387642	-2675.77
99	0.384433	-2676.94
100	0.38359	-2645.08
101	0.388391	-2736.33
102	0.372197	-2481.43
103	0.38858	-2735.97
104	0.380633	-2616.54
105	0.394682	-2785.95
106	0.386401	-2682.53
107	0.389446	-2691.37
108	0.384665	-2628.17
109	0.391249	-2744.96
110	0.387147	-2674.3
111	0.393812	-2809.93
112	0.376264	-2552.8
113	0.379444	-2597.88
114	0.395113	-2831.06
115	0.390995	-2766.86
116	0.398313	-2919.07
117	0.389185	-2655.79
118	0.386424	-2725.46
119	0.382062	-2617.05
120	0.388115	-2714.4
121	0.389292	-2710.73
122	0.387448	-2705.37
123	0.386751	-2711.33
124	0.387975	-2746.11
125	0.394469	-2733.34
126	0.393354	-2768.18
127	0.391528	-2787.07
128	0.394948	-2777.52
129	0.382124	-2675.5
130	0.3888	-2752.08
131	0.377634	-2520.64
132	0.386846	-2723.45
133	0.384464	-2651.81
134	0.392313	-2799.78
135	0.383036	-2630.42
136	0.390398	-2730.19
137	0.386574	-2669.73
138	0.385015	-2659.93
139	0.385549	-2700.71
140	0.381607	-2642.87
141	0.3891	-2677.64
142	0.38875	-2746.89
143	0.387077	-2714.34
144	0.380041	-2573.29
145	0.389368	-2759.17
146	0.392117	-2749.67
147	0.3833	-2633.92
148	0.376962	-2548.62
149	0.38102	-2620.61
150	0.385637	-2672.2
151	0.390849	-2780.23
152	0.392625	-2799.62
153	0.387217	-2711.32
154	0.387368	-2722.69
155	0.391141	-2776.54
156	0.387494	-2713.46
157	0.382109	-2666.3
158	0.389987	-2722.45
159	0.385279	-2642.79
160	0.382502	-2660.51
161	0.382575	-2592.57
162	0.385219	-2671.55
163	0.38896	-2686.01
164	0.387448	-2675
165	0.394059	-2822.53
166	0.382637	-2634.57
167	0.391034	-2754.1
168	0.380038	-2591.98
169	0.388309	-2711.1
170	0.386562	-2665.72
171	0.391333	-2739.84
172	0.392872	-2741.85
173	0.387526	-2712.8
174	0.380718	-2599.63
175	0.384342	-2689.7
176	0.385866	-2686.4
177	0.38459	-2654.68
178	0.388569	-2718.12
179	0.397455	-2831.81
180	0.383968	-2659.43
181	0.388837	-2711.46
182	0.388923	-2700.51
183	0.389045	-2732.54
184	0.388662	-2731.73
185	0.388717	-2724.47
186	0.390078	-2735.72
187	0.388109	-2695.27
188	0.386483	-2692.56
189	0.400061	-2823.56
190	0.376697	-2554.59
191	0.383537	-2627.63
192	0.393195	-2762.25
193	0.382811	-2602.24
194	0.391372	-2775.32
195	0.388097	-2731.5
196	0.382425	-2621.74
197	0.388889	-2722.91
198	0.385604	-2651.16
199	0.386004	-2699.53
200	0.389597	-2739.1
201	0.384089	-2622.33
202	0.389124	-2719.34
203	0.386112	-2677.9
204	0.382457	-2638.69
205	0.38125	-2626.1
206	0.390941	-2734.32
207	0.391284	-2751.33
208	0.386978	-2697.61
209	0.38878	-2682.09
210	0.383854	-2651.34
211	0.391716	-2752.59
212	0.387907	-2702.55
213	0.393295	-2794.03
214	0.384185	-2638.32
215	0.38568	-2710.62
216	0.379238	-2625.6
217	0.387767	-2715.67
218	0.382846	-2648.52
219	0.389423	-2733.61
220	0.391253	-2710.13
221	0.386704	-2690.78
222	0.389511	-2732.73
223	0.388275	-2700.35
224	0.383029	-2656.72
225	0.386091	-2677.55
226	0.383812	-2679.68
227	0.387809	-2676.65
228	0.379813	-2549.74
229	0.384398	-2664.63
230	0.382171	-2618.93
231	0.391766	-2743.74
232	0.388193	-2699.69
233	0.384625	-2635.87
234	0.392941	-2768.39
235	0.385381	-2690.28
236	0.387611	-2697.27
237	0.387707	-2666.09
238	0.397216	-2874.77
239	0.389672	-2725.34
240	0.391487	-2771.02
241	0.391894	-2748.82
242	0.385272	-2626.09
243	0.385773	-2680.81
244	0.382208	-2641.42
245	0.386708	-2679.47
246	0.385225	-2663.27
247	0.388122	-2767.5
248	0.382019	-2663.46
249	0.390763	-2733.96
250	0.382757	-2607.18
251	0.387362	-2736.14
252	0.393598	-2750.83
253	0.382498	-2652.74
254	0.383392	-2645.66
255	0.387896	-2720.13
256	0.38799	-2701.76
257	0.378912	-2570.92
258	0.40383	-2957.63
259	0.388076	-2715.93
260	0.376516	-2548.22
261	0.378148	-2597.49
262	0.38498	-2627.79
263	0.387465	-2702.34
264	0.385619	-2683.38
265	0.397225	-2849.38
266	0.387877	-2681.38
267	0.38642	-2691.79
268	0.391086	-2766.89
269	0.398685	-2865.6
270	0.392258	-2759.72
271	0.391212	-2742.81
272	0.38685	-2675.51
273	0.38926	-2748.74
274	0.392365	-2753.23
275	0.388983	-2747.49
276	0.379959	-2601.42
277	0.390259	-2704.13
278	0.385858	-2656.25
279	0.396648	-2828.04
280	0.385607	-2662.54
281	0.385993	-2670.47
282	0.388307	-2671.26
283	0.382614	-2628.78
284	0.381251	-2648.97
285	0.391277	-2724.89
286	0.385208	-2711.63
287	0.388933	-2706.4
288	0.383391	-2650.04
289	0.387187	-2684.53
290	0.388237	-2719.94
291	0.391572	-2755.86
292	0.380494	-2625.13
293	0.389638	-2768.26
294	0.382502	-2613.78
295	0.386988	-2683.97
296	0.385622	-2658.14
297	0.383625	-2606.89
298	0.387128	-2741.45
299	0.386805	-2639.02
300	0.389627	-2764.09
301	0.392978	-2775.19
302	0.385979	-2713.39
303	0.382514	-2661.7
304	0.389335	-2683.54
305	0.387953	-2717.56
306	0.391352	-2753.25
307	0.388259	-2720.96
308	0.393249	-2821.27
309	0.384401	-2643.35
310	0.386559	-2663.03
311	0.387393	-2680.94
312	0.398497	-2881.53
313	0.389213	-2709.34
314	0.382483	-2664.46
315	0.385376	-2680.35
316	0.382359	-2628.99
317	0.381866	-2610.35
318	0.383203	-2636.28
319	0.395	-2803.54
320	0.391415	-2762.99
321	0.388476	-2703.24
322	0.383646	-2710.53
323	0.393327	-2769.29
324	0.389652	-2735.32
325	0.382451	-2634.53
326	0.392288	-2781.28
327	0.386594	-2664.22
328	0.383354	-2613.37
329	0.383797	-2641.62
330	0.387551	-2709.12
331	0.387361	-2680.77
332	0.395859	-2809.81
333	0.386673	-2685.66
334	0.388841	-2675.61
335	0.380278	-2587.08
336	0.390862	-2739.57
337	0.384333	-2626.07
338	0.388109	-2694.89
339	0.389528	-2726.14
340	0.390902	-2697.14
341	0.39463	-2829.77
342	0.389423	-2726.65
343	0.391445	-2751.73
344	0.390841	-2739.9
345	0.381464	-2641.41
346	0.383672	-2639.73
347	0.387621	-2754.35
348	0.381493	-2653.52
349	0.382585	-2646.97
350	0.387815	-2712.42
351	0.38715	-2715.47
352	0.387003	-2699.28
353	0.391105	-2735.47
354	0.383491	-2623.42
355	0.383324	-2636.86
356	0.379029	-2596.47
357	0.38966	-2727.25
358	0.397788	-2838.49
359	0.388292	-2720.59
360	0.387368	-2725.68
361	0.393501	-2815.68
362	0.389016	-2746.06
363	0.393604	-2779.77
364	0.390188	-2777.52
365	0.38612	-2669.15
366	0.384752	-2679.23
367	0.382822	-2611.61
368	0.385653	-2699.11
369	0.381835	-2627.46
370	0.387745	-2705.96
371	0.394189	-2784.5
372	0.386144	-2676.88
373	0.400582	-2869.62
374	0.392278	-2727.11
375	0.387259	-2668.41
376	0.381333	-2621.26
377	0.385932	-2675.4
378	0.387069	-2706.66
379	0.387978	-2700.97
380	0.388814	-2718.09
381	0.386081	-2689.59
382	0.390115	-2743.58
383	0.388935	-2733.81
384	0.391825	-2704.84
385	0.378391	-2540.44
386	0.380109	-2609.68
387	0.392221	-2761.68
388	0.382785	-2665.39
389	0.397537	-2851.03
390	0.387046	-2675.98
391	0.386244	-2652.22
392	0.390465	-2725.2
393	0.383583	-2644.51
394	0.388811	-2694.65
395	0.378011	-2551.27
396	0.382665	-2652.05
397	0.386957	-2725.74
398	0.391487	-2785.33
399	0.401187	-2847.88
400	0.390154	-2733.39
401	0.388006	-2688.18
402	0.383755	-2668.8
403	0.382139	-2602.28
404	0.386972	-2700.78
405	0.38363	-2594.6
406	0.389526	-2721.89
407	0.380324	-2616.39
408	0.390818	-2753.62
409	0.387589	-2710.73
410	0.386626	-2682.66
411	0.395349	-2836.96
412	0.387458	-2687.43
413	0.390162	-2726.58
414	0.395018	-2844.83
415	0.392663	-2754.22
416	0.389625	-2754.15
417	0.389494	-2695.32
418	0.38818	-2694.07
419	0.393347	-2792.2
420	0.382106	-2639.35
421	0.385743	-2658.38
422	0.384909	-2598.14
423	0.385435	-2707.47
424	0.388401	-2655.33
425	0.391168	-2724.1
426	0.389736	-2704.24
427	0.393554	-2794.86
428	0.385558	-2670.2
429	0.39023	-2724.78
430	0.388338	-2739.82
431	0.391086	-2762.71
432	0.383629	-2633.65
433	0.388229	-2691.29
434	0.385933	-2660.89
435	0.389737	-2718.32
436	0.38828	-2672.18
437	0.379471	-2622.36
438	0.388779	-2713.64
439	0.393087	-2730.76
440	0.383615	-2675.44
441	0.388369	-2721.93
442	0.386969	-2736.13
443	0.389141	-2748.03
444	0.386357	-2684.21
445	0.382854	-2631.2
446	0.388344	-2706.72
447	0.383224	-2687.92
448	0.38471	-2690.74
449	0.378555	-2592.23
450	0.383627	-2637.47
451	0.388492	-2688.76
452	0.391981	-2777.51
453	0.389157	-2686.3
454	0.387825	-2737.38
455	0.384255	-2661.29
456	0.38996	-2737.12
457	0.387782	-2707.33
458	0.39364	-2807.72
459	0.384754	-2671.64
460	0.391131	-2752.24
461	0.39051	-2761
462	0.375082	-2488.53
463	0.39196	-2757.67
464	0.388805	-2716.92
465	0.394717	-2757.89
466	0.391439	-2720.47
467	0.392733	-2760.63
468	0.389323	-2738.7
469	0.389141	-2716.9
470	0.392287	-2803.14
471	0.389315	-2685.21
472	0.384556	-2640.41
473	0.383042	-2625.68
474	0.389996	-2758.3
475	0.388432	-2682
476	0.394878	-2791.24
477	0.388479	-2721.74
478	0.385135	-2668.64
479	0.386024	-2732.33
480	0.385034	-2650.95
481	0.393893	-2822.24
482	0.390147	-2739.97
483	0.391438	-2810.47
484	0.384989	-2661.38
485	0.391516	-2755.68
486	0.383012	-2681
487	0.396309	-2846.81
488	0.388667	-2722.48
489	0.388497	-2751.31
490	0.386526	-2667.01
491	0.385325	-2625.83
492	0.378778	-2565.23
493	0.385507	-2694.17
494	0.388259	-2711.92
495	0.389266	-2735.3
496	0.38906	-2742.21
497	0.377503	-2554.8
498	0.38543	-2648.84
499	0.384859	-2663.6
500	0.383645	-2616.23
501	0.38895	-2689.36
502	0.385328	-2723.08
503	0.396581	-2862.13
504	0.395684	-2821.83
505	0.377114	-2552.17
506	0.387715	-2708
507	0.383752	-2687.31
508	0.392831	-2758.61
509	0.382572	-2626.52
510	0.399185	-2866.47
511	0.388063	-2682.05
512	0.387641	-2703.82
513	0.3862	-2653.75
514	0.385586	-2676.74
515	0.394568	-2782.55
516	0.390713	-2753.11
517	0.387572	-2704.14
518	0.392276	-2760.49
519	0.380669	-2630.07
520	0.387292	-2705.2
521	0.394438	-2797.19
522	0.379121	-2571.23
523	0.390723	-2743.34
524	0.388762	-2697.68
525	0.389172	-2702.46
526	0.387603	-2707.92
527	0.382744	-2650.7
528	0.385398	-2691.97
529	0.395635	-2797.26
530	0.396428	-2827.35
531	0.395351	-2775.26
532	0.389731	-2750.86
533	0.385344	-2657.66
534	0.385038	-2665.79
535	0.395279	-2803.12
536	0.387288	-2703.54
537	0.378771	-2572.14
538	0.387644	-2662.4
539	0.387263	-2697.1
540	0.395265	-2781.26
541	0.395118	-2838.63
542	0.38859	-2733.3
543	0.388334	-2706.17
544	0.387396	-2717.82
545	0.395658	-2798.96
546	0.391122	-2766.95
547	0.387607	-2692.74
548	0.391192	-2749.58
549	0.382126	-2588.51
550	0.383541	-2604.76
551	0.375488	-2560.57
552	0.382464	-2668.73
553	0.392555	-2778.75
554	0.392453	-2771.15
555	0.392421	-2765.42
556	0.38497	-2665.87
557	0.388859	-2681.6
558	0.391451	-2766.29
559	0.387526	-2729.66
560	0.378863	-2562.38
561	0.387491	-2693.85
562	0.390524	-2736.26
563	0.388373	-2707.62
564	0.38955	-2746.77
565	0.38798	-2707.17
566	0.393365	-2795.52
567	0.385826	-2663.65
568	0.389665	-2749.53
569	0.389728	-2779.61
570	0.394488	-2799.36
571	0.378517	-2560.58
572	0.386609	-2629.21
573	0.383885	-2655.94
574	0.382926	-2651.12
575	0.386692	-2664.98
576	0.381268	-2609.51
577	0.3905	-2763.41
578	0.383988	-2693.23
579	0.388862	-2699.6
580	0.381764	-2603.92
581	0.393539	-2744.59
582	0.388686	-2736.61
583	0.38743	-2664.47
584	0.383751	-2651.48
585	0.38925	-2721.54
586	0.386338	-2629.87
587	0.388707	-2714.64
588	0.386544	-2698.99
589	0.38309	-2626.23
590	0.391197	-2748.18
591	0.390772	-2730.35
592	0.386861	-2671.45
593	0.38863	-2735.67
594	0.388842	-2709.77
595	0.390471	-2735.94
596	0.383636	-2657.72
597	0.393301	-2792.4
598	0.392725	-2726.56
599	0.392626	-2808.93
600	0.386019	-2658
601	0.389334	-2716.81
602	0.388182	-2699.85
603	0.379175	-2576.98
604	0.389192	-2769.65
605	0.386333	-2637.51
606	0.384112	-2654.14
607	0.378659	-2566.62
608	0.3872	-2670.53
609	0.394367	-2799.24
610	0.385771	-2656.78
611	0.395163	-2847.49
612	0.38161	-2608.5
613	0.387981	-2697.03
614	0.388387	-2694.24
615	0.394338	-2746.69
616	0.391441	-2779.62
617	0.382783	-2648.69
618	0.390886	-2759.21
619	0.387706	-2702.75
620	0.3849	-2641.68
621	0.382191	-2648.83
622	0.38391	-2604.28
623	0.389026	-2725.29
624	0.386545	-2668.51
625	0.392755	-2788.74
626	0.393549	-2787.47
627	0.394609	-2777.3
628	0.392311	-2780.4
629	0.383971	-2649.66
630	0.385974	-2687.03
631	0.384573	-2667.18
632	0.381765	-2639.14
633	0.392465	-2760.87
634	0.385798	-2673.24
635	0.388588	-2714.94
636	0.389298	-2727.25
637	0.383829	-2649.99
638	0.380277	-2589.23
639	0.387777	-2722.74
640	0.389667	-2744.65
641	0.385273	-2692.57
642	0.397099	-2804.12
643	0.381978	-2586.48
644	0.38562	-2675.63
645	0.387359	-2701.21
646	0.382031	-2620.63
647	0.390849	-2725.79
648	0.392545	-2777.41
649	0.392034	-2781.18
650	0.386481	-2683.73
651	0.391534	-2749.1
652	0.386809	-2682.79
653	0.386879	-2708.64
654	0.390216	-2711.43
655	0.384628	-2653.49
656	0.38387	-2682.42
657	0.386353	-2637.06
658	0.396251	-2907.6
659	0.382084	-2617.78
660	0.392636	-2789.99
661	0.386	-2709.09
662	0.388421	-2696.63
663	0.391836	-2758.02
664	0.379098	-2553.76
665	0.390509	-2726.68
666	0.385467	-2704.08
667	0.392211	-2777.27
668	0.385844	-2678.54
669	0.392572	-2761.26
670	0.390109	-2717.39
671	0.385335	-2621.09
672	0.391416	-2749.84
673	0.389199	-2716.57
674	0.392704	-2803.77
675	0.385409	-2684.55
676	0.393434	-2801.78
677	0.381442	-2655.7
678	0.391478	-2747.53
679	0.392866	-2773.16
680	0.378643	-2575.33
681	0.376836	-2575.04
682	0.383414	-2666.64
683	0.386277	-2678.71
684	0.397429	-2836.72
685	0.382742	-2633.15
686	0.385105	-2670.1
687	0.389205	-2705.86
688	0.383114	-2652.1
689	0.383913	-2665.74
690	0.38401	-2687.33
691	0.388364	-2736.18
692	0.382104	-2637.22
693	0.382288	-2615.65
694	0.38412	-2689.28
695	0.382539	-2613.24
696	0.387641	-2745.13
697	0.380723	-2607.35
698	0.38196	-2640.24
699	0.385875	-2712.59
700	0.383662	-2627.51
701	0.378241	-2615.73
702	0.383431	-2623.7
703	0.390613	-2739.69
704	0.38634	-2714.57
705	0.386176	-2682.86
706	0.388085	-2682.66
707	0.388942	-2734.48
708	0.384635	-2669.32
709	0.384465	-2639.5
710	0.392697	-2780.13
711	0.386626	-2704.54
712	0.386643	-2666.24
713	0.384241	-2658.23
714	0.3843	-2653.87
715	0.39486	-2797.87
716	0.384698	-2674.65
717	0.384266	-2639.81
718	0.386639	-2690.71
719	0.395152	-2801.95
720	0.386053	-2672.72
721	0.386526	-2691.73
722	0.385505	-2668.17
723	0.381161	-2610.08
724	0.386137	-2694.91
725	0.395653	-2830.63
726	0.385001	-2669.85
727	0.394378	-2813.85
728	0.382487	-2609.66
729	0.38726	-2716.05
730	0.387141	-2697.2
731	0.390408	-2752.15
732	0.405937	-2939.08
733	0.394721	-2789.82
734	0.380514	-2586.42
735	0.382935	-2641.93
736	0.386445	-2690.57
737	0.385543	-2655.72
738	0.383649	-2623.71
739	0.383845	-2652.22
740	0.380305	-2604.9
741	0.387206	-2687.67
742	0.382109	-2621.74
743	0.385905	-2693.47
744	0.389453	-2760.8
745	0.387249	-2691.58
746	0.383967	-2686.35
747	0.391023	-2751.05
748	0.387139	-2684.77
749	0.379813	-2613.61
750	0.39057	-2737.99
751	0.385021	-2644.88
752	0.380855	-2608.38
753	0.39158	-2738.14
754	0.386549	-2718.81
755	0.384939	-2689.68
756	0.382737	-2617.76
757	0.387484	-2652.6
758	0.388378	-2738.71
759	0.382179	-2676.33
760	0.392251	-2745.24
761	0.39104	-2761.89
762	0.390521	-2756.13
763	0.391494	-2787.65
764	0.395406	-2809.63
765	0.388515	-2687.27
766	0.388555	-2708.51
767	0.389231	-2710.27
768	0.385608	-2685.68
769	0.390892	-2762.31
770	0.3892	-2722.72
771	0.391231	-2773.66
772	0.385131	-2649.76
773	0.377119	-2541.67
774	0.386398	-2706.69
775	0.391219	-2741.37
776	0.389368	-2758.41
777	0.395132	-2773.63
778	0.387595	-2686
779	0.382774	-2621.06
780	0.384297	-2664.18
781	0.387602	-2662.18
782	0.385287	-2659.98
783	0.398062	-2820.68
784	0.384954	-2657.05
785	0.381134	-2683.03
786	0.386021	-2693.47
787	0.386686	-2714.32
788	0.38749	-2723.21
789	0.381058	-2611.96
790	0.385405	-2643.59
791	0.386124	-2701.37
792	0.395719	-2792.68
793	0.381304	-2607.89
794	0.389586	-2680.26
795	0.388111	-2683.3
796	0.382652	-2674.45
797	0.392627	-2796.82
798	0.381106	-2639.54
799	0.388026	-2700.29
800	0.388723	-2766.66
801	0.391996	-2775.47
802	0.381829	-2609.03
803	0.385633	-2677.8
804	0.382313	-2613.78
805	0.379844	-2620.9
806	0.395909	-2808.37
807	0.38377	-2658.38
808	0.38187	-2613.8
809	0.381122	-2624.38
810	0.399761	-2884.98
811	0.386951	-2684.82
812	0.393701	-2736.92
813	0.383736	-2648.16
814	0.38426	-2668.31
815	0.382521	-2672.64
816	0.384884	-2633.36
817	0.392766	-2760.78
818	0.387569	-2717.19
819	0.380581	-2575.41
820	0.386126	-2614.27
821	0.385372	-2671.73
822	0.382066	-2588.03
823	0.393709	-2745.99
824	0.398556	-2889.55
825	0.380438	-2618
826	0.394997	-2821.89
827	0.384076	-2687.37
828	0.381302	-2615.65
829	0.376982	-2554.97
830	0.388544	-2774.96
831	0.382457	-2630.32
832	0.37925	-2597.23
833	0.385183	-2653.17
834	0.390776	-2762.07
835	0.389827	-2725.89
836	0.387314	-2715.94
837	0.382944	-2631.88
838	0.390275	-2736.45
839	0.389082	-2745.82
840	0.379331	-2546.45
841	0.386	-2645.3
842	0.387173	-2735.69
843	0.3855	-2656.38
844	0.387617	-2691.88
845	0.392963	-2769.36
846	0.384433	-2686.23
847	0.388116	-2716.17
848	0.381914	-2635.49
849	0.392313	-2773.14
850	0.386963	-2700.28
851	0.393181	-2758.7
852	0.388273	-2722.26
853	0.38987	-2745.18
854	0.392452	-2719.73
855	0.386119	-2717.3
856	0.389032	-2719.1
857	0.386612	-2708.87
858	0.39431	-2765.89
859	0.380594	-2587.48
860	0.379175	-2552.61
861	0.388087	-2715.77
862	0.391661	-2794.28
863	0.382836	-2646.8
864	0.387544	-2686.85
865	0.380706	-2569.26
866	0.385126	-2660.97
867	0.390347	-2716.16
868	0.392581	-2765.7
869	0.38927	-2732.97
870	0.385333	-2656.01
871	0.396546	-2818.48
872	0.380704	-2615.05
873	0.388813	-2723.6
874	0.3858	-2679.73
875	0.390795	-2699.78
876	0.388045	-2653.01
877	0.383777	-2653.29
878	0.388785	-2696.91
879	0.391951	-2772.03
880	0.382813	-2611.91
881	0.378883	-2579.9
882	0.385707	-2687.75
883	0.389572	-2721.82
884	0.397952	-2833.74
885	0.390396	-2749.61
886	0.378532	-2572.16
887	0.386273	-2661.62
888	0.384817	-2607.89
889	0.386623	-2656.72
890	0.384432	-2640.83
891	0.380322	-2614.55
892	0.392638	-2769.44
893	0.379061	-2553.52
894	0.38871	-2689.61
895	0.390575	-2762.43
896	0.387111	-2679.28
897	0.388858	-2732.66
898	0.398001	-2847.78
899	0.385962	-2669.31
900	0.379427	-2557.31
901	0.382264	-2641.37
902	0.38488	-2695.39
903	0.383858	-2654.56
904	0.381786	-2592.8
905	0.39211	-2756.94
906	0.386226	-2695.65
907	0.38363	-2655.82
908	0.390437	-2706.27
909	0.385675	-2691.51
910	0.371976	-2473.56
911	0.386995	-2693.88
912	0.381394	-2623.95
913	0.384715	-2693.16
914	0.392032	-2789.06
915	0.389181	-2750.86
916	0.389741	-2671.32
917	0.384328	-2635.45
918	0.390556	-2770.68
919	0.384282	-2691.12
920	0.386963	-2701.87
921	0.388589	-2700.36
922	0.39499	-2814.53
923	0.383934	-2627.3
924	0.379805	-2593.64
925	0.391752	-2816.58
926	0.38328	-2601.72
927	0.38824	-2713.48
928	0.395338	-2802.87
929	0.390729	-2694.46
930	0.382128	-2606.23
931	0.385699	-2712.6
932	0.39377	-2795.9
933	0.388768	-2713.82
934	0.389694	-2730.72
935	0.388944	-2732.58
936	0.394994	-2808.68
937	0.383843	-2655.28
938	0.378211	-2575.85
939	0.39588	-2840.1
940	0.385051	-2667.13
941	0.379449	-2614.69
942	0.391077	-2771.42
943	0.390968	-2763.49
944	0.390441	-2714.19
945	0.382898	-2646.46
946	0.386962	-2722.07
947	0.383536	-2661.23
948	0.381553	-2617.6
949	0.389022	-2735.15
950	0.383368	-2640.41
951	0.392825	-2790.08
952	0.396667	-2788.48
953	0.389947	-2741.76
954	0.380436	-2604.46
955	0.389231	-2738.98
956	0.389088	-2693.36
957	0.398338	-2832.41
958	0.383729	-2629.48
959	0.384056	-2641.62
960	0.38734	-2695.37
961	0.389718	-2733.76
962	0.38912	-2706.39
963	0.385065	-2671.99
964	0.384839	-2679.53
965	0.385475	-2679.35
966	0.384794	-2687.15
967	0.391361	-2766.96
968	0.381755	-2629.82
969	0.385795	-2665.82
970	0.387482	-2699.27
971	0.386264	-2660.11
972	0.388249	-2675.15
973	0.380455	-2626.92
974	0.397593	-2851.72
975	0.379716	-2655.82
976	0.381787	-2583.37
977	0.387104	-2676.84
978	0.387953	-2695.1
979	0.388492	-2733.58
980	0.389375	-2701.16
981	0.391944	-2761.92
982	0.382486	-2659.96
983	0.39491	-2770.84
984	0.387481	-2672.19
985	0.395665	-2827.71
986	0.389559	-2754.61
987	0.393302	-2749.43
988	0.39505	-2789.92
989	0.387232	-2710.38
990	0.387619	-2687.22
991	0.388879	-2714.65
992	0.379637	-2569.71
993	0.388213	-2688.33
994	0.394301	-2766.94
995	0.393027	-2746.71
996	0.389897	-2728.74
997	0.383764	-2686.87
998	0.391524	-2783.62
999	0.385859	-2697.71
1000	0.393308	-2805.32
1001	0.394606	-2816.83
1002	0.386831	-2717.36
1003	0.381724	-2595.61
1004	0.396253	-2814.84
1005	0.392522	-2733.93
1006	0.391926	-2712.13
1007	0.384396	-2649.52
1008	0.38489	-2669.38
1009	0.380375	-2582.95
1010	0.383649	-2644.72
1011	0.381766	-2678.4
1012	0.387504	-2706.38
1013	0.387981	-2737.3
1014	0.384488	-2698.98
1015	0.38885	-2723.07
1016	0.3813	-2607.51
1017	0.391917	-2744.99
1018	0.382883	-2663.83
1019	0.39357	-2777.4
1020	0.384529	-2660.89
1021	0.379888	-2592.52
1022	0.37637	-2526.78
1023	0.381571	-2609.44
1024	0.39411	-2783.11
1025	0.388522	-2675.66
1026	0.391152	-2734.33
1027	0.385332	-2619.81
1028	0.386825	-2684.52
1029	0.38786	-2720.79
1030	0.390076	-2685.98
1031	0.386804	-2693.62
1032	0.383902	-2674.05
1033	0.386337	-2724.76
1034	0.380075	-2607.77
1035	0.38134	-2598.98
1036	0.392363	-2751.54
1037	0.386487	-2652.61
1038	0.389838	-2722.65
1039	0.394709	-2817.47
1040	0.384009	-2612.42
1041	0.389814	-2705.21
1042	0.390061	-2726.99
1043	0.396022	-2822.88
1044	0.391225	-2770.61
1045	0.382263	-2650.76
1046	0.388336	-2676.17
1047	0.376853	-2594.57
1048	0.386371	-2675.1
1049	0.387592	-2730.15
1050	0.383577	-2647.87
1051	0.382234	-2625.93
1052	0.391481	-2738.77
1053	0.379208	-2584.78
1054	0.380668	-2588.66
1055	0.383333	-2643.22
1056	0.384752	-2609.97
1057	0.378678	-2619.37
1058	0.387718	-2685.46
1059	0.389602	-2769.32
1060	0.387883	-2677.66
1061	0.383201	-2652.64
1062	0.389761	-2753.05
1063	0.382543	-2622.81
1064	0.375904	-2522.89
1065	0.389811	-2725.11
1066	0.385113	-2675.3
1067	0.384157	-2663.26
1068	0.39082	-2747.7
1069	0.386212	-2688.5
1070	0.383191	-2630.86
1071	0.390634	-2773.34
1072	0.389303	-2722.42
1073	0.383557	-2666.37
1074	0.386648	-2744.14
1075	0.386221	-2670.52
1076	0.3933	-2760.39
1077	0.381608	-2567.52
1078	0.38513	-2702.64
1079	0.395703	-2781.11
1080	0.391507	-2724.12
1081	0.392464	-2745.86
1082	0.38085	-2624.62
1083	0.388064	-2718.3
1084	0.384718	-2701.94
1085	0.38446	-2700.05
1086	0.387859	-2680.41
1087	0.38776	-2690.25
1088	0.387836	-2671.14
1089	0.385631	-2660.52
1090	0.390551	-2748.19
1091	0.3853	-2726.02
1092	0.3868	-2652.39
1093	0.390373	-2718.73
1094	0.390449	-2741.32
1095	0.388839	-2745.01
1096	0.393421	-2782.67
1097	0.39464	-2815.53
1098	0.395081	-2786.26
1099	0.37899	-2546.82
1100	0.395957	-2804.02
1101	0.380456	-2565.89
1102	0.379493	-2596.45
1103	0.381667	-2621.95
1104	0.386958	-2696.96
1105	0.386138	-2695.15
1106	0.380449	-2572.51
1107	0.382553	-2637.15
1108	0.384646	-2655.73
1109	0.387009	-2735.94
1110	0.387582	-2721.09
1111	0.382604	-2649.95
1112	0.388423	-2702.03
1113	0.393235	-2778.93
1114	0.382153	-2600.12
1115	0.39129	-2767.12
1116	0.386863	-2700.22
1117	0.390173	-2776.92
1118	0.381994	-2635.24
1119	0.386487	-2733.01
1120	0.385476	-2678.37
1121	0.384893	-2660.25
1122	0.381921	-2610.08
1123	0.384071	-2650.13
1124	0.385894	-2714.44
1125	0.388883	-2741.48
1126	0.382888	-2646.52
1127	0.384437	-2661.47
1128	0.382656	-2593.68
1129	0.384013	-2661.73
1130	0.383442	-2662.88
1131	0.38519	-2695.73
1132	0.389797	-2719.65
1133	0.388385	-2705.21
1134	0.379478	-2605.78
1135	0.386533	-2708.89
1136	0.379964	-2567.21
1137	0.390756	-2745.85
1138	0.385355	-2623.42
1139	0.393947	-2785.56
1140	0.393782	-2770.67
1141	0.389362	-2775.41
1142	0.3882	-2686.68
1143	0.391413	-2761.95
1144	0.378244	-2549.48
1145	0.38732	-2670.92
1146	0.385962	-2708.52
1147	0.386959	-2687.05
1148	0.389828	-2786.59
1149	0.387109	-2679.5
1150	0.391931	-2726.6
1151	0.391069	-2774.71
1152	0.379575	-2587.04
1153	0.384646	-2686.08
1154	0.391769	-2802.71
1155	0.379577	-2603.85
1156	0.384547	-2609.28
1157	0.378706	-2562.31
1158	0.388036	-2700.25
1159	0.390229	-2749.01
1160	0.379624	-2605.48
1161	0.382194	-2626.26
1162	0.383524	-2641.53
1163	0.384203	-2655.88
1164	0.390493	-2726.85
1165	0.384532	-2634.58
1166	0.396324	-2792.79
1167	0.394035	-2775.58
1168	0.387093	-2712.26
1169	0.378778	-2543.58
1170	0.394824	-2742.07
1171	0.390486	-2764.6
1172	0.383125	-2594.74
1173	0.39126	-2735.31
1174	0.382285	-2631.88
1175	0.384571	-2671.4
1176	0.392985	-2778.07
1177	0.39013	-2713.37
1178	0.382152	-2638.39
1179	0.38174	-2597.61
1180	0.390455	-2699.69
1181	0.381047	-2642.22
1182	0.383027	-2607.78
1183	0.389095	-2729.28
1184	0.390771	-2761.39
1185	0.389199	-2740.15
1186	0.387906	-2677.5
1187	0.382284	-2602.87
1188	0.385469	-2690.59
1189	0.38718	-2711.34
1190	0.37958	-2615.49
1191	0.387151	-2719.08
1192	0.384551	-2621.06
1193	0.381077	-2618.43
1194	0.39165	-2766.93
1195	0.382619	-2610.81
1196	0.390201	-2731.27
1197	0.38227	-2628.81
1198	0.382476	-2637.22
1199	0.385918	-2667.82
1200	0.383351	-2637.82
1201	0.377901	-2557.17
1202	0.392321	-2794.4
1203	0.383688	-2635.87
1204	0.394268	-2820.56
1205	0.38228	-2643.98
1206	0.388368	-2729.29
1207	0.38947	-2699.05
1208	0.393442	-2778.65
1209	0.385949	-2724.54
1210	0.391802	-2746.73
1211	0.378756	-2592.41
1212	0.393042	-2768.25
1213	0.392646	-2758.16
1214	0.385007	-2652.5
1215	0.384715	-2651.15
1216	0.398402	-2831.28
1217	0.386519	-2706.01
1218	0.390626	-2716.91
1219	0.38456	-2675.77
1220	0.389883	-2773.75
1221	0.385784	-2630.22
1222	0.39109	-2766.49
1223	0.38636	-2700.47
1224	0.389756	-2727.57
1225	0.383755	-2618.15
1226	0.38554	-2682.82
1227	0.389122	-2756.71
1228	0.39222	-2783.51
1229	0.37751	-2505.6
1230	0.395345	-2806.85
1231	0.38959	-2724.34
1232	0.38953	-2705.44
1233	0.381445	-2608.08
1234	0.384495	-2672.3
1235	0.380926	-2619.51
1236	0.380902	-2636.86
1237	0.382719	-2633.32
1238	0.389502	-2688.02
1239	0.396499	-2807.16
1240	0.386927	-2709.75
1241	0.389825	-2747.46
1242	0.384603	-2645.97
1243	0.377483	-2531.68
1244	0.381996	-2639.23
1245	0.384139	-2626.04
1246	0.384566	-2701.43
1247	0.38481	-2669.23
1248	0.387435	-2701.13
1249	0.390822	-2734.43
1250	0.387714	-2700.61
1251	0.383024	-2640.4
1252	0.38807	-2667.68
1253	0.382171	-2616.21
1254	0.386549	-2666.91
1255	0.390631	-2737.19
1256	0.400046	-2908.66
1257	0.390681	-2722.18
1258	0.388378	-2728.52
1259	0.390269	-2738.04
1260	0.385723	-2657.53
1261	0.383428	-2638.28
1262	0.391407	-2791.98
1263	0.383244	-2690.71
1264	0.379425	-2573.25
1265	0.382015	-2631.53
1266	0.388851	-2710.65
1267	0.386685	-2667.36
1268	0.383009	-2655.56
1269	0.38901	-2716.57
1270	0.380753	-2559.03
1271	0.387488	-2695.67
1272	0.385586	-2654.48
1273	0.392098	-2724.06
1274	0.391739	-2788.21
1275	0.391767	-2768.62
1276	0.391578	-2774.7
1277	0.377772	-2530.01
1278	0.391744	-2747.32
1279	0.386364	-2711.58
1280	0.393829	-2795.06
1281	0.392924	-2753.9
1282	0.381318	-2650.84
1283	0.397083	-2794.69
1284	0.383376	-2631.17
1285	0.390772	-2724.73
1286	0.390796	-2755.78
1287	0.394497	-2774.58
1288	0.383363	-2653.96
1289	0.38207	-2684.9
1290	0.386173	-2697.37
1291	0.394629	-2782.9
1292	0.387838	-2712.74
1293	0.386748	-2699.37
1294	0.389831	-2773.09
1295	0.385818	-2633.53
1296	0.379659	-2645.73
1297	0.378545	-2578.56
1298	0.384214	-2615.21
1299	0.385025	-2665.38
1300	0.387551	-2671.76
1301	0.388598	-2689.71
1302	0.382202	-2658.86
1303	0.383852	-2709.41
1304	0.389495	-2692.85
1305	0.385794	-2616.11
1306	0.394873	-2797.46
1307	0.386803	-2670.11
1308	0.386616	-2690.37
1309	0.37816	-2573.4
1310	0.383708	-2689.2
1311	0.393654	-2767.17
1312	0.389954	-2710.01
1313	0.389638	-2718.32
1314	0.381301	-2626.18
1315	0.389456	-2759.88
1316	0.392281	-2773.76
1317	0.384706	-2640.2
1318	0.388062	-2728.4
1319	0.385049	-2675.74
1320	0.390009	-2728.83
1321	0.388827	-2683.5
1322	0.389222	-2697.46
1323	0.386844	-2663.84
1324	0.388129	-2713.83
1325	0.387158	-2706.79
1326	0.383368	-2640.78
1327	0.38701	-2724.44
1328	0.381348	-2619.27
1329	0.391638	-2761.8
1330	0.387011	-2675.8
1331	0.396019	-2808.83
1332	0.388152	-2745.83
1333	0.389127	-2713.24
1334	0.384815	-2687.49
1335	0.3853	-2689.9
1336	0.379925	-2584.27
1337	0.388141	-2739.32
1338	0.382574	-2663.24
1339	0.392388	-2759.83
1340	0.389795	-2705.28
1341	0.389304	-2720.81
1342	0.388218	-2711.99
1343	0.384858	-2690.1
1344	0.385657	-2670.08
1345	0.384583	-2652.72
1346	0.392505	-2754
1347	0.388144	-2711.4
1348	0.397231	-2791.03
1349	0.38828	-2705.81
1350	0.389441	-2709.55
1351	0.381232	-2645.5
1352	0.398155	-2832.25
1353	0.390356	-2791.5
1354	0.389211	-2727.84
1355	0.389206	-2725.6
1356	0.386	-2670.56
1357	0.393027	-2776.65
1358	0.385385	-2666.9
1359	0.379776	-2567.99
1360	0.394256	-2822.08
1361	0.376937	-2562.36
1362	0.381596	-2662.78
1363	0.391426	-2766.01
1364	0.384727	-2670.22
1365	0.381218	-2631.24
1366	0.392425	-2778.09
1367	0.384104	-2662.47
1368	0.395261	-2828.15
1369	0.379192	-2611.74
1370	0.383532	-2640.08
1371	0.386111	-2659
1372	0.37942	-2586.74
1373	0.384711	-2685.17
1374	0.382982	-2592.77
1375	0.381265	-2605.95
1376	0.382486	-2617.82
1377	0.388352	-2666.21
1378	0.392339	-2775.47
1379	0.38942	-2739.9
1380	0.384535	-2658.5
1381	0.387984	-2708.22
1382	0.388575	-2719.88
1383	0.38325	-2599.89
1384	0.386437	-2735.88
1385	0.394747	-2853.26
1386	0.380253	-2572.23
1387	0.375577	-2548.62
1388	0.395245	-2790.76
1389	0.389163	-2686.12
1390	0.389918	-2746.11
1391	0.379695	-2597.97
1392	0.37918	-2575.3
1393	0.38479	-2648.8
1394	0.387632	-2737.59
1395	0.388904	-2726.28
1396	0.384863	-2657.01
1397	0.385716	-2670.4
1398	0.391857	-2718.9
1399	0.38441	-2649.09
1400	0.382486	-2654.26
1401	0.39101	-2794.16
1402	0.389205	-2694.95
1403	0.384894	-2653.49
1404	0.394852	-2800.17
1405	0.389371	-2722.19
1406	0.38984	-2712.69
1407	0.388111	-2722.2
1408	0.390672	-2771.04
1409	0.385559	-2639.72
1410	0.387254	-2708.16
1411	0.397116	-2828.68
1412	0.385607	-2670.44
1413	0.388887	-2745.87
1414	0.386738	-2714.45
1415	0.385676	-2650.55
1416	0.382814	-2672.38
1417	0.3936	-2747.03
1418	0.387516	-2679.86
1419	0.389641	-2712.08
1420	0.388488	-2695.81
1421	0.385834	-2696.02
1422	0.396367	-2846.65
1423	0.37852	-2559.65
1424	0.383937	-2687.72
1425	0.380503	-2595.46
1426	0.38828	-2745.81
1427	0.377265	-2556.03
1428	0.386392	-2697.8
1429	0.397851	-2865.72
1430	0.388221	-2724.88
1431	0.392976	-2740.78
1432	0.391621	-2745.36
1433	0.38254	-2624.03
1434	0.393106	-2799.8
1435	0.387811	-2713.5
1436	0.388215	-2731.19
1437	0.386795	-2697.71
1438	0.400877	-2872.09
1439	0.392096	-2746.1
1440	0.384237	-2634.32
1441	0.380193	-2598.86
1442	0.390489	-2694.07
1443	0.390278	-2752.14
1444	0.383471	-2647.34
1445	0.380731	-2585.29
1446	0.392299	-2730.42
1447	0.38375	-2609.13
1448	0.395115	-2844.79
1449	0.382623	-2619.51
1450	0.389078	-2713.64
1451	0.387066	-2674.77
1452	0.395205	-2805.55
1453	0.384153	-2613.2
1454	0.381628	-2670.4
1455	0.381574	-2640.33
1456	0.393525	-2789.41
1457	0.390081	-2751.7
1458	0.383335	-2705.12
1459	0.389292	-2691.78
1460	0.389065	-2723.09
1461	0.385095	-2684.21
1462	0.39177	-2772.03
1463	0.388633	-2716.54
1464	0.38781	-2671.61
1465	0.383961	-2654.08
1466	0.389971	-2737.7
1467	0.378483	-2564.23
1468	0.388658	-2719.66
1469	0.385084	-2619.32
1470	0.380298	-2590.39
1471	0.383228	-2618.46
1472	0.385896	-2706.01
1473	0.390499	-2728.41
1474	0.390727	-2724.73
1475	0.387744	-2726.52
1476	0.383479	-2635.81
1477	0.386825	-2704.54
1478	0.385038	-2645.87
1479	0.385918	-2659.79
1480	0.387127	-2685.52
1481	0.388071	-2691.87
1482	0.388158	-2713.75
1483	0.385191	-2709.76
1484	0.397277	-2799.35
1485	0.392456	-2807.4
1486	0.394465	-2819.51
1487	0.385354	-2660.08
1488	0.382439	-2681.04
1489	0.39211	-2763.11
1490	0.383857	-2627.74
1491	0.395085	-2847.21
1492	0.386328	-2671.15
1493	0.390803	-2769.48
1494	0.395509	-2779.28
1495	0.390071	-2751.61
1496	0.387257	-2722.37
1497	0.391715	-2769.72
1498	0.380701	-2647.89
1499	0.385304	-2690.67
1500	0.388404	-2747.84
1501	0.385022	-2642.04
1502	0.389653	-2754.26
1503	0.396438	-2837.29
1504	0.389806	-2747.15
1505	0.381105	-2612.41
1506	0.389642	-2728.62
1507	0.393793	-2794.6
1508	0.388165	-2678.37
1509	0.389256	-2705.2
1510	0.384454	-2650.72
1511	0.392017	-2780.29
1512	0.3846	-2652.48
1513	0.394851	-2841.23
1514	0.386341	-2713.44
1515	0.381395	-2617.18
1516	0.381637	-2628.59
1517	0.383354	-2630.95
1518	0.390598	-2729.84
1519	0.382436	-2617.59
1520	0.391954	-2759.69
1521	0.383274	-2619.98
1522	0.395146	-2786.52
1523	0.39567	-2847.77
1524	0.383854	-2626.92
1525	0.392733	-2797.15
1526	0.387145	-2652.23
1527	0.389518	-2692.75
1528	0.390819	-2752.9
1529	0.382962	-2686.93
1530	0.390175	-2743.96
1531	0.395624	-2777.53
1532	0.378672	-2577.17
1533	0.385344	-2655.98
1534	0.381058	-2615.5
1535	0.391556	-2811.65
1536	0.389789	-2693.35
1537	0.383246	-2650.31
1538	0.397171	-2899.15
1539	0.390091	-2739.65
1540	0.390786	-2767.46
1541	0.381779	-2642.51
1542	0.391687	-2775.08
1543	0.387971	-2740.99
1544	0.388594	-2716.63
1545	0.390547	-2748.71
1546	0.383178	-2621.25
1547	0.383268	-2658.68
1548	0.388027	-2688.59
1549	0.391385	-2755.66
1550	0.378122	-2603.31
1551	0.388307	-2725.54
1552	0.396534	-2864.44
1553	0.379816	-2618.28
1554	0.377503	-2595.48
1555	0.389303	-2756.5
1556	0.386266	-2709.81
1557	0.397092	-2826.17
1558	0.384121	-2647.43
1559	0.386835	-2692.88
1560	0.377721	-2559.72
1561	0.392998	-2771.77
1562	0.388332	-2693.1
1563	0.380109	-2579.45
1564	0.387348	-2690.57
1565	0.384807	-2667.88
1566	0.380603	-2620.61
1567	0.385219	-2673.78
1568	0.386928	-2671.31
1569	0.386833	-2692.43
1570	0.388292	-2701.25
1571	0.392247	-2799.91
1572	0.386058	-2700.45
1573	0.392695	-2788.64
1574	0.389456	-2747.16
1575	0.385837	-2670.35
1576	0.386654	-2670.47
1577	0.389535	-2707.42
1578	0.394071	-2768.53
1579	0.389031	-2732.41
1580	0.387853	-2686.39
1581	0.387446	-2677.76
1582	0.389187	-2721.85
1583	0.387466	-2686.37
1584	0.389992	-2720.03
1585	0.382372	-2643.7
1586	0.398099	-2835.93
1587	0.385764	-2669.81
1588	0.393759	-2820.31
1589	0.394009	-2781.36
1590	0.389359	-2711.55
1591	0.378572	-2581.31
1592	0.383243	-2625.93
1593	0.391202	-2718.04
1594	0.384535	-2674.67
1595	0.389897	-2760.78
1596	0.380775	-2582.46
1597	0.388985	-2724.31
1598	0.378327	-2608.11
1599	0.385907	-2642.84
1600	0.396069	-2842.95
1601	0.388498	-2694.43
1602	0.385011	-2661.74
1603	0.387195	-2686.81
1604	0.386389	-2676.92
1605	0.393279	-2771.57
1606	0.385749	-2668.31
1607	0.391461	-2744.07
1608	0.389885	-2732.5
1609	0.391494	-2767.89
1610	0.386152	-2697.86
1611	0.39077	-2740.43
1612	0.389632	-2698.18
1613	0.390184	-2759.22
1614	0.385107	-2637.42
1615	0.397219	-2862
1616	0.382814	-2630.21
1617	0.383349	-2679.27
1618	0.38378	-2647.07
1619	0.395531	-2804.79
1620	0.391887	-2807.46
1621	0.38445	-2626.26
1622	0.393357	-2778.63
1623	0.383159	-2649.76
1624	0.39026	-2697.87
1625	0.383581	-2670.71
1626	0.397212	-2834.45
1627	0.387841	-2702.45
1628	0.379512	-2585.11
1629	0.377723	-2521.78
1630	0.389824	-2730.75
1631	0.380811	-2615.14
1632	0.382051	-2675.12
1633	0.387552	-2763.43
1634	0.391083	-2714.28
1635	0.391457	-2751.86
1636	0.381744	-2608.47
1637	0.384057	-2657.91
1638	0.384672	-2657.68
1639	0.389278	-2704.87
1640	0.39173	-2770.24
1641	0.397387	-2807.17
1642	0.393177	-2812.77
1643	0.389402	-2695.52
1644	0.386223	-2705.63
1645	0.392616	-2749.58
1646	0.391228	-2713.39
1647	0.402063	-2907.64
1648	0.396124	-2862.51
1649	0.390232	-2750.23
1650	0.383299	-2649.84
1651	0.381718	-2599.77
1652	0.390087	-2737.37
1653	0.382166	-2647.57
1654	0.389822	-2729.82
1655	0.390155	-2759.95
1656	0.389024	-2760.63
1657	0.387722	-2680.88
1658	0.393264	-2807.9
1659	0.385213	-2655.36
1660	0.381372	-2635.13
1661	0.389624	-2709.16
1662	0.394233	-2795.54
1663	0.387396	-2654.83
1664	0.387447	-2677.42
1665	0.393503	-2774.36
1666	0.380996	-2626.15
1667	0.38469	-2635.05
1668	0.387007	-2688.83
1669	0.384307	-2641.8
1670	0.389284	-2712.73
1671	0.387195	-2692.96
1672	0.38707	-2690.68
1673	0.392911	-2764.77
1674	0.383089	-2645.25
1675	0.37493	-2487.29
1676	0.381548	-2597.69
1677	0.388442	-2707.38
1678	0.388729	-2662.4
1679	0.379605	-2577.08
1680	0.392151	-2772.19
1681	0.387482	-2673.37
1682	0.380524	-2592.39
1683	0.394561	-2842.64
1684	0.386225	-2648.93
1685	0.385218	-2674.27
1686	0.38293	-2658.54
1687	0.381187	-2631.58
1688	0.385128	-2684.66
1689	0.384284	-2704.11
1690	0.381535	-2589.05
1691	0.391971	-2724.66
1692	0.382236	-2679.15
1693	0.382118	-2637.77
1694	0.386039	-2685.41
1695	0.385585	-2678.12
1696	0.381483	-2595.17
1697	0.390196	-2754.84
1698	0.393418	-2772.89
1699	0.378254	-2523.26
1700	0.38982	-2731.06
1701	0.381064	-2609.17
1702	0.384092	-2635.37
1703	0.389165	-2738.1
1704	0.385422	-2683.84
1705	0.391804	-2749.51
1706	0.386873	-2677.03
1707	0.388092	-2668.99
1708	0.387844	-2703.03
1709	0.389251	-2709.95
1710	0.389781	-2742.16
1711	0.395118	-2811.57
1712	0.382705	-2628.96
1713	0.383416	-2656.12
1714	0.38459	-2654.99
1715	0.389702	-2732.64
1716	0.389917	-2725.01
1717	0.383964	-2637
1718	0.391375	-2728.2
1719	0.394844	-2794.22
1720	0.376286	-2526.56
1721	0.379372	-2584.09
1722	0.395647	-2804.69
1723	0.389903	-2741.79
1724	0.38781	-2725.52
1725	0.389427	-2757.42
1726	0.391926	-2758.97
1727	0.392963	-2750.23
1728	0.386773	-2672.46
1729	0.388884	-2692.97
1730	0.390184	-2743.01
1731	0.386045	-2710.55
1732	0.382672	-2655.78
1733	0.390855	-2758.81
1734	0.394501	-2811.07
1735	0.385637	-2687.33
1736	0.392304	-2743.45
1737	0.389365	-2696.18
1738	0.382451	-2628.58
1739	0.383585	-2688.07
1740	0.384091	-2643.05
1741	0.384817	-2615.24
1742	0.382693	-2669.4
1743	0.387857	-2703.51
1744	0.395388	-2821.63
1745	0.385605	-2670.93
1746	0.387015	-2665.82
1747	0.386509	-2686.8
1748	0.382305	-2676.19
1749	0.391072	-2744.75
1750	0.385063	-2625.43
1751	0.384082	-2640.97
1752	0.391053	-2790.03
1753	0.383627	-2684.49
1754	0.390065	-2703.41
1755	0.377919	-2530.3
1756	0.375047	-2522.06
1757	0.39392	-2798.54
1758	0.38739	-2678.48
1759	0.391204	-2753.17
1760	0.38557	-2672.79
1761	0.385355	-2671.49
1762	0.388392	-2677.26
1763	0.386948	-2673.93
1764	0.384451	-2650.83
1765	0.386989	-2703.48
1766	0.383936	-2648.59
1767	0.38849	-2702.09
1768	0.382421	-2619.83
1769	0.38681	-2642.31
1770	0.381334	-2627.32
1771	0.372912	-2488.26
1772	0.383329	-2615.16
1773	0.383668	-2629.84
1774	0.386991	-2733.19
1775	0.390565	-2737.37
1776	0.391841	-2710.22
1777	0.381918	-2593.13
1778	0.389871	-2740.7
1779	0.383198	-2684.94
1780	0.3795	-2615.9
1781	0.375519	-2542.11
1782	0.389791	-2731.42
1783	0.385666	-2672.42
1784	0.396665	-2850.67
1785	0.381073	-2612.2
1786	0.385195	-2673.99
1787	0.391223	-2745.19
1788	0.393201	-2773.82
1789	0.393279	-2788.61
1790	0.385829	-2646.28
1791	0.386551	-2696.87
1792	0.388249	-2725.68
1793	0.388954	-2682.56
1794	0.388709	-2717.69
1795	0.381189	-2590.87
1796	0.390535	-2732.48
1797	0.39543	-2808.37
1798	0.391138	-2707.2
1799	0.382145	-2585.93
1800	0.38439	-2640.87
1801	0.391905	-2777.91
1802	0.385904	-2669.78
1803	0.392128	-2761.53
1804	0.388859	-2739.57
1805	0.383397	-2662.17
1806	0.385578	-2683.64
1807	0.385367	-2663.79
1808	0.393332	-2750.32
1809	0.38913	-2708.69
1810	0.387062	-2689.74
1811	0.382739	-2615.67
1812	0.380015	-2602.06
1813	0.388006	-2711.85
1814	0.392136	-2791.5
1815	0.386715	-2647.34
1816	0.392784	-2764.05
1817	0.392541	-2818.14
1818	0.389192	-2707.04
1819	0.390694	-2723.09
1820	0.392177	-2736.06
1821	0.386949	-2707.03
1822	0.380541	-2608.86
1823	0.39207	-2796.45
1824	0.386749	-2717.3
1825	0.387018	-2680.6
1826	0.391096	-2740.18
1827	0.3916	-2723.48
1828	0.384485	-2624.59
1829	0.391981	-2788.02
1830	0.383903	-2649.3
1831	0.373798	-2519.45
1832	0.395043	-2771.95
1833	0.384048	-2651.59
1834	0.392977	-2743.85
1835	0.395906	-2847.39
1836	0.39582	-2840.6
1837	0.384698	-2696.5
1838	0.388061	-2698.95
1839	0.383336	-2639.67
1840	0.392298	-2758.36
1841	0.384851	-2665.1
1842	0.392864	-2746.12
1843	0.389528	-2718.63
1844	0.393486	-2783.26
1845	0.382775	-2611.51
1846	0.389398	-2693.67
1847	0.389202	-2697.1
1848	0.395248	-2785.01
1849	0.391968	-2818.62
1850	0.385579	-2636.69
1851	0.387403	-2690.81
1852	0.394757	-2832.77
1853	0.388546	-2703.98
1854	0.395191	-2815.47
1855	0.385313	-2665.87
1856	0.380589	-2597.32
1857	0.387652	-2708.42
1858	0.392862	-2799.34
1859	0.388941	-2718
1860	0.384712	-2677.63
1861	0.383763	-2660.67
1862	0.387388	-2680.17
1863	0.384519	-2647
1864	0.379051	-2554.47
1865	0.386349	-2688.08
1866	0.386897	-2670.12
1867	0.38164	-2669.42
1868	0.387495	-2672.4
1869	0.392761	-2751.01
1870	0.384062	-2670.39
1871	0.386677	-2687.12
1872	0.388154	-2696.18
1873	0.387184	-2707.55
1874	0.390772	-2766.54
1875	0.388437	-2689.03
1876	0.377067	-2562.66
1877	0.388347	-2699.05
1878	0.390937	-2750.97
1879	0.389553	-2786.26
1880	0.380079	-2603.31
1881	0.389759	-2750.9
1882	0.385081	-2672.34
1883	0.378108	-2532.56
1884	0.393922	-2783.84
1885	0.390949	-2711.96
1886	0.386782	-2691.28
1887	0.383631	-2633.66
1888	0.389115	-2701.93
1889	0.388661	-2686.48
1890	0.386335	-2705
1891	0.387317	-2729.3
1892	0.392034	-2788.67
1893	0.38958	-2763.7
1894	0.389781	-2754.12
1895	0.391448	-2731.42
1896	0.377647	-2571.1
1897	0.38458	-2637.12
1898	0.385738	-2666.32
1899	0.391842	-2757.75
1900	0.383518	-2632.62
1901	0.397783	-2870.47
1902	0.393838	-2739.78
1903	0.391682	-2762.76
1904	0.392078	-2820.9
1905	0.392792	-2742.07
1906	0.38589	-2632.85
1907	0.388061	-2639.5
1908	0.394233	-2790.15
1909	0.386896	-2742.99
1910	0.386207	-2667.27
1911	0.385273	-2643.61
1912	0.392001	-2786.77
1913	0.390991	-2775.29
1914	0.382684	-2578.68
1915	0.386918	-2677.62
1916	0.390893	-2767.59
1917	0.38474	-2669.07
1918	0.386739	-2656.25
1919	0.383625	-2622.52
1920	0.383568	-2617.08
1921	0.381709	-2616.67
1922	0.390609	-2735.19
1923	0.382809	-2612.46
1924	0.387184	-2634.49
1925	0.389306	-2706.56
1926	0.380761	-2570.8
1927	0.383246	-2614.44
1928	0.390234	-2744.17
1929	0.393028	-2774.74
1930	0.388416	-2685.5
1931	0.391843	-2783.66
1932	0.380801	-2574.05
1933	0.388211	-2746.22
1934	0.383419	-2613.01
1935	0.39128	-2754.38
1936	0.389917	-2747.7
1937	0.384566	-2648.31
1938	0.386171	-2674.48
1939	0.387432	-2730.19
1940	0.397183	-2780.13
1941	0.387446	-2667.43
1942	0.382876	-2636.23
1943	0.3874	-2672.61
1944	0.380044	-2623.07
1945	0.393488	-2758.65
1946	0.386734	-2674.37
1947	0.392113	-2754.59
1948	0.392906	-2764.12
1949	0.388671	-2704.55
1950	0.394368	-2819.52
1951	0.381172	-2626.37
1952	0.395307	-2769.96
1953	0.386677	-2699.65
1954	0.379485	-2583.5
1955	0.394887	-2818.72
1956	0.389252	-2775.79
1957	0.384575	-2658.34
1958	0.383661	-2619.93
1959	0.387614	-2716.59
1960	0.386852	-2630.68
1961	0.387148	-2699.54
1962	0.396278	-2819.3
1963	0.384875	-2605.85
1964	0.389411	-2690.82
1965	0.383028	-2615.36
1966	0.386424	-2675.61
1967	0.388793	-2733.23
1968	0.382324	-2608.41
1969	0.380907	-2606.15
1970	0.39534	-2825.3
1971	0.390542	-2733.38
1972	0.384002	-2640.2
1973	0.386088	-2697.57
1974	0.381759	-2611.1
1975	0.385223	-2644.44
1976	0.388245	-2768.04
1977	0.383354	-2587.57
1978	0.391389	-2752.92
1979	0.382387	-2632.07
1980	0.383173	-2662.45
1981	0.389696	-2721.83
1982	0.381692	-2678.09
1983	0.383595	-2654.43
1984	0.391795	-2776.24
1985	0.391923	-2754.38
1986	0.390204	-2759.53
1987	0.386671	-2687.95
1988	0.389901	-2783.37
1989	0.387684	-2711.47
1990	0.392764	-2809.85
1991	0.3901	-2723.97
1992	0.38258	-2610.97
1993	0.391399	-2760.43
1994	0.374632	-2517.25
1995	0.382698	-2572.5
1996	0.3876	-2690.91
1997	0.390304	-2755.61
1998	0.398704	-2872.55
1999	0.386448	-2703.35
2000	0.383909	-2665.99
2001	0.390087	-2757.97
2002	0.386651	-2661.55
2003	0.379474	-2559.17
2004	0.387723	-2731.2
2005	0.380985	-2639.57
2006	0.380368	-2585.9
2007	0.377804	-2619.11
2008	0.391011	-2785.6
2009	0.389657	-2730.82
2010	0.387132	-2650.39
2011	0.385607	-2654.51
2012	0.390749	-2718.05
2013	0.387277	-2680.28
2014	0.389235	-2723.61
2015	0.381767	-2636.81
2016	0.385137	-2699.59
2017	0.380508	-2650.18
2018	0.385827	-2691.7
2019	0.391477	-2756.18
2020	0.393973	-2766.83
2021	0.386575	-2686.66
2022	0.390282	-2709.66
2023	0.382442	-2631.41
2024	0.392146	-2739.09
2025	0.384879	-2633.8
2026	0.382562	-2641.69
2027	0.381856	-2636.53
2028	0.391618	-2763.5
2029	0.389762	-2684.61
2030	0.390521	-2714.31
2031	0.386704	-2669.05
2032	0.393197	-2753.11
2033	0.381477	-2644.88
2034	0.382526	-2627.53
2035	0.383031	-2614.76
2036	0.385289	-2673.61
2037	0.382985	-2645.48
2038	0.38619	-2696.27
2039	0.3898	-2738.42
2040	0.381166	-2601.34
2041	0.385884	-2710.98
2042	0.384099	-2626.22
2043	0.388044	-2667.29
2044	0.393389	-2787.1
2045	0.386453	-2660.03
2046	0.393158	-2776.51
2047	0.387674	-2703.31
2048	0.385048	-2709.5
2049	0.380741	-2603.31
2050	0.380113	-2594.43
2051	0.38987	-2776.96
2052	0.394942	-2792.41
2053	0.390981	-2777.69
2054	0.384443	-2693.14
2055	0.393058	-2779.03
2056	0.381743	-2576.15
2057	0.38652	-2667.83
2058	0.395097	-2764.94
2059	0.387782	-2709.64
2060	0.387041	-2674.34
2061	0.382849	-2642.86
2062	0.385041	-2689.74
2063	0.381185	-2592.35
2064	0.388508	-2705.5
2065	0.377598	-2571.34
2066	0.394587	-2767.94
2067	0.385827	-2711.29
2068	0.390863	-2754.45
2069	0.395238	-2826.26
2070	0.391557	-2829.58
2071	0.390492	-2783.37
2072	0.385876	-2642.03
2073	0.387447	-2739.8
2074	0.382119	-2666.31
2075	0.393342	-2782.82
2076	0.388334	-2709.01
2077	0.38717	-2743.23
2078	0.38852	-2736.41
2079	0.387003	-2706.22
2080	0.38849	-2745.75
2081	0.384442	-2667.01
2082	0.389417	-2738.47
2083	0.391209	-2729.88
2084	0.384106	-2637.93
2085	0.394637	-2803.52
2086	0.386934	-2736.06
2087	0.389649	-2741.24
2088	0.392911	-2831.22
2089	0.385264	-2662.42
2090	0.384996	-2682.32
2091	0.394024	-2809.44
2092	0.388487	-2738.21
2093	0.386229	-2670.82
2094	0.388664	-2726.31
2095	0.39313	-2773.6
2096	0.393342	-2800.44
2097	0.378156	-2564.37
2098	0.38655	-2687.49
2099	0.391729	-2772.5
2100	0.392648	-2747.66
2101	0.376714	-2564.53
2102	0.379429	-2570.33
2103	0.392303	-2734.68
2104	0.379112	-2582.01
2105	0.392124	-2781.94
2106	0.395202	-2843.83
2107	0.386734	-2730.59
2108	0.394288	-2790.19
2109	0.386279	-2669.18
2110	0.386244	-2711.89
2111	0.382185	-2606.74
2112	0.386169	-2645.1
2113	0.383795	-2620.14
2114	0.387992	-2682.94
2115	0.38725	-2686.76
2116	0.388846	-2747.15
2117	0.385597	-2673.66
2118	0.392687	-2767.89
2119	0.384981	-2670.39
2120	0.390883	-2749.28
2121	0.384148	-2649.07
2122	0.376714	-2507.22
2123	0.386085	-2652.24
2124	0.388849	-2764.47
2125	0.382798	-2631.03
2126	0.38889	-2740.17
2127	0.391018	-2767.33
2128	0.393346	-2750.33
2129	0.38283	-2682.83
2130	0.389444	-2759.61
2131	0.391266	-2754.21
2132	0.39119	-2768.62
2133	0.383389	-2648.87
2134	0.383966	-2673.61
2135	0.386675	-2670.08
2136	0.381556	-2650.25
2137	0.383375	-2600.86
2138	0.385478	-2720.17
2139	0.392323	-2716.42
2140	0.381977	-2618.54
2141	0.388875	-2712.63
2142	0.382913	-2638.37
2143	0.390571	-2736.18
2144	0.386596	-2698.93
2145	0.391392	-2730.99
2146	0.382427	-2581.33
2147	0.392031	-2775.65
2148	0.37521	-2521.49
2149	0.383557	-2647.37
2150	0.380614	-2585.87
2151	0.384714	-2691.74
2152	0.38583	-2652.56
2153	0.381578	-2643.52
2154	0.386707	-2692.27
2155	0.388226	-2744.35
2156	0.386244	-2678.43
2157	0.383927	-2624.26
2158	0.382936	-2646.8
2159	0.380487	-2597.99
2160	0.380151	-2623.34
2161	0.383806	-2639.07
2162	0.388114	-2697.63
2163	0.380708	-2593.46
2164	0.39169	-2757.1
2165	0.388253	-2724.95
2166	0.394652	-2802.91
2167	0.381437	-2600.37
2168	0.384733	-2656.91
2169	0.388777	-2760.13
2170	0.395507	-2803.69
2171	0.386383	-2722.25
2172	0.389832	-2746.08
2173	0.397651	-2822.28
2174	0.384831	-2656.67
2175	0.389952	-2752.72
2176	0.390149	-2741.92
2177	0.383618	-2653.04
2178	0.390969	-2804.1
2179	0.386775	-2705.41
2180	0.386768	-2703.28
2181	0.382443	-2679.24
2182	0.391111	-2702.06
2183	0.389248	-2734.25
2184	0.388817	-2716.18
2185	0.381092	-2580.65
2186	0.38574	-2651.37
2187	0.387704	-2700.72
2188	0.384824	-2609.11
2189	0.387923	-2712.32
2190	0.389651	-2758.17
2191	0.38366	-2637.7
2192	0.38419	-2627.3
2193	0.383164	-2644.03
2194	0.390824	-2789.71
2195	0.396936	-2844.13
2196	0.386528	-2685.29
2197	0.37969	-2584.12
2198	0.388884	-2717.25
2199	0.390507	-2768.07
2200	0.386687	-2709.92
2201	0.391152	-2745.16
2202	0.392061	-2757.7
2203	0.397687	-2806.54
2204	0.391375	-2749.33
2205	0.394573	-2795.32
2206	0.39224	-2734.98
2207	0.396839	-2877.25
2208	0.384621	-2682.97
2209	0.385196	-2650.99
2210	0.382197	-2599.26
2211	0.388909	-2732.69
2212	0.390948	-2733.42
2213	0.396904	-2846
2214	0.380498	-2598.49
2215	0.386622	-2651.54
2216	0.390732	-2727.44
2217	0.392697	-2823.08
2218	0.389165	-2697.94
2219	0.378714	-2572.19
2220	0.384365	-2607.69
2221	0.38469	-2671.65
2222	0.388273	-2725.04
2223	0.388406	-2687.98
2224	0.385339	-2675.86
2225	0.389067	-2676.94
2226	0.384521	-2650.41
2227	0.390973	-2728.98
2228	0.386083	-2673.66
2229	0.391303	-2744.88
2230	0.385073	-2659.69
2231	0.382962	-2608.78
2232	0.392765	-2778.82
2233	0.387984	-2737.58
2234	0.391963	-2732.09
2235	0.38606	-2668.08
2236	0.390077	-2752.33
2237	0.388722	-2733.59
2238	0.391255	-2731.58
2239	0.387302	-2711.29
2240	0.390216	-2752.72
2241	0.38647	-2659.54
2242	0.392118	-2791.7
2243	0.392065	-2757.28
2244	0.381467	-2641.15
2245	0.387552	-2692.22
2246	0.387575	-2707.26
2247	0.387231	-2751.56
2248	0.385748	-2706.88
2249	0.390986	-2770.01
2250	0.382923	-2629.35
2251	0.393907	-2780.44
2252	0.381248	-2624.57
2253	0.383323	-2676.77
2254	0.387763	-2735.21
2255	0.38514	-2729.47
2256	0.395561	-2838.04
2257	0.390012	-2716.95
2258	0.388658	-2711.55
2259	0.386307	-2655.44
2260	0.384214	-2640.13
2261	0.394233	-2780.61
2262	0.384206	-2697.48
2263	0.387058	-2687.81
2264	0.392612	-2773.04
2265	0.385703	-2675.64
2266	0.385811	-2679.36
2267	0.390956	-2781.99
2268	0.38886	-2714.64
2269	0.386685	-2660.96
2270	0.39251	-2738.17
2271	0.388922	-2700.23
2272	0.388446	-2669.67
2273	0.3877	-2683.18
2274	0.391991	-2775.25
2275	0.38139	-2604.15
2276	0.396214	-2827.22
2277	0.396682	-2805.69
2278	0.396294	-2824.57
2279	0.390479	-2742.59
2280	0.388996	-2695.68
2281	0.388855	-2718.11
2282	0.387448	-2737.75
2283	0.394521	-2809.8
2284	0.383982	-2681.49
2285	0.394601	-2790.78
2286	0.390443	-2736.42
2287	0.383862	-2639.63
2288	0.375177	-2527.79
2289	0.388432	-2705.66
2290	0.386885	-2670.43
2291	0.38405	-2677.2
2292	0.382725	-2650.38
2293	0.386592	-2691.85
2294	0.389721	-2743.72
2295	0.383217	-2610.27
2296	0.379112	-2545.26
2297	0.388458	-2716.4
2298	0.382151	-2582.58
2299	0.384759	-2680.42
2300	0.378691	-2556.28
2301	0.381452	-2577.66
2302	0.390201	-2743.35
2303	0.388571	-2771.58
2304	0.38951	-2721.23
2305	0.389826	-2742
2306	0.390862	-2746.76
2307	0.381055	-2593.44
2308	0.381677	-2634.3
2309	0.383013	-2628.49
2310	0.377613	-2533.7
2311	0.388729	-2684.25
2312	0.389497	-2745.12
2313	0.385593	-2684.82
2314	0.386578	-2662.38
2315	0.39529	-2841.63
2316	0.394387	-2797.28
2317	0.387162	-2668.09
2318	0.389059	-2709.12
2319	0.384175	-2649.68
2320	0.389867	-2757.18
2321	0.386611	-2677.73
2322	0.383385	-2624.61
2323	0.387776	-2709.42
2324	0.387362	-2734.44
2325	0.390825	-2743.56
2326	0.386707	-2695.76
2327	0.385839	-2686.83
2328	0.390801	-2782.54
2329	0.382212	-2615.24
2330	0.381448	-2634
2331	0.389263	-2711.04
2332	0.381719	-2616.24
2333	0.391984	-2741.29
2334	0.384716	-2699.75
2335	0.396661	-2786.88
2336	0.386516	-2674.56
2337	0.384117	-2623.8
2338	0.395456	-2791.85
2339	0.390227	-2722.35
2340	0.383369	-2629.36
2341	0.377517	-2553.54
2342	0.389121	-2721.42
2343	0.38779	-2742.61
2344	0.393274	-2785.23
2345	0.386603	-2670.58
2346	0.383578	-2643.77
2347	0.380797	-2615.14
2348	0.392276	-2750.07
2349	0.376406	-2520.24
2350	0.392715	-2728.85
2351	0.383553	-2649.24
2352	0.391088	-2750.27
2353	0.388296	-2726.48
2354	0.391387	-2743.14
2355	0.379415	-2606.99
2356	0.390498	-2769.61
2357	0.387982	-2725.25
2358	0.387247	-2698.73
2359	0.395346	-2803.14
2360	0.378405	-2580.22
2361	0.383991	-2658.8
2362	0.382396	-2630.26
2363	0.38559	-2645.8
2364	0.384458	-2656
2365	0.391202	-2760.49
2366	0.381614	-2634.59
2367	0.394779	-2787.79
2368	0.387409	-2673.83
2369	0.387849	-2690.48
2370	0.395163	-2794.97
2371	0.386685	-2750.47
2372	0.387208	-2718.72
2373	0.387372	-2694.6
2374	0.390124	-2716.08
2375	0.389181	-2694.33
2376	0.390329	-2704.88
2377	0.382504	-2631.09
2378	0.392987	-2771.96
2379	0.387045	-2684.84
2380	0.379764	-2572.22
2381	0.386987	-2702.59
2382	0.373449	-2523.51
2383	0.38297	-2662.74
2384	0.383474	-2605.35
2385	0.381498	-2663.22
2386	0.382352	-2626.24
2387	0.39846	-2892.71
2388	0.383198	-2682.1
2389	0.390465	-2742.84
2390	0.387597	-2697.67
2391	0.392043	-2705.96
2392	0.385447	-2636.39
2393	0.399967	-2880.21
2394	0.38675	-2691.04
2395	0.384852	-2640.28
2396	0.391425	-2817.54
2397	0.395368	-2827.76
2398	0.391725	-2767.52
2399	0.387881	-2734.77
2400	0.386863	-2655.5
2401	0.385131	-2705.79
2402	0.3825	-2591.6
2403	0.392173	-2797.01
2404	0.380172	-2601.82
2405	0.385776	-2661.12
2406	0.389619	-2740.74
2407	0.392055	-2762.76
2408	0.386367	-2696.27
2409	0.385408	-2645.99
2410	0.387268	-2696.43
2411	0.391476	-2742.62
2412	0.387403	-2708.06
2413	0.385995	-2666.72
2414	0.390803	-2795.65
2415	0.389018	-2717.94
2416	0.388358	-2708.26
2417	0.39023	-2751.27
2418	0.386034	-2698.41
2419	0.386653	-2729.44
2420	0.388178	-2706.96
2421	0.393119	-2781.53
2422	0.38652	-2671.39
2423	0.377706	-2532.95
2424	0.387866	-2721.57
2425	0.391298	-2804.88
2426	0.380193	-2617.29
2427	0.38329	-2657.55
2428	0.388245	-2732.79
2429	0.387765	-2752.47
2430	0.388057	-2697.65
2431	0.384748	-2677.92
2432	0.378661	-2606.21
2433	0.38407	-2673.47
2434	0.391937	-2754.75
2435	0.390404	-2718.73
2436	0.380115	-2581.32
2437	0.382084	-2621.16
2438	0.389203	-2747.51
2439	0.381467	-2655.99
2440	0.384159	-2677.6
2441	0.382311	-2631.41
2442	0.39126	-2720.15
2443	0.385845	-2639.23
2444	0.388773	-2746.62
2445	0.390774	-2757.53
2446	0.386803	-2693.1
2447	0.386658	-2676.25
2448	0.388675	-2712.02
2449	0.393505	-2794.54
2450	0.395522	-2853.52
2451	0.386149	-2692.03
2452	0.383207	-2622.72
2453	0.400321	-2904.1
2454	0.385576	-2669.5
2455	0.382541	-2682.46
2456	0.392118	-2751.81
2457	0.392915	-2756.19
2458	0.384689	-2621.13
2459	0.394582	-2833.39
2460	0.384526	-2621.69
2461	0.385301	-2683.37
2462	0.387301	-2701.09
2463	0.388655	-2700.46
2464	0.382018	-2640.39
2465	0.384511	-2660.75
2466	0.385279	-2697.06
2467	0.386939	-2666.98
2468	0.390953	-2774.59
2469	0.386792	-2689.02
2470	0.381578	-2605.7
2471	0.390521	-2735.07
2472	0.38815	-2747.89
2473	0.383494	-2635.75
2474	0.38537	-2690.74
2475	0.395369	-2836.45
2476	0.39197	-2734.3
2477	0.387596	-2735.81
2478	0.382665	-2629.16
2479	0.387339	-2700.71
2480	0.391611	-2757.42
2481	0.392787	-2765.55
2482	0.393406	-2792.99
2483	0.387968	-2731.77
2484	0.385707	-2691.33
2485	0.381639	-2617.55
2486	0.386376	-2686.37
2487	0.392393	-2790.81
2488	0.393069	-2734.16
2489	0.385356	-2662.31
2490	0.391661	-2784.19
2491	0.380965	-2557.48
2492	0.389786	-2735.55
2493	0.389574	-2737.65
2494	0.384593	-2630.92
2495	0.395031	-2819.71
2496	0.38704	-2727.38
2497	0.383483	-2632
2498	0.38259	-2650.19
2499	0.387521	-2667.61
2500	0.384814	-2643.3
2501	0.383937	-2642.94
2502	0.384573	-2681.21
2503	0.380786	-2622.76
2504	0.389097	-2720.1
2505	0.387343	-2703.51
2506	0.389347	-2707.97
2507	0.389977	-2748.83
2508	0.383708	-2644.51
2509	0.388018	-2661.23
2510	0.384922	-2648.55
2511	0.388763	-2739.95
2512	0.395776	-2813.74
2513	0.395774	-2826.41
2514	0.380957	-2591.51
2515	0.389282	-2697.92
2516	0.384613	-2629.33
2517	0.386684	-2650.97
2518	0.379982	-2534.03
2519	0.385407	-2711.67
2520	0.385015	-2662.13
2521	0.380799	-2607.68
2522	0.386257	-2674.69
2523	0.38527	-2678.45
2524	0.392445	-2759.25
2525	0.383917	-2645.65
2526	0.386278	-2692.06
2527	0.382793	-2618.91
2528	0.389603	-2748.71
2529	0.386969	-2679.7
2530	0.393521	-2776.69
2531	0.387312	-2685.67
2532	0.380956	-2630.07
2533	0.385011	-2670.89
2534	0.388586	-2690.36
2535	0.386103	-2664.5
2536	0.387496	-2630.19
2537	0.381377	-2610.38
2538	0.387723	-2677.2
2539	0.382861	-2630.85
2540	0.388115	-2719.82
2541	0.378658	-2591.76
2542	0.381601	-2584.42
2543	0.384247	-2619.53
2544	0.386287	-2702.83
2545	0.390515	-2734.27
2546	0.389545	-2749.32
2547	0.388475	-2693.76
2548	0.387749	-2667.89
2549	0.387813	-2672.78
2550	0.383546	-2673.18
2551	0.387069	-2722.41
2552	0.387406	-2691.52
2553	0.383954	-2672.17
2554	0.384023	-2639.33
2555	0.389948	-2759.16
2556	0.389803	-2727.88
2557	0.38567	-2685.33
2558	0.389564	-2733.74
2559	0.382521	-2627.89
2560	0.393504	-2804.42
2561	0.388183	-2699.62
2562	0.38433	-2648.05
2563	0.391249	-2753.9
2564	0.397647	-2812.34
2565	0.391264	-2752.03
2566	0.386749	-2662.5
2567	0.389692	-2762.46
2568	0.392022	-2763.94
2569	0.393359	-2809.43
2570	0.379684	-2612.26
2571	0.389711	-2749.42
2572	0.383161	-2627.09
2573	0.394568	-2737.25
2574	0.39105	-2723.35
2575	0.390851	-2762.03
2576	0.381524	-2605.65
2577	0.386984	-2700.4
2578	0.391514	-2717.49
2579	0.383639	-2640.23
2580	0.382096	-2630.53
2581	0.389428	-2744.44
2582	0.385586	-2647.58
2583	0.390162	-2725.59
2584	0.389221	-2723.44
2585	0.38734	-2696.02
2586	0.385765	-2693.82
2587	0.383354	-2616.38
2588	0.38525	-2658.64
2589	0.381805	-2635.85
2590	0.383221	-2660.91
2591	0.384798	-2661.28
2592	0.388649	-2719.4
2593	0.377228	-2546.52
2594	0.386569	-2689.35
2595	0.387682	-2699.71
2596	0.381764	-2625.5
2597	0.386681	-2681.13
2598	0.382685	-2664.31
2599	0.387826	-2678.95
2600	0.385356	-2656.5
2601	0.383028	-2664.46
2602	0.386442	-2639.72
2603	0.391568	-2769.54
2604	0.391891	-2786.76
2605	0.386773	-2686.14
2606	0.387696	-2707.14
2607	0.391297	-2792.91
2608	0.390403	-2758.69
2609	0.384237	-2642.54
2610	0.386061	-2715.07
2611	0.39338	-2827.19
2612	0.382258	-2654.55
2613	0.384854	-2671.56
2614	0.392924	-2776.51
2615	0.387759	-2726.34
2616	0.389692	-2752.62
2617	0.387501	-2684.11
2618	0.389059	-2732.79
2619	0.377429	-2584.16
2620	0.385317	-2692.62
2621	0.390122	-2761.53
2622	0.378918	-2578.99
2623	0.390931	-2770.47
2624	0.392833	-2788.17
2625	0.386679	-2724.51
2626	0.389539	-2720.54
2627	0.385736	-2678.25
2628	0.388919	-2724.6
2629	0.384043	-2631.94
2630	0.379994	-2567.54
2631	0.38826	-2698.94
2632	0.384744	-2651.63
2633	0.386106	-2674.61
2634	0.386898	-2730.25
2635	0.386001	-2674.77
2636	0.390575	-2802.54
2637	0.385945	-2686.57
2638	0.380251	-2604.34
2639	0.383363	-2651.59
2640	0.380776	-2630.35
2641	0.389218	-2763.42
2642	0.377408	-2562.13
2643	0.392214	-2779.96
2644	0.384606	-2687.97
2645	0.386841	-2703.47
2646	0.387947	-2703.74
2647	0.38183	-2624.5
2648	0.391993	-2749.85
2649	0.387373	-2685.83
2650	0.387971	-2724.24
2651	0.395534	-2779.32
2652	0.383566	-2649.6
2653	0.389332	-2717.52
2654	0.390536	-2721.2
2655	0.388997	-2739.24
2656	0.388409	-2731.25
2657	0.382588	-2666.46
2658	0.387551	-2716.34
2659	0.391619	-2731.57
2660	0.384444	-2697
2661	0.384215	-2630.69
2662	0.378362	-2570.9
2663	0.378075	-2544.76
2664	0.394199	-2789.69
2665	0.384635	-2700.84
2666	0.38732	-2725.69
2667	0.39897	-2918.06
2668	0.391078	-2749.21
2669	0.391567	-2770.3
2670	0.393885	-2770.43
2671	0.393331	-2768.6
2672	0.383585	-2661.97
2673	0.380898	-2593.32
2674	0.383645	-2666.93
2675	0.395367	-2820.57
2676	0.393559	-2788.39
2677	0.383023	-2606.89
2678	0.385884	-2665.16
2679	0.380827	-2602.69
2680	0.380803	-2561.97
2681	0.381616	-2652.07
2682	0.395971	-2803.65
2683	0.388613	-2730.58
2684	0.391787	-2792.6
2685	0.382584	-2655.13
2686	0.39643	-2816.53
2687	0.391849	-2740.01
2688	0.384132	-2667.23
2689	0.389584	-2725.21
2690	0.382043	-2630.85
2691	0.384949	-2691.23
2692	0.385284	-2670.18
2693	0.39351	-2779.33
2694	0.39564	-2853.09
2695	0.38959	-2731.63
2696	0.382929	-2614.73
2697	0.381933	-2650.45
2698	0.390131	-2742.47
2699	0.379204	-2586.61
2700	0.384251	-2645.3
2701	0.389265	-2745.8
2702	0.385332	-2630.66
2703	0.384775	-2672.45
2704	0.393591	-2790.68
2705	0.384779	-2665.52
2706	0.388702	-2683.71
2707	0.389613	-2751.77
2708	0.39051	-2740.77
2709	0.380595	-2615.09
2710	0.384641	-2617.4
2711	0.388157	-2691.48
2712	0.383354	-2629.54
2713	0.390662	-2748.57
2714	0.392229	-2793.17
2715	0.385703	-2676.42
2716	0.385244	-2696.74
2717	0.38402	-2638.78
2718	0.391411	-2767.3
2719	0.39225	-2737.22
2720	0.388683	-2730.65
2721	0.380223	-2553.83
2722	0.384484	-2684.74
2723	0.387881	-2706.73
2724	0.393509	-2763.63
2725	0.385978	-2660.7
2726	0.385395	-2638.42
2727	0.384673	-2696.41
2728	0.386677	-2689.91
2729	0.381988	-2610.31
2730	0.384579	-2675.7
2731	0.38468	-2658.57
2732	0.386328	-2653.99
2733	0.386006	-2698.84
2734	0.390718	-2755
2735	0.385431	-2642.7
2736	0.386862	-2667.71
2737	0.394682	-2773.76
2738	0.382867	-2655.4
2739	0.382171	-2634.85
2740	0.38745	-2707.35
2741	0.38761	-2685.15
2742	0.389346	-2743.41
2743	0.386957	-2690.98
2744	0.401324	-2872.68
2745	0.38775	-2686.21
2746	0.397285	-2821.11
2747	0.386461	-2674.72
2748	0.382461	-2611.97
2749	0.37808	-2588.62
2750	0.391949	-2754.8
2751	0.390853	-2749.84
2752	0.377167	-2552.07
2753	0.394231	-2773.86
2754	0.391983	-2768.3
2755	0.389033	-2733.01
2756	0.376549	-2517.15
2757	0.378748	-2555.14
2758	0.392467	-2772.96
2759	0.398524	-2841.03
2760	0.386953	-2739.08
2761	0.381444	-2605.94
2762	0.388176	-2697.18
2763	0.387661	-2683.56
2764	0.373248	-2515.37
2765	0.392044	-2764.46
2766	0.387028	-2684.92
2767	0.386321	-2624.55
2768	0.389252	-2702.79
2769	0.388549	-2724.23
2770	0.394015	-2763.7
2771	0.381506	-2576.83
2772	0.386029	-2697.36
2773	0.384613	-2659.07
2774	0.381233	-2619.87
2775	0.387317	-2687.9
2776	0.390205	-2755.72
2777	0.383351	-2644.27
2778	0.384444	-2634.38
2779	0.382689	-2649.44
2780	0.386936	-2675.51
2781	0.387114	-2725.03
2782	0.384056	-2711.56
2783	0.39261	-2785.01
2784	0.381656	-2623.01
2785	0.39046	-2701.12
2786	0.391901	-2807.21
2787	0.389021	-2692.73
2788	0.38161	-2607.45
2789	0.388186	-2692.21
2790	0.385013	-2641.03
2791	0.380719	-2600.12
2792	0.390484	-2748.71
2793	0.394189	-2777.49
2794	0.390812	-2745.1
2795	0.382366	-2675.11
2796	0.387467	-2674.23
2797	0.384437	-2623.98
2798	0.389313	-2735.18
2799	0.390495	-2736.39
2800	0.388622	-2737.14
2801	0.384861	-2689.76
2802	0.39038	-2704.59
2803	0.387617	-2746.81
2804	0.393179	-2824.8
2805	0.391399	-2780.5
2806	0.383835	-2644.26
2807	0.391345	-2765.38
2808	0.386298	-2679.83
2809	0.386031	-2705.04
2810	0.386987	-2658.53
2811	0.38755	-2680.47
2812	0.390806	-2720.4
2813	0.392075	-2789.54
2814	0.383525	-2640.03
2815	0.392503	-2766.89
2816	0.38447	-2664.04
2817	0.384947	-2653.83
2818	0.385241	-2662.14
2819	0.387917	-2713.62
2820	0.381403	-2605.81
2821	0.386424	-2659.63
2822	0.391358	-2722.18
2823	0.390645	-2785.37
2824	0.388996	-2687.59
2825	0.389526	-2716.72
2826	0.377687	-2574.14
2827	0.388227	-2697.98
2828	0.383112	-2613.27
2829	0.393064	-2759.86
2830	0.393127	-2794.57
2831	0.386559	-2683.88
2832	0.388368	-2715.47
2833	0.392063	-2784.28
2834	0.391703	-2750.81
2835	0.377638	-2555.36
2836	0.385229	-2718.25
2837	0.386024	-2690.19
2838	0.382632	-2704.98
2839	0.391184	-2724.06
2840	0.375874	-2514.88
2841	0.38945	-2732.01
2842	0.384322	-2656.86
2843	0.381293	-2612.96
2844	0.386989	-2685.29
2845	0.386381	-2654.92
2846	0.388466	-2747.8
2847	0.380499	-2604.24
2848	0.389718	-2727.42
2849	0.386458	-2693.52
2850	0.382966	-2656.06
2851	0.386307	-2695.04
2852	0.392842	-2724.52
2853	0.396674	-2800.37
2854	0.388832	-2776.94
2855	0.395616	-2819.08
2856	0.387688	-2713.65
2857	0.386194	-2650.97
2858	0.383374	-2602.36
2859	0.389163	-2729.56
2860	0.384831	-2674.47
2861	0.387278	-2708.57
2862	0.389875	-2695.65
2863	0.3834	-2681.12
2864	0.386764	-2695.15
2865	0.392632	-2773
2866	0.382641	-2660.4
2867	0.384472	-2660.23
2868	0.395636	-2834.84
2869	0.388499	-2701.45
2870	0.388634	-2655.88
2871	0.388541	-2688.07
2872	0.391112	-2735.23
2873	0.390253	-2745.71
2874	0.386373	-2707.37
2875	0.387822	-2662.88
2876	0.387079	-2717.1
2877	0.391546	-2726.04
2878	0.383914	-2610.81
2879	0.396654	-2839.24
2880	0.383519	-2672.98
2881	0.391223	-2734.46
2882	0.384779	-2650.85
2883	0.383027	-2660.64
2884	0.385303	-2650.02
2885	0.3888	-2698.23
2886	0.385701	-2676.55
2887	0.381698	-2626.57
2888	0.387958	-2732.33
2889	0.387318	-2680.19
2890	0.38369	-2636.42
2891	0.391371	-2738.65
2892	0.38108	-2626.34
2893	0.388205	-2744.48
2894	0.394308	-2807.2
2895	0.391159	-2734.92
2896	0.386245	-2676.73
2897	0.393138	-2758.86
2898	0.381687	-2617.23
2899	0.386462	-2676.72
2900	0.391291	-2750.94
2901	0.385497	-2666.09
2902	0.386931	-2692.91
2903	0.383484	-2586.61
2904	0.391391	-2785.47
2905	0.38909	-2729.95
2906	0.388165	-2701.32
2907	0.387338	-2742.49
2908	0.38129	-2556.23
2909	0.380624	-2602.68
2910	0.380359	-2578.27
2911	0.383853	-2650.81
2912	0.396258	-2834.49
2913	0.388363	-2694.22
2914	0.381914	-2617.24
2915	0.389001	-2709.87
2916	0.386064	-2719.11
2917	0.385311	-2704.77
2918	0.39176	-2770.33
2919	0.391284	-2716.42
2920	0.392643	-2787.76
2921	0.38816	-2758.63
2922	0.379148	-2555.41
2923	0.385376	-2683.28
2924	0.383387	-2640.54
2925	0.388563	-2685.61
2926	0.384752	-2671.68
2927	0.389092	-2712.22
2928	0.378054	-2602.71
2929	0.388624	-2700.95
2930	0.388869	-2700.67
2931	0.375124	-2560.79
2932	0.394202	-2807.21
2933	0.392284	-2749.33
2934	0.393961	-2807.7
2935	0.382312	-2603.41
2936	0.380277	-2620.16
2937	0.389126	-2766.23
2938	0.384039	-2656.19
2939	0.385823	-2695.27
2940	0.382057	-2602.11
2941	0.380802	-2593.07
2942	0.388221	-2712.25
2943	0.379675	-2612.76
2944	0.395851	-2771.73
2945	0.384583	-2645.01
2946	0.388662	-2737.18
2947	0.3893	-2694.87
2948	0.377518	-2593.24
2949	0.391959	-2757.89
2950	0.381375	-2571.67
2951	0.393811	-2764.67
2952	0.391843	-2797.17
2953	0.388013	-2695.6
2954	0.391503	-2755.6
2955	0.38477	-2641.64
2956	0.376109	-2523.23
2957	0.394433	-2806.56
2958	0.386842	-2685.77
2959	0.385696	-2711.05
2960	0.389442	-2726.07
2961	0.390799	-2728.44
2962	0.386945	-2692.57
2963	0.381532	-2592.71
2964	0.393352	-2811.72
2965	0.3863	-2675.68
2966	0.389573	-2767.79
2967	0.384704	-2647.68
2968	0.385478	-2656.3
2969	0.386154	-2683.63
2970	0.392436	-2740.95
2971	0.396724	-2809.88
2972	0.387374	-2710.09
2973	0.382704	-2639.09
2974	0.388517	-2727.98
2975	0.380988	-2563.2
2976	0.390814	-2702.73
2977	0.381157	-2591.95
2978	0.381798	-2623.14
2979	0.393072	-2796.1
2980	0.387448	-2677.97
2981	0.390157	-2742.61
2982	0.39193	-2776
2983	0.383359	-2640.44
2984	0.385323	-2691.42
2985	0.377785	-2523.08
2986	0.384346	-2637.4
2987	0.393176	-2778.12
2988	0.394275	-2782.18
2989	0.383534	-2649.12
2990	0.386513	-2650.59
2991	0.393513	-2754.7
2992	0.389618	-2705.88
2993	0.390636	-2732.72
2994	0.382632	-2628.01
2995	0.386432	-2680.03
2996	0.389279	-2768.53
2997	0.387676	-2664.31
2998	0.386	-2670.68
2999	0.396453	-2810.38
