0	0.375098	-2542.44
1	0.382679	-2631.85
2	0.379624	-2573.85
3	0.381175	-2637.45
4	0.378385	-2616.25
5	0.384843	-2664.48
6	0.386831	-2637.2
7	0.392254	-2782.4
8	0.386686	-2687.34
9	0.382865	-2678.47
10	0.395009	-2794.33
11	0.386083	-2697.64
12	0.386605	-2719.96
13	0.37964	-2615.94
14	0.381878	-2624.42
15	0.383786	-2628.7
16	0.381421	-2577.64
17	0.381732	-2627.7
18	0.386491	-2644.33
19	0.379799	-2607.41
20	0.383494	-2705.34
21	0.382334	-2644.02
22	0.384056	-2652.36
23	0.381779	-2604.46
24	0.376755	-2523.78
25	0.383608	-2645.61
26	0.381856	-2655
27	0.388829	-2730.25
28	0.37924	-2595.58
29	0.380487	-2581.5
30	0.372977	-2528.77
31	0.38097	-2595.39
32	0.382785	-2634.56
33	0.382175	-2612.3
34	0.392005	-2768.59
35	0.388456	-2686.49
36	0.382981	-2653.53
37	0.388852	-2716.26
38	0.384339	-2656.81
39	0.382772	-2652.04
40	0.380201	-2608.45
41	0.386194	-2655.03
42	0.392218	-2761.22
43	0.37964	-2543.98
44	0.386383	-2680.3
45	0.392868	-2801.12
46	0.393812	-2792.4
47	0.38093	-2584.47
48	0.383555	-2631.99
49	0.380597	-2596.72
50	0.382528	-2629.66
51	0.385501	-2651.22
52	0.377886	-2588.52
53	0.385536	-2652.3
54	0.380967	-2633.15
55	0.374763	-2537.25
56	0.380205	-2582.33
57	0.390677	-2725.93
58	0.390013	-2727.51
59	0.392781	-2700.52
60	0.387775	-2731.74
61	0.386488	-2643.82
62	0.390164	-2726.58
63	0.380095	-2625.87
64	0.388091	-2719.34
65	0.393526	-2802.96
66	0.380046	-2554.66
67	0.388072	-2735.97
68	0.384459	-2683.81
69	0.389029	-2706.4
70	0.386985	-2664.76
71	0.392644	-2772.77
72	0.384837	-2685.76
73	0.387881	-2743.03
74	0.389729	-2713.71
75	0.387987	-2699.63
76	0.39279	-2755.99
77	0.388285	-2722.53
78	0.378599	-2564.71
79	0.387532	-2692.78
80	0.386314	-2677.64
81	0.384035	-2649.19
82	0.376143	-2529.81
83	0.386303	-2676.88
84	0.382381	-2634.49
85	0.385361	-2697.43
86	0.385138	-2701.44
87	0.378819	-2585.53
88	0.382771	-2632.48
89	0.387682	-2721.66
90	0.3941	-2781.09
91	0.383189	-2651.11
92	0.385798	-2700.28
93	0.391849	-2768.45
94	0.378941	-2617.81
95	0.381347	-2599.01
96	0.389524	-2703.92
97	0.387972	-2689.65
98	0.37964	-2541.22
99	0.381248	-2655.11
100	0.384921	-2694.12
101	0.386898	-2692.55
102	0.384998	-2650.38
103	0.386023	-2662.64
104	0.380553	-2609.39
105	0.384948	-2691.88
106	0.378421	-2590.03
107	0.384843	-2675.83
108	0.378844	-2590.98
109	0.384528	-2679.59
110	0.382741	-2605.28
111	0.392227	-2741.85
112	0.383744	-2644.19
113	0.390783	-2770.09
114	0.395392	-2818.83
115	0.386986	-2683.82
116	0.390104	-2699.54
117	0.389425	-2708.6
118	0.389389	-2673.69
119	0.387993	-2714.84
120	0.396524	-2832.88
121	0.38266	-2677
122	0.385227	-2690.84
123	0.379925	-2625.61
124	0.379453	-2604.41
125	0.383334	-2615.72
126	0.377663	-2584.42
127	0.390038	-2758.8
128	0.381291	-2612.81
129	0.390173	-2778.93
130	0.389385	-2729.65
131	0.389237	-2708.69
132	0.381618	-2640.36
133	0.386139	-2676.68
134	0.380647	-2585.85
135	0.390821	-2754
136	0.385883	-2745.55
137	0.389201	-2767.37
138	0.387491	-2708.21
139	0.382073	-2635.96
140	0.387746	-2684.71
141	0.385363	-2685.15
142	0.382256	-2650.05
143	0.388009	-2696.89
144	0.383175	-2655.66
145	0.384897	-2665.17
146	0.381186	-2618.68
147	0.375177	-2537.32
148	0.388275	-2676.42
149	0.385891	-2710.61
150	0.384004	-2697.65
151	0.380926	-2593.9
152	0.380252	-2570.87
153	0.376687	-2550.44
154	0.389714	-2714.91
155	0.373805	-2493.31
156	0.385437	-2698.8
157	0.385184	-2655.93
158	0.382374	-2617
159	0.381843	-2628.05
160	0.382156	-2650.18
161	0.385217	-2662.86
162	0.397707	-2876.38
163	0.386789	-2675.13
164	0.383708	-2616.45
165	0.382692	-2630.06
166	0.383159	-2640.81
167	0.384566	-2659.01
168	0.385523	-2669.6
169	0.389756	-2733.73
170	0.385619	-2682.01
171	0.386925	-2701.23
172	0.396674	-2832.27
173	0.382423	-2593.58
174	0.382576	-2631.99
175	0.38257	-2593.68
176	0.374436	-2508.47
177	0.382349	-2669.74
178	0.393278	-2770.28
179	0.388735	-2720.03
180	0.376219	-2552.85
181	0.381184	-2590.8
182	0.382759	-2618.78
183	0.385445	-2654.84
184	0.377059	-2587.84
185	0.389153	-2742.06
186	0.382458	-2607.63
187	0.380186	-2623.05
188	0.383925	-2652.5
189	0.387566	-2711.24
190	0.390437	-2732.65
191	0.384386	-2634.61
192	0.383751	-2645.19
193	0.389406	-2705.55
194	0.3751	-2519.6
195	0.381957	-2647.39
196	0.391836	-2746.1
197	0.381445	-2617.3
198	0.390023	-2754.1
199	0.390627	-2749.37
200	0.386695	-2701.22
201	0.38365	-2645.28
202	0.381403	-2665.34
203	0.377498	-2569.21
204	0.395662	-2817.88
205	0.373947	-2517.99
206	0.380549	-2597.84
207	0.388546	-2747.62
208	0.388828	-2729.45
209	0.382782	-2658.53
210	0.376437	-2572.22
211	0.385807	-2666.75
212	0.385279	-2674.18
213	0.386899	-2710.41
214	0.38835	-2712.95
215	0.392616	-2768.15
216	0.386483	-2715.33
217	0.381242	-2633.44
218	0.388197	-2743.56
219	0.391306	-2771.23
220	0.391992	-2749.5
221	0.378488	-2602.97
222	0.379904	-2621.53
223	0.383453	-2664.71
224	0.38704	-2709.92
225	0.383181	-2603.05
226	0.388028	-2717.99
227	0.38274	-2594.02
228	0.382326	-2638.14
229	0.39827	-2835.69
230	0.385958	-2691.61
231	0.384007	-2641.43
232	0.38619	-2698.45
233	0.382645	-2621.73
234	0.386949	-2678.07
235	0.378441	-2564.66
236	0.387211	-2644.51
237	0.379064	-2584.56
238	0.375775	-2545.64
239	0.394301	-2820.96
240	0.400465	-2896.07
241	0.378765	-2595.4
242	0.389957	-2734.45
243	0.384739	-2664.05
244	0.388192	-2707.91
245	0.386105	-2656.72
246	0.38306	-2613.26
247	0.385047	-2678.78
248	0.382675	-2620.02
249	0.384015	-2721.84
250	0.390203	-2745.09
251	0.379556	-2563.73
252	0.378664	-2576.08
253	0.384015	-2620.89
254	0.377842	-2550.86
255	0.386091	-2689.85
256	0.381555	-2621.14
257	0.388134	-2723.67
258	0.384703	-2664.26
259	0.38347	-2634.43
260	0.386928	-2708.11
261	0.383232	-2657.73
262	0.374819	-2561.32
263	0.38647	-2703.53
264	0.39115	-2761.3
265	0.386632	-2654.86
266	0.399284	-2860.77
267	0.382339	-2637.3
268	0.386795	-2665.44
269	0.388504	-2727.7
270	0.391344	-2746.39
271	0.380918	-2612.72
272	0.375352	-2548.2
273	0.380875	-2591.15
274	0.383952	-2626.81
275	0.390683	-2773.79
276	0.385443	-2720.76
277	0.383142	-2628.29
278	0.392015	-2748.21
279	0.378236	-2564.94
280	0.380145	-2617.91
281	0.392119	-2775.41
282	0.390056	-2734.82
283	0.393385	-2779.54
284	0.378758	-2552.35
285	0.387077	-2681.98
286	0.382027	-2604
287	0.383582	-2639.89
288	0.392391	-2751.25
289	0.390353	-2742.79
290	0.378955	-2627.08
291	0.388418	-2683.18
292	0.376951	-2589.65
293	0.37428	-2511.15
294	0.387822	-2697.83
295	0.387078	-2721.09
296	0.387378	-2681.17
297	0.390302	-2766.02
298	0.385748	-2657.86
299	0.381942	-2624.27
300	0.381984	-2604.59
301	0.389063	-2727.2
302	0.378527	-2572.34
303	0.384596	-2650.03
304	0.387612	-2713.41
305	0.391296	-2750.04
306	0.384544	-2636.23
307	0.385826	-2656.33
308	0.384713	-2615.05
309	0.381007	-2599.46
310	0.394305	-2795.81
311	0.385576	-2706.49
312	0.388437	-2713.82
313	0.387905	-2666.89
314	0.382652	-2643.28
315	0.391439	-2758.99
316	0.39616	-2858.45
317	0.386892	-2683.46
318	0.388811	-2738.65
319	0.389441	-2751.41
320	0.383134	-2632.5
321	0.382856	-2669.92
322	0.384463	-2671.65
323	0.384716	-2657.74
324	0.388851	-2691.93
325	0.37993	-2592.45
326	0.378008	-2575.43
327	0.390682	-2756.2
328	0.388715	-2706.56
329	0.388339	-2663.07
330	0.381435	-2595.64
331	0.384781	-2688.13
332	0.378895	-2568.56
333	0.384783	-2660.78
334	0.390141	-2725.92
335	0.385814	-2680.01
336	0.38968	-2748.96
337	0.382435	-2608.7
338	0.383984	-2685.91
339	0.379603	-2603.89
340	0.389585	-2751.72
341	0.384922	-2659.11
342	0.388409	-2725.71
343	0.385557	-2704.89
344	0.388085	-2711.26
345	0.380435	-2596.79
346	0.384093	-2635.8
347	0.391927	-2753.1
348	0.393195	-2807.65
349	0.379963	-2612.16
350	0.392956	-2729.38
351	0.384161	-2665.86
352	0.383534	-2629.28
353	0.380239	-2626.72
354	0.392031	-2791.4
355	0.389323	-2734.4
356	0.384932	-2651.1
357	0.38163	-2607.24
358	0.388578	-2740.1
359	0.381131	-2574.47
360	0.386576	-2719.05
361	0.391072	-2711.7
362	0.383144	-2631.27
363	0.382169	-2601.71
364	0.391197	-2747.72
365	0.388866	-2736.85
366	0.398468	-2856.48
367	0.384607	-2713.98
368	0.388068	-2737.99
369	0.386957	-2713.06
370	0.391123	-2750.69
371	0.379138	-2547.54
372	0.385706	-2653.92
373	0.396929	-2811.79
374	0.383045	-2681.08
375	0.383278	-2652.99
376	0.38498	-2704.64
377	0.387837	-2695.7
378	0.382063	-2642.69
379	0.393912	-2839.06
380	0.386196	-2725.92
381	0.375818	-2523.99
382	0.391124	-2702.98
383	0.390133	-2731.66
384	0.388494	-2757.61
385	0.380408	-2556.46
386	0.379637	-2565.39
387	0.393663	-2760.1
388	0.386806	-2661.85
389	0.386674	-2698.62
390	0.383817	-2677.33
391	0.390603	-2733.83
392	0.396486	-2840.28
393	0.384341	-2645.64
394	0.383458	-2663.07
395	0.385537	-2633.7
396	0.375157	-2519.06
397	0.391718	-2766.42
398	0.3787	-2546.07
399	0.386018	-2618.12
400	0.384042	-2617.53
401	0.392213	-2809.37
402	0.38075	-2637.57
403	0.383091	-2662.01
404	0.385586	-2696.35
405	0.387596	-2694.44
406	0.375111	-2562.58
407	0.389031	-2700.4
408	0.390664	-2748.24
409	0.386965	-2691.08
410	0.38132	-2633.95
411	0.382123	-2652.77
412	0.390004	-2753.57
413	0.392762	-2752.1
414	0.378823	-2580.71
415	0.382838	-2639.1
416	0.387213	-2670.76
417	0.383956	-2660.3
418	0.390845	-2794.81
419	0.38857	-2718.64
420	0.380433	-2584.35
421	0.391949	-2760.97
422	0.393149	-2786.01
423	0.378093	-2580.43
424	0.375213	-2546.83
425	0.388014	-2714.85
426	0.38169	-2619.17
427	0.384055	-2653.32
428	0.38293	-2664.86
429	0.380726	-2597.14
430	0.376426	-2565.36
431	0.390236	-2738.76
432	0.392392	-2734.93
433	0.390116	-2721.26
434	0.386298	-2699.45
435	0.387345	-2690.05
436	0.392306	-2745.82
437	0.379345	-2582.1
438	0.386702	-2672.15
439	0.37699	-2567.7
440	0.381777	-2643.69
441	0.388333	-2727.42
442	0.385104	-2678.07
443	0.390351	-2715.37
444	0.38547	-2685.05
445	0.394663	-2794.56
446	0.390109	-2741.76
447	0.384825	-2630.92
448	0.384303	-2696.39
449	0.375147	-2558.98
450	0.377718	-2539.96
451	0.380974	-2587.32
452	0.381174	-2620.76
453	0.389814	-2756.56
454	0.385448	-2681.79
455	0.38891	-2701.06
456	0.374608	-2515.24
457	0.387875	-2666.25
458	0.382509	-2633.97
459	0.386758	-2713.51
460	0.385794	-2655.09
461	0.387634	-2688.66
462	0.386796	-2657.9
463	0.383182	-2644.59
464	0.386992	-2659.18
465	0.391294	-2764.77
466	0.390775	-2753.47
467	0.385014	-2687.14
468	0.390249	-2755.01
469	0.387626	-2717.9
470	0.38261	-2635.04
471	0.390627	-2741.69
472	0.386493	-2664.77
473	0.38749	-2693.32
474	0.391392	-2805.54
475	0.386578	-2699.49
476	0.392985	-2788.39
477	0.388805	-2691.93
478	0.386716	-2727.76
479	0.382213	-2636.82
480	0.384308	-2646.47
481	0.39061	-2718.04
482	0.381388	-2569.14
483	0.383011	-2669.13
484	0.394395	-2792.9
485	0.38307	-2667.9
486	0.378098	-2599.84
487	0.378993	-2594.57
488	0.390522	-2724.51
489	0.386875	-2633.28
490	0.392874	-2782.42
491	0.38787	-2694.27
492	0.381331	-2570.01
493	0.386813	-2696.78
494	0.381781	-2626.19
495	0.388765	-2696.17
496	0.388124	-2727.78
497	0.38465	-2725.79
498	0.386393	-2697.98
499	0.385883	-2665.41
500	0.389496	-2728.58
501	0.382519	-2646.89
502	0.385431	-2608.21
503	0.387306	-2693.03
504	0.388509	-2681.34
505	0.386374	-2724.67
506	0.392381	-2718.74
507	0.385864	-2614.16
508	0.383094	-2658.31
509	0.382657	-2597.58
510	0.385798	-2685.7
511	0.385023	-2649.64
512	0.380963	-2569.14
513	0.389305	-2710.29
514	0.383341	-2636.25
515	0.387096	-2664.73
516	0.381855	-2606.18
517	0.382953	-2658.7
518	0.384995	-2684.52
519	0.381259	-2603.72
520	0.386007	-2637.57
521	0.386634	-2660.82
522	0.386934	-2751.12
523	0.384794	-2694.32
524	0.384916	-2652.21
525	0.384435	-2662.97
526	0.390346	-2710.32
527	0.387954	-2700.88
528	0.385696	-2661.47
529	0.378307	-2564.04
530	0.386993	-2671.27
531	0.382439	-2641.6
532	0.374367	-2520.13
533	0.389023	-2721.17
534	0.390617	-2765.53
535	0.384152	-2637.22
536	0.377806	-2526.28
537	0.391465	-2744.75
538	0.384366	-2675.33
539	0.383799	-2656.8
540	0.38534	-2694.34
541	0.3899	-2701.07
542	0.383155	-2676.75
543	0.382705	-2650.07
544	0.389742	-2715.11
545	0.385689	-2718.17
546	0.38279	-2675.35
547	0.383795	-2670.85
548	0.389991	-2722.71
549	0.392456	-2771.39
550	0.380795	-2612.35
551	0.388944	-2741.95
552	0.379266	-2607.01
553	0.389799	-2762.81
554	0.374951	-2535.42
555	0.395491	-2846.31
556	0.386975	-2690.63
557	0.380627	-2609.71
558	0.381741	-2572.23
559	0.396835	-2847.86
560	0.373261	-2517.5
561	0.3872	-2725.3
562	0.393967	-2828.75
563	0.391576	-2741.79
564	0.381101	-2620.12
565	0.388702	-2738.27
566	0.38506	-2634.84
567	0.388784	-2732.86
568	0.379236	-2576.18
569	0.387044	-2708.11
570	0.386574	-2712.77
571	0.380898	-2594.47
572	0.385722	-2634.34
573	0.378128	-2577.41
574	0.38513	-2653.1
575	0.380978	-2577.58
576	0.379651	-2609.97
577	0.388211	-2741.33
578	0.378963	-2557.64
579	0.381443	-2576.85
580	0.382274	-2618.66
581	0.379692	-2616.46
582	0.386683	-2674.81
583	0.383794	-2672.88
584	0.388577	-2718.3
585	0.385881	-2656.02
586	0.391832	-2762.3
587	0.379843	-2573.67
588	0.386637	-2709.26
589	0.375392	-2510.86
590	0.378248	-2558.36
591	0.387739	-2688.53
592	0.381315	-2628.6
593	0.393508	-2770.6
594	0.382769	-2673.01
595	0.385144	-2638.18
596	0.378613	-2591.25
597	0.380041	-2585.19
598	0.386417	-2633.37
599	0.381528	-2645.13
600	0.38368	-2621.29
601	0.389582	-2712.27
602	0.395734	-2818.28
603	0.381201	-2601.62
604	0.386266	-2700.52
605	0.389461	-2709.09
606	0.388684	-2733.35
607	0.392133	-2784
608	0.389493	-2717.26
609	0.376652	-2516.51
610	0.384324	-2648.86
611	0.388192	-2724.26
612	0.385941	-2689.1
613	0.38567	-2674.2
614	0.388583	-2696.32
615	0.379884	-2531.29
616	0.386363	-2711.13
617	0.385719	-2668.5
618	0.380472	-2572.73
619	0.382045	-2603.54
620	0.380074	-2598.59
621	0.391685	-2763.73
622	0.376491	-2534.73
623	0.385598	-2693.41
624	0.38112	-2582.15
625	0.385713	-2693.74
626	0.387895	-2697.9
627	0.382911	-2605.3
628	0.380586	-2563.76
629	0.3909	-2733.75
630	0.386072	-2667.66
631	0.393602	-2792.18
632	0.38015	-2585.12
633	0.376549	-2587.41
634	0.38835	-2731.17
635	0.380728	-2610.15
636	0.381257	-2582.15
637	0.382746	-2644.64
638	0.385337	-2633.81
639	0.394105	-2761.01
640	0.38348	-2624.14
641	0.385263	-2689.54
642	0.387853	-2755.47
643	0.392543	-2751.15
644	0.388818	-2759.6
645	0.380142	-2586.12
646	0.391111	-2768.24
647	0.384758	-2673.26
648	0.381019	-2609.56
649	0.383301	-2632.55
650	0.390548	-2759.84
651	0.384693	-2647.56
652	0.389995	-2743.64
653	0.39368	-2829.4
654	0.381671	-2595.69
655	0.386927	-2659.23
656	0.386666	-2674.71
657	0.391205	-2765.02
658	0.380929	-2576.73
659	0.388136	-2702.14
660	0.398365	-2882.56
661	0.384577	-2678.5
662	0.391216	-2749.27
663	0.389615	-2722.68
664	0.387193	-2717.06
665	0.387264	-2694.67
666	0.385562	-2718.9
667	0.38649	-2676.44
668	0.391242	-2760.58
669	0.385017	-2688.74
670	0.382913	-2588.69
671	0.38362	-2660.76
672	0.385932	-2666.34
673	0.380176	-2622.84
674	0.387946	-2711.96
675	0.379531	-2637.03
676	0.381706	-2635.11
677	0.378665	-2593.09
678	0.390993	-2735.69
679	0.393099	-2780.3
680	0.386161	-2676.05
681	0.388349	-2703.13
682	0.390194	-2726.76
683	0.386924	-2656.24
684	0.38877	-2753.47
685	0.385425	-2653.28
686	0.371572	-2440.05
687	0.383906	-2648.85
688	0.377834	-2553.43
689	0.389907	-2749.09
690	0.382895	-2648.3
691	0.382466	-2654.4
692	0.384885	-2700.86
693	0.382089	-2617.12
694	0.374131	-2528.58
695	0.386453	-2683.77
696	0.391024	-2791.28
697	0.381797	-2611.19
698	0.381835	-2625.2
699	0.38381	-2669.4
700	0.384351	-2646.71
701	0.380988	-2574.2
702	0.386859	-2752.5
703	0.385388	-2661.28
704	0.380537	-2593.81
705	0.384778	-2647.68
706	0.382868	-2647.18
707	0.384987	-2662.32
708	0.387829	-2644.91
709	0.379866	-2612.86
710	0.384118	-2693.09
711	0.383999	-2695.77
712	0.387686	-2721.82
713	0.391416	-2779.52
714	0.391269	-2745.4
715	0.380056	-2596.96
716	0.387695	-2664.02
717	0.380718	-2602.15
718	0.383598	-2633.81
719	0.382564	-2641.54
720	0.390719	-2786.95
721	0.38278	-2588.8
722	0.379016	-2619.64
723	0.387381	-2697.42
724	0.381808	-2591.51
725	0.387773	-2665.97
726	0.377358	-2587.27
727	0.375676	-2511.45
728	0.382134	-2630.56
729	0.3819	-2558.8
730	0.388589	-2717.21
731	0.381347	-2571.94
732	0.384099	-2656.58
733	0.387425	-2702.97
734	0.383177	-2668.49
735	0.390297	-2716.59
736	0.389695	-2722.03
737	0.394852	-2810.28
738	0.385869	-2635.62
739	0.38182	-2598.48
740	0.387315	-2736.19
741	0.383602	-2637.23
742	0.377132	-2568.91
743	0.383672	-2637.77
744	0.386187	-2675.93
745	0.390567	-2748.6
746	0.383437	-2664.37
747	0.376974	-2552.76
748	0.385618	-2655.49
749	0.388917	-2727.14
750	0.391809	-2686.84
751	0.388979	-2729.31
752	0.38928	-2753.99
753	0.381643	-2603.17
754	0.377513	-2564.76
755	0.389952	-2721.23
756	0.385592	-2691.2
757	0.378926	-2576.3
758	0.380853	-2595.26
759	0.391024	-2761.97
760	0.397542	-2809.72
761	0.379254	-2557.78
762	0.395363	-2819.32
763	0.384824	-2656.62
764	0.385094	-2643.99
765	0.383123	-2639.3
766	0.389088	-2679.41
767	0.383887	-2644.38
768	0.386281	-2716.53
769	0.388133	-2720.26
770	0.391041	-2749.1
771	0.379415	-2589.95
772	0.384176	-2678.95
773	0.389351	-2729.88
774	0.383217	-2656.71
775	0.384302	-2638.09
776	0.386756	-2682.44
777	0.377505	-2588.15
778	0.395845	-2795.61
779	0.380985	-2587.56
780	0.383108	-2636.38
781	0.384006	-2643.39
782	0.388963	-2667.64
783	0.383637	-2643.52
784	0.383297	-2628.1
785	0.378912	-2584.61
786	0.383871	-2659.31
787	0.386248	-2691.98
788	0.394368	-2848.12
789	0.380266	-2619.86
790	0.378651	-2566.59
791	0.399686	-2911.82
792	0.381703	-2607.54
793	0.397387	-2821.22
794	0.385131	-2666.9
795	0.38032	-2572.22
796	0.379744	-2593.03
797	0.381027	-2578.68
798	0.385904	-2690.45
799	0.389955	-2739.92
800	0.385116	-2669.14
801	0.382698	-2582.61
802	0.38513	-2624.51
803	0.389247	-2698.22
804	0.392357	-2751.87
805	0.381621	-2578.4
806	0.379932	-2584.25
807	0.38501	-2664.06
808	0.386599	-2706.08
809	0.381088	-2642.99
810	0.388475	-2686.48
811	0.383849	-2666.44
812	0.389599	-2740.66
813	0.384578	-2671.68
814	0.386087	-2624.72
815	0.388932	-2692.24
816	0.381851	-2595.25
817	0.383167	-2613.25
818	0.382074	-2621.24
819	0.392956	-2788.39
820	0.387934	-2721.44
821	0.382627	-2615.48
822	0.385152	-2651.44
823	0.387973	-2726.49
824	0.390264	-2720.09
825	0.389107	-2710.29
826	0.381827	-2603.14
827	0.387549	-2730.47
828	0.390667	-2757.18
829	0.38694	-2672.09
830	0.389171	-2764.07
831	0.381381	-2589.56
832	0.395205	-2792.34
833	0.391835	-2760.53
834	0.388155	-2712.5
835	0.384393	-2638.78
836	0.3894	-2724.46
837	0.386495	-2690.73
838	0.386988	-2669.19
839	0.390113	-2759.4
840	0.396439	-2862.69
841	0.383063	-2642.25
842	0.380099	-2632.78
843	0.377198	-2559.07
844	0.388844	-2699.86
845	0.382914	-2621.1
846	0.384402	-2665.03
847	0.38925	-2759.14
848	0.380142	-2606.5
849	0.386414	-2714.19
850	0.390771	-2770.03
851	0.38326	-2635.72
852	0.389486	-2745.85
853	0.391051	-2710.44
854	0.387028	-2701.55
855	0.394471	-2814.56
856	0.386685	-2706.8
857	0.380037	-2652.59
858	0.378479	-2545.18
859	0.385216	-2685.75
860	0.383271	-2659.06
861	0.390787	-2739.48
862	0.386908	-2733.87
863	0.382377	-2615.04
864	0.387294	-2696.38
865	0.382849	-2662.79
866	0.38779	-2701.73
867	0.373463	-2515.3
868	0.393592	-2790.5
869	0.392505	-2774.22
870	0.382746	-2643.48
871	0.394477	-2784.23
872	0.383299	-2639.8
873	0.381039	-2597.51
874	0.383233	-2639.03
875	0.391374	-2758.38
876	0.380714	-2618.59
877	0.389383	-2728
878	0.385852	-2691.19
879	0.381088	-2610.39
880	0.386795	-2714.53
881	0.38797	-2681.55
882	0.386407	-2663.59
883	0.375148	-2529.69
884	0.387812	-2691.14
885	0.385742	-2680
886	0.386069	-2696.39
887	0.377247	-2580.71
888	0.388061	-2681.38
889	0.38531	-2673.84
890	0.389847	-2760.02
891	0.39071	-2749.13
892	0.386012	-2712.47
893	0.391122	-2774.17
894	0.386319	-2655.05
895	0.388373	-2689.41
896	0.382321	-2612.16
897	0.379334	-2565.73
898	0.391835	-2738.47
899	0.389994	-2737.53
900	0.374463	-2515.26
901	0.391845	-2779.4
902	0.379517	-2598.53
903	0.382878	-2618.59
904	0.377557	-2563.68
905	0.383539	-2591.22
906	0.382068	-2621.62
907	0.37878	-2619.13
908	0.382906	-2671.06
909	0.377622	-2519.39
910	0.384882	-2694.54
911	0.382256	-2616.33
912	0.393457	-2754.82
913	0.393623	-2747.19
914	0.39132	-2761.1
915	0.389841	-2735.95
916	0.384867	-2667.26
917	0.383954	-2694.12
918	0.377973	-2559.49
919	0.38585	-2643.9
920	0.386383	-2672.77
921	0.38467	-2664.35
922	0.380647	-2612.17
923	0.38778	-2739.94
924	0.381383	-2656.29
925	0.38103	-2570.91
926	0.393754	-2804.56
927	0.386762	-2707.28
928	0.387313	-2664.99
929	0.390687	-2719.77
930	0.382328	-2645.56
931	0.385266	-2709.31
932	0.39143	-2757.97
933	0.385477	-2671.56
934	0.38019	-2538.53
935	0.392376	-2796.96
936	0.382482	-2624.3
937	0.383403	-2650.64
938	0.382084	-2625.58
939	0.384251	-2657.32
940	0.38607	-2706.7
941	0.383197	-2637.56
942	0.38398	-2627.01
943	0.385562	-2590.06
944	0.382803	-2644.98
945	0.389664	-2721.24
946	0.379321	-2607.59
947	0.382575	-2645.05
948	0.391738	-2764.47
949	0.37066	-2482.35
950	0.382873	-2609.54
951	0.386398	-2683.16
952	0.387948	-2740.49
953	0.385904	-2700.24
954	0.38561	-2685.88
955	0.395681	-2778.12
956	0.38666	-2666.24
957	0.392837	-2847.38
958	0.388744	-2738.59
959	0.385072	-2671.7
960	0.393576	-2799.33
961	0.395073	-2830.59
962	0.381068	-2636.85
963	0.388481	-2735.8
964	0.382091	-2620.21
965	0.38779	-2656.08
966	0.396213	-2830.76
967	0.391955	-2776.55
968	0.380021	-2566.64
969	0.389868	-2727.25
970	0.382199	-2605.83
971	0.381158	-2593.82
972	0.382241	-2646.25
973	0.385917	-2676.66
974	0.379051	-2595.65
975	0.38943	-2682.46
976	0.381593	-2615.76
977	0.391202	-2744.7
978	0.386046	-2729.02
979	0.38918	-2671.17
980	0.388442	-2648.14
981	0.383791	-2646.5
982	0.392489	-2795.1
983	0.394213	-2819.24
984	0.377698	-2556.57
985	0.393392	-2811.22
986	0.39321	-2751.9
987	0.392643	-2788.56
988	0.375944	-2497.84
989	0.383862	-2678.5
990	0.38134	-2655.19
991	0.385841	-2673.82
992	0.380749	-2632.08
993	0.385996	-2703.66
994	0.392328	-2761.24
995	0.377145	-2575.99
996	0.380444	-2650.2
997	0.382272	-2656.37
998	0.390923	-2750.22
999	0.38254	-2618.41
1000	0.384055	-2637.99
1001	0.385991	-2683.98
1002	0.385389	-2638.67
1003	0.386923	-2682.64
1004	0.396012	-2823.65
1005	0.380478	-2590.09
1006	0.387045	-2711.94
1007	0.380862	-2598.58
1008	0.389935	-2736.79
1009	0.372706	-2510.11
1010	0.38764	-2758.19
1011	0.386135	-2699.65
1012	0.385476	-2699.75
1013	0.384656	-2677.75
1014	0.383789	-2656.06
1015	0.391245	-2723.16
1016	0.393894	-2759.35
1017	0.380844	-2661.03
1018	0.386777	-2646.78
1019	0.39623	-2783.24
1020	0.384496	-2670.85
1021	0.387361	-2687.76
1022	0.39373	-2810.77
1023	0.379874	-2609.51
1024	0.385168	-2667.29
1025	0.384072	-2633.6
1026	0.379606	-2596.74
1027	0.384994	-2655.51
1028	0.38579	-2656.42
1029	0.386703	-2671.59
1030	0.385403	-2683.5
1031	0.386976	-2672.94
1032	0.392651	-2775.1
1033	0.383711	-2656.16
1034	0.381318	-2618.09
1035	0.389811	-2750.16
1036	0.38287	-2641.77
1037	0.384814	-2636.35
1038	0.380675	-2640.28
1039	0.382368	-2613.73
1040	0.390764	-2792.23
1041	0.386108	-2679.82
1042	0.387163	-2727.68
1043	0.3894	-2740.6
1044	0.387221	-2706.51
1045	0.383238	-2636.83
1046	0.37188	-2478.36
1047	0.392804	-2781.55
1048	0.386352	-2649.49
1049	0.386967	-2722.04
1050	0.388334	-2742.86
1051	0.38688	-2636.57
1052	0.380795	-2607.12
1053	0.381783	-2616
1054	0.382343	-2637.87
1055	0.378953	-2570.25
1056	0.383769	-2638.28
1057	0.393967	-2797.02
1058	0.386244	-2671.52
1059	0.385235	-2699.04
1060	0.384878	-2637.94
1061	0.379194	-2579.92
1062	0.382702	-2665.29
1063	0.379087	-2556.27
1064	0.379027	-2582.62
1065	0.381282	-2645.44
1066	0.395863	-2803.73
1067	0.387052	-2682.71
1068	0.391827	-2739.95
1069	0.390736	-2781.08
1070	0.379477	-2598.13
1071	0.377069	-2590.97
1072	0.390836	-2727.45
1073	0.391809	-2747.35
1074	0.388105	-2725.41
1075	0.382108	-2632.27
1076	0.385418	-2661.11
1077	0.387913	-2707.61
1078	0.385177	-2643.74
1079	0.381359	-2616.6
1080	0.395178	-2804.67
1081	0.381943	-2606.59
1082	0.387466	-2738.09
1083	0.386995	-2670.84
1084	0.39018	-2735.45
1085	0.389204	-2784.57
1086	0.391707	-2734.89
1087	0.385461	-2732.12
1088	0.382236	-2628.14
1089	0.386841	-2705.31
1090	0.389998	-2732.19
1091	0.392628	-2765.46
1092	0.389173	-2706.92
1093	0.38906	-2727.11
1094	0.394118	-2756.33
1095	0.379308	-2634.47
1096	0.386518	-2708.29
1097	0.382811	-2576.54
1098	0.375399	-2531.84
1099	0.391109	-2739.82
1100	0.378968	-2623.18
1101	0.385224	-2667.82
1102	0.388008	-2723.72
1103	0.380776	-2633.31
1104	0.382606	-2607.65
1105	0.387941	-2706.08
1106	0.390123	-2749.78
1107	0.389498	-2727.8
1108	0.384567	-2654.53
1109	0.385627	-2647.1
1110	0.379596	-2624.74
1111	0.388865	-2721.38
1112	0.38704	-2744.52
1113	0.388905	-2699.3
1114	0.38367	-2684.74
1115	0.38145	-2611.03
1116	0.380089	-2579.81
1117	0.379453	-2595.01
1118	0.395906	-2814.54
1119	0.38679	-2660.84
1120	0.383152	-2637.59
1121	0.39239	-2759.71
1122	0.38194	-2629.12
1123	0.386808	-2726.07
1124	0.386038	-2657.34
1125	0.389546	-2699.48
1126	0.39136	-2796.87
1127	0.390237	-2701.99
1128	0.378453	-2561.73
1129	0.38515	-2658.89
1130	0.39398	-2780.49
1131	0.385396	-2703.27
1132	0.383143	-2629.41
1133	0.391806	-2762.8
1134	0.386191	-2700.34
1135	0.389066	-2740.55
1136	0.388153	-2739.56
1137	0.387364	-2713.68
1138	0.378227	-2610.04
1139	0.381643	-2653.06
1140	0.387241	-2709.23
1141	0.389826	-2765.11
1142	0.390521	-2757.55
1143	0.390154	-2754.77
1144	0.386263	-2704.56
1145	0.388903	-2693.98
1146	0.375688	-2542.85
1147	0.388971	-2729.94
1148	0.386871	-2726.88
1149	0.380609	-2591.47
1150	0.382836	-2622.07
1151	0.384354	-2678.93
1152	0.387012	-2694.9
1153	0.388856	-2753.97
1154	0.385641	-2673.58
1155	0.39235	-2780.89
1156	0.385607	-2679.96
1157	0.390218	-2709.6
1158	0.391253	-2782.86
1159	0.393574	-2779.89
1160	0.384213	-2628.43
1161	0.386417	-2696.1
1162	0.393321	-2808.18
1163	0.379661	-2602.6
1164	0.389103	-2738.6
1165	0.392345	-2742.05
1166	0.383437	-2629.88
1167	0.389889	-2693.64
1168	0.38745	-2690.02
1169	0.384217	-2617.02
1170	0.386198	-2675.1
1171	0.392227	-2793.88
1172	0.391629	-2772.94
1173	0.391239	-2710.24
1174	0.393762	-2769.46
1175	0.391433	-2735.34
1176	0.38979	-2751.45
1177	0.387914	-2703.86
1178	0.38146	-2570.84
1179	0.389731	-2727.68
1180	0.392107	-2703.5
1181	0.390191	-2743.61
1182	0.380878	-2613.33
1183	0.37966	-2575.53
1184	0.387869	-2716
1185	0.386188	-2703.17
1186	0.390361	-2755.1
1187	0.382244	-2609.44
1188	0.381974	-2602.09
1189	0.391857	-2739.67
1190	0.38588	-2680.15
1191	0.380865	-2609.78
1192	0.388918	-2725.32
1193	0.390583	-2712.99
1194	0.383329	-2636.5
1195	0.384162	-2653.11
1196	0.377881	-2557.92
1197	0.382928	-2592.8
1198	0.387166	-2699.84
1199	0.385358	-2666.09
1200	0.391577	-2733.46
1201	0.387741	-2719.85
1202	0.386394	-2663.91
1203	0.387361	-2693.34
1204	0.375241	-2533.45
1205	0.380776	-2634.35
1206	0.390893	-2731.07
1207	0.384864	-2656.2
1208	0.386556	-2703.75
1209	0.383897	-2645
1210	0.385317	-2661.82
1211	0.37796	-2609.97
1212	0.388344	-2717.73
1213	0.384727	-2664.71
1214	0.383227	-2624.35
1215	0.390709	-2749.5
1216	0.385242	-2704.07
1217	0.3876	-2742.41
1218	0.387707	-2704.45
1219	0.380045	-2616.52
1220	0.386802	-2684.36
1221	0.391114	-2750.02
1222	0.379812	-2601.58
1223	0.389933	-2749.46
1224	0.382994	-2622.56
1225	0.389822	-2714.22
1226	0.379707	-2582.29
1227	0.379959	-2628.39
1228	0.391309	-2773.97
1229	0.380195	-2577.82
1230	0.385116	-2671.34
1231	0.38509	-2665.28
1232	0.377527	-2561.22
1233	0.383433	-2623.58
1234	0.392286	-2756.62
1235	0.38388	-2600.8
1236	0.379386	-2607.59
1237	0.383199	-2644.7
1238	0.3856	-2663.42
1239	0.384973	-2664.88
1240	0.388144	-2679.72
1241	0.384116	-2641.8
1242	0.388635	-2774.88
1243	0.384894	-2650.59
1244	0.391327	-2746.02
1245	0.385864	-2650.65
1246	0.388766	-2696.62
1247	0.388757	-2752.5
1248	0.390376	-2748.72
1249	0.390423	-2765.86
1250	0.383846	-2647.48
1251	0.386189	-2699.9
1252	0.383283	-2651.32
1253	0.386819	-2691.75
1254	0.382708	-2605.65
1255	0.38263	-2667.75
1256	0.383513	-2649.34
1257	0.388858	-2758.23
1258	0.392313	-2768.13
1259	0.386946	-2683.14
1260	0.384007	-2634.7
1261	0.390259	-2740.65
1262	0.387995	-2699.4
1263	0.384721	-2663.99
1264	0.388317	-2729.37
1265	0.382671	-2610.15
1266	0.393879	-2807.35
1267	0.376059	-2517.05
1268	0.385341	-2699.17
1269	0.382913	-2630.57
1270	0.384978	-2673.46
1271	0.38568	-2688.57
1272	0.385511	-2632.16
1273	0.392724	-2796.95
1274	0.382212	-2615.65
1275	0.394773	-2810.8
1276	0.380485	-2611.43
1277	0.387637	-2697.59
1278	0.381615	-2680.27
1279	0.385344	-2708.77
1280	0.388941	-2723.82
1281	0.381354	-2572.64
1282	0.387269	-2699.81
1283	0.386281	-2679.33
1284	0.394071	-2798.75
1285	0.381674	-2626.06
1286	0.376716	-2547.14
1287	0.38814	-2726.49
1288	0.382278	-2670.34
1289	0.381236	-2645.54
1290	0.390924	-2722.57
1291	0.38282	-2640.08
1292	0.379747	-2580.12
1293	0.385538	-2644.63
1294	0.374452	-2529.5
1295	0.388554	-2699.12
1296	0.383728	-2641.88
1297	0.384843	-2655
1298	0.392397	-2758.96
1299	0.388763	-2746.03
1300	0.380321	-2610.34
1301	0.381529	-2622.15
1302	0.382751	-2618.98
1303	0.387973	-2696.31
1304	0.388301	-2704.56
1305	0.385989	-2695.28
1306	0.382622	-2633.09
1307	0.387732	-2708.09
1308	0.378695	-2593.6
1309	0.385538	-2676.2
1310	0.381144	-2582.09
1311	0.379998	-2583.16
1312	0.386235	-2671.34
1313	0.386586	-2643.13
1314	0.387095	-2716.45
1315	0.378233	-2598.24
1316	0.391661	-2768.47
1317	0.388484	-2730.33
1318	0.381421	-2606.97
1319	0.379072	-2596.16
1320	0.387772	-2676.73
1321	0.387791	-2680.04
1322	0.385377	-2637.31
1323	0.389242	-2741.44
1324	0.388736	-2654.56
1325	0.378821	-2567.41
1326	0.389586	-2730.63
1327	0.387219	-2710.19
1328	0.385184	-2650.88
1329	0.385924	-2699.61
1330	0.389736	-2699.31
1331	0.376383	-2542.39
1332	0.392465	-2790.32
1333	0.384467	-2662.56
1334	0.38793	-2688.66
1335	0.39345	-2796.49
1336	0.379555	-2587.86
1337	0.396234	-2801.64
1338	0.378714	-2587.01
1339	0.389343	-2734.71
1340	0.38802	-2688.53
1341	0.380189	-2601.15
1342	0.395745	-2809.63
1343	0.388939	-2695.97
1344	0.389612	-2693.83
1345	0.387436	-2672.77
1346	0.384407	-2645.02
1347	0.388114	-2701.97
1348	0.385589	-2667.59
1349	0.383112	-2643.65
1350	0.383583	-2626.58
1351	0.382392	-2616.95
1352	0.388299	-2720.8
1353	0.383936	-2618.38
1354	0.399274	-2856.24
1355	0.38521	-2654.02
1356	0.382867	-2625.45
1357	0.384415	-2647.35
1358	0.372052	-2520.8
1359	0.386481	-2692.98
1360	0.381861	-2633.23
1361	0.385726	-2730.98
1362	0.382057	-2616.82
1363	0.378805	-2577.89
1364	0.38649	-2695.28
1365	0.385354	-2637.21
1366	0.386439	-2683.38
1367	0.381742	-2633.55
1368	0.381374	-2560.07
1369	0.385742	-2661.46
1370	0.379006	-2574.95
1371	0.386043	-2655.68
1372	0.383188	-2583.12
1373	0.389131	-2721.6
1374	0.376202	-2546.2
1375	0.380481	-2589.28
1376	0.381824	-2575.69
1377	0.384023	-2613.27
1378	0.387996	-2727.27
1379	0.389215	-2716.27
1380	0.381574	-2602.28
1381	0.375209	-2510.91
1382	0.386266	-2698.28
1383	0.383261	-2626.51
1384	0.390884	-2772.44
1385	0.393466	-2815.91
1386	0.389129	-2736.86
1387	0.381735	-2591.42
1388	0.388476	-2707.66
1389	0.390839	-2757.9
1390	0.376096	-2548.04
1391	0.391915	-2740.68
1392	0.383555	-2659.27
1393	0.383018	-2642.5
1394	0.382016	-2635.77
1395	0.391985	-2762.28
1396	0.38244	-2643.35
1397	0.380169	-2576.31
1398	0.388056	-2701.88
1399	0.384128	-2634.73
1400	0.391041	-2756.94
1401	0.382935	-2618.81
1402	0.383795	-2622.14
1403	0.386642	-2662.24
1404	0.390549	-2740.71
1405	0.383001	-2661.89
1406	0.387821	-2709.21
1407	0.384658	-2653.09
1408	0.39025	-2680.88
1409	0.387682	-2667.86
1410	0.37756	-2537.76
1411	0.383323	-2626.2
1412	0.38671	-2721.04
1413	0.390303	-2740.87
1414	0.380219	-2577.36
1415	0.382395	-2632.1
1416	0.383995	-2634.7
1417	0.391278	-2777.56
1418	0.388588	-2736.95
1419	0.388492	-2665.82
1420	0.38252	-2593.28
1421	0.38039	-2536.65
1422	0.38638	-2692.21
1423	0.385936	-2718.65
1424	0.38315	-2630.98
1425	0.385204	-2653.91
1426	0.395152	-2782.84
1427	0.383921	-2603.77
1428	0.388136	-2716.1
1429	0.378013	-2566.18
1430	0.385323	-2669.21
1431	0.382475	-2650.58
1432	0.389919	-2728.73
1433	0.38337	-2604.34
1434	0.382426	-2616.13
1435	0.382796	-2681.47
1436	0.391726	-2735.6
1437	0.38292	-2640.12
1438	0.38769	-2697.46
1439	0.385902	-2675.29
1440	0.38233	-2600.73
1441	0.387687	-2698.03
1442	0.393232	-2763.83
1443	0.383785	-2633.61
1444	0.392215	-2739.6
1445	0.384615	-2693.99
1446	0.388175	-2711.71
1447	0.381802	-2618.47
1448	0.374394	-2536.94
1449	0.391143	-2754.05
1450	0.3831	-2660.17
1451	0.383712	-2712.79
1452	0.390082	-2768.97
1453	0.388752	-2724.14
1454	0.380894	-2631.65
1455	0.381188	-2639.17
1456	0.384519	-2681.24
1457	0.391481	-2747.44
1458	0.385053	-2661.57
1459	0.392409	-2786.91
1460	0.381242	-2670.62
1461	0.38166	-2599.58
1462	0.391391	-2741.64
1463	0.388864	-2693.39
1464	0.387174	-2701.5
1465	0.387286	-2714.25
1466	0.389546	-2725.99
1467	0.37948	-2575.38
1468	0.387455	-2704.78
1469	0.381413	-2619.19
1470	0.385996	-2675.46
1471	0.378622	-2603.1
1472	0.383242	-2633.74
1473	0.380962	-2585.86
1474	0.387656	-2735.2
1475	0.38676	-2689.28
1476	0.382836	-2636.01
1477	0.385553	-2681.5
1478	0.383782	-2677.19
1479	0.384077	-2629.13
1480	0.385718	-2657.29
1481	0.387615	-2728.59
1482	0.389324	-2733.51
1483	0.385929	-2646.01
1484	0.390655	-2701.66
1485	0.380073	-2542.49
1486	0.388541	-2715.66
1487	0.394334	-2777.1
1488	0.375987	-2554.89
1489	0.387282	-2711.68
1490	0.385506	-2657.6
1491	0.388672	-2708.96
1492	0.381284	-2648.72
1493	0.389986	-2739.9
1494	0.38606	-2687.16
1495	0.385699	-2642.63
1496	0.387089	-2664.39
1497	0.387883	-2712.21
1498	0.377181	-2562.1
1499	0.394516	-2789.86
1500	0.384328	-2658.34
1501	0.381696	-2600.47
1502	0.378557	-2569.97
1503	0.394667	-2838.28
1504	0.382229	-2619.32
1505	0.389412	-2730.72
1506	0.387241	-2695.74
1507	0.391739	-2772.23
1508	0.375866	-2549.99
1509	0.388513	-2706.57
1510	0.388873	-2730.8
1511	0.384122	-2631.97
1512	0.380215	-2592.14
1513	0.386122	-2652.33
1514	0.388168	-2736.82
1515	0.385404	-2686.95
1516	0.390571	-2774.42
1517	0.379562	-2627.29
1518	0.390187	-2727.63
1519	0.39709	-2860.38
1520	0.390775	-2761.68
1521	0.38289	-2618.74
1522	0.382576	-2664.5
1523	0.388037	-2723.22
1524	0.395476	-2830.95
1525	0.393805	-2799.39
1526	0.384734	-2642.26
1527	0.387943	-2704.34
1528	0.382591	-2609
1529	0.393976	-2745.16
1530	0.390318	-2764.97
1531	0.390832	-2736.82
1532	0.384748	-2690.77
1533	0.392103	-2750.58
1534	0.382118	-2604.9
1535	0.383289	-2603.55
1536	0.379755	-2542.24
1537	0.379439	-2575.27
1538	0.389912	-2738.88
1539	0.378264	-2599.69
1540	0.376778	-2519.8
1541	0.383386	-2649.58
1542	0.375007	-2535.46
1543	0.395798	-2807.01
1544	0.381508	-2644.81
1545	0.390462	-2751.89
1546	0.387116	-2708.83
1547	0.389977	-2735.69
1548	0.390403	-2730.63
1549	0.392012	-2770.16
1550	0.382331	-2620.53
1551	0.38374	-2630.19
1552	0.385426	-2678.04
1553	0.389362	-2725.01
1554	0.384129	-2643.25
1555	0.382895	-2664.89
1556	0.386192	-2687.85
1557	0.388309	-2681.46
1558	0.378975	-2586.83
1559	0.38154	-2615.26
1560	0.386294	-2676.65
1561	0.38551	-2667.92
1562	0.384615	-2689.61
1563	0.397107	-2818.53
1564	0.381123	-2651.85
1565	0.391859	-2789.43
1566	0.385447	-2691.24
1567	0.385621	-2646.41
1568	0.38083	-2595.37
1569	0.388721	-2694.57
1570	0.382853	-2646.19
1571	0.374947	-2506.9
1572	0.381026	-2646.16
1573	0.386703	-2675.95
1574	0.390222	-2761.4
1575	0.390906	-2756.51
1576	0.383591	-2650.78
1577	0.390656	-2706.72
1578	0.384958	-2681.86
1579	0.37869	-2544.65
1580	0.38046	-2591.44
1581	0.388495	-2671.43
1582	0.381538	-2626.26
1583	0.386522	-2675.48
1584	0.38091	-2579.01
1585	0.387658	-2679.33
1586	0.390027	-2723.16
1587	0.38837	-2683.27
1588	0.385255	-2651.3
1589	0.389148	-2730.5
1590	0.389914	-2777.5
1591	0.391444	-2727.99
1592	0.387239	-2745.3
1593	0.385407	-2663.62
1594	0.386063	-2652.68
1595	0.39445	-2823.1
1596	0.385759	-2690.77
1597	0.375593	-2551.21
1598	0.38141	-2629.71
1599	0.385767	-2656.96
1600	0.390881	-2715.96
1601	0.385902	-2674.3
1602	0.385507	-2664.12
1603	0.38132	-2619.24
1604	0.389641	-2719.77
1605	0.388396	-2695.78
1606	0.389727	-2753.98
1607	0.387371	-2695.74
1608	0.380639	-2620.99
1609	0.380523	-2587.32
1610	0.381379	-2618.96
1611	0.387028	-2729.28
1612	0.383945	-2662.69
1613	0.384653	-2685.49
1614	0.380273	-2566.64
1615	0.370717	-2454.59
1616	0.386351	-2696.04
1617	0.385127	-2660.31
1618	0.382155	-2643.18
1619	0.382854	-2612.72
1620	0.38481	-2689.84
1621	0.376621	-2544.8
1622	0.386228	-2641.84
1623	0.387031	-2688.16
1624	0.380546	-2593.69
1625	0.384795	-2651.55
1626	0.383373	-2639.51
1627	0.388679	-2695.13
1628	0.38436	-2659.36
1629	0.382263	-2635.93
1630	0.375537	-2518.4
1631	0.38196	-2615.3
1632	0.382595	-2613.61
1633	0.380493	-2583.14
1634	0.383307	-2651.25
1635	0.390015	-2742.17
1636	0.376131	-2542.19
1637	0.390832	-2726.82
1638	0.385682	-2672.49
1639	0.388677	-2708.71
1640	0.387428	-2708.93
1641	0.386674	-2671.72
1642	0.385975	-2660.04
1643	0.387903	-2704.96
1644	0.387753	-2700.2
1645	0.379344	-2546.44
1646	0.385542	-2657.17
1647	0.380234	-2613.11
1648	0.384363	-2674.79
1649	0.37809	-2605.93
1650	0.382923	-2657.9
1651	0.386055	-2701.23
1652	0.385128	-2682.12
1653	0.389262	-2674.5
1654	0.382968	-2628.28
1655	0.385487	-2652.6
1656	0.388797	-2720.54
1657	0.387878	-2674.36
1658	0.394184	-2831.9
1659	0.38649	-2682.39
1660	0.379283	-2584.45
1661	0.391916	-2833.8
1662	0.383176	-2616.68
1663	0.39361	-2832.36
1664	0.390145	-2728.83
1665	0.376091	-2556.12
1666	0.388128	-2707.94
1667	0.381609	-2577.52
1668	0.384098	-2687.74
1669	0.386997	-2687.96
1670	0.384873	-2679.46
1671	0.386896	-2669.72
1672	0.383023	-2640.1
1673	0.390235	-2719.75
1674	0.387997	-2736.89
1675	0.385687	-2680.88
1676	0.380237	-2618.47
1677	0.398648	-2886.22
1678	0.39406	-2783.37
1679	0.385767	-2664.44
1680	0.388454	-2665.98
1681	0.387375	-2655.03
1682	0.392058	-2783.56
1683	0.38626	-2656.15
1684	0.378886	-2599.64
1685	0.375248	-2460.89
1686	0.386696	-2680.24
1687	0.37961	-2592.68
1688	0.384826	-2629.02
1689	0.388054	-2717.89
1690	0.382148	-2597.87
1691	0.383661	-2638.72
1692	0.388733	-2707.36
1693	0.389425	-2722.42
1694	0.384507	-2639.34
1695	0.387315	-2689.24
1696	0.383567	-2631.22
1697	0.379963	-2571.58
1698	0.380029	-2587.21
1699	0.388289	-2780.3
1700	0.382173	-2635.61
1701	0.389459	-2737.58
1702	0.37595	-2504.41
1703	0.378479	-2570.97
1704	0.384919	-2667
1705	0.381527	-2627.22
1706	0.384709	-2633.3
1707	0.386673	-2705.61
1708	0.38934	-2688.06
1709	0.381755	-2646.08
1710	0.372786	-2526.03
1711	0.38329	-2638.99
1712	0.38255	-2621.18
1713	0.379083	-2610.75
1714	0.382886	-2604.82
1715	0.378094	-2581.66
1716	0.385909	-2677.92
1717	0.387345	-2727.06
1718	0.392722	-2784.08
1719	0.386258	-2657.26
1720	0.376367	-2549.21
1721	0.384408	-2673.31
1722	0.394685	-2779.3
1723	0.379272	-2615.73
1724	0.380172	-2593.32
1725	0.382307	-2608.2
1726	0.385047	-2621.26
1727	0.389547	-2746.65
1728	0.381349	-2646.75
1729	0.381625	-2628.61
1730	0.391026	-2731.43
1731	0.382334	-2631.78
1732	0.38484	-2646.95
1733	0.383951	-2650.27
1734	0.385947	-2691.39
1735	0.382502	-2635.43
1736	0.377011	-2542.7
1737	0.387554	-2685.73
1738	0.382435	-2634.14
1739	0.383353	-2625.48
1740	0.388734	-2740.02
1741	0.383757	-2631.14
1742	0.386328	-2668.39
1743	0.387602	-2702.23
1744	0.38834	-2721.36
1745	0.382213	-2643.92
1746	0.388666	-2713.53
1747	0.392751	-2802.34
1748	0.39165	-2729.07
1749	0.383714	-2653.78
1750	0.379724	-2602.94
1751	0.381192	-2646.09
1752	0.386419	-2721.51
1753	0.384405	-2615.13
1754	0.387056	-2732.28
1755	0.383536	-2665.83
1756	0.383632	-2618.47
1757	0.388207	-2710.64
1758	0.387425	-2676.35
1759	0.384495	-2680.92
1760	0.384559	-2650.13
1761	0.383586	-2598.27
1762	0.389982	-2748.79
1763	0.380673	-2603.52
1764	0.396264	-2849.48
1765	0.381018	-2597.72
1766	0.38314	-2624.19
1767	0.384364	-2650.44
1768	0.38947	-2723.48
1769	0.387112	-2689.47
1770	0.384289	-2672.85
1771	0.38517	-2601.19
1772	0.386838	-2729.52
1773	0.391697	-2739.85
1774	0.384612	-2635.12
1775	0.390384	-2769.03
1776	0.391358	-2736.98
1777	0.389399	-2733.15
1778	0.382161	-2624.09
1779	0.38159	-2601.24
1780	0.384171	-2647.82
1781	0.379937	-2574.83
1782	0.388594	-2734.88
1783	0.384263	-2599.57
1784	0.387347	-2685.22
1785	0.380204	-2581.3
1786	0.387059	-2698.48
1787	0.374414	-2529.36
1788	0.391654	-2740.24
1789	0.393051	-2806.75
1790	0.37619	-2579.66
1791	0.378931	-2544.26
1792	0.390988	-2723.75
1793	0.382375	-2626.11
1794	0.377562	-2514.37
1795	0.38456	-2604.07
1796	0.389852	-2739.84
1797	0.374511	-2503.43
1798	0.382734	-2600.45
1799	0.3841	-2642.05
1800	0.386787	-2657.34
1801	0.391013	-2817.81
1802	0.386532	-2665
1803	0.391142	-2734.88
1804	0.37966	-2583.76
1805	0.381847	-2599.04
1806	0.387043	-2704.95
1807	0.391152	-2791.99
1808	0.387508	-2708.83
1809	0.38788	-2674.43
1810	0.378315	-2590.7
1811	0.384751	-2697.02
1812	0.38746	-2692.1
1813	0.391693	-2721.76
1814	0.386884	-2628.17
1815	0.393696	-2802
1816	0.388453	-2719.68
1817	0.37862	-2587.3
1818	0.391156	-2732.74
1819	0.380619	-2600.58
1820	0.384675	-2622.12
1821	0.371042	-2463.14
1822	0.39304	-2777.95
1823	0.394724	-2828.46
1824	0.384512	-2658.86
1825	0.387153	-2651.87
1826	0.398923	-2834.51
1827	0.390598	-2802.56
1828	0.396632	-2855.82
1829	0.381112	-2613.4
1830	0.381012	-2597.22
1831	0.388397	-2684.33
1832	0.38493	-2630.94
1833	0.384793	-2636.86
1834	0.384344	-2643.72
1835	0.383347	-2669.21
1836	0.392254	-2760.22
1837	0.390751	-2752.17
1838	0.376536	-2511.16
1839	0.378064	-2557.95
1840	0.383143	-2638.73
1841	0.385204	-2677.48
1842	0.387438	-2687.27
1843	0.379941	-2588.56
1844	0.387307	-2682.96
1845	0.390241	-2743.55
1846	0.38072	-2573.98
1847	0.381536	-2604.18
1848	0.387347	-2705.43
1849	0.375118	-2529
1850	0.380624	-2629.1
1851	0.376109	-2562.48
1852	0.389525	-2735.62
1853	0.389926	-2765.97
1854	0.380689	-2574.34
1855	0.385613	-2710.76
1856	0.388978	-2687.18
1857	0.38241	-2617.81
1858	0.387785	-2715.3
1859	0.388857	-2756.41
1860	0.387277	-2720.51
1861	0.383559	-2657.5
1862	0.384065	-2641.2
1863	0.387364	-2675.74
1864	0.384973	-2644.48
1865	0.385489	-2707.16
1866	0.380025	-2580.12
1867	0.376033	-2542.88
1868	0.38094	-2600
1869	0.390299	-2725.08
1870	0.384336	-2668.19
1871	0.380278	-2579.24
1872	0.386877	-2673.02
1873	0.389087	-2679.21
1874	0.385791	-2737.57
1875	0.384244	-2650.02
1876	0.386293	-2689.4
1877	0.389073	-2736.98
1878	0.38819	-2679.87
1879	0.393488	-2778.49
1880	0.383623	-2679.76
1881	0.388719	-2699.79
1882	0.388145	-2699.01
1883	0.379552	-2570.42
1884	0.390668	-2715.31
1885	0.38606	-2680.51
1886	0.382622	-2654.63
1887	0.381796	-2608.75
1888	0.386764	-2690.71
1889	0.386468	-2655.74
1890	0.389218	-2756.89
1891	0.389535	-2708.55
1892	0.387653	-2719.03
1893	0.387098	-2729.02
1894	0.390304	-2744.12
1895	0.375012	-2548.1
1896	0.387989	-2668.97
1897	0.3919	-2750.48
1898	0.38685	-2661.44
1899	0.384046	-2664.73
1900	0.384509	-2663.84
1901	0.389015	-2721.12
1902	0.38476	-2661.54
1903	0.390728	-2732.95
1904	0.376415	-2563.83
1905	0.38652	-2694.74
1906	0.385051	-2644.88
1907	0.375784	-2535.29
1908	0.386437	-2706.92
1909	0.391639	-2760.98
1910	0.387166	-2687.24
1911	0.394766	-2841.4
1912	0.376109	-2572.93
1913	0.378596	-2570.52
1914	0.380401	-2598.09
1915	0.390364	-2730.48
1916	0.38538	-2676.38
1917	0.386447	-2651.47
1918	0.38177	-2630.34
1919	0.383927	-2645.5
1920	0.382317	-2617.28
1921	0.385383	-2633.56
1922	0.378682	-2588.82
1923	0.379151	-2572.5
1924	0.388734	-2677.62
1925	0.378545	-2571.74
1926	0.391959	-2777.31
1927	0.381971	-2640.07
1928	0.398395	-2877.92
1929	0.379264	-2619.1
1930	0.380449	-2607.78
1931	0.389092	-2763.26
1932	0.388211	-2701.7
1933	0.385454	-2705.48
1934	0.392917	-2798.23
1935	0.379081	-2595.71
1936	0.390076	-2706.49
1937	0.38807	-2724.08
1938	0.386864	-2714.99
1939	0.388564	-2707.22
1940	0.385327	-2662.51
1941	0.38011	-2582.67
1942	0.374372	-2499.24
1943	0.393141	-2822.56
1944	0.387934	-2690.61
1945	0.390028	-2718.46
1946	0.387969	-2702.9
1947	0.388719	-2707.14
1948	0.375309	-2590.83
1949	0.375533	-2535.95
1950	0.3775	-2553.26
1951	0.387842	-2737.83
1952	0.388434	-2711.39
1953	0.384314	-2653.2
1954	0.383047	-2633.25
1955	0.380822	-2624.2
1956	0.384791	-2673.53
1957	0.381348	-2637.45
1958	0.391704	-2765.82
1959	0.390481	-2734.11
1960	0.385979	-2691.86
1961	0.376809	-2561.74
1962	0.387786	-2701.54
1963	0.381551	-2557.06
1964	0.380494	-2585.67
1965	0.387807	-2764.28
1966	0.384704	-2673.32
1967	0.379954	-2591.24
1968	0.383106	-2634.01
1969	0.387028	-2699.46
1970	0.386329	-2674.98
1971	0.389336	-2714.41
1972	0.385774	-2684.32
1973	0.387186	-2678.69
1974	0.391388	-2740.37
1975	0.385915	-2636.68
1976	0.392528	-2803.95
1977	0.388867	-2700.35
1978	0.393184	-2794.39
1979	0.382322	-2616.23
1980	0.381978	-2642.12
1981	0.38941	-2728.08
1982	0.387645	-2706.31
1983	0.374417	-2489.38
1984	0.377711	-2606.56
1985	0.388643	-2718.94
1986	0.385769	-2655.46
1987	0.377551	-2583.76
1988	0.386164	-2699.9
1989	0.382113	-2648.14
1990	0.383284	-2631.28
1991	0.389209	-2735.73
1992	0.381486	-2602.83
1993	0.397459	-2898.38
1994	0.381031	-2619.34
1995	0.396066	-2804.12
1996	0.383031	-2598.8
1997	0.396708	-2851.56
1998	0.38861	-2727.58
1999	0.388012	-2676.67
2000	0.38228	-2625.54
2001	0.385428	-2668.61
2002	0.385003	-2665.9
2003	0.386222	-2696.65
2004	0.388067	-2739.19
2005	0.37572	-2572.94
2006	0.385327	-2683.37
2007	0.38426	-2637.33
2008	0.387138	-2673.75
2009	0.384254	-2670.32
2010	0.377945	-2547.69
2011	0.389183	-2688.13
2012	0.381558	-2605.51
2013	0.384684	-2612.2
2014	0.384305	-2715.42
2015	0.39005	-2720.17
2016	0.385564	-2670.29
2017	0.376417	-2528.32
2018	0.384637	-2661.32
2019	0.386213	-2673.93
2020	0.382384	-2643.95
2021	0.384533	-2697.83
2022	0.388626	-2698.13
2023	0.38436	-2573.23
2024	0.383903	-2690.6
2025	0.385751	-2626.84
2026	0.391867	-2771.44
2027	0.390339	-2735.48
2028	0.388009	-2721.53
2029	0.384093	-2661.5
2030	0.384073	-2658.1
2031	0.384886	-2667.05
2032	0.38804	-2730.61
2033	0.378198	-2564.3
2034	0.383761	-2655.04
2035	0.378391	-2551.93
2036	0.383737	-2626.1
2037	0.394322	-2822.82
2038	0.387719	-2697.8
2039	0.389353	-2773.58
2040	0.376389	-2566.89
2041	0.393838	-2800.05
2042	0.388836	-2716.39
2043	0.389896	-2763.89
2044	0.383241	-2681.35
2045	0.384623	-2666.05
2046	0.390662	-2756.7
2047	0.381258	-2608.16
2048	0.381625	-2618.15
2049	0.389673	-2754.37
2050	0.389222	-2692.95
2051	0.382388	-2632.26
2052	0.389279	-2723.6
2053	0.388795	-2737.69
2054	0.375668	-2520.42
2055	0.382407	-2621.59
2056	0.382948	-2648.04
2057	0.389397	-2682.88
2058	0.38188	-2602.01
2059	0.379203	-2563.68
2060	0.378759	-2580.58
2061	0.390544	-2752.74
2062	0.396482	-2813.87
2063	0.376349	-2575.57
2064	0.378187	-2532.5
2065	0.400282	-2872.53
2066	0.380659	-2610.95
2067	0.382453	-2643.49
2068	0.388202	-2682.85
2069	0.38225	-2635.97
2070	0.385487	-2641
2071	0.387776	-2700.39
2072	0.391396	-2738.64
2073	0.384065	-2594.58
2074	0.383663	-2612.95
2075	0.389385	-2742.67
2076	0.387519	-2680.2
2077	0.380835	-2603.63
2078	0.380744	-2555.07
2079	0.384852	-2722.37
2080	0.386167	-2744.43
2081	0.385436	-2702.59
2082	0.382428	-2670.83
2083	0.389449	-2740.72
2084	0.39056	-2715.53
2085	0.381155	-2552.02
2086	0.381781	-2630.78
2087	0.376172	-2536.85
2088	0.37927	-2575.35
2089	0.384194	-2640.78
2090	0.386343	-2662.08
2091	0.388001	-2719
2092	0.386044	-2662.2
2093	0.388624	-2683.84
2094	0.378255	-2559.08
2095	0.386276	-2641.54
2096	0.38086	-2598.95
2097	0.376764	-2558.12
2098	0.387602	-2659.5
2099	0.388597	-2694.62
2100	0.384844	-2682.48
2101	0.389367	-2709.45
2102	0.384428	-2653.83
2103	0.385664	-2653
2104	0.383854	-2672.17
2105	0.383676	-2642.27
2106	0.380265	-2610.52
2107	0.393834	-2803.57
2108	0.387394	-2677.28
2109	0.387282	-2673.46
2110	0.387977	-2742.25
2111	0.395076	-2827.53
2112	0.387833	-2729.67
2113	0.383274	-2691.23
2114	0.387871	-2681.68
2115	0.380311	-2574.57
2116	0.382751	-2652.35
2117	0.390633	-2765.92
2118	0.388549	-2721.02
2119	0.384505	-2669.9
2120	0.385611	-2690.65
2121	0.383075	-2622.69
2122	0.39607	-2834.28
2123	0.383487	-2660.19
2124	0.384803	-2682.54
2125	0.389081	-2750.7
2126	0.388025	-2669.24
2127	0.38763	-2683.53
2128	0.382579	-2609.05
2129	0.379678	-2573.98
2130	0.386195	-2648
2131	0.38138	-2600.39
2132	0.38245	-2645.52
2133	0.399651	-2875.85
2134	0.384916	-2674.7
2135	0.391878	-2765.59
2136	0.377687	-2594.19
2137	0.391721	-2742.58
2138	0.379106	-2603.63
2139	0.384961	-2700.97
2140	0.37745	-2583.29
2141	0.388363	-2660.88
2142	0.390322	-2728.45
2143	0.385622	-2728.5
2144	0.384113	-2690.3
2145	0.387359	-2708.42
2146	0.385597	-2658.98
2147	0.388874	-2743.16
2148	0.386167	-2641.75
2149	0.383454	-2640.32
2150	0.379983	-2592.51
2151	0.392057	-2747.77
2152	0.381286	-2586.34
2153	0.392358	-2759.53
2154	0.382366	-2596.39
2155	0.384976	-2701.09
2156	0.39858	-2851.86
2157	0.390281	-2701.5
2158	0.379362	-2564.43
2159	0.373098	-2534.38
2160	0.382767	-2628.3
2161	0.396696	-2847.57
2162	0.381552	-2600.18
2163	0.383852	-2658.77
2164	0.391139	-2697.06
2165	0.387396	-2688.32
2166	0.387897	-2721.67
2167	0.382243	-2616.55
2168	0.380901	-2600.45
2169	0.376865	-2562.69
2170	0.393166	-2807.63
2171	0.384986	-2666.8
2172	0.383044	-2648.33
2173	0.382273	-2618.93
2174	0.382017	-2601.29
2175	0.38656	-2678.49
2176	0.382806	-2645.97
2177	0.380928	-2581.17
2178	0.389837	-2710.04
2179	0.388563	-2735.57
2180	0.386631	-2664
2181	0.387554	-2716.08
2182	0.386057	-2693.23
2183	0.381837	-2635.45
2184	0.388922	-2710.17
2185	0.383212	-2660.24
2186	0.381601	-2623.86
2187	0.376259	-2548.57
2188	0.390852	-2687.17
2189	0.390194	-2726.7
2190	0.387844	-2680.92
2191	0.386617	-2652.19
2192	0.378092	-2585.83
2193	0.377414	-2527.66
2194	0.386249	-2668.64
2195	0.389129	-2713.81
2196	0.382752	-2611.91
2197	0.391615	-2747.85
2198	0.39036	-2704.67
2199	0.389444	-2720.59
2200	0.38268	-2571.34
2201	0.388648	-2746.05
2202	0.38261	-2667.68
2203	0.386272	-2656.1
2204	0.385225	-2633.11
2205	0.388044	-2688.34
2206	0.384577	-2677.13
2207	0.389016	-2705.2
2208	0.378778	-2559.19
2209	0.384177	-2648.02
2210	0.391225	-2762.52
2211	0.385175	-2644.39
2212	0.387697	-2707.08
2213	0.38456	-2663.55
2214	0.384195	-2595.32
2215	0.38082	-2631.99
2216	0.382027	-2652.74
2217	0.380288	-2619.75
2218	0.383192	-2623.51
2219	0.38709	-2687.19
2220	0.385927	-2664.12
2221	0.381181	-2594.2
2222	0.38661	-2684.6
2223	0.393036	-2760.41
2224	0.387093	-2709.89
2225	0.385426	-2695.46
2226	0.388959	-2742.97
2227	0.385357	-2684
2228	0.391635	-2726.94
2229	0.380523	-2620.77
2230	0.380228	-2625.13
2231	0.383672	-2659.47
2232	0.382334	-2619.42
2233	0.390665	-2789.69
2234	0.375912	-2549.51
2235	0.38876	-2717.09
2236	0.385986	-2664.32
2237	0.376839	-2494.84
2238	0.385253	-2662.64
2239	0.376742	-2540.06
2240	0.388844	-2713.84
2241	0.388596	-2687.21
2242	0.382795	-2583.11
2243	0.383643	-2666.11
2244	0.379853	-2586.42
2245	0.38211	-2643.43
2246	0.391886	-2724.76
2247	0.39166	-2761.23
2248	0.378065	-2596.96
2249	0.391571	-2705.64
2250	0.387914	-2709.77
2251	0.376445	-2546.14
2252	0.384107	-2629.35
2253	0.38622	-2680.86
2254	0.392656	-2768.91
2255	0.384704	-2722.85
2256	0.384989	-2698.55
2257	0.384712	-2688.93
2258	0.39113	-2762.45
2259	0.376815	-2528.62
2260	0.388041	-2723.11
2261	0.385536	-2677.85
2262	0.374657	-2511.87
2263	0.383684	-2623.58
2264	0.386536	-2684.64
2265	0.380734	-2571.12
2266	0.379741	-2586.67
2267	0.384335	-2655.77
2268	0.388583	-2746.18
2269	0.383349	-2653.11
2270	0.382874	-2673.25
2271	0.382282	-2637.55
2272	0.39164	-2765.21
2273	0.381476	-2600.23
2274	0.378485	-2567.93
2275	0.390439	-2732.15
2276	0.389518	-2702.73
2277	0.381296	-2623.76
2278	0.388627	-2719.02
2279	0.388466	-2710.61
2280	0.38061	-2572.44
2281	0.382762	-2627.8
2282	0.383385	-2623.49
2283	0.392157	-2798.73
2284	0.389777	-2734.45
2285	0.386989	-2700.95
2286	0.375955	-2525.42
2287	0.382371	-2617.81
2288	0.382194	-2658.98
2289	0.38739	-2714.94
2290	0.383933	-2658.91
2291	0.375025	-2578.04
2292	0.385828	-2663.8
2293	0.37789	-2564.82
2294	0.38821	-2714.49
2295	0.383032	-2606.82
2296	0.381403	-2664.3
2297	0.380035	-2619.28
2298	0.384779	-2666.93
2299	0.383316	-2634.52
2300	0.386767	-2665.43
2301	0.382363	-2644.49
2302	0.395986	-2812.06
2303	0.384737	-2647
2304	0.386284	-2702.48
2305	0.387732	-2712.76
2306	0.375639	-2499.59
2307	0.38008	-2561.81
2308	0.38498	-2660.33
2309	0.391767	-2776.63
2310	0.387154	-2690.61
2311	0.388115	-2730.8
2312	0.385149	-2654.08
2313	0.387936	-2724.52
2314	0.387904	-2681.04
2315	0.375141	-2476.21
2316	0.389272	-2749.63
2317	0.386212	-2670.59
2318	0.384085	-2652.42
2319	0.391261	-2731.26
2320	0.383933	-2643.21
2321	0.388275	-2721.9
2322	0.390075	-2705.04
2323	0.390989	-2703.57
2324	0.382643	-2630.33
2325	0.39467	-2850.35
2326	0.384506	-2671.58
2327	0.383347	-2653
2328	0.386192	-2620.94
2329	0.392717	-2750.53
2330	0.386829	-2710.95
2331	0.381284	-2616.82
2332	0.392013	-2732.8
2333	0.385883	-2693.33
2334	0.382203	-2658.25
2335	0.389501	-2710.38
2336	0.38716	-2705.51
2337	0.387322	-2684.28
2338	0.386179	-2665.41
2339	0.388822	-2742.39
2340	0.384891	-2608.51
2341	0.385543	-2683.57
2342	0.392115	-2758.19
2343	0.388659	-2760.51
2344	0.385772	-2690.72
2345	0.390191	-2740.19
2346	0.380341	-2579.24
2347	0.377306	-2571.61
2348	0.387513	-2709.11
2349	0.379827	-2579.83
2350	0.393721	-2797.92
2351	0.388638	-2691.23
2352	0.385772	-2698.24
2353	0.377845	-2523.61
2354	0.392914	-2806.89
2355	0.382589	-2650.31
2356	0.390928	-2767.75
2357	0.393876	-2787.92
2358	0.38259	-2624.03
2359	0.387375	-2702.44
2360	0.387762	-2726.45
2361	0.381721	-2597.38
2362	0.385381	-2636.32
2363	0.388059	-2755.91
2364	0.38672	-2682.75
2365	0.384908	-2656.59
2366	0.374463	-2502.12
2367	0.384484	-2618.68
2368	0.391293	-2720.7
2369	0.384742	-2607.43
2370	0.370336	-2480.89
2371	0.381218	-2605.87
2372	0.387028	-2682.67
2373	0.391445	-2802.74
2374	0.390538	-2725.51
2375	0.387799	-2688.48
2376	0.387517	-2728.4
2377	0.388445	-2740.36
2378	0.382839	-2620.74
2379	0.377352	-2553.98
2380	0.391664	-2750.21
2381	0.385163	-2672.85
2382	0.390386	-2749.02
2383	0.386019	-2679.53
2384	0.389225	-2719.7
2385	0.387328	-2710.26
2386	0.391083	-2767.58
2387	0.38966	-2752.01
2388	0.386005	-2630.67
2389	0.382058	-2592.86
2390	0.390479	-2758.18
2391	0.382002	-2632.59
2392	0.390009	-2754.42
2393	0.390848	-2706.72
2394	0.383048	-2641.51
2395	0.383177	-2661.9
2396	0.39239	-2760.45
2397	0.387951	-2725.6
2398	0.386322	-2699.31
2399	0.380636	-2605.89
2400	0.390392	-2681.43
2401	0.387174	-2744.29
2402	0.388484	-2648.86
2403	0.388246	-2711.62
2404	0.387783	-2666.48
2405	0.382975	-2637.26
2406	0.385484	-2681.57
2407	0.381507	-2650.48
2408	0.384077	-2652.8
2409	0.379333	-2619.36
2410	0.391926	-2827.32
2411	0.387074	-2718.59
2412	0.385212	-2708.42
2413	0.38455	-2638.71
2414	0.374329	-2487.19
2415	0.376837	-2543.49
2416	0.393668	-2808.33
2417	0.385821	-2653.47
2418	0.383541	-2617.94
2419	0.391131	-2756.56
2420	0.385496	-2725.96
2421	0.381405	-2639.19
2422	0.388309	-2702.83
2423	0.386803	-2744.71
2424	0.383815	-2651.24
2425	0.377885	-2526.51
2426	0.39064	-2697.39
2427	0.378722	-2581.91
2428	0.395927	-2792.56
2429	0.386292	-2703.18
2430	0.392866	-2764.02
2431	0.382663	-2654.51
2432	0.387378	-2685.89
2433	0.38729	-2735.71
2434	0.38557	-2618.36
2435	0.385307	-2688.2
2436	0.381532	-2613.57
2437	0.382141	-2610.42
2438	0.385715	-2658.36
2439	0.386243	-2682.78
2440	0.382265	-2606.75
2441	0.388668	-2704.61
2442	0.385332	-2622.24
2443	0.390987	-2768.55
2444	0.38926	-2708.88
2445	0.380889	-2589.22
2446	0.385281	-2656.44
2447	0.388761	-2698.84
2448	0.384963	-2660.95
2449	0.383004	-2630.03
2450	0.378138	-2593.94
2451	0.385769	-2715.13
2452	0.389506	-2745.5
2453	0.38272	-2614.61
2454	0.389621	-2704.66
2455	0.389678	-2721.96
2456	0.391314	-2736.66
2457	0.382087	-2654.76
2458	0.378407	-2543.28
2459	0.389745	-2726.94
2460	0.383276	-2637.16
2461	0.385247	-2630.22
2462	0.389164	-2759.33
2463	0.388732	-2679.36
2464	0.383395	-2645.3
2465	0.390596	-2717.04
2466	0.392259	-2784.21
2467	0.392838	-2765.02
2468	0.385906	-2671.1
2469	0.389143	-2737.56
2470	0.378714	-2583.04
2471	0.386783	-2681.27
2472	0.384469	-2661.05
2473	0.384475	-2664.93
2474	0.38698	-2680.29
2475	0.390446	-2741.2
2476	0.389308	-2714.1
2477	0.385941	-2713.01
2478	0.392118	-2765.67
2479	0.38449	-2684.88
2480	0.386484	-2719.75
2481	0.38365	-2647.69
2482	0.375143	-2512.98
2483	0.386268	-2677.09
2484	0.377559	-2583.73
2485	0.381534	-2611.42
2486	0.369166	-2449.59
2487	0.383338	-2622.65
2488	0.384466	-2657.34
2489	0.389543	-2732.56
2490	0.399296	-2858.35
2491	0.38833	-2655.15
2492	0.386976	-2685.73
2493	0.384975	-2643.25
2494	0.382704	-2619.02
2495	0.385519	-2638.83
2496	0.381383	-2619.47
2497	0.393802	-2746.3
2498	0.385563	-2648.83
2499	0.381657	-2647.12
2500	0.382344	-2596.48
2501	0.382057	-2618.71
2502	0.385517	-2671.58
2503	0.388068	-2680.44
2504	0.375598	-2551.39
2505	0.377824	-2561.75
2506	0.382187	-2604.37
2507	0.390722	-2788.47
2508	0.388121	-2755.94
2509	0.394066	-2789.07
2510	0.387205	-2768.56
2511	0.383903	-2654.88
2512	0.39249	-2741.16
2513	0.387735	-2748.99
2514	0.386396	-2659.39
2515	0.387236	-2686.48
2516	0.386776	-2664.77
2517	0.394504	-2785.5
2518	0.379949	-2563.49
2519	0.388381	-2726
2520	0.382142	-2615.7
2521	0.386322	-2701.36
2522	0.389019	-2736.81
2523	0.390084	-2743.05
2524	0.388272	-2700.04
2525	0.387673	-2722.93
2526	0.381925	-2632.08
2527	0.385719	-2651.56
2528	0.388799	-2689.56
2529	0.383024	-2646.51
2530	0.386326	-2712.75
2531	0.377584	-2536.78
2532	0.388088	-2748.32
2533	0.385929	-2644.4
2534	0.388059	-2684.08
2535	0.380916	-2574.82
2536	0.384762	-2699.4
2537	0.385295	-2661.13
2538	0.388088	-2711.18
2539	0.377665	-2576.13
2540	0.377141	-2543.6
2541	0.383179	-2630.91
2542	0.389067	-2695.4
2543	0.382976	-2630.42
2544	0.375333	-2541.86
2545	0.384114	-2669.09
2546	0.392596	-2767.82
2547	0.383706	-2610.26
2548	0.3906	-2770.15
2549	0.385807	-2694.72
2550	0.391856	-2735.06
2551	0.380629	-2618.13
2552	0.38483	-2623.72
2553	0.388129	-2743.12
2554	0.390498	-2726.68
2555	0.385269	-2620.43
2556	0.379455	-2590.09
2557	0.383075	-2631.76
2558	0.391621	-2730.11
2559	0.383822	-2617.94
2560	0.384974	-2660.26
2561	0.385405	-2655.26
2562	0.386768	-2685.87
2563	0.387205	-2702.19
2564	0.381272	-2585.35
2565	0.392518	-2767.89
2566	0.387069	-2717.49
2567	0.38774	-2679.73
2568	0.387175	-2719.7
2569	0.388007	-2730.57
2570	0.389293	-2743.39
2571	0.381021	-2570.11
2572	0.383952	-2648.61
2573	0.379644	-2573.65
2574	0.391929	-2757.87
2575	0.380486	-2618.59
2576	0.389982	-2724.16
2577	0.380156	-2606.35
2578	0.386561	-2684.37
2579	0.389793	-2672.38
2580	0.385978	-2657.15
2581	0.391777	-2738.14
2582	0.386777	-2656.38
2583	0.386924	-2706.41
2584	0.385817	-2667.7
2585	0.387437	-2658.53
2586	0.391736	-2730.86
2587	0.39248	-2761.84
2588	0.383062	-2649.57
2589	0.38286	-2624.83
2590	0.380341	-2642.26
2591	0.391404	-2724.62
2592	0.386569	-2699.14
2593	0.384788	-2661.44
2594	0.381325	-2601.54
2595	0.384052	-2657.87
2596	0.391978	-2763.62
2597	0.38429	-2655.08
2598	0.386697	-2679.51
2599	0.379021	-2593.25
2600	0.389767	-2709.71
2601	0.388933	-2723.77
2602	0.387244	-2681.23
2603	0.378611	-2540.14
2604	0.392719	-2750.75
2605	0.392048	-2820.11
2606	0.384116	-2638.33
2607	0.390768	-2756.38
2608	0.382553	-2612.79
2609	0.382136	-2601.82
2610	0.381809	-2606.61
2611	0.381544	-2595.5
2612	0.373643	-2517.2
2613	0.390158	-2762.06
2614	0.391922	-2725.15
2615	0.382562	-2657.76
2616	0.390943	-2793.15
2617	0.38183	-2648.68
2618	0.390015	-2731.11
2619	0.384869	-2668.25
2620	0.386989	-2652.7
2621	0.386639	-2675.47
2622	0.390758	-2723.66
2623	0.38422	-2640.08
2624	0.382082	-2577.24
2625	0.38323	-2645.43
2626	0.384519	-2689.41
2627	0.388395	-2721.22
2628	0.391829	-2737.55
2629	0.382279	-2593.77
2630	0.377743	-2541.12
2631	0.393124	-2763.75
2632	0.379787	-2565.69
2633	0.390033	-2729.45
2634	0.380883	-2647.72
2635	0.388412	-2717.13
2636	0.384606	-2647.29
2637	0.386648	-2679.78
2638	0.387924	-2679.62
2639	0.379432	-2607.71
2640	0.389277	-2756.42
2641	0.392289	-2767.94
2642	0.385872	-2713.9
2643	0.385882	-2670.41
2644	0.375192	-2569.43
2645	0.387695	-2677.86
2646	0.388808	-2699.81
2647	0.386118	-2700.92
2648	0.388273	-2731.44
2649	0.378379	-2566.43
2650	0.383737	-2678.65
2651	0.382713	-2645.53
2652	0.385278	-2661.47
2653	0.387157	-2765.71
2654	0.392979	-2780.19
2655	0.382575	-2627.13
2656	0.396378	-2821.36
2657	0.385047	-2694.92
2658	0.386115	-2683.38
2659	0.37617	-2566.93
2660	0.392198	-2718.79
2661	0.39018	-2743.27
2662	0.387416	-2677.15
2663	0.384234	-2683.7
2664	0.381673	-2598
2665	0.385328	-2664.72
2666	0.389766	-2756.54
2667	0.384503	-2702.54
2668	0.379705	-2590.47
2669	0.38454	-2657.86
2670	0.391556	-2726.09
2671	0.379558	-2640.6
2672	0.387718	-2746.59
2673	0.391707	-2736.32
2674	0.383873	-2635.35
2675	0.3767	-2524.74
2676	0.392088	-2745.84
2677	0.387246	-2695.03
2678	0.390337	-2719.58
2679	0.382105	-2613.8
2680	0.377658	-2530.1
2681	0.378839	-2581.42
2682	0.390701	-2728.14
2683	0.382917	-2614.1
2684	0.390309	-2755.23
2685	0.393786	-2782.83
2686	0.380192	-2600.99
2687	0.384685	-2623.21
2688	0.381264	-2595.38
2689	0.384986	-2646.65
2690	0.382844	-2639.13
2691	0.388628	-2712.74
2692	0.380218	-2599.96
2693	0.383403	-2659.39
2694	0.384479	-2666.26
2695	0.380705	-2625.12
2696	0.37975	-2636.13
2697	0.392523	-2770.32
2698	0.389903	-2724.28
2699	0.374966	-2497.21
2700	0.381872	-2587.69
2701	0.386141	-2686.1
2702	0.385952	-2666.87
2703	0.384048	-2633.03
2704	0.387547	-2718.68
2705	0.381413	-2639.41
2706	0.386523	-2672.07
2707	0.375968	-2585.1
2708	0.382132	-2626.03
2709	0.386282	-2660.88
2710	0.382473	-2598.84
2711	0.384058	-2627.45
2712	0.38703	-2720.94
2713	0.388201	-2695.99
2714	0.386839	-2704.66
2715	0.379067	-2600.19
2716	0.388623	-2670.96
2717	0.387799	-2678.81
2718	0.387647	-2651.14
2719	0.389536	-2691.79
2720	0.382789	-2646.01
2721	0.392849	-2755.61
2722	0.395799	-2821.09
2723	0.388101	-2739.03
2724	0.3886	-2713.8
2725	0.386545	-2716.31
2726	0.383883	-2689.4
2727	0.386589	-2678.99
2728	0.376119	-2548.18
2729	0.387139	-2711.56
2730	0.388459	-2717.49
2731	0.377471	-2562.24
2732	0.390821	-2762.5
2733	0.385302	-2658.47
2734	0.383161	-2648.14
2735	0.378906	-2582.87
2736	0.389621	-2733.76
2737	0.383871	-2640.59
2738	0.378068	-2567.22
2739	0.38579	-2650.55
2740	0.389635	-2738.18
2741	0.381596	-2614.55
2742	0.381005	-2613.04
2743	0.392799	-2764.71
2744	0.384177	-2648.85
2745	0.385191	-2699.01
2746	0.392166	-2799.64
2747	0.388697	-2727.84
2748	0.385192	-2613.6
2749	0.378684	-2592.61
2750	0.38426	-2640.2
2751	0.379787	-2563.8
2752	0.391295	-2732.28
2753	0.387252	-2714.93
2754	0.38739	-2664.7
2755	0.384089	-2668.91
2756	0.386345	-2705.03
2757	0.388128	-2680.74
2758	0.389647	-2713.35
2759	0.390516	-2735.74
2760	0.384722	-2683.98
2761	0.377317	-2576.8
2762	0.381216	-2577.41
2763	0.385774	-2677.7
2764	0.375316	-2550.09
2765	0.393131	-2810.17
2766	0.380653	-2560.81
2767	0.385631	-2701.09
2768	0.37788	-2570.44
2769	0.395848	-2821.55
2770	0.383918	-2670.23
2771	0.386483	-2648.54
2772	0.383205	-2650.74
2773	0.378156	-2537.9
2774	0.374512	-2579.94
2775	0.389158	-2724.5
2776	0.384791	-2671.59
2777	0.37364	-2532.96
2778	0.390417	-2718.69
2779	0.385513	-2643.85
2780	0.388145	-2693.55
2781	0.381149	-2609.2
2782	0.38307	-2641.66
2783	0.384174	-2636.32
2784	0.390223	-2732.1
2785	0.388383	-2712.33
2786	0.375618	-2530.21
2787	0.388344	-2686.36
2788	0.390362	-2704.91
2789	0.380907	-2562.78
2790	0.386956	-2723.5
2791	0.393787	-2828.68
2792	0.38078	-2599.15
2793	0.3868	-2664.78
2794	0.380735	-2623.34
2795	0.385008	-2651.81
2796	0.384947	-2678.22
2797	0.383651	-2663.49
2798	0.38342	-2644.24
2799	0.381379	-2590.83
2800	0.390435	-2733.4
2801	0.376051	-2511.92
2802	0.37887	-2595.72
2803	0.388093	-2740.5
2804	0.383234	-2650.07
2805	0.392222	-2769.08
2806	0.390141	-2721.04
2807	0.388257	-2695.48
2808	0.383128	-2669.87
2809	0.381401	-2642
2810	0.393737	-2827.79
2811	0.385614	-2699.62
2812	0.389673	-2735.93
2813	0.383426	-2664.42
2814	0.389624	-2751.7
2815	0.375171	-2601.64
2816	0.386145	-2642.73
2817	0.389009	-2709.42
2818	0.38664	-2714.87
2819	0.387422	-2709.26
2820	0.385778	-2664.76
2821	0.376471	-2540.55
2822	0.382455	-2607.74
2823	0.385772	-2664
2824	0.380718	-2606.37
2825	0.384972	-2647.87
2826	0.387008	-2713.93
2827	0.382754	-2628.72
2828	0.388453	-2683.47
2829	0.384277	-2663.07
2830	0.387363	-2653.11
2831	0.398106	-2818.17
2832	0.384126	-2640.26
2833	0.381857	-2619.22
2834	0.380979	-2618.8
2835	0.382246	-2635.33
2836	0.388406	-2709.14
2837	0.383956	-2651.33
2838	0.384669	-2671.93
2839	0.391486	-2778.17
2840	0.39038	-2726.69
2841	0.389452	-2767.23
2842	0.389518	-2726.53
2843	0.387034	-2694.95
2844	0.39603	-2826.93
2845	0.380638	-2600.21
2846	0.383568	-2653.03
2847	0.383532	-2635.49
2848	0.387357	-2711.83
2849	0.388369	-2721.44
2850	0.39076	-2716.76
2851	0.387527	-2711.1
2852	0.384422	-2631.68
2853	0.377794	-2562.89
2854	0.384867	-2702.29
2855	0.385423	-2620.93
2856	0.382067	-2625.04
2857	0.384882	-2683.43
2858	0.383355	-2623.94
2859	0.386861	-2701.03
2860	0.38539	-2697.08
2861	0.385798	-2669.82
2862	0.386988	-2665.57
2863	0.379507	-2573.07
2864	0.368693	-2464.57
2865	0.382471	-2605.12
2866	0.379205	-2569.15
2867	0.376278	-2512.67
2868	0.385861	-2684.95
2869	0.385214	-2667.61
2870	0.379692	-2577.05
2871	0.379463	-2625.14
2872	0.385774	-2656.67
2873	0.374782	-2548.86
2874	0.386626	-2696.17
2875	0.38676	-2704.43
2876	0.38053	-2582.88
2877	0.385962	-2704.66
2878	0.384849	-2671.07
2879	0.382329	-2580.92
2880	0.385656	-2641.52
2881	0.373526	-2514.77
2882	0.376343	-2530.07
2883	0.386197	-2694.42
2884	0.389524	-2714.83
2885	0.374896	-2509.82
2886	0.395909	-2840.17
2887	0.382465	-2634.43
2888	0.373698	-2530.07
2889	0.391831	-2783.8
2890	0.384475	-2627.97
2891	0.372832	-2518.4
2892	0.378592	-2596.22
2893	0.384453	-2673.67
2894	0.38982	-2742.73
2895	0.385228	-2684.54
2896	0.389555	-2704.64
2897	0.388117	-2671.43
2898	0.387146	-2688.35
2899	0.389266	-2761.1
2900	0.386049	-2705.76
2901	0.384409	-2630.03
2902	0.382498	-2650.95
2903	0.381335	-2616.23
2904	0.391204	-2766.14
2905	0.391914	-2742.14
2906	0.376661	-2571.25
2907	0.395751	-2770.27
2908	0.386675	-2665.55
2909	0.382043	-2632.08
2910	0.38777	-2707.65
2911	0.387138	-2762.01
2912	0.385522	-2692.61
2913	0.385951	-2708.84
2914	0.380232	-2622.31
2915	0.389813	-2731.25
2916	0.388583	-2711.61
2917	0.380843	-2627.08
2918	0.383637	-2646.66
2919	0.39015	-2703.15
2920	0.384886	-2615.18
2921	0.381534	-2570.97
2922	0.380799	-2616.31
2923	0.385946	-2679.11
2924	0.383643	-2677.55
2925	0.392115	-2726.05
2926	0.393245	-2721.01
2927	0.383042	-2680.84
2928	0.38755	-2703.28
2929	0.377541	-2525.39
2930	0.388704	-2692
2931	0.389152	-2675.34
2932	0.389169	-2764.79
2933	0.392615	-2732.61
2934	0.384046	-2658.89
2935	0.38603	-2681.2
2936	0.392449	-2759.63
2937	0.393268	-2820.52
2938	0.386589	-2686.66
2939	0.384442	-2627.14
2940	0.382373	-2643.01
2941	0.384884	-2699.97
2942	0.387597	-2677.66
2943	0.386854	-2679.09
2944	0.384615	-2687.65
2945	0.379781	-2641.44
2946	0.384197	-2643.21
2947	0.376935	-2503.16
2948	0.393123	-2800.79
2949	0.382798	-2632.46
2950	0.384837	-2690.52
2951	0.381117	-2606.71
2952	0.401063	-2857.43
2953	0.38898	-2710.52
2954	0.376022	-2528.64
2955	0.38655	-2689.94
2956	0.382409	-2627.31
2957	0.389018	-2708.79
2958	0.385527	-2693.9
2959	0.374154	-2463.29
2960	0.380008	-2605.53
2961	0.387625	-2711.98
2962	0.382601	-2644.67
2963	0.38257	-2618.21
2964	0.391326	-2733.72
2965	0.387623	-2659.12
2966	0.383451	-2664.13
2967	0.384171	-2647.35
2968	0.391819	-2748.91
2969	0.400791	-2884.11
2970	0.383815	-2680.6
2971	0.383095	-2607.16
2972	0.384566	-2641.47
2973	0.389517	-2750.42
2974	0.384588	-2707.68
2975	0.381874	-2629.57
2976	0.386453	-2695.42
2977	0.392461	-2772.75
2978	0.389605	-2698.52
2979	0.385197	-2650.12
2980	0.383862	-2635.98
2981	0.393511	-2798.41
2982	0.391493	-2748.6
2983	0.38668	-2702.15
2984	0.383041	-2648.31
2985	0.390352	-2757.38
2986	0.382906	-2631.73
2987	0.388661	-2741.9
2988	0.391127	-2768.06
2989	0.386091	-2692.19
2990	0.384922	-2672.98
2991	0.381302	-2618.65
2992	0.391873	-2746.02
2993	0.373554	-2465.11
2994	0.381005	-2584.09
2995	0.377723	-2542.8
2996	0.375133	-2589.63
2997	0.377667	-2547.28
2998	0.385015	-2678.99
2999	0.393035	-2773.31
