0	0.395715	-2840.59
1	0.535847	-5190.18
2	0.646638	-7540.22
3	0.807435	-11761.8
4	0.860983	-13286
5	0.898521	-14507.3
6	0.889728	-14263.8
7	0.906388	-14743.9
8	0.912992	-14976.9
9	0.939225	-15843.2
10	0.94411	-16005.7
11	0.954476	-16397
12	0.957953	-16485.2
13	0.96023	-16561.2
14	0.965134	-16735.4
15	0.96575	-16758.5
16	0.962553	-16648.5
17	0.963115	-16660.6
18	0.964315	-16703.5
19	0.963009	-16643.5
20	0.965151	-16743.4
21	0.960068	-16592.3
22	0.962535	-16677.1
23	0.964406	-16711.2
24	0.959754	-16537.3
25	0.958567	-16510.7
26	0.955988	-16462.5
27	0.948672	-16173.2
28	0.948736	-16162.9
29	0.948291	-16171.9
30	0.952043	-16296
31	0.956872	-16462.7
32	0.947629	-16168.4
33	0.954963	-16399.5
34	0.953926	-16394.5
35	0.952155	-16299.5
36	0.952536	-16279.8
37	0.960954	-16606.5
38	0.956605	-16424.3
39	0.952214	-16288.6
40	0.957475	-16491.5
41	0.959906	-16569.1
42	0.961782	-16626
43	0.961628	-16638.2
44	0.962622	-16637.6
45	0.961913	-16656.3
46	0.961	-16641.6
47	0.961788	-16636.7
48	0.959276	-16530.3
49	0.95852	-16528.1
50	0.954019	-16367.9
51	0.957951	-16516.8
52	0.955868	-16450.8
53	0.959203	-16516.1
54	0.959101	-16543.7
55	0.957285	-16464.9
56	0.95546	-16430.6
57	0.958661	-16538.3
58	0.958746	-16536.4
59	0.959229	-16524.6
60	0.96251	-16673
61	0.962829	-16673.8
62	0.955853	-16383.2
63	0.960405	-16595.5
64	0.958487	-16515.6
65	0.960601	-16597.4
66	0.957701	-16518
67	0.957154	-16468.3
68	0.957237	-16490.7
69	0.958198	-16496.4
70	0.959408	-16562
71	0.954829	-16391.2
72	0.961717	-16636.2
73	0.962362	-16663.7
74	0.963705	-16683.9
75	0.958884	-16550.2
76	0.954368	-16401.5
77	0.956018	-16446
78	0.959851	-16561.8
79	0.962597	-16642.2
80	0.965147	-16740.1
81	0.95831	-16516.1
82	0.961336	-16601.3
83	0.963234	-16691.9
84	0.960853	-16609
85	0.963217	-16702.1
86	0.966709	-16797.1
87	0.965362	-16754.6
88	0.963399	-16683.3
89	0.962077	-16656.2
90	0.959633	-16561.4
91	0.960484	-16562.8
92	0.955233	-16403.8
93	0.960826	-16622.1
94	0.962283	-16658.5
95	0.961265	-16646.3
96	0.964779	-16753.4
97	0.964297	-16700.4
98	0.96281	-16665.2
99	0.959336	-16564.7
100	0.952613	-16327.5
101	0.957534	-16489.2
102	0.958804	-16501.2
103	0.96255	-16677.1
104	0.959897	-16539.5
105	0.964382	-16702.6
106	0.961918	-16638.2
107	0.965744	-16773.5
108	0.963915	-16713.8
109	0.964441	-16718.4
110	0.965273	-16776.8
111	0.963628	-16718.1
112	0.960649	-16577.4
113	0.962476	-16662.3
114	0.962262	-16640.7
115	0.959789	-16576.2
116	0.950107	-16250.7
117	0.953716	-16398.2
118	0.960775	-16625
119	0.963538	-16697.4
120	0.959719	-16562.7
121	0.95627	-16446.1
122	0.955839	-16456
123	0.963575	-16703.6
124	0.959724	-16556.1
125	0.958075	-16467.9
126	0.962686	-16661.6
127	0.969007	-16886.9
128	0.965672	-16757
129	0.965214	-16744.1
130	0.96266	-16638.6
131	0.962207	-16627.4
132	0.966102	-16793.7
133	0.968001	-16850.6
134	0.960646	-16602.1
135	0.96457	-16724.5
136	0.964686	-16721.3
137	0.963219	-16688.4
138	0.96604	-16772.8
139	0.963492	-16710.6
140	0.962276	-16639.3
141	0.963811	-16720.8
142	0.967936	-16837.6
143	0.964128	-16711.8
144	0.96237	-16654.7
145	0.96204	-16640.5
146	0.96083	-16607.4
147	0.961471	-16616.2
148	0.95591	-16462
149	0.95358	-16363.9
150	0.954095	-16374.2
151	0.961001	-16619.8
152	0.959817	-16545.8
153	0.959697	-16569.9
154	0.957989	-16540.3
155	0.947697	-16157.4
156	0.944571	-16056.7
157	0.947557	-16192.9
158	0.958353	-16502.3
159	0.96146	-16639.2
160	0.959071	-16553.8
161	0.957407	-16502
162	0.960677	-16589.1
163	0.961955	-16675.4
164	0.96314	-16685
165	0.962974	-16708.8
166	0.962347	-16648.1
167	0.957826	-16495.6
168	0.962216	-16650.2
169	0.960584	-16596
170	0.956666	-16475.6
171	0.948915	-16200
172	0.950512	-16287.7
173	0.955895	-16440.1
174	0.957269	-16450.8
175	0.961583	-16635.6
176	0.966151	-16783.2
177	0.966052	-16776.9
178	0.962797	-16667.9
179	0.961221	-16593.7
180	0.960415	-16589.4
181	0.964112	-16715.8
182	0.965767	-16761.2
183	0.965888	-16780
184	0.962672	-16677.9
185	0.959436	-16560.1
186	0.960672	-16587.5
187	0.961996	-16643.3
188	0.958795	-16534.3
189	0.966777	-16798.5
190	0.963368	-16729.1
191	0.965144	-16732.5
192	0.962829	-16672.5
193	0.95772	-16515.5
194	0.962747	-16687.4
195	0.961949	-16652.3
196	0.96458	-16745.2
197	0.964557	-16722.2
198	0.959289	-16567.8
199	0.956755	-16480.2
200	0.956794	-16487.1
201	0.957017	-16482.4
202	0.960957	-16584.3
203	0.963217	-16685
204	0.961647	-16605.1
205	0.963313	-16703.4
206	0.965091	-16734.5
207	0.961697	-16640.6
208	0.965704	-16763.1
209	0.965813	-16750.7
210	0.962193	-16650.6
211	0.960359	-16584.2
212	0.958311	-16523.1
213	0.962223	-16659.5
214	0.961131	-16614.5
215	0.956246	-16403.6
216	0.956665	-16444
217	0.946181	-16091.5
218	0.954596	-16372.1
219	0.956138	-16415.9
220	0.961979	-16632.9
221	0.961497	-16625.3
222	0.950235	-16230.9
223	0.957391	-16513.4
224	0.957834	-16476.5
225	0.961991	-16643.6
226	0.96147	-16638.6
227	0.961518	-16630.4
228	0.95912	-16552.6
229	0.962643	-16661.4
230	0.959876	-16567.8
231	0.961407	-16601.5
232	0.966816	-16807.1
233	0.965399	-16755.7
234	0.963678	-16680
235	0.966244	-16793.6
236	0.957511	-16516.4
237	0.961673	-16607.9
238	0.962181	-16649.6
239	0.96385	-16714.1
240	0.964891	-16737.3
241	0.96611	-16773.1
242	0.963728	-16696.2
243	0.962848	-16673.7
244	0.958225	-16531.2
245	0.962246	-16657
246	0.961788	-16609.6
247	0.959898	-16580.5
248	0.965499	-16754.2
249	0.96649	-16796.6
250	0.962195	-16661.5
251	0.958004	-16500
252	0.961035	-16618.3
253	0.958832	-16528.7
254	0.957187	-16498
255	0.954696	-16392.4
256	0.953496	-16345.2
257	0.956125	-16448.9
258	0.954483	-16345.9
259	0.958596	-16508.2
260	0.959088	-16566.3
261	0.957649	-16472.2
262	0.95808	-16496
263	0.961901	-16622.6
264	0.957513	-16502.4
265	0.96166	-16631
266	0.962492	-16684.9
267	0.96391	-16722.5
268	0.963139	-16667.1
269	0.964254	-16706.2
270	0.958336	-16483.8
271	0.961323	-16582.6
272	0.964684	-16736
273	0.960358	-16585.4
274	0.962913	-16687.3
275	0.963308	-16700.4
276	0.963371	-16678.7
277	0.962411	-16641.3
278	0.960782	-16610.1
279	0.957833	-16495.9
280	0.961883	-16618.7
281	0.96315	-16642.9
282	0.961336	-16597.5
283	0.961771	-16638.9
284	0.961939	-16640.4
285	0.960044	-16586.8
286	0.960676	-16609.3
287	0.961734	-16616.6
288	0.964293	-16717.1
289	0.958876	-16553.1
290	0.962093	-16643.6
291	0.956185	-16433.9
292	0.956825	-16480.9
293	0.961582	-16615.4
294	0.961018	-16604.8
295	0.962313	-16669.7
296	0.960647	-16530.4
297	0.962863	-16686.7
298	0.963142	-16661.2
299	0.960971	-16610
300	0.964113	-16722
301	0.95698	-16478.6
302	0.957284	-16451.6
303	0.95458	-16398.7
304	0.953723	-16347.2
305	0.951732	-16282.5
306	0.957665	-16497.1
307	0.961517	-16600.4
308	0.962188	-16610.7
309	0.95843	-16501.8
310	0.956265	-16424.6
311	0.950981	-16271.8
312	0.952996	-16332
313	0.958157	-16508.6
314	0.952569	-16302.6
315	0.956953	-16504.6
316	0.96342	-16694.3
317	0.955971	-16456.1
318	0.958192	-16505.1
319	0.952284	-16270.7
320	0.944979	-16046.2
321	0.953667	-16345.3
322	0.965454	-16777.4
323	0.96523	-16748.9
324	0.961243	-16607.6
325	0.962199	-16641.7
326	0.96251	-16632.6
327	0.967994	-16843.2
328	0.960828	-16602.2
329	0.963305	-16697.8
330	0.958564	-16503.6
331	0.956359	-16434.9
332	0.956263	-16455.7
333	0.961543	-16623.3
334	0.960707	-16580.5
335	0.959941	-16561.7
336	0.957905	-16492.2
337	0.962498	-16670.3
338	0.959841	-16571.1
339	0.956342	-16466.3
340	0.960384	-16592.8
341	0.962694	-16651.9
342	0.956225	-16432.2
343	0.95894	-16500.1
344	0.96324	-16686.8
345	0.961931	-16617.4
346	0.963909	-16714.7
347	0.958626	-16498.4
348	0.956943	-16482.4
349	0.956606	-16459.3
350	0.964655	-16763.8
351	0.959772	-16530.1
352	0.961314	-16605.3
353	0.959725	-16557.2
354	0.960536	-16582.4
355	0.958101	-16501
356	0.95999	-16602.8
357	0.96083	-16599.9
358	0.96529	-16759.6
359	0.967184	-16793.8
360	0.963421	-16685.3
361	0.961532	-16641.6
362	0.965479	-16752.8
363	0.965479	-16754.3
364	0.957664	-16500.6
365	0.960942	-16588.1
366	0.957643	-16514.3
367	0.958728	-16489.8
368	0.958034	-16490.3
369	0.958814	-16551.7
370	0.963543	-16713.4
371	0.966212	-16795.2
372	0.964639	-16714.1
373	0.964131	-16719.6
374	0.958155	-16513.8
375	0.965985	-16789.7
376	0.961062	-16594.5
377	0.962476	-16685.7
378	0.96347	-16693.5
379	0.962765	-16669.5
380	0.964866	-16750.8
381	0.965943	-16789.2
382	0.963676	-16687.7
383	0.963097	-16680.9
384	0.964451	-16720.2
385	0.961916	-16634.4
386	0.962731	-16680
387	0.960686	-16567.8
388	0.945549	-16075.3
389	0.950547	-16256.2
390	0.9503	-16273.8
391	0.949151	-16211.5
392	0.960057	-16568
393	0.957641	-16485.4
394	0.960844	-16610.3
395	0.962324	-16646.3
396	0.967064	-16824.4
397	0.963232	-16691.7
398	0.966986	-16812.9
399	0.960975	-16634
400	0.962631	-16671.4
401	0.96396	-16702.3
402	0.961437	-16580.2
403	0.949589	-16178.8
404	0.950952	-16273.5
405	0.957144	-16491.9
406	0.960427	-16561.5
407	0.962011	-16647.3
408	0.957729	-16489.2
409	0.959854	-16583.8
410	0.961845	-16647.1
411	0.958337	-16543.2
412	0.962033	-16622.6
413	0.95987	-16555.2
414	0.95899	-16559
415	0.965782	-16740.6
416	0.960326	-16589.6
417	0.963122	-16681.3
418	0.96485	-16741.2
419	0.963798	-16696.2
420	0.963736	-16689.1
421	0.964315	-16710.5
422	0.962709	-16639.2
423	0.961501	-16618
424	0.961217	-16601.6
425	0.963083	-16671.7
426	0.963978	-16711
427	0.961648	-16641.2
428	0.961778	-16638.7
429	0.959191	-16508.8
430	0.963483	-16685.2
431	0.961691	-16592.2
432	0.961017	-16592.2
433	0.961919	-16650.8
434	0.958422	-16496.4
435	0.962222	-16668.4
436	0.966881	-16807.5
437	0.964942	-16746.7
438	0.961389	-16628.8
439	0.962228	-16649.1
440	0.964037	-16712.6
441	0.964004	-16695.4
442	0.96442	-16716.2
443	0.959796	-16587.8
444	0.951853	-16274.1
445	0.957922	-16508.4
446	0.958452	-16527
447	0.958313	-16521.7
448	0.957177	-16480.8
449	0.957227	-16482.8
450	0.964885	-16759.5
451	0.961692	-16639.1
452	0.964174	-16719.6
453	0.961367	-16604.2
454	0.943042	-15987
455	0.937949	-15849.2
456	0.956479	-16436.8
457	0.957643	-16484.5
458	0.960892	-16608.2
459	0.96013	-16573.4
460	0.960827	-16618.8
461	0.959866	-16557.1
462	0.957978	-16497.5
463	0.959479	-16533.1
464	0.958176	-16472.2
465	0.953488	-16367.1
466	0.958741	-16540.1
467	0.959562	-16585.5
468	0.965369	-16739
469	0.964997	-16745.5
470	0.961415	-16607.9
471	0.963795	-16699.5
472	0.964978	-16749.6
473	0.96333	-16671.9
474	0.95955	-16531
475	0.95706	-16485.4
476	0.950923	-16251.4
477	0.952489	-16301.5
478	0.958765	-16533.3
479	0.961287	-16618
480	0.956334	-16432.1
481	0.959969	-16590.8
482	0.959742	-16569.6
483	0.963151	-16689.4
484	0.955425	-16445.9
485	0.959438	-16564.9
486	0.960741	-16585.2
487	0.966151	-16775.7
488	0.958204	-16550.5
489	0.963877	-16733.6
490	0.963508	-16701.5
491	0.960167	-16553.7
492	0.962626	-16651.2
493	0.957303	-16455.6
494	0.959745	-16568.6
495	0.956398	-16416.5
496	0.961601	-16612.7
497	0.960748	-16596.3
498	0.960124	-16585.8
499	0.963847	-16732.8
500	0.964671	-16720
501	0.96165	-16640.5
502	0.96201	-16646.1
503	0.962689	-16681.9
504	0.963913	-16697.1
505	0.966515	-16785.5
506	0.965638	-16768.5
507	0.959312	-16536.6
508	0.963193	-16677.1
509	0.963815	-16692.1
510	0.960979	-16615.7
511	0.96056	-16560.9
512	0.961343	-16637.9
513	0.961448	-16629.3
514	0.960433	-16620.2
515	0.958078	-16511.7
516	0.964756	-16730.4
517	0.961904	-16642.7
518	0.959925	-16575.1
519	0.960158	-16596.5
520	0.958786	-16510.1
521	0.962981	-16657.7
522	0.959989	-16567.9
523	0.960877	-16615.5
524	0.961788	-16620.1
525	0.957919	-16515.9
526	0.960324	-16594.4
527	0.958067	-16465.4
528	0.961398	-16627.9
529	0.962429	-16647.7
530	0.964437	-16715.6
531	0.963991	-16730.7
532	0.960464	-16574.4
533	0.960973	-16612.9
534	0.963082	-16690.2
535	0.961961	-16619.7
536	0.962101	-16638.2
537	0.95768	-16493.6
538	0.960246	-16586.8
539	0.959701	-16576.3
540	0.955384	-16405.3
541	0.949595	-16184.5
542	0.958691	-16518.7
543	0.960958	-16576.8
544	0.960107	-16601.9
545	0.958341	-16530.3
546	0.952231	-16285
547	0.954382	-16373.3
548	0.958233	-16505.5
549	0.956548	-16448.9
550	0.956309	-16422.8
551	0.962768	-16638.3
552	0.962311	-16637.6
553	0.966541	-16795.7
554	0.960722	-16607
555	0.962939	-16650.9
556	0.96132	-16624.8
557	0.963816	-16687.7
558	0.964178	-16727.2
559	0.963249	-16683.9
560	0.963833	-16727.4
561	0.960267	-16580.7
562	0.957844	-16482.1
563	0.958165	-16507.5
564	0.962514	-16687.2
565	0.958938	-16525.4
566	0.96441	-16717.2
567	0.961849	-16614.3
568	0.961019	-16584.7
569	0.95822	-16478.1
570	0.961906	-16630.2
571	0.960948	-16564.4
572	0.960086	-16562.1
573	0.959584	-16572.2
574	0.95762	-16512.5
575	0.959858	-16576.2
576	0.95669	-16497.2
577	0.957397	-16489.4
578	0.956825	-16472.4
579	0.956153	-16431.9
580	0.958563	-16538.2
581	0.959829	-16574.1
582	0.963735	-16709.4
583	0.962873	-16693.8
584	0.959573	-16547
585	0.958094	-16494.4
586	0.95652	-16420.8
587	0.958131	-16531
588	0.955578	-16411.8
589	0.961639	-16615.8
590	0.964567	-16727.2
591	0.961491	-16612.6
592	0.961686	-16616.6
593	0.96256	-16658.7
594	0.958488	-16509.8
595	0.956256	-16468.6
596	0.951609	-16295.7
597	0.960928	-16637.6
598	0.961576	-16617.8
599	0.959548	-16556.2
600	0.955219	-16405.5
601	0.963305	-16671.5
602	0.965211	-16760.8
603	0.959535	-16542.2
604	0.962512	-16660.3
605	0.963213	-16689.9
606	0.956965	-16439.9
607	0.957253	-16499
608	0.959987	-16546.3
609	0.959256	-16528.8
610	0.961541	-16624.2
611	0.95939	-16538.8
612	0.962398	-16630.8
613	0.961528	-16593.9
614	0.961261	-16595.3
615	0.964591	-16741.3
616	0.961966	-16654
617	0.953503	-16386.1
618	0.963724	-16687.2
619	0.95868	-16520.3
620	0.961318	-16647.4
621	0.957791	-16513.9
622	0.962317	-16657.4
623	0.963303	-16701.2
624	0.965966	-16801.7
625	0.963792	-16696
626	0.96305	-16661.5
627	0.962151	-16642.4
628	0.962003	-16651.7
629	0.959106	-16532.6
630	0.96335	-16691
631	0.958081	-16511.2
632	0.960747	-16630.4
633	0.961027	-16610.8
634	0.961405	-16604
635	0.958105	-16488.5
636	0.964674	-16731
637	0.956482	-16482.8
638	0.959562	-16544.2
639	0.961269	-16624.7
640	0.955338	-16433.1
641	0.957387	-16466.4
642	0.953649	-16338.4
643	0.96309	-16659.5
644	0.96093	-16610.3
645	0.96089	-16602.4
646	0.959285	-16575.7
647	0.955683	-16427.3
648	0.960862	-16608.1
649	0.960362	-16579
650	0.961143	-16631.4
651	0.962048	-16644.8
652	0.962909	-16666.9
653	0.962286	-16638.4
654	0.965364	-16762.5
655	0.962259	-16667
656	0.957683	-16480.1
657	0.959211	-16527.7
658	0.960795	-16596.5
659	0.959062	-16531.4
660	0.955286	-16410.6
661	0.959879	-16540.8
662	0.956388	-16460.3
663	0.956875	-16482.5
664	0.961917	-16649.8
665	0.961879	-16646
666	0.960579	-16569.6
667	0.960038	-16553.5
668	0.961672	-16606.2
669	0.961632	-16593
670	0.961309	-16590.8
671	0.961751	-16634.6
672	0.957417	-16499.3
673	0.959211	-16542
674	0.959418	-16548
675	0.963363	-16691.7
676	0.964161	-16712.2
677	0.961613	-16610.4
678	0.958759	-16507.4
679	0.960462	-16607.6
680	0.961376	-16622
681	0.96456	-16718.1
682	0.959224	-16557.3
683	0.964332	-16717.9
684	0.964901	-16723.2
685	0.964995	-16757.8
686	0.960794	-16605.6
687	0.966017	-16805
688	0.965337	-16730.4
689	0.959609	-16568.7
690	0.964044	-16718.3
691	0.962368	-16641.1
692	0.965077	-16750.4
693	0.962212	-16599.9
694	0.9604	-16599.3
695	0.962489	-16643.4
696	0.96474	-16723.6
697	0.960383	-16609.2
698	0.955951	-16397.8
699	0.957654	-16455.9
700	0.949531	-16188.1
701	0.954094	-16405.7
702	0.94192	-15961.2
703	0.958357	-16514.4
704	0.961324	-16600.6
705	0.956886	-16474.5
706	0.961679	-16626.9
707	0.963918	-16718.9
708	0.961126	-16627.5
709	0.964191	-16723.2
710	0.961155	-16628.3
711	0.957008	-16492.1
712	0.96038	-16614.7
713	0.959381	-16510.3
714	0.963329	-16684.1
715	0.961739	-16608
716	0.963619	-16709.2
717	0.964918	-16721.5
718	0.964169	-16701.7
719	0.961903	-16635.7
720	0.965662	-16777
721	0.967008	-16808.4
722	0.962416	-16636.1
723	0.962042	-16644.8
724	0.960641	-16605.7
725	0.958118	-16533.5
726	0.959801	-16571.1
727	0.964298	-16694.5
728	0.95917	-16555.7
729	0.961038	-16618.2
730	0.964621	-16701.8
731	0.964767	-16724.8
732	0.968802	-16877.6
733	0.964479	-16739
734	0.964215	-16723.4
735	0.961197	-16572.3
736	0.962089	-16639.7
737	0.962062	-16643.1
738	0.965838	-16784.5
739	0.967492	-16820.3
740	0.963957	-16705.5
741	0.963599	-16687.6
742	0.962487	-16666.5
743	0.957963	-16482.5
744	0.957256	-16474.1
745	0.959577	-16559.7
746	0.960525	-16567.4
747	0.963706	-16696.7
748	0.96319	-16690.7
749	0.963533	-16689.9
750	0.958406	-16494.2
751	0.952727	-16326.6
752	0.958547	-16500.9
753	0.962641	-16658.6
754	0.964319	-16729.5
755	0.959134	-16536.8
756	0.963038	-16670
757	0.957789	-16492
758	0.96201	-16664.4
759	0.95799	-16517.3
760	0.958789	-16553.9
761	0.962618	-16653.2
762	0.964979	-16756.3
763	0.963737	-16706.1
764	0.964328	-16733.3
765	0.958988	-16552
766	0.957197	-16484.4
767	0.957947	-16499.6
768	0.958436	-16506
769	0.960733	-16594.5
770	0.960159	-16580.2
771	0.962689	-16670.5
772	0.957272	-16464.3
773	0.961537	-16603.1
774	0.956301	-16436.1
775	0.958569	-16511.4
776	0.952489	-16298.9
777	0.960884	-16622.2
778	0.959698	-16535.5
779	0.955062	-16441.5
780	0.957303	-16477.5
781	0.962801	-16654.7
782	0.96686	-16799.1
783	0.965617	-16752.8
784	0.964242	-16708.3
785	0.961015	-16577.6
786	0.959152	-16526.9
787	0.958727	-16533.4
788	0.957551	-16491.6
789	0.963027	-16682.6
790	0.964341	-16737.7
791	0.961045	-16604
792	0.962772	-16676.6
793	0.960945	-16603.5
794	0.959188	-16537.3
795	0.956176	-16436.9
796	0.958713	-16528.1
797	0.963235	-16688.8
798	0.963469	-16715.7
799	0.960736	-16589.4
800	0.96161	-16621.4
801	0.959686	-16551
802	0.962381	-16648.5
803	0.961255	-16612.1
804	0.952039	-16301.9
805	0.960179	-16574.8
806	0.955431	-16386.8
807	0.958878	-16552
808	0.964077	-16723.2
809	0.964353	-16710.4
810	0.961594	-16639.5
811	0.960885	-16596.1
812	0.959493	-16526.8
813	0.95613	-16439.7
814	0.960508	-16595.5
815	0.959097	-16541.1
816	0.962667	-16641
817	0.959142	-16516.4
818	0.956396	-16434.5
819	0.951523	-16249.8
820	0.949122	-16190.3
821	0.96001	-16558.8
822	0.962547	-16639.9
823	0.964399	-16741.1
824	0.966488	-16787.4
825	0.961435	-16597
826	0.962487	-16662
827	0.965966	-16775.2
828	0.965527	-16776.6
829	0.965413	-16758.8
830	0.9636	-16697.2
831	0.964473	-16708.6
832	0.95818	-16555.8
833	0.960618	-16576.5
834	0.954503	-16386.7
835	0.953287	-16358.1
836	0.954233	-16396.3
837	0.960705	-16596.8
838	0.960079	-16555.3
839	0.957953	-16468.3
840	0.960128	-16611.6
841	0.960192	-16557.8
842	0.963526	-16677
843	0.959548	-16585.7
844	0.960446	-16585.9
845	0.964582	-16757.2
846	0.961396	-16616.4
847	0.963162	-16668.7
848	0.960965	-16607.9
849	0.959359	-16551.8
850	0.948104	-16165.2
851	0.943146	-15972.6
852	0.94331	-16022.9
853	0.950063	-16191.3
854	0.949751	-16235.1
855	0.950524	-16243.9
856	0.942229	-15996.7
857	0.94035	-15861.1
858	0.942274	-15933.7
859	0.940623	-15902.9
860	0.946236	-16124.8
861	0.952355	-16316.3
862	0.960707	-16579.6
863	0.960507	-16587.9
864	0.959613	-16543.3
865	0.959463	-16559.8
866	0.961242	-16588.1
867	0.960533	-16552.8
868	0.956359	-16420.7
869	0.961306	-16609.4
870	0.961719	-16637.3
871	0.963021	-16666.9
872	0.959803	-16560.3
873	0.959043	-16541.5
874	0.952713	-16298.3
875	0.951094	-16271.6
876	0.957579	-16491.2
877	0.958486	-16506.5
878	0.960072	-16597.3
879	0.957795	-16507.2
880	0.954077	-16383.1
881	0.957553	-16502.6
882	0.95158	-16269.2
883	0.958856	-16493.7
884	0.957529	-16493.6
885	0.964067	-16696.4
886	0.961614	-16609.2
887	0.962198	-16657.5
888	0.963071	-16669.5
889	0.963829	-16677.5
890	0.952741	-16295.5
891	0.963308	-16702.5
892	0.960112	-16528.8
893	0.962489	-16684.8
894	0.96283	-16679.7
895	0.964789	-16738.3
896	0.966166	-16764.5
897	0.961872	-16651.2
898	0.961113	-16613.9
899	0.956304	-16422.5
900	0.957321	-16493.5
901	0.954138	-16333.4
902	0.956355	-16439.7
903	0.960198	-16610.7
904	0.962227	-16662.2
905	0.961389	-16628.3
906	0.960357	-16614.6
907	0.958684	-16527.9
908	0.960946	-16594.5
909	0.960857	-16596.8
910	0.958605	-16523.8
911	0.963282	-16702.5
912	0.96097	-16602.1
913	0.965928	-16780.5
914	0.963442	-16659.2
915	0.962142	-16612.6
916	0.962126	-16626.5
917	0.959688	-16543.3
918	0.94943	-16181.6
919	0.956201	-16426.2
920	0.960391	-16599.5
921	0.964489	-16692.6
922	0.962685	-16638.4
923	0.961951	-16676.5
924	0.958739	-16540.5
925	0.961992	-16616.6
926	0.963834	-16699.6
927	0.963242	-16670.5
928	0.96664	-16801.6
929	0.963657	-16721
930	0.962191	-16635.7
931	0.964057	-16705.9
932	0.967739	-16841.2
933	0.967291	-16845.5
934	0.965013	-16704.4
935	0.966868	-16822.1
936	0.963555	-16711.2
937	0.964403	-16723.8
938	0.960007	-16593.6
939	0.955834	-16434.5
940	0.9552	-16392.1
941	0.961914	-16655.4
942	0.961156	-16622.8
943	0.960044	-16579
944	0.959377	-16539.2
945	0.963574	-16707.7
946	0.96075	-16603.2
947	0.963099	-16681.5
948	0.959998	-16590.6
949	0.955158	-16397.2
950	0.961318	-16623.7
951	0.956334	-16462.9
952	0.955949	-16406.8
953	0.961112	-16598.9
954	0.956454	-16438
955	0.95974	-16564.1
956	0.958627	-16519.4
957	0.960574	-16589
958	0.956755	-16467
959	0.962012	-16635
960	0.964247	-16737.6
961	0.961164	-16603.5
962	0.95957	-16556.2
963	0.964388	-16712.3
964	0.961172	-16607.9
965	0.962791	-16647.5
966	0.962996	-16656.3
967	0.962176	-16667.3
968	0.958551	-16555.3
969	0.959136	-16526.4
970	0.962733	-16667.5
971	0.964196	-16721.4
972	0.96438	-16737.1
973	0.962439	-16640.2
974	0.961346	-16626.5
975	0.961039	-16592.3
976	0.956226	-16436.9
977	0.960535	-16611.3
978	0.956798	-16440.2
979	0.960633	-16581.2
980	0.964783	-16744.7
981	0.965959	-16750
982	0.961288	-16609.5
983	0.958873	-16497.1
984	0.956822	-16461.5
985	0.961253	-16609.8
986	0.962736	-16650.6
987	0.958599	-16496.3
988	0.960822	-16594.8
989	0.960275	-16597.8
990	0.959999	-16553.8
991	0.959886	-16535.5
992	0.961705	-16602.4
993	0.962816	-16653.9
994	0.963996	-16688.9
995	0.964936	-16715.6
996	0.964768	-16738.8
997	0.965042	-16782.4
998	0.961403	-16618.4
999	0.959214	-16535.3
1000	0.961184	-16593
1001	0.96016	-16599.6
1002	0.955026	-16372.7
1003	0.957806	-16507.9
1004	0.960204	-16577.4
1005	0.96218	-16652.4
1006	0.961323	-16629.7
1007	0.955655	-16416.3
1008	0.955417	-16444.1
1009	0.955524	-16408.1
1010	0.959845	-16534.7
1011	0.961912	-16645.3
1012	0.963131	-16675.3
1013	0.96613	-16779.3
1014	0.959546	-16552.1
1015	0.959863	-16582.5
1016	0.958774	-16499.6
1017	0.953616	-16362.4
1018	0.962151	-16682.5
1019	0.958065	-16482.6
1020	0.963836	-16715.2
1021	0.958129	-16484.5
1022	0.96182	-16648.5
1023	0.956948	-16487.4
1024	0.963963	-16680.8
1025	0.964835	-16745.4
1026	0.964922	-16752.9
1027	0.960516	-16567.5
1028	0.961493	-16642.4
1029	0.960518	-16592.2
1030	0.956655	-16466.5
1031	0.962326	-16653.6
1032	0.959556	-16575.6
1033	0.960132	-16592.2
1034	0.960737	-16589.3
1035	0.95928	-16547.3
1036	0.963453	-16704.4
1037	0.95392	-16316.2
1038	0.95991	-16554.3
1039	0.958723	-16547
1040	0.957521	-16490.9
1041	0.959198	-16549.7
1042	0.965768	-16770.7
1043	0.961722	-16626.6
1044	0.960623	-16588.4
1045	0.964563	-16730.7
1046	0.964989	-16749.6
1047	0.964193	-16718.7
1048	0.956601	-16457.2
1049	0.956822	-16441.7
1050	0.95705	-16446
1051	0.963478	-16682.7
1052	0.965576	-16754.3
1053	0.966422	-16810.6
1054	0.962354	-16638.7
1055	0.964513	-16726.3
1056	0.95981	-16544.9
1057	0.958803	-16542.8
1058	0.961052	-16605.1
1059	0.959528	-16563.2
1060	0.959732	-16561.6
1061	0.961512	-16638.2
1062	0.962144	-16666.5
1063	0.953004	-16316.9
1064	0.941548	-15977.7
1065	0.945728	-16089.4
1066	0.953574	-16335.1
1067	0.952194	-16298.6
1068	0.956163	-16439.5
1069	0.964361	-16716.8
1070	0.963523	-16691.8
1071	0.960774	-16617.3
1072	0.952616	-16356.2
1073	0.953476	-16361.1
1074	0.956631	-16458.6
1075	0.96548	-16732.1
1076	0.965261	-16758
1077	0.965319	-16737.7
1078	0.962053	-16657.7
1079	0.962539	-16666.6
1080	0.960702	-16582.6
1081	0.95814	-16563.8
1082	0.958025	-16514.2
1083	0.960833	-16608.1
1084	0.960348	-16613.4
1085	0.959909	-16567.8
1086	0.95648	-16439.6
1087	0.961282	-16611.5
1088	0.961222	-16601.4
1089	0.960058	-16593.6
1090	0.959352	-16536.5
1091	0.958834	-16542.2
1092	0.9594	-16518.1
1093	0.960592	-16603.4
1094	0.963097	-16665.2
1095	0.959159	-16515.3
1096	0.964479	-16740
1097	0.961968	-16666.4
1098	0.961289	-16599.4
1099	0.954171	-16374.2
1100	0.954613	-16383.4
1101	0.958196	-16523.9
1102	0.965081	-16756.3
1103	0.964542	-16712.3
1104	0.962852	-16671.3
1105	0.961946	-16634.7
1106	0.963302	-16679
1107	0.960381	-16597.2
1108	0.958594	-16531.3
1109	0.957173	-16480.9
1110	0.955967	-16424.1
1111	0.95613	-16417.5
1112	0.953285	-16340.2
1113	0.95646	-16424.7
1114	0.962736	-16676.9
1115	0.960522	-16584.4
1116	0.963073	-16685.2
1117	0.962222	-16653.3
1118	0.962174	-16674.5
1119	0.959147	-16547.4
1120	0.959986	-16609.6
1121	0.963758	-16711.3
1122	0.960293	-16558.2
1123	0.957809	-16483.3
1124	0.958639	-16502.2
1125	0.964304	-16700.1
1126	0.966745	-16830.4
1127	0.965303	-16747.1
1128	0.965216	-16753
1129	0.958596	-16520.5
1130	0.955274	-16421.3
1131	0.958739	-16544.4
1132	0.959162	-16532.1
1133	0.962851	-16658.2
1134	0.962063	-16643.4
1135	0.96497	-16755.1
1136	0.959965	-16579.5
1137	0.963392	-16683.6
1138	0.966124	-16781.6
1139	0.961005	-16578.9
1140	0.960603	-16591
1141	0.965648	-16755.8
1142	0.961994	-16630.7
1143	0.952836	-16287.9
1144	0.961224	-16603.5
1145	0.959439	-16543.3
1146	0.963652	-16715.9
1147	0.96155	-16595.7
1148	0.958832	-16530
1149	0.954216	-16381.9
1150	0.96014	-16572.1
1151	0.963762	-16715.5
1152	0.959758	-16590.5
1153	0.95618	-16429.8
1154	0.948499	-16200
1155	0.958677	-16512.5
1156	0.95574	-16434.7
1157	0.960978	-16597.6
1158	0.964715	-16714.8
1159	0.964045	-16711.7
1160	0.96343	-16695.8
1161	0.962866	-16692.6
1162	0.962528	-16656.9
1163	0.962504	-16646.3
1164	0.960841	-16589.6
1165	0.962203	-16634.1
1166	0.95879	-16517.2
1167	0.95858	-16534.4
1168	0.960274	-16549.7
1169	0.959151	-16543.3
1170	0.96171	-16640.5
1171	0.961658	-16617
1172	0.961865	-16630.4
1173	0.964406	-16733.5
1174	0.965836	-16770.7
1175	0.96421	-16697
1176	0.964747	-16725.2
1177	0.964749	-16713.2
1178	0.962293	-16666.9
1179	0.961498	-16631.8
1180	0.959579	-16513.9
1181	0.963782	-16713.3
1182	0.960181	-16590.3
1183	0.95987	-16592.3
1184	0.959237	-16539.9
1185	0.960491	-16574.4
1186	0.959388	-16563
1187	0.956074	-16421.1
1188	0.954924	-16387.2
1189	0.957691	-16507
1190	0.961095	-16638.4
1191	0.957753	-16461.5
1192	0.957148	-16486.8
1193	0.963643	-16711.4
1194	0.96278	-16681.2
1195	0.957213	-16483
1196	0.960437	-16583.1
1197	0.964456	-16728.3
1198	0.959597	-16554
1199	0.961473	-16657.1
1200	0.950031	-16204.4
1201	0.955508	-16457.6
1202	0.958269	-16503.9
1203	0.964	-16737.9
1204	0.96657	-16820.8
1205	0.967238	-16846.1
1206	0.959851	-16552.9
1207	0.957359	-16483
1208	0.962623	-16660
1209	0.957659	-16468.1
1210	0.962444	-16662.9
1211	0.961871	-16661.1
1212	0.965857	-16778.9
1213	0.963359	-16636.5
1214	0.965043	-16727.3
1215	0.961237	-16609
1216	0.957914	-16519.9
1217	0.958642	-16523.7
1218	0.960005	-16558.8
1219	0.958871	-16530.9
1220	0.962546	-16656.3
1221	0.962132	-16673.2
1222	0.953254	-16318.6
1223	0.957578	-16494.6
1224	0.953706	-16361.4
1225	0.960639	-16607.6
1226	0.958224	-16476.7
1227	0.960936	-16594.4
1228	0.963491	-16710.7
1229	0.963794	-16728.2
1230	0.958635	-16530
1231	0.962371	-16656.7
1232	0.959987	-16548.2
1233	0.958043	-16473.9
1234	0.963406	-16703.8
1235	0.965455	-16760
1236	0.963502	-16708
1237	0.964504	-16739.2
1238	0.963028	-16691.2
1239	0.961902	-16640.7
1240	0.95958	-16561
1241	0.957937	-16489.8
1242	0.955933	-16430.4
1243	0.956164	-16441.5
1244	0.957341	-16470.7
1245	0.960466	-16605.1
1246	0.962185	-16644.5
1247	0.966626	-16815.9
1248	0.966701	-16798.9
1249	0.963128	-16661.4
1250	0.965888	-16770.2
1251	0.960608	-16575.2
1252	0.962275	-16639.3
1253	0.962912	-16717
1254	0.961489	-16656.9
1255	0.962561	-16656.5
1256	0.96381	-16709
1257	0.962432	-16642.9
1258	0.96091	-16628.9
1259	0.959007	-16548.4
1260	0.95265	-16261.7
1261	0.954175	-16362.7
1262	0.958528	-16538
1263	0.953418	-16318.7
1264	0.956965	-16485.6
1265	0.959546	-16588.7
1266	0.959145	-16544.3
1267	0.955306	-16419.6
1268	0.95958	-16535.5
1269	0.963979	-16713.1
1270	0.964088	-16729.5
1271	0.96172	-16643.9
1272	0.960053	-16593.2
1273	0.961392	-16608.7
1274	0.959627	-16547.5
1275	0.9563	-16442.5
1276	0.953614	-16361.1
1277	0.961274	-16622.6
1278	0.95259	-16333.8
1279	0.954511	-16425
1280	0.956647	-16444.3
1281	0.962859	-16669.5
1282	0.965343	-16750.2
1283	0.964335	-16729.8
1284	0.959131	-16555.7
1285	0.963227	-16715.9
1286	0.964558	-16710
1287	0.968122	-16848.6
1288	0.962873	-16652.2
1289	0.963522	-16655.2
1290	0.963258	-16671.9
1291	0.963105	-16670.1
1292	0.96018	-16573.1
1293	0.955743	-16420.1
1294	0.957739	-16501.8
1295	0.960401	-16554.6
1296	0.956348	-16433
1297	0.959425	-16574.4
1298	0.962829	-16674.5
1299	0.962475	-16658.3
1300	0.960849	-16611.5
1301	0.964081	-16704.5
1302	0.964317	-16737.1
1303	0.961305	-16608.1
1304	0.963856	-16701.5
1305	0.96379	-16703.3
1306	0.962537	-16632.4
1307	0.963561	-16683
1308	0.964843	-16724.7
1309	0.963107	-16675.6
1310	0.96338	-16673.8
1311	0.963835	-16694.7
1312	0.961671	-16640
1313	0.958765	-16513
1314	0.963496	-16686.9
1315	0.964828	-16727.3
1316	0.964586	-16741.7
1317	0.96158	-16616.2
1318	0.959731	-16567.8
1319	0.964046	-16709.8
1320	0.964254	-16733.6
1321	0.960982	-16583.4
1322	0.961174	-16587.2
1323	0.964421	-16733.9
1324	0.965972	-16807.3
1325	0.964309	-16697.6
1326	0.956161	-16446.6
1327	0.958883	-16521.3
1328	0.960805	-16596.2
1329	0.961252	-16601.6
1330	0.965629	-16757.3
1331	0.960265	-16596.3
1332	0.963782	-16688.5
1333	0.961005	-16587.4
1334	0.953058	-16364.8
1335	0.955116	-16391.5
1336	0.957187	-16467.1
1337	0.963553	-16695.7
1338	0.960627	-16603.3
1339	0.963056	-16713.8
1340	0.96222	-16652.6
1341	0.958237	-16491.3
1342	0.963346	-16658.2
1343	0.964408	-16745
1344	0.964221	-16712.7
1345	0.958435	-16511
1346	0.958909	-16545.2
1347	0.961397	-16617.6
1348	0.959943	-16581.3
1349	0.9578	-16474.3
1350	0.960008	-16585.8
1351	0.958236	-16531.4
1352	0.960799	-16572.7
1353	0.961774	-16628.7
1354	0.951246	-16277.7
1355	0.955218	-16441
1356	0.95874	-16523.8
1357	0.960922	-16584.9
1358	0.957177	-16462.8
1359	0.960024	-16544.4
1360	0.95574	-16444.1
1361	0.956198	-16426.1
1362	0.958449	-16511.4
1363	0.959855	-16568.6
1364	0.960475	-16580.1
1365	0.965574	-16760.8
1366	0.963645	-16662.4
1367	0.960206	-16608.3
1368	0.96307	-16666.5
1369	0.963037	-16670.9
1370	0.964534	-16718.4
1371	0.962786	-16658.4
1372	0.962988	-16691.6
1373	0.959289	-16546.6
1374	0.962124	-16634.2
1375	0.959978	-16598.2
1376	0.961701	-16642.4
1377	0.960562	-16585.8
1378	0.961511	-16628.9
1379	0.965222	-16765.8
1380	0.962875	-16662.7
1381	0.964895	-16741.7
1382	0.960427	-16571.4
1383	0.963385	-16686.2
1384	0.96249	-16652
1385	0.965603	-16739.2
1386	0.965652	-16756.8
1387	0.958757	-16555.8
1388	0.962092	-16627.7
1389	0.961041	-16621.9
1390	0.961671	-16630.9
1391	0.962509	-16666
1392	0.959464	-16536.9
1393	0.951804	-16312.5
1394	0.955045	-16416
1395	0.957883	-16484.6
1396	0.96139	-16627.3
1397	0.961208	-16594.2
1398	0.960578	-16551.1
1399	0.964483	-16715.5
1400	0.966895	-16801.4
1401	0.962214	-16640.5
1402	0.958106	-16491.4
1403	0.957013	-16459.7
1404	0.960032	-16571.8
1405	0.95887	-16539.1
1406	0.958941	-16538.9
1407	0.95621	-16425.1
1408	0.960398	-16601.1
1409	0.963144	-16686.9
1410	0.962798	-16670.8
1411	0.958044	-16492.8
1412	0.960789	-16623.9
1413	0.958647	-16488.1
1414	0.961836	-16658.3
1415	0.964319	-16686.3
1416	0.963888	-16717.9
1417	0.959411	-16522.1
1418	0.963309	-16712.8
1419	0.966558	-16788.3
1420	0.960135	-16564.9
1421	0.959775	-16570.8
1422	0.96332	-16695
1423	0.963913	-16710.8
1424	0.961226	-16622.1
1425	0.958078	-16558.4
1426	0.956923	-16484.7
1427	0.96346	-16717.2
1428	0.961099	-16595
1429	0.963856	-16705.3
1430	0.95912	-16526.5
1431	0.959425	-16556.8
1432	0.955121	-16379.6
1433	0.958223	-16504.7
1434	0.954577	-16402.4
1435	0.960141	-16550.1
1436	0.958409	-16525.1
1437	0.963625	-16683.8
1438	0.960507	-16606.7
1439	0.960453	-16581.6
1440	0.957286	-16478.5
1441	0.960653	-16567.7
1442	0.957353	-16471.1
1443	0.963036	-16668.1
1444	0.962319	-16665.3
1445	0.958039	-16522
1446	0.959335	-16550.2
1447	0.951122	-16241.2
1448	0.954597	-16386.7
1449	0.960321	-16566.5
1450	0.959836	-16579.8
1451	0.964336	-16726.9
1452	0.964359	-16713.2
1453	0.963222	-16677.9
1454	0.964441	-16702.9
1455	0.955944	-16420
1456	0.962463	-16659.9
1457	0.960117	-16556.9
1458	0.961694	-16639.9
1459	0.958889	-16527.5
1460	0.961632	-16623.7
1461	0.95924	-16506.7
1462	0.958291	-16525.4
1463	0.961824	-16637
1464	0.961644	-16637.1
1465	0.963724	-16672
1466	0.963696	-16714.7
1467	0.963679	-16691.2
1468	0.963866	-16706.5
1469	0.960279	-16547.5
1470	0.962545	-16660.9
1471	0.95838	-16496.9
1472	0.961528	-16623.9
1473	0.961178	-16596.6
1474	0.961859	-16633.7
1475	0.958536	-16521.2
1476	0.959513	-16550.2
1477	0.964139	-16696.1
1478	0.964541	-16723.9
1479	0.964009	-16706.1
1480	0.958806	-16517.5
1481	0.958767	-16520
1482	0.958847	-16545.1
1483	0.963177	-16677.3
1484	0.963703	-16699.4
1485	0.961634	-16648.6
1486	0.964381	-16740.6
1487	0.964405	-16731.9
1488	0.964487	-16713.5
1489	0.962259	-16641.1
1490	0.958082	-16480.6
1491	0.954436	-16402.9
1492	0.955103	-16370.1
1493	0.957709	-16506.8
1494	0.958112	-16480
1495	0.962278	-16670.3
1496	0.956708	-16410
1497	0.956001	-16452.1
1498	0.95996	-16564.3
1499	0.952522	-16323.5
1500	0.959949	-16568.5
1501	0.960427	-16571.9
1502	0.964648	-16740.1
1503	0.960411	-16600.6
1504	0.959617	-16568.1
1505	0.951799	-16258.2
1506	0.960756	-16597
1507	0.953911	-16369.2
1508	0.955879	-16434.7
1509	0.960844	-16621.5
1510	0.956578	-16442.3
1511	0.96052	-16550.8
1512	0.965566	-16783.1
1513	0.962552	-16631.8
1514	0.968975	-16881.5
1515	0.964212	-16735.6
1516	0.961721	-16612.1
1517	0.960075	-16559.6
1518	0.95969	-16560.8
1519	0.958699	-16526.2
1520	0.962604	-16643.7
1521	0.962533	-16646.8
1522	0.964763	-16747.8
1523	0.961767	-16630.8
1524	0.963315	-16673.5
1525	0.965987	-16776.1
1526	0.965347	-16770.6
1527	0.958536	-16504.2
1528	0.957115	-16495
1529	0.956227	-16477.3
1530	0.960577	-16606.4
1531	0.95657	-16512.8
1532	0.95918	-16552.5
1533	0.956805	-16439.8
1534	0.965378	-16753.4
1535	0.962039	-16625.5
1536	0.959917	-16570.7
1537	0.961123	-16616.6
1538	0.962834	-16637.8
1539	0.956008	-16413.6
1540	0.960693	-16600.5
1541	0.958432	-16511.1
1542	0.961823	-16646.7
1543	0.966405	-16795.4
1544	0.962211	-16647.5
1545	0.961516	-16621.4
1546	0.961122	-16619.7
1547	0.960495	-16562.8
1548	0.953702	-16343.7
1549	0.959925	-16558.4
1550	0.961814	-16634.3
1551	0.960548	-16594.8
1552	0.960903	-16576.7
1553	0.964654	-16725.2
1554	0.963681	-16677.7
1555	0.961232	-16604.3
1556	0.965144	-16748.6
1557	0.96649	-16792.9
1558	0.962023	-16638.4
1559	0.959816	-16550.8
1560	0.9549	-16391
1561	0.955269	-16368.7
1562	0.963719	-16679.2
1563	0.957178	-16503.6
1564	0.959459	-16550.8
1565	0.961392	-16597.9
1566	0.964612	-16696.3
1567	0.963436	-16681.4
1568	0.9607	-16609.8
1569	0.963068	-16704.9
1570	0.96363	-16687.2
1571	0.96173	-16627
1572	0.964843	-16756.6
1573	0.963171	-16685.1
1574	0.960409	-16560.1
1575	0.959946	-16560.4
1576	0.962033	-16613.4
1577	0.958161	-16529.4
1578	0.9596	-16561.9
1579	0.966552	-16803.1
1580	0.958118	-16503.7
1581	0.956792	-16441
1582	0.963103	-16663.6
1583	0.959643	-16548.3
1584	0.959371	-16542.6
1585	0.964563	-16726.3
1586	0.957582	-16458.3
1587	0.962993	-16655.7
1588	0.959039	-16566.7
1589	0.955338	-16411.9
1590	0.960021	-16567.5
1591	0.968034	-16834.2
1592	0.961549	-16628.2
1593	0.95657	-16465.9
1594	0.960194	-16561.2
1595	0.961269	-16652.5
1596	0.961205	-16616.2
1597	0.957671	-16466
1598	0.962432	-16659
1599	0.963576	-16697.2
1600	0.95537	-16398.8
1601	0.957632	-16494.8
1602	0.951883	-16278
1603	0.938851	-15805.6
1604	0.950476	-16234.5
1605	0.954905	-16406.2
1606	0.952499	-16337.7
1607	0.961411	-16583.2
1608	0.956259	-16453.1
1609	0.95246	-16312.6
1610	0.956848	-16447.3
1611	0.959441	-16545.9
1612	0.958777	-16526.6
1613	0.960998	-16600.2
1614	0.958838	-16562
1615	0.957139	-16483.2
1616	0.952982	-16325.4
1617	0.960426	-16595.3
1618	0.959453	-16549.6
1619	0.960368	-16583.2
1620	0.961207	-16606.9
1621	0.957661	-16481.3
1622	0.949173	-16221.1
1623	0.936146	-15765.8
1624	0.947241	-16147.3
1625	0.95853	-16518.2
1626	0.961218	-16580.8
1627	0.962026	-16636.6
1628	0.964923	-16719.6
1629	0.965076	-16767
1630	0.966881	-16822.4
1631	0.964241	-16698.7
1632	0.958626	-16529.1
1633	0.959957	-16587.1
1634	0.957823	-16517.3
1635	0.955124	-16422.5
1636	0.964419	-16745.4
1637	0.956913	-16465.1
1638	0.965053	-16740.1
1639	0.96083	-16591.1
1640	0.962804	-16688.9
1641	0.961011	-16601
1642	0.958327	-16514.2
1643	0.959179	-16551.3
1644	0.954303	-16388.5
1645	0.959522	-16522.9
1646	0.960778	-16575.4
1647	0.961394	-16610.8
1648	0.96103	-16608.8
1649	0.962222	-16656.9
1650	0.964008	-16704.5
1651	0.956513	-16458.7
1652	0.948393	-16153.7
1653	0.95838	-16524.6
1654	0.960743	-16593.4
1655	0.961005	-16575.4
1656	0.96453	-16704.2
1657	0.962975	-16688.9
1658	0.960854	-16612.8
1659	0.96361	-16698.3
1660	0.959988	-16595.9
1661	0.963009	-16678
1662	0.960598	-16587.8
1663	0.963229	-16677.1
1664	0.963863	-16733.8
1665	0.961244	-16611.2
1666	0.959853	-16590.8
1667	0.967324	-16830.6
1668	0.960849	-16604
1669	0.961785	-16635.6
1670	0.964286	-16746.7
1671	0.960598	-16599.1
1672	0.962886	-16687.2
1673	0.957745	-16520.6
1674	0.961701	-16640
1675	0.961243	-16594.9
1676	0.960974	-16600.2
1677	0.963842	-16689.1
1678	0.958871	-16525.7
1679	0.960042	-16551
1680	0.959303	-16542.8
1681	0.961341	-16634.9
1682	0.959034	-16532.9
1683	0.958205	-16509.4
1684	0.95958	-16571
1685	0.961018	-16619.5
1686	0.963839	-16692.4
1687	0.956857	-16404.4
1688	0.960403	-16587
1689	0.961405	-16619.4
1690	0.960528	-16595.6
1691	0.957128	-16477.3
1692	0.95903	-16540.4
1693	0.958347	-16517
1694	0.961987	-16641.8
1695	0.959316	-16543.6
1696	0.960761	-16592.2
1697	0.955903	-16453
1698	0.958	-16451.1
1699	0.960818	-16594.9
1700	0.961622	-16637.3
1701	0.960338	-16563.7
1702	0.960165	-16584
1703	0.96311	-16682.1
1704	0.960731	-16589.2
1705	0.961548	-16619.8
1706	0.962872	-16688.8
1707	0.961366	-16640.6
1708	0.960367	-16554.5
1709	0.953576	-16365.6
1710	0.959238	-16564.7
1711	0.961029	-16616.9
1712	0.964278	-16704.4
1713	0.962088	-16647.2
1714	0.960468	-16595
1715	0.961009	-16624
1716	0.962087	-16646.4
1717	0.957501	-16451.7
1718	0.95839	-16506
1719	0.962903	-16661.6
1720	0.961551	-16615.9
1721	0.962237	-16622.3
1722	0.96336	-16659.8
1723	0.965847	-16771.6
1724	0.963884	-16695.2
1725	0.957412	-16491.8
1726	0.964617	-16729
1727	0.965565	-16764.8
1728	0.965726	-16769.1
1729	0.963642	-16717.5
1730	0.95944	-16578.9
1731	0.957199	-16489.5
1732	0.962185	-16666.9
1733	0.966313	-16814.8
1734	0.964584	-16742.4
1735	0.962534	-16660.2
1736	0.958798	-16541.6
1737	0.952519	-16277.8
1738	0.960726	-16608.6
1739	0.964651	-16734.2
1740	0.961409	-16620.5
1741	0.963832	-16708.7
1742	0.95937	-16562.9
1743	0.960138	-16567.1
1744	0.958095	-16509.6
1745	0.958333	-16528
1746	0.958705	-16525.9
1747	0.961916	-16658.6
1748	0.959508	-16568.1
1749	0.966948	-16804.6
1750	0.955093	-16383.3
1751	0.958359	-16513.6
1752	0.956399	-16470.2
1753	0.956965	-16476
1754	0.962466	-16649.2
1755	0.962061	-16660.1
1756	0.959606	-16583.1
1757	0.963743	-16693.1
1758	0.96071	-16587.3
1759	0.957324	-16480.5
1760	0.955183	-16427
1761	0.958066	-16485.8
1762	0.96258	-16671.5
1763	0.963481	-16709.8
1764	0.960877	-16609.2
1765	0.951621	-16261.3
1766	0.960605	-16574.8
1767	0.964953	-16749.2
1768	0.965167	-16748.2
1769	0.959619	-16583.5
1770	0.958978	-16529.5
1771	0.959525	-16568.3
1772	0.955068	-16389.4
1773	0.952443	-16312
1774	0.952854	-16341.8
1775	0.959858	-16567.5
1776	0.964382	-16732
1777	0.959467	-16550.8
1778	0.958939	-16512.9
1779	0.963713	-16703.3
1780	0.958102	-16518.8
1781	0.95857	-16529.6
1782	0.965218	-16773.5
1783	0.951712	-16286.8
1784	0.95932	-16565.5
1785	0.960105	-16570.1
1786	0.960992	-16588.3
1787	0.95619	-16431.1
1788	0.957962	-16506.2
1789	0.9549	-16393.9
1790	0.959997	-16558.5
1791	0.957897	-16492.8
1792	0.953506	-16329.8
1793	0.956357	-16462
1794	0.960933	-16585.1
1795	0.96477	-16744.6
1796	0.963751	-16698.7
1797	0.964536	-16728.5
1798	0.963605	-16691.4
1799	0.964239	-16736.4
1800	0.963813	-16706.9
1801	0.959702	-16556.2
1802	0.963349	-16676.4
1803	0.962071	-16641.3
1804	0.962173	-16640.9
1805	0.964474	-16741.5
1806	0.96583	-16758.1
1807	0.963041	-16685.8
1808	0.9629	-16667.1
1809	0.959442	-16566.7
1810	0.957459	-16496.9
1811	0.960291	-16605.2
1812	0.959092	-16531
1813	0.956418	-16436.8
1814	0.953187	-16340.4
1815	0.950812	-16254.9
1816	0.945077	-16082.2
1817	0.945545	-16064.3
1818	0.959167	-16532.7
1819	0.960694	-16591.3
1820	0.960838	-16612.8
1821	0.960437	-16573.4
1822	0.960683	-16581.6
1823	0.952322	-16325.6
1824	0.954545	-16341.8
1825	0.953118	-16366.9
1826	0.96385	-16706.1
1827	0.962599	-16634.5
1828	0.959837	-16559.2
1829	0.959338	-16554.4
1830	0.961076	-16620.9
1831	0.962356	-16622.2
1832	0.962108	-16670.8
1833	0.957801	-16514.2
1834	0.963894	-16699
1835	0.966403	-16796.5
1836	0.969045	-16885.1
1837	0.965294	-16751.6
1838	0.963275	-16674.2
1839	0.964772	-16730.5
1840	0.958658	-16532.9
1841	0.965041	-16739.2
1842	0.962369	-16649.3
1843	0.960064	-16561.6
1844	0.963482	-16696.3
1845	0.963477	-16677.6
1846	0.964007	-16719.3
1847	0.960498	-16622.7
1848	0.961335	-16626.1
1849	0.962841	-16674.6
1850	0.963508	-16685
1851	0.962646	-16661
1852	0.961957	-16613.7
1853	0.963306	-16669.8
1854	0.965094	-16763.2
1855	0.958246	-16519.1
1856	0.956494	-16415.5
1857	0.959266	-16555.2
1858	0.961847	-16632.7
1859	0.961996	-16634.3
1860	0.959815	-16576.8
1861	0.957719	-16534.1
1862	0.962196	-16678.6
1863	0.958197	-16506.6
1864	0.957506	-16489.6
1865	0.960344	-16601.7
1866	0.962876	-16678.9
1867	0.95834	-16516.1
1868	0.95691	-16430.8
1869	0.958336	-16502.5
1870	0.956576	-16445.2
1871	0.958661	-16546.9
1872	0.964504	-16732.2
1873	0.961287	-16601.3
1874	0.961861	-16612
1875	0.959123	-16561.4
1876	0.957119	-16470.6
1877	0.956881	-16476.9
1878	0.95953	-16567.4
1879	0.964222	-16703.6
1880	0.960764	-16627.1
1881	0.957616	-16500
1882	0.959054	-16527.1
1883	0.965667	-16738.7
1884	0.966959	-16820.9
1885	0.965887	-16786.7
1886	0.961503	-16635.4
1887	0.962108	-16597.5
1888	0.965413	-16775.4
1889	0.962974	-16669.9
1890	0.963001	-16673.5
1891	0.965132	-16738.9
1892	0.965491	-16744.1
1893	0.959714	-16564.3
1894	0.958352	-16493.6
1895	0.953012	-16310.9
1896	0.95451	-16372.9
1897	0.954155	-16386.4
1898	0.96001	-16565.3
1899	0.956721	-16465.8
1900	0.960382	-16601.4
1901	0.962868	-16674.3
1902	0.960749	-16578.3
1903	0.958796	-16534.5
1904	0.962594	-16654.4
1905	0.957298	-16462.9
1906	0.959952	-16596.5
1907	0.960624	-16610.6
1908	0.963212	-16688.7
1909	0.959152	-16565.5
1910	0.96179	-16643.9
1911	0.967875	-16857
1912	0.961663	-16620.3
1913	0.960557	-16597.9
1914	0.961817	-16638.8
1915	0.959643	-16545.1
1916	0.960905	-16621.2
1917	0.962874	-16661.3
1918	0.962763	-16674.3
1919	0.96324	-16686.1
1920	0.960674	-16582
1921	0.963456	-16688.1
1922	0.964486	-16725.3
1923	0.962602	-16661.5
1924	0.960642	-16567
1925	0.966087	-16795.3
1926	0.961461	-16611.8
1927	0.962303	-16630.4
1928	0.96309	-16679.2
1929	0.962428	-16659.8
1930	0.96535	-16769.8
1931	0.963191	-16693.6
1932	0.964356	-16726.1
1933	0.959246	-16519.4
1934	0.954613	-16372.3
1935	0.956968	-16452
1936	0.960077	-16580.2
1937	0.961481	-16644
1938	0.961988	-16609.8
1939	0.966006	-16759.6
1940	0.962042	-16611
1941	0.960832	-16605.9
1942	0.962235	-16658.7
1943	0.961459	-16632
1944	0.961025	-16591.5
1945	0.956437	-16443.1
1946	0.960761	-16611
1947	0.962098	-16626.4
1948	0.964187	-16726.2
1949	0.963832	-16676.4
1950	0.964197	-16737.1
1951	0.96578	-16772.3
1952	0.965556	-16780.7
1953	0.962231	-16630.4
1954	0.961708	-16614.3
1955	0.96157	-16638.5
1956	0.961891	-16617
1957	0.955583	-16396.4
1958	0.954664	-16362.7
1959	0.956929	-16458.4
1960	0.956656	-16451.8
1961	0.960417	-16587.7
1962	0.962445	-16655.1
1963	0.965189	-16763.7
1964	0.966106	-16773.7
1965	0.955962	-16422.2
1966	0.955179	-16412.6
1967	0.95145	-16260.4
1968	0.961379	-16607.6
1969	0.964153	-16720.9
1970	0.960558	-16585.2
1971	0.963377	-16694.4
1972	0.959758	-16562.8
1973	0.955392	-16425
1974	0.956261	-16442
1975	0.956835	-16420.4
1976	0.960028	-16560.7
1977	0.962308	-16673.6
1978	0.961377	-16646.2
1979	0.958333	-16471.7
1980	0.962432	-16639.3
1981	0.963033	-16664.3
1982	0.963271	-16698
1983	0.96299	-16676
1984	0.960873	-16572.2
1985	0.96182	-16634.3
1986	0.959529	-16543.6
1987	0.956361	-16448.2
1988	0.955046	-16408.5
1989	0.958069	-16514.2
1990	0.95906	-16562
1991	0.962685	-16639.6
1992	0.956636	-16444.7
1993	0.958075	-16492.7
1994	0.956463	-16471.4
1995	0.955075	-16408.9
1996	0.958436	-16527.3
1997	0.962166	-16636.8
1998	0.960506	-16561.7
1999	0.949924	-16196.7
2000	0.957358	-16488.7
2001	0.959285	-16549.1
2002	0.963672	-16709.4
2003	0.958179	-16468.1
2004	0.958082	-16503.3
2005	0.959375	-16554.8
2006	0.954489	-16397.7
2007	0.958968	-16525.1
2008	0.959459	-16554.5
2009	0.964061	-16702.9
2010	0.96073	-16594
2011	0.961539	-16645.7
2012	0.955684	-16436.4
2013	0.952049	-16305.1
2014	0.94743	-16141.5
2015	0.94832	-16156.3
2016	0.955943	-16435.7
2017	0.962034	-16628
2018	0.962662	-16677.9
2019	0.96263	-16672.3
2020	0.964688	-16728.2
2021	0.96191	-16640.8
2022	0.960675	-16594.4
2023	0.960267	-16550.7
2024	0.956418	-16488.6
2025	0.942621	-15974.6
2026	0.959454	-16545
2027	0.96097	-16585.8
2028	0.963069	-16660.9
2029	0.961983	-16632.8
2030	0.962762	-16665.4
2031	0.959912	-16559.1
2032	0.9481	-16165.6
2033	0.959487	-16539.6
2034	0.960821	-16605.7
2035	0.961074	-16608.1
2036	0.954631	-16411.3
2037	0.963618	-16688.3
2038	0.958936	-16532.4
2039	0.962207	-16649.3
2040	0.959052	-16520.5
2041	0.961855	-16621.6
2042	0.962967	-16659.7
2043	0.963832	-16692.7
2044	0.96037	-16614.4
2045	0.96404	-16724.4
2046	0.958596	-16499
2047	0.960321	-16569
2048	0.963699	-16704.3
2049	0.960763	-16593.4
2050	0.958544	-16508.6
2051	0.96055	-16607.8
2052	0.960638	-16610.3
2053	0.958094	-16509
2054	0.957112	-16484.4
2055	0.9596	-16579.3
2056	0.963691	-16692.4
2057	0.962247	-16657.8
2058	0.9594	-16540.2
2059	0.965405	-16731.9
2060	0.962863	-16658.3
2061	0.963133	-16680.3
2062	0.960388	-16588.2
2063	0.964848	-16749.1
2064	0.961707	-16641.2
2065	0.961517	-16635
2066	0.962585	-16657.5
2067	0.959586	-16568.4
2068	0.952874	-16347.5
2069	0.960937	-16601.3
2070	0.959379	-16558.9
2071	0.9603	-16598.1
2072	0.964405	-16722.2
2073	0.959482	-16539.6
2074	0.967495	-16828.6
2075	0.960099	-16544.9
2076	0.963252	-16684.1
2077	0.964553	-16717
2078	0.963201	-16684.9
2079	0.961184	-16606
2080	0.957793	-16496.7
2081	0.957849	-16493.8
2082	0.960537	-16607.7
2083	0.96115	-16593.6
2084	0.964176	-16710.3
2085	0.963215	-16690.5
2086	0.963981	-16712.4
2087	0.964912	-16751.7
2088	0.963217	-16664.4
2089	0.959933	-16579.6
2090	0.954828	-16379.8
2091	0.953579	-16325
2092	0.954632	-16386.7
2093	0.962889	-16650.3
2094	0.963767	-16686.2
2095	0.964402	-16716.6
2096	0.963272	-16676.9
2097	0.963701	-16690
2098	0.959686	-16572.1
2099	0.958295	-16494.4
2100	0.963322	-16675.3
2101	0.962165	-16664
2102	0.960508	-16594.7
2103	0.961725	-16638.7
2104	0.960885	-16609.2
2105	0.959043	-16539.8
2106	0.959406	-16550.6
2107	0.958572	-16519.1
2108	0.958732	-16521.6
2109	0.95846	-16532.2
2110	0.958994	-16515.6
2111	0.957264	-16464.1
2112	0.960783	-16581.7
2113	0.962119	-16656.5
2114	0.959287	-16552.3
2115	0.959825	-16566
2116	0.959444	-16545.2
2117	0.959307	-16545
2118	0.953268	-16330.2
2119	0.962786	-16681.8
2120	0.961798	-16625.6
2121	0.959808	-16573.3
2122	0.965653	-16747.4
2123	0.964898	-16743.6
2124	0.963115	-16677
2125	0.96458	-16725.9
2126	0.963206	-16664.6
2127	0.963374	-16686.7
2128	0.965075	-16739.1
2129	0.963718	-16710.6
2130	0.963304	-16679
2131	0.962423	-16666
2132	0.962421	-16662.2
2133	0.965415	-16748.2
2134	0.962772	-16669.8
2135	0.961835	-16632.3
2136	0.962289	-16648.3
2137	0.960923	-16617.3
2138	0.960396	-16581.1
2139	0.962476	-16651.2
2140	0.962407	-16652
2141	0.964584	-16724.1
2142	0.96513	-16732.7
2143	0.961333	-16589.9
2144	0.961297	-16622.2
2145	0.960328	-16586.2
2146	0.960505	-16605.2
2147	0.964459	-16722
2148	0.963527	-16659.6
2149	0.962608	-16657.7
2150	0.966539	-16804.7
2151	0.962906	-16670.6
2152	0.964198	-16718.6
2153	0.957309	-16466
2154	0.964338	-16718.2
2155	0.962695	-16663.3
2156	0.965204	-16757.5
2157	0.962202	-16635.9
2158	0.961876	-16640.9
2159	0.958308	-16538.5
2160	0.959814	-16601.6
2161	0.958826	-16477.2
2162	0.957764	-16522.3
2163	0.962458	-16659.4
2164	0.966992	-16805.6
2165	0.962228	-16649.8
2166	0.959831	-16577.9
2167	0.96099	-16616
2168	0.962949	-16685.1
2169	0.960951	-16577.5
2170	0.958429	-16514.9
2171	0.961463	-16631.2
2172	0.957008	-16479.5
2173	0.957629	-16481.1
2174	0.958158	-16522.9
2175	0.961434	-16615.9
2176	0.961684	-16632.6
2177	0.961584	-16625.3
2178	0.958096	-16471
2179	0.956423	-16455.3
2180	0.961709	-16645.5
2181	0.96557	-16764.8
2182	0.963817	-16719.1
2183	0.962496	-16664.3
2184	0.953286	-16324.1
2185	0.960681	-16574.3
2186	0.961021	-16571.7
2187	0.965398	-16755.9
2188	0.965417	-16771.7
2189	0.963738	-16687.6
2190	0.963126	-16674.4
2191	0.963229	-16671.8
2192	0.961433	-16618.9
2193	0.962432	-16668.8
2194	0.955507	-16436.5
2195	0.957164	-16491.8
2196	0.958283	-16527.3
2197	0.95856	-16523
2198	0.95181	-16297.9
2199	0.957224	-16491.9
2200	0.959637	-16574.7
2201	0.960474	-16618.6
2202	0.956322	-16460.4
2203	0.957566	-16472.4
2204	0.965065	-16752.1
2205	0.963624	-16679
2206	0.965424	-16742.6
2207	0.957478	-16501.1
2208	0.951977	-16323.5
2209	0.959126	-16547.4
2210	0.96246	-16644.3
2211	0.957872	-16493.2
2212	0.954946	-16383.1
2213	0.961116	-16611
2214	0.96056	-16590.7
2215	0.961358	-16597.8
2216	0.96086	-16604.2
2217	0.95848	-16551.2
2218	0.959494	-16545
2219	0.958207	-16525.6
2220	0.963937	-16678.1
2221	0.958918	-16564.1
2222	0.962786	-16659.7
2223	0.965433	-16768.2
2224	0.962127	-16654
2225	0.960092	-16555.7
2226	0.958594	-16531.8
2227	0.959541	-16519.9
2228	0.960672	-16589.2
2229	0.964947	-16703.7
2230	0.955946	-16439.8
2231	0.957901	-16517.3
2232	0.963275	-16712.2
2233	0.957564	-16500.3
2234	0.962444	-16677.3
2235	0.96328	-16673.9
2236	0.959377	-16536.5
2237	0.963276	-16716.1
2238	0.965155	-16766.7
2239	0.963869	-16689.9
2240	0.96068	-16628.6
2241	0.960448	-16572.2
2242	0.96352	-16668.5
2243	0.95703	-16448.2
2244	0.953129	-16317
2245	0.956571	-16479.1
2246	0.962446	-16627.9
2247	0.964707	-16712.8
2248	0.964491	-16708.3
2249	0.962107	-16655.1
2250	0.960826	-16607.2
2251	0.965064	-16735.5
2252	0.961325	-16642.3
2253	0.958634	-16505.9
2254	0.960198	-16595.6
2255	0.9607	-16576.4
2256	0.963055	-16684.8
2257	0.960897	-16624.6
2258	0.96001	-16593.3
2259	0.955136	-16385.5
2260	0.961855	-16636.9
2261	0.957574	-16477.3
2262	0.956259	-16403.2
2263	0.956741	-16426.9
2264	0.964051	-16699.1
2265	0.964704	-16740.4
2266	0.961678	-16647.1
2267	0.961164	-16602.5
2268	0.959522	-16560.3
2269	0.955498	-16399.5
2270	0.953958	-16326.2
2271	0.95765	-16506.2
2272	0.958843	-16550.3
2273	0.948612	-16208.3
2274	0.956481	-16477.1
2275	0.959453	-16570.2
2276	0.964246	-16717.4
2277	0.963835	-16699.7
2278	0.961745	-16625.6
2279	0.964017	-16703.8
2280	0.964526	-16740.3
2281	0.960353	-16594.8
2282	0.962674	-16652.1
2283	0.958399	-16519.2
2284	0.962574	-16668.1
2285	0.960361	-16575.4
2286	0.963438	-16689.9
2287	0.964298	-16718.8
2288	0.956369	-16435
2289	0.950247	-16246.6
2290	0.957926	-16495
2291	0.963322	-16686.3
2292	0.959686	-16561.2
2293	0.959988	-16557
2294	0.964104	-16695
2295	0.964262	-16718.6
2296	0.962089	-16647.1
2297	0.960763	-16593
2298	0.96496	-16759.2
2299	0.959457	-16549.6
2300	0.95769	-16491.6
2301	0.958464	-16504.2
2302	0.962983	-16678.6
2303	0.961988	-16642.1
2304	0.961584	-16620.2
2305	0.962376	-16632.3
2306	0.959746	-16533.4
2307	0.96336	-16678.3
2308	0.963123	-16689
2309	0.96372	-16708
2310	0.964605	-16734.9
2311	0.960517	-16556.3
2312	0.961863	-16645
2313	0.959606	-16553.2
2314	0.958176	-16502.9
2315	0.957353	-16477
2316	0.959415	-16534.3
2317	0.964504	-16719.7
2318	0.965046	-16753.2
2319	0.967663	-16829.3
2320	0.961658	-16623
2321	0.964506	-16710.1
2322	0.957439	-16473.4
2323	0.960256	-16553.8
2324	0.96292	-16669.6
2325	0.960066	-16577.8
2326	0.961312	-16601.4
2327	0.957584	-16473.3
2328	0.956648	-16452
2329	0.959501	-16536.9
2330	0.959399	-16555.8
2331	0.958326	-16511.8
2332	0.960638	-16604.9
2333	0.963355	-16689.5
2334	0.965301	-16749.8
2335	0.960048	-16600.9
2336	0.96267	-16664.9
2337	0.96503	-16751.9
2338	0.96137	-16622
2339	0.963241	-16667.4
2340	0.958823	-16526.5
2341	0.956005	-16445.2
2342	0.959094	-16553.9
2343	0.961455	-16657.8
2344	0.956735	-16510.1
2345	0.959641	-16586.8
2346	0.954243	-16352.1
2347	0.961887	-16620.4
2348	0.96033	-16566.7
2349	0.964879	-16723.5
2350	0.962878	-16671.8
2351	0.961753	-16643.3
2352	0.958456	-16512.5
2353	0.962828	-16650.5
2354	0.951153	-16255.7
2355	0.956602	-16424
2356	0.960702	-16583.4
2357	0.960231	-16580.7
2358	0.959835	-16595.1
2359	0.961654	-16620.8
2360	0.962307	-16664.5
2361	0.95796	-16491
2362	0.965569	-16779.2
2363	0.959799	-16553.4
2364	0.959983	-16580.9
2365	0.956552	-16481.8
2366	0.95368	-16365.1
2367	0.946549	-16106.3
2368	0.946785	-16096
2369	0.950809	-16261.1
2370	0.956317	-16454
2371	0.956408	-16458.3
2372	0.960019	-16562.1
2373	0.960896	-16620.2
2374	0.961342	-16608.8
2375	0.962202	-16671.1
2376	0.96092	-16606.3
2377	0.963572	-16671.5
2378	0.959418	-16558.7
2379	0.955692	-16424.7
2380	0.95754	-16467.7
2381	0.961915	-16637.8
2382	0.952718	-16307.2
2383	0.960055	-16567.5
2384	0.960556	-16590.4
2385	0.959128	-16552.3
2386	0.95535	-16423.3
2387	0.95325	-16375.8
2388	0.959399	-16535.1
2389	0.962804	-16687.8
2390	0.958711	-16537.4
2391	0.960837	-16599.2
2392	0.963329	-16688.7
2393	0.958755	-16546.3
2394	0.955846	-16407.7
2395	0.950135	-16232.2
2396	0.952327	-16297.9
2397	0.958143	-16500.3
2398	0.959211	-16515.3
2399	0.963559	-16727.9
2400	0.962615	-16664.4
2401	0.962545	-16668.7
2402	0.962221	-16625.3
2403	0.962076	-16615.4
2404	0.958157	-16503
2405	0.957866	-16494.4
2406	0.964621	-16704.5
2407	0.964864	-16751.2
2408	0.9613	-16640
2409	0.962141	-16657.8
2410	0.962296	-16651.6
2411	0.964443	-16704.5
2412	0.961914	-16641.4
2413	0.963261	-16658.8
2414	0.962471	-16636.6
2415	0.959122	-16566.3
2416	0.958407	-16507.1
2417	0.961321	-16597.9
2418	0.962954	-16658.2
2419	0.958917	-16532.4
2420	0.959822	-16564
2421	0.960973	-16587
2422	0.949089	-16202
2423	0.954148	-16346.6
2424	0.958616	-16532.4
2425	0.959683	-16562.2
2426	0.962726	-16693.2
2427	0.96128	-16638.2
2428	0.963773	-16704.5
2429	0.963727	-16657.4
2430	0.964518	-16751.6
2431	0.967107	-16820.1
2432	0.96404	-16693.7
2433	0.959025	-16541
2434	0.956782	-16464.1
2435	0.956582	-16462.9
2436	0.954013	-16349.9
2437	0.96007	-16549.2
2438	0.960806	-16606.2
2439	0.959572	-16553
2440	0.954197	-16393.9
2441	0.956518	-16413.8
2442	0.961349	-16614.3
2443	0.960583	-16587
2444	0.961024	-16625.5
2445	0.964881	-16738.5
2446	0.962459	-16613.7
2447	0.964377	-16717.5
2448	0.963069	-16665.8
2449	0.963027	-16675.6
2450	0.960769	-16566.4
2451	0.961425	-16612.5
2452	0.962636	-16663.3
2453	0.960332	-16585
2454	0.961447	-16633.3
2455	0.959313	-16527.4
2456	0.966087	-16782.2
2457	0.962507	-16642.1
2458	0.962115	-16615.1
2459	0.965849	-16786.4
2460	0.959813	-16554.6
2461	0.955718	-16422.4
2462	0.961516	-16643.1
2463	0.965279	-16756.4
2464	0.964247	-16717.4
2465	0.964524	-16746
2466	0.957088	-16457.1
2467	0.959512	-16550.4
2468	0.955873	-16413.7
2469	0.963331	-16679.1
2470	0.957736	-16517.1
2471	0.953586	-16328
2472	0.959813	-16575.5
2473	0.962065	-16648.9
2474	0.960243	-16571.7
2475	0.964822	-16735.6
2476	0.962001	-16631.8
2477	0.960017	-16560.2
2478	0.959165	-16520.6
2479	0.960988	-16615.6
2480	0.959601	-16554.2
2481	0.957773	-16488.4
2482	0.965401	-16761.3
2483	0.96676	-16819.3
2484	0.964762	-16710.6
2485	0.9657	-16768.8
2486	0.963066	-16673.2
2487	0.964189	-16693.6
2488	0.96435	-16725.5
2489	0.964169	-16717.1
2490	0.957198	-16459.2
2491	0.960675	-16587.8
2492	0.958495	-16509.6
2493	0.958556	-16509.5
2494	0.954163	-16365.4
2495	0.962063	-16633.9
2496	0.962877	-16683.1
2497	0.96204	-16615
2498	0.960251	-16561.8
2499	0.962738	-16661
2500	0.959254	-16556.8
2501	0.962989	-16676.7
2502	0.96127	-16611.5
2503	0.962917	-16694.7
2504	0.958904	-16568.6
2505	0.962369	-16649.8
2506	0.965801	-16756.6
2507	0.962605	-16648.8
2508	0.961011	-16575.4
2509	0.952245	-16265.1
2510	0.960685	-16603.1
2511	0.958079	-16488.4
2512	0.95584	-16423.9
2513	0.960585	-16569.3
2514	0.964906	-16760.7
2515	0.959897	-16573.4
2516	0.963107	-16664.8
2517	0.962607	-16641.1
2518	0.962385	-16634.4
2519	0.951415	-16284
2520	0.95722	-16466.5
2521	0.960939	-16617.8
2522	0.963611	-16681.8
2523	0.967288	-16788.4
2524	0.961395	-16613.4
2525	0.959609	-16591.4
2526	0.953755	-16402.7
2527	0.955453	-16352.4
2528	0.959905	-16551.7
2529	0.962463	-16667.3
2530	0.961279	-16614.9
2531	0.963558	-16694.6
2532	0.962001	-16649.6
2533	0.957862	-16513.2
2534	0.961858	-16647.6
2535	0.96066	-16584
2536	0.957649	-16475.3
2537	0.959293	-16552.4
2538	0.954567	-16364.4
2539	0.957392	-16487.3
2540	0.952921	-16350.9
2541	0.954125	-16348.4
2542	0.956906	-16433.6
2543	0.961093	-16603.4
2544	0.963774	-16696.9
2545	0.963967	-16692.9
2546	0.961672	-16621
2547	0.961395	-16648
2548	0.958421	-16522.9
2549	0.963029	-16676.3
2550	0.960865	-16620.4
2551	0.956623	-16462.4
2552	0.95821	-16519.6
2553	0.957565	-16495
2554	0.940475	-15882.9
2555	0.941664	-15953.5
2556	0.955284	-16428.6
2557	0.95419	-16377.1
2558	0.955434	-16446.1
2559	0.960499	-16585.1
2560	0.963087	-16664.7
2561	0.966071	-16779.6
2562	0.965974	-16747.6
2563	0.965021	-16775.1
2564	0.955493	-16434.7
2565	0.957381	-16482.5
2566	0.956922	-16471.2
2567	0.959956	-16563.6
2568	0.962073	-16657
2569	0.964691	-16703.2
2570	0.963056	-16655.7
2571	0.951241	-16275.9
2572	0.950618	-16260.2
2573	0.950473	-16276.7
2574	0.961219	-16604.3
2575	0.963331	-16683
2576	0.956889	-16491.9
2577	0.960507	-16595
2578	0.957783	-16484.3
2579	0.962896	-16686
2580	0.959394	-16552.9
2581	0.959629	-16566.4
2582	0.95695	-16433.7
2583	0.955418	-16400.9
2584	0.95891	-16518.3
2585	0.96004	-16575.7
2586	0.959333	-16550.2
2587	0.956806	-16466.1
2588	0.960995	-16600.4
2589	0.964042	-16692.3
2590	0.962134	-16645.4
2591	0.962228	-16653.1
2592	0.963221	-16693.5
2593	0.956757	-16446.7
2594	0.960891	-16602.9
2595	0.9604	-16599.8
2596	0.960742	-16599
2597	0.963092	-16672.6
2598	0.960984	-16609.8
2599	0.959691	-16573.6
2600	0.960724	-16593.1
2601	0.962048	-16648.5
2602	0.966996	-16820.6
2603	0.95998	-16595.2
2604	0.960196	-16603.2
2605	0.964717	-16737.6
2606	0.964769	-16747.4
2607	0.9667	-16771
2608	0.960236	-16587.1
2609	0.957302	-16450.9
2610	0.965416	-16739.5
2611	0.957688	-16491.5
2612	0.961378	-16610.5
2613	0.962308	-16651.8
2614	0.963673	-16691.7
2615	0.963154	-16669.6
2616	0.968704	-16873.9
2617	0.967643	-16854.9
2618	0.964905	-16727.7
2619	0.960448	-16584.2
2620	0.964343	-16712.6
2621	0.964934	-16746.8
2622	0.965042	-16754.5
2623	0.962912	-16663.1
2624	0.963809	-16681.8
2625	0.964616	-16721.7
2626	0.959534	-16574.3
2627	0.957266	-16458.7
2628	0.956518	-16476.9
2629	0.958592	-16527.6
2630	0.963716	-16677.1
2631	0.963064	-16704.9
2632	0.959726	-16545.6
2633	0.963212	-16684.9
2634	0.964898	-16726.4
2635	0.967227	-16813.1
2636	0.960612	-16605.8
2637	0.961729	-16640
2638	0.966126	-16761.2
2639	0.962579	-16628.4
2640	0.960926	-16620.8
2641	0.962058	-16653.8
2642	0.964652	-16736
2643	0.96185	-16616.4
2644	0.965044	-16753.9
2645	0.960394	-16543.4
2646	0.961297	-16631.6
2647	0.965924	-16789
2648	0.962919	-16667.2
2649	0.962005	-16640.1
2650	0.961865	-16645.6
2651	0.95854	-16530.5
2652	0.960919	-16622
2653	0.962145	-16632.9
2654	0.966674	-16813
2655	0.967614	-16827.4
2656	0.963696	-16700.4
2657	0.966328	-16785.2
2658	0.959859	-16580.8
2659	0.954695	-16406.4
2660	0.956205	-16456.5
2661	0.957617	-16520.8
2662	0.961108	-16612
2663	0.961853	-16625
2664	0.962506	-16646.5
2665	0.964967	-16754.1
2666	0.96719	-16819.9
2667	0.965517	-16732.4
2668	0.963325	-16711.6
2669	0.959271	-16543
2670	0.963516	-16728.7
2671	0.95764	-16422.2
2672	0.940374	-15877.3
2673	0.951567	-16307.7
2674	0.955706	-16452.1
2675	0.963569	-16697.3
2676	0.965122	-16757.8
2677	0.964162	-16732.2
2678	0.966467	-16816
2679	0.964954	-16746.7
2680	0.96328	-16659.8
2681	0.965112	-16764.7
2682	0.963795	-16705.1
2683	0.965253	-16747.7
2684	0.962306	-16642.9
2685	0.963539	-16683.7
2686	0.962175	-16645.1
2687	0.959762	-16566.6
2688	0.958353	-16542.4
2689	0.957352	-16469.9
2690	0.965698	-16762.7
2691	0.961936	-16640.7
2692	0.960137	-16576.7
2693	0.960284	-16598
2694	0.963366	-16701
2695	0.962044	-16647.9
2696	0.954409	-16379.1
2697	0.960127	-16558.1
2698	0.960096	-16578.8
2699	0.963472	-16698.5
2700	0.959993	-16595.2
2701	0.96263	-16675.9
2702	0.964932	-16730.8
2703	0.956124	-16449.4
2704	0.954356	-16399.3
2705	0.955898	-16401.3
2706	0.9595	-16570.2
2707	0.964715	-16715.8
2708	0.963092	-16674.8
2709	0.960489	-16595.1
2710	0.961026	-16612.1
2711	0.962844	-16690.3
2712	0.96443	-16732.2
2713	0.963749	-16702.3
2714	0.962446	-16674
2715	0.959061	-16525.6
2716	0.960504	-16572.1
2717	0.957732	-16525.5
2718	0.956637	-16460.3
2719	0.96295	-16670.8
2720	0.962866	-16665.3
2721	0.962098	-16665.9
2722	0.963962	-16714.7
2723	0.964514	-16727.6
2724	0.964538	-16714.5
2725	0.955612	-16425
2726	0.956852	-16479
2727	0.962833	-16676
2728	0.95745	-16495.2
2729	0.964482	-16718.9
2730	0.966852	-16810
2731	0.95528	-16390.9
2732	0.958257	-16497.2
2733	0.962321	-16641.4
2734	0.955246	-16377.8
2735	0.957487	-16484.4
2736	0.958499	-16473.7
2737	0.959819	-16578.6
2738	0.960632	-16575.3
2739	0.960118	-16579.3
2740	0.963957	-16699.2
2741	0.961793	-16644.4
2742	0.956394	-16474.9
2743	0.959897	-16565.3
2744	0.957617	-16484.3
2745	0.960789	-16590.9
2746	0.956943	-16483.1
2747	0.964705	-16732.8
2748	0.957577	-16498.6
2749	0.957896	-16523.1
2750	0.959672	-16585.5
2751	0.965532	-16754.2
2752	0.967453	-16849.9
2753	0.963733	-16679.6
2754	0.960913	-16621.7
2755	0.952014	-16307.9
2756	0.956116	-16440.9
2757	0.954486	-16389.4
2758	0.960268	-16577.4
2759	0.964616	-16730.4
2760	0.96147	-16607.1
2761	0.961192	-16589.9
2762	0.9622	-16668.2
2763	0.962049	-16634.1
2764	0.96224	-16651.7
2765	0.960105	-16552.3
2766	0.962536	-16672.1
2767	0.964739	-16727.9
2768	0.95802	-16501.2
2769	0.961913	-16614.3
2770	0.961508	-16625.3
2771	0.961222	-16622
2772	0.960686	-16611.9
2773	0.963393	-16684
2774	0.96136	-16607.6
2775	0.960744	-16573.2
2776	0.961912	-16621
2777	0.964564	-16725.1
2778	0.960687	-16574.3
2779	0.960676	-16607.4
2780	0.963408	-16672.3
2781	0.963874	-16689.5
2782	0.962476	-16655.8
2783	0.962593	-16665.1
2784	0.962587	-16657.9
2785	0.958183	-16516.1
2786	0.957064	-16458.5
2787	0.962309	-16669.3
2788	0.964389	-16719.8
2789	0.961829	-16603.9
2790	0.958361	-16484.2
2791	0.956239	-16434.4
2792	0.95305	-16313.8
2793	0.958687	-16538.8
2794	0.963887	-16705.7
2795	0.96039	-16566.6
2796	0.962926	-16651.2
2797	0.960933	-16609.6
2798	0.964452	-16710.5
2799	0.967494	-16829.4
2800	0.962798	-16675.5
2801	0.963455	-16677
2802	0.963131	-16653.2
2803	0.965814	-16763.5
2804	0.966668	-16801.6
2805	0.958467	-16543
2806	0.964535	-16722.4
2807	0.960733	-16590
2808	0.965016	-16722.9
2809	0.959627	-16539.8
2810	0.956443	-16450.6
2811	0.955222	-16413.8
2812	0.956373	-16444.6
2813	0.959927	-16556
2814	0.963764	-16676.7
2815	0.960463	-16600.2
2816	0.961081	-16602.6
2817	0.959745	-16582.2
2818	0.967024	-16803.7
2819	0.96523	-16744.7
2820	0.963417	-16696
2821	0.967688	-16838.7
2822	0.96178	-16615.2
2823	0.95573	-16383.4
2824	0.955807	-16430.3
2825	0.957367	-16486
2826	0.9598	-16565.1
2827	0.960917	-16592.6
2828	0.96271	-16665.3
2829	0.960391	-16620.6
2830	0.962695	-16668.4
2831	0.956766	-16487.3
2832	0.960242	-16592.6
2833	0.959448	-16540.7
2834	0.960139	-16567.2
2835	0.96049	-16579.5
2836	0.96413	-16719
2837	0.96061	-16600
2838	0.963318	-16685.2
2839	0.960212	-16581.2
2840	0.958615	-16529.3
2841	0.961883	-16664.2
2842	0.959356	-16569.3
2843	0.963063	-16694.1
2844	0.958688	-16539.3
2845	0.958919	-16537.5
2846	0.963915	-16709.6
2847	0.958581	-16535.8
2848	0.956861	-16470.6
2849	0.956127	-16393
2850	0.959047	-16569
2851	0.963758	-16698.2
2852	0.961952	-16637.8
2853	0.966401	-16777.7
2854	0.960239	-16569.7
2855	0.962026	-16632.9
2856	0.966389	-16800.4
2857	0.966828	-16790.4
2858	0.963148	-16671.7
2859	0.956193	-16475.9
2860	0.960593	-16587.3
2861	0.956564	-16453.9
2862	0.958528	-16530.4
2863	0.962559	-16669
2864	0.96303	-16672.2
2865	0.962953	-16672
2866	0.965362	-16749.2
2867	0.963484	-16663.7
2868	0.963567	-16680.1
2869	0.962434	-16663.4
2870	0.966356	-16787.6
2871	0.964514	-16714.1
2872	0.962502	-16635.2
2873	0.96273	-16663.9
2874	0.964579	-16747.1
2875	0.964627	-16709.5
2876	0.964489	-16735
2877	0.964684	-16733.6
2878	0.958218	-16496
2879	0.960548	-16556.1
2880	0.962842	-16677.8
2881	0.962494	-16664.7
2882	0.959053	-16568.6
2883	0.955943	-16414
2884	0.955858	-16432.9
2885	0.962893	-16664.8
2886	0.961489	-16622.9
2887	0.960363	-16600.7
2888	0.956563	-16462.1
2889	0.958849	-16538.9
2890	0.96366	-16704
2891	0.962255	-16660.7
2892	0.953042	-16333.7
2893	0.9611	-16591.5
2894	0.959372	-16531
2895	0.962156	-16637.5
2896	0.963925	-16721.2
2897	0.958436	-16522.4
2898	0.961451	-16606.2
2899	0.95878	-16518.3
2900	0.95779	-16468.3
2901	0.961668	-16633.3
2902	0.963843	-16696.3
2903	0.966266	-16797.9
2904	0.962153	-16628.3
2905	0.965575	-16768.5
2906	0.961327	-16622.5
2907	0.96009	-16578.4
2908	0.958514	-16507.8
2909	0.959261	-16546.7
2910	0.960088	-16558.3
2911	0.962833	-16674.6
2912	0.963449	-16670.2
2913	0.962906	-16674.7
2914	0.96545	-16754.4
2915	0.96497	-16734.2
2916	0.963373	-16679.7
2917	0.959686	-16587.1
2918	0.960615	-16590.1
2919	0.965167	-16756.3
2920	0.964342	-16706.4
2921	0.962502	-16654.1
2922	0.957855	-16470.6
2923	0.959721	-16599
2924	0.961943	-16618.3
2925	0.959606	-16545.1
2926	0.962433	-16657.4
2927	0.956593	-16454.8
2928	0.95505	-16418.3
2929	0.954825	-16362.7
2930	0.958747	-16519.1
2931	0.960783	-16599.1
2932	0.959039	-16527.5
2933	0.959753	-16584.5
2934	0.962224	-16653.8
2935	0.961033	-16591.2
2936	0.961156	-16605.5
2937	0.95902	-16506.2
2938	0.959502	-16582.1
2939	0.96079	-16595.6
2940	0.961866	-16640.4
2941	0.962988	-16650.1
2942	0.96091	-16610.4
2943	0.959469	-16535
2944	0.959215	-16528.7
2945	0.961876	-16656.3
2946	0.962377	-16705.8
2947	0.960813	-16626.2
2948	0.959309	-16589.9
2949	0.957533	-16477.3
2950	0.964663	-16732.8
2951	0.962418	-16656.7
2952	0.958467	-16480.5
2953	0.963599	-16672.7
2954	0.960804	-16596.2
2955	0.958355	-16509.8
2956	0.962565	-16651.6
2957	0.960431	-16576
2958	0.958114	-16525.8
2959	0.962037	-16649.1
2960	0.961096	-16601.7
2961	0.961031	-16613.4
2962	0.958087	-16495.6
2963	0.966353	-16791.2
2964	0.962706	-16647.1
2965	0.963672	-16692.3
2966	0.960888	-16612.5
2967	0.957361	-16443.8
2968	0.961389	-16624.6
2969	0.958419	-16490.4
2970	0.956805	-16445.4
2971	0.959604	-16566.8
2972	0.961621	-16650.2
2973	0.961818	-16678.2
2974	0.96387	-16708
2975	0.962535	-16655.6
2976	0.964642	-16725.5
2977	0.964255	-16753.1
2978	0.962172	-16634.4
2979	0.958011	-16487.2
2980	0.960655	-16629.3
2981	0.958618	-16556.9
2982	0.956067	-16425.6
2983	0.965552	-16760.9
2984	0.961426	-16636.8
2985	0.946644	-16146.4
2986	0.948557	-16177.7
2987	0.95194	-16300.2
2988	0.954128	-16387.2
2989	0.956488	-16449
2990	0.958563	-16497.4
2991	0.960223	-16575.4
2992	0.9561	-16453.6
2993	0.961538	-16634.6
2994	0.963896	-16696.9
2995	0.96154	-16641.6
2996	0.96029	-16554.5
2997	0.96005	-16562.7
2998	0.962634	-16663.3
2999	0.966193	-16780.3
