0	0.37697	-2612.24
1	0.378822	-2589.62
2	0.391017	-2785.76
3	0.379781	-2572
4	0.380399	-2608.11
5	0.376898	-2540.4
6	0.388589	-2694.47
7	0.378372	-2629.3
8	0.382415	-2555.9
9	0.383795	-2684.67
10	0.387421	-2683.12
11	0.394311	-2794.4
12	0.385966	-2691.23
13	0.388567	-2721.73
14	0.375727	-2517.83
15	0.381861	-2635.19
16	0.382651	-2652.21
17	0.379753	-2599.36
18	0.372869	-2475.25
19	0.36849	-2419.72
20	0.382942	-2681.51
21	0.387417	-2709.91
22	0.387579	-2727.57
23	0.386184	-2680.07
24	0.387991	-2696.36
25	0.384043	-2652.46
26	0.387712	-2754.16
27	0.378271	-2589.62
28	0.387113	-2714.77
29	0.381412	-2607.14
30	0.386402	-2738.18
31	0.387624	-2646.84
32	0.379903	-2578.74
33	0.381649	-2599.97
34	0.386022	-2711.49
35	0.384429	-2660.02
36	0.383946	-2637.33
37	0.379617	-2556.42
38	0.378417	-2538.68
39	0.378949	-2597.23
40	0.374593	-2499.07
41	0.382099	-2633.67
42	0.372654	-2505.54
43	0.377952	-2589.54
44	0.387946	-2660.04
45	0.382821	-2651.96
46	0.381235	-2546.15
47	0.390472	-2744.84
48	0.367136	-2436.48
49	0.376919	-2521.36
50	0.3847	-2659.27
51	0.370977	-2460.43
52	0.383471	-2654.2
53	0.386587	-2676
54	0.382363	-2670.05
55	0.381493	-2601.95
56	0.380044	-2599.42
57	0.383923	-2698.82
58	0.382595	-2613.82
59	0.388003	-2706.39
60	0.389995	-2740.96
61	0.379712	-2568.35
62	0.387206	-2662.06
63	0.376967	-2566.86
64	0.385789	-2691.3
65	0.379566	-2567.69
66	0.3802	-2627.67
67	0.383864	-2658.96
68	0.385206	-2653.45
69	0.381987	-2620.18
70	0.392338	-2730.29
71	0.381376	-2596.29
72	0.374002	-2510.03
73	0.378952	-2535.51
74	0.380272	-2579.03
75	0.383934	-2636.51
76	0.381534	-2623.83
77	0.379341	-2615.51
78	0.378769	-2536.47
79	0.384091	-2642.6
80	0.381222	-2635.48
81	0.376656	-2575.79
82	0.386099	-2689.48
83	0.382095	-2627.45
84	0.382876	-2603.57
85	0.379474	-2595.83
86	0.391639	-2730.47
87	0.379065	-2585.24
88	0.39097	-2749.12
89	0.386649	-2677.53
90	0.380526	-2655.96
91	0.383784	-2665.05
92	0.375264	-2533.27
93	0.388205	-2726.96
94	0.37028	-2470.97
95	0.386124	-2678.42
96	0.381908	-2616.65
97	0.3709	-2501.81
98	0.375143	-2558.53
99	0.380037	-2604.97
100	0.389901	-2731.14
101	0.382021	-2651.97
102	0.39003	-2769.61
103	0.386054	-2643.95
104	0.379638	-2592.55
105	0.386472	-2728.21
106	0.382517	-2605.79
107	0.384432	-2702.57
108	0.377288	-2544.1
109	0.384803	-2672.88
110	0.375973	-2536.29
111	0.378106	-2568.92
112	0.385819	-2664.76
113	0.378225	-2607.42
114	0.373718	-2469.03
115	0.379608	-2609.29
116	0.385567	-2687.29
117	0.383764	-2653.04
118	0.381507	-2630.07
119	0.384537	-2614.01
120	0.386459	-2703.49
121	0.379397	-2575.7
122	0.377619	-2571.54
123	0.3844	-2600.86
124	0.389582	-2761.83
125	0.374373	-2510.72
126	0.376513	-2597.74
127	0.382821	-2641.93
128	0.382399	-2608.42
129	0.380951	-2646.47
130	0.379748	-2573.54
131	0.38445	-2620.88
132	0.373223	-2553.07
133	0.381323	-2604.93
134	0.382548	-2635.48
135	0.371714	-2468.49
136	0.383104	-2593.31
137	0.383157	-2640.61
138	0.385332	-2652.45
139	0.378379	-2585.68
140	0.376304	-2540.06
141	0.380532	-2555.82
142	0.388145	-2703.29
143	0.379411	-2595.97
144	0.390147	-2765.01
145	0.379568	-2566.37
146	0.386355	-2725.45
147	0.386141	-2663.4
148	0.371593	-2470.18
149	0.378872	-2561.76
150	0.390444	-2731.86
151	0.384283	-2647.97
152	0.383771	-2614.29
153	0.385883	-2661.87
154	0.378386	-2568.42
155	0.369338	-2425.48
156	0.379513	-2590.76
157	0.384677	-2617.94
158	0.385438	-2658.3
159	0.389537	-2746.43
160	0.377236	-2534.28
161	0.386147	-2682.52
162	0.377126	-2587.64
163	0.387246	-2688.39
164	0.385171	-2646.18
165	0.375881	-2513.34
166	0.38261	-2593.59
167	0.378674	-2586.46
168	0.384912	-2651.76
169	0.37425	-2510.42
170	0.385174	-2670.74
171	0.389473	-2691.89
172	0.378144	-2591.03
173	0.378859	-2540
174	0.370644	-2450.9
175	0.376582	-2547.8
176	0.393159	-2736.98
177	0.378958	-2556.69
178	0.378568	-2587.7
179	0.382909	-2633.02
180	0.377897	-2568.47
181	0.383138	-2626.28
182	0.389705	-2759.17
183	0.385472	-2629.53
184	0.384748	-2676.73
185	0.383566	-2629.8
186	0.386934	-2721.44
187	0.378394	-2595.22
188	0.379313	-2561.98
189	0.372527	-2527.73
190	0.37966	-2542.75
191	0.37034	-2460.26
192	0.384513	-2642.9
193	0.393641	-2787.55
194	0.378402	-2548.37
195	0.374265	-2518.21
196	0.380989	-2588.58
197	0.379892	-2586.13
198	0.378263	-2560.83
199	0.376014	-2534.79
200	0.393378	-2740.06
201	0.381902	-2612.23
202	0.388066	-2730.12
203	0.383415	-2650.65
204	0.384869	-2684.25
205	0.380525	-2610.89
206	0.384469	-2640.62
207	0.384263	-2667.69
208	0.383839	-2649.74
209	0.39237	-2796.4
210	0.375887	-2543.75
211	0.382695	-2614.49
212	0.380182	-2572.21
213	0.376411	-2546.38
214	0.381085	-2609.83
215	0.382013	-2572.91
216	0.383369	-2632.54
217	0.377679	-2578.95
218	0.379355	-2546.06
219	0.380097	-2581.01
220	0.378747	-2630.47
221	0.373418	-2525.45
222	0.376109	-2521.2
223	0.382232	-2620.8
224	0.386403	-2652.2
225	0.393546	-2736.79
226	0.378479	-2637.01
227	0.388395	-2718.44
228	0.387262	-2697.23
229	0.3725	-2524.16
230	0.383457	-2638.57
231	0.382047	-2629.16
232	0.376532	-2534.71
233	0.38634	-2713.65
234	0.384234	-2672.25
235	0.393412	-2793.92
236	0.384577	-2644.09
237	0.376012	-2583.44
238	0.38664	-2693.07
239	0.375109	-2511.01
240	0.378419	-2580.14
241	0.382423	-2628.51
242	0.375576	-2532.72
243	0.381021	-2616.19
244	0.375905	-2521.52
245	0.379645	-2585.24
246	0.374686	-2509.89
247	0.385932	-2639.64
248	0.375319	-2490.84
249	0.384393	-2643.34
250	0.382393	-2628.65
251	0.386043	-2673.94
252	0.381615	-2634.46
253	0.385929	-2692.14
254	0.385494	-2666.54
255	0.384422	-2629.54
256	0.38656	-2643.82
257	0.380661	-2571.19
258	0.384215	-2643.33
259	0.377341	-2528.1
260	0.375195	-2524.55
261	0.379604	-2558.87
262	0.379263	-2604.73
263	0.384616	-2678.82
264	0.38488	-2681.66
265	0.381748	-2568.47
266	0.380242	-2625.24
267	0.377122	-2556.01
268	0.382831	-2653.33
269	0.392626	-2794.71
270	0.376529	-2559.98
271	0.388051	-2721.64
272	0.384982	-2636.89
273	0.383726	-2641.9
274	0.386611	-2696.16
275	0.373932	-2529.22
276	0.384831	-2676.3
277	0.380441	-2572.82
278	0.379307	-2549.81
279	0.386688	-2698.96
280	0.380506	-2610.66
281	0.383456	-2651.52
282	0.376629	-2542.9
283	0.383646	-2633.62
284	0.377535	-2568.87
285	0.382362	-2628.92
286	0.380519	-2611.37
287	0.382074	-2602.18
288	0.385567	-2666.95
289	0.384726	-2687.41
290	0.38156	-2619.34
291	0.383923	-2626.08
292	0.379091	-2612.17
293	0.389331	-2732.65
294	0.385195	-2717.86
295	0.375508	-2535.88
296	0.384674	-2677.14
297	0.382279	-2633.79
298	0.380151	-2619.83
299	0.380976	-2607.44
300	0.386243	-2663.21
301	0.380323	-2623.64
302	0.377686	-2565.95
303	0.388171	-2731.02
304	0.386973	-2655.2
305	0.38362	-2663.13
306	0.38493	-2666.43
307	0.382591	-2619.37
308	0.384361	-2604.27
309	0.37655	-2534.57
310	0.382846	-2650.7
311	0.388008	-2710.11
312	0.383044	-2678.35
313	0.384801	-2653.01
314	0.381802	-2572.99
315	0.387155	-2726.83
316	0.375545	-2527.29
317	0.377361	-2506.37
318	0.385109	-2631.66
319	0.385106	-2657.69
320	0.373336	-2560.96
321	0.396014	-2813.25
322	0.383908	-2637.38
323	0.377102	-2534.29
324	0.38869	-2664.1
325	0.38413	-2705.07
326	0.377728	-2646.2
327	0.377706	-2571.82
328	0.379274	-2599.8
329	0.384151	-2679.74
330	0.375352	-2540.05
331	0.387272	-2722.92
332	0.390097	-2743.56
333	0.380933	-2643.95
334	0.390172	-2706.17
335	0.382411	-2615.18
336	0.377597	-2572.4
337	0.385122	-2663.68
338	0.376912	-2519.34
339	0.382502	-2621.61
340	0.385425	-2649.16
341	0.384688	-2678.55
342	0.388058	-2626.95
343	0.385776	-2688.22
344	0.386601	-2711.61
345	0.382481	-2627.17
346	0.376409	-2549.52
347	0.377253	-2578.31
348	0.381911	-2592.64
349	0.384793	-2595.68
350	0.391068	-2777.61
351	0.384009	-2671.7
352	0.383566	-2667.21
353	0.379219	-2600.1
354	0.379987	-2578.59
355	0.378521	-2575.63
356	0.377778	-2551.99
357	0.382503	-2666.03
358	0.384117	-2653.66
359	0.379972	-2585.62
360	0.377325	-2574.61
361	0.381271	-2599.9
362	0.381022	-2597.35
363	0.381865	-2636.69
364	0.380406	-2606.18
365	0.382518	-2595.45
366	0.378601	-2587.7
367	0.3809	-2598.85
368	0.381951	-2574.29
369	0.385127	-2656.16
370	0.380945	-2590.02
371	0.379681	-2582.42
372	0.385985	-2667.79
373	0.380726	-2597.08
374	0.374625	-2485.78
375	0.381653	-2633.72
376	0.378421	-2624.06
377	0.392209	-2780.35
378	0.376291	-2567.38
379	0.385347	-2701.48
380	0.383744	-2626.75
381	0.377304	-2551.63
382	0.387843	-2709.28
383	0.393866	-2803.86
384	0.374208	-2507.12
385	0.378183	-2555.61
386	0.38784	-2720.85
387	0.381077	-2552.02
388	0.383378	-2655.84
389	0.375751	-2554.16
390	0.379616	-2580.17
391	0.385101	-2703.9
392	0.374551	-2527.23
393	0.375347	-2534.51
394	0.385843	-2660.15
395	0.383561	-2679.21
396	0.379829	-2582.19
397	0.383102	-2640.78
398	0.388369	-2732.95
399	0.377165	-2563.88
400	0.388188	-2704.69
401	0.375151	-2515.15
402	0.381265	-2592.71
403	0.38186	-2621.83
404	0.377804	-2586.78
405	0.377483	-2559.23
406	0.385568	-2693.93
407	0.378314	-2611.2
408	0.375764	-2532.59
409	0.381028	-2591.68
410	0.381968	-2589.33
411	0.379348	-2577.49
412	0.385797	-2630.51
413	0.391105	-2746.33
414	0.378411	-2597.57
415	0.380378	-2624.51
416	0.379491	-2561.65
417	0.377539	-2551.97
418	0.398134	-2821.17
419	0.386632	-2660.05
420	0.374383	-2553.72
421	0.378508	-2554.88
422	0.389897	-2752.56
423	0.386233	-2635.77
424	0.386175	-2676.42
425	0.381906	-2604.39
426	0.380288	-2603.63
427	0.374672	-2522.02
428	0.388623	-2689.76
429	0.37859	-2548.41
430	0.382332	-2599.09
431	0.390904	-2749.91
432	0.382335	-2673.91
433	0.382052	-2630.33
434	0.382322	-2590.74
435	0.386622	-2716.66
436	0.384349	-2660.52
437	0.383648	-2618.81
438	0.385078	-2636.29
439	0.3813	-2622.39
440	0.376951	-2518.06
441	0.388748	-2728.4
442	0.377904	-2562.69
443	0.378042	-2593.87
444	0.38197	-2658.25
445	0.380749	-2615.74
446	0.37789	-2562.67
447	0.391086	-2741.22
448	0.383946	-2656.53
449	0.380084	-2603.61
450	0.37974	-2577.82
451	0.371089	-2454.66
452	0.389283	-2726.33
453	0.376819	-2548.89
454	0.378698	-2559.26
455	0.380662	-2595.23
456	0.380099	-2593.63
457	0.375129	-2530.21
458	0.38555	-2668.87
459	0.380415	-2593.17
460	0.377857	-2568.77
461	0.383819	-2592.33
462	0.381974	-2623.74
463	0.382944	-2604.66
464	0.380717	-2579.65
465	0.382498	-2642.62
466	0.377871	-2589.2
467	0.381571	-2591.54
468	0.375482	-2537.52
469	0.377052	-2521.44
470	0.382594	-2642.18
471	0.380959	-2583.06
472	0.377747	-2556.83
473	0.387193	-2689.24
474	0.386292	-2719.02
475	0.38894	-2698.16
476	0.38687	-2721.81
477	0.382573	-2624.95
478	0.384763	-2622.04
479	0.391061	-2725.72
480	0.379356	-2597.92
481	0.383369	-2620.52
482	0.384986	-2637.14
483	0.383024	-2600.58
484	0.386653	-2684.42
485	0.377528	-2581.16
486	0.388766	-2705.5
487	0.387865	-2659.31
488	0.382576	-2636.08
489	0.383782	-2632.61
490	0.39121	-2734.13
491	0.38043	-2622.28
492	0.379219	-2580.8
493	0.378508	-2546.1
494	0.381484	-2570.4
495	0.382124	-2648.57
496	0.385649	-2645.17
497	0.380488	-2587.24
498	0.380953	-2613.7
499	0.379799	-2606.51
500	0.377509	-2558.01
501	0.38373	-2624.39
502	0.369107	-2419.61
503	0.386835	-2703.94
504	0.376446	-2514.2
505	0.373674	-2551.7
506	0.386807	-2694.13
507	0.374984	-2552.52
508	0.385508	-2709.41
509	0.382467	-2633.89
510	0.388918	-2748.22
511	0.384114	-2655.03
512	0.386358	-2706.5
513	0.381848	-2591.24
514	0.382482	-2627.45
515	0.382531	-2633.87
516	0.384321	-2612.72
517	0.38509	-2650.3
518	0.37615	-2590.75
519	0.382633	-2626.09
520	0.380306	-2576.54
521	0.386945	-2707.66
522	0.392747	-2778.85
523	0.375215	-2535.15
524	0.388172	-2646.13
525	0.386383	-2659.16
526	0.379766	-2593.79
527	0.37695	-2554.62
528	0.384672	-2670.22
529	0.387987	-2698.57
530	0.378134	-2567.66
531	0.376098	-2572.72
532	0.37686	-2527.17
533	0.382529	-2631.97
534	0.37994	-2618.01
535	0.384366	-2650.74
536	0.378257	-2541.13
537	0.386474	-2667.7
538	0.386203	-2662.73
539	0.37813	-2603.68
540	0.38463	-2651.63
541	0.378543	-2584.01
542	0.37996	-2614.92
543	0.383402	-2624.1
544	0.372467	-2480.47
545	0.392307	-2733.44
546	0.38179	-2643.19
547	0.388205	-2675.91
548	0.380102	-2631.83
549	0.379936	-2559.84
550	0.376634	-2585.8
551	0.383707	-2641.01
552	0.378641	-2544.11
553	0.383827	-2629.45
554	0.385531	-2639.92
555	0.386238	-2689.79
556	0.383995	-2664.96
557	0.389149	-2720.81
558	0.390588	-2790.82
559	0.382028	-2666.47
560	0.377704	-2510.69
561	0.380263	-2603.55
562	0.37676	-2553.46
563	0.381352	-2633.35
564	0.383729	-2649.99
565	0.378773	-2593.9
566	0.3837	-2695.08
567	0.382083	-2636.84
568	0.387977	-2729.97
569	0.377621	-2577.9
570	0.387478	-2654.37
571	0.3784	-2597.4
572	0.382419	-2615.31
573	0.38641	-2716.34
574	0.382241	-2640.15
575	0.377078	-2585.07
576	0.395731	-2813.26
577	0.38152	-2664.29
578	0.383832	-2684.66
579	0.381119	-2621.91
580	0.37927	-2555.09
581	0.377735	-2596.18
582	0.379327	-2586.19
583	0.384113	-2654.5
584	0.381682	-2584.47
585	0.378162	-2565.16
586	0.38786	-2717.53
587	0.374309	-2506.38
588	0.377124	-2588.53
589	0.391962	-2748.77
590	0.376788	-2562.75
591	0.381907	-2626.3
592	0.369525	-2430.56
593	0.377074	-2558.09
594	0.375905	-2559.54
595	0.375855	-2530.54
596	0.379901	-2646.09
597	0.377342	-2580.94
598	0.379583	-2558.45
599	0.383926	-2643.69
600	0.376283	-2557.51
601	0.38898	-2723.52
602	0.384949	-2685.16
603	0.383959	-2641.06
604	0.379838	-2566.3
605	0.378798	-2560.87
606	0.383821	-2598.14
607	0.383526	-2648.08
608	0.379199	-2588.51
609	0.377735	-2619.11
610	0.380102	-2576.83
611	0.386903	-2684.13
612	0.383514	-2628.94
613	0.380216	-2600.15
614	0.38093	-2600.7
615	0.384006	-2655.04
616	0.381869	-2629.49
617	0.385784	-2649.88
618	0.375183	-2579.14
619	0.386525	-2666.09
620	0.384353	-2650.71
621	0.382449	-2666.52
622	0.371578	-2456.27
623	0.371682	-2499.77
624	0.381846	-2606.26
625	0.383981	-2645.39
626	0.383486	-2624.92
627	0.379364	-2574.84
628	0.388754	-2692.14
629	0.388793	-2723.23
630	0.380757	-2610.05
631	0.381694	-2597.83
632	0.382926	-2666.41
633	0.382603	-2593.08
634	0.375844	-2577.68
635	0.380378	-2606.53
636	0.386307	-2720.68
637	0.384845	-2660.78
638	0.37152	-2485.03
639	0.382826	-2625.63
640	0.385186	-2642.33
641	0.381838	-2633.3
642	0.370282	-2454.32
643	0.380679	-2609.81
644	0.387977	-2701.81
645	0.375372	-2536.14
646	0.381879	-2587.41
647	0.380733	-2511.65
648	0.380249	-2638.05
649	0.386191	-2690.75
650	0.382024	-2644.51
651	0.37976	-2574.62
652	0.379612	-2607.19
653	0.390478	-2756.02
654	0.381306	-2632.32
655	0.384402	-2685.24
656	0.389498	-2744.84
657	0.377919	-2559.9
658	0.381152	-2617.31
659	0.376202	-2529.1
660	0.380319	-2605.07
661	0.389938	-2727.82
662	0.393239	-2813.14
663	0.383045	-2645.82
664	0.379005	-2553.33
665	0.38197	-2570.49
666	0.37437	-2486.57
667	0.39061	-2779.9
668	0.385305	-2631.64
669	0.388343	-2729.66
670	0.388002	-2752.22
671	0.385687	-2639.46
672	0.38626	-2649.02
673	0.388915	-2717.12
674	0.382434	-2640.37
675	0.381	-2604.49
676	0.38757	-2691.34
677	0.377571	-2615.33
678	0.385424	-2636.97
679	0.369308	-2416.17
680	0.384922	-2634.34
681	0.38637	-2670.37
682	0.371177	-2460.53
683	0.373146	-2492.13
684	0.376585	-2526.32
685	0.381354	-2584.65
686	0.378774	-2609.93
687	0.385963	-2691.59
688	0.390642	-2719.21
689	0.382737	-2630.02
690	0.381834	-2623.12
691	0.376713	-2558.51
692	0.380094	-2576.65
693	0.374287	-2484.65
694	0.374292	-2495.33
695	0.378508	-2552.55
696	0.383857	-2607.86
697	0.38137	-2583.38
698	0.38167	-2646.57
699	0.373392	-2511.26
700	0.382769	-2633.89
701	0.381541	-2647.53
702	0.383623	-2641.65
703	0.384717	-2667.66
704	0.382635	-2681.22
705	0.381091	-2587.27
706	0.391841	-2723.93
707	0.38726	-2698.38
708	0.395506	-2746.1
709	0.379981	-2623.21
710	0.38271	-2636.43
711	0.380349	-2603.66
712	0.383751	-2645.32
713	0.385044	-2628.45
714	0.378395	-2551.91
715	0.386844	-2719.47
716	0.386777	-2686.87
717	0.379607	-2583.49
718	0.377691	-2553.32
719	0.375882	-2518.45
720	0.377632	-2522.03
721	0.387962	-2733.4
722	0.378538	-2554.26
723	0.380831	-2598.28
724	0.380849	-2646.84
725	0.37628	-2562.53
726	0.380448	-2609.91
727	0.386312	-2651.87
728	0.384569	-2672.53
729	0.382097	-2585.54
730	0.38478	-2656.04
731	0.378946	-2583.52
732	0.385926	-2710.44
733	0.377556	-2543.75
734	0.378759	-2591.56
735	0.373806	-2493.89
736	0.376329	-2548.6
737	0.381091	-2608.88
738	0.383844	-2645.12
739	0.384342	-2609.55
740	0.383343	-2623.59
741	0.380343	-2608.64
742	0.379969	-2634.1
743	0.37936	-2584.79
744	0.387284	-2709.74
745	0.376548	-2547.2
746	0.380727	-2603.18
747	0.383822	-2653.91
748	0.378692	-2517.74
749	0.387856	-2689.39
750	0.386268	-2645.28
751	0.376858	-2558.07
752	0.391614	-2754.84
753	0.390186	-2768.69
754	0.378709	-2556.96
755	0.378623	-2606.52
756	0.386486	-2693.14
757	0.378729	-2588.42
758	0.392198	-2787.38
759	0.379225	-2562.2
760	0.376423	-2520.23
761	0.388426	-2687.86
762	0.388343	-2766.12
763	0.385622	-2616.19
764	0.381816	-2637.45
765	0.385815	-2658.31
766	0.384065	-2647.65
767	0.382268	-2567.94
768	0.384783	-2689.01
769	0.392367	-2765.81
770	0.372488	-2477.35
771	0.382954	-2601.14
772	0.38787	-2717.88
773	0.382391	-2621.92
774	0.372983	-2484.21
775	0.376161	-2591.84
776	0.379138	-2565.32
777	0.378656	-2569.03
778	0.374357	-2511.49
779	0.393977	-2774.72
780	0.382736	-2619.33
781	0.387262	-2651.46
782	0.37704	-2531.86
783	0.379241	-2583.33
784	0.383562	-2660.14
785	0.382333	-2645.13
786	0.385386	-2666.15
787	0.377825	-2569.02
788	0.384782	-2629.2
789	0.383554	-2670.24
790	0.393275	-2761.41
791	0.375501	-2566.04
792	0.382773	-2611.15
793	0.381162	-2552.37
794	0.386953	-2690.6
795	0.383352	-2695.83
796	0.385151	-2623.9
797	0.390298	-2716.31
798	0.381945	-2634.72
799	0.382317	-2604.24
800	0.389339	-2735.64
801	0.371237	-2533.29
802	0.388591	-2755.14
803	0.386278	-2646.54
804	0.384855	-2637.77
805	0.381173	-2605.4
806	0.380082	-2578.89
807	0.38729	-2654.85
808	0.383312	-2629.79
809	0.383806	-2681.4
810	0.390478	-2740.88
811	0.372041	-2514.31
812	0.3875	-2684.94
813	0.395119	-2825.2
814	0.378714	-2563.39
815	0.376171	-2535.49
816	0.381595	-2571.56
817	0.381167	-2605.22
818	0.383698	-2682.49
819	0.381688	-2616.66
820	0.37929	-2575.5
821	0.373661	-2525.87
822	0.38538	-2702.21
823	0.384002	-2625.34
824	0.382275	-2591.4
825	0.380631	-2574.53
826	0.380962	-2631.74
827	0.377475	-2525.79
828	0.388184	-2685.36
829	0.379657	-2579.62
830	0.388183	-2710.04
831	0.384746	-2688.27
832	0.377981	-2531.05
833	0.381853	-2557.95
834	0.377974	-2571.9
835	0.382455	-2618.01
836	0.37294	-2490.59
837	0.382577	-2633.66
838	0.383019	-2666.13
839	0.378624	-2595.01
840	0.378741	-2591.3
841	0.389268	-2727.27
842	0.384904	-2654.44
843	0.372915	-2489.72
844	0.382996	-2599.54
845	0.3853	-2694.6
846	0.391949	-2758.57
847	0.389324	-2733.86
848	0.379795	-2601.88
849	0.373895	-2542.13
850	0.379097	-2609.23
851	0.383619	-2640.07
852	0.390542	-2706.99
853	0.376443	-2537.09
854	0.384177	-2696.82
855	0.387002	-2694.33
856	0.380463	-2586.95
857	0.381141	-2626.29
858	0.382014	-2610.56
859	0.381588	-2655.93
860	0.385873	-2672.43
861	0.379816	-2607.51
862	0.384107	-2643.69
863	0.38243	-2655.3
864	0.3784	-2567.36
865	0.380448	-2558.52
866	0.377714	-2597.93
867	0.38558	-2674.72
868	0.38738	-2669.39
869	0.376824	-2542.95
870	0.389201	-2741.4
871	0.381618	-2613.24
872	0.384711	-2671.72
873	0.384378	-2664.05
874	0.379889	-2613.81
875	0.380891	-2592.66
876	0.385049	-2650.37
877	0.384903	-2677.54
878	0.386227	-2691.12
879	0.370782	-2479.8
880	0.376309	-2515.56
881	0.375541	-2572.24
882	0.379433	-2585.38
883	0.384646	-2668.4
884	0.381895	-2626.56
885	0.379395	-2567.96
886	0.376744	-2518.82
887	0.379673	-2590.31
888	0.369251	-2472.21
889	0.383431	-2657.42
890	0.379059	-2553.24
891	0.381172	-2622.94
892	0.379189	-2622.63
893	0.386261	-2705.82
894	0.383501	-2668.46
895	0.379647	-2636.55
896	0.386684	-2739.17
897	0.391511	-2697.32
898	0.371639	-2456.27
899	0.382097	-2614.81
900	0.389719	-2735.16
901	0.382503	-2626.16
902	0.383389	-2634.97
903	0.392441	-2782.26
904	0.387279	-2675.09
905	0.38455	-2664.27
906	0.377236	-2537.39
907	0.375986	-2494.31
908	0.3859	-2706.94
909	0.385853	-2693.28
910	0.383492	-2634.76
911	0.379452	-2600.39
912	0.37977	-2636.71
913	0.372901	-2522.24
914	0.38291	-2608.9
915	0.378732	-2532.67
916	0.380562	-2622.7
917	0.381515	-2640.53
918	0.381519	-2602.56
919	0.377684	-2519.05
920	0.376493	-2580.43
921	0.380646	-2611.14
922	0.368098	-2425.08
923	0.389303	-2765.85
924	0.379629	-2564.16
925	0.384978	-2664.7
926	0.378651	-2525.46
927	0.376956	-2564
928	0.381341	-2614.05
929	0.372653	-2533.13
930	0.379414	-2603.14
931	0.382532	-2635.8
932	0.37504	-2491.16
933	0.387691	-2695.92
934	0.387625	-2692.88
935	0.38584	-2687.29
936	0.392156	-2752.88
937	0.380372	-2594.96
938	0.391211	-2775.93
939	0.387627	-2668.46
940	0.383038	-2610.62
941	0.385345	-2692.69
942	0.383954	-2644.56
943	0.375956	-2503.4
944	0.382144	-2637.92
945	0.378542	-2590.6
946	0.384824	-2712.54
947	0.384395	-2636.57
948	0.382869	-2621.48
949	0.385607	-2623.38
950	0.384224	-2674.5
951	0.384333	-2681.47
952	0.382597	-2640.1
953	0.374567	-2488.4
954	0.38055	-2595.05
955	0.390355	-2749.79
956	0.377538	-2574.74
957	0.385951	-2642.68
958	0.387397	-2715.38
959	0.387768	-2699.97
960	0.38604	-2669.34
961	0.385973	-2690.06
962	0.378137	-2587.44
963	0.374491	-2535.46
964	0.379348	-2539.27
965	0.380661	-2620.17
966	0.382484	-2673.21
967	0.390847	-2791.83
968	0.377401	-2564.64
969	0.384952	-2652.76
970	0.386624	-2682.65
971	0.371558	-2454.31
972	0.388915	-2727.67
973	0.382408	-2597.59
974	0.383809	-2656.46
975	0.389731	-2770.79
976	0.390725	-2726.57
977	0.382445	-2647.79
978	0.382675	-2620.09
979	0.380661	-2587.94
980	0.385474	-2653.55
981	0.383206	-2668.56
982	0.373529	-2511.63
983	0.379314	-2587.79
984	0.386924	-2710.75
985	0.384673	-2646.76
986	0.389542	-2760.47
987	0.384875	-2639.33
988	0.379155	-2591.89
989	0.380329	-2606.29
990	0.389046	-2730.28
991	0.383629	-2661.29
992	0.380421	-2557.66
993	0.384315	-2690.07
994	0.381485	-2622.65
995	0.375699	-2515.8
996	0.378372	-2567.21
997	0.386995	-2662.92
998	0.38024	-2594.42
999	0.376287	-2529.89
1000	0.378394	-2580.46
1001	0.378194	-2561.28
1002	0.378191	-2564.82
1003	0.38158	-2598.56
1004	0.387215	-2685.11
1005	0.385241	-2703.41
1006	0.381559	-2650.34
1007	0.385029	-2642.45
1008	0.383999	-2622.63
1009	0.386182	-2758.49
1010	0.391363	-2789.14
1011	0.380247	-2615.71
1012	0.3788	-2553.24
1013	0.38512	-2704.15
1014	0.38488	-2675.72
1015	0.376805	-2491.68
1016	0.383458	-2594.32
1017	0.381238	-2580.99
1018	0.379845	-2603.55
1019	0.385669	-2683.08
1020	0.383054	-2610.99
1021	0.374268	-2527.51
1022	0.384435	-2678.37
1023	0.366486	-2426.17
1024	0.387364	-2701.87
1025	0.37693	-2532.98
1026	0.375579	-2565.28
1027	0.383208	-2674.1
1028	0.391257	-2770.01
1029	0.38761	-2742.2
1030	0.376311	-2548.17
1031	0.388013	-2705.52
1032	0.374953	-2495.64
1033	0.386877	-2683.08
1034	0.382295	-2614.89
1035	0.378284	-2578.93
1036	0.381682	-2619.48
1037	0.384939	-2665.01
1038	0.385966	-2672.29
1039	0.382941	-2644.15
1040	0.380345	-2583.35
1041	0.388575	-2723.07
1042	0.383231	-2637.96
1043	0.375513	-2503.17
1044	0.383935	-2706.09
1045	0.381381	-2587.74
1046	0.379731	-2580.1
1047	0.383667	-2675.04
1048	0.384113	-2664.46
1049	0.38341	-2625.88
1050	0.378976	-2587.38
1051	0.389461	-2678.3
1052	0.38912	-2708.58
1053	0.377577	-2613.88
1054	0.383269	-2594.24
1055	0.377167	-2552.98
1056	0.386292	-2728.32
1057	0.384943	-2678.76
1058	0.373396	-2541.54
1059	0.382268	-2655.88
1060	0.38773	-2673.97
1061	0.387837	-2688.18
1062	0.379668	-2586.05
1063	0.383258	-2620.09
1064	0.383182	-2588.18
1065	0.384944	-2685.94
1066	0.379751	-2618.51
1067	0.383835	-2668.24
1068	0.381258	-2593.34
1069	0.378957	-2560.38
1070	0.380921	-2610.17
1071	0.385614	-2705.67
1072	0.380988	-2621.55
1073	0.374232	-2493.75
1074	0.390952	-2742.58
1075	0.387331	-2687.44
1076	0.387871	-2713.84
1077	0.385781	-2650.08
1078	0.36851	-2451.21
1079	0.379569	-2589.91
1080	0.384417	-2636.51
1081	0.391969	-2739.2
1082	0.380345	-2596.67
1083	0.389381	-2759.98
1084	0.381043	-2586.24
1085	0.376121	-2560.03
1086	0.383766	-2620.22
1087	0.383855	-2626.25
1088	0.386176	-2670.88
1089	0.384116	-2666.96
1090	0.3823	-2611.37
1091	0.388592	-2707.38
1092	0.375706	-2547.47
1093	0.383251	-2661.02
1094	0.381754	-2611.38
1095	0.382422	-2663.44
1096	0.383198	-2629.22
1097	0.380732	-2628.99
1098	0.381994	-2641.02
1099	0.385425	-2656.12
1100	0.381954	-2563.85
1101	0.384705	-2656.37
1102	0.382591	-2637.33
1103	0.379346	-2579.97
1104	0.381202	-2603.61
1105	0.383965	-2649.18
1106	0.379425	-2574.32
1107	0.379805	-2618.91
1108	0.380898	-2614.15
1109	0.389714	-2696.64
1110	0.376235	-2553.59
1111	0.384098	-2656.73
1112	0.375407	-2524.99
1113	0.381868	-2646.85
1114	0.392132	-2758.52
1115	0.379802	-2551.7
1116	0.385445	-2693.35
1117	0.379995	-2601.24
1118	0.38155	-2637.8
1119	0.378904	-2612.14
1120	0.390145	-2726.99
1121	0.377657	-2538.98
1122	0.380976	-2600.86
1123	0.383579	-2666.06
1124	0.381356	-2673.5
1125	0.384788	-2709.59
1126	0.381723	-2602.1
1127	0.382527	-2657.57
1128	0.379826	-2569.94
1129	0.387461	-2716.19
1130	0.3807	-2591.86
1131	0.382176	-2604.46
1132	0.385583	-2671.91
1133	0.382503	-2650.33
1134	0.385694	-2673.87
1135	0.383927	-2667.03
1136	0.383873	-2661.9
1137	0.383905	-2639.22
1138	0.375127	-2500.39
1139	0.381677	-2609.26
1140	0.374991	-2511.47
1141	0.374544	-2513.52
1142	0.387274	-2702.66
1143	0.37824	-2595.96
1144	0.386961	-2702.61
1145	0.382685	-2627.38
1146	0.388624	-2711.03
1147	0.379054	-2553
1148	0.383592	-2629.52
1149	0.381684	-2604.93
1150	0.385045	-2668.04
1151	0.37404	-2509.61
1152	0.378635	-2611.01
1153	0.383665	-2637.93
1154	0.377099	-2544.6
1155	0.382311	-2650.5
1156	0.376256	-2547.84
1157	0.390361	-2701.16
1158	0.385374	-2730.07
1159	0.382087	-2602.94
1160	0.373691	-2519.34
1161	0.38286	-2597.97
1162	0.388429	-2744.8
1163	0.381345	-2613.66
1164	0.385592	-2662.87
1165	0.380235	-2585.51
1166	0.385154	-2680.72
1167	0.381964	-2603.25
1168	0.38084	-2576.21
1169	0.375656	-2508.5
1170	0.388927	-2703.85
1171	0.380571	-2590.97
1172	0.372943	-2499.59
1173	0.385288	-2675.49
1174	0.382766	-2630.4
1175	0.38291	-2673.73
1176	0.38078	-2644.76
1177	0.377882	-2551.5
1178	0.382525	-2662.58
1179	0.387306	-2698.51
1180	0.377064	-2570.33
1181	0.37609	-2549.62
1182	0.381283	-2619.44
1183	0.378584	-2564.13
1184	0.377428	-2557.68
1185	0.376918	-2559.72
1186	0.395528	-2848.38
1187	0.38552	-2678.24
1188	0.380702	-2631.62
1189	0.379807	-2599.37
1190	0.382603	-2585.48
1191	0.382895	-2684.82
1192	0.371674	-2482.48
1193	0.381548	-2648.65
1194	0.382855	-2647.54
1195	0.386367	-2685.57
1196	0.383191	-2657.98
1197	0.371071	-2485.3
1198	0.378608	-2529.28
1199	0.379231	-2595.25
1200	0.382885	-2636.35
1201	0.387477	-2713.08
1202	0.392239	-2759.85
1203	0.380058	-2605.18
1204	0.375365	-2548.24
1205	0.380536	-2596.3
1206	0.375773	-2487.46
1207	0.379515	-2625.09
1208	0.374532	-2508.13
1209	0.371535	-2515.23
1210	0.374283	-2480.3
1211	0.371755	-2478.78
1212	0.381914	-2602.85
1213	0.373404	-2518.24
1214	0.383391	-2655.19
1215	0.38026	-2602.08
1216	0.379726	-2594.91
1217	0.385275	-2676.4
1218	0.382173	-2625.47
1219	0.384197	-2627.39
1220	0.379676	-2579.82
1221	0.381605	-2633.4
1222	0.380961	-2562.85
1223	0.376934	-2571.09
1224	0.375687	-2557.01
1225	0.383417	-2668.27
1226	0.38072	-2608.76
1227	0.381416	-2623.68
1228	0.373594	-2510.95
1229	0.381283	-2635.51
1230	0.38866	-2710.12
1231	0.386857	-2696.03
1232	0.381388	-2579.01
1233	0.382578	-2612.71
1234	0.386885	-2706.74
1235	0.378775	-2618.18
1236	0.378971	-2571.51
1237	0.387087	-2664.26
1238	0.391168	-2757.73
1239	0.384204	-2618.87
1240	0.386724	-2708.06
1241	0.381818	-2614.32
1242	0.385047	-2629.8
1243	0.394016	-2789.6
1244	0.387532	-2678.47
1245	0.378839	-2565.49
1246	0.375609	-2551.08
1247	0.383982	-2632.94
1248	0.38296	-2627.22
1249	0.387694	-2684.76
1250	0.37322	-2529.79
1251	0.380325	-2613.1
1252	0.379499	-2587.14
1253	0.380483	-2613.5
1254	0.383823	-2626.06
1255	0.383902	-2628.14
1256	0.383403	-2638.39
1257	0.38218	-2637.98
1258	0.384807	-2643.02
1259	0.381323	-2590.1
1260	0.377914	-2550.75
1261	0.388012	-2697.99
1262	0.394798	-2810.78
1263	0.380584	-2631.14
1264	0.385463	-2666.19
1265	0.384726	-2649.93
1266	0.381478	-2591.68
1267	0.388085	-2691.05
1268	0.375315	-2518.09
1269	0.389213	-2680.77
1270	0.387243	-2699.84
1271	0.386104	-2652.18
1272	0.373626	-2463.4
1273	0.385386	-2718.94
1274	0.38215	-2600.11
1275	0.386412	-2699.05
1276	0.376807	-2536.79
1277	0.382956	-2674.45
1278	0.391605	-2763.43
1279	0.390575	-2761.84
1280	0.386048	-2672.15
1281	0.384221	-2690.62
1282	0.382431	-2645.29
1283	0.375367	-2562.48
1284	0.382877	-2645.51
1285	0.387138	-2703.96
1286	0.379186	-2574.76
1287	0.388463	-2644.09
1288	0.380821	-2600.79
1289	0.381977	-2611.32
1290	0.380999	-2607.75
1291	0.375445	-2492.67
1292	0.384146	-2633.79
1293	0.384506	-2651.66
1294	0.378362	-2539.15
1295	0.380023	-2590.13
1296	0.387456	-2677.94
1297	0.373564	-2533.11
1298	0.375253	-2545.07
1299	0.391639	-2742.39
1300	0.384734	-2595.08
1301	0.37663	-2536.28
1302	0.38382	-2635.2
1303	0.38314	-2640.48
1304	0.380673	-2613.57
1305	0.383056	-2636.97
1306	0.386393	-2655.04
1307	0.375701	-2520.52
1308	0.381898	-2621.26
1309	0.391277	-2704.58
1310	0.375903	-2574.93
1311	0.382394	-2616.81
1312	0.374175	-2537.11
1313	0.386482	-2689.63
1314	0.390913	-2700.89
1315	0.381673	-2652
1316	0.382796	-2683.01
1317	0.37624	-2582.49
1318	0.389532	-2746.1
1319	0.38597	-2682.52
1320	0.378391	-2575.1
1321	0.378158	-2593.21
1322	0.384801	-2664.81
1323	0.370397	-2479.37
1324	0.379724	-2598.52
1325	0.386713	-2666.08
1326	0.376439	-2531.99
1327	0.38198	-2595.41
1328	0.383616	-2645.91
1329	0.374448	-2509.13
1330	0.375311	-2535.46
1331	0.386663	-2651.58
1332	0.379584	-2583.41
1333	0.379693	-2633.81
1334	0.380936	-2641.5
1335	0.388995	-2755.32
1336	0.374573	-2518.77
1337	0.377984	-2594.82
1338	0.375839	-2553.71
1339	0.386223	-2713.23
1340	0.38912	-2694.15
1341	0.380666	-2609.96
1342	0.376905	-2562.1
1343	0.382583	-2593.49
1344	0.384441	-2618.94
1345	0.387714	-2703.99
1346	0.387046	-2722.09
1347	0.385539	-2672.18
1348	0.378577	-2577.04
1349	0.388672	-2703.18
1350	0.383011	-2666
1351	0.385214	-2666.24
1352	0.383191	-2637.27
1353	0.380656	-2554.96
1354	0.384079	-2640.81
1355	0.388412	-2685.27
1356	0.383811	-2619.85
1357	0.382306	-2621.27
1358	0.373073	-2486.48
1359	0.377887	-2550.64
1360	0.38432	-2667.14
1361	0.382816	-2613.39
1362	0.390901	-2767.44
1363	0.38457	-2677.9
1364	0.379134	-2582.97
1365	0.387064	-2700.41
1366	0.383236	-2607.4
1367	0.380177	-2568.66
1368	0.382073	-2668.57
1369	0.387044	-2711.6
1370	0.376309	-2545.51
1371	0.381894	-2595.18
1372	0.384507	-2684.71
1373	0.382433	-2663.95
1374	0.379613	-2589.92
1375	0.383351	-2658.04
1376	0.378731	-2566.88
1377	0.376918	-2556.92
1378	0.384633	-2649.68
1379	0.377691	-2536.11
1380	0.375585	-2541.75
1381	0.38599	-2714.47
1382	0.380156	-2632.3
1383	0.37863	-2568.11
1384	0.384703	-2719.72
1385	0.372075	-2492.68
1386	0.383175	-2620.08
1387	0.378901	-2557.94
1388	0.380755	-2610.33
1389	0.37779	-2541.11
1390	0.379117	-2575.9
1391	0.384069	-2673.94
1392	0.385694	-2660.24
1393	0.383917	-2625.67
1394	0.383279	-2651.68
1395	0.389863	-2717.21
1396	0.392312	-2805.17
1397	0.383776	-2654.53
1398	0.388859	-2756.16
1399	0.384179	-2658.48
1400	0.387408	-2688.95
1401	0.382515	-2608.98
1402	0.378101	-2596.75
1403	0.38021	-2608.45
1404	0.382461	-2649.38
1405	0.377917	-2578.09
1406	0.378534	-2571.65
1407	0.376389	-2556.79
1408	0.377721	-2549.17
1409	0.38309	-2624.14
1410	0.377601	-2592.6
1411	0.382085	-2587.09
1412	0.374191	-2513.09
1413	0.377623	-2559.37
1414	0.388334	-2712.97
1415	0.382502	-2630.23
1416	0.382444	-2619.84
1417	0.387532	-2721.09
1418	0.376384	-2554.78
1419	0.372935	-2535.56
1420	0.387813	-2710.89
1421	0.381458	-2621.52
1422	0.382819	-2619.62
1423	0.380248	-2593.5
1424	0.391333	-2778.96
1425	0.384518	-2670.15
1426	0.379024	-2615.54
1427	0.380326	-2582.26
1428	0.371895	-2507.15
1429	0.378852	-2565.34
1430	0.383247	-2664.47
1431	0.380878	-2590.15
1432	0.381636	-2622.22
1433	0.378602	-2553.16
1434	0.388222	-2697.75
1435	0.386795	-2717.82
1436	0.381497	-2637.3
1437	0.385556	-2682
1438	0.383763	-2598.3
1439	0.384312	-2657.51
1440	0.384666	-2650.27
1441	0.383914	-2626.39
1442	0.381193	-2594.21
1443	0.374703	-2501.2
1444	0.37979	-2593.47
1445	0.377468	-2606.09
1446	0.385935	-2675.15
1447	0.3893	-2685.96
1448	0.37577	-2477.07
1449	0.378232	-2610.38
1450	0.38813	-2692.41
1451	0.373215	-2484.02
1452	0.378393	-2591.77
1453	0.379628	-2584.53
1454	0.379725	-2577.96
1455	0.383204	-2660.88
1456	0.377363	-2526.57
1457	0.38306	-2686.45
1458	0.384488	-2649.73
1459	0.378394	-2537.35
1460	0.383492	-2668.31
1461	0.377457	-2588.72
1462	0.387595	-2697.36
1463	0.374106	-2492.56
1464	0.384427	-2643.94
1465	0.37931	-2545.7
1466	0.389974	-2750.08
1467	0.376275	-2617.97
1468	0.376209	-2567.18
1469	0.376546	-2532.92
1470	0.385342	-2650.18
1471	0.390034	-2743.66
1472	0.382758	-2644.94
1473	0.370379	-2457.15
1474	0.385448	-2719.71
1475	0.380666	-2646.66
1476	0.377989	-2624.54
1477	0.383925	-2638.85
1478	0.376208	-2572.07
1479	0.37872	-2572.14
1480	0.385702	-2728.57
1481	0.381333	-2595.53
1482	0.387294	-2696.47
1483	0.383995	-2652.71
1484	0.390382	-2739.46
1485	0.373919	-2504.85
1486	0.382466	-2609.2
1487	0.382239	-2622.34
1488	0.384776	-2644.51
1489	0.380115	-2615.25
1490	0.38375	-2653.37
1491	0.380798	-2608.37
1492	0.381388	-2637.19
1493	0.381864	-2607.34
1494	0.38414	-2651.24
1495	0.386087	-2675.94
1496	0.381712	-2628.98
1497	0.38327	-2655.41
1498	0.377057	-2558.51
1499	0.382254	-2632.08
1500	0.375352	-2558.39
1501	0.38968	-2679.13
1502	0.389144	-2744.07
1503	0.384154	-2656.03
1504	0.382833	-2616.33
1505	0.388698	-2694.32
1506	0.3777	-2538.06
1507	0.387912	-2696.72
1508	0.379297	-2554.25
1509	0.387152	-2671.16
1510	0.378569	-2574.43
1511	0.37473	-2517.33
1512	0.387913	-2735.65
1513	0.381147	-2630.79
1514	0.382046	-2642.83
1515	0.380655	-2618.51
1516	0.381582	-2626.93
1517	0.387812	-2728.11
1518	0.382308	-2621.35
1519	0.378827	-2613.45
1520	0.388741	-2705.02
1521	0.382879	-2644.18
1522	0.377455	-2564.38
1523	0.374257	-2512.37
1524	0.385112	-2655.24
1525	0.384629	-2660.49
1526	0.38859	-2703.64
1527	0.3876	-2711.85
1528	0.387047	-2664.6
1529	0.375713	-2540.28
1530	0.387546	-2679.2
1531	0.379929	-2619.35
1532	0.387189	-2713.06
1533	0.381	-2617.8
1534	0.378071	-2540.56
1535	0.382711	-2663.55
1536	0.372771	-2512.72
1537	0.384174	-2665.11
1538	0.381142	-2623.37
1539	0.381626	-2612.24
1540	0.379928	-2566.71
1541	0.385928	-2637.94
1542	0.381917	-2591.28
1543	0.388053	-2725.21
1544	0.378241	-2595.57
1545	0.378519	-2592.77
1546	0.388555	-2675.09
1547	0.373574	-2523.62
1548	0.38168	-2628.39
1549	0.376991	-2503.51
1550	0.385482	-2627.91
1551	0.378339	-2604.1
1552	0.391744	-2783.12
1553	0.37862	-2570.81
1554	0.380041	-2616.68
1555	0.376492	-2543.99
1556	0.379713	-2604.31
1557	0.387562	-2686.02
1558	0.378383	-2563.42
1559	0.383956	-2683.12
1560	0.383339	-2613.77
1561	0.376094	-2557.47
1562	0.380958	-2597.85
1563	0.379214	-2574.22
1564	0.381227	-2583.79
1565	0.374259	-2498.64
1566	0.383721	-2686.15
1567	0.388796	-2716.09
1568	0.376876	-2566.69
1569	0.391317	-2761.95
1570	0.378526	-2557.34
1571	0.384961	-2665.87
1572	0.37301	-2507.42
1573	0.382554	-2620.35
1574	0.387528	-2717.62
1575	0.385077	-2638.49
1576	0.387383	-2725.6
1577	0.380826	-2608.47
1578	0.38725	-2686.91
1579	0.384136	-2682.29
1580	0.388138	-2675.68
1581	0.379347	-2496.64
1582	0.376626	-2496.02
1583	0.38392	-2663.19
1584	0.383028	-2652.29
1585	0.377162	-2572.53
1586	0.373443	-2503.34
1587	0.389437	-2723.2
1588	0.381505	-2590.86
1589	0.385326	-2672.63
1590	0.380443	-2624.19
1591	0.379345	-2570.95
1592	0.380635	-2603.11
1593	0.374715	-2487.97
1594	0.385784	-2710.91
1595	0.378021	-2565.4
1596	0.379882	-2619.59
1597	0.38238	-2678.76
1598	0.378501	-2594.34
1599	0.380629	-2619.07
1600	0.379639	-2594.24
1601	0.382877	-2654.47
1602	0.384985	-2669.42
1603	0.390594	-2747.19
1604	0.38055	-2588.15
1605	0.384724	-2656.45
1606	0.383377	-2623.71
1607	0.378636	-2532.06
1608	0.382516	-2651.02
1609	0.381123	-2601.55
1610	0.38399	-2633.29
1611	0.377459	-2547.32
1612	0.380673	-2580.65
1613	0.375261	-2494.72
1614	0.379523	-2593.41
1615	0.383928	-2647.96
1616	0.390374	-2712.13
1617	0.380093	-2580.03
1618	0.383139	-2648.48
1619	0.38432	-2689.68
1620	0.379864	-2610.65
1621	0.380196	-2628.71
1622	0.387027	-2685.13
1623	0.37848	-2611.62
1624	0.381262	-2622.71
1625	0.377535	-2570.72
1626	0.392893	-2776.92
1627	0.383098	-2632.95
1628	0.38	-2620.23
1629	0.38754	-2666.9
1630	0.382227	-2626.75
1631	0.376519	-2585.55
1632	0.396901	-2826.89
1633	0.383271	-2655.8
1634	0.377064	-2526.15
1635	0.382504	-2648.74
1636	0.392014	-2743
1637	0.379843	-2608.66
1638	0.381192	-2596.57
1639	0.386847	-2695.66
1640	0.379341	-2595.96
1641	0.379307	-2601.19
1642	0.384578	-2637.56
1643	0.375337	-2556.49
1644	0.375848	-2568.65
1645	0.379204	-2578.54
1646	0.38005	-2561.21
1647	0.371198	-2473.31
1648	0.379194	-2569.85
1649	0.38126	-2588.54
1650	0.379015	-2590.49
1651	0.38649	-2695.29
1652	0.397204	-2815.69
1653	0.380149	-2610.49
1654	0.386801	-2685.69
1655	0.383275	-2651.64
1656	0.384153	-2682.34
1657	0.386416	-2691.51
1658	0.392807	-2772.16
1659	0.388355	-2713.07
1660	0.378013	-2555.22
1661	0.384621	-2665.73
1662	0.38629	-2658.35
1663	0.387113	-2679.34
1664	0.375208	-2579.6
1665	0.381982	-2659.05
1666	0.393397	-2718.75
1667	0.386837	-2674.58
1668	0.376401	-2597.51
1669	0.389304	-2725.23
1670	0.382308	-2612.9
1671	0.386384	-2696.49
1672	0.374479	-2496.35
1673	0.380158	-2647.82
1674	0.38465	-2676.86
1675	0.381696	-2538.93
1676	0.376147	-2509.29
1677	0.37894	-2594.78
1678	0.390305	-2754.73
1679	0.372414	-2484.05
1680	0.385288	-2646.79
1681	0.382013	-2612.3
1682	0.38619	-2678.62
1683	0.387539	-2743.63
1684	0.388934	-2728.83
1685	0.375561	-2542.84
1686	0.384341	-2608.89
1687	0.383598	-2694.48
1688	0.39374	-2822.37
1689	0.387421	-2687.54
1690	0.377371	-2570.9
1691	0.38298	-2619.24
1692	0.388921	-2711.01
1693	0.381315	-2571.97
1694	0.382514	-2628.66
1695	0.379714	-2576.63
1696	0.37898	-2600.44
1697	0.388678	-2773.79
1698	0.381282	-2636.85
1699	0.389469	-2737.01
1700	0.374721	-2490.62
1701	0.381266	-2665.11
1702	0.385758	-2692.75
1703	0.375144	-2523.31
1704	0.375445	-2523.95
1705	0.378728	-2551.36
1706	0.376422	-2513.92
1707	0.385957	-2696.97
1708	0.388497	-2645.03
1709	0.382897	-2656.8
1710	0.381382	-2621.74
1711	0.38534	-2697.23
1712	0.382141	-2659.84
1713	0.385432	-2695.82
1714	0.378069	-2608.11
1715	0.373611	-2478.84
1716	0.381543	-2627.48
1717	0.37697	-2537.32
1718	0.381615	-2601.21
1719	0.382866	-2654.12
1720	0.37873	-2583.96
1721	0.387447	-2664.97
1722	0.391282	-2726.6
1723	0.38605	-2685.87
1724	0.37627	-2576.29
1725	0.38244	-2634.93
1726	0.388897	-2727.42
1727	0.375536	-2513.66
1728	0.381805	-2608.17
1729	0.383957	-2648.79
1730	0.375451	-2564.87
1731	0.38248	-2660.17
1732	0.385735	-2674.27
1733	0.38414	-2671.6
1734	0.380151	-2613.51
1735	0.373788	-2497.72
1736	0.379666	-2573.57
1737	0.380561	-2590.08
1738	0.377772	-2534.48
1739	0.380506	-2601.75
1740	0.378326	-2578.12
1741	0.378755	-2572.39
1742	0.38232	-2660.77
1743	0.380825	-2637.13
1744	0.378007	-2571.33
1745	0.378758	-2554.63
1746	0.375362	-2569.36
1747	0.384086	-2685.46
1748	0.384844	-2672.47
1749	0.380902	-2601.48
1750	0.384048	-2658.59
1751	0.395162	-2790.35
1752	0.381238	-2592.79
1753	0.378421	-2589.16
1754	0.38289	-2632.14
1755	0.387368	-2684.21
1756	0.386559	-2656.9
1757	0.384634	-2628.23
1758	0.381823	-2616.21
1759	0.383831	-2691.63
1760	0.378407	-2562.7
1761	0.379585	-2614.68
1762	0.376772	-2559.32
1763	0.376793	-2562.36
1764	0.372362	-2485.75
1765	0.38186	-2622.16
1766	0.38342	-2633.6
1767	0.3798	-2576.52
1768	0.375945	-2537.86
1769	0.379088	-2606.58
1770	0.378849	-2585.63
1771	0.384112	-2631.46
1772	0.381313	-2653.57
1773	0.391302	-2744.03
1774	0.38027	-2591.64
1775	0.38277	-2624.68
1776	0.380597	-2552.45
1777	0.378575	-2602.49
1778	0.374033	-2488.64
1779	0.377589	-2545.86
1780	0.378163	-2589.72
1781	0.38211	-2663.27
1782	0.387045	-2680.73
1783	0.381325	-2623.77
1784	0.387219	-2693.33
1785	0.381951	-2655.73
1786	0.379696	-2593.27
1787	0.382539	-2577.17
1788	0.38195	-2645.66
1789	0.383588	-2655.21
1790	0.381688	-2606.64
1791	0.381586	-2603.8
1792	0.381039	-2586.34
1793	0.381788	-2574.68
1794	0.375796	-2548.07
1795	0.377964	-2586.75
1796	0.383984	-2676.05
1797	0.383774	-2667.69
1798	0.385255	-2656.57
1799	0.383834	-2623.48
1800	0.383462	-2651.91
1801	0.381612	-2601.24
1802	0.385775	-2688.79
1803	0.38258	-2605.75
1804	0.383654	-2643.81
1805	0.385425	-2651.84
1806	0.382763	-2625.91
1807	0.382015	-2665.4
1808	0.380793	-2617.16
1809	0.385639	-2678.28
1810	0.384753	-2668.51
1811	0.379029	-2567.92
1812	0.379887	-2581.95
1813	0.377433	-2572.79
1814	0.386566	-2637.4
1815	0.383403	-2672.31
1816	0.372125	-2512.95
1817	0.376346	-2560.12
1818	0.380574	-2574.67
1819	0.376698	-2562.21
1820	0.377956	-2579.61
1821	0.384939	-2611.25
1822	0.375349	-2564.93
1823	0.378195	-2572.95
1824	0.382119	-2612.54
1825	0.385588	-2683.82
1826	0.375359	-2518.63
1827	0.375588	-2534.08
1828	0.384735	-2619.53
1829	0.388776	-2702.89
1830	0.393802	-2766.13
1831	0.377066	-2498.62
1832	0.383805	-2620.76
1833	0.383443	-2645.82
1834	0.379827	-2603.38
1835	0.383096	-2652.65
1836	0.387909	-2678.44
1837	0.377756	-2596.34
1838	0.376423	-2555.69
1839	0.377001	-2598.59
1840	0.384813	-2705.3
1841	0.378047	-2556.74
1842	0.383488	-2619.9
1843	0.377067	-2544.17
1844	0.382292	-2633.31
1845	0.387552	-2688.74
1846	0.386628	-2723.66
1847	0.382211	-2607.68
1848	0.384946	-2675.12
1849	0.380174	-2584.79
1850	0.380765	-2596.77
1851	0.380182	-2619.37
1852	0.383479	-2641.32
1853	0.37941	-2565.55
1854	0.383691	-2658.51
1855	0.377937	-2561.4
1856	0.378055	-2563.7
1857	0.384063	-2642.82
1858	0.386641	-2695.27
1859	0.376166	-2516.58
1860	0.375022	-2530.22
1861	0.383541	-2636.21
1862	0.383911	-2634
1863	0.385094	-2628.99
1864	0.388561	-2717.14
1865	0.386058	-2632.42
1866	0.379984	-2601.25
1867	0.387349	-2713.17
1868	0.384489	-2683.41
1869	0.385472	-2655.64
1870	0.386553	-2677.74
1871	0.380352	-2609.58
1872	0.386604	-2651.67
1873	0.38336	-2627.57
1874	0.372877	-2519.13
1875	0.377051	-2573.35
1876	0.374768	-2523.32
1877	0.38091	-2580.49
1878	0.384111	-2644.07
1879	0.385414	-2672.27
1880	0.371775	-2470.6
1881	0.384368	-2694.74
1882	0.378452	-2565.25
1883	0.373123	-2530.25
1884	0.382783	-2658.03
1885	0.377545	-2531.92
1886	0.384436	-2685.57
1887	0.383526	-2682.8
1888	0.377114	-2570.24
1889	0.375418	-2560.13
1890	0.369703	-2462.75
1891	0.386754	-2702.12
1892	0.380288	-2591.74
1893	0.382861	-2594.55
1894	0.377786	-2577.45
1895	0.379803	-2577.84
1896	0.38793	-2727.24
1897	0.382431	-2640.1
1898	0.383841	-2614.55
1899	0.376146	-2534.15
1900	0.393449	-2759.39
1901	0.390803	-2733.72
1902	0.383264	-2581.51
1903	0.385968	-2703.12
1904	0.383224	-2676.58
1905	0.381513	-2597.47
1906	0.386585	-2701.96
1907	0.387701	-2728.07
1908	0.377336	-2588.64
1909	0.384702	-2699.24
1910	0.377648	-2553.65
1911	0.38647	-2720.67
1912	0.380798	-2597.13
1913	0.381367	-2603.1
1914	0.376492	-2606.73
1915	0.389684	-2731.62
1916	0.384938	-2660.79
1917	0.389255	-2740.59
1918	0.376526	-2536.66
1919	0.382567	-2624.77
1920	0.39465	-2778.74
1921	0.379629	-2620.03
1922	0.383468	-2671.8
1923	0.383088	-2654.89
1924	0.383728	-2695.88
1925	0.381325	-2613.08
1926	0.392246	-2757.15
1927	0.380874	-2628.56
1928	0.373783	-2518.39
1929	0.38223	-2614.66
1930	0.389593	-2707.77
1931	0.376615	-2570.93
1932	0.386138	-2657.96
1933	0.386963	-2705.42
1934	0.381179	-2593.86
1935	0.385036	-2637.44
1936	0.376007	-2491.68
1937	0.381764	-2616.66
1938	0.385007	-2672.03
1939	0.384839	-2631.96
1940	0.377645	-2518.89
1941	0.38539	-2696.45
1942	0.381578	-2636.52
1943	0.383551	-2661.78
1944	0.379521	-2625.29
1945	0.388956	-2728.69
1946	0.377448	-2581.03
1947	0.382159	-2672.29
1948	0.380483	-2604.65
1949	0.374792	-2487.21
1950	0.385348	-2650.5
1951	0.381723	-2616.5
1952	0.386854	-2652.04
1953	0.381409	-2598.14
1954	0.375466	-2527.11
1955	0.376352	-2555.67
1956	0.383359	-2682.71
1957	0.378219	-2590.28
1958	0.384192	-2646.89
1959	0.386759	-2708
1960	0.378311	-2577.41
1961	0.37868	-2599.01
1962	0.383316	-2615.61
1963	0.383852	-2678.39
1964	0.386985	-2702.18
1965	0.380829	-2567.7
1966	0.374378	-2535.69
1967	0.380412	-2639.71
1968	0.38626	-2653.88
1969	0.378464	-2538.62
1970	0.373045	-2496.89
1971	0.382676	-2602.41
1972	0.380529	-2630.9
1973	0.386072	-2648.79
1974	0.384748	-2640.18
1975	0.381161	-2608.54
1976	0.387041	-2709.31
1977	0.378744	-2602.19
1978	0.386374	-2669.81
1979	0.38266	-2704.67
1980	0.383187	-2652.19
1981	0.376011	-2515.06
1982	0.377361	-2585.32
1983	0.381562	-2613.15
1984	0.387785	-2664.47
1985	0.370999	-2500.38
1986	0.380003	-2592.26
1987	0.388393	-2728.72
1988	0.379614	-2600.88
1989	0.384792	-2601.81
1990	0.381171	-2651.13
1991	0.386116	-2677.57
1992	0.381907	-2607.25
1993	0.385721	-2673.23
1994	0.385896	-2721.23
1995	0.380894	-2572.87
1996	0.375249	-2581.31
1997	0.384498	-2674.24
1998	0.385481	-2673.4
1999	0.385053	-2659.29
2000	0.381218	-2601.87
2001	0.380225	-2643.9
2002	0.384914	-2685.34
2003	0.377617	-2536.23
2004	0.384455	-2629
2005	0.376463	-2579.87
2006	0.387992	-2668.64
2007	0.380836	-2594.66
2008	0.390505	-2730.72
2009	0.390902	-2726.34
2010	0.381632	-2587.67
2011	0.376992	-2583.08
2012	0.375862	-2527.51
2013	0.382954	-2627.8
2014	0.37553	-2509.88
2015	0.385179	-2674.19
2016	0.388112	-2697.62
2017	0.387722	-2691.2
2018	0.38657	-2656.35
2019	0.379294	-2575.25
2020	0.387484	-2675.55
2021	0.375753	-2585.43
2022	0.382833	-2652.21
2023	0.38493	-2649.58
2024	0.37946	-2603.05
2025	0.380291	-2604.59
2026	0.372438	-2512.18
2027	0.387029	-2695
2028	0.380784	-2583.09
2029	0.385638	-2676.52
2030	0.381321	-2642.06
2031	0.388561	-2685.94
2032	0.379849	-2586.59
2033	0.379281	-2612.5
2034	0.386123	-2655.41
2035	0.38517	-2690.81
2036	0.382125	-2633.99
2037	0.37949	-2562.62
2038	0.381028	-2635.16
2039	0.372337	-2481.52
2040	0.38243	-2639.5
2041	0.38214	-2606.9
2042	0.386723	-2704.09
2043	0.369615	-2463.05
2044	0.375008	-2509.2
2045	0.383224	-2669.89
2046	0.383481	-2681.06
2047	0.382422	-2608.03
2048	0.389746	-2721.21
2049	0.381815	-2651.51
2050	0.384935	-2626.64
2051	0.385859	-2655.91
2052	0.381474	-2616.57
2053	0.389789	-2716.6
2054	0.375318	-2542.05
2055	0.375124	-2553.41
2056	0.382221	-2604.62
2057	0.375712	-2521.17
2058	0.384943	-2707.13
2059	0.37895	-2577.99
2060	0.377603	-2562.21
2061	0.376805	-2559.78
2062	0.391271	-2765.83
2063	0.385068	-2674.85
2064	0.387198	-2694.04
2065	0.384409	-2694.37
2066	0.373362	-2478.9
2067	0.378204	-2586.28
2068	0.378147	-2577.48
2069	0.381363	-2633.59
2070	0.381746	-2628.75
2071	0.384553	-2672.56
2072	0.369399	-2488.25
2073	0.38367	-2665.86
2074	0.377243	-2590.86
2075	0.380955	-2595.25
2076	0.381436	-2614.59
2077	0.380449	-2595.63
2078	0.378576	-2595.65
2079	0.379994	-2624.16
2080	0.376366	-2536.48
2081	0.388549	-2698.5
2082	0.383124	-2675.27
2083	0.382457	-2636.24
2084	0.37868	-2583.8
2085	0.379789	-2606.21
2086	0.392222	-2759.06
2087	0.386783	-2702.79
2088	0.381038	-2596.1
2089	0.382706	-2637.86
2090	0.385079	-2682.59
2091	0.387013	-2692.24
2092	0.384081	-2648.23
2093	0.3792	-2567.52
2094	0.382531	-2638.05
2095	0.378933	-2582.31
2096	0.386005	-2717.84
2097	0.377388	-2520.44
2098	0.385039	-2670.84
2099	0.380777	-2562.33
2100	0.383394	-2649.64
2101	0.390203	-2718.24
2102	0.378124	-2585.43
2103	0.373675	-2492.1
2104	0.372583	-2512.74
2105	0.38076	-2631.02
2106	0.3693	-2436.24
2107	0.38034	-2645.45
2108	0.388235	-2709.22
2109	0.372662	-2528.8
2110	0.37863	-2541.31
2111	0.384211	-2665.71
2112	0.389266	-2730.92
2113	0.384072	-2643.44
2114	0.387252	-2705.29
2115	0.386949	-2685.69
2116	0.37296	-2465.04
2117	0.377792	-2583.27
2118	0.385823	-2689.69
2119	0.376815	-2539.58
2120	0.383479	-2648.58
2121	0.373502	-2501.56
2122	0.382035	-2640.06
2123	0.381149	-2582.81
2124	0.375629	-2564.93
2125	0.380929	-2609.91
2126	0.383924	-2600.31
2127	0.388319	-2715.5
2128	0.3897	-2729.02
2129	0.377351	-2584.78
2130	0.380791	-2615.33
2131	0.38994	-2717.05
2132	0.374118	-2495.23
2133	0.376963	-2558.06
2134	0.385883	-2664.04
2135	0.379041	-2604.87
2136	0.38074	-2632.78
2137	0.372952	-2519.26
2138	0.374011	-2530.98
2139	0.380249	-2580.49
2140	0.382025	-2620.34
2141	0.389499	-2772.44
2142	0.3881	-2690.85
2143	0.377197	-2581.42
2144	0.388375	-2635.77
2145	0.38557	-2671.71
2146	0.385447	-2643.84
2147	0.381756	-2621.75
2148	0.381578	-2654.25
2149	0.382492	-2663.83
2150	0.389392	-2733.44
2151	0.370301	-2453.38
2152	0.390656	-2726.28
2153	0.379938	-2564.25
2154	0.382272	-2635.36
2155	0.392988	-2778.64
2156	0.387794	-2680.47
2157	0.383603	-2622.65
2158	0.392012	-2767.41
2159	0.380977	-2604.22
2160	0.373163	-2476.86
2161	0.382377	-2603.08
2162	0.378073	-2535.24
2163	0.386276	-2669.76
2164	0.38198	-2624.47
2165	0.375043	-2523.22
2166	0.379778	-2580.93
2167	0.376921	-2542.19
2168	0.374193	-2527.28
2169	0.383092	-2631.61
2170	0.382862	-2638.12
2171	0.386694	-2699.5
2172	0.382657	-2630.61
2173	0.385395	-2643.94
2174	0.380082	-2606.74
2175	0.375372	-2505.16
2176	0.375442	-2541.65
2177	0.375099	-2524.92
2178	0.372137	-2501.11
2179	0.379699	-2551.33
2180	0.385409	-2685.92
2181	0.385827	-2678.15
2182	0.382869	-2667.19
2183	0.378597	-2608.81
2184	0.374327	-2500.54
2185	0.379416	-2602.73
2186	0.381424	-2584.08
2187	0.379058	-2562.69
2188	0.391856	-2741.35
2189	0.379145	-2581.99
2190	0.378364	-2590.64
2191	0.38258	-2591.53
2192	0.378109	-2604.84
2193	0.377144	-2566.31
2194	0.383187	-2652.92
2195	0.384121	-2623.78
2196	0.383399	-2622.73
2197	0.381275	-2596.58
2198	0.392018	-2753.08
2199	0.383089	-2622.67
2200	0.385596	-2654.91
2201	0.384998	-2638.55
2202	0.381971	-2617.92
2203	0.382125	-2602.32
2204	0.386796	-2682.58
2205	0.381601	-2607.11
2206	0.370752	-2467.14
2207	0.383633	-2659.87
2208	0.381164	-2621.73
2209	0.38624	-2743.61
2210	0.386222	-2660.25
2211	0.386127	-2639.36
2212	0.38039	-2575.14
2213	0.384584	-2648.91
2214	0.388977	-2695.74
2215	0.38853	-2711.78
2216	0.386591	-2726.17
2217	0.38219	-2615.28
2218	0.380907	-2578.89
2219	0.39213	-2754.32
2220	0.376784	-2520.45
2221	0.378433	-2571.42
2222	0.380287	-2641.96
2223	0.381853	-2628.96
2224	0.376165	-2510.83
2225	0.380648	-2528.43
2226	0.388465	-2695.99
2227	0.380262	-2610.13
2228	0.380813	-2573.83
2229	0.391369	-2760.74
2230	0.370999	-2489.4
2231	0.389202	-2720.1
2232	0.383066	-2624.36
2233	0.381937	-2699.79
2234	0.380396	-2609.94
2235	0.378858	-2550.96
2236	0.383661	-2628.73
2237	0.379736	-2606.75
2238	0.3843	-2634.8
2239	0.378569	-2588.49
2240	0.383125	-2601.37
2241	0.380336	-2586.41
2242	0.381629	-2673.76
2243	0.381333	-2574.75
2244	0.37988	-2602.23
2245	0.386815	-2726.81
2246	0.386852	-2692.03
2247	0.379976	-2620.74
2248	0.380493	-2626.57
2249	0.377119	-2610.33
2250	0.392887	-2757.21
2251	0.38449	-2639.41
2252	0.382135	-2678.25
2253	0.37545	-2530.81
2254	0.37749	-2567.03
2255	0.384166	-2694.3
2256	0.372629	-2507.67
2257	0.386587	-2686.06
2258	0.387247	-2722.45
2259	0.385347	-2694.53
2260	0.371605	-2516.86
2261	0.388009	-2687.36
2262	0.384501	-2668.21
2263	0.380382	-2554.25
2264	0.374521	-2469.15
2265	0.38237	-2651.23
2266	0.38611	-2667.74
2267	0.388903	-2704.49
2268	0.385089	-2652.28
2269	0.372532	-2481.56
2270	0.379308	-2606.67
2271	0.386645	-2695.33
2272	0.376942	-2582.97
2273	0.380339	-2612.67
2274	0.377259	-2531.62
2275	0.383228	-2675.82
2276	0.383297	-2610.58
2277	0.379704	-2557.05
2278	0.380985	-2605.96
2279	0.379002	-2563.94
2280	0.386571	-2675.76
2281	0.385052	-2684.3
2282	0.383461	-2610.24
2283	0.382113	-2583.54
2284	0.37703	-2545.47
2285	0.38635	-2645.87
2286	0.384145	-2685.71
2287	0.379109	-2576.33
2288	0.375198	-2535.51
2289	0.390243	-2723
2290	0.376993	-2577.01
2291	0.383656	-2666.02
2292	0.380447	-2618.24
2293	0.380646	-2605.72
2294	0.374568	-2518.63
2295	0.379181	-2565.22
2296	0.390839	-2763.12
2297	0.383006	-2630.32
2298	0.383867	-2646.61
2299	0.385184	-2657.79
2300	0.380773	-2579.29
2301	0.379355	-2620.24
2302	0.390595	-2762.08
2303	0.389237	-2698.87
2304	0.383099	-2658.54
2305	0.380878	-2623.61
2306	0.382583	-2662.38
2307	0.388127	-2663.04
2308	0.385066	-2657.25
2309	0.38355	-2618.28
2310	0.383956	-2651.11
2311	0.385651	-2695
2312	0.392723	-2769.2
2313	0.379772	-2578.49
2314	0.386363	-2683.81
2315	0.374397	-2501.62
2316	0.377023	-2560.96
2317	0.378032	-2595.55
2318	0.385009	-2656.26
2319	0.377047	-2566
2320	0.384201	-2681.08
2321	0.375651	-2559.93
2322	0.377727	-2572.78
2323	0.380272	-2612.58
2324	0.387664	-2692.4
2325	0.380251	-2617.71
2326	0.388958	-2711.67
2327	0.382741	-2612.89
2328	0.390457	-2771.74
2329	0.387336	-2727.11
2330	0.380238	-2582.09
2331	0.386542	-2657.2
2332	0.387924	-2694.69
2333	0.378374	-2610.45
2334	0.387496	-2721.51
2335	0.385933	-2667.88
2336	0.378562	-2575.73
2337	0.377978	-2597.81
2338	0.382305	-2652.4
2339	0.378795	-2576.52
2340	0.377456	-2532.37
2341	0.377809	-2533.29
2342	0.388126	-2690.56
2343	0.389271	-2725.01
2344	0.373269	-2552.58
2345	0.388799	-2708.99
2346	0.37501	-2553.84
2347	0.383047	-2588.35
2348	0.376054	-2562.98
2349	0.385252	-2643.73
2350	0.377485	-2529.95
2351	0.385508	-2728.65
2352	0.379933	-2586.38
2353	0.376148	-2537.99
2354	0.385844	-2643.98
2355	0.384849	-2668.3
2356	0.376513	-2547.13
2357	0.381664	-2625.1
2358	0.379547	-2580.65
2359	0.387518	-2658.97
2360	0.377425	-2585.76
2361	0.384126	-2682.26
2362	0.384664	-2618.67
2363	0.381406	-2648.35
2364	0.374898	-2522.6
2365	0.378608	-2608.54
2366	0.380646	-2624.54
2367	0.378401	-2614.36
2368	0.380509	-2606.45
2369	0.373525	-2527.71
2370	0.383283	-2621.38
2371	0.387981	-2717.82
2372	0.377757	-2581.88
2373	0.372547	-2489.91
2374	0.377521	-2579.72
2375	0.38311	-2686.8
2376	0.383151	-2633.11
2377	0.374079	-2547.96
2378	0.385592	-2666.21
2379	0.386393	-2687.67
2380	0.386088	-2649.3
2381	0.383033	-2630.39
2382	0.386236	-2677.72
2383	0.374868	-2524.38
2384	0.391129	-2775.66
2385	0.386395	-2652.43
2386	0.390604	-2743.12
2387	0.39027	-2721.03
2388	0.386051	-2694.97
2389	0.381796	-2611.31
2390	0.387383	-2716.51
2391	0.386741	-2714.41
2392	0.387549	-2677.79
2393	0.385081	-2691.58
2394	0.391934	-2728.47
2395	0.381692	-2650.54
2396	0.377408	-2584.99
2397	0.383742	-2629.9
2398	0.38218	-2582.45
2399	0.386885	-2690.74
2400	0.385507	-2678.93
2401	0.383422	-2590.78
2402	0.38831	-2687.7
2403	0.382334	-2643.45
2404	0.386594	-2725.85
2405	0.376879	-2518.79
2406	0.386864	-2706.79
2407	0.385392	-2666.15
2408	0.382526	-2626.2
2409	0.378017	-2551.37
2410	0.377516	-2550.7
2411	0.37123	-2477.92
2412	0.386944	-2714.59
2413	0.377716	-2524.69
2414	0.371157	-2456.98
2415	0.376379	-2557.29
2416	0.382124	-2642.34
2417	0.382604	-2662.79
2418	0.385842	-2676.59
2419	0.382769	-2618.51
2420	0.38463	-2637.1
2421	0.38227	-2657.51
2422	0.378669	-2491.5
2423	0.379839	-2604.99
2424	0.387722	-2635.33
2425	0.380705	-2606.72
2426	0.381827	-2672.05
2427	0.38288	-2583.11
2428	0.384255	-2651.3
2429	0.382711	-2627.42
2430	0.383357	-2656.29
2431	0.379143	-2613.37
2432	0.382829	-2625.13
2433	0.38594	-2677.25
2434	0.377051	-2592.26
2435	0.382999	-2650.11
2436	0.38343	-2649.92
2437	0.385893	-2645.18
2438	0.384294	-2677.44
2439	0.386598	-2721.72
2440	0.383203	-2615.41
2441	0.381623	-2637.08
2442	0.378054	-2559.5
2443	0.377828	-2569.43
2444	0.386619	-2693.25
2445	0.380274	-2630.78
2446	0.381928	-2600.93
2447	0.376347	-2527.87
2448	0.383411	-2663.97
2449	0.380389	-2635.23
2450	0.382836	-2650.51
2451	0.380285	-2582.66
2452	0.378407	-2540.12
2453	0.377836	-2535.99
2454	0.382189	-2595.78
2455	0.378	-2517.98
2456	0.3807	-2607.7
2457	0.381391	-2626.19
2458	0.37807	-2615.65
2459	0.378269	-2559.79
2460	0.383441	-2671.33
2461	0.37228	-2455.81
2462	0.385588	-2687.94
2463	0.380102	-2597.14
2464	0.384429	-2662.13
2465	0.383731	-2674
2466	0.381376	-2599.84
2467	0.376941	-2595.48
2468	0.386479	-2703.58
2469	0.385985	-2719.35
2470	0.379942	-2578.45
2471	0.391676	-2717.47
2472	0.382299	-2577.3
2473	0.393703	-2795.4
2474	0.383856	-2658.51
2475	0.383077	-2639.22
2476	0.382563	-2606.26
2477	0.386201	-2681.27
2478	0.385927	-2658.01
2479	0.378964	-2581.67
2480	0.378027	-2587.14
2481	0.384555	-2635.37
2482	0.373678	-2537.21
2483	0.387629	-2721.16
2484	0.382563	-2611.59
2485	0.387777	-2684.91
2486	0.381128	-2675.45
2487	0.381174	-2618.1
2488	0.383171	-2598.68
2489	0.373806	-2511.03
2490	0.383679	-2646.47
2491	0.391517	-2751.84
2492	0.386217	-2725.93
2493	0.384015	-2643.17
2494	0.380564	-2631.8
2495	0.385328	-2690.2
2496	0.387287	-2704.36
2497	0.37953	-2599.66
2498	0.37321	-2500.12
2499	0.384534	-2667.66
2500	0.380007	-2596.82
2501	0.38568	-2648.81
2502	0.380012	-2567.68
2503	0.387684	-2729.66
2504	0.389687	-2707.64
2505	0.378321	-2549.58
2506	0.382733	-2604.66
2507	0.383579	-2624.75
2508	0.388556	-2748.21
2509	0.385036	-2695.14
2510	0.371225	-2481.23
2511	0.388997	-2723.69
2512	0.375629	-2527.06
2513	0.383852	-2582.86
2514	0.386875	-2695.96
2515	0.37465	-2497.58
2516	0.381535	-2618.85
2517	0.385234	-2669.95
2518	0.375586	-2532.06
2519	0.393839	-2815.06
2520	0.386121	-2683.92
2521	0.381587	-2614.49
2522	0.388997	-2742.48
2523	0.38179	-2640.33
2524	0.381353	-2603.48
2525	0.386528	-2683.24
2526	0.385686	-2728.9
2527	0.381888	-2598.41
2528	0.380829	-2646.19
2529	0.385146	-2676.57
2530	0.384487	-2695.15
2531	0.38972	-2736.79
2532	0.38294	-2639.06
2533	0.383039	-2618.18
2534	0.37553	-2573.56
2535	0.378783	-2591.94
2536	0.378599	-2574.32
2537	0.398538	-2829.8
2538	0.380638	-2611.92
2539	0.380664	-2592.13
2540	0.382548	-2650.66
2541	0.370735	-2483.74
2542	0.382488	-2620.53
2543	0.376312	-2574.99
2544	0.380685	-2615.39
2545	0.380579	-2584.33
2546	0.385269	-2701.74
2547	0.387142	-2684.89
2548	0.383467	-2621.96
2549	0.388239	-2686.66
2550	0.384148	-2650.55
2551	0.378883	-2544.08
2552	0.38153	-2598.43
2553	0.384967	-2630.53
2554	0.379996	-2647.55
2555	0.395311	-2844.42
2556	0.382412	-2666.87
2557	0.389312	-2712.63
2558	0.388253	-2676.07
2559	0.369747	-2418.16
2560	0.38416	-2656.06
2561	0.38735	-2690.85
2562	0.388365	-2732.8
2563	0.38025	-2572.81
2564	0.383385	-2634.96
2565	0.388905	-2687.65
2566	0.382551	-2613.92
2567	0.388755	-2720.28
2568	0.385054	-2661
2569	0.377546	-2583.03
2570	0.38384	-2667.32
2571	0.381951	-2647.53
2572	0.381422	-2589.11
2573	0.377304	-2572.97
2574	0.382333	-2629.94
2575	0.378495	-2533.63
2576	0.381452	-2572.7
2577	0.386591	-2707.04
2578	0.382926	-2612.16
2579	0.374672	-2498.3
2580	0.379392	-2591.41
2581	0.387452	-2675.13
2582	0.37567	-2531.77
2583	0.384051	-2626.13
2584	0.38406	-2655.61
2585	0.375591	-2489.96
2586	0.378968	-2583.3
2587	0.391784	-2734.09
2588	0.381865	-2610.44
2589	0.380848	-2619.95
2590	0.384626	-2636.21
2591	0.371331	-2495.62
2592	0.379287	-2588.89
2593	0.386015	-2694.31
2594	0.383499	-2661.29
2595	0.390956	-2772.06
2596	0.384869	-2628.79
2597	0.381286	-2601.35
2598	0.382908	-2592.84
2599	0.381625	-2605.26
2600	0.382185	-2582.79
2601	0.385026	-2647.86
2602	0.37853	-2519.08
2603	0.388779	-2728.17
2604	0.374038	-2571.29
2605	0.386122	-2733.26
2606	0.381578	-2630.24
2607	0.381507	-2630.25
2608	0.385517	-2684.29
2609	0.377605	-2559.94
2610	0.382922	-2648.9
2611	0.383926	-2636.34
2612	0.385423	-2676.79
2613	0.378968	-2588.56
2614	0.38606	-2672.87
2615	0.382907	-2664.27
2616	0.379907	-2589.46
2617	0.372234	-2500.44
2618	0.379411	-2650.39
2619	0.376624	-2570.07
2620	0.386967	-2709
2621	0.385307	-2664.01
2622	0.382304	-2614.72
2623	0.384388	-2680.86
2624	0.388602	-2734.94
2625	0.384312	-2605.38
2626	0.377376	-2569.7
2627	0.375218	-2544.45
2628	0.375596	-2594.79
2629	0.376275	-2544.8
2630	0.385033	-2661.2
2631	0.382018	-2604.82
2632	0.382008	-2650.12
2633	0.375116	-2531.23
2634	0.379884	-2575.71
2635	0.381096	-2590.78
2636	0.377212	-2527.13
2637	0.387044	-2683.03
2638	0.375261	-2593.53
2639	0.380815	-2616
2640	0.380368	-2571.69
2641	0.387531	-2686.2
2642	0.380424	-2601.2
2643	0.386043	-2672.13
2644	0.38768	-2737.52
2645	0.378996	-2546.38
2646	0.380172	-2543.99
2647	0.380448	-2646.79
2648	0.380574	-2635.05
2649	0.383257	-2573.82
2650	0.368417	-2464.47
2651	0.380833	-2593.78
2652	0.385709	-2699.59
2653	0.378173	-2532.45
2654	0.386318	-2638.77
2655	0.380993	-2580.41
2656	0.377766	-2564.45
2657	0.373409	-2551.89
2658	0.386801	-2718.05
2659	0.381173	-2571.37
2660	0.375098	-2552.61
2661	0.388801	-2739.5
2662	0.382895	-2600.61
2663	0.386169	-2632.65
2664	0.38674	-2687.07
2665	0.375311	-2511.17
2666	0.377062	-2587.95
2667	0.386752	-2698.13
2668	0.380487	-2599.88
2669	0.378729	-2605.91
2670	0.377733	-2558.43
2671	0.375629	-2561.15
2672	0.386568	-2695.61
2673	0.377718	-2595.55
2674	0.378602	-2567.71
2675	0.384655	-2685.21
2676	0.386292	-2640.05
2677	0.380683	-2588.76
2678	0.383332	-2645.08
2679	0.378375	-2545.23
2680	0.374793	-2539.79
2681	0.377454	-2543.85
2682	0.379512	-2599.52
2683	0.383854	-2644.07
2684	0.380116	-2558.43
2685	0.368708	-2416.96
2686	0.376304	-2570.34
2687	0.384934	-2692.43
2688	0.384688	-2623.21
2689	0.388666	-2705.41
2690	0.382542	-2671.36
2691	0.384306	-2681.31
2692	0.384612	-2679.63
2693	0.390954	-2750.68
2694	0.383076	-2657.47
2695	0.388262	-2692.1
2696	0.380219	-2559
2697	0.387293	-2719.33
2698	0.379931	-2616.03
2699	0.3864	-2680.1
2700	0.384109	-2661.34
2701	0.368646	-2486.48
2702	0.385736	-2669.88
2703	0.386869	-2706.48
2704	0.380619	-2648.13
2705	0.382217	-2596.68
2706	0.381389	-2650.95
2707	0.379198	-2581
2708	0.385014	-2688.67
2709	0.380861	-2626.83
2710	0.38817	-2760.82
2711	0.375139	-2534.69
2712	0.384571	-2652.43
2713	0.382363	-2625.36
2714	0.384099	-2643.8
2715	0.376763	-2506.55
2716	0.386139	-2668.98
2717	0.386734	-2728.92
2718	0.378893	-2592.57
2719	0.384192	-2679.98
2720	0.390574	-2733.16
2721	0.376958	-2545.71
2722	0.383342	-2640.92
2723	0.383306	-2598.58
2724	0.377971	-2551.49
2725	0.381371	-2561.18
2726	0.377213	-2568.92
2727	0.378777	-2575.68
2728	0.3832	-2627.69
2729	0.372557	-2449.34
2730	0.381593	-2616.01
2731	0.381094	-2643.68
2732	0.3777	-2544.51
2733	0.377402	-2552.7
2734	0.385005	-2653.99
2735	0.388469	-2705.68
2736	0.38615	-2664.73
2737	0.38351	-2643.54
2738	0.376401	-2537.36
2739	0.37255	-2501.49
2740	0.378869	-2593.44
2741	0.376566	-2538.13
2742	0.378441	-2560.79
2743	0.380721	-2625.81
2744	0.392127	-2782.89
2745	0.374478	-2542.89
2746	0.387893	-2668.58
2747	0.378172	-2578.68
2748	0.382084	-2585.07
2749	0.382319	-2582.69
2750	0.386906	-2680.07
2751	0.379189	-2597.53
2752	0.377337	-2524.38
2753	0.375089	-2556.5
2754	0.386023	-2679.65
2755	0.392046	-2749.59
2756	0.386288	-2665.09
2757	0.381179	-2582.8
2758	0.389261	-2734.69
2759	0.386206	-2679.43
2760	0.386808	-2686.53
2761	0.386038	-2666.91
2762	0.381408	-2579.33
2763	0.38536	-2663.09
2764	0.380911	-2659.87
2765	0.38822	-2730.42
2766	0.381007	-2670.66
2767	0.381686	-2627.63
2768	0.378672	-2562.43
2769	0.386204	-2668.62
2770	0.382114	-2616.53
2771	0.385691	-2673.53
2772	0.376713	-2552.31
2773	0.373133	-2551.19
2774	0.388934	-2687.68
2775	0.380371	-2578.09
2776	0.381688	-2632.29
2777	0.378931	-2521.46
2778	0.386197	-2676.41
2779	0.382322	-2592.73
2780	0.377305	-2556.61
2781	0.382165	-2602.7
2782	0.372171	-2476.36
2783	0.381926	-2606.64
2784	0.374353	-2556.73
2785	0.379635	-2554.03
2786	0.377072	-2526.83
2787	0.387303	-2673.14
2788	0.379494	-2592.92
2789	0.375389	-2531.02
2790	0.379831	-2605.91
2791	0.380901	-2596.46
2792	0.37774	-2557.82
2793	0.383112	-2648.48
2794	0.387943	-2715.58
2795	0.377492	-2550.66
2796	0.378248	-2550.06
2797	0.377313	-2516.72
2798	0.38588	-2653.38
2799	0.38048	-2550.57
2800	0.385247	-2691.23
2801	0.388232	-2754.12
2802	0.385226	-2686
2803	0.378423	-2574.88
2804	0.379113	-2574.71
2805	0.387641	-2722.73
2806	0.38623	-2683.69
2807	0.382514	-2606.42
2808	0.3751	-2540.68
2809	0.385646	-2718.87
2810	0.378674	-2602.67
2811	0.378633	-2569.46
2812	0.375238	-2565.54
2813	0.383405	-2664.73
2814	0.379158	-2556.22
2815	0.380871	-2632.26
2816	0.378236	-2589.86
2817	0.384886	-2645.16
2818	0.387046	-2657.34
2819	0.385961	-2640.24
2820	0.384252	-2620.29
2821	0.384162	-2631.72
2822	0.38596	-2702.04
2823	0.386249	-2670.34
2824	0.378435	-2572.08
2825	0.385349	-2691.81
2826	0.385918	-2690.69
2827	0.379836	-2614.15
2828	0.385876	-2671.89
2829	0.38318	-2631.92
2830	0.380507	-2582.8
2831	0.375668	-2487.85
2832	0.383105	-2639.98
2833	0.377875	-2525.33
2834	0.380545	-2616.64
2835	0.376897	-2560.47
2836	0.37725	-2562.7
2837	0.374051	-2515.01
2838	0.380843	-2600.84
2839	0.384502	-2660.68
2840	0.386344	-2706.43
2841	0.375901	-2530.38
2842	0.377571	-2560.55
2843	0.390322	-2731.77
2844	0.385969	-2669.66
2845	0.395304	-2791.21
2846	0.386031	-2642.72
2847	0.385199	-2689.56
2848	0.380486	-2559.27
2849	0.378667	-2546.99
2850	0.382389	-2624.07
2851	0.387258	-2683.79
2852	0.38735	-2690.03
2853	0.38804	-2702.38
2854	0.382257	-2587
2855	0.385158	-2671.09
2856	0.38328	-2649.35
2857	0.39176	-2728.98
2858	0.384983	-2616.85
2859	0.382868	-2596.78
2860	0.383931	-2648.15
2861	0.380074	-2571.69
2862	0.378375	-2591.27
2863	0.374006	-2497.23
2864	0.384567	-2649.87
2865	0.376161	-2542.26
2866	0.379206	-2595.1
2867	0.378622	-2555.81
2868	0.385745	-2691.45
2869	0.379206	-2562.74
2870	0.380748	-2663.29
2871	0.371318	-2492.99
2872	0.375776	-2576.08
2873	0.382205	-2641.79
2874	0.379387	-2564.16
2875	0.385256	-2660.87
2876	0.386012	-2662.59
2877	0.381941	-2635.08
2878	0.384312	-2659.26
2879	0.381255	-2610.13
2880	0.3807	-2570.49
2881	0.384166	-2687.95
2882	0.382598	-2600.43
2883	0.388339	-2733.72
2884	0.386862	-2683.74
2885	0.376228	-2565.57
2886	0.382324	-2660.53
2887	0.377322	-2544.06
2888	0.383543	-2616.6
2889	0.385987	-2690.66
2890	0.382862	-2619.1
2891	0.381422	-2641.94
2892	0.374778	-2544.9
2893	0.379642	-2618.29
2894	0.379526	-2556.56
2895	0.380578	-2647.38
2896	0.389528	-2707.49
2897	0.378855	-2588.07
2898	0.381164	-2643.84
2899	0.387656	-2694.98
2900	0.380637	-2626.69
2901	0.386178	-2651.6
2902	0.385894	-2653.86
2903	0.380876	-2641.39
2904	0.378121	-2606.65
2905	0.375922	-2552.18
2906	0.386932	-2697.81
2907	0.37643	-2510.62
2908	0.379378	-2626.84
2909	0.369513	-2465.1
2910	0.379438	-2567.77
2911	0.377188	-2541.76
2912	0.380149	-2597.93
2913	0.386107	-2676.9
2914	0.378848	-2586.84
2915	0.383534	-2649.06
2916	0.378998	-2556.2
2917	0.387726	-2703.78
2918	0.382087	-2649.68
2919	0.384703	-2662
2920	0.382047	-2607.8
2921	0.379123	-2585.7
2922	0.373008	-2495.13
2923	0.386737	-2729.38
2924	0.382318	-2621.49
2925	0.374841	-2535.59
2926	0.379522	-2591.73
2927	0.391635	-2739.62
2928	0.381852	-2634.24
2929	0.385404	-2690.15
2930	0.387016	-2701.12
2931	0.381733	-2623.88
2932	0.379032	-2551.22
2933	0.381306	-2651.98
2934	0.380371	-2606.58
2935	0.386621	-2696.76
2936	0.379392	-2571.85
2937	0.374663	-2493.49
2938	0.37983	-2599.44
2939	0.386555	-2652.34
2940	0.382874	-2636.31
2941	0.378955	-2578.68
2942	0.376165	-2534.51
2943	0.392264	-2791.17
2944	0.37793	-2549.28
2945	0.38108	-2578.17
2946	0.395633	-2825.65
2947	0.371915	-2493.62
2948	0.382204	-2650.43
2949	0.383188	-2695.46
2950	0.390501	-2726.74
2951	0.39018	-2755.03
2952	0.373436	-2517.26
2953	0.380955	-2595.64
2954	0.376114	-2548.33
2955	0.383729	-2659.68
2956	0.37355	-2523.48
2957	0.384681	-2626.14
2958	0.381087	-2596.08
2959	0.386411	-2672.22
2960	0.384216	-2676.73
2961	0.37496	-2514.89
2962	0.388794	-2751.55
2963	0.385643	-2686.04
2964	0.38261	-2645.3
2965	0.377768	-2533.32
2966	0.379031	-2631.98
2967	0.378954	-2582.55
2968	0.383944	-2628.21
2969	0.377296	-2554.39
2970	0.383431	-2644.15
2971	0.384147	-2660.28
2972	0.379222	-2566.82
2973	0.372228	-2505.63
2974	0.386315	-2664.15
2975	0.386513	-2691.59
2976	0.376209	-2535.6
2977	0.378603	-2570.75
2978	0.380269	-2605.79
2979	0.389467	-2753.41
2980	0.389016	-2741.15
2981	0.380391	-2608.92
2982	0.382662	-2626.08
2983	0.386255	-2699.74
2984	0.382155	-2648.73
2985	0.382368	-2598.25
2986	0.377565	-2541.96
2987	0.388083	-2731.31
2988	0.391115	-2744.11
2989	0.385707	-2650.72
2990	0.381123	-2589.54
2991	0.382339	-2651.86
2992	0.382055	-2614.98
2993	0.382162	-2617.66
2994	0.38346	-2621.44
2995	0.376435	-2547.01
2996	0.374056	-2537.15
2997	0.390186	-2731.66
2998	0.380222	-2639.43
2999	0.380697	-2586.98
