0	0.372448	-2530.33
1	0.381446	-2614.68
2	0.383017	-2649.06
3	0.379459	-2570.63
4	0.38278	-2620.16
5	0.380265	-2572.5
6	0.376461	-2545.24
7	0.381649	-2623.68
8	0.377936	-2557.65
9	0.383197	-2696.51
10	0.380119	-2600.33
11	0.385127	-2670.11
12	0.379726	-2596.32
13	0.381258	-2591.09
14	0.384363	-2671.69
15	0.387627	-2672.99
16	0.376348	-2541.39
17	0.388524	-2763.77
18	0.378495	-2603.44
19	0.384126	-2651.99
20	0.386265	-2667.3
21	0.392916	-2766.3
22	0.390605	-2734.57
23	0.377518	-2561.54
24	0.390375	-2732.54
25	0.380774	-2631.67
26	0.378999	-2558.62
27	0.378089	-2576.31
28	0.376327	-2536.53
29	0.380982	-2580.06
30	0.374495	-2507.12
31	0.374578	-2482.48
32	0.388267	-2721.51
33	0.373247	-2515.27
34	0.38289	-2604.45
35	0.372895	-2494.87
36	0.382791	-2637.6
37	0.380103	-2571.06
38	0.374899	-2541.23
39	0.37937	-2565.88
40	0.379894	-2563.18
41	0.38078	-2627.89
42	0.377896	-2551.58
43	0.384406	-2653.14
44	0.39082	-2764.02
45	0.375299	-2529.59
46	0.382763	-2669.23
47	0.374479	-2477.62
48	0.376992	-2533.18
49	0.385852	-2680.19
50	0.386066	-2694.48
51	0.382147	-2607.98
52	0.383046	-2652.52
53	0.382913	-2641.66
54	0.37727	-2594.29
55	0.377789	-2543.17
56	0.378804	-2600.67
57	0.381702	-2608.21
58	0.376686	-2533.89
59	0.384992	-2651.01
60	0.380197	-2581.59
61	0.374924	-2549.67
62	0.369273	-2492.14
63	0.378862	-2553.1
64	0.384709	-2620.63
65	0.378982	-2583.44
66	0.37989	-2589.58
67	0.38202	-2625.71
68	0.382602	-2624.45
69	0.389694	-2710.79
70	0.379963	-2573.6
71	0.388981	-2705.43
72	0.379266	-2591.35
73	0.392191	-2780.78
74	0.381958	-2624.64
75	0.384736	-2667.86
76	0.383303	-2647.06
77	0.377552	-2537.53
78	0.37729	-2616.65
79	0.382435	-2647.01
80	0.380553	-2564.08
81	0.378241	-2592.71
82	0.375132	-2543.24
83	0.383207	-2620.08
84	0.374714	-2503.95
85	0.373662	-2510.65
86	0.37674	-2542.21
87	0.380472	-2557.03
88	0.38279	-2643.13
89	0.382842	-2598.64
90	0.383166	-2640.73
91	0.378112	-2603.48
92	0.381572	-2644.19
93	0.377009	-2593.59
94	0.373573	-2481.44
95	0.381537	-2642.94
96	0.374087	-2523.29
97	0.385377	-2642.64
98	0.383855	-2654.69
99	0.388902	-2727.21
100	0.368476	-2462.64
101	0.378062	-2555.05
102	0.374521	-2534.33
103	0.377739	-2571.34
104	0.381663	-2603.93
105	0.382627	-2624.29
106	0.383282	-2658.62
107	0.376384	-2565.34
108	0.381906	-2612.76
109	0.384454	-2659.05
110	0.380482	-2602.92
111	0.381157	-2592.99
112	0.386704	-2727.58
113	0.388472	-2725.74
114	0.380687	-2601.77
115	0.368375	-2453.07
116	0.374397	-2535.96
117	0.369958	-2468.01
118	0.367369	-2407.49
119	0.377806	-2539.24
120	0.383159	-2692.39
121	0.383372	-2644.3
122	0.380617	-2618.29
123	0.377891	-2573.23
124	0.38025	-2618.63
125	0.382903	-2637.98
126	0.381338	-2627.22
127	0.373203	-2541.41
128	0.387422	-2719.17
129	0.373926	-2531.58
130	0.385338	-2660.46
131	0.385737	-2704.29
132	0.379643	-2593.29
133	0.379246	-2594.46
134	0.378118	-2557.53
135	0.383093	-2688.49
136	0.385036	-2623.53
137	0.375037	-2525.26
138	0.378048	-2550.96
139	0.371937	-2462.92
140	0.377747	-2551.17
141	0.373904	-2460.99
142	0.378748	-2585.88
143	0.379511	-2617.82
144	0.380671	-2630.67
145	0.380554	-2593.22
146	0.381887	-2617.56
147	0.371776	-2484.73
148	0.383008	-2615
149	0.370474	-2483.68
150	0.37651	-2515.31
151	0.381969	-2653.57
152	0.380008	-2580.73
153	0.384212	-2691.05
154	0.376809	-2544.96
155	0.379992	-2602.33
156	0.382884	-2624.49
157	0.373315	-2518.78
158	0.38447	-2660.06
159	0.386844	-2699.62
160	0.375343	-2559.74
161	0.375401	-2524.59
162	0.385188	-2675.76
163	0.37673	-2529.31
164	0.379397	-2561.29
165	0.381777	-2617.5
166	0.3901	-2727.84
167	0.380123	-2604.89
168	0.376065	-2522.04
169	0.378419	-2588.78
170	0.383898	-2639.86
171	0.371711	-2521.18
172	0.380768	-2602.95
173	0.37471	-2523.67
174	0.377892	-2538.45
175	0.38361	-2674.06
176	0.379416	-2586.71
177	0.377274	-2576.93
178	0.371369	-2482.01
179	0.378048	-2583.75
180	0.380278	-2597.8
181	0.383688	-2631.18
182	0.383147	-2655.66
183	0.377002	-2556.95
184	0.382408	-2623.5
185	0.384613	-2667.91
186	0.38343	-2654
187	0.389737	-2737.05
188	0.384306	-2655.24
189	0.379927	-2600.83
190	0.378956	-2628.39
191	0.377918	-2509.5
192	0.377565	-2544.7
193	0.382893	-2659.52
194	0.38025	-2571.07
195	0.38637	-2701.79
196	0.380766	-2604.04
197	0.388184	-2735.44
198	0.383951	-2637.12
199	0.384517	-2655.69
200	0.382177	-2647.45
201	0.380267	-2568.57
202	0.373499	-2490.24
203	0.379434	-2568.73
204	0.379605	-2543.68
205	0.385318	-2691.26
206	0.373199	-2540.37
207	0.379081	-2608.8
208	0.376082	-2572.05
209	0.37066	-2464.2
210	0.385903	-2701.52
211	0.385905	-2661.85
212	0.377462	-2573.81
213	0.374292	-2520.14
214	0.379249	-2574.32
215	0.383202	-2625.3
216	0.374921	-2553.81
217	0.37473	-2533.83
218	0.382979	-2618.11
219	0.387124	-2699.28
220	0.385098	-2666.77
221	0.383026	-2610.28
222	0.3754	-2536.34
223	0.382734	-2655.4
224	0.379112	-2582.67
225	0.38341	-2674.42
226	0.38041	-2657.12
227	0.390113	-2738.04
228	0.383385	-2690.71
229	0.382807	-2624.2
230	0.381576	-2576.96
231	0.372551	-2510.05
232	0.388089	-2706.61
233	0.383327	-2621
234	0.385429	-2668.87
235	0.381774	-2624.91
236	0.380213	-2613.4
237	0.381525	-2609.74
238	0.379863	-2581.32
239	0.376599	-2544.91
240	0.380729	-2622.18
241	0.377289	-2540.24
242	0.383976	-2647.27
243	0.383635	-2662.68
244	0.374981	-2552.94
245	0.37597	-2522.19
246	0.377245	-2552.07
247	0.383573	-2655.61
248	0.380105	-2633.47
249	0.383131	-2643.6
250	0.381173	-2620.26
251	0.381014	-2591.16
252	0.38007	-2557.37
253	0.382499	-2594.3
254	0.373197	-2539.19
255	0.375177	-2557.1
256	0.374791	-2543.61
257	0.383493	-2664.11
258	0.37892	-2643.83
259	0.379054	-2612.72
260	0.381975	-2655.36
261	0.380335	-2577.75
262	0.378092	-2529.94
263	0.379572	-2575.52
264	0.380312	-2614.68
265	0.389025	-2727.59
266	0.373841	-2504
267	0.383888	-2642.79
268	0.381755	-2656.56
269	0.386997	-2697.23
270	0.378843	-2619.93
271	0.375597	-2519.41
272	0.384338	-2665.62
273	0.365295	-2377.85
274	0.384108	-2616.42
275	0.372653	-2517.01
276	0.390723	-2747.29
277	0.383887	-2639.12
278	0.386305	-2674.07
279	0.3831	-2623.98
280	0.37934	-2604.38
281	0.378718	-2573.78
282	0.379067	-2540.69
283	0.38532	-2642.62
284	0.376527	-2543.98
285	0.382175	-2627.69
286	0.37999	-2619.06
287	0.370554	-2428.3
288	0.38657	-2678.28
289	0.376811	-2552.92
290	0.37506	-2529.83
291	0.376584	-2544.1
292	0.370245	-2458.74
293	0.379928	-2546.24
294	0.381546	-2604.79
295	0.377049	-2587.23
296	0.381236	-2626.13
297	0.385484	-2667.19
298	0.381835	-2646.87
299	0.377071	-2544.62
300	0.3875	-2682.97
301	0.377374	-2559.04
302	0.369413	-2394.71
303	0.387445	-2690.43
304	0.378197	-2605.62
305	0.380393	-2584.84
306	0.381871	-2653.48
307	0.376311	-2518.34
308	0.37618	-2539.94
309	0.382102	-2613.11
310	0.382357	-2667.68
311	0.373812	-2525
312	0.380718	-2602.07
313	0.375497	-2546.59
314	0.379917	-2580.76
315	0.381451	-2553.05
316	0.379611	-2599.26
317	0.380313	-2614.4
318	0.377643	-2580.63
319	0.376023	-2578.56
320	0.381047	-2642.91
321	0.381807	-2577.51
322	0.378677	-2548.83
323	0.373863	-2510.55
324	0.389803	-2720.18
325	0.382027	-2601.18
326	0.38284	-2637.05
327	0.372121	-2447.65
328	0.38278	-2673.08
329	0.375511	-2528.42
330	0.38051	-2588.92
331	0.38336	-2669.95
332	0.380236	-2651.79
333	0.38229	-2648.04
334	0.373707	-2537.57
335	0.390335	-2731.61
336	0.383907	-2654.18
337	0.38259	-2651.81
338	0.388452	-2696.32
339	0.371049	-2485.76
340	0.379856	-2576.66
341	0.383446	-2600.78
342	0.376379	-2517.16
343	0.377615	-2591.42
344	0.378439	-2562.73
345	0.371091	-2458.78
346	0.389392	-2709.95
347	0.379493	-2584.49
348	0.3812	-2646.88
349	0.379968	-2583.3
350	0.382315	-2629.15
351	0.375628	-2516.51
352	0.381271	-2623.77
353	0.384049	-2665.81
354	0.375553	-2561.21
355	0.389204	-2753.45
356	0.37444	-2525.1
357	0.37389	-2509.03
358	0.378649	-2600.55
359	0.388613	-2711.8
360	0.381009	-2564.07
361	0.385093	-2638.51
362	0.374082	-2545.38
363	0.380441	-2635.77
364	0.37559	-2544.47
365	0.379615	-2610.51
366	0.381089	-2622.2
367	0.379413	-2590.65
368	0.379725	-2590.45
369	0.378635	-2552.58
370	0.373194	-2472.59
371	0.380307	-2546.21
372	0.375636	-2510.25
373	0.372365	-2495.16
374	0.379447	-2577.89
375	0.381816	-2662.31
376	0.38234	-2640.55
377	0.377384	-2560.1
378	0.386967	-2738.83
379	0.376111	-2495.97
380	0.385388	-2644.18
381	0.378365	-2603.29
382	0.381028	-2596.34
383	0.384046	-2621.34
384	0.364825	-2407.79
385	0.375995	-2522.91
386	0.379675	-2584.53
387	0.371711	-2478.76
388	0.381153	-2613.18
389	0.374932	-2537.22
390	0.378264	-2583.48
391	0.382211	-2623.9
392	0.382261	-2619.52
393	0.370819	-2421.54
394	0.384465	-2617.89
395	0.383506	-2631.59
396	0.384013	-2661.7
397	0.382489	-2601.33
398	0.369093	-2443.04
399	0.376634	-2584.24
400	0.377166	-2537.08
401	0.369954	-2477.92
402	0.384787	-2623.84
403	0.383717	-2601.41
404	0.377831	-2583.35
405	0.368915	-2406.93
406	0.381894	-2603.74
407	0.37711	-2559.79
408	0.381934	-2610.9
409	0.385904	-2656
410	0.382454	-2611.72
411	0.379214	-2606.43
412	0.380183	-2607.55
413	0.377735	-2553.02
414	0.386035	-2668.45
415	0.382032	-2605.22
416	0.383074	-2645.01
417	0.381327	-2596.58
418	0.375023	-2497.69
419	0.377809	-2605.58
420	0.382879	-2611.54
421	0.382002	-2613.77
422	0.37087	-2459.76
423	0.380493	-2610.88
424	0.38325	-2629.35
425	0.381034	-2587.51
426	0.37178	-2499.48
427	0.386531	-2697.02
428	0.377371	-2530.83
429	0.380088	-2570.4
430	0.3756	-2507.13
431	0.381229	-2609.59
432	0.368145	-2474.9
433	0.379935	-2612.53
434	0.38934	-2708.72
435	0.37637	-2517.43
436	0.378083	-2591.52
437	0.385744	-2672.53
438	0.379784	-2593.3
439	0.380146	-2584.56
440	0.381402	-2590.42
441	0.374967	-2533.13
442	0.383678	-2676.08
443	0.381993	-2662.77
444	0.385359	-2673.09
445	0.380351	-2601.53
446	0.37428	-2516.33
447	0.38841	-2656.58
448	0.379283	-2617.31
449	0.379355	-2595.32
450	0.382645	-2622.11
451	0.38033	-2599.27
452	0.382737	-2640.34
453	0.387062	-2713.04
454	0.382094	-2633.64
455	0.380763	-2580.96
456	0.381071	-2583.59
457	0.38212	-2601.77
458	0.378958	-2591.53
459	0.384216	-2612.71
460	0.380746	-2616.99
461	0.369858	-2465.4
462	0.3788	-2535.44
463	0.388986	-2739.62
464	0.382637	-2666.46
465	0.380171	-2600.69
466	0.380644	-2550
467	0.38032	-2587.28
468	0.383919	-2639.99
469	0.382909	-2610.36
470	0.383389	-2646.93
471	0.381814	-2655.45
472	0.374856	-2516.45
473	0.384005	-2660.12
474	0.380606	-2632.75
475	0.381335	-2584.25
476	0.384983	-2691.12
477	0.378708	-2616.49
478	0.383593	-2662.18
479	0.371052	-2431.82
480	0.386797	-2661.83
481	0.37664	-2542.15
482	0.383402	-2643.79
483	0.391974	-2747.94
484	0.377787	-2564
485	0.375066	-2514.31
486	0.387179	-2689.07
487	0.377773	-2529.63
488	0.381775	-2600.41
489	0.38389	-2652.18
490	0.390996	-2743.89
491	0.377997	-2535.63
492	0.383411	-2648.69
493	0.392623	-2756.22
494	0.381406	-2629.32
495	0.378275	-2585.81
496	0.377153	-2581.41
497	0.38488	-2660.56
498	0.384252	-2684.62
499	0.383117	-2651.45
500	0.381255	-2612.77
501	0.378635	-2597.15
502	0.372249	-2503.34
503	0.382789	-2616.55
504	0.390953	-2795.13
505	0.377007	-2539.94
506	0.378598	-2591.64
507	0.380828	-2625.56
508	0.378526	-2553.08
509	0.385507	-2671.65
510	0.380447	-2582.6
511	0.368379	-2436.69
512	0.38078	-2607.4
513	0.370029	-2474.81
514	0.380188	-2592.44
515	0.387257	-2729.8
516	0.372498	-2458.72
517	0.378925	-2616.9
518	0.375206	-2527.32
519	0.381291	-2604.35
520	0.383815	-2662.2
521	0.388595	-2710.2
522	0.3863	-2699.14
523	0.381514	-2608.4
524	0.380666	-2625.6
525	0.376143	-2584.29
526	0.380377	-2617.35
527	0.380688	-2623.66
528	0.385223	-2703.54
529	0.386657	-2691
530	0.378797	-2601.74
531	0.379134	-2586.08
532	0.381249	-2639.88
533	0.393026	-2756.68
534	0.372354	-2456.42
535	0.381036	-2577.34
536	0.373756	-2511.53
537	0.380777	-2626.65
538	0.369066	-2457.67
539	0.372218	-2490.87
540	0.382415	-2644.74
541	0.382531	-2659.86
542	0.386585	-2660.99
543	0.375576	-2519.89
544	0.382864	-2642.45
545	0.376997	-2543.01
546	0.38144	-2551.47
547	0.371211	-2493.51
548	0.377302	-2535.49
549	0.381968	-2647.71
550	0.382424	-2608.2
551	0.391499	-2755.93
552	0.389657	-2769.82
553	0.378999	-2558.94
554	0.385468	-2697.87
555	0.38182	-2602.52
556	0.371979	-2506.09
557	0.377943	-2569.47
558	0.380221	-2616.37
559	0.381455	-2582.92
560	0.369623	-2462.17
561	0.381498	-2609.57
562	0.375063	-2522.55
563	0.384279	-2622.59
564	0.386553	-2703.52
565	0.384989	-2693.56
566	0.375382	-2496.03
567	0.379699	-2603.11
568	0.382956	-2625.82
569	0.376442	-2539.73
570	0.374187	-2509.33
571	0.373076	-2441.35
572	0.381477	-2596.64
573	0.378761	-2523.27
574	0.374702	-2476.28
575	0.374662	-2551.84
576	0.369108	-2418.85
577	0.381317	-2634.5
578	0.383594	-2663.12
579	0.375539	-2524.17
580	0.394461	-2815.37
581	0.373841	-2549.62
582	0.384357	-2658.83
583	0.374873	-2483.07
584	0.38322	-2662.54
585	0.380724	-2583.86
586	0.383385	-2638.59
587	0.385293	-2682.56
588	0.375127	-2554.86
589	0.38107	-2597.82
590	0.378932	-2549.63
591	0.383733	-2657.56
592	0.373195	-2470.2
593	0.37856	-2571.45
594	0.379689	-2602.83
595	0.380312	-2582.44
596	0.374578	-2519.71
597	0.377194	-2547.1
598	0.37917	-2601.78
599	0.377387	-2581.68
600	0.376222	-2543.49
601	0.3802	-2601.35
602	0.380476	-2590.92
603	0.373147	-2508.52
604	0.38785	-2714.79
605	0.379956	-2637.27
606	0.38115	-2569.74
607	0.38555	-2670.01
608	0.379362	-2655.65
609	0.385694	-2665.88
610	0.362036	-2389.35
611	0.377335	-2573.73
612	0.383011	-2587.36
613	0.375662	-2507.62
614	0.379905	-2592.03
615	0.382129	-2605.61
616	0.376364	-2558.63
617	0.379086	-2595.54
618	0.388043	-2697.52
619	0.386551	-2694.6
620	0.390621	-2761.3
621	0.380703	-2623.53
622	0.38949	-2736.6
623	0.37182	-2470.5
624	0.386015	-2730.39
625	0.378577	-2608.34
626	0.374406	-2513.15
627	0.376131	-2559.03
628	0.373881	-2513.58
629	0.378372	-2596.6
630	0.386846	-2652.64
631	0.378837	-2633.31
632	0.37772	-2513.9
633	0.385622	-2696.97
634	0.377286	-2566.32
635	0.386151	-2687.21
636	0.384905	-2664.15
637	0.377529	-2575.7
638	0.382675	-2687.43
639	0.376285	-2518.15
640	0.378455	-2568.6
641	0.386507	-2700.17
642	0.375805	-2567.74
643	0.385681	-2701.97
644	0.380771	-2565.43
645	0.384329	-2675
646	0.384624	-2630.92
647	0.378597	-2611.27
648	0.38443	-2665.6
649	0.374563	-2488.07
650	0.384361	-2700.64
651	0.380011	-2622.81
652	0.379134	-2606.18
653	0.379371	-2611.27
654	0.371298	-2500.07
655	0.381882	-2616.07
656	0.37741	-2516.88
657	0.383362	-2641.64
658	0.382982	-2652.11
659	0.389099	-2705.94
660	0.387842	-2658.81
661	0.375921	-2506.28
662	0.382601	-2634.19
663	0.385545	-2683.56
664	0.375218	-2547.28
665	0.377366	-2557.06
666	0.383949	-2665.7
667	0.380273	-2577.47
668	0.377563	-2577.86
669	0.383608	-2651.27
670	0.374524	-2516.54
671	0.380198	-2618.89
672	0.383455	-2631.46
673	0.386401	-2668.74
674	0.375533	-2535.97
675	0.382343	-2637.65
676	0.371475	-2527.71
677	0.374458	-2535.42
678	0.378742	-2575.11
679	0.38692	-2718.15
680	0.387251	-2692.76
681	0.38128	-2573.26
682	0.368391	-2412.81
683	0.37223	-2485.97
684	0.378563	-2594.8
685	0.377401	-2530.33
686	0.38142	-2579.92
687	0.379822	-2633.42
688	0.385937	-2688.22
689	0.390798	-2769.9
690	0.376964	-2586.76
691	0.379688	-2584.35
692	0.381084	-2600.85
693	0.374936	-2509.97
694	0.388451	-2756.16
695	0.375872	-2526.16
696	0.379278	-2587.25
697	0.378007	-2579.82
698	0.383227	-2627.17
699	0.372771	-2490.95
700	0.388518	-2743.86
701	0.380898	-2594.09
702	0.384176	-2699.76
703	0.38006	-2604.75
704	0.375079	-2526.28
705	0.37848	-2596.07
706	0.376473	-2533.18
707	0.374856	-2528
708	0.372947	-2487.22
709	0.373105	-2509.43
710	0.37867	-2581.39
711	0.386384	-2706.37
712	0.381384	-2595.49
713	0.378521	-2571.61
714	0.374795	-2500.53
715	0.38115	-2555.09
716	0.379678	-2630.64
717	0.374563	-2479.93
718	0.376403	-2542.82
719	0.377504	-2549.33
720	0.373345	-2435.42
721	0.386053	-2658.56
722	0.389762	-2708.74
723	0.388865	-2697.03
724	0.386942	-2710.68
725	0.38031	-2630.51
726	0.38578	-2704.25
727	0.372554	-2521.04
728	0.386876	-2697.58
729	0.373402	-2519.46
730	0.374474	-2486.27
731	0.376554	-2536.69
732	0.383403	-2664.95
733	0.379127	-2624.59
734	0.380558	-2586.06
735	0.373578	-2479.95
736	0.382218	-2618.96
737	0.378608	-2604.72
738	0.383922	-2638.06
739	0.384819	-2648.5
740	0.390421	-2716.35
741	0.380004	-2593.9
742	0.381459	-2618.54
743	0.380401	-2606.44
744	0.371809	-2496.12
745	0.383397	-2614.2
746	0.377043	-2538.91
747	0.380105	-2578.29
748	0.382055	-2603.73
749	0.385305	-2690.16
750	0.381389	-2622.72
751	0.379938	-2619.98
752	0.387575	-2687.69
753	0.376083	-2565.57
754	0.385389	-2644.18
755	0.386481	-2718.14
756	0.386877	-2698.91
757	0.376208	-2538.58
758	0.377317	-2586.29
759	0.381738	-2638.55
760	0.368969	-2466.93
761	0.383306	-2561.99
762	0.375965	-2496.71
763	0.379303	-2569.65
764	0.372943	-2480.9
765	0.382123	-2633.08
766	0.377396	-2561.18
767	0.380128	-2614.01
768	0.381843	-2607.52
769	0.368465	-2415.11
770	0.383279	-2660.79
771	0.378983	-2628.9
772	0.375413	-2550.34
773	0.381334	-2579.95
774	0.386523	-2714.55
775	0.37257	-2514.08
776	0.376865	-2573.53
777	0.377667	-2545.76
778	0.385699	-2707.69
779	0.377724	-2617.16
780	0.371062	-2485.8
781	0.37936	-2587.07
782	0.382419	-2615.82
783	0.385348	-2686.33
784	0.381445	-2621.46
785	0.388496	-2737
786	0.374599	-2529.73
787	0.380351	-2606.19
788	0.38625	-2678.3
789	0.383242	-2638.09
790	0.38012	-2585.5
791	0.379725	-2577.59
792	0.375461	-2553.37
793	0.386617	-2683.43
794	0.384536	-2699.76
795	0.37641	-2572.11
796	0.375103	-2543.8
797	0.376891	-2558.81
798	0.386125	-2685.01
799	0.371254	-2469.77
800	0.375983	-2530.05
801	0.379072	-2632.31
802	0.376276	-2515.5
803	0.378442	-2554.59
804	0.376488	-2534.91
805	0.381731	-2626.61
806	0.389536	-2689.92
807	0.383001	-2636.2
808	0.380433	-2591.18
809	0.381763	-2599.96
810	0.380886	-2586.2
811	0.376925	-2576.57
812	0.381245	-2627.93
813	0.379465	-2574.76
814	0.380778	-2593.3
815	0.378428	-2617.47
816	0.382624	-2603.46
817	0.377319	-2528.43
818	0.381114	-2590.09
819	0.38177	-2611.57
820	0.376348	-2521.2
821	0.386724	-2681.72
822	0.379389	-2546.97
823	0.383222	-2611.05
824	0.382623	-2626.29
825	0.377903	-2566.74
826	0.392123	-2771.66
827	0.383352	-2654.9
828	0.384978	-2630.08
829	0.386217	-2715.06
830	0.374784	-2543.7
831	0.381377	-2613.77
832	0.375333	-2550.87
833	0.381292	-2588.29
834	0.381134	-2603.11
835	0.370495	-2477.29
836	0.377235	-2567.3
837	0.373581	-2515.27
838	0.376509	-2542.16
839	0.38517	-2695.86
840	0.379258	-2574
841	0.381383	-2635.15
842	0.372093	-2470.22
843	0.384006	-2631.37
844	0.384551	-2629.2
845	0.378439	-2596.9
846	0.387695	-2704.75
847	0.376883	-2548.22
848	0.381054	-2612.97
849	0.382616	-2648.83
850	0.382675	-2623.67
851	0.379831	-2587.96
852	0.376698	-2571.51
853	0.384502	-2664.37
854	0.373206	-2539.93
855	0.386676	-2637.44
856	0.384897	-2669.52
857	0.380032	-2574.08
858	0.377022	-2531.5
859	0.383535	-2593.1
860	0.371325	-2469.53
861	0.384519	-2648.84
862	0.380481	-2620.36
863	0.373677	-2514.02
864	0.385649	-2736.91
865	0.383254	-2649.2
866	0.379048	-2594.68
867	0.379037	-2544.1
868	0.376487	-2546.15
869	0.376996	-2524.6
870	0.38403	-2642.98
871	0.380949	-2601.41
872	0.371728	-2506.79
873	0.38421	-2680.14
874	0.389214	-2693.2
875	0.379121	-2589.13
876	0.385348	-2659.38
877	0.380655	-2637.63
878	0.377375	-2542.75
879	0.384474	-2663.84
880	0.373705	-2565.25
881	0.375984	-2575.73
882	0.378174	-2572.12
883	0.379517	-2598.23
884	0.376063	-2543.14
885	0.371147	-2458.36
886	0.38605	-2617.39
887	0.375401	-2497.15
888	0.372585	-2503.45
889	0.371451	-2449.33
890	0.374554	-2501.42
891	0.384987	-2675.88
892	0.386381	-2699.45
893	0.376784	-2543.79
894	0.392899	-2792.31
895	0.376365	-2534.88
896	0.378189	-2552.03
897	0.37877	-2576.64
898	0.379372	-2597.4
899	0.38206	-2677.63
900	0.379747	-2585.02
901	0.372184	-2460.6
902	0.384027	-2654.22
903	0.374367	-2518.83
904	0.383276	-2674.62
905	0.377531	-2589.29
906	0.378184	-2566.86
907	0.382576	-2640.38
908	0.379749	-2600.89
909	0.382103	-2629.97
910	0.384286	-2636.33
911	0.377783	-2610.61
912	0.380982	-2575.13
913	0.388862	-2716.37
914	0.376628	-2581.72
915	0.379568	-2615.68
916	0.375875	-2547.12
917	0.380482	-2633.13
918	0.383959	-2675.85
919	0.373072	-2479.38
920	0.37275	-2537.36
921	0.37792	-2558.79
922	0.383125	-2649.05
923	0.383879	-2699.89
924	0.371726	-2491.3
925	0.377788	-2556.85
926	0.377365	-2552.9
927	0.381135	-2614.18
928	0.379864	-2603.59
929	0.388027	-2691.96
930	0.382529	-2630
931	0.378356	-2593.52
932	0.383117	-2668.47
933	0.385687	-2636.69
934	0.387715	-2713.82
935	0.378951	-2607.69
936	0.3856	-2679.54
937	0.385825	-2737.02
938	0.384131	-2638.52
939	0.383572	-2646.91
940	0.379432	-2583.76
941	0.372545	-2481
942	0.374147	-2500.67
943	0.374881	-2506.76
944	0.377016	-2567.95
945	0.381969	-2540.03
946	0.379953	-2545.73
947	0.379845	-2590.17
948	0.380084	-2618.07
949	0.384971	-2626.06
950	0.385778	-2688.04
951	0.380115	-2599.35
952	0.379774	-2581.06
953	0.385104	-2692.84
954	0.38028	-2607.03
955	0.376565	-2535.03
956	0.38022	-2595.54
957	0.385902	-2660.27
958	0.388946	-2742.25
959	0.378872	-2616.12
960	0.386395	-2681.95
961	0.385491	-2690.91
962	0.381834	-2609.29
963	0.384491	-2661.6
964	0.381949	-2608.87
965	0.378398	-2580.31
966	0.382369	-2598.1
967	0.379485	-2593.34
968	0.380191	-2626.74
969	0.379622	-2625.14
970	0.377301	-2551.27
971	0.377273	-2511.84
972	0.384864	-2709.1
973	0.386596	-2723.15
974	0.386341	-2724.56
975	0.386016	-2658.73
976	0.377462	-2612.44
977	0.377031	-2538.91
978	0.377925	-2562.5
979	0.373767	-2532.73
980	0.378263	-2543.34
981	0.377878	-2552.15
982	0.383193	-2686.16
983	0.383664	-2623.59
984	0.385708	-2653.2
985	0.393345	-2780.14
986	0.377475	-2586.12
987	0.37904	-2597.3
988	0.38557	-2739.31
989	0.375118	-2505.81
990	0.381554	-2647.6
991	0.386382	-2661.21
992	0.379554	-2567.1
993	0.3828	-2635.81
994	0.378655	-2564.35
995	0.385084	-2654.77
996	0.382493	-2604.58
997	0.384146	-2655.73
998	0.377573	-2554.69
999	0.378081	-2524.56
1000	0.373762	-2546.26
1001	0.379959	-2558.82
1002	0.37841	-2571.74
1003	0.37262	-2530.3
1004	0.384881	-2635.25
1005	0.378921	-2603.7
1006	0.373014	-2512.65
1007	0.373081	-2427.65
1008	0.379915	-2589.67
1009	0.384911	-2674.73
1010	0.384602	-2683.68
1011	0.384484	-2645.3
1012	0.373913	-2491.04
1013	0.385213	-2656.92
1014	0.391916	-2704.55
1015	0.377033	-2569.93
1016	0.374908	-2520.8
1017	0.382738	-2614.47
1018	0.389131	-2725.75
1019	0.38039	-2583.6
1020	0.377799	-2565.24
1021	0.382173	-2624.86
1022	0.379327	-2575.73
1023	0.378169	-2566.12
1024	0.381989	-2646.85
1025	0.379853	-2602.98
1026	0.38397	-2647.17
1027	0.385863	-2727.65
1028	0.378286	-2620.86
1029	0.380605	-2603.73
1030	0.387273	-2666.73
1031	0.375402	-2548.65
1032	0.379308	-2563.58
1033	0.377429	-2553.82
1034	0.384784	-2686.65
1035	0.383504	-2659.84
1036	0.381356	-2589.47
1037	0.386695	-2697.23
1038	0.383552	-2652.38
1039	0.379317	-2638
1040	0.373687	-2519.71
1041	0.386297	-2652.02
1042	0.375885	-2548.47
1043	0.379519	-2560.98
1044	0.378434	-2527.45
1045	0.387001	-2695.05
1046	0.391448	-2743.07
1047	0.383209	-2652.75
1048	0.376521	-2562.4
1049	0.384589	-2681.86
1050	0.385433	-2659.48
1051	0.388963	-2748.09
1052	0.381574	-2622.98
1053	0.378313	-2583.66
1054	0.389654	-2715.54
1055	0.378436	-2583.62
1056	0.384882	-2676.27
1057	0.381933	-2598.51
1058	0.372903	-2498.69
1059	0.378183	-2531.88
1060	0.379777	-2595
1061	0.390883	-2763.3
1062	0.377753	-2499.3
1063	0.380093	-2577.94
1064	0.383477	-2659.54
1065	0.380919	-2581.35
1066	0.379633	-2594.57
1067	0.378333	-2563.28
1068	0.372686	-2501.96
1069	0.390038	-2772.99
1070	0.373889	-2519.14
1071	0.386489	-2682.27
1072	0.37857	-2606.36
1073	0.378102	-2613.57
1074	0.381682	-2602.69
1075	0.379739	-2573.57
1076	0.387559	-2681.31
1077	0.379073	-2589.14
1078	0.387873	-2709.38
1079	0.3787	-2593.34
1080	0.371846	-2502.16
1081	0.385319	-2716.18
1082	0.375325	-2525.86
1083	0.382349	-2625.58
1084	0.381745	-2621.02
1085	0.387095	-2719.92
1086	0.377516	-2545.65
1087	0.387999	-2729.32
1088	0.378038	-2582.75
1089	0.376075	-2563.1
1090	0.380598	-2593.39
1091	0.381887	-2623.03
1092	0.374551	-2549.36
1093	0.375592	-2541.18
1094	0.382617	-2629.84
1095	0.37696	-2555.51
1096	0.381703	-2619.19
1097	0.386181	-2673.19
1098	0.379827	-2595.66
1099	0.380368	-2592.35
1100	0.378453	-2553.96
1101	0.38772	-2683.23
1102	0.381058	-2575.08
1103	0.372862	-2529.64
1104	0.387468	-2681.56
1105	0.375272	-2558.69
1106	0.378604	-2580.93
1107	0.384051	-2658.34
1108	0.379277	-2623.01
1109	0.383545	-2697.34
1110	0.375593	-2488.45
1111	0.390771	-2740.5
1112	0.380376	-2590.34
1113	0.369746	-2425.84
1114	0.372463	-2478.97
1115	0.378549	-2579.99
1116	0.379459	-2568.43
1117	0.373567	-2514.37
1118	0.371887	-2470.8
1119	0.378229	-2607.7
1120	0.380032	-2608.93
1121	0.386368	-2665.92
1122	0.374687	-2515.42
1123	0.386605	-2682.47
1124	0.38575	-2677.49
1125	0.381419	-2616.97
1126	0.386967	-2659.96
1127	0.383391	-2638.13
1128	0.374931	-2485.61
1129	0.387733	-2682.18
1130	0.385118	-2677.71
1131	0.379567	-2547.42
1132	0.377739	-2554.91
1133	0.391417	-2739.43
1134	0.377964	-2544.24
1135	0.380087	-2607.62
1136	0.386136	-2711.23
1137	0.372466	-2501.44
1138	0.377808	-2577.44
1139	0.377839	-2545.83
1140	0.376308	-2568.33
1141	0.381741	-2618.31
1142	0.374895	-2550.91
1143	0.385358	-2650.14
1144	0.383835	-2655.98
1145	0.377944	-2544.54
1146	0.381372	-2590.45
1147	0.378359	-2576.68
1148	0.382313	-2631.56
1149	0.380853	-2577.17
1150	0.382344	-2625.49
1151	0.376911	-2588.32
1152	0.376977	-2556.23
1153	0.371442	-2506.68
1154	0.386922	-2655.13
1155	0.37337	-2441.16
1156	0.380324	-2606.72
1157	0.382083	-2646.24
1158	0.392082	-2768.85
1159	0.373278	-2552.2
1160	0.375157	-2533.44
1161	0.378364	-2591.14
1162	0.384034	-2661.97
1163	0.380246	-2595.97
1164	0.379687	-2613.09
1165	0.387104	-2728.98
1166	0.377897	-2558.29
1167	0.377958	-2615.53
1168	0.377433	-2528.51
1169	0.37769	-2579.24
1170	0.379216	-2551.81
1171	0.381296	-2657.34
1172	0.373961	-2492.39
1173	0.375537	-2531.74
1174	0.385667	-2650.15
1175	0.384605	-2642.09
1176	0.376844	-2540.96
1177	0.377406	-2567.31
1178	0.372883	-2491.26
1179	0.381151	-2638.35
1180	0.382425	-2653.72
1181	0.376347	-2561.86
1182	0.387137	-2691.68
1183	0.390719	-2789.38
1184	0.379335	-2590.06
1185	0.380224	-2623.37
1186	0.379901	-2603.88
1187	0.39477	-2795.42
1188	0.37942	-2599.45
1189	0.379381	-2588.35
1190	0.374854	-2514.4
1191	0.37268	-2470.79
1192	0.384445	-2692.77
1193	0.382528	-2584.79
1194	0.378665	-2526.92
1195	0.384174	-2618.17
1196	0.383104	-2653.02
1197	0.377051	-2551.88
1198	0.381164	-2603.62
1199	0.373672	-2506.96
1200	0.378926	-2613.12
1201	0.382234	-2619.4
1202	0.37734	-2542.45
1203	0.382785	-2631.11
1204	0.373823	-2521.75
1205	0.382317	-2615.73
1206	0.388013	-2708.67
1207	0.384389	-2645.87
1208	0.385609	-2650.82
1209	0.382551	-2614.31
1210	0.389505	-2728.44
1211	0.38403	-2681
1212	0.385063	-2678.18
1213	0.382126	-2632.78
1214	0.378952	-2596.58
1215	0.380182	-2581.06
1216	0.377428	-2564.02
1217	0.373519	-2496.94
1218	0.382289	-2642.68
1219	0.383296	-2653.3
1220	0.384387	-2623.54
1221	0.388803	-2716.95
1222	0.374348	-2575.19
1223	0.381935	-2617.32
1224	0.374262	-2509.22
1225	0.385438	-2719.09
1226	0.373783	-2533.46
1227	0.374077	-2513.35
1228	0.368584	-2482.12
1229	0.362005	-2362.83
1230	0.380351	-2622.74
1231	0.384159	-2703.75
1232	0.376947	-2581.47
1233	0.378892	-2551.2
1234	0.378546	-2586.54
1235	0.382846	-2619.26
1236	0.378697	-2538.33
1237	0.379706	-2574.44
1238	0.375743	-2550.62
1239	0.375178	-2540.63
1240	0.38991	-2720.71
1241	0.382081	-2624.26
1242	0.381447	-2619.84
1243	0.383382	-2678.61
1244	0.382655	-2658.89
1245	0.377289	-2529.26
1246	0.390563	-2766.71
1247	0.382428	-2680.11
1248	0.381585	-2648.61
1249	0.382677	-2658.41
1250	0.373764	-2521.67
1251	0.377378	-2573.56
1252	0.386815	-2693.66
1253	0.375869	-2541.35
1254	0.380805	-2661.04
1255	0.382445	-2624.06
1256	0.388446	-2740.39
1257	0.384306	-2643.55
1258	0.381625	-2568.34
1259	0.380094	-2601.78
1260	0.37767	-2580.95
1261	0.384368	-2675.9
1262	0.377024	-2540.33
1263	0.381599	-2642.46
1264	0.379587	-2602.93
1265	0.378916	-2561.97
1266	0.382812	-2641.23
1267	0.392213	-2812.32
1268	0.376388	-2563.76
1269	0.373031	-2486.55
1270	0.382859	-2606.51
1271	0.380235	-2611.62
1272	0.385672	-2701.1
1273	0.38777	-2682.52
1274	0.378518	-2564.09
1275	0.381304	-2604.47
1276	0.384859	-2625.62
1277	0.375722	-2570.11
1278	0.383805	-2635.62
1279	0.385046	-2666.57
1280	0.382437	-2643.08
1281	0.378623	-2606.96
1282	0.379398	-2608.68
1283	0.380775	-2640.41
1284	0.38416	-2628.48
1285	0.386355	-2683.61
1286	0.386166	-2652.28
1287	0.377034	-2528.1
1288	0.381556	-2619.11
1289	0.3773	-2498.05
1290	0.373177	-2535.38
1291	0.378141	-2568.32
1292	0.373247	-2479.88
1293	0.37571	-2542.06
1294	0.384927	-2616.85
1295	0.382419	-2663.55
1296	0.384697	-2661.13
1297	0.376667	-2640.95
1298	0.375654	-2542.68
1299	0.386445	-2678.04
1300	0.380905	-2638.04
1301	0.385977	-2721.2
1302	0.378244	-2612.99
1303	0.379486	-2605.45
1304	0.380396	-2578.42
1305	0.384776	-2689.92
1306	0.377971	-2575.07
1307	0.379699	-2621.15
1308	0.389212	-2743.94
1309	0.383392	-2675.13
1310	0.373881	-2524.65
1311	0.376574	-2521.59
1312	0.376395	-2560.56
1313	0.37514	-2546.19
1314	0.374396	-2533.21
1315	0.382264	-2654.63
1316	0.373933	-2517.99
1317	0.37504	-2506.87
1318	0.38611	-2698.76
1319	0.376061	-2554.2
1320	0.385807	-2684.49
1321	0.383225	-2656.24
1322	0.384492	-2677.86
1323	0.383697	-2647.2
1324	0.391849	-2801.24
1325	0.386041	-2674.23
1326	0.379444	-2553.05
1327	0.378765	-2636.42
1328	0.380864	-2606.84
1329	0.38687	-2691.6
1330	0.378662	-2617.37
1331	0.378311	-2546.09
1332	0.382965	-2625.76
1333	0.382825	-2626.37
1334	0.367795	-2393.87
1335	0.387136	-2673.68
1336	0.383165	-2635.32
1337	0.384502	-2646.26
1338	0.387731	-2732.76
1339	0.377515	-2549.6
1340	0.382694	-2617.79
1341	0.377605	-2499.3
1342	0.376476	-2553.23
1343	0.373277	-2514.52
1344	0.383166	-2640.19
1345	0.379199	-2610.23
1346	0.382471	-2642.43
1347	0.366235	-2386.52
1348	0.378235	-2622.39
1349	0.384257	-2696.27
1350	0.374739	-2539.42
1351	0.381111	-2609.14
1352	0.385959	-2683.55
1353	0.383131	-2682.73
1354	0.379928	-2611.92
1355	0.387837	-2708.5
1356	0.37032	-2433.44
1357	0.379145	-2579.28
1358	0.378677	-2552.53
1359	0.376235	-2507.42
1360	0.378087	-2577.36
1361	0.378896	-2571
1362	0.379003	-2548.63
1363	0.396281	-2842.35
1364	0.384386	-2635.04
1365	0.383593	-2610.08
1366	0.375479	-2524.7
1367	0.377968	-2553.42
1368	0.372198	-2515.87
1369	0.374027	-2472.05
1370	0.383802	-2638.47
1371	0.380616	-2614.47
1372	0.38099	-2650.91
1373	0.380667	-2619.75
1374	0.386215	-2679.11
1375	0.373013	-2492.14
1376	0.386604	-2645.07
1377	0.383005	-2664.37
1378	0.378488	-2638.12
1379	0.379847	-2592.13
1380	0.384694	-2678.69
1381	0.378385	-2547.87
1382	0.384715	-2671.27
1383	0.374996	-2495.71
1384	0.384496	-2646.98
1385	0.386364	-2669
1386	0.377572	-2600.48
1387	0.390647	-2736.04
1388	0.38892	-2715.07
1389	0.378316	-2604.65
1390	0.373827	-2461.24
1391	0.376276	-2557.63
1392	0.381249	-2582.65
1393	0.375739	-2537.03
1394	0.382191	-2547.73
1395	0.379394	-2577.29
1396	0.378174	-2535.8
1397	0.382028	-2647.93
1398	0.37847	-2558.66
1399	0.38457	-2668.1
1400	0.379828	-2582.09
1401	0.368679	-2435.56
1402	0.376669	-2574.01
1403	0.380445	-2577.46
1404	0.386727	-2657.19
1405	0.379631	-2592.26
1406	0.382536	-2597.45
1407	0.378076	-2550.6
1408	0.385318	-2699.2
1409	0.388604	-2731.38
1410	0.375872	-2543.72
1411	0.385582	-2622.6
1412	0.3806	-2583.2
1413	0.381522	-2622.87
1414	0.373138	-2487.96
1415	0.375865	-2523.08
1416	0.390103	-2736.89
1417	0.382262	-2624.45
1418	0.385727	-2695.36
1419	0.387621	-2725.51
1420	0.381815	-2603.83
1421	0.385998	-2688.73
1422	0.387281	-2682.64
1423	0.383222	-2656.9
1424	0.37864	-2576.33
1425	0.375723	-2483.69
1426	0.388704	-2725.35
1427	0.372545	-2462.49
1428	0.375823	-2539.58
1429	0.378333	-2568.5
1430	0.387553	-2711.15
1431	0.381001	-2613.73
1432	0.386064	-2709.06
1433	0.375791	-2533.48
1434	0.380373	-2630.34
1435	0.372668	-2473.83
1436	0.375056	-2513.01
1437	0.378789	-2573.28
1438	0.369123	-2440.47
1439	0.383843	-2664.49
1440	0.381451	-2636.86
1441	0.375427	-2492.42
1442	0.379107	-2606.38
1443	0.375809	-2515.84
1444	0.377393	-2556.7
1445	0.378542	-2568.21
1446	0.385722	-2666.96
1447	0.382869	-2628.56
1448	0.38136	-2638.02
1449	0.380128	-2602.25
1450	0.375107	-2511.12
1451	0.382816	-2629.31
1452	0.390457	-2704.67
1453	0.370866	-2475.18
1454	0.377709	-2553.23
1455	0.375678	-2524.84
1456	0.38289	-2632.93
1457	0.380794	-2614.94
1458	0.379083	-2581.25
1459	0.382311	-2608.45
1460	0.378511	-2590.59
1461	0.385323	-2702.92
1462	0.381156	-2610.85
1463	0.378442	-2554.75
1464	0.380619	-2616.72
1465	0.383653	-2663.61
1466	0.379035	-2586.28
1467	0.375422	-2562.44
1468	0.384529	-2670.32
1469	0.384462	-2636.07
1470	0.38103	-2587.34
1471	0.389323	-2754.47
1472	0.378562	-2595.87
1473	0.396389	-2833.26
1474	0.38474	-2664.27
1475	0.38493	-2643.56
1476	0.375	-2517.25
1477	0.383541	-2656.43
1478	0.378996	-2551.37
1479	0.374916	-2513.74
1480	0.374482	-2487.46
1481	0.377218	-2543.93
1482	0.383967	-2619.63
1483	0.38679	-2691.09
1484	0.380874	-2606.19
1485	0.370122	-2483.03
1486	0.386261	-2657.37
1487	0.386096	-2666.74
1488	0.378887	-2536.05
1489	0.385117	-2703.07
1490	0.378551	-2563.17
1491	0.379224	-2537.43
1492	0.385152	-2730.42
1493	0.387601	-2661.64
1494	0.374133	-2528.19
1495	0.378937	-2557.72
1496	0.378848	-2578.7
1497	0.379554	-2551.42
1498	0.382388	-2661.43
1499	0.386286	-2647.7
1500	0.379998	-2617.23
1501	0.376599	-2537.96
1502	0.372527	-2477.39
1503	0.383582	-2670.56
1504	0.378902	-2596.91
1505	0.377573	-2593.88
1506	0.377465	-2555.56
1507	0.385491	-2656.5
1508	0.379612	-2597.42
1509	0.378427	-2594.86
1510	0.383974	-2628.85
1511	0.385929	-2684
1512	0.38181	-2594.07
1513	0.373232	-2531.75
1514	0.388121	-2701
1515	0.377284	-2570.95
1516	0.375859	-2508.86
1517	0.376483	-2522.15
1518	0.38111	-2618.75
1519	0.37254	-2494.45
1520	0.383948	-2605.78
1521	0.377067	-2573.43
1522	0.380747	-2624.51
1523	0.374147	-2538.76
1524	0.37116	-2467.52
1525	0.385656	-2629.58
1526	0.378341	-2550.15
1527	0.382711	-2635.29
1528	0.38168	-2625.2
1529	0.378197	-2583.79
1530	0.378302	-2547.44
1531	0.377294	-2533.23
1532	0.380674	-2587.75
1533	0.376078	-2524.18
1534	0.385442	-2686.91
1535	0.38416	-2625.83
1536	0.376195	-2544.72
1537	0.370076	-2492.13
1538	0.375362	-2539.16
1539	0.374859	-2526.84
1540	0.385429	-2631.53
1541	0.380041	-2578.69
1542	0.378055	-2568.81
1543	0.380111	-2604.87
1544	0.378324	-2564.6
1545	0.378457	-2597.47
1546	0.382618	-2635.29
1547	0.37682	-2555.86
1548	0.387804	-2679.37
1549	0.377062	-2564.12
1550	0.384128	-2625.32
1551	0.3818	-2621.87
1552	0.378006	-2537.28
1553	0.380991	-2622.71
1554	0.381105	-2569.36
1555	0.377953	-2555.79
1556	0.372581	-2473.48
1557	0.373144	-2472.38
1558	0.378951	-2586.19
1559	0.374848	-2544.05
1560	0.385781	-2678.86
1561	0.380171	-2648.57
1562	0.384257	-2648.37
1563	0.380228	-2598.17
1564	0.38295	-2654.24
1565	0.379538	-2572.24
1566	0.379413	-2590.17
1567	0.382624	-2631.35
1568	0.387523	-2695.7
1569	0.365549	-2414.69
1570	0.379338	-2600.05
1571	0.381986	-2618.3
1572	0.37115	-2530.21
1573	0.376739	-2576.75
1574	0.380072	-2584.45
1575	0.385567	-2627.7
1576	0.388545	-2695.56
1577	0.386415	-2637.73
1578	0.38622	-2710.42
1579	0.380737	-2593.56
1580	0.382194	-2585.9
1581	0.374339	-2561.43
1582	0.38137	-2627.49
1583	0.376799	-2540.87
1584	0.382652	-2625.81
1585	0.383697	-2669.8
1586	0.379097	-2549.82
1587	0.384108	-2654.64
1588	0.380646	-2599.05
1589	0.373171	-2497.99
1590	0.372402	-2481.41
1591	0.377617	-2542.59
1592	0.380257	-2616.06
1593	0.380407	-2579.41
1594	0.380243	-2611.13
1595	0.381446	-2629.56
1596	0.381224	-2619.67
1597	0.381963	-2652.43
1598	0.381134	-2577.3
1599	0.387731	-2706.22
1600	0.381441	-2604.82
1601	0.377514	-2537.31
1602	0.385338	-2674.84
1603	0.373376	-2482.51
1604	0.38125	-2614.01
1605	0.38854	-2744.71
1606	0.38727	-2665.9
1607	0.378875	-2580.67
1608	0.387944	-2696.05
1609	0.382459	-2654.93
1610	0.386819	-2720.51
1611	0.386295	-2635.08
1612	0.376209	-2534.74
1613	0.379225	-2620.54
1614	0.378246	-2585.71
1615	0.375573	-2568.64
1616	0.380449	-2592.9
1617	0.377447	-2607.6
1618	0.372729	-2452.06
1619	0.378449	-2572.75
1620	0.380216	-2580.82
1621	0.388346	-2722.2
1622	0.392122	-2706.85
1623	0.386054	-2696.19
1624	0.376402	-2532.79
1625	0.380738	-2578.58
1626	0.383263	-2613.13
1627	0.386131	-2689.14
1628	0.380676	-2620.7
1629	0.3829	-2625.23
1630	0.38219	-2626.06
1631	0.365802	-2442.81
1632	0.379431	-2582.88
1633	0.380947	-2550.88
1634	0.377995	-2585.05
1635	0.369782	-2432.98
1636	0.380406	-2619.24
1637	0.380254	-2577.82
1638	0.381305	-2620.33
1639	0.384711	-2678.16
1640	0.380509	-2595.8
1641	0.377152	-2541.93
1642	0.381303	-2673.34
1643	0.375152	-2519.56
1644	0.382216	-2627.25
1645	0.371592	-2461.67
1646	0.374726	-2521.03
1647	0.380271	-2633.36
1648	0.38041	-2542.59
1649	0.386346	-2675.66
1650	0.389528	-2761.08
1651	0.381528	-2662.25
1652	0.381823	-2636.39
1653	0.38393	-2622.47
1654	0.378721	-2576.68
1655	0.381137	-2633.28
1656	0.381798	-2607.22
1657	0.381447	-2586.37
1658	0.386881	-2669.66
1659	0.391367	-2708.61
1660	0.380739	-2643.91
1661	0.389169	-2725.13
1662	0.381506	-2608.22
1663	0.378025	-2589.02
1664	0.38051	-2605.74
1665	0.379203	-2588.61
1666	0.375596	-2529.3
1667	0.376785	-2548.03
1668	0.376762	-2549.18
1669	0.37508	-2501.47
1670	0.383427	-2636.79
1671	0.379047	-2582.11
1672	0.380372	-2581.56
1673	0.381249	-2615.08
1674	0.385923	-2687.64
1675	0.377603	-2574.18
1676	0.385131	-2679.57
1677	0.385373	-2669.6
1678	0.379914	-2570.67
1679	0.378938	-2564.13
1680	0.381128	-2610.98
1681	0.375973	-2485.61
1682	0.389878	-2756.19
1683	0.383185	-2667.36
1684	0.387828	-2702.59
1685	0.385061	-2682.82
1686	0.374177	-2501.62
1687	0.378001	-2598.07
1688	0.377288	-2562.09
1689	0.384681	-2613.68
1690	0.384814	-2683.54
1691	0.384064	-2665.98
1692	0.378733	-2540.87
1693	0.380595	-2584.21
1694	0.375777	-2553.67
1695	0.38198	-2603.74
1696	0.375785	-2543.93
1697	0.380719	-2606.9
1698	0.381271	-2604.05
1699	0.367856	-2472.56
1700	0.375473	-2529.28
1701	0.380797	-2657.91
1702	0.372076	-2534.61
1703	0.383279	-2643.78
1704	0.375359	-2536.55
1705	0.384972	-2646.65
1706	0.38276	-2595.84
1707	0.383107	-2688.61
1708	0.384999	-2630.77
1709	0.384977	-2653.03
1710	0.392233	-2795.94
1711	0.379712	-2644.87
1712	0.376653	-2522.37
1713	0.38023	-2613.42
1714	0.384064	-2654.9
1715	0.379607	-2604.37
1716	0.375536	-2517.39
1717	0.379666	-2581.54
1718	0.385246	-2650.22
1719	0.38044	-2578.58
1720	0.375696	-2550.48
1721	0.375329	-2541.68
1722	0.373817	-2508.8
1723	0.382107	-2638.25
1724	0.384419	-2679.48
1725	0.383738	-2636.26
1726	0.385357	-2710.22
1727	0.384357	-2661.97
1728	0.384746	-2666.19
1729	0.374752	-2487.57
1730	0.379399	-2565.88
1731	0.384624	-2691.65
1732	0.380366	-2579.79
1733	0.373964	-2508
1734	0.391832	-2762.37
1735	0.384687	-2651.8
1736	0.382492	-2629.57
1737	0.387933	-2707.37
1738	0.382383	-2621.25
1739	0.378096	-2525.48
1740	0.374821	-2593.86
1741	0.386715	-2724.86
1742	0.381026	-2608.66
1743	0.386153	-2670.32
1744	0.380636	-2626.82
1745	0.373145	-2472.28
1746	0.380893	-2609.58
1747	0.38989	-2674.57
1748	0.367156	-2431.63
1749	0.376981	-2586.18
1750	0.376601	-2554.17
1751	0.379369	-2591.48
1752	0.378274	-2570.71
1753	0.37396	-2527
1754	0.380533	-2577.64
1755	0.383769	-2639.3
1756	0.384402	-2620.6
1757	0.38457	-2661.56
1758	0.385784	-2703.77
1759	0.371951	-2478.55
1760	0.387132	-2704.44
1761	0.383282	-2684.33
1762	0.381239	-2649.95
1763	0.382276	-2583.78
1764	0.377284	-2570.8
1765	0.373631	-2490.87
1766	0.383244	-2625.7
1767	0.379685	-2587.05
1768	0.381077	-2630.12
1769	0.383113	-2661.49
1770	0.374694	-2502.57
1771	0.37505	-2584.95
1772	0.379152	-2625.7
1773	0.38585	-2645.22
1774	0.369595	-2477.28
1775	0.37982	-2611.26
1776	0.378261	-2585.09
1777	0.382692	-2663.11
1778	0.380205	-2589.28
1779	0.381444	-2612.67
1780	0.377705	-2521.1
1781	0.379372	-2576.18
1782	0.385501	-2647.02
1783	0.380506	-2631.82
1784	0.373335	-2500.44
1785	0.380275	-2579.19
1786	0.385086	-2646.74
1787	0.383867	-2617.26
1788	0.387729	-2668.46
1789	0.373479	-2518.03
1790	0.376259	-2538.29
1791	0.37999	-2599.7
1792	0.381108	-2646.37
1793	0.382755	-2614.04
1794	0.381659	-2619.64
1795	0.374357	-2553.04
1796	0.376438	-2577.77
1797	0.378668	-2574.6
1798	0.373164	-2487.95
1799	0.38158	-2640.87
1800	0.379253	-2590.46
1801	0.381003	-2600.53
1802	0.378187	-2556.27
1803	0.378981	-2588.74
1804	0.388872	-2752.03
1805	0.382151	-2577.98
1806	0.376227	-2557.83
1807	0.384118	-2638.58
1808	0.384913	-2672.85
1809	0.387345	-2674.42
1810	0.378424	-2554.5
1811	0.377798	-2574.51
1812	0.380516	-2590.7
1813	0.374582	-2540.28
1814	0.376549	-2537.99
1815	0.374124	-2519.24
1816	0.370904	-2442.9
1817	0.382411	-2646.65
1818	0.376257	-2552.54
1819	0.377861	-2565.83
1820	0.379499	-2568.58
1821	0.383643	-2650.85
1822	0.380448	-2620.1
1823	0.374538	-2490.61
1824	0.380211	-2580.68
1825	0.385942	-2693.87
1826	0.38638	-2674.77
1827	0.386921	-2670.8
1828	0.37887	-2562.23
1829	0.378683	-2578
1830	0.373992	-2532.95
1831	0.387683	-2682.94
1832	0.383138	-2635.59
1833	0.369492	-2444.71
1834	0.387156	-2709.64
1835	0.379511	-2597.45
1836	0.376639	-2558.83
1837	0.388413	-2715.78
1838	0.383223	-2673.73
1839	0.376729	-2582.96
1840	0.385061	-2648.11
1841	0.374209	-2531.63
1842	0.37483	-2528.48
1843	0.386851	-2683.4
1844	0.386673	-2698.64
1845	0.378187	-2584.67
1846	0.379815	-2595.87
1847	0.386201	-2670.34
1848	0.384716	-2688.24
1849	0.374879	-2528.09
1850	0.382503	-2619.58
1851	0.383143	-2644.56
1852	0.379413	-2557.43
1853	0.384812	-2640.38
1854	0.378285	-2572.07
1855	0.375609	-2523.18
1856	0.378801	-2560.74
1857	0.370976	-2489.51
1858	0.380318	-2639.79
1859	0.38567	-2666.41
1860	0.380537	-2615.97
1861	0.380316	-2622.71
1862	0.384529	-2655.87
1863	0.382511	-2605.94
1864	0.375217	-2537.12
1865	0.385501	-2711.12
1866	0.370064	-2460.28
1867	0.373942	-2503.63
1868	0.384082	-2693.78
1869	0.371482	-2519.27
1870	0.38853	-2679.85
1871	0.386503	-2670.51
1872	0.382541	-2599.21
1873	0.381176	-2648.05
1874	0.380656	-2623.91
1875	0.379563	-2597.05
1876	0.374183	-2506.91
1877	0.376656	-2585.31
1878	0.378097	-2578.76
1879	0.382081	-2603.43
1880	0.38287	-2650.8
1881	0.380353	-2563.33
1882	0.373081	-2523.04
1883	0.382733	-2637.23
1884	0.38192	-2671.16
1885	0.377828	-2550.9
1886	0.380731	-2645.27
1887	0.389049	-2745.53
1888	0.374307	-2515.19
1889	0.38522	-2666.33
1890	0.380076	-2586.3
1891	0.387923	-2728.34
1892	0.381965	-2580.66
1893	0.382294	-2627.73
1894	0.387869	-2694.06
1895	0.387192	-2679.24
1896	0.383334	-2604.85
1897	0.378421	-2555.97
1898	0.377148	-2554.09
1899	0.370346	-2462.94
1900	0.383313	-2672.72
1901	0.382416	-2631.61
1902	0.381153	-2655.42
1903	0.38569	-2633.94
1904	0.390606	-2732.24
1905	0.374676	-2508.25
1906	0.378669	-2602.01
1907	0.380756	-2610.01
1908	0.377689	-2536.5
1909	0.381923	-2602.49
1910	0.386431	-2647.15
1911	0.382911	-2654.56
1912	0.380272	-2612.97
1913	0.379941	-2566.77
1914	0.380372	-2586.8
1915	0.383664	-2618.23
1916	0.389808	-2721.74
1917	0.37858	-2586.4
1918	0.377951	-2609.47
1919	0.390356	-2741.02
1920	0.376739	-2564.26
1921	0.38229	-2588.45
1922	0.375628	-2523.47
1923	0.370806	-2452.01
1924	0.381008	-2632.77
1925	0.382605	-2671.54
1926	0.381011	-2602.92
1927	0.36708	-2447.09
1928	0.375326	-2545.9
1929	0.374845	-2517.26
1930	0.382502	-2613.47
1931	0.386517	-2690.21
1932	0.379327	-2572.43
1933	0.383563	-2625.23
1934	0.384137	-2667.49
1935	0.374213	-2531.76
1936	0.376642	-2582.77
1937	0.370893	-2468.23
1938	0.38325	-2649.63
1939	0.377305	-2579.17
1940	0.380162	-2592.38
1941	0.374541	-2538.92
1942	0.379662	-2582.33
1943	0.378991	-2567.46
1944	0.377259	-2602.42
1945	0.372575	-2481.45
1946	0.374341	-2531.13
1947	0.386049	-2673.31
1948	0.385627	-2693.63
1949	0.375598	-2547.71
1950	0.383625	-2665.52
1951	0.380406	-2540.38
1952	0.38227	-2595.66
1953	0.386642	-2671.76
1954	0.376371	-2543.95
1955	0.374835	-2513.93
1956	0.37968	-2604.46
1957	0.379717	-2584.95
1958	0.373049	-2523.88
1959	0.376265	-2590.27
1960	0.383161	-2648.4
1961	0.384343	-2638.31
1962	0.388784	-2709.05
1963	0.385657	-2664.57
1964	0.383358	-2625.09
1965	0.381176	-2582.72
1966	0.372565	-2526.96
1967	0.389131	-2778.22
1968	0.380272	-2559.48
1969	0.378804	-2625.12
1970	0.377839	-2538.76
1971	0.381361	-2597.25
1972	0.388588	-2741.07
1973	0.377457	-2552.87
1974	0.380575	-2606.56
1975	0.374529	-2525.14
1976	0.378226	-2587.93
1977	0.37779	-2577.01
1978	0.377838	-2553.16
1979	0.371946	-2509.49
1980	0.383049	-2625.87
1981	0.383448	-2644.97
1982	0.38333	-2659
1983	0.384626	-2652.35
1984	0.37501	-2524.14
1985	0.372485	-2468.8
1986	0.379073	-2589.35
1987	0.384573	-2653.9
1988	0.37208	-2497.07
1989	0.370202	-2475.09
1990	0.378361	-2591.52
1991	0.375673	-2523.57
1992	0.37815	-2580.84
1993	0.381154	-2626.05
1994	0.386625	-2685.08
1995	0.385729	-2678.6
1996	0.382406	-2660.13
1997	0.382683	-2629.05
1998	0.382368	-2605.07
1999	0.390391	-2731.21
2000	0.383225	-2634.02
2001	0.384986	-2665.26
2002	0.37495	-2509.63
2003	0.380147	-2601.11
2004	0.388211	-2690.09
2005	0.377163	-2547.84
2006	0.380033	-2610.24
2007	0.380066	-2560.8
2008	0.383025	-2664.32
2009	0.378617	-2578.64
2010	0.373769	-2463.97
2011	0.379054	-2577.14
2012	0.375612	-2525.31
2013	0.377652	-2551.29
2014	0.388497	-2701.94
2015	0.369954	-2469.34
2016	0.378561	-2583.95
2017	0.393133	-2766.32
2018	0.385335	-2661.35
2019	0.375843	-2527.75
2020	0.371017	-2487.25
2021	0.381349	-2656.6
2022	0.383258	-2656.23
2023	0.367762	-2401.29
2024	0.375091	-2527.58
2025	0.374141	-2510.24
2026	0.388466	-2742.12
2027	0.373024	-2531.16
2028	0.369034	-2490.87
2029	0.386016	-2645.76
2030	0.378129	-2544.79
2031	0.371136	-2477.37
2032	0.379421	-2573.63
2033	0.383749	-2643.73
2034	0.374968	-2552.61
2035	0.381078	-2597.46
2036	0.386745	-2703.79
2037	0.382936	-2633.38
2038	0.390396	-2750.81
2039	0.372734	-2491.54
2040	0.385581	-2665.91
2041	0.37261	-2524.24
2042	0.38184	-2604.01
2043	0.377407	-2568.46
2044	0.378666	-2575.69
2045	0.376564	-2556.22
2046	0.379982	-2613.25
2047	0.380138	-2569.29
2048	0.379115	-2597.22
2049	0.385622	-2667.79
2050	0.379166	-2579.04
2051	0.383437	-2646.01
2052	0.373364	-2523.83
2053	0.378617	-2599.86
2054	0.389214	-2688.81
2055	0.387355	-2724.44
2056	0.382274	-2604.16
2057	0.371476	-2463.67
2058	0.379424	-2608.83
2059	0.384847	-2663.91
2060	0.375443	-2501.33
2061	0.382774	-2619.04
2062	0.379056	-2582.14
2063	0.381004	-2614.04
2064	0.369231	-2454.16
2065	0.380612	-2566.87
2066	0.382453	-2639.11
2067	0.3733	-2485
2068	0.384357	-2648.83
2069	0.3816	-2588.42
2070	0.381075	-2633.52
2071	0.380626	-2573.79
2072	0.381252	-2646.8
2073	0.382404	-2604.28
2074	0.385305	-2671.13
2075	0.382627	-2609.87
2076	0.385172	-2658.36
2077	0.377571	-2593.32
2078	0.38801	-2727.68
2079	0.373311	-2538.02
2080	0.383492	-2644.84
2081	0.379902	-2587.35
2082	0.379284	-2609.73
2083	0.381288	-2643.51
2084	0.386105	-2662.55
2085	0.375533	-2522.32
2086	0.375095	-2520.85
2087	0.381478	-2622.47
2088	0.385947	-2693.93
2089	0.385861	-2645.21
2090	0.385517	-2688.35
2091	0.383052	-2590.73
2092	0.371241	-2455.47
2093	0.381291	-2604.73
2094	0.376756	-2522.76
2095	0.381609	-2592.84
2096	0.387509	-2728.28
2097	0.380734	-2634.91
2098	0.382704	-2641.21
2099	0.388844	-2720.98
2100	0.378318	-2579.8
2101	0.384912	-2668.53
2102	0.391034	-2750.07
2103	0.381279	-2630.42
2104	0.388888	-2704.92
2105	0.377431	-2578.25
2106	0.382723	-2608.87
2107	0.38369	-2687.36
2108	0.377745	-2569.72
2109	0.383586	-2686.69
2110	0.380918	-2602.93
2111	0.391463	-2711.83
2112	0.375055	-2474.32
2113	0.369501	-2447.49
2114	0.380448	-2623.58
2115	0.382622	-2663.1
2116	0.37293	-2501.55
2117	0.386206	-2685.89
2118	0.38518	-2671.79
2119	0.375541	-2535.26
2120	0.378689	-2592.54
2121	0.380593	-2576.31
2122	0.382679	-2653.7
2123	0.378735	-2633.62
2124	0.386011	-2649.54
2125	0.387608	-2699.92
2126	0.37995	-2621.34
2127	0.384914	-2611.19
2128	0.381285	-2567.81
2129	0.381617	-2623.22
2130	0.381324	-2628.34
2131	0.378577	-2584.15
2132	0.381496	-2599.32
2133	0.381585	-2612.97
2134	0.380429	-2631.09
2135	0.38538	-2669.96
2136	0.386122	-2652.71
2137	0.377656	-2538.47
2138	0.383017	-2674.38
2139	0.383376	-2656.51
2140	0.391755	-2801.01
2141	0.377154	-2527.35
2142	0.388761	-2699.18
2143	0.380746	-2628.6
2144	0.374659	-2538.27
2145	0.381658	-2598.54
2146	0.37946	-2578.38
2147	0.381493	-2623.86
2148	0.379537	-2541.07
2149	0.385121	-2693.11
2150	0.382335	-2600.5
2151	0.374281	-2516.45
2152	0.369339	-2413.31
2153	0.374832	-2527.82
2154	0.379991	-2561.21
2155	0.380096	-2573.43
2156	0.372843	-2530.38
2157	0.375884	-2538.07
2158	0.377652	-2567.26
2159	0.386622	-2728.81
2160	0.382105	-2648.11
2161	0.383715	-2610.58
2162	0.378355	-2577
2163	0.383582	-2643.96
2164	0.383334	-2647.64
2165	0.379304	-2596.8
2166	0.387784	-2763.1
2167	0.384553	-2654.46
2168	0.378788	-2578.41
2169	0.374907	-2536.49
2170	0.377945	-2531.26
2171	0.395269	-2815.22
2172	0.381719	-2597.88
2173	0.377346	-2543.07
2174	0.380147	-2585.08
2175	0.387145	-2673.47
2176	0.377139	-2549.3
2177	0.389031	-2689.2
2178	0.379287	-2579.58
2179	0.375828	-2511.5
2180	0.380942	-2567.99
2181	0.378056	-2567.67
2182	0.375259	-2539.95
2183	0.380802	-2632.48
2184	0.377932	-2601.56
2185	0.377471	-2577.51
2186	0.380743	-2595.87
2187	0.381323	-2619.71
2188	0.374505	-2490.46
2189	0.385742	-2636.73
2190	0.38673	-2728.89
2191	0.385807	-2678.75
2192	0.38156	-2550.43
2193	0.379054	-2564.46
2194	0.388019	-2672.29
2195	0.381064	-2634.98
2196	0.381467	-2623.11
2197	0.375313	-2517.87
2198	0.383429	-2610.51
2199	0.378799	-2592.44
2200	0.380229	-2579.1
2201	0.372409	-2504.44
2202	0.380157	-2591.33
2203	0.378646	-2598.89
2204	0.391354	-2725.67
2205	0.384267	-2680.21
2206	0.373576	-2507.76
2207	0.380465	-2564.24
2208	0.370461	-2491.31
2209	0.377219	-2554.25
2210	0.388962	-2704.11
2211	0.379673	-2608.96
2212	0.38196	-2619.54
2213	0.377647	-2568.23
2214	0.38125	-2618.33
2215	0.381826	-2638.13
2216	0.377227	-2547.7
2217	0.378102	-2574.13
2218	0.387279	-2694.13
2219	0.381777	-2634.97
2220	0.38099	-2648.52
2221	0.376408	-2601.76
2222	0.378785	-2578.34
2223	0.386274	-2682
2224	0.378764	-2587.85
2225	0.387054	-2722.06
2226	0.381361	-2556.39
2227	0.380869	-2639.1
2228	0.387103	-2676.69
2229	0.38513	-2637.26
2230	0.381187	-2614.82
2231	0.373646	-2530.8
2232	0.376235	-2538.52
2233	0.382981	-2562.87
2234	0.377204	-2543.33
2235	0.382256	-2648.14
2236	0.377519	-2566.28
2237	0.378072	-2592.63
2238	0.37187	-2518.42
2239	0.381929	-2645.14
2240	0.373763	-2543.1
2241	0.372185	-2525.5
2242	0.375704	-2526.93
2243	0.383385	-2635.78
2244	0.379691	-2579.12
2245	0.38364	-2626.76
2246	0.377796	-2582.03
2247	0.383261	-2612.19
2248	0.375699	-2553.23
2249	0.388563	-2725.83
2250	0.385388	-2639.52
2251	0.373301	-2518.35
2252	0.380492	-2601.46
2253	0.383229	-2589.27
2254	0.385506	-2672.16
2255	0.386725	-2645.92
2256	0.383834	-2629.36
2257	0.377464	-2583.15
2258	0.378691	-2606.18
2259	0.381226	-2586.48
2260	0.388233	-2693.9
2261	0.367249	-2409.69
2262	0.374006	-2536.06
2263	0.37792	-2547.88
2264	0.381084	-2630.14
2265	0.378521	-2539.41
2266	0.37909	-2600.89
2267	0.375576	-2528.42
2268	0.375638	-2552.57
2269	0.388164	-2680.13
2270	0.370333	-2457.3
2271	0.386031	-2686.63
2272	0.365313	-2404.01
2273	0.373693	-2521.88
2274	0.379829	-2585.01
2275	0.381616	-2633.98
2276	0.373079	-2525.37
2277	0.380967	-2565.75
2278	0.378324	-2559.81
2279	0.380546	-2614.51
2280	0.379401	-2607.6
2281	0.390615	-2737.54
2282	0.381614	-2654.31
2283	0.3917	-2779.09
2284	0.377766	-2561.52
2285	0.379053	-2559.18
2286	0.3812	-2622.61
2287	0.38704	-2676.73
2288	0.385299	-2688.46
2289	0.374559	-2518.38
2290	0.375422	-2550.33
2291	0.386287	-2656.36
2292	0.379757	-2630.03
2293	0.38027	-2593.36
2294	0.378317	-2549.18
2295	0.385445	-2710.06
2296	0.383896	-2645.58
2297	0.378046	-2581.07
2298	0.378002	-2545.39
2299	0.373468	-2506.62
2300	0.374589	-2511.03
2301	0.381447	-2604.76
2302	0.385711	-2632.57
2303	0.378277	-2545.74
2304	0.383495	-2658.74
2305	0.379786	-2609.71
2306	0.377666	-2556.57
2307	0.380357	-2581.92
2308	0.381336	-2619.1
2309	0.377916	-2591.33
2310	0.379131	-2620.8
2311	0.378629	-2552.79
2312	0.381351	-2624.23
2313	0.383581	-2643.58
2314	0.385031	-2691.25
2315	0.378156	-2581.29
2316	0.372695	-2498.84
2317	0.375487	-2561.72
2318	0.375069	-2520.68
2319	0.380216	-2605.97
2320	0.383444	-2665.48
2321	0.375276	-2548.24
2322	0.383521	-2624.7
2323	0.380476	-2599.89
2324	0.382061	-2638.47
2325	0.375803	-2531.06
2326	0.383876	-2636.17
2327	0.374621	-2516.9
2328	0.381225	-2599.49
2329	0.37195	-2496.84
2330	0.377756	-2562.32
2331	0.376955	-2577.79
2332	0.372636	-2526.58
2333	0.385094	-2667.05
2334	0.371965	-2476.18
2335	0.380751	-2555.51
2336	0.38304	-2655.36
2337	0.385083	-2671.31
2338	0.382734	-2649.59
2339	0.380328	-2588.75
2340	0.38157	-2557.8
2341	0.379326	-2648.72
2342	0.375164	-2521.76
2343	0.379396	-2602.07
2344	0.384629	-2686.06
2345	0.381218	-2616.29
2346	0.381582	-2614.35
2347	0.380136	-2628.86
2348	0.381687	-2640.37
2349	0.382051	-2629.84
2350	0.383997	-2664.94
2351	0.38614	-2679.21
2352	0.369909	-2465.19
2353	0.378616	-2555.62
2354	0.37914	-2600.94
2355	0.372598	-2500.9
2356	0.383711	-2665.94
2357	0.389137	-2743.96
2358	0.381806	-2609.88
2359	0.384205	-2616.97
2360	0.387927	-2668.54
2361	0.384133	-2633.56
2362	0.391098	-2781.22
2363	0.38317	-2661
2364	0.376473	-2571.68
2365	0.38135	-2597.13
2366	0.3878	-2746.35
2367	0.383551	-2643.58
2368	0.383775	-2651.2
2369	0.381512	-2655.34
2370	0.379617	-2579.32
2371	0.383453	-2640.87
2372	0.380229	-2577.73
2373	0.37982	-2604.04
2374	0.377778	-2551.19
2375	0.377041	-2550.27
2376	0.375265	-2534.96
2377	0.379259	-2558.32
2378	0.386267	-2708.55
2379	0.382723	-2678.83
2380	0.379267	-2603.72
2381	0.374818	-2503.21
2382	0.38324	-2622.66
2383	0.382325	-2599.72
2384	0.384356	-2734.7
2385	0.386904	-2687.6
2386	0.37767	-2567.18
2387	0.37392	-2536.73
2388	0.385222	-2661.67
2389	0.381778	-2630.4
2390	0.386644	-2734.33
2391	0.386712	-2700.31
2392	0.386333	-2666.93
2393	0.371966	-2578.97
2394	0.38052	-2600.6
2395	0.383279	-2643.22
2396	0.381653	-2619.32
2397	0.383693	-2610.97
2398	0.371503	-2478.22
2399	0.375443	-2543.82
2400	0.383468	-2647.03
2401	0.383076	-2643.54
2402	0.377847	-2537.02
2403	0.378797	-2577.75
2404	0.376532	-2559.59
2405	0.376877	-2575.17
2406	0.372715	-2511.15
2407	0.376687	-2567.01
2408	0.384481	-2634.06
2409	0.377406	-2585.75
2410	0.379651	-2574.86
2411	0.377602	-2542.59
2412	0.37999	-2605.79
2413	0.385686	-2661.67
2414	0.379427	-2617.39
2415	0.377959	-2616.94
2416	0.381304	-2586.29
2417	0.377588	-2568.22
2418	0.389024	-2717.91
2419	0.387594	-2633.48
2420	0.373158	-2544.39
2421	0.379506	-2594.5
2422	0.378156	-2540.78
2423	0.373836	-2501.53
2424	0.377732	-2524.74
2425	0.382182	-2625.94
2426	0.38541	-2642.57
2427	0.377811	-2523.08
2428	0.386049	-2676.57
2429	0.377751	-2514.83
2430	0.380756	-2598.98
2431	0.377126	-2554.55
2432	0.381773	-2641.03
2433	0.374568	-2528.49
2434	0.376583	-2534.24
2435	0.382011	-2659.93
2436	0.386809	-2691.99
2437	0.385312	-2660.5
2438	0.383836	-2630.18
2439	0.368425	-2395.75
2440	0.378166	-2569.03
2441	0.381274	-2595.94
2442	0.373701	-2503.14
2443	0.385152	-2677.34
2444	0.386761	-2690.67
2445	0.390734	-2728.64
2446	0.377703	-2568.45
2447	0.380802	-2602.36
2448	0.377969	-2543.19
2449	0.37799	-2563.94
2450	0.378185	-2544.89
2451	0.366979	-2423.6
2452	0.380534	-2591.91
2453	0.384301	-2653.9
2454	0.380857	-2673.55
2455	0.3827	-2629
2456	0.386558	-2657.54
2457	0.378076	-2581.32
2458	0.372684	-2508.39
2459	0.391856	-2765.38
2460	0.381064	-2598.6
2461	0.38909	-2706.25
2462	0.372359	-2509.88
2463	0.37973	-2569.87
2464	0.386393	-2663
2465	0.375052	-2504.91
2466	0.382538	-2648.27
2467	0.388751	-2767.6
2468	0.38041	-2613.56
2469	0.379783	-2550.25
2470	0.372065	-2494.95
2471	0.374497	-2522.84
2472	0.387723	-2739.72
2473	0.386959	-2665.3
2474	0.384422	-2691.39
2475	0.380157	-2615.02
2476	0.377854	-2589.14
2477	0.372582	-2482.05
2478	0.37953	-2573.66
2479	0.375192	-2492.06
2480	0.378739	-2598.12
2481	0.380833	-2610.63
2482	0.378425	-2578.2
2483	0.380155	-2607.32
2484	0.382338	-2621.73
2485	0.380596	-2612.46
2486	0.370524	-2449.74
2487	0.378504	-2566.07
2488	0.3827	-2620.19
2489	0.388987	-2718.86
2490	0.385619	-2710.28
2491	0.387951	-2705.6
2492	0.38384	-2659.46
2493	0.3814	-2625.96
2494	0.380614	-2663.6
2495	0.377056	-2547.26
2496	0.37881	-2609.89
2497	0.378238	-2543.23
2498	0.380498	-2616.65
2499	0.383683	-2650.22
2500	0.378394	-2595.31
2501	0.379428	-2602.85
2502	0.382779	-2628.01
2503	0.379686	-2587.12
2504	0.380784	-2617.24
2505	0.388986	-2695.82
2506	0.378124	-2549.29
2507	0.377923	-2587.07
2508	0.389289	-2681.18
2509	0.376353	-2544.35
2510	0.372259	-2473.71
2511	0.377664	-2568.33
2512	0.390509	-2745.33
2513	0.378669	-2595.54
2514	0.381666	-2594.37
2515	0.385565	-2648.18
2516	0.387263	-2695.43
2517	0.381695	-2673.38
2518	0.384695	-2626.95
2519	0.369413	-2486.19
2520	0.379241	-2642.68
2521	0.377905	-2533
2522	0.381509	-2685.97
2523	0.378465	-2591.71
2524	0.375152	-2539.32
2525	0.387467	-2649.55
2526	0.374828	-2591.09
2527	0.380561	-2583.15
2528	0.384744	-2675
2529	0.377994	-2576.79
2530	0.388927	-2722.81
2531	0.379649	-2613.05
2532	0.382821	-2600.02
2533	0.382183	-2600.56
2534	0.376488	-2557.15
2535	0.374446	-2553.49
2536	0.388688	-2772.51
2537	0.376102	-2539.89
2538	0.374216	-2524.15
2539	0.383871	-2651.18
2540	0.378877	-2582.74
2541	0.368914	-2407.26
2542	0.387039	-2699.82
2543	0.375555	-2541.29
2544	0.380975	-2613.56
2545	0.374246	-2497.15
2546	0.382557	-2630.64
2547	0.382011	-2622.4
2548	0.371216	-2510.82
2549	0.381846	-2613.9
2550	0.384833	-2642.13
2551	0.386874	-2705.91
2552	0.378658	-2533.84
2553	0.377463	-2590.82
2554	0.382239	-2587.82
2555	0.377429	-2555.67
2556	0.373469	-2537.79
2557	0.385578	-2649.29
2558	0.383774	-2638.74
2559	0.38457	-2641.49
2560	0.379686	-2628.54
2561	0.38938	-2693.65
2562	0.376151	-2551.35
2563	0.37967	-2593.45
2564	0.381696	-2621.16
2565	0.371016	-2447
2566	0.372755	-2505.24
2567	0.379376	-2578.22
2568	0.38214	-2632.79
2569	0.376822	-2578.39
2570	0.382417	-2582.57
2571	0.38025	-2619.32
2572	0.377338	-2561.11
2573	0.37455	-2500.02
2574	0.374161	-2508.53
2575	0.377721	-2534.05
2576	0.375759	-2585.65
2577	0.383356	-2638.52
2578	0.375828	-2535.57
2579	0.380139	-2562.22
2580	0.37874	-2575.35
2581	0.369699	-2430.34
2582	0.378826	-2572.34
2583	0.371983	-2506.1
2584	0.379012	-2612.3
2585	0.375987	-2546.97
2586	0.385825	-2672.85
2587	0.372746	-2463.96
2588	0.385703	-2693.47
2589	0.385134	-2637.44
2590	0.382759	-2601.27
2591	0.380806	-2620.25
2592	0.378933	-2588.64
2593	0.37987	-2624.07
2594	0.382289	-2646.24
2595	0.381323	-2646.66
2596	0.384444	-2664.5
2597	0.387353	-2687.87
2598	0.382785	-2642.9
2599	0.386517	-2671.23
2600	0.384629	-2661.69
2601	0.391357	-2731.68
2602	0.376983	-2530.87
2603	0.375972	-2547.69
2604	0.382259	-2606.56
2605	0.382997	-2634.02
2606	0.379111	-2569.22
2607	0.383423	-2613.11
2608	0.377474	-2583.03
2609	0.37018	-2447.61
2610	0.377128	-2566.36
2611	0.371762	-2485.84
2612	0.376108	-2553.92
2613	0.387846	-2705.23
2614	0.377048	-2524.11
2615	0.384925	-2638.48
2616	0.388795	-2737.41
2617	0.38584	-2681.9
2618	0.385138	-2698.25
2619	0.372304	-2539.86
2620	0.386159	-2687.19
2621	0.38175	-2626.53
2622	0.38214	-2620.63
2623	0.380025	-2621.33
2624	0.380153	-2600.47
2625	0.378333	-2553.78
2626	0.383485	-2625.9
2627	0.380965	-2637.08
2628	0.38411	-2657.93
2629	0.376613	-2560.92
2630	0.376561	-2533.67
2631	0.393421	-2791.99
2632	0.384258	-2611.64
2633	0.379373	-2557.48
2634	0.385257	-2682.44
2635	0.376703	-2585.99
2636	0.383186	-2638.34
2637	0.38155	-2643.84
2638	0.378024	-2578.38
2639	0.386464	-2648.08
2640	0.378954	-2622.01
2641	0.377074	-2558.4
2642	0.386966	-2674.25
2643	0.378572	-2587.42
2644	0.378662	-2572.85
2645	0.377228	-2522.78
2646	0.381135	-2629.07
2647	0.377965	-2581.15
2648	0.375699	-2538.48
2649	0.377272	-2570.04
2650	0.376544	-2526.22
2651	0.387471	-2696.84
2652	0.38448	-2651.58
2653	0.379952	-2594.54
2654	0.386232	-2678.56
2655	0.380682	-2599.98
2656	0.37923	-2575.57
2657	0.378261	-2605.92
2658	0.379355	-2593.84
2659	0.378945	-2594.43
2660	0.38299	-2654.61
2661	0.384435	-2657.55
2662	0.380096	-2585.58
2663	0.383851	-2651.93
2664	0.372523	-2461.93
2665	0.381848	-2641.98
2666	0.381971	-2626.77
2667	0.387994	-2751.01
2668	0.374248	-2512.41
2669	0.382144	-2636.66
2670	0.389506	-2728.69
2671	0.377982	-2559.18
2672	0.387184	-2654.29
2673	0.376449	-2562.34
2674	0.386669	-2698.35
2675	0.376997	-2521.21
2676	0.38391	-2635.91
2677	0.372243	-2503.05
2678	0.386917	-2716.22
2679	0.381574	-2629.38
2680	0.374386	-2553.28
2681	0.391218	-2801.45
2682	0.374028	-2534.94
2683	0.381072	-2597.94
2684	0.37907	-2597.99
2685	0.382223	-2602.89
2686	0.38834	-2711.98
2687	0.380518	-2614.01
2688	0.378336	-2591.99
2689	0.382897	-2655.38
2690	0.373225	-2537.63
2691	0.384284	-2626.75
2692	0.390833	-2751.89
2693	0.378219	-2565.13
2694	0.373863	-2526.52
2695	0.375325	-2542.43
2696	0.3814	-2662.04
2697	0.386702	-2666.96
2698	0.379531	-2584.66
2699	0.386934	-2681.8
2700	0.387404	-2691.16
2701	0.384903	-2652.66
2702	0.381562	-2591.67
2703	0.381794	-2597.42
2704	0.384794	-2651.45
2705	0.385735	-2681.94
2706	0.37973	-2596.84
2707	0.377625	-2555.96
2708	0.380873	-2638.64
2709	0.372613	-2498.08
2710	0.386675	-2681.33
2711	0.376267	-2504.19
2712	0.383075	-2645.12
2713	0.379888	-2608.71
2714	0.383893	-2634.52
2715	0.376406	-2563.88
2716	0.376072	-2592.35
2717	0.376338	-2554.48
2718	0.385473	-2723.6
2719	0.381485	-2598.25
2720	0.381319	-2612.1
2721	0.372477	-2516.13
2722	0.377831	-2522.47
2723	0.385925	-2681.12
2724	0.38259	-2608.99
2725	0.383214	-2635.3
2726	0.378583	-2561.94
2727	0.379132	-2619.17
2728	0.378743	-2581.57
2729	0.374745	-2570.11
2730	0.381745	-2597.44
2731	0.380091	-2628.04
2732	0.3766	-2552.66
2733	0.383116	-2684.38
2734	0.382091	-2636.97
2735	0.38456	-2658.13
2736	0.379196	-2546.96
2737	0.379618	-2559.43
2738	0.379874	-2605.84
2739	0.379292	-2582.05
2740	0.381041	-2628.82
2741	0.377002	-2590.7
2742	0.379075	-2575.08
2743	0.382946	-2628.97
2744	0.376181	-2595.56
2745	0.378492	-2572.88
2746	0.378228	-2579.15
2747	0.381717	-2684.29
2748	0.3732	-2472.51
2749	0.377471	-2583.2
2750	0.39478	-2821.9
2751	0.383986	-2670.9
2752	0.38286	-2635.45
2753	0.378647	-2583.96
2754	0.380177	-2565.7
2755	0.391961	-2758.99
2756	0.378474	-2602.62
2757	0.374463	-2567.62
2758	0.378635	-2570.32
2759	0.388118	-2700.56
2760	0.381259	-2633.12
2761	0.383347	-2657.44
2762	0.381855	-2577.71
2763	0.377834	-2577.81
2764	0.378281	-2597.5
2765	0.384216	-2644.58
2766	0.386145	-2651.71
2767	0.385245	-2622.16
2768	0.388945	-2700.95
2769	0.37714	-2550.5
2770	0.385465	-2676.14
2771	0.3792	-2571.96
2772	0.373522	-2483.85
2773	0.387396	-2736.74
2774	0.382874	-2649.33
2775	0.382636	-2618.82
2776	0.376629	-2514.29
2777	0.378207	-2589.72
2778	0.387642	-2727.97
2779	0.381958	-2588.55
2780	0.383655	-2618.94
2781	0.378372	-2580.41
2782	0.378174	-2583.21
2783	0.375873	-2533.77
2784	0.384101	-2633.06
2785	0.375047	-2528.64
2786	0.373964	-2539.12
2787	0.379772	-2616.12
2788	0.377647	-2580.15
2789	0.36883	-2437.31
2790	0.373729	-2540.55
2791	0.384135	-2691.62
2792	0.379119	-2583.18
2793	0.381005	-2596.12
2794	0.38193	-2632.24
2795	0.378017	-2584.16
2796	0.385996	-2636.68
2797	0.384821	-2722.22
2798	0.379102	-2570.44
2799	0.374442	-2521.93
2800	0.389993	-2711.53
2801	0.387317	-2684.56
2802	0.383057	-2625.67
2803	0.383765	-2643.02
2804	0.379901	-2618.13
2805	0.379685	-2584.77
2806	0.381413	-2613.61
2807	0.376605	-2547.11
2808	0.387979	-2698.93
2809	0.374899	-2526.82
2810	0.378285	-2599.16
2811	0.380829	-2617.72
2812	0.37574	-2522.68
2813	0.376564	-2507.31
2814	0.37873	-2546.53
2815	0.382815	-2580
2816	0.378979	-2552.58
2817	0.383701	-2629.55
2818	0.376025	-2542.23
2819	0.375857	-2509.39
2820	0.377488	-2530.72
2821	0.386529	-2728.92
2822	0.382328	-2620.87
2823	0.383728	-2674.7
2824	0.38116	-2619.84
2825	0.38132	-2626.45
2826	0.372778	-2515.77
2827	0.380115	-2600.21
2828	0.38302	-2615
2829	0.375651	-2544.92
2830	0.379899	-2543.46
2831	0.387948	-2731.25
2832	0.381273	-2578.97
2833	0.37781	-2536
2834	0.381343	-2613.47
2835	0.377996	-2582.36
2836	0.386124	-2653.84
2837	0.386782	-2711.5
2838	0.386641	-2655.87
2839	0.379091	-2577.99
2840	0.379373	-2559.8
2841	0.387313	-2676.69
2842	0.387528	-2697.04
2843	0.376876	-2552.13
2844	0.38259	-2616.68
2845	0.389064	-2710.11
2846	0.372318	-2488.33
2847	0.384335	-2648.39
2848	0.378646	-2596.9
2849	0.374234	-2547.07
2850	0.385284	-2684.81
2851	0.374044	-2538.9
2852	0.385208	-2677.12
2853	0.386328	-2703.24
2854	0.381264	-2618.62
2855	0.384473	-2650.35
2856	0.381653	-2643.7
2857	0.375458	-2558.49
2858	0.374623	-2481.08
2859	0.377006	-2558.4
2860	0.377132	-2534.41
2861	0.378175	-2581.05
2862	0.379632	-2550.03
2863	0.380049	-2570.18
2864	0.376473	-2494.03
2865	0.389564	-2776.09
2866	0.380967	-2609.78
2867	0.379659	-2589.27
2868	0.375987	-2564.13
2869	0.37583	-2543.73
2870	0.37733	-2593.97
2871	0.38021	-2600.8
2872	0.374957	-2563.44
2873	0.389484	-2719.13
2874	0.379376	-2545.87
2875	0.382911	-2598.03
2876	0.374725	-2465.84
2877	0.373477	-2470.93
2878	0.376528	-2529.06
2879	0.371115	-2493.72
2880	0.388543	-2733.04
2881	0.37795	-2560.69
2882	0.374252	-2507.96
2883	0.378134	-2594.18
2884	0.380269	-2609.12
2885	0.388151	-2690.96
2886	0.37877	-2542.94
2887	0.378055	-2547.16
2888	0.382358	-2632.14
2889	0.389487	-2712.58
2890	0.376735	-2545.55
2891	0.386285	-2690.68
2892	0.381631	-2620.39
2893	0.384389	-2659.16
2894	0.380313	-2569.08
2895	0.379022	-2552.17
2896	0.378679	-2614.92
2897	0.375103	-2541.08
2898	0.382585	-2691.3
2899	0.382673	-2612.55
2900	0.382716	-2655.67
2901	0.378241	-2534.14
2902	0.392388	-2755.94
2903	0.377827	-2571.93
2904	0.386565	-2659.68
2905	0.381204	-2587.44
2906	0.383046	-2604.1
2907	0.368532	-2428.3
2908	0.385371	-2703.81
2909	0.383014	-2609.4
2910	0.38242	-2612.95
2911	0.39084	-2743.78
2912	0.380804	-2653.17
2913	0.381625	-2556.34
2914	0.367921	-2426.86
2915	0.379589	-2640.51
2916	0.380801	-2596.03
2917	0.376374	-2536.94
2918	0.388086	-2671.32
2919	0.387743	-2697.45
2920	0.378767	-2545.88
2921	0.371636	-2479.37
2922	0.373613	-2527.09
2923	0.382367	-2620.69
2924	0.383101	-2659.5
2925	0.379863	-2534.1
2926	0.377897	-2535
2927	0.371597	-2492.34
2928	0.381158	-2591.65
2929	0.380998	-2581.61
2930	0.37524	-2571.37
2931	0.373708	-2492.82
2932	0.376072	-2577.39
2933	0.378782	-2548.56
2934	0.37535	-2492.4
2935	0.388444	-2707.1
2936	0.377784	-2569.15
2937	0.38109	-2634.56
2938	0.370629	-2450.92
2939	0.382282	-2658.4
2940	0.374943	-2538.09
2941	0.382528	-2618.44
2942	0.375869	-2495.82
2943	0.378751	-2587.16
2944	0.379557	-2585.52
2945	0.379297	-2637.78
2946	0.376402	-2527.96
2947	0.382578	-2655.5
2948	0.380208	-2617.7
2949	0.38272	-2626.11
2950	0.376485	-2570.51
2951	0.379698	-2569.37
2952	0.391117	-2753.61
2953	0.378479	-2581.71
2954	0.380329	-2591.49
2955	0.386655	-2687.8
2956	0.380787	-2645.35
2957	0.381435	-2647
2958	0.376445	-2567.69
2959	0.380297	-2594.85
2960	0.380306	-2568.41
2961	0.382383	-2646.81
2962	0.377601	-2565.6
2963	0.382875	-2622.39
2964	0.378236	-2576.34
2965	0.377595	-2547.55
2966	0.381995	-2609.68
2967	0.387371	-2693.51
2968	0.387682	-2687.74
2969	0.379682	-2592.91
2970	0.38809	-2647.4
2971	0.381179	-2684.56
2972	0.376688	-2550.14
2973	0.386904	-2713.99
2974	0.382613	-2619.99
2975	0.38383	-2642.14
2976	0.381957	-2622.84
2977	0.376327	-2563.21
2978	0.384654	-2650.08
2979	0.378131	-2562.46
2980	0.380339	-2587
2981	0.382155	-2614.88
2982	0.37446	-2500.91
2983	0.375371	-2541.43
2984	0.378364	-2591.77
2985	0.381932	-2621.47
2986	0.379846	-2576.43
2987	0.389749	-2710.73
2988	0.381737	-2627.37
2989	0.378208	-2576.85
2990	0.374734	-2499.85
2991	0.377922	-2575.2
2992	0.38003	-2619.82
2993	0.384894	-2690.28
2994	0.378846	-2573.86
2995	0.391986	-2750.1
2996	0.382021	-2597.44
2997	0.37635	-2492.01
2998	0.382782	-2649.79
2999	0.387871	-2688.23
