0	0.36809	-2439.25
1	0.380833	-2617.56
2	0.384556	-2682.66
3	0.386236	-2683.68
4	0.378266	-2548.24
5	0.376467	-2578.93
6	0.387689	-2677.08
7	0.38014	-2591.49
8	0.374001	-2526.86
9	0.376582	-2521.96
10	0.378444	-2577.69
11	0.379973	-2565.08
12	0.376731	-2514.92
13	0.392812	-2790.52
14	0.383041	-2630.14
15	0.375526	-2539.59
16	0.373752	-2566.86
17	0.384966	-2685.44
18	0.379577	-2560.23
19	0.374022	-2506.05
20	0.37938	-2587.27
21	0.385043	-2660.42
22	0.380764	-2607.3
23	0.372567	-2481.51
24	0.370301	-2446.17
25	0.379203	-2590.06
26	0.37739	-2583.97
27	0.37038	-2453.24
28	0.382442	-2611.11
29	0.379544	-2545.48
30	0.377959	-2539.59
31	0.379068	-2524
32	0.373503	-2502.67
33	0.377739	-2555.54
34	0.375294	-2505.16
35	0.377899	-2527.87
36	0.386039	-2695.65
37	0.371574	-2497.64
38	0.379335	-2621.77
39	0.374453	-2526.77
40	0.378235	-2566.62
41	0.381242	-2550.86
42	0.373785	-2509.02
43	0.381359	-2654.67
44	0.376562	-2566.51
45	0.382408	-2665.34
46	0.374667	-2530.8
47	0.373883	-2523.61
48	0.37943	-2579.25
49	0.380195	-2569.93
50	0.375437	-2517.74
51	0.377427	-2545.83
52	0.381248	-2635.38
53	0.372342	-2496.32
54	0.375104	-2539.68
55	0.368392	-2459.33
56	0.381288	-2581.67
57	0.37926	-2605.75
58	0.384114	-2651.63
59	0.373845	-2497.45
60	0.378445	-2588.48
61	0.385456	-2678.43
62	0.377371	-2515.33
63	0.372165	-2467.25
64	0.375377	-2512.03
65	0.370668	-2469.07
66	0.380879	-2614.63
67	0.381366	-2601.91
68	0.383308	-2626.94
69	0.375214	-2523.05
70	0.379775	-2593.07
71	0.386239	-2676.59
72	0.379633	-2606.61
73	0.374973	-2558.66
74	0.375345	-2571.43
75	0.376306	-2565.85
76	0.380546	-2602.79
77	0.382202	-2610.81
78	0.379122	-2545.45
79	0.376493	-2520.81
80	0.386912	-2696.31
81	0.378458	-2564.22
82	0.375415	-2496.6
83	0.379539	-2541.1
84	0.36362	-2343.54
85	0.376127	-2526.19
86	0.361904	-2331.14
87	0.38406	-2663.03
88	0.383814	-2640.86
89	0.381563	-2616.03
90	0.379332	-2563.8
91	0.384007	-2664.37
92	0.387784	-2703.85
93	0.376125	-2571.26
94	0.392814	-2728.07
95	0.378614	-2612.14
96	0.380533	-2609.37
97	0.384916	-2655.96
98	0.381107	-2630.73
99	0.37609	-2547.65
100	0.374377	-2499.89
101	0.385205	-2662.66
102	0.386584	-2693.88
103	0.371328	-2474.14
104	0.380333	-2598.84
105	0.38325	-2664.74
106	0.38105	-2640.42
107	0.385446	-2668.52
108	0.383876	-2642.95
109	0.375155	-2512.93
110	0.373791	-2509.36
111	0.379831	-2593.94
112	0.387331	-2671.86
113	0.37719	-2556.97
114	0.383157	-2604.18
115	0.377456	-2562.53
116	0.377976	-2605.15
117	0.385092	-2686.05
118	0.377314	-2563.09
119	0.383854	-2626.6
120	0.38246	-2663.25
121	0.378823	-2613.55
122	0.370086	-2501.13
123	0.383859	-2659.41
124	0.368648	-2391.44
125	0.381345	-2621
126	0.379927	-2567.01
127	0.384413	-2689.06
128	0.381729	-2632.66
129	0.37016	-2462.43
130	0.385708	-2675.32
131	0.374503	-2493.81
132	0.374831	-2507.42
133	0.374214	-2528.83
134	0.380269	-2613.17
135	0.376502	-2572.25
136	0.363424	-2388.77
137	0.373447	-2512.8
138	0.377198	-2547.86
139	0.38543	-2674.5
140	0.383333	-2612.38
141	0.380415	-2568.6
142	0.380705	-2627.85
143	0.383028	-2659.26
144	0.38396	-2689.57
145	0.377147	-2554.97
146	0.383664	-2651.13
147	0.386052	-2673.5
148	0.378585	-2582.58
149	0.373663	-2520.39
150	0.379536	-2556.38
151	0.381423	-2647.69
152	0.388353	-2690.35
153	0.381227	-2621.86
154	0.381944	-2636.93
155	0.381477	-2592.31
156	0.387005	-2641.74
157	0.378045	-2523.22
158	0.378454	-2533.28
159	0.386908	-2693.74
160	0.374922	-2556
161	0.3794	-2592.97
162	0.387238	-2687.52
163	0.373355	-2497.7
164	0.379826	-2593.24
165	0.383093	-2632.02
166	0.38535	-2654.02
167	0.375895	-2507.84
168	0.375964	-2540.28
169	0.370244	-2489.28
170	0.37539	-2553.69
171	0.379563	-2569.75
172	0.376546	-2519.22
173	0.378385	-2561.34
174	0.376371	-2543.58
175	0.380201	-2612.83
176	0.378147	-2499.88
177	0.384272	-2629.57
178	0.373067	-2487.34
179	0.377932	-2578.11
180	0.37942	-2596.15
181	0.373725	-2541.43
182	0.373873	-2479.91
183	0.374938	-2510.84
184	0.379036	-2601.88
185	0.37782	-2553.57
186	0.380059	-2589.88
187	0.377227	-2592.42
188	0.377183	-2573.1
189	0.385075	-2638.08
190	0.373153	-2492.09
191	0.378069	-2581.96
192	0.371444	-2461.14
193	0.383215	-2620.48
194	0.380681	-2619.39
195	0.384196	-2653.69
196	0.384097	-2722.32
197	0.369043	-2471.65
198	0.377712	-2586.31
199	0.377906	-2590.23
200	0.378696	-2589.64
201	0.384454	-2669.67
202	0.379416	-2605.48
203	0.373209	-2494.06
204	0.374336	-2540.55
205	0.380889	-2616.79
206	0.385296	-2680.97
207	0.381477	-2605.32
208	0.376109	-2555.01
209	0.37849	-2548.34
210	0.375252	-2527.49
211	0.374882	-2526.32
212	0.369912	-2464.44
213	0.380878	-2617.81
214	0.384519	-2680.77
215	0.381523	-2598.46
216	0.384952	-2656.28
217	0.381713	-2637.25
218	0.379024	-2549.97
219	0.385173	-2725.3
220	0.384913	-2673.33
221	0.38141	-2647.08
222	0.377512	-2540.03
223	0.377146	-2536.13
224	0.382849	-2678.25
225	0.376393	-2533.25
226	0.376207	-2556.42
227	0.371576	-2524.24
228	0.374849	-2536.12
229	0.390853	-2727.14
230	0.379087	-2586.61
231	0.380712	-2620.98
232	0.391858	-2753.59
233	0.367979	-2465.4
234	0.38681	-2721.09
235	0.383167	-2635.66
236	0.38202	-2660.67
237	0.386397	-2672.73
238	0.380106	-2615.4
239	0.37706	-2520.41
240	0.371871	-2492.56
241	0.371316	-2487.47
242	0.379479	-2607.35
243	0.381732	-2606.35
244	0.385893	-2653.28
245	0.380117	-2601.25
246	0.380301	-2561.77
247	0.381431	-2628.92
248	0.379907	-2548.47
249	0.382134	-2626.75
250	0.384582	-2660.35
251	0.373108	-2476.07
252	0.385414	-2680.51
253	0.382304	-2661.85
254	0.390335	-2758.61
255	0.380307	-2590.84
256	0.388738	-2700.84
257	0.381818	-2623.4
258	0.376739	-2574.02
259	0.378058	-2573.25
260	0.379852	-2610.98
261	0.384786	-2641.26
262	0.377848	-2572.14
263	0.372461	-2524.69
264	0.385623	-2612.59
265	0.38447	-2637.5
266	0.379136	-2562.73
267	0.370709	-2481.32
268	0.382391	-2604.01
269	0.374962	-2541.71
270	0.375488	-2540.96
271	0.380987	-2617.11
272	0.373927	-2509.72
273	0.375786	-2522.28
274	0.377187	-2608.48
275	0.373331	-2471.8
276	0.378914	-2566.9
277	0.380774	-2580.08
278	0.377305	-2521
279	0.374489	-2526.7
280	0.379379	-2587.97
281	0.372124	-2471.69
282	0.372269	-2464.68
283	0.382793	-2636.93
284	0.371359	-2474.8
285	0.372924	-2485.43
286	0.379026	-2610.08
287	0.37126	-2483.03
288	0.378469	-2538.98
289	0.375767	-2531.14
290	0.384046	-2644.7
291	0.379273	-2550.89
292	0.383424	-2662.97
293	0.37874	-2594.6
294	0.391194	-2770.45
295	0.377738	-2540.14
296	0.382099	-2613.16
297	0.375058	-2538.33
298	0.380976	-2626.03
299	0.376714	-2573.22
300	0.372496	-2496.53
301	0.377969	-2537.99
302	0.37687	-2526.81
303	0.379566	-2564.64
304	0.379748	-2607.79
305	0.37341	-2518.1
306	0.37716	-2546.48
307	0.386453	-2744.23
308	0.37664	-2556.08
309	0.378508	-2562.25
310	0.380721	-2637.84
311	0.371536	-2512.79
312	0.385972	-2651.12
313	0.379889	-2577.36
314	0.371875	-2492.93
315	0.379083	-2578.15
316	0.375483	-2526.35
317	0.380961	-2610.76
318	0.384146	-2638.98
319	0.382034	-2615.57
320	0.381127	-2628.88
321	0.375875	-2565.47
322	0.376614	-2557.7
323	0.373172	-2543.32
324	0.379605	-2571.27
325	0.379356	-2617.64
326	0.374237	-2505.19
327	0.391914	-2807.47
328	0.367759	-2433.81
329	0.378618	-2540.66
330	0.376082	-2558.11
331	0.386836	-2700.86
332	0.372076	-2513.55
333	0.38049	-2565.72
334	0.376323	-2571.5
335	0.377396	-2616.5
336	0.375171	-2528.6
337	0.380864	-2592.45
338	0.377181	-2531.44
339	0.378727	-2530.68
340	0.375285	-2522.38
341	0.383891	-2641.99
342	0.383456	-2612.67
343	0.375284	-2538.72
344	0.376473	-2530.4
345	0.382671	-2630.36
346	0.382047	-2615.82
347	0.379328	-2613.27
348	0.375533	-2499.73
349	0.37544	-2533.46
350	0.387735	-2709.69
351	0.370233	-2482.3
352	0.384703	-2641.39
353	0.374564	-2522.4
354	0.376257	-2541.29
355	0.38333	-2604.98
356	0.373156	-2472.52
357	0.377352	-2523.72
358	0.383803	-2652.96
359	0.37661	-2512.7
360	0.380596	-2617.05
361	0.382359	-2634.72
362	0.377882	-2549.29
363	0.383506	-2628.63
364	0.379855	-2618.51
365	0.379362	-2595.11
366	0.377386	-2553.86
367	0.375794	-2544.01
368	0.372712	-2484.03
369	0.370713	-2454.59
370	0.377688	-2526.79
371	0.380549	-2623.16
372	0.375528	-2552.11
373	0.377798	-2579.27
374	0.375236	-2530.78
375	0.374335	-2517.62
376	0.380994	-2675.08
377	0.376999	-2555.39
378	0.385239	-2607.63
379	0.377342	-2566.42
380	0.381378	-2613.43
381	0.378198	-2561.04
382	0.372756	-2535.81
383	0.378018	-2564.84
384	0.371392	-2506.95
385	0.37337	-2500.2
386	0.385456	-2622.75
387	0.375135	-2480.75
388	0.36984	-2445.86
389	0.376769	-2545.4
390	0.376976	-2551.47
391	0.38453	-2648.28
392	0.381767	-2628.84
393	0.378548	-2544.37
394	0.379155	-2540.74
395	0.388364	-2700.91
396	0.385273	-2664.38
397	0.379171	-2564.41
398	0.379009	-2601.62
399	0.375415	-2524.66
400	0.381907	-2644.87
401	0.376396	-2591.61
402	0.375867	-2561.34
403	0.384477	-2654.03
404	0.371005	-2514.27
405	0.373827	-2532.91
406	0.379505	-2561.31
407	0.374099	-2541.51
408	0.38575	-2669.11
409	0.379757	-2646.74
410	0.382022	-2638.03
411	0.38808	-2701.68
412	0.382344	-2626.25
413	0.372525	-2503.56
414	0.373966	-2488.5
415	0.376858	-2581.55
416	0.376517	-2562.58
417	0.377715	-2580.72
418	0.383093	-2668.1
419	0.385735	-2684.9
420	0.376375	-2517.09
421	0.379322	-2567.17
422	0.386754	-2661.14
423	0.380679	-2578.35
424	0.38073	-2596.57
425	0.380782	-2581.14
426	0.377428	-2545.63
427	0.376257	-2515.56
428	0.381921	-2606.03
429	0.377396	-2573.64
430	0.381834	-2605.88
431	0.376207	-2548
432	0.381416	-2641.11
433	0.375685	-2511.75
434	0.383849	-2639.6
435	0.372155	-2487.33
436	0.374625	-2546.59
437	0.387312	-2689.43
438	0.377889	-2550.49
439	0.377916	-2586.36
440	0.371671	-2504.03
441	0.381473	-2615.05
442	0.381806	-2608.13
443	0.373497	-2487.1
444	0.383601	-2596.64
445	0.378365	-2565.98
446	0.383469	-2666.89
447	0.377582	-2543.7
448	0.381559	-2627.59
449	0.37893	-2609.65
450	0.386882	-2712.28
451	0.382069	-2635.42
452	0.381886	-2619.79
453	0.3806	-2627.32
454	0.37846	-2599.07
455	0.388398	-2710.7
456	0.380364	-2630.89
457	0.379637	-2612.92
458	0.378901	-2607.23
459	0.380087	-2612.63
460	0.374615	-2535.63
461	0.369374	-2427.28
462	0.377794	-2579.36
463	0.376827	-2509.74
464	0.379149	-2582.25
465	0.384382	-2678.15
466	0.380002	-2562.07
467	0.386251	-2704.77
468	0.384106	-2681.34
469	0.370234	-2436.64
470	0.376959	-2529.49
471	0.37672	-2552.95
472	0.372671	-2500.55
473	0.38289	-2622.07
474	0.377455	-2538.95
475	0.374704	-2528.84
476	0.390311	-2706.61
477	0.379374	-2584.12
478	0.371986	-2492.56
479	0.380258	-2584.05
480	0.381189	-2586.41
481	0.376361	-2512.41
482	0.378513	-2563.03
483	0.387153	-2689
484	0.379919	-2598.58
485	0.38534	-2680.52
486	0.370065	-2493.48
487	0.379677	-2582.55
488	0.377274	-2541.55
489	0.381044	-2594.72
490	0.376109	-2541.11
491	0.376302	-2516.77
492	0.385149	-2669.01
493	0.376812	-2531.35
494	0.370793	-2482.93
495	0.378705	-2594.44
496	0.380182	-2590.38
497	0.376027	-2543.59
498	0.378052	-2513.16
499	0.381359	-2644.3
500	0.374345	-2487.47
501	0.376884	-2525.59
502	0.379582	-2568.11
503	0.371612	-2474.87
504	0.378818	-2566.18
505	0.377877	-2579.21
506	0.377568	-2583.99
507	0.380826	-2611.11
508	0.372249	-2469.22
509	0.374067	-2472.43
510	0.379312	-2671.65
511	0.376993	-2593.06
512	0.386985	-2677.22
513	0.385259	-2638.95
514	0.379753	-2624.2
515	0.371719	-2464.83
516	0.374825	-2520.51
517	0.381483	-2587.63
518	0.386939	-2663.56
519	0.383335	-2611.69
520	0.376131	-2552.98
521	0.378132	-2573.06
522	0.377475	-2581.31
523	0.383899	-2659.16
524	0.378168	-2566.01
525	0.381871	-2614.82
526	0.376599	-2529.31
527	0.375301	-2532.3
528	0.378292	-2568.63
529	0.383663	-2673.58
530	0.375243	-2529.04
531	0.376059	-2554.76
532	0.388493	-2719.22
533	0.37688	-2554.24
534	0.369463	-2441.64
535	0.365624	-2391.95
536	0.37558	-2485.14
537	0.370182	-2452.23
538	0.379555	-2567.34
539	0.37136	-2469.7
540	0.374166	-2498.72
541	0.372121	-2508.37
542	0.391699	-2728.26
543	0.375213	-2496.72
544	0.383626	-2652.08
545	0.386008	-2698.5
546	0.371795	-2502.55
547	0.380996	-2623.98
548	0.380725	-2659.75
549	0.370638	-2478.23
550	0.383791	-2646.76
551	0.377518	-2555.64
552	0.378075	-2537.98
553	0.386483	-2687.73
554	0.384682	-2677.12
555	0.379371	-2562.37
556	0.376631	-2566.01
557	0.375108	-2541.6
558	0.377988	-2548.86
559	0.375284	-2521.45
560	0.381004	-2595.94
561	0.379381	-2556.63
562	0.381743	-2640.8
563	0.376334	-2597.7
564	0.382773	-2608.48
565	0.377517	-2574.4
566	0.367813	-2443.31
567	0.374285	-2526.61
568	0.376399	-2565.37
569	0.381778	-2684.34
570	0.379116	-2551.92
571	0.37752	-2561.16
572	0.379392	-2580.26
573	0.379068	-2597.43
574	0.377432	-2542.29
575	0.377087	-2557.29
576	0.37697	-2556.69
577	0.378387	-2579.43
578	0.377081	-2548.9
579	0.376661	-2539.2
580	0.381977	-2586.23
581	0.3861	-2672.11
582	0.380602	-2621.98
583	0.371552	-2484.9
584	0.377881	-2584.11
585	0.376027	-2534.07
586	0.378967	-2578.52
587	0.381162	-2612.17
588	0.383359	-2632.27
589	0.38145	-2602.9
590	0.374446	-2514.13
591	0.377197	-2603.62
592	0.372739	-2504.31
593	0.384904	-2683.15
594	0.375358	-2559.29
595	0.378079	-2550.49
596	0.366888	-2398.3
597	0.384309	-2617.46
598	0.375177	-2539.07
599	0.384909	-2681.42
600	0.380585	-2617.03
601	0.383548	-2623.35
602	0.380917	-2571.75
603	0.37747	-2577.58
604	0.381137	-2626.63
605	0.372741	-2482.58
606	0.381484	-2596.62
607	0.376646	-2547.33
608	0.384169	-2684.56
609	0.382943	-2650.82
610	0.378029	-2550.33
611	0.372132	-2492.01
612	0.381617	-2630.89
613	0.378161	-2604.58
614	0.380983	-2629.43
615	0.373802	-2500.7
616	0.379201	-2597.52
617	0.373559	-2483.7
618	0.383329	-2633.28
619	0.375921	-2589.28
620	0.374891	-2521.68
621	0.372382	-2479.59
622	0.371939	-2487.79
623	0.371845	-2465.37
624	0.38008	-2607.72
625	0.381579	-2596.05
626	0.386045	-2667.18
627	0.375921	-2533.14
628	0.371336	-2488.11
629	0.374409	-2493.28
630	0.383621	-2664.23
631	0.372199	-2528.64
632	0.383058	-2712.05
633	0.383821	-2663.33
634	0.378516	-2559.52
635	0.38106	-2587.79
636	0.374006	-2516.63
637	0.375123	-2508.11
638	0.38137	-2628.43
639	0.377262	-2572.92
640	0.378179	-2550.81
641	0.382777	-2677.02
642	0.377271	-2616.06
643	0.386609	-2688.57
644	0.368856	-2459.71
645	0.381325	-2624.3
646	0.37252	-2506.35
647	0.376551	-2521.87
648	0.372897	-2454.32
649	0.387441	-2718.37
650	0.384957	-2660.05
651	0.373908	-2505.16
652	0.377012	-2553.86
653	0.379996	-2561.46
654	0.378726	-2567.86
655	0.382501	-2597.05
656	0.376676	-2541.45
657	0.379159	-2583.98
658	0.382067	-2613.58
659	0.379897	-2575.23
660	0.379907	-2591.04
661	0.372149	-2448.22
662	0.374391	-2529.83
663	0.380534	-2594.41
664	0.376682	-2513.34
665	0.381892	-2669.69
666	0.377409	-2520.44
667	0.38462	-2676.11
668	0.3764	-2519.7
669	0.385424	-2694.33
670	0.380475	-2612.36
671	0.374405	-2538.36
672	0.377699	-2556.62
673	0.386324	-2662.13
674	0.376919	-2518.73
675	0.379954	-2617.42
676	0.381252	-2576.48
677	0.375648	-2568.98
678	0.380983	-2636.07
679	0.383633	-2597.15
680	0.377794	-2527.24
681	0.374327	-2484.37
682	0.37623	-2546.32
683	0.37649	-2520.07
684	0.379648	-2576.51
685	0.382784	-2619.5
686	0.377668	-2553.38
687	0.376801	-2564.6
688	0.371294	-2476.85
689	0.386243	-2701.38
690	0.38019	-2577.45
691	0.394602	-2806.79
692	0.377232	-2566.46
693	0.381289	-2611.02
694	0.387276	-2713.31
695	0.3832	-2630.58
696	0.380968	-2629.37
697	0.38097	-2567.32
698	0.373472	-2516.04
699	0.379937	-2595.52
700	0.38445	-2665.87
701	0.378298	-2593.28
702	0.38464	-2721.01
703	0.381475	-2674.52
704	0.37521	-2549
705	0.378185	-2589.1
706	0.380076	-2620.33
707	0.371792	-2490.58
708	0.371958	-2502.13
709	0.374961	-2528.97
710	0.380685	-2598.04
711	0.382531	-2618.45
712	0.381723	-2612.98
713	0.377821	-2592.79
714	0.382901	-2634.2
715	0.376744	-2551.92
716	0.380297	-2589.74
717	0.381176	-2579.73
718	0.371307	-2508.18
719	0.378356	-2527.25
720	0.385484	-2706.12
721	0.381356	-2598.76
722	0.367381	-2409.86
723	0.38105	-2625.17
724	0.380056	-2631.98
725	0.377658	-2534.33
726	0.385012	-2677.49
727	0.382518	-2627.52
728	0.381354	-2623.84
729	0.380066	-2582.85
730	0.383926	-2669.51
731	0.383524	-2621.92
732	0.38377	-2643.75
733	0.36991	-2478.12
734	0.384889	-2625.58
735	0.383869	-2652.61
736	0.390308	-2771.79
737	0.375389	-2559.17
738	0.378746	-2560.85
739	0.382503	-2610.32
740	0.377677	-2583.18
741	0.375848	-2532.36
742	0.387195	-2674.74
743	0.383893	-2698.78
744	0.376769	-2542.75
745	0.380253	-2586.54
746	0.373923	-2479.54
747	0.382383	-2627.97
748	0.385949	-2710.92
749	0.378618	-2539.8
750	0.377376	-2578.64
751	0.372535	-2496.64
752	0.382849	-2640.74
753	0.381833	-2587.36
754	0.3769	-2541.52
755	0.372581	-2505.44
756	0.370749	-2478.31
757	0.3804	-2608.66
758	0.37771	-2536.49
759	0.378631	-2541.81
760	0.374642	-2505.84
761	0.376833	-2552.01
762	0.376883	-2521.73
763	0.383267	-2628.78
764	0.381887	-2620.5
765	0.377219	-2552.68
766	0.379654	-2593.47
767	0.374069	-2527.16
768	0.377876	-2542.47
769	0.380472	-2626.4
770	0.375707	-2490.87
771	0.381247	-2589.15
772	0.373225	-2485.55
773	0.377381	-2536.12
774	0.369993	-2466.6
775	0.377046	-2535.58
776	0.3729	-2480.16
777	0.371411	-2511.44
778	0.377821	-2591.86
779	0.380099	-2579.86
780	0.384392	-2637.96
781	0.380097	-2592.97
782	0.376164	-2535.86
783	0.371573	-2486.63
784	0.380913	-2583.6
785	0.379154	-2575.23
786	0.377269	-2581.2
787	0.388659	-2757.32
788	0.379659	-2574.39
789	0.384066	-2655.06
790	0.372707	-2509.58
791	0.379632	-2600.41
792	0.376228	-2567.82
793	0.373461	-2510.76
794	0.385261	-2621.52
795	0.379423	-2613.92
796	0.374904	-2464.27
797	0.383624	-2616.97
798	0.378219	-2584.4
799	0.384183	-2678.74
800	0.382671	-2610.33
801	0.380288	-2601.54
802	0.378965	-2593.55
803	0.378107	-2573.24
804	0.372435	-2454.05
805	0.374333	-2511.32
806	0.377151	-2577.27
807	0.375124	-2545.95
808	0.378963	-2571.73
809	0.37838	-2564.48
810	0.374634	-2510.9
811	0.380502	-2624.72
812	0.38326	-2601.04
813	0.37617	-2522.64
814	0.374532	-2509.62
815	0.382644	-2672.09
816	0.380059	-2599.54
817	0.38923	-2738.44
818	0.36848	-2450.18
819	0.383861	-2625.88
820	0.375867	-2547.43
821	0.377867	-2576.5
822	0.389695	-2691.07
823	0.37875	-2562.43
824	0.374764	-2520.3
825	0.381423	-2641.11
826	0.373268	-2532.44
827	0.379142	-2576.95
828	0.367038	-2378.6
829	0.379115	-2543.77
830	0.37623	-2494.32
831	0.384959	-2665.33
832	0.378771	-2548.48
833	0.378025	-2566.92
834	0.377015	-2556.04
835	0.380872	-2592.72
836	0.380765	-2570.53
837	0.376673	-2546.48
838	0.372804	-2483.9
839	0.378816	-2588.13
840	0.379914	-2615.56
841	0.370266	-2500.28
842	0.381102	-2620.04
843	0.374922	-2528.6
844	0.368513	-2438.41
845	0.377345	-2533.53
846	0.375637	-2538.75
847	0.368434	-2473.12
848	0.378093	-2568.72
849	0.372158	-2472.11
850	0.382937	-2656.18
851	0.376827	-2564.69
852	0.38396	-2639.54
853	0.380273	-2577.96
854	0.386192	-2713.89
855	0.38098	-2605.48
856	0.376126	-2565.09
857	0.383579	-2640.82
858	0.377277	-2601.3
859	0.377765	-2579.78
860	0.382884	-2624.07
861	0.383246	-2682.62
862	0.37725	-2586.86
863	0.363643	-2362.9
864	0.379867	-2603.94
865	0.378166	-2555.04
866	0.380209	-2572.22
867	0.376796	-2547.65
868	0.389888	-2776.36
869	0.377458	-2572.55
870	0.375737	-2534.57
871	0.3732	-2514.4
872	0.37958	-2544.42
873	0.370238	-2424.15
874	0.382673	-2657.22
875	0.382702	-2660.78
876	0.384218	-2676.75
877	0.37554	-2541.78
878	0.380943	-2598.62
879	0.387029	-2683.95
880	0.384539	-2618
881	0.373282	-2483.97
882	0.382739	-2597.18
883	0.379743	-2562.63
884	0.376004	-2549.05
885	0.384493	-2665.41
886	0.382078	-2631.87
887	0.372636	-2518.87
888	0.372271	-2459.17
889	0.37905	-2584.54
890	0.372883	-2489.98
891	0.368282	-2453.22
892	0.384362	-2658.44
893	0.377324	-2571.46
894	0.378313	-2554.65
895	0.382655	-2572.63
896	0.382184	-2651.02
897	0.378477	-2608.35
898	0.38399	-2627.07
899	0.367694	-2395.85
900	0.376507	-2561.84
901	0.383188	-2638.35
902	0.378247	-2517.01
903	0.384029	-2629.04
904	0.380996	-2591.23
905	0.377474	-2585.25
906	0.369838	-2494.25
907	0.375908	-2530.67
908	0.378536	-2564.07
909	0.384161	-2661.3
910	0.375172	-2536.73
911	0.381818	-2573.47
912	0.375736	-2527.16
913	0.376971	-2528.16
914	0.384356	-2650.24
915	0.372361	-2519.4
916	0.37404	-2488.34
917	0.381027	-2575.3
918	0.374143	-2536.01
919	0.382901	-2694.51
920	0.381517	-2582.8
921	0.385294	-2622.24
922	0.380355	-2625.3
923	0.38135	-2597.72
924	0.385404	-2704.22
925	0.382471	-2656.75
926	0.375546	-2525.87
927	0.380386	-2607.05
928	0.381342	-2601.36
929	0.377156	-2559.03
930	0.38063	-2614.76
931	0.380448	-2614.2
932	0.383682	-2644.34
933	0.381656	-2634.35
934	0.371995	-2499.48
935	0.373479	-2523.47
936	0.380529	-2615.41
937	0.384789	-2672.52
938	0.367856	-2423.95
939	0.377939	-2523.23
940	0.383842	-2675.66
941	0.388719	-2700.42
942	0.379171	-2537.85
943	0.377074	-2587.18
944	0.382613	-2652.83
945	0.380592	-2594.21
946	0.382081	-2596.33
947	0.380477	-2597.01
948	0.372898	-2499.94
949	0.378652	-2588.74
950	0.380493	-2591.79
951	0.377741	-2483.91
952	0.372561	-2488.38
953	0.374301	-2571.83
954	0.376675	-2557.02
955	0.383438	-2656.72
956	0.388804	-2728.09
957	0.376711	-2539.97
958	0.377572	-2600.61
959	0.380532	-2611.36
960	0.370083	-2486.28
961	0.376763	-2534.08
962	0.376364	-2512.79
963	0.38878	-2742.27
964	0.376591	-2524.08
965	0.378161	-2581.54
966	0.384439	-2653.46
967	0.381857	-2611.41
968	0.382506	-2599.64
969	0.380291	-2602.45
970	0.377505	-2532.12
971	0.37555	-2528.86
972	0.36794	-2388.55
973	0.381908	-2641.92
974	0.379784	-2566.18
975	0.378374	-2585.64
976	0.36903	-2426.44
977	0.374646	-2525.64
978	0.37487	-2539.68
979	0.379396	-2561.22
980	0.37032	-2487.33
981	0.375254	-2586.78
982	0.368445	-2461.91
983	0.376064	-2508.05
984	0.372564	-2520.81
985	0.38016	-2585.88
986	0.379547	-2549.55
987	0.382109	-2680.91
988	0.373175	-2511.72
989	0.374681	-2526.41
990	0.385082	-2660.71
991	0.378988	-2614.8
992	0.381816	-2656.19
993	0.368359	-2445.39
994	0.375261	-2567.71
995	0.375794	-2542.54
996	0.383664	-2630.56
997	0.379622	-2581.25
998	0.381164	-2642.37
999	0.381949	-2615.16
1000	0.376451	-2535.72
1001	0.386676	-2692.56
1002	0.390703	-2770.22
1003	0.376714	-2521.76
1004	0.381727	-2639.57
1005	0.378593	-2549.27
1006	0.378453	-2574.79
1007	0.373881	-2504.21
1008	0.38121	-2586.94
1009	0.380632	-2556.81
1010	0.375926	-2528.74
1011	0.38554	-2638.32
1012	0.373651	-2492.28
1013	0.381776	-2590.7
1014	0.38068	-2599.05
1015	0.377806	-2599.69
1016	0.376116	-2522.81
1017	0.377394	-2539.58
1018	0.37568	-2535.89
1019	0.378238	-2601.44
1020	0.376221	-2563.74
1021	0.375844	-2498.65
1022	0.376669	-2594.13
1023	0.380294	-2650.05
1024	0.379407	-2526.44
1025	0.373368	-2528.63
1026	0.386125	-2666.33
1027	0.388193	-2702.58
1028	0.376252	-2503.24
1029	0.37622	-2570.7
1030	0.377206	-2541.47
1031	0.376436	-2582.02
1032	0.376842	-2536.12
1033	0.37044	-2430.87
1034	0.373497	-2525.31
1035	0.380789	-2580.13
1036	0.38519	-2655.04
1037	0.380779	-2572.01
1038	0.37841	-2589.23
1039	0.382654	-2650.78
1040	0.377025	-2578.45
1041	0.38574	-2621.31
1042	0.380026	-2573.36
1043	0.382951	-2639.83
1044	0.377882	-2536.35
1045	0.381627	-2633.65
1046	0.377807	-2578.55
1047	0.37754	-2527.32
1048	0.378424	-2599.57
1049	0.372402	-2504.13
1050	0.380274	-2555.49
1051	0.374957	-2480.15
1052	0.373274	-2499.26
1053	0.381107	-2588.35
1054	0.377577	-2555.25
1055	0.38765	-2689.71
1056	0.367585	-2486.47
1057	0.367944	-2447.7
1058	0.375306	-2546.37
1059	0.376925	-2548.45
1060	0.382596	-2625.99
1061	0.373198	-2533.14
1062	0.3721	-2480.57
1063	0.372662	-2522.51
1064	0.370927	-2494.84
1065	0.37496	-2534.85
1066	0.377756	-2569.83
1067	0.378804	-2583.23
1068	0.380728	-2592.76
1069	0.373543	-2543.13
1070	0.378045	-2569.06
1071	0.380851	-2628.07
1072	0.376925	-2533.83
1073	0.37854	-2525.93
1074	0.378358	-2575.75
1075	0.383258	-2689.49
1076	0.384876	-2648.73
1077	0.374235	-2520.43
1078	0.378958	-2561.39
1079	0.386365	-2698.11
1080	0.37057	-2461.78
1081	0.371236	-2511.42
1082	0.381342	-2596.91
1083	0.387396	-2675.79
1084	0.376707	-2521.2
1085	0.381249	-2606.77
1086	0.385671	-2632.71
1087	0.376559	-2533.28
1088	0.378423	-2590.93
1089	0.379572	-2610.98
1090	0.375716	-2502.08
1091	0.373293	-2538.07
1092	0.377624	-2583.89
1093	0.377768	-2639.35
1094	0.37917	-2618.63
1095	0.385361	-2684.41
1096	0.384984	-2658.71
1097	0.380445	-2608.1
1098	0.387622	-2652.55
1099	0.386757	-2710.18
1100	0.381561	-2619.39
1101	0.375276	-2556.82
1102	0.370157	-2473.49
1103	0.372621	-2520.33
1104	0.37779	-2574.72
1105	0.379458	-2586.48
1106	0.374778	-2490.43
1107	0.379454	-2541.55
1108	0.37807	-2540.8
1109	0.387667	-2720.16
1110	0.3739	-2490.63
1111	0.378237	-2593.62
1112	0.373634	-2514.61
1113	0.380357	-2595.14
1114	0.386891	-2662.76
1115	0.372682	-2468.05
1116	0.372107	-2456.3
1117	0.38124	-2583.61
1118	0.384742	-2635.98
1119	0.376141	-2524.68
1120	0.382017	-2666.49
1121	0.374245	-2493.38
1122	0.382412	-2644.83
1123	0.373849	-2525.69
1124	0.379431	-2576.4
1125	0.381443	-2631.95
1126	0.381324	-2577.01
1127	0.380902	-2618.43
1128	0.378376	-2541.15
1129	0.36855	-2433.99
1130	0.381304	-2597.95
1131	0.376311	-2526.38
1132	0.373308	-2531.67
1133	0.371262	-2517.61
1134	0.383839	-2650.02
1135	0.387467	-2692.7
1136	0.384978	-2633.08
1137	0.381632	-2660.81
1138	0.38051	-2630.32
1139	0.371786	-2507.93
1140	0.380652	-2657.96
1141	0.387467	-2662.51
1142	0.389938	-2756.47
1143	0.379452	-2600.02
1144	0.374322	-2555.81
1145	0.384569	-2641.55
1146	0.377482	-2507.87
1147	0.385087	-2660.99
1148	0.379306	-2580.99
1149	0.382356	-2635.61
1150	0.374319	-2515.25
1151	0.382487	-2613.35
1152	0.372172	-2469.95
1153	0.371231	-2503.87
1154	0.369501	-2487.93
1155	0.376155	-2532.56
1156	0.382874	-2642.37
1157	0.376365	-2609.22
1158	0.368457	-2468.76
1159	0.388346	-2705.81
1160	0.390153	-2717.15
1161	0.380851	-2604.09
1162	0.376247	-2564.81
1163	0.378484	-2568.56
1164	0.379924	-2621.11
1165	0.381305	-2654.12
1166	0.383957	-2672.91
1167	0.373127	-2496.95
1168	0.376623	-2558.96
1169	0.382373	-2673.01
1170	0.385683	-2654.54
1171	0.382942	-2596.63
1172	0.376422	-2550.02
1173	0.377462	-2499.44
1174	0.380385	-2621.97
1175	0.380858	-2613.96
1176	0.381157	-2607.98
1177	0.378909	-2576.78
1178	0.385007	-2693.62
1179	0.379364	-2558.43
1180	0.382393	-2606.17
1181	0.386088	-2690.94
1182	0.38068	-2595.04
1183	0.382017	-2597.43
1184	0.386309	-2687.92
1185	0.38576	-2702.62
1186	0.383595	-2670.6
1187	0.369373	-2456.23
1188	0.387813	-2698.79
1189	0.38441	-2612.97
1190	0.367237	-2441.88
1191	0.377549	-2557.38
1192	0.37946	-2589.75
1193	0.381497	-2615.35
1194	0.382735	-2686.24
1195	0.381475	-2612.61
1196	0.372476	-2514.48
1197	0.383269	-2677.5
1198	0.374367	-2520.53
1199	0.381708	-2631.28
1200	0.386164	-2688.93
1201	0.379315	-2606.32
1202	0.382122	-2614.74
1203	0.375434	-2499.38
1204	0.384653	-2645.57
1205	0.381184	-2579.3
1206	0.375146	-2530.51
1207	0.376492	-2539.17
1208	0.378068	-2558.93
1209	0.381065	-2601.07
1210	0.381403	-2642.05
1211	0.38413	-2655.19
1212	0.384221	-2674.71
1213	0.380567	-2628.74
1214	0.376874	-2535.46
1215	0.380802	-2600.1
1216	0.377818	-2519.15
1217	0.37256	-2502.72
1218	0.384493	-2602.8
1219	0.376678	-2508.02
1220	0.382302	-2644.15
1221	0.378796	-2539.25
1222	0.38141	-2619.33
1223	0.378011	-2598.27
1224	0.393614	-2765.27
1225	0.382352	-2612.8
1226	0.37209	-2454.6
1227	0.37828	-2574.72
1228	0.384346	-2697.67
1229	0.384284	-2649.14
1230	0.381714	-2623.31
1231	0.378005	-2583.12
1232	0.375144	-2508.55
1233	0.379091	-2531.25
1234	0.379901	-2569.08
1235	0.385492	-2694.53
1236	0.380753	-2622.01
1237	0.380334	-2637.37
1238	0.374799	-2522.6
1239	0.380974	-2628.24
1240	0.38373	-2656.1
1241	0.374856	-2494.43
1242	0.373771	-2533.31
1243	0.37037	-2437.59
1244	0.381319	-2613.05
1245	0.379128	-2575.82
1246	0.374825	-2491.88
1247	0.378746	-2569.3
1248	0.378457	-2576.8
1249	0.37667	-2532.63
1250	0.386356	-2691.29
1251	0.38434	-2654.84
1252	0.379135	-2555.03
1253	0.375692	-2506.21
1254	0.382896	-2611.17
1255	0.37467	-2548.85
1256	0.381664	-2641.23
1257	0.384356	-2654.39
1258	0.376623	-2574.51
1259	0.373703	-2494.78
1260	0.379448	-2556.01
1261	0.383884	-2653.41
1262	0.389788	-2743.54
1263	0.372583	-2475.17
1264	0.376774	-2568.66
1265	0.385576	-2644.55
1266	0.374524	-2510.39
1267	0.390531	-2758.45
1268	0.379208	-2561.6
1269	0.377662	-2560.14
1270	0.379302	-2608.53
1271	0.378346	-2566.24
1272	0.377188	-2554.62
1273	0.369911	-2453.37
1274	0.379943	-2602.88
1275	0.384582	-2631.79
1276	0.369033	-2468.14
1277	0.384441	-2668.19
1278	0.379996	-2620.52
1279	0.376759	-2542.49
1280	0.376648	-2549.53
1281	0.372278	-2488.33
1282	0.377035	-2578.7
1283	0.390796	-2715.92
1284	0.38435	-2689.48
1285	0.373305	-2498.51
1286	0.383356	-2638.49
1287	0.377217	-2591.18
1288	0.373609	-2502.8
1289	0.382097	-2599.57
1290	0.383568	-2601.35
1291	0.38154	-2627.6
1292	0.381509	-2631.3
1293	0.382415	-2629.4
1294	0.375161	-2516.04
1295	0.381564	-2616.98
1296	0.380111	-2577.05
1297	0.38485	-2655.91
1298	0.388787	-2671.03
1299	0.377393	-2558.67
1300	0.374282	-2547.4
1301	0.376994	-2595
1302	0.384254	-2633.52
1303	0.378637	-2590.33
1304	0.376794	-2588.98
1305	0.378906	-2625.86
1306	0.378648	-2595.32
1307	0.378376	-2544.94
1308	0.379153	-2597.55
1309	0.388972	-2721.41
1310	0.375203	-2504.72
1311	0.372276	-2470.76
1312	0.378025	-2575.58
1313	0.383011	-2611.57
1314	0.37077	-2485.18
1315	0.379793	-2573.01
1316	0.381837	-2638.99
1317	0.381273	-2593.78
1318	0.378801	-2581.48
1319	0.385799	-2665.68
1320	0.380676	-2617.11
1321	0.390616	-2771.22
1322	0.368582	-2449.23
1323	0.377007	-2574
1324	0.373488	-2488.13
1325	0.381659	-2626.71
1326	0.367578	-2418.65
1327	0.375912	-2574.87
1328	0.372309	-2521.66
1329	0.372518	-2483.73
1330	0.380002	-2629.39
1331	0.376218	-2493.9
1332	0.381259	-2613.72
1333	0.377917	-2521.53
1334	0.370687	-2476.66
1335	0.373744	-2525.63
1336	0.384484	-2663.51
1337	0.3784	-2534.5
1338	0.377115	-2547.77
1339	0.379324	-2597.66
1340	0.379556	-2598.34
1341	0.378013	-2622.93
1342	0.382443	-2607.01
1343	0.381883	-2604.12
1344	0.383064	-2655.64
1345	0.37267	-2522.48
1346	0.375768	-2549.57
1347	0.375956	-2519.4
1348	0.375743	-2489.84
1349	0.373626	-2474.51
1350	0.373619	-2492.11
1351	0.374611	-2535.75
1352	0.381977	-2650.71
1353	0.379718	-2585.63
1354	0.381756	-2637.99
1355	0.381768	-2589.03
1356	0.379572	-2654.45
1357	0.376346	-2541.52
1358	0.382663	-2656.39
1359	0.374214	-2530.86
1360	0.379362	-2588.95
1361	0.379456	-2618.95
1362	0.376574	-2556.67
1363	0.379632	-2605.89
1364	0.373613	-2485.43
1365	0.375018	-2517.3
1366	0.381503	-2609.54
1367	0.382812	-2698.86
1368	0.37988	-2595.75
1369	0.372393	-2534.92
1370	0.388413	-2728.83
1371	0.382209	-2652.46
1372	0.377239	-2552.69
1373	0.378624	-2581.27
1374	0.379894	-2603.64
1375	0.377301	-2562.15
1376	0.378475	-2516.57
1377	0.384325	-2655.86
1378	0.379498	-2614.41
1379	0.378944	-2639.05
1380	0.372416	-2489.45
1381	0.376193	-2521.76
1382	0.378341	-2563.85
1383	0.395817	-2814.18
1384	0.371611	-2494.38
1385	0.385269	-2681.46
1386	0.37874	-2570.67
1387	0.376886	-2512.35
1388	0.38137	-2603.2
1389	0.384156	-2658.49
1390	0.37389	-2512.38
1391	0.382184	-2597.91
1392	0.380905	-2605.18
1393	0.379691	-2607.52
1394	0.37696	-2533.83
1395	0.383238	-2632.2
1396	0.386594	-2681.69
1397	0.380447	-2588.04
1398	0.381361	-2590.24
1399	0.372687	-2495.79
1400	0.387818	-2715.06
1401	0.379173	-2572.66
1402	0.377129	-2551.94
1403	0.380198	-2575.08
1404	0.379319	-2632.71
1405	0.377938	-2563.68
1406	0.381723	-2613.01
1407	0.375179	-2548.46
1408	0.369769	-2479.27
1409	0.376018	-2552.34
1410	0.377586	-2558.51
1411	0.378498	-2569.24
1412	0.376771	-2559.61
1413	0.373148	-2516.43
1414	0.391373	-2763.83
1415	0.374491	-2519.09
1416	0.375823	-2568.42
1417	0.37506	-2511
1418	0.371938	-2477.46
1419	0.380664	-2581.98
1420	0.377657	-2567.37
1421	0.382618	-2596.77
1422	0.384192	-2656.17
1423	0.382379	-2621.93
1424	0.381573	-2626.62
1425	0.375284	-2511.51
1426	0.376807	-2540.72
1427	0.370548	-2469.69
1428	0.37998	-2613.74
1429	0.380497	-2615.14
1430	0.387945	-2711.36
1431	0.37414	-2469.28
1432	0.375848	-2515.37
1433	0.379523	-2580.19
1434	0.381582	-2590.62
1435	0.377035	-2540.87
1436	0.376983	-2554.61
1437	0.380506	-2605.71
1438	0.378066	-2597.25
1439	0.373549	-2512.97
1440	0.379759	-2611.34
1441	0.385272	-2665.52
1442	0.378996	-2546.57
1443	0.378545	-2594.07
1444	0.383258	-2672.65
1445	0.379112	-2544.2
1446	0.371127	-2466.68
1447	0.379449	-2564.3
1448	0.374244	-2540.94
1449	0.379173	-2549.3
1450	0.381305	-2624.32
1451	0.381823	-2656.9
1452	0.371746	-2510.07
1453	0.379587	-2588.99
1454	0.38294	-2646.84
1455	0.378201	-2554.82
1456	0.380715	-2631.82
1457	0.375672	-2522.86
1458	0.381659	-2604.44
1459	0.375978	-2542.91
1460	0.391525	-2752.19
1461	0.376877	-2567.8
1462	0.386533	-2706.18
1463	0.376123	-2550.87
1464	0.37902	-2585.31
1465	0.37745	-2609.25
1466	0.380224	-2590.97
1467	0.378091	-2603.39
1468	0.378126	-2547.29
1469	0.38135	-2601.35
1470	0.374223	-2521.45
1471	0.379716	-2532.61
1472	0.379584	-2599.53
1473	0.382642	-2585.62
1474	0.385009	-2686.76
1475	0.383688	-2637.05
1476	0.378805	-2559.01
1477	0.380931	-2612.21
1478	0.371415	-2502.3
1479	0.37886	-2576.02
1480	0.375983	-2531.98
1481	0.369951	-2462.26
1482	0.376541	-2553.03
1483	0.377179	-2520.27
1484	0.382392	-2601.55
1485	0.377488	-2548.22
1486	0.381805	-2631.05
1487	0.37731	-2571.92
1488	0.369871	-2431.55
1489	0.387168	-2677.37
1490	0.376496	-2546.5
1491	0.378681	-2583.56
1492	0.381009	-2578.31
1493	0.379182	-2607.11
1494	0.380594	-2577.04
1495	0.3748	-2527.1
1496	0.382344	-2646.8
1497	0.374953	-2546.36
1498	0.382906	-2677.3
1499	0.378131	-2551.87
1500	0.381798	-2615.79
1501	0.374881	-2504.8
1502	0.384266	-2690.88
1503	0.390057	-2751.82
1504	0.377837	-2560.16
1505	0.371435	-2489.07
1506	0.378728	-2597.93
1507	0.380629	-2593.49
1508	0.376213	-2568.31
1509	0.375619	-2507.82
1510	0.375818	-2544.36
1511	0.379974	-2589.14
1512	0.376757	-2592.28
1513	0.382288	-2593.72
1514	0.38159	-2590.82
1515	0.384019	-2667.63
1516	0.379216	-2605.84
1517	0.382893	-2576.98
1518	0.386395	-2678.4
1519	0.376807	-2587.58
1520	0.3744	-2524.72
1521	0.381185	-2578.69
1522	0.377212	-2567.31
1523	0.385236	-2708.16
1524	0.379479	-2589.11
1525	0.38674	-2704.11
1526	0.372984	-2499.67
1527	0.386351	-2669.84
1528	0.382145	-2612.93
1529	0.379502	-2569.13
1530	0.387372	-2680.32
1531	0.388482	-2714.75
1532	0.378384	-2543.78
1533	0.374235	-2526.58
1534	0.382465	-2635.58
1535	0.377483	-2589.83
1536	0.379938	-2551.3
1537	0.379813	-2573.08
1538	0.380438	-2613.15
1539	0.381027	-2643.16
1540	0.384535	-2658.07
1541	0.382028	-2643.59
1542	0.379312	-2601.28
1543	0.372187	-2482.87
1544	0.378096	-2568.28
1545	0.380839	-2582.15
1546	0.378739	-2572.82
1547	0.383289	-2609.22
1548	0.369021	-2452.69
1549	0.37951	-2615.32
1550	0.372228	-2463.88
1551	0.380015	-2640.93
1552	0.381949	-2610.7
1553	0.385603	-2709.75
1554	0.380664	-2628.71
1555	0.385597	-2681.91
1556	0.381164	-2618.43
1557	0.382648	-2633.9
1558	0.377259	-2570.46
1559	0.379273	-2601.12
1560	0.372776	-2504.42
1561	0.382315	-2643.37
1562	0.3763	-2554.13
1563	0.37672	-2605.9
1564	0.369139	-2441.71
1565	0.376858	-2555.3
1566	0.379861	-2584.71
1567	0.381896	-2614.83
1568	0.381292	-2639.09
1569	0.378919	-2565.51
1570	0.381043	-2617.58
1571	0.370052	-2427.77
1572	0.377787	-2558.96
1573	0.379041	-2560.16
1574	0.375327	-2502.1
1575	0.38612	-2703.27
1576	0.382	-2636.36
1577	0.389044	-2744.96
1578	0.380435	-2589.15
1579	0.374657	-2514.36
1580	0.379763	-2601.26
1581	0.381026	-2582.29
1582	0.380715	-2591.07
1583	0.376729	-2540.54
1584	0.385239	-2647.08
1585	0.387052	-2714.09
1586	0.379048	-2643.12
1587	0.37927	-2584.86
1588	0.381157	-2592.29
1589	0.378025	-2544.93
1590	0.381659	-2618.49
1591	0.375429	-2579.5
1592	0.378197	-2571.53
1593	0.37929	-2589.6
1594	0.377621	-2609.63
1595	0.38198	-2669.2
1596	0.383325	-2663.97
1597	0.375286	-2562.95
1598	0.37252	-2495.92
1599	0.379103	-2610.36
1600	0.375056	-2519.12
1601	0.37907	-2606.75
1602	0.379463	-2575.48
1603	0.383511	-2611.33
1604	0.375671	-2531.24
1605	0.384064	-2671.53
1606	0.373496	-2547.2
1607	0.372874	-2516.9
1608	0.390834	-2753.09
1609	0.371198	-2483.99
1610	0.371743	-2492.95
1611	0.382114	-2636.86
1612	0.382986	-2615.85
1613	0.381255	-2638.36
1614	0.38484	-2701.95
1615	0.375546	-2528.67
1616	0.378756	-2577.64
1617	0.374732	-2515.41
1618	0.375053	-2532.13
1619	0.376887	-2591.58
1620	0.379935	-2603.52
1621	0.385135	-2683.42
1622	0.385358	-2668.16
1623	0.377585	-2546.04
1624	0.377292	-2553.91
1625	0.381017	-2608.8
1626	0.378026	-2575.71
1627	0.37568	-2560.36
1628	0.383938	-2644.57
1629	0.380099	-2576.47
1630	0.378913	-2615.81
1631	0.384616	-2635.72
1632	0.381912	-2631.26
1633	0.379803	-2630.47
1634	0.382314	-2611.44
1635	0.380068	-2597.18
1636	0.37399	-2493.53
1637	0.379214	-2575.25
1638	0.375113	-2516.3
1639	0.374648	-2538.77
1640	0.376458	-2509.91
1641	0.381098	-2600.52
1642	0.377239	-2594.41
1643	0.381571	-2619.04
1644	0.376218	-2499.1
1645	0.381522	-2652.71
1646	0.382489	-2635.17
1647	0.377723	-2562.99
1648	0.380268	-2601.68
1649	0.378563	-2581.73
1650	0.383955	-2637.84
1651	0.378564	-2619.81
1652	0.379045	-2594.92
1653	0.373456	-2491.83
1654	0.384639	-2645.61
1655	0.377652	-2521.31
1656	0.38508	-2646.44
1657	0.381228	-2609.06
1658	0.379657	-2540.74
1659	0.37695	-2541.58
1660	0.37915	-2611.43
1661	0.378071	-2566.34
1662	0.380688	-2567.38
1663	0.397741	-2832.92
1664	0.381459	-2616.1
1665	0.378819	-2549.95
1666	0.373112	-2468.77
1667	0.3752	-2547.86
1668	0.37625	-2520.94
1669	0.373993	-2517.95
1670	0.377856	-2573.88
1671	0.377685	-2559.41
1672	0.380686	-2637.23
1673	0.375454	-2488.69
1674	0.378449	-2586.21
1675	0.3805	-2580.85
1676	0.375569	-2523.06
1677	0.376644	-2551.09
1678	0.372115	-2524.46
1679	0.380755	-2614.02
1680	0.376597	-2534.85
1681	0.371853	-2503.95
1682	0.379324	-2579.35
1683	0.374634	-2525.58
1684	0.377289	-2543.73
1685	0.37301	-2484.95
1686	0.380987	-2609.63
1687	0.383031	-2618.51
1688	0.384888	-2667.34
1689	0.383416	-2616.43
1690	0.383608	-2643.84
1691	0.385212	-2604.11
1692	0.378412	-2559.69
1693	0.382152	-2631.65
1694	0.383881	-2618.02
1695	0.38238	-2623.08
1696	0.379715	-2582.36
1697	0.3784	-2591.74
1698	0.369901	-2434.52
1699	0.381944	-2630.61
1700	0.383746	-2634.55
1701	0.379565	-2616.84
1702	0.380326	-2609.73
1703	0.384151	-2639.74
1704	0.379569	-2589.35
1705	0.376482	-2561.19
1706	0.379122	-2581.64
1707	0.376404	-2553.16
1708	0.378017	-2520.13
1709	0.383783	-2627.61
1710	0.387994	-2732.79
1711	0.382131	-2610.41
1712	0.370427	-2482.08
1713	0.382344	-2672.62
1714	0.370398	-2446.39
1715	0.376359	-2550.56
1716	0.374058	-2495.26
1717	0.373612	-2483.82
1718	0.3784	-2570.42
1719	0.381036	-2577.09
1720	0.372993	-2481.14
1721	0.375433	-2520.04
1722	0.379526	-2574.68
1723	0.379413	-2593.21
1724	0.379146	-2600.89
1725	0.379062	-2560.78
1726	0.380487	-2609.9
1727	0.375828	-2547.73
1728	0.380128	-2601.22
1729	0.385233	-2677.42
1730	0.382221	-2570.49
1731	0.385413	-2665.37
1732	0.381606	-2590.8
1733	0.383252	-2610.55
1734	0.371727	-2502.21
1735	0.381445	-2616.42
1736	0.37203	-2511.31
1737	0.386337	-2657.14
1738	0.384406	-2668.31
1739	0.383815	-2664.14
1740	0.38104	-2649.74
1741	0.381891	-2591.81
1742	0.373148	-2512.54
1743	0.383239	-2637.9
1744	0.382783	-2637.29
1745	0.387564	-2722.66
1746	0.379	-2533.74
1747	0.379939	-2610.73
1748	0.3818	-2594.22
1749	0.373482	-2500.09
1750	0.378047	-2600.66
1751	0.367085	-2451.75
1752	0.380413	-2619.15
1753	0.377811	-2568.77
1754	0.388385	-2716.34
1755	0.384295	-2636.45
1756	0.384912	-2644.96
1757	0.379696	-2638.57
1758	0.370914	-2447.12
1759	0.381615	-2602.34
1760	0.381572	-2582.81
1761	0.377468	-2599.18
1762	0.374974	-2516.27
1763	0.384544	-2638.65
1764	0.378501	-2627.19
1765	0.375028	-2538.06
1766	0.373628	-2528
1767	0.383138	-2686.05
1768	0.376202	-2516.51
1769	0.380899	-2591.68
1770	0.377729	-2517.95
1771	0.379639	-2610.61
1772	0.376678	-2542
1773	0.376001	-2563.54
1774	0.383088	-2621.64
1775	0.369698	-2419.92
1776	0.371964	-2495.62
1777	0.379096	-2613.57
1778	0.380229	-2566.36
1779	0.372212	-2528.01
1780	0.382626	-2689.95
1781	0.379229	-2605.82
1782	0.382568	-2611.83
1783	0.371213	-2495.08
1784	0.375468	-2499.99
1785	0.379569	-2581.11
1786	0.376949	-2589.87
1787	0.379991	-2590.52
1788	0.374592	-2508.75
1789	0.381919	-2631.82
1790	0.389778	-2765.67
1791	0.382843	-2613.88
1792	0.378693	-2560.39
1793	0.380834	-2595.44
1794	0.376877	-2564.57
1795	0.381532	-2607.33
1796	0.379011	-2557.11
1797	0.376146	-2534.2
1798	0.379949	-2628.1
1799	0.376486	-2517.27
1800	0.38457	-2663.87
1801	0.376146	-2533.66
1802	0.392369	-2745.43
1803	0.377431	-2536.08
1804	0.374771	-2487.09
1805	0.37435	-2494.51
1806	0.381939	-2606.83
1807	0.378452	-2572.19
1808	0.375378	-2570.04
1809	0.382736	-2619.36
1810	0.383228	-2665.19
1811	0.3757	-2571.38
1812	0.384987	-2671.82
1813	0.379305	-2549.29
1814	0.385458	-2654.34
1815	0.382284	-2641.12
1816	0.379774	-2620.08
1817	0.380377	-2632.72
1818	0.376802	-2527.37
1819	0.38719	-2649.91
1820	0.379408	-2577.88
1821	0.375838	-2520.56
1822	0.375684	-2562.24
1823	0.377297	-2520.7
1824	0.380644	-2567.57
1825	0.384601	-2654.7
1826	0.380422	-2610.76
1827	0.377159	-2568.08
1828	0.372155	-2496.78
1829	0.375739	-2508.88
1830	0.381215	-2649.2
1831	0.381033	-2611.5
1832	0.383358	-2679.51
1833	0.37932	-2595.68
1834	0.384237	-2650.55
1835	0.380763	-2616.95
1836	0.37125	-2481.67
1837	0.37481	-2532.34
1838	0.384625	-2689.99
1839	0.377819	-2591.26
1840	0.374665	-2516.81
1841	0.381801	-2630.42
1842	0.376591	-2569.62
1843	0.385025	-2632.33
1844	0.384021	-2729.15
1845	0.378744	-2562.7
1846	0.374101	-2463.2
1847	0.376944	-2553.98
1848	0.37793	-2566.1
1849	0.382088	-2613.55
1850	0.382766	-2670.66
1851	0.380786	-2575.46
1852	0.374657	-2471.41
1853	0.382552	-2633.45
1854	0.391108	-2742.23
1855	0.382378	-2627.93
1856	0.370638	-2478.22
1857	0.378516	-2583.02
1858	0.381036	-2611.72
1859	0.37825	-2579.33
1860	0.377922	-2510.47
1861	0.364811	-2402.21
1862	0.376886	-2566.96
1863	0.380842	-2623.58
1864	0.369733	-2452.19
1865	0.369397	-2428.64
1866	0.36924	-2450.76
1867	0.382791	-2628.62
1868	0.375901	-2499.21
1869	0.375048	-2540.93
1870	0.376528	-2576.14
1871	0.384659	-2616.57
1872	0.379082	-2569.93
1873	0.378154	-2599.96
1874	0.384504	-2692.8
1875	0.381465	-2624.68
1876	0.378692	-2572.4
1877	0.37596	-2547.13
1878	0.383209	-2619.16
1879	0.379924	-2580.33
1880	0.376025	-2561.83
1881	0.378621	-2563.55
1882	0.374326	-2538.6
1883	0.379707	-2562.34
1884	0.377065	-2562.42
1885	0.385192	-2667.43
1886	0.376788	-2561.04
1887	0.379118	-2585.44
1888	0.38037	-2611.63
1889	0.388053	-2680.49
1890	0.37977	-2596.08
1891	0.3685	-2433.41
1892	0.376537	-2538.64
1893	0.377773	-2592.38
1894	0.383538	-2674.69
1895	0.38137	-2592.74
1896	0.380386	-2547.95
1897	0.379261	-2578.18
1898	0.376129	-2554.74
1899	0.38073	-2636.44
1900	0.379575	-2586.19
1901	0.374599	-2492.12
1902	0.369389	-2520.41
1903	0.381811	-2606.49
1904	0.377697	-2529.49
1905	0.376199	-2554.49
1906	0.378641	-2591.49
1907	0.382472	-2637.23
1908	0.376293	-2593.68
1909	0.377573	-2569.61
1910	0.374016	-2538.39
1911	0.390626	-2771.74
1912	0.374921	-2536.99
1913	0.378312	-2546.83
1914	0.366242	-2422.17
1915	0.374739	-2556.35
1916	0.383335	-2635.73
1917	0.377867	-2569.17
1918	0.378361	-2574.78
1919	0.378628	-2570.13
1920	0.382862	-2648.21
1921	0.370382	-2439.63
1922	0.383437	-2620.07
1923	0.385244	-2684.98
1924	0.385514	-2667.48
1925	0.388501	-2725.2
1926	0.373835	-2502.74
1927	0.382545	-2629.87
1928	0.372582	-2507.97
1929	0.365663	-2381.71
1930	0.380138	-2649.09
1931	0.378142	-2596.62
1932	0.37685	-2543.19
1933	0.370217	-2462
1934	0.380851	-2617.63
1935	0.380584	-2592.1
1936	0.381453	-2671.74
1937	0.382564	-2618.47
1938	0.374507	-2509
1939	0.370479	-2462.55
1940	0.370019	-2479.22
1941	0.373553	-2504.1
1942	0.374061	-2528.03
1943	0.381382	-2599.08
1944	0.3774	-2605.77
1945	0.373746	-2518.56
1946	0.372657	-2472.66
1947	0.383448	-2659.72
1948	0.379318	-2550.33
1949	0.385086	-2674.85
1950	0.376838	-2538.75
1951	0.377077	-2548.5
1952	0.370783	-2470.36
1953	0.382424	-2622.75
1954	0.380536	-2616.35
1955	0.376348	-2545.47
1956	0.381167	-2565.53
1957	0.376587	-2497.06
1958	0.381278	-2597.26
1959	0.379879	-2564.03
1960	0.377649	-2550.34
1961	0.376233	-2538.15
1962	0.36977	-2450.03
1963	0.385578	-2719.48
1964	0.379383	-2574.13
1965	0.378074	-2543.86
1966	0.379561	-2554.43
1967	0.380423	-2624.42
1968	0.383027	-2653.61
1969	0.37631	-2543.36
1970	0.381909	-2614.36
1971	0.384735	-2643.28
1972	0.382718	-2643.44
1973	0.380388	-2604.81
1974	0.385368	-2678.31
1975	0.375137	-2517.19
1976	0.379633	-2595.86
1977	0.370832	-2468.8
1978	0.373999	-2533.39
1979	0.377311	-2577.98
1980	0.377304	-2571.43
1981	0.385287	-2614.63
1982	0.37394	-2508.57
1983	0.380902	-2595.17
1984	0.381475	-2644.8
1985	0.376827	-2560.53
1986	0.388442	-2738.3
1987	0.380478	-2606.53
1988	0.386625	-2676.75
1989	0.38076	-2574.73
1990	0.366996	-2473.24
1991	0.378932	-2592.61
1992	0.379144	-2588.96
1993	0.369309	-2408.2
1994	0.372916	-2515.4
1995	0.375194	-2565.98
1996	0.387742	-2722.21
1997	0.368052	-2426.28
1998	0.387095	-2726.71
1999	0.381219	-2602.63
2000	0.377518	-2615.56
2001	0.373264	-2514.22
2002	0.382599	-2644.16
2003	0.382987	-2667.56
2004	0.373428	-2503.5
2005	0.381484	-2594.12
2006	0.38353	-2641.4
2007	0.377657	-2540.3
2008	0.373747	-2521.27
2009	0.378547	-2594.26
2010	0.378184	-2520.29
2011	0.375267	-2468.66
2012	0.371632	-2486.08
2013	0.376206	-2545.57
2014	0.385591	-2644.84
2015	0.375212	-2536.59
2016	0.372474	-2479.23
2017	0.374239	-2509.39
2018	0.375151	-2548.02
2019	0.375689	-2514.23
2020	0.376413	-2528.31
2021	0.387328	-2693.33
2022	0.383031	-2637.32
2023	0.382496	-2665.78
2024	0.378366	-2563.7
2025	0.383339	-2660.27
2026	0.375767	-2546.6
2027	0.375371	-2549.17
2028	0.377245	-2533.84
2029	0.375628	-2536.24
2030	0.388052	-2659.46
2031	0.384214	-2615.86
2032	0.378601	-2583.9
2033	0.383411	-2630.15
2034	0.383306	-2619.34
2035	0.37652	-2528.37
2036	0.375643	-2580.9
2037	0.371478	-2497.52
2038	0.382363	-2635.97
2039	0.376602	-2547.47
2040	0.385269	-2676.94
2041	0.377831	-2579.35
2042	0.374595	-2526.68
2043	0.383052	-2647.75
2044	0.380653	-2596.04
2045	0.374775	-2542.27
2046	0.383149	-2643.35
2047	0.374536	-2536.19
2048	0.373423	-2493.4
2049	0.373506	-2488.04
2050	0.377586	-2522.92
2051	0.38106	-2634.87
2052	0.384032	-2650.11
2053	0.378258	-2549.33
2054	0.373946	-2517.8
2055	0.381207	-2637.43
2056	0.380463	-2578.72
2057	0.379507	-2592.78
2058	0.383972	-2677.78
2059	0.367963	-2432.69
2060	0.375134	-2533.7
2061	0.386019	-2684.37
2062	0.386238	-2717.71
2063	0.387682	-2707.07
2064	0.384222	-2618.81
2065	0.38261	-2657.21
2066	0.382601	-2609.42
2067	0.368859	-2444.18
2068	0.380861	-2574.9
2069	0.374863	-2541.18
2070	0.374049	-2524.88
2071	0.380431	-2594.25
2072	0.38025	-2561.22
2073	0.37728	-2562.16
2074	0.385506	-2671.72
2075	0.381007	-2616.05
2076	0.375987	-2528.73
2077	0.377581	-2545.78
2078	0.385209	-2660.72
2079	0.378855	-2603.11
2080	0.384477	-2677.72
2081	0.381334	-2630.39
2082	0.380756	-2594.4
2083	0.3726	-2513.72
2084	0.376931	-2603.4
2085	0.379634	-2590.12
2086	0.374733	-2519.4
2087	0.378647	-2582.87
2088	0.380029	-2589.34
2089	0.37344	-2502.62
2090	0.381923	-2617.51
2091	0.390454	-2722.03
2092	0.379743	-2625.07
2093	0.380154	-2594.93
2094	0.379205	-2590.72
2095	0.376577	-2580.07
2096	0.379062	-2589.89
2097	0.389044	-2728.59
2098	0.375224	-2531.08
2099	0.379873	-2572.61
2100	0.381712	-2616.87
2101	0.382482	-2639.14
2102	0.377726	-2553.94
2103	0.382084	-2619.68
2104	0.37833	-2552.23
2105	0.38669	-2663.49
2106	0.37912	-2567.36
2107	0.378243	-2535.26
2108	0.382872	-2666.73
2109	0.373171	-2482.02
2110	0.378706	-2553.39
2111	0.380749	-2567.42
2112	0.38031	-2552.24
2113	0.381907	-2640.66
2114	0.37379	-2515.8
2115	0.375096	-2557.04
2116	0.387563	-2703.12
2117	0.375298	-2539.26
2118	0.37229	-2510.69
2119	0.383802	-2656.59
2120	0.375059	-2493.2
2121	0.375594	-2536.36
2122	0.382266	-2647.92
2123	0.372703	-2525.68
2124	0.383845	-2682.94
2125	0.382745	-2647.77
2126	0.378181	-2560.21
2127	0.38061	-2588.99
2128	0.38439	-2561.82
2129	0.383835	-2618.49
2130	0.37924	-2610.39
2131	0.382482	-2588.61
2132	0.368708	-2410.81
2133	0.380113	-2643.11
2134	0.385837	-2672.1
2135	0.374189	-2549.53
2136	0.37284	-2462.96
2137	0.369689	-2491.96
2138	0.382194	-2646.85
2139	0.370801	-2427.94
2140	0.385521	-2683.42
2141	0.375707	-2537.21
2142	0.380684	-2604.5
2143	0.372031	-2485.01
2144	0.383364	-2622.85
2145	0.38023	-2647.67
2146	0.378531	-2586.58
2147	0.378529	-2594.11
2148	0.387577	-2666.18
2149	0.379365	-2577.45
2150	0.378313	-2606.55
2151	0.372084	-2451.47
2152	0.380347	-2563.01
2153	0.36838	-2451.9
2154	0.383141	-2641.36
2155	0.382099	-2591.28
2156	0.381836	-2600.53
2157	0.378979	-2580.85
2158	0.376309	-2506.3
2159	0.371029	-2474.04
2160	0.371123	-2482.49
2161	0.378069	-2592.19
2162	0.38436	-2678.99
2163	0.374513	-2504
2164	0.378512	-2601.59
2165	0.374475	-2566.87
2166	0.381798	-2630.46
2167	0.383735	-2663.67
2168	0.371326	-2479.71
2169	0.384387	-2673.13
2170	0.37821	-2539.6
2171	0.37676	-2518.79
2172	0.380964	-2593.74
2173	0.382274	-2624.78
2174	0.384629	-2711.16
2175	0.382472	-2594.83
2176	0.381247	-2625.25
2177	0.376675	-2552.92
2178	0.376735	-2500.12
2179	0.374831	-2534.62
2180	0.37204	-2470.16
2181	0.382363	-2651.54
2182	0.380544	-2581.8
2183	0.380566	-2575.91
2184	0.378553	-2562.42
2185	0.378486	-2607.71
2186	0.380447	-2633.71
2187	0.377691	-2575.83
2188	0.373355	-2516.28
2189	0.375105	-2535.29
2190	0.380811	-2618.23
2191	0.370327	-2392.86
2192	0.386455	-2713.16
2193	0.375576	-2533.8
2194	0.376481	-2556.2
2195	0.37535	-2511.86
2196	0.377289	-2576.34
2197	0.385095	-2654.95
2198	0.376562	-2569.49
2199	0.382776	-2623.45
2200	0.379019	-2552.47
2201	0.381079	-2622.1
2202	0.376645	-2585.62
2203	0.381139	-2594.66
2204	0.384044	-2651.89
2205	0.375074	-2556.46
2206	0.377469	-2543.72
2207	0.37233	-2500.33
2208	0.378136	-2529.93
2209	0.382344	-2643.63
2210	0.375844	-2566.52
2211	0.378089	-2538.16
2212	0.382897	-2612.68
2213	0.377693	-2568.18
2214	0.381261	-2605.91
2215	0.370946	-2448.89
2216	0.379964	-2614.19
2217	0.385031	-2650.46
2218	0.381936	-2617.63
2219	0.384042	-2654.48
2220	0.375372	-2524.91
2221	0.380874	-2632.97
2222	0.384944	-2637.52
2223	0.38281	-2625.62
2224	0.376476	-2581.54
2225	0.383958	-2657.41
2226	0.385146	-2637.67
2227	0.383959	-2655.14
2228	0.373792	-2538.53
2229	0.376244	-2567.58
2230	0.377594	-2546.89
2231	0.365227	-2440.42
2232	0.373206	-2459.34
2233	0.378982	-2606.9
2234	0.383895	-2627.16
2235	0.373215	-2548.64
2236	0.375512	-2511.19
2237	0.384349	-2646.99
2238	0.376878	-2545.28
2239	0.37124	-2448.49
2240	0.380757	-2595.72
2241	0.371855	-2469.54
2242	0.377434	-2551.58
2243	0.380577	-2604.36
2244	0.378581	-2567.63
2245	0.379498	-2585.4
2246	0.38661	-2696.35
2247	0.379209	-2550.38
2248	0.383286	-2634.86
2249	0.371275	-2457.4
2250	0.377884	-2601.12
2251	0.376117	-2550.68
2252	0.376069	-2566.83
2253	0.374277	-2537.33
2254	0.372531	-2464.53
2255	0.372988	-2521.25
2256	0.390426	-2761.71
2257	0.380436	-2621.31
2258	0.379529	-2604.2
2259	0.384599	-2686.94
2260	0.386883	-2721.71
2261	0.375614	-2514.73
2262	0.382104	-2641.55
2263	0.382423	-2617.58
2264	0.375468	-2534.36
2265	0.376624	-2502.67
2266	0.383112	-2640.96
2267	0.378808	-2588.76
2268	0.373924	-2500.36
2269	0.382138	-2635.52
2270	0.37768	-2574.19
2271	0.373971	-2518.92
2272	0.374542	-2523.34
2273	0.381363	-2615.29
2274	0.383401	-2668.61
2275	0.380117	-2602.02
2276	0.389881	-2760.24
2277	0.381996	-2620.28
2278	0.37956	-2570.52
2279	0.380199	-2595.67
2280	0.374553	-2536.62
2281	0.375894	-2534.41
2282	0.386277	-2715.68
2283	0.37511	-2504.31
2284	0.372498	-2510.67
2285	0.381232	-2631.03
2286	0.381661	-2641.38
2287	0.383787	-2627.29
2288	0.376368	-2534.91
2289	0.380426	-2590.67
2290	0.386924	-2737.07
2291	0.37924	-2556.3
2292	0.378429	-2593.64
2293	0.386261	-2716.94
2294	0.378779	-2548.83
2295	0.386622	-2693.97
2296	0.375662	-2551.46
2297	0.383751	-2632.31
2298	0.376396	-2564.4
2299	0.374629	-2533.29
2300	0.37435	-2511.41
2301	0.375627	-2510.81
2302	0.376351	-2535.43
2303	0.375949	-2503.33
2304	0.377358	-2576.87
2305	0.370868	-2498.08
2306	0.382272	-2630.51
2307	0.377736	-2566.83
2308	0.382661	-2652.44
2309	0.367981	-2402.44
2310	0.3838	-2687.49
2311	0.38469	-2663.7
2312	0.385579	-2672.08
2313	0.384208	-2656.78
2314	0.382285	-2656.69
2315	0.387	-2642.45
2316	0.382937	-2652.11
2317	0.382269	-2606.3
2318	0.389147	-2739.26
2319	0.378768	-2554.32
2320	0.375681	-2523.34
2321	0.379486	-2623.67
2322	0.372419	-2487.33
2323	0.386033	-2709.86
2324	0.371198	-2515.97
2325	0.380985	-2614.14
2326	0.378567	-2548.69
2327	0.371923	-2502.87
2328	0.376199	-2545.48
2329	0.383093	-2669.77
2330	0.381329	-2608.67
2331	0.377488	-2601.24
2332	0.377217	-2548.58
2333	0.384673	-2673.87
2334	0.382974	-2628.15
2335	0.380791	-2622.75
2336	0.38237	-2654.53
2337	0.372894	-2467.98
2338	0.374163	-2519.3
2339	0.386053	-2685.85
2340	0.383785	-2644.62
2341	0.380868	-2590.13
2342	0.380954	-2620.09
2343	0.385452	-2711.8
2344	0.377736	-2593.38
2345	0.376712	-2568.53
2346	0.37707	-2534.52
2347	0.378146	-2589.73
2348	0.374971	-2544.31
2349	0.377004	-2561.15
2350	0.380178	-2591.65
2351	0.381044	-2625.22
2352	0.375818	-2537.7
2353	0.386406	-2693.9
2354	0.376952	-2518.44
2355	0.387459	-2694.46
2356	0.377171	-2532.7
2357	0.382245	-2602.25
2358	0.383174	-2603.79
2359	0.372418	-2507.94
2360	0.385341	-2631.26
2361	0.384689	-2658.85
2362	0.383009	-2609.64
2363	0.378248	-2582.59
2364	0.381055	-2571.11
2365	0.381868	-2624.09
2366	0.37808	-2549.47
2367	0.384037	-2669.59
2368	0.379469	-2541.8
2369	0.381905	-2600.53
2370	0.376543	-2567.25
2371	0.372718	-2515.11
2372	0.379391	-2561.65
2373	0.377987	-2540.54
2374	0.380851	-2603.42
2375	0.372287	-2511.01
2376	0.37344	-2508.32
2377	0.372942	-2517.9
2378	0.367754	-2439.37
2379	0.37398	-2484.16
2380	0.376127	-2534.69
2381	0.37787	-2544.38
2382	0.384922	-2686.95
2383	0.375401	-2533.78
2384	0.382689	-2624.28
2385	0.385568	-2685.53
2386	0.377688	-2548.6
2387	0.374959	-2536.41
2388	0.37402	-2524.94
2389	0.37635	-2532.25
2390	0.380375	-2603.38
2391	0.376287	-2553.8
2392	0.384276	-2648.02
2393	0.376729	-2615.93
2394	0.378334	-2572.65
2395	0.379497	-2615.02
2396	0.387392	-2684.2
2397	0.384325	-2666.19
2398	0.376444	-2546.22
2399	0.372507	-2518.21
2400	0.379167	-2556.59
2401	0.389308	-2731.81
2402	0.374268	-2511.28
2403	0.374881	-2527.21
2404	0.370116	-2464.83
2405	0.385769	-2684.04
2406	0.379034	-2585.28
2407	0.386091	-2691.42
2408	0.374429	-2492.36
2409	0.378028	-2593.31
2410	0.378547	-2570.97
2411	0.379413	-2563.09
2412	0.384409	-2674.39
2413	0.380522	-2556.7
2414	0.378675	-2541.02
2415	0.382813	-2612.75
2416	0.379754	-2567.5
2417	0.381783	-2656.6
2418	0.377145	-2559.29
2419	0.384415	-2663.92
2420	0.375869	-2509.9
2421	0.367552	-2453.92
2422	0.377141	-2555.09
2423	0.381432	-2628.49
2424	0.380185	-2637.22
2425	0.389195	-2762.19
2426	0.372608	-2508.72
2427	0.378617	-2592.68
2428	0.368449	-2460.92
2429	0.380787	-2632.67
2430	0.387102	-2699.6
2431	0.374241	-2504.93
2432	0.377728	-2551.56
2433	0.383553	-2667.95
2434	0.379047	-2594.32
2435	0.37967	-2556.22
2436	0.379391	-2608.84
2437	0.389042	-2726.12
2438	0.369053	-2445.89
2439	0.382909	-2683.24
2440	0.388238	-2688.89
2441	0.373985	-2515.97
2442	0.376192	-2540.05
2443	0.376982	-2566.67
2444	0.376318	-2545.34
2445	0.379862	-2585.64
2446	0.38271	-2605.94
2447	0.374905	-2547.22
2448	0.373836	-2530.02
2449	0.373852	-2520.63
2450	0.385792	-2667.34
2451	0.37533	-2516.51
2452	0.380585	-2628.59
2453	0.379157	-2619.87
2454	0.37457	-2529.86
2455	0.374495	-2551.33
2456	0.376983	-2573.91
2457	0.377081	-2563.25
2458	0.369303	-2430.59
2459	0.380824	-2552.25
2460	0.376224	-2575.95
2461	0.382891	-2601.6
2462	0.374544	-2533.1
2463	0.375261	-2514.96
2464	0.381876	-2633.61
2465	0.374242	-2473.99
2466	0.383448	-2655.28
2467	0.372415	-2514.45
2468	0.388643	-2707.71
2469	0.374139	-2509.74
2470	0.378821	-2560.97
2471	0.379672	-2563.21
2472	0.378246	-2550.56
2473	0.379461	-2556.48
2474	0.376081	-2536.84
2475	0.377855	-2561
2476	0.376316	-2570.88
2477	0.374873	-2506.93
2478	0.385257	-2644.86
2479	0.379478	-2581.25
2480	0.376426	-2558.99
2481	0.369618	-2417.03
2482	0.380229	-2555.28
2483	0.375497	-2498.35
2484	0.38709	-2677.34
2485	0.37011	-2468.66
2486	0.375818	-2549.09
2487	0.392543	-2755.35
2488	0.376211	-2522.22
2489	0.376416	-2569.35
2490	0.375478	-2540.07
2491	0.380143	-2594.31
2492	0.385343	-2674.37
2493	0.381503	-2542.68
2494	0.38207	-2641.22
2495	0.375354	-2562.51
2496	0.372363	-2479.13
2497	0.380108	-2619.56
2498	0.385154	-2682.98
2499	0.376818	-2573.22
2500	0.371028	-2478.56
2501	0.376142	-2528.39
2502	0.375995	-2566.85
2503	0.380968	-2592.96
2504	0.387671	-2711.49
2505	0.378033	-2548.34
2506	0.381663	-2613.66
2507	0.375265	-2521.68
2508	0.377659	-2605.28
2509	0.379692	-2575.89
2510	0.373832	-2560.9
2511	0.377183	-2534.51
2512	0.383703	-2674.96
2513	0.373208	-2479.29
2514	0.375393	-2537.29
2515	0.376261	-2540.71
2516	0.372314	-2480.27
2517	0.382803	-2640.56
2518	0.373614	-2489.02
2519	0.374035	-2507.41
2520	0.368883	-2434.54
2521	0.384729	-2644.05
2522	0.382473	-2626.09
2523	0.378926	-2598.41
2524	0.382214	-2617.09
2525	0.383336	-2657.82
2526	0.38015	-2623.76
2527	0.387133	-2699.5
2528	0.384395	-2649.85
2529	0.37451	-2498.39
2530	0.369436	-2491.35
2531	0.377401	-2547.89
2532	0.373297	-2498.43
2533	0.371783	-2490.02
2534	0.369942	-2446.64
2535	0.373112	-2495.78
2536	0.374609	-2484.93
2537	0.379739	-2587.93
2538	0.36596	-2370.5
2539	0.374346	-2501.64
2540	0.372541	-2487.35
2541	0.378311	-2601.92
2542	0.377341	-2566.83
2543	0.375804	-2537.33
2544	0.386438	-2668.46
2545	0.382214	-2586.61
2546	0.375121	-2525.76
2547	0.377957	-2534.48
2548	0.383103	-2627.55
2549	0.377601	-2570.1
2550	0.371992	-2494.17
2551	0.379524	-2606.96
2552	0.381999	-2639.88
2553	0.372335	-2529.01
2554	0.380585	-2562.78
2555	0.384131	-2640.99
2556	0.382907	-2686.54
2557	0.382248	-2613.73
2558	0.381332	-2621.34
2559	0.374701	-2503.75
2560	0.383584	-2608.74
2561	0.378426	-2576.5
2562	0.381241	-2624.32
2563	0.380421	-2613.44
2564	0.383291	-2633.98
2565	0.379062	-2596.06
2566	0.38056	-2630.54
2567	0.383565	-2661.51
2568	0.385527	-2707.62
2569	0.383349	-2656.73
2570	0.373533	-2510.84
2571	0.38045	-2635.41
2572	0.379184	-2548
2573	0.375728	-2484.32
2574	0.38108	-2642.76
2575	0.37397	-2512.8
2576	0.380624	-2603.71
2577	0.376326	-2543.66
2578	0.378201	-2587.91
2579	0.387727	-2714.44
2580	0.38532	-2719.97
2581	0.378966	-2597.24
2582	0.379577	-2554.35
2583	0.371265	-2463.12
2584	0.375383	-2496.73
2585	0.377228	-2568.01
2586	0.383386	-2639.6
2587	0.381859	-2626.62
2588	0.384196	-2658.1
2589	0.374873	-2522.45
2590	0.386373	-2653.65
2591	0.377316	-2561.23
2592	0.377131	-2526.08
2593	0.363156	-2380.27
2594	0.380452	-2639.25
2595	0.380723	-2607.94
2596	0.380492	-2591.03
2597	0.381683	-2607.88
2598	0.385014	-2673.03
2599	0.379566	-2552.4
2600	0.377132	-2547.19
2601	0.385571	-2667.79
2602	0.381519	-2608.8
2603	0.379422	-2649.25
2604	0.378779	-2602.8
2605	0.378453	-2565.51
2606	0.385656	-2711.54
2607	0.371925	-2474.67
2608	0.380027	-2584.59
2609	0.366414	-2411.06
2610	0.382379	-2630.78
2611	0.377742	-2555.84
2612	0.373574	-2531.36
2613	0.378542	-2623.89
2614	0.387075	-2651.58
2615	0.378871	-2618.21
2616	0.383509	-2620.26
2617	0.38515	-2683.46
2618	0.378828	-2559.34
2619	0.382763	-2620.28
2620	0.380936	-2591.72
2621	0.37535	-2556.16
2622	0.382644	-2651.68
2623	0.383717	-2646.78
2624	0.376385	-2573.62
2625	0.375991	-2517.8
2626	0.378537	-2572.01
2627	0.379302	-2567.5
2628	0.383623	-2629.25
2629	0.37256	-2470.2
2630	0.374789	-2521.63
2631	0.378526	-2552.16
2632	0.380748	-2554
2633	0.378133	-2560.86
2634	0.377128	-2553.67
2635	0.37932	-2631.76
2636	0.376787	-2533.99
2637	0.377555	-2561.86
2638	0.381615	-2579.39
2639	0.386656	-2654.74
2640	0.389628	-2747.34
2641	0.379484	-2594.19
2642	0.380835	-2631.27
2643	0.38238	-2650.92
2644	0.382337	-2629.37
2645	0.386153	-2669.95
2646	0.379016	-2604.76
2647	0.378801	-2598.56
2648	0.378813	-2624.47
2649	0.380503	-2630.63
2650	0.381379	-2613.67
2651	0.377459	-2566.27
2652	0.386841	-2679.29
2653	0.377216	-2559.97
2654	0.379061	-2515.55
2655	0.374917	-2482.81
2656	0.387913	-2666.21
2657	0.385376	-2666.83
2658	0.377757	-2549
2659	0.380544	-2599.89
2660	0.375466	-2589.35
2661	0.377188	-2550.04
2662	0.386844	-2683.92
2663	0.378874	-2598.98
2664	0.373057	-2521.47
2665	0.377576	-2528.56
2666	0.379893	-2605.67
2667	0.381983	-2623.51
2668	0.375999	-2552.68
2669	0.378821	-2608.68
2670	0.388368	-2728.79
2671	0.380993	-2580.12
2672	0.373698	-2530.51
2673	0.368815	-2465.68
2674	0.364101	-2413.7
2675	0.382234	-2617.72
2676	0.380414	-2572.2
2677	0.370838	-2434.22
2678	0.374598	-2553.65
2679	0.372911	-2521.5
2680	0.379666	-2586.83
2681	0.376401	-2516.21
2682	0.379866	-2586.74
2683	0.372092	-2495.7
2684	0.383275	-2607.43
2685	0.374307	-2482.54
2686	0.379474	-2623.92
2687	0.37287	-2486.4
2688	0.375244	-2531.09
2689	0.368964	-2470.18
2690	0.373143	-2527.92
2691	0.379215	-2563.31
2692	0.381053	-2627.74
2693	0.380307	-2602.82
2694	0.377638	-2536.49
2695	0.376416	-2503.29
2696	0.37891	-2566.98
2697	0.370669	-2460.16
2698	0.379535	-2602.39
2699	0.383395	-2631.3
2700	0.37955	-2552.9
2701	0.37937	-2615
2702	0.384205	-2664.91
2703	0.38162	-2642.82
2704	0.378663	-2595.41
2705	0.376239	-2520.47
2706	0.37466	-2520.96
2707	0.389102	-2724.35
2708	0.369699	-2471.06
2709	0.37616	-2523.46
2710	0.377781	-2584.64
2711	0.380846	-2597.28
2712	0.375045	-2505.62
2713	0.374504	-2586.51
2714	0.386643	-2672.91
2715	0.379134	-2556.93
2716	0.37675	-2530.99
2717	0.383088	-2612.28
2718	0.38263	-2652.18
2719	0.380393	-2574.74
2720	0.384759	-2672.08
2721	0.38427	-2638.31
2722	0.376928	-2564.04
2723	0.379836	-2623.01
2724	0.376528	-2536.09
2725	0.373552	-2524.69
2726	0.379122	-2559.42
2727	0.373712	-2517.93
2728	0.368425	-2478.95
2729	0.379588	-2588.76
2730	0.376264	-2559.29
2731	0.373818	-2507.45
2732	0.375173	-2543.83
2733	0.372475	-2468.25
2734	0.374483	-2503.79
2735	0.38232	-2633.34
2736	0.373988	-2484.13
2737	0.371912	-2478.89
2738	0.381396	-2644.98
2739	0.382261	-2670.92
2740	0.382009	-2592.6
2741	0.383565	-2673.86
2742	0.392854	-2757.55
2743	0.381488	-2622.41
2744	0.380805	-2598.16
2745	0.383845	-2671.4
2746	0.382156	-2593.1
2747	0.384256	-2650.46
2748	0.373008	-2519.75
2749	0.379755	-2607.51
2750	0.389125	-2745.27
2751	0.380543	-2619.15
2752	0.370428	-2464.03
2753	0.370904	-2468.01
2754	0.379266	-2602.78
2755	0.376656	-2514.72
2756	0.375667	-2512.93
2757	0.379781	-2590.87
2758	0.380706	-2626.6
2759	0.37819	-2584.74
2760	0.384532	-2652.15
2761	0.378153	-2610.01
2762	0.367017	-2434.74
2763	0.374714	-2523.59
2764	0.380991	-2574.43
2765	0.3791	-2596.89
2766	0.384033	-2644.13
2767	0.381888	-2651.22
2768	0.377177	-2562.74
2769	0.383114	-2612.08
2770	0.379372	-2545.91
2771	0.382056	-2612.12
2772	0.38461	-2658.88
2773	0.383604	-2670.05
2774	0.377056	-2554.67
2775	0.380493	-2613.07
2776	0.372515	-2494.22
2777	0.37741	-2547.78
2778	0.388987	-2718.08
2779	0.375797	-2569.47
2780	0.373495	-2487.29
2781	0.385252	-2694.64
2782	0.383113	-2649.69
2783	0.379457	-2588.8
2784	0.377302	-2574.78
2785	0.371	-2497.45
2786	0.383578	-2638.34
2787	0.373119	-2512.85
2788	0.383206	-2637.8
2789	0.380004	-2635.33
2790	0.37936	-2575.74
2791	0.379837	-2571.62
2792	0.380088	-2576.27
2793	0.374093	-2518.58
2794	0.37468	-2529.56
2795	0.374718	-2547.42
2796	0.379254	-2538.61
2797	0.382311	-2628.6
2798	0.379014	-2628.14
2799	0.372778	-2507.37
2800	0.377734	-2562.2
2801	0.381124	-2614.63
2802	0.379467	-2622.24
2803	0.386978	-2698.67
2804	0.394023	-2784.27
2805	0.374541	-2518.02
2806	0.378114	-2567.71
2807	0.375014	-2492.31
2808	0.378975	-2587.37
2809	0.3772	-2547.11
2810	0.373142	-2515.35
2811	0.380988	-2610.37
2812	0.371444	-2489.04
2813	0.384376	-2664.24
2814	0.376256	-2535.3
2815	0.382238	-2590.77
2816	0.384286	-2672.22
2817	0.375165	-2515.63
2818	0.382116	-2647.32
2819	0.376529	-2567.47
2820	0.383894	-2659.21
2821	0.376399	-2542.55
2822	0.386933	-2725.65
2823	0.382479	-2652.99
2824	0.382255	-2622.5
2825	0.378183	-2560.13
2826	0.374637	-2575.22
2827	0.377357	-2502.58
2828	0.384054	-2634.55
2829	0.382614	-2590.64
2830	0.380083	-2593.35
2831	0.387199	-2709.27
2832	0.382563	-2629.86
2833	0.381719	-2605.68
2834	0.379253	-2585.31
2835	0.370631	-2477.92
2836	0.383606	-2639.77
2837	0.379059	-2561.63
2838	0.382956	-2587.38
2839	0.378296	-2595.12
2840	0.379576	-2581.11
2841	0.386209	-2623.83
2842	0.378721	-2579.95
2843	0.37285	-2502.3
2844	0.378837	-2570.2
2845	0.373855	-2520.54
2846	0.378785	-2549.6
2847	0.388519	-2733.83
2848	0.369573	-2461.58
2849	0.380906	-2566.05
2850	0.382353	-2628.7
2851	0.379572	-2589.86
2852	0.379519	-2606.29
2853	0.38061	-2620.88
2854	0.38288	-2615.86
2855	0.379759	-2600.46
2856	0.380673	-2610.13
2857	0.378755	-2542.3
2858	0.372416	-2496.06
2859	0.381651	-2618.23
2860	0.384001	-2641.92
2861	0.377694	-2557.49
2862	0.370592	-2482.22
2863	0.383329	-2688.74
2864	0.371423	-2506.48
2865	0.376876	-2527.03
2866	0.380524	-2614.93
2867	0.378853	-2594.71
2868	0.384388	-2659.13
2869	0.378934	-2579.53
2870	0.371875	-2466.87
2871	0.37579	-2506.93
2872	0.378795	-2663.49
2873	0.370966	-2499.57
2874	0.376591	-2528.38
2875	0.3711	-2479.29
2876	0.380944	-2562.29
2877	0.383267	-2641.66
2878	0.375216	-2536.14
2879	0.376254	-2554.68
2880	0.379827	-2617.59
2881	0.37751	-2520.6
2882	0.385578	-2668.2
2883	0.369615	-2493.2
2884	0.379371	-2586.43
2885	0.371099	-2499.05
2886	0.385106	-2626.56
2887	0.376315	-2523.24
2888	0.384713	-2671.15
2889	0.379332	-2547.15
2890	0.378881	-2544.72
2891	0.377039	-2559.73
2892	0.381308	-2623.34
2893	0.377569	-2556.07
2894	0.383057	-2642.33
2895	0.375505	-2551.18
2896	0.380815	-2605.23
2897	0.381893	-2632.31
2898	0.376947	-2550.17
2899	0.378883	-2608.17
2900	0.382759	-2624.27
2901	0.386015	-2688.94
2902	0.378595	-2548.33
2903	0.379895	-2587.73
2904	0.387072	-2653.73
2905	0.379242	-2587.44
2906	0.379931	-2577.73
2907	0.373104	-2492.08
2908	0.378239	-2578.18
2909	0.381037	-2590.74
2910	0.383643	-2679.67
2911	0.377137	-2581.31
2912	0.380965	-2633.89
2913	0.378903	-2591.94
2914	0.374465	-2534.17
2915	0.380748	-2621.51
2916	0.375897	-2535.86
2917	0.377867	-2556.47
2918	0.374175	-2517.36
2919	0.380419	-2615.34
2920	0.370468	-2496.5
2921	0.385398	-2647.23
2922	0.387787	-2731.06
2923	0.387522	-2672.72
2924	0.387312	-2697.75
2925	0.384742	-2678.19
2926	0.3771	-2562.15
2927	0.380285	-2588.38
2928	0.383303	-2636.87
2929	0.37627	-2576.77
2930	0.369663	-2423.08
2931	0.379237	-2553.55
2932	0.376483	-2588.8
2933	0.373743	-2499.66
2934	0.380743	-2570.25
2935	0.379137	-2578.08
2936	0.371992	-2402.13
2937	0.381606	-2608.82
2938	0.379722	-2597.27
2939	0.380718	-2637.76
2940	0.374493	-2516.28
2941	0.38165	-2635.49
2942	0.382363	-2596.4
2943	0.379565	-2587.16
2944	0.384016	-2597.31
2945	0.379327	-2577.12
2946	0.38101	-2612.2
2947	0.382631	-2607.73
2948	0.386608	-2692.83
2949	0.381444	-2610.8
2950	0.37717	-2587.18
2951	0.379265	-2606.09
2952	0.379669	-2641.33
2953	0.380859	-2596.13
2954	0.379473	-2605.3
2955	0.386895	-2671.94
2956	0.377924	-2585.51
2957	0.376431	-2548.21
2958	0.376228	-2539.33
2959	0.374461	-2555.8
2960	0.381463	-2556.51
2961	0.380095	-2628.28
2962	0.381986	-2615.43
2963	0.380221	-2634.33
2964	0.380197	-2613.44
2965	0.376049	-2542.4
2966	0.387317	-2689.11
2967	0.373553	-2488.59
2968	0.37041	-2470.46
2969	0.384207	-2639.74
2970	0.379916	-2616.73
2971	0.378614	-2623.92
2972	0.383864	-2643.36
2973	0.374227	-2501.63
2974	0.377724	-2571.11
2975	0.376275	-2542.42
2976	0.37947	-2613.94
2977	0.387521	-2704.57
2978	0.385506	-2694.88
2979	0.378063	-2575.39
2980	0.378437	-2577.78
2981	0.37481	-2573.81
2982	0.384186	-2674.32
2983	0.375393	-2542.23
2984	0.391403	-2772.02
2985	0.387333	-2698.64
2986	0.372618	-2475.75
2987	0.372251	-2444.88
2988	0.374749	-2583.73
2989	0.37615	-2508.97
2990	0.376439	-2527.86
2991	0.379602	-2567.12
2992	0.379855	-2616.97
2993	0.382556	-2635.87
2994	0.378427	-2555.94
2995	0.376369	-2526.35
2996	0.382897	-2627.91
2997	0.380959	-2631.13
2998	0.379111	-2585.26
2999	0.374831	-2488.51
