0	0.36385	-2379.23
1	0.379807	-2574.47
2	0.374501	-2513.18
3	0.389351	-2716.68
4	0.38336	-2648.45
5	0.381438	-2612.86
6	0.378785	-2549.07
7	0.376401	-2532.79
8	0.372976	-2482.96
9	0.378622	-2589.64
10	0.380573	-2614.31
11	0.377395	-2558.39
12	0.381123	-2611.28
13	0.380606	-2577.09
14	0.380682	-2579.26
15	0.382845	-2617.29
16	0.377563	-2580.29
17	0.373832	-2502.34
18	0.370336	-2418.44
19	0.375514	-2522.56
20	0.382185	-2633.04
21	0.374713	-2518.61
22	0.369938	-2475.95
23	0.38691	-2695.32
24	0.387227	-2743.31
25	0.372922	-2495.2
26	0.379318	-2604.86
27	0.384745	-2644.81
28	0.378535	-2584.15
29	0.379422	-2587.15
30	0.375541	-2554.33
31	0.373745	-2525.56
32	0.380795	-2588.24
33	0.382952	-2664.38
34	0.379587	-2585.09
35	0.37656	-2545.5
36	0.380556	-2611.6
37	0.370496	-2489.74
38	0.382651	-2661.45
39	0.380432	-2615.72
40	0.370629	-2461.19
41	0.380619	-2598.94
42	0.36617	-2407.49
43	0.383486	-2620.35
44	0.37299	-2517.92
45	0.377597	-2553.66
46	0.374515	-2512.52
47	0.377857	-2559.35
48	0.375101	-2543.23
49	0.378153	-2614.73
50	0.379273	-2585.54
51	0.380208	-2577.3
52	0.371713	-2519.68
53	0.394041	-2812
54	0.375351	-2552.98
55	0.377303	-2516.44
56	0.376982	-2506.81
57	0.368019	-2443.69
58	0.37471	-2521.7
59	0.373974	-2517.58
60	0.375687	-2521.37
61	0.379462	-2572.85
62	0.378407	-2555.57
63	0.375419	-2549.59
64	0.383718	-2656.68
65	0.377795	-2545.65
66	0.383671	-2673.11
67	0.379022	-2604.41
68	0.384081	-2680.28
69	0.376565	-2508
70	0.376136	-2526.29
71	0.378221	-2566.94
72	0.370419	-2452.39
73	0.375679	-2533.49
74	0.382038	-2656.86
75	0.375764	-2504.66
76	0.378272	-2545.55
77	0.388264	-2745.13
78	0.378467	-2606.85
79	0.373077	-2515.28
80	0.379477	-2586.56
81	0.381258	-2621.74
82	0.368865	-2442.77
83	0.376071	-2513.71
84	0.38322	-2656.72
85	0.375629	-2565.67
86	0.372191	-2503.9
87	0.374721	-2545.29
88	0.373578	-2504.92
89	0.376037	-2543.41
90	0.374463	-2549.25
91	0.370859	-2489.96
92	0.377614	-2553.81
93	0.37359	-2499.47
94	0.372073	-2487.69
95	0.384838	-2691.23
96	0.376724	-2584.89
97	0.374129	-2518.28
98	0.370706	-2461.63
99	0.384376	-2685.41
100	0.375709	-2517.54
101	0.38531	-2653.25
102	0.365709	-2408.21
103	0.384279	-2635.77
104	0.380453	-2580.47
105	0.373403	-2496.63
106	0.374792	-2518.36
107	0.368926	-2441.19
108	0.376224	-2530.28
109	0.376381	-2557.27
110	0.389442	-2738.79
111	0.375266	-2531.8
112	0.369244	-2413.88
113	0.376729	-2575.89
114	0.375317	-2511.02
115	0.371474	-2464.29
116	0.377929	-2545.06
117	0.369484	-2472.91
118	0.382583	-2611.19
119	0.374114	-2568.98
120	0.379759	-2565.76
121	0.385819	-2699.32
122	0.382468	-2645.21
123	0.369806	-2458.2
124	0.38066	-2594.31
125	0.373628	-2511.56
126	0.371523	-2469.63
127	0.375559	-2551.79
128	0.377996	-2531.73
129	0.373789	-2520.69
130	0.385252	-2656.09
131	0.373159	-2524.59
132	0.378615	-2590.55
133	0.378586	-2542.94
134	0.383426	-2659.45
135	0.372971	-2536.03
136	0.370209	-2472.35
137	0.385321	-2663.4
138	0.384732	-2690.68
139	0.376179	-2576.1
140	0.380273	-2572.35
141	0.379285	-2586.98
142	0.377069	-2543.66
143	0.375253	-2536.98
144	0.374184	-2520.79
145	0.384368	-2663.82
146	0.383006	-2620.75
147	0.37496	-2536.11
148	0.371556	-2500.41
149	0.38921	-2729.04
150	0.379373	-2561.63
151	0.379223	-2623.12
152	0.375745	-2549.28
153	0.379728	-2615.85
154	0.377241	-2504.97
155	0.379428	-2561.08
156	0.378022	-2587.39
157	0.38788	-2695.09
158	0.376256	-2550.18
159	0.383619	-2669.43
160	0.375006	-2533.41
161	0.37865	-2520.74
162	0.378216	-2520.73
163	0.369432	-2436.07
164	0.374674	-2528.31
165	0.376267	-2520.9
166	0.373949	-2545.56
167	0.375224	-2539.79
168	0.376798	-2581.36
169	0.374576	-2498.45
170	0.372075	-2489.59
171	0.383001	-2612.78
172	0.369724	-2496.5
173	0.378834	-2549.49
174	0.375113	-2515.23
175	0.371434	-2512.56
176	0.379006	-2598.75
177	0.3838	-2630.71
178	0.384418	-2657.4
179	0.382688	-2642.19
180	0.383968	-2663.16
181	0.367651	-2427.31
182	0.373555	-2492.66
183	0.38057	-2615.06
184	0.369599	-2466.06
185	0.378251	-2562.07
186	0.375375	-2516.78
187	0.378414	-2527.6
188	0.383875	-2618.94
189	0.374577	-2530.38
190	0.379139	-2581.18
191	0.376769	-2542.24
192	0.373222	-2473.22
193	0.385223	-2693.74
194	0.375531	-2482.53
195	0.369077	-2419.38
196	0.382281	-2574.97
197	0.375227	-2474.02
198	0.380922	-2634.33
199	0.384837	-2659.03
200	0.375891	-2530.65
201	0.377926	-2589.96
202	0.376705	-2525.76
203	0.377453	-2600.05
204	0.377767	-2568.84
205	0.38141	-2653.26
206	0.375948	-2527.43
207	0.368958	-2441.25
208	0.371837	-2517.46
209	0.369494	-2443.83
210	0.375304	-2577.67
211	0.381752	-2598.94
212	0.380701	-2640.14
213	0.37932	-2597.26
214	0.368997	-2459.57
215	0.373325	-2547.9
216	0.380497	-2614.34
217	0.374477	-2525.61
218	0.369423	-2412.11
219	0.378042	-2569.65
220	0.379451	-2576.9
221	0.377209	-2540.51
222	0.375607	-2497.26
223	0.378445	-2588.45
224	0.369142	-2449
225	0.381001	-2620.26
226	0.370772	-2484.01
227	0.383157	-2587.59
228	0.375223	-2545.12
229	0.376783	-2546.84
230	0.387878	-2708.06
231	0.387319	-2673.76
232	0.374101	-2493.09
233	0.374809	-2529.83
234	0.383118	-2584.66
235	0.374674	-2507.44
236	0.380753	-2584.09
237	0.371605	-2474.99
238	0.38385	-2624.89
239	0.371495	-2508.36
240	0.380082	-2619.6
241	0.379083	-2556.42
242	0.382508	-2667.1
243	0.370134	-2459.24
244	0.3769	-2530.2
245	0.378727	-2559.5
246	0.3779	-2565.74
247	0.378406	-2568.01
248	0.380503	-2596.36
249	0.380369	-2622.73
250	0.373903	-2521.21
251	0.381288	-2611.92
252	0.373255	-2483.69
253	0.379838	-2619.43
254	0.379958	-2585.36
255	0.380046	-2611.15
256	0.377229	-2558.96
257	0.376516	-2586.98
258	0.374511	-2536.19
259	0.380416	-2554.03
260	0.378022	-2537.29
261	0.382169	-2610.25
262	0.379419	-2588.58
263	0.37524	-2537.91
264	0.371988	-2471.18
265	0.381767	-2621.13
266	0.366366	-2412.81
267	0.37641	-2582.38
268	0.379813	-2593.11
269	0.385646	-2676.41
270	0.374805	-2514.47
271	0.383981	-2606.05
272	0.366752	-2393.22
273	0.376093	-2501.03
274	0.374631	-2538.9
275	0.379284	-2571.33
276	0.380345	-2603.26
277	0.376471	-2540.21
278	0.375694	-2517.52
279	0.373337	-2476.49
280	0.386011	-2704.42
281	0.376582	-2555.95
282	0.381327	-2624.82
283	0.369269	-2420.59
284	0.373732	-2500.67
285	0.385964	-2634.88
286	0.378084	-2535.66
287	0.3743	-2514.16
288	0.383984	-2656.14
289	0.381984	-2642.74
290	0.378631	-2597.67
291	0.382264	-2617.01
292	0.371097	-2490.1
293	0.383985	-2579.18
294	0.387126	-2687
295	0.383899	-2664.28
296	0.374818	-2543.65
297	0.381621	-2578.12
298	0.382027	-2600.29
299	0.37786	-2546.71
300	0.381141	-2617.76
301	0.375901	-2527.56
302	0.381527	-2648.73
303	0.369639	-2441.46
304	0.372212	-2478.37
305	0.374612	-2485.62
306	0.378022	-2548.89
307	0.379263	-2623.94
308	0.370043	-2455.61
309	0.37006	-2452.89
310	0.385533	-2699.7
311	0.384955	-2656.75
312	0.378185	-2561.5
313	0.373909	-2533.05
314	0.38072	-2646.2
315	0.374281	-2519.21
316	0.376264	-2561.03
317	0.375411	-2508.3
318	0.37706	-2553.88
319	0.378567	-2553.34
320	0.376662	-2583.77
321	0.375476	-2579.52
322	0.371368	-2466.64
323	0.3734	-2470.34
324	0.366905	-2469.15
325	0.38577	-2649.56
326	0.37667	-2607.74
327	0.380986	-2605.77
328	0.374357	-2544.88
329	0.379269	-2600.51
330	0.381423	-2578.22
331	0.369584	-2452.21
332	0.378417	-2547.66
333	0.379924	-2536.67
334	0.375167	-2553.09
335	0.381038	-2614.51
336	0.385275	-2659.51
337	0.383204	-2666.68
338	0.373721	-2488.3
339	0.374032	-2558.09
340	0.379838	-2591.21
341	0.378627	-2601.58
342	0.375946	-2553.19
343	0.376349	-2539.16
344	0.381818	-2635
345	0.38199	-2660.5
346	0.378018	-2583.97
347	0.376671	-2580.84
348	0.377585	-2536.63
349	0.380734	-2586.77
350	0.375052	-2511.51
351	0.373822	-2500.1
352	0.378701	-2550.95
353	0.380551	-2613.77
354	0.371423	-2466.37
355	0.372573	-2497.59
356	0.370459	-2539.8
357	0.380935	-2590.76
358	0.385243	-2664.14
359	0.369713	-2353.73
360	0.377422	-2560.72
361	0.369315	-2442.64
362	0.377095	-2551.97
363	0.37924	-2570.8
364	0.375381	-2511.04
365	0.372517	-2497.79
366	0.375046	-2554.23
367	0.375471	-2525.63
368	0.369684	-2419.11
369	0.371282	-2475.59
370	0.376849	-2532.9
371	0.369778	-2484.29
372	0.367548	-2387.4
373	0.379746	-2600.85
374	0.382544	-2614.48
375	0.383184	-2645.04
376	0.37751	-2577.67
377	0.373742	-2530.69
378	0.381583	-2602.63
379	0.375041	-2495.62
380	0.381953	-2602.21
381	0.383478	-2625.02
382	0.370733	-2498.19
383	0.378702	-2592.62
384	0.376117	-2536.48
385	0.383766	-2611.2
386	0.378416	-2539.57
387	0.374948	-2529.3
388	0.369861	-2479.36
389	0.381032	-2613.83
390	0.385421	-2705.81
391	0.36973	-2403.66
392	0.377191	-2533.98
393	0.37701	-2557.07
394	0.381874	-2638.06
395	0.382898	-2645.84
396	0.372312	-2458.65
397	0.376079	-2519.08
398	0.38037	-2570.5
399	0.394765	-2787.34
400	0.380177	-2585.37
401	0.377075	-2542.68
402	0.375019	-2511.6
403	0.379221	-2589.94
404	0.38306	-2653.5
405	0.381733	-2658.69
406	0.376433	-2567.2
407	0.38488	-2650.09
408	0.377093	-2575.29
409	0.379288	-2569.2
410	0.379693	-2605.39
411	0.373851	-2487.36
412	0.372996	-2484.33
413	0.377585	-2508.82
414	0.373846	-2524.09
415	0.36499	-2433.88
416	0.381141	-2601.48
417	0.376009	-2552.63
418	0.381619	-2589.14
419	0.373456	-2525.57
420	0.384182	-2612.25
421	0.381876	-2617.69
422	0.37594	-2505.49
423	0.381193	-2659.8
424	0.380478	-2578.13
425	0.371811	-2480.76
426	0.37939	-2589.61
427	0.378405	-2542.05
428	0.374455	-2530.09
429	0.374323	-2529.75
430	0.371518	-2465.79
431	0.371464	-2457.65
432	0.382982	-2688.48
433	0.37395	-2510.82
434	0.384922	-2657.49
435	0.371528	-2429.24
436	0.379361	-2587.05
437	0.381775	-2622.84
438	0.380289	-2668.18
439	0.378828	-2604.27
440	0.384211	-2673.43
441	0.383807	-2602.27
442	0.374663	-2555.85
443	0.380881	-2633.3
444	0.382362	-2644.35
445	0.380743	-2588.52
446	0.379111	-2548.19
447	0.373031	-2475.12
448	0.381058	-2588.69
449	0.387559	-2729.2
450	0.380847	-2622.8
451	0.375471	-2565.09
452	0.382148	-2636.57
453	0.373683	-2487.21
454	0.381913	-2628.86
455	0.38125	-2584.61
456	0.375821	-2564.99
457	0.378996	-2619.02
458	0.375928	-2559.51
459	0.374148	-2561.57
460	0.374572	-2514.97
461	0.372648	-2502.11
462	0.376458	-2541.41
463	0.374205	-2468.38
464	0.38112	-2632.28
465	0.383028	-2637.75
466	0.383757	-2654.1
467	0.384892	-2674.59
468	0.381998	-2622.46
469	0.36681	-2423.18
470	0.376019	-2543.43
471	0.386931	-2653.99
472	0.382531	-2615.57
473	0.389369	-2725.29
474	0.375705	-2492.83
475	0.375638	-2531.19
476	0.376108	-2504.89
477	0.377895	-2575.44
478	0.379965	-2571.43
479	0.381805	-2629.1
480	0.375396	-2533.09
481	0.375254	-2563.27
482	0.381598	-2636.54
483	0.380512	-2618.38
484	0.380906	-2604.9
485	0.378714	-2586.64
486	0.38073	-2629.53
487	0.383033	-2690.38
488	0.37664	-2587.91
489	0.381363	-2598.9
490	0.383274	-2654.62
491	0.378445	-2627.42
492	0.375841	-2556.14
493	0.379794	-2596.17
494	0.374649	-2493.12
495	0.376385	-2541.85
496	0.376405	-2529.63
497	0.377778	-2570.82
498	0.369438	-2437.17
499	0.380979	-2604.97
500	0.374168	-2485
501	0.371901	-2492.3
502	0.378816	-2583.96
503	0.380743	-2627.03
504	0.37187	-2471.25
505	0.373248	-2522.81
506	0.381654	-2600.23
507	0.37757	-2560.4
508	0.368957	-2416.84
509	0.375914	-2533.77
510	0.376535	-2595.09
511	0.37905	-2572.55
512	0.376614	-2579.52
513	0.369596	-2462.59
514	0.385239	-2638.28
515	0.375156	-2562.98
516	0.379681	-2580.09
517	0.379652	-2599.08
518	0.376846	-2515.73
519	0.381038	-2585.19
520	0.383274	-2629.73
521	0.373329	-2549.48
522	0.378032	-2545.89
523	0.373719	-2521.2
524	0.369934	-2455.19
525	0.374461	-2532.96
526	0.375334	-2514.66
527	0.388256	-2712.78
528	0.375229	-2547.79
529	0.377745	-2581.59
530	0.381313	-2596.77
531	0.383751	-2601.47
532	0.381776	-2607.95
533	0.375075	-2521.34
534	0.377251	-2555.02
535	0.376129	-2523.55
536	0.374236	-2535.39
537	0.38407	-2663.29
538	0.370105	-2435.54
539	0.379888	-2625.51
540	0.380165	-2595.82
541	0.377644	-2567.74
542	0.380497	-2576.33
543	0.3773	-2509.42
544	0.373172	-2450.23
545	0.365657	-2430.13
546	0.376779	-2543.62
547	0.378279	-2568.49
548	0.374434	-2574.19
549	0.373119	-2507.66
550	0.369711	-2383.37
551	0.383065	-2651.82
552	0.377969	-2505.02
553	0.37013	-2446.64
554	0.371808	-2514.56
555	0.382085	-2620.86
556	0.377059	-2530.9
557	0.379477	-2616.77
558	0.374806	-2573.09
559	0.373349	-2502.09
560	0.37633	-2545.34
561	0.375758	-2559.51
562	0.373368	-2476
563	0.383308	-2639.39
564	0.378429	-2550.73
565	0.378611	-2555.76
566	0.375517	-2556.35
567	0.384867	-2636.03
568	0.373701	-2478.77
569	0.385637	-2712.03
570	0.379858	-2592.7
571	0.372754	-2559.03
572	0.376321	-2574.94
573	0.382518	-2672.85
574	0.367841	-2445.71
575	0.37997	-2606.51
576	0.379072	-2625.56
577	0.374969	-2540.85
578	0.375732	-2560.76
579	0.384885	-2652.58
580	0.368734	-2450.56
581	0.382574	-2606.02
582	0.383168	-2637.55
583	0.373268	-2527.09
584	0.370094	-2496.45
585	0.373695	-2491.83
586	0.380156	-2651.16
587	0.373786	-2538.35
588	0.379981	-2627.13
589	0.37843	-2570.35
590	0.370019	-2438.28
591	0.379131	-2605.66
592	0.376993	-2528.37
593	0.381605	-2578.8
594	0.370265	-2462
595	0.377881	-2602.93
596	0.374646	-2554.7
597	0.381618	-2600.86
598	0.37602	-2549.75
599	0.376466	-2569.71
600	0.37681	-2574.66
601	0.372057	-2458.39
602	0.38234	-2630.26
603	0.376675	-2574.11
604	0.381179	-2628.06
605	0.379925	-2610.05
606	0.380418	-2625.92
607	0.374775	-2518.69
608	0.385207	-2651.33
609	0.379567	-2622.79
610	0.375847	-2515.62
611	0.381507	-2603.35
612	0.382655	-2651.73
613	0.382996	-2656.31
614	0.387944	-2703.48
615	0.378344	-2565.97
616	0.374387	-2510.86
617	0.378806	-2563.1
618	0.381461	-2591.91
619	0.381696	-2634.39
620	0.380513	-2608.96
621	0.382725	-2623.44
622	0.371815	-2472.54
623	0.374317	-2514.48
624	0.383234	-2674.14
625	0.369286	-2446.13
626	0.381055	-2594.04
627	0.376405	-2532.65
628	0.380934	-2635.08
629	0.375037	-2556.66
630	0.375635	-2548.02
631	0.380748	-2593.71
632	0.376659	-2589.71
633	0.375959	-2530.86
634	0.377312	-2573.53
635	0.366292	-2430.68
636	0.375929	-2559.35
637	0.38003	-2561.02
638	0.372539	-2514.76
639	0.383929	-2686.85
640	0.378895	-2581.97
641	0.381443	-2599.01
642	0.378384	-2534.17
643	0.378159	-2568.44
644	0.379925	-2585.36
645	0.373873	-2533.21
646	0.375676	-2546.88
647	0.376016	-2552.38
648	0.380175	-2579.55
649	0.379841	-2594.7
650	0.37697	-2530.93
651	0.374107	-2513.93
652	0.380009	-2573.1
653	0.387861	-2684.62
654	0.378328	-2544.59
655	0.374518	-2534.32
656	0.380656	-2629.45
657	0.383848	-2625.62
658	0.382556	-2575.09
659	0.38422	-2655.42
660	0.371977	-2482.04
661	0.373939	-2528
662	0.377354	-2569.06
663	0.381529	-2654.64
664	0.378324	-2579.3
665	0.369316	-2466.97
666	0.386279	-2690.63
667	0.376102	-2522.57
668	0.375194	-2552.72
669	0.373807	-2517.59
670	0.367075	-2440.86
671	0.372191	-2506.59
672	0.375492	-2547.71
673	0.366929	-2442.13
674	0.385251	-2701.05
675	0.375288	-2504.1
676	0.382105	-2610.95
677	0.37827	-2566.57
678	0.373764	-2487.78
679	0.378108	-2523.85
680	0.380479	-2590.62
681	0.367813	-2414.12
682	0.383882	-2682.73
683	0.379668	-2591.07
684	0.384889	-2686.11
685	0.378309	-2575.1
686	0.388218	-2724.02
687	0.375198	-2521.48
688	0.375403	-2532.09
689	0.390127	-2729.27
690	0.371329	-2453.8
691	0.38177	-2609.37
692	0.376956	-2538.28
693	0.368094	-2432.32
694	0.380431	-2586.07
695	0.375184	-2485.7
696	0.378132	-2543.74
697	0.374955	-2549.48
698	0.372858	-2499.54
699	0.370834	-2481.15
700	0.369159	-2421.65
701	0.382101	-2616.09
702	0.38024	-2633.09
703	0.378461	-2571
704	0.377376	-2558.9
705	0.373828	-2498.63
706	0.383235	-2657.67
707	0.372733	-2493.36
708	0.376466	-2486.4
709	0.375609	-2533.86
710	0.382204	-2650.41
711	0.382938	-2630.45
712	0.376288	-2541.04
713	0.378304	-2592.83
714	0.375425	-2546.1
715	0.383082	-2673.72
716	0.387111	-2679.08
717	0.381916	-2622.07
718	0.385197	-2635.8
719	0.368629	-2420.95
720	0.372368	-2506.51
721	0.372748	-2482.55
722	0.377227	-2544.99
723	0.375398	-2525.64
724	0.383663	-2646
725	0.371973	-2467.73
726	0.371942	-2517.11
727	0.377609	-2552.96
728	0.366977	-2371.04
729	0.371257	-2469.41
730	0.379829	-2585.85
731	0.373481	-2466.94
732	0.371952	-2445.57
733	0.380558	-2623.19
734	0.381649	-2639.5
735	0.370848	-2475.56
736	0.373497	-2498.54
737	0.377981	-2599.88
738	0.371922	-2497
739	0.379272	-2600.1
740	0.374527	-2544.66
741	0.378699	-2554.98
742	0.387789	-2712.31
743	0.376651	-2541.46
744	0.372697	-2486.29
745	0.379084	-2570.92
746	0.374676	-2483
747	0.371881	-2482.35
748	0.378616	-2611.3
749	0.376679	-2586.7
750	0.381942	-2640.75
751	0.386427	-2664.14
752	0.374515	-2542.2
753	0.383552	-2597.99
754	0.37794	-2559.37
755	0.376328	-2512.35
756	0.373415	-2490.57
757	0.374497	-2470.11
758	0.379122	-2588.81
759	0.381328	-2603.09
760	0.377328	-2546.52
761	0.385543	-2676.04
762	0.371114	-2449.95
763	0.385538	-2692.14
764	0.374834	-2529.83
765	0.367129	-2444.85
766	0.378128	-2550.9
767	0.378542	-2570.25
768	0.375723	-2546.26
769	0.382417	-2640.26
770	0.374963	-2525.59
771	0.377134	-2547.21
772	0.375137	-2487.59
773	0.372899	-2513.06
774	0.375191	-2542.36
775	0.372864	-2496.79
776	0.375471	-2580.79
777	0.380276	-2567.7
778	0.379617	-2572.43
779	0.377004	-2567.62
780	0.380624	-2639
781	0.383726	-2648.65
782	0.380807	-2632.4
783	0.3844	-2635.2
784	0.380595	-2616.59
785	0.382558	-2622.72
786	0.381454	-2641.14
787	0.375116	-2499.06
788	0.375908	-2559.78
789	0.375031	-2538.63
790	0.381605	-2630.14
791	0.376519	-2561.77
792	0.378237	-2560.09
793	0.374865	-2549.88
794	0.382174	-2628.63
795	0.380155	-2607.55
796	0.376543	-2558.71
797	0.378755	-2573.82
798	0.379081	-2551.03
799	0.374313	-2511.82
800	0.367111	-2432.6
801	0.386864	-2692.55
802	0.380697	-2589.12
803	0.382275	-2576.74
804	0.384773	-2675.42
805	0.381987	-2622.92
806	0.381701	-2593.53
807	0.373021	-2534.47
808	0.378047	-2534.26
809	0.373712	-2550.62
810	0.376572	-2539.4
811	0.371495	-2470.26
812	0.386082	-2690.92
813	0.379594	-2628.97
814	0.381217	-2665.45
815	0.370711	-2487.66
816	0.377877	-2577.74
817	0.372398	-2467.8
818	0.37462	-2542.74
819	0.383018	-2670.27
820	0.376074	-2521.38
821	0.380307	-2606.53
822	0.385442	-2644.03
823	0.381534	-2642.67
824	0.383651	-2616.32
825	0.382387	-2602.45
826	0.383138	-2623.41
827	0.378207	-2591.45
828	0.379367	-2540.68
829	0.381543	-2633.33
830	0.375752	-2527.09
831	0.370547	-2453.33
832	0.374556	-2533.19
833	0.375411	-2546.95
834	0.371688	-2450.98
835	0.371495	-2495.75
836	0.383848	-2656.4
837	0.369554	-2460.71
838	0.379276	-2569.13
839	0.38218	-2656.09
840	0.379852	-2589.5
841	0.378962	-2616.64
842	0.368994	-2422.6
843	0.376678	-2560.73
844	0.382985	-2605.3
845	0.378896	-2549.02
846	0.382174	-2654.57
847	0.371998	-2482.01
848	0.377021	-2530.1
849	0.38582	-2674.35
850	0.377799	-2545.69
851	0.378419	-2595.02
852	0.368537	-2458.03
853	0.374526	-2544.48
854	0.377709	-2568.86
855	0.367272	-2457.72
856	0.387207	-2689.79
857	0.371681	-2496.52
858	0.373702	-2476.67
859	0.388091	-2715.69
860	0.38094	-2581.53
861	0.371645	-2483.38
862	0.372067	-2483.65
863	0.377743	-2548.91
864	0.373879	-2513.42
865	0.376968	-2584.54
866	0.377884	-2567.28
867	0.380205	-2603.5
868	0.384213	-2628.2
869	0.374017	-2481.23
870	0.373962	-2534.84
871	0.384439	-2669.97
872	0.376846	-2568.09
873	0.379751	-2547.42
874	0.375316	-2538.05
875	0.375224	-2542.16
876	0.372546	-2489.64
877	0.375056	-2537.95
878	0.376417	-2501.36
879	0.377068	-2564.63
880	0.375265	-2514.28
881	0.376185	-2568.01
882	0.376281	-2561.21
883	0.377958	-2551.08
884	0.385594	-2618.5
885	0.374385	-2541.82
886	0.375234	-2565.63
887	0.377623	-2545.34
888	0.373115	-2503.47
889	0.382384	-2608.57
890	0.382425	-2619.39
891	0.373857	-2569.14
892	0.38513	-2661.64
893	0.362664	-2395.74
894	0.372732	-2512.8
895	0.384176	-2644.86
896	0.382739	-2613.17
897	0.373884	-2503.36
898	0.38061	-2617.04
899	0.384592	-2652.35
900	0.382583	-2658.05
901	0.384479	-2667.65
902	0.371406	-2471.78
903	0.374558	-2535.9
904	0.37149	-2501.98
905	0.380017	-2585.09
906	0.378509	-2550.78
907	0.384989	-2624.22
908	0.375528	-2541.06
909	0.381782	-2604.04
910	0.382354	-2632.52
911	0.370173	-2450.95
912	0.372983	-2511.79
913	0.373244	-2495.32
914	0.372078	-2450.79
915	0.380911	-2615.62
916	0.37815	-2596.64
917	0.378196	-2562.2
918	0.365638	-2442.76
919	0.376501	-2552.04
920	0.378331	-2527.9
921	0.378818	-2587.68
922	0.375219	-2553.24
923	0.376362	-2537.1
924	0.372212	-2463.49
925	0.366268	-2378.48
926	0.388812	-2714.34
927	0.367093	-2424.08
928	0.374589	-2544.84
929	0.380613	-2577.34
930	0.382463	-2626.07
931	0.38444	-2624.13
932	0.377752	-2569.85
933	0.383677	-2643.72
934	0.380251	-2636.02
935	0.378064	-2578.76
936	0.375134	-2492.28
937	0.384215	-2702.1
938	0.377255	-2532.07
939	0.371334	-2464.64
940	0.375149	-2496.58
941	0.372842	-2546.14
942	0.382159	-2623.67
943	0.377601	-2547.17
944	0.375086	-2585.66
945	0.376608	-2526.91
946	0.378981	-2540.4
947	0.368795	-2463.62
948	0.378852	-2510.15
949	0.375971	-2563.01
950	0.373549	-2504.81
951	0.379151	-2627.8
952	0.377742	-2592.49
953	0.387158	-2742.39
954	0.379003	-2562.5
955	0.384129	-2615.54
956	0.37032	-2437.93
957	0.373954	-2533.96
958	0.381084	-2615.85
959	0.374532	-2553.48
960	0.376194	-2535.6
961	0.370707	-2466.37
962	0.380882	-2595.82
963	0.375894	-2544.48
964	0.373432	-2532.22
965	0.381602	-2642.76
966	0.375594	-2500.71
967	0.37866	-2556.19
968	0.374332	-2552.67
969	0.369694	-2485.44
970	0.370278	-2441.05
971	0.367205	-2379.8
972	0.371646	-2478.51
973	0.382988	-2626.35
974	0.371405	-2440.73
975	0.385335	-2674.09
976	0.382416	-2628.54
977	0.376849	-2528.48
978	0.374066	-2521.78
979	0.38714	-2722.6
980	0.368604	-2425.19
981	0.380049	-2573.99
982	0.373686	-2478.16
983	0.378279	-2571.43
984	0.379879	-2622.82
985	0.361521	-2375.81
986	0.375267	-2493.97
987	0.368021	-2445.65
988	0.384407	-2723.07
989	0.378123	-2565.09
990	0.383258	-2643.6
991	0.375713	-2567.38
992	0.376857	-2562.46
993	0.381758	-2584.01
994	0.379272	-2606.21
995	0.372655	-2487.61
996	0.390825	-2757.83
997	0.37441	-2528.62
998	0.373863	-2483.19
999	0.369541	-2460.03
1000	0.378615	-2580.11
1001	0.37524	-2554.1
1002	0.377621	-2547
1003	0.374599	-2527.05
1004	0.377379	-2561.57
1005	0.382529	-2660.07
1006	0.377947	-2567.99
1007	0.388828	-2710.16
1008	0.362412	-2342.78
1009	0.375002	-2505.96
1010	0.381715	-2649.35
1011	0.37871	-2585.17
1012	0.377705	-2550.67
1013	0.385547	-2656.15
1014	0.367481	-2422.58
1015	0.372686	-2506.5
1016	0.382967	-2619.92
1017	0.37865	-2563.35
1018	0.382459	-2622.67
1019	0.373702	-2524.91
1020	0.37766	-2568.37
1021	0.371875	-2447.14
1022	0.381394	-2631.88
1023	0.384878	-2647.72
1024	0.377909	-2547.21
1025	0.377047	-2553.82
1026	0.383063	-2633.34
1027	0.380147	-2618.13
1028	0.372674	-2466.22
1029	0.372629	-2528.43
1030	0.375349	-2523.98
1031	0.379958	-2629.84
1032	0.378629	-2546.1
1033	0.380099	-2627.65
1034	0.381721	-2600.57
1035	0.371109	-2509.39
1036	0.38378	-2649.65
1037	0.37508	-2550.81
1038	0.380462	-2623.77
1039	0.368593	-2481.03
1040	0.390776	-2761.26
1041	0.383686	-2639.88
1042	0.37353	-2537.45
1043	0.380253	-2590.74
1044	0.375407	-2497.99
1045	0.377991	-2570.82
1046	0.376432	-2563.11
1047	0.378663	-2601.06
1048	0.376023	-2558.76
1049	0.37906	-2578.61
1050	0.383997	-2703.7
1051	0.38631	-2669.73
1052	0.374736	-2576.18
1053	0.371081	-2475.05
1054	0.38149	-2642.04
1055	0.385056	-2693.2
1056	0.373078	-2533.05
1057	0.377735	-2550.98
1058	0.378575	-2590.9
1059	0.370388	-2496.97
1060	0.379682	-2539.6
1061	0.380026	-2590.69
1062	0.376098	-2531.4
1063	0.376507	-2551.05
1064	0.376841	-2520.71
1065	0.371483	-2415.26
1066	0.374529	-2542.9
1067	0.374879	-2572.38
1068	0.379259	-2622.24
1069	0.382367	-2625.61
1070	0.376645	-2506.05
1071	0.379135	-2562.63
1072	0.372882	-2510.71
1073	0.384132	-2668.93
1074	0.376404	-2599.85
1075	0.374952	-2532.23
1076	0.378619	-2540.55
1077	0.385417	-2667.22
1078	0.367619	-2410.54
1079	0.377343	-2563.32
1080	0.383995	-2679.64
1081	0.37249	-2498.15
1082	0.371584	-2476.81
1083	0.375072	-2547.81
1084	0.375821	-2540.67
1085	0.376601	-2557.16
1086	0.379364	-2577.75
1087	0.383925	-2659.5
1088	0.378932	-2551.71
1089	0.379275	-2624.37
1090	0.384391	-2642.82
1091	0.380938	-2583.03
1092	0.381608	-2635.64
1093	0.381858	-2611
1094	0.376197	-2570.05
1095	0.379049	-2562.55
1096	0.375363	-2544.75
1097	0.370624	-2455.91
1098	0.372567	-2498.55
1099	0.383989	-2619.42
1100	0.389026	-2696.73
1101	0.377708	-2549.19
1102	0.382094	-2621.49
1103	0.381944	-2636.65
1104	0.377974	-2557.99
1105	0.369185	-2437.46
1106	0.38725	-2728.01
1107	0.376116	-2580.98
1108	0.388403	-2728.79
1109	0.371945	-2459.61
1110	0.380985	-2623.93
1111	0.366963	-2427.79
1112	0.38325	-2644
1113	0.380072	-2589.4
1114	0.375838	-2540.95
1115	0.370647	-2498.94
1116	0.37977	-2560.58
1117	0.371538	-2482.22
1118	0.380433	-2601.27
1119	0.388059	-2729.99
1120	0.376743	-2530.3
1121	0.383299	-2628.15
1122	0.385669	-2703.29
1123	0.383655	-2690.95
1124	0.368296	-2398
1125	0.373887	-2492
1126	0.373489	-2523.76
1127	0.384993	-2670.67
1128	0.376536	-2571.76
1129	0.379609	-2581.12
1130	0.37351	-2471.99
1131	0.38089	-2661.15
1132	0.374815	-2552.08
1133	0.38497	-2590.72
1134	0.378318	-2597.56
1135	0.373428	-2535.07
1136	0.378756	-2578.49
1137	0.372726	-2515.07
1138	0.381723	-2637.91
1139	0.371335	-2470.55
1140	0.371978	-2473.1
1141	0.381671	-2618.72
1142	0.378038	-2587.4
1143	0.381266	-2637.81
1144	0.377401	-2505.8
1145	0.374418	-2498.93
1146	0.38113	-2605.85
1147	0.379138	-2548.71
1148	0.368981	-2442.69
1149	0.375139	-2568.97
1150	0.377638	-2581.62
1151	0.384767	-2648.27
1152	0.380468	-2610.35
1153	0.370509	-2511.83
1154	0.376812	-2589.66
1155	0.374662	-2569.14
1156	0.375967	-2494.36
1157	0.373702	-2520
1158	0.378084	-2551.49
1159	0.377181	-2595.25
1160	0.384489	-2667.38
1161	0.385437	-2682.83
1162	0.373153	-2501.56
1163	0.374365	-2547.85
1164	0.382976	-2625
1165	0.375288	-2532.81
1166	0.379271	-2578.37
1167	0.370497	-2518.98
1168	0.380847	-2633.68
1169	0.376199	-2600.88
1170	0.379545	-2578.53
1171	0.368515	-2462.52
1172	0.371959	-2475.44
1173	0.384431	-2659.61
1174	0.375578	-2557.6
1175	0.375003	-2535.6
1176	0.368714	-2426.38
1177	0.377616	-2541.01
1178	0.382041	-2652.49
1179	0.369736	-2462.37
1180	0.377428	-2566.21
1181	0.383764	-2645.81
1182	0.37705	-2567.78
1183	0.373593	-2489.22
1184	0.37948	-2594.32
1185	0.383122	-2688.09
1186	0.378876	-2571.23
1187	0.371291	-2472.74
1188	0.372787	-2515.34
1189	0.383549	-2632.31
1190	0.385379	-2662.39
1191	0.380102	-2604.38
1192	0.38159	-2616.94
1193	0.371143	-2485.25
1194	0.368906	-2442.92
1195	0.380119	-2627.87
1196	0.37505	-2555.59
1197	0.378368	-2593.74
1198	0.388109	-2680.46
1199	0.376336	-2542.55
1200	0.378605	-2531.27
1201	0.379627	-2589.24
1202	0.372494	-2478.39
1203	0.380208	-2541.09
1204	0.374789	-2497.68
1205	0.381184	-2613.03
1206	0.383531	-2649.12
1207	0.378937	-2582.86
1208	0.376256	-2528.91
1209	0.377178	-2549.11
1210	0.370824	-2446.06
1211	0.381986	-2606.36
1212	0.380404	-2607.82
1213	0.372353	-2507.85
1214	0.371804	-2523.92
1215	0.379434	-2529.61
1216	0.382766	-2619.08
1217	0.38546	-2689.35
1218	0.379891	-2594.31
1219	0.371827	-2454.73
1220	0.383646	-2631.94
1221	0.38039	-2637.62
1222	0.377334	-2582.27
1223	0.376059	-2539.43
1224	0.377749	-2544.78
1225	0.388554	-2737.82
1226	0.378585	-2596.2
1227	0.381193	-2636.84
1228	0.377974	-2549.94
1229	0.377585	-2559.55
1230	0.383297	-2672.79
1231	0.382741	-2623.16
1232	0.379804	-2594.87
1233	0.38442	-2648.76
1234	0.377962	-2583.73
1235	0.377646	-2544.82
1236	0.382022	-2582.44
1237	0.383008	-2609.3
1238	0.376243	-2538.23
1239	0.376564	-2500.97
1240	0.383921	-2640.65
1241	0.37081	-2502.25
1242	0.379717	-2610.72
1243	0.379839	-2625.25
1244	0.376177	-2543.07
1245	0.379862	-2583.63
1246	0.377307	-2546.71
1247	0.384656	-2692.39
1248	0.377374	-2537.67
1249	0.374582	-2520.7
1250	0.377989	-2553.23
1251	0.377862	-2588.29
1252	0.378035	-2585.43
1253	0.378754	-2549.84
1254	0.381762	-2599.42
1255	0.376454	-2547.43
1256	0.372442	-2488.54
1257	0.373818	-2501.49
1258	0.382755	-2652.69
1259	0.372359	-2502.29
1260	0.383397	-2619.4
1261	0.379498	-2550.06
1262	0.374598	-2482.56
1263	0.379293	-2540.76
1264	0.378302	-2575.63
1265	0.379502	-2606.4
1266	0.379226	-2561.99
1267	0.373127	-2506.68
1268	0.380663	-2580.24
1269	0.379631	-2595.16
1270	0.37864	-2584.07
1271	0.368152	-2435.59
1272	0.375582	-2531.51
1273	0.372284	-2487.62
1274	0.383526	-2624.16
1275	0.373141	-2515.04
1276	0.383123	-2659.33
1277	0.3703	-2474.17
1278	0.382937	-2653.8
1279	0.380456	-2576.27
1280	0.381387	-2650.33
1281	0.385072	-2689.33
1282	0.376426	-2543.64
1283	0.382252	-2657.56
1284	0.382051	-2618.51
1285	0.37894	-2573.14
1286	0.378804	-2582.97
1287	0.376185	-2578.4
1288	0.3807	-2612.06
1289	0.385559	-2655.68
1290	0.379341	-2600.65
1291	0.380486	-2603.89
1292	0.377223	-2584.71
1293	0.377802	-2597.99
1294	0.372979	-2499.38
1295	0.379615	-2586.72
1296	0.378015	-2602.4
1297	0.370548	-2510.6
1298	0.389846	-2705.23
1299	0.380942	-2592.42
1300	0.367985	-2400.79
1301	0.374884	-2561.27
1302	0.381637	-2607.85
1303	0.37127	-2477.56
1304	0.381836	-2612.98
1305	0.383385	-2643.92
1306	0.369595	-2434.06
1307	0.376246	-2549.06
1308	0.385944	-2682.98
1309	0.373498	-2506.96
1310	0.374372	-2514.45
1311	0.386676	-2652.68
1312	0.387332	-2690.6
1313	0.375407	-2524.25
1314	0.374921	-2527.9
1315	0.375178	-2511.66
1316	0.379976	-2633.86
1317	0.375627	-2555.99
1318	0.370294	-2450.84
1319	0.385069	-2646.92
1320	0.375093	-2490.53
1321	0.38022	-2612.34
1322	0.368144	-2415.93
1323	0.382373	-2642.2
1324	0.376766	-2529.48
1325	0.373055	-2529.04
1326	0.374527	-2531.01
1327	0.368469	-2477.62
1328	0.375071	-2490.86
1329	0.375852	-2570.99
1330	0.379762	-2615.74
1331	0.372269	-2464.02
1332	0.374084	-2513.7
1333	0.385448	-2655
1334	0.374233	-2534.24
1335	0.379497	-2595.79
1336	0.391588	-2766.01
1337	0.36984	-2442
1338	0.367541	-2438.69
1339	0.37258	-2465.02
1340	0.376094	-2550.18
1341	0.37087	-2461.14
1342	0.379805	-2647.14
1343	0.38064	-2591.52
1344	0.378816	-2542.27
1345	0.370999	-2514.52
1346	0.384933	-2634.45
1347	0.37486	-2530.03
1348	0.378725	-2604.21
1349	0.366949	-2411.36
1350	0.375635	-2509.35
1351	0.385139	-2678.57
1352	0.369315	-2432.49
1353	0.380236	-2576.11
1354	0.374451	-2512.46
1355	0.380014	-2595.85
1356	0.376245	-2538.99
1357	0.378286	-2601.3
1358	0.379346	-2587.65
1359	0.379558	-2617.07
1360	0.379321	-2577.32
1361	0.380785	-2602.97
1362	0.373799	-2540.7
1363	0.372026	-2469.47
1364	0.373026	-2492.7
1365	0.374449	-2543.66
1366	0.373589	-2510.63
1367	0.379236	-2572.23
1368	0.379717	-2598.04
1369	0.377384	-2563.55
1370	0.378471	-2585.02
1371	0.37905	-2615.61
1372	0.3764	-2556.58
1373	0.375007	-2572.71
1374	0.380736	-2643.75
1375	0.378101	-2531.07
1376	0.377809	-2578.73
1377	0.382093	-2573.7
1378	0.375707	-2496.04
1379	0.373903	-2545.24
1380	0.378842	-2606.64
1381	0.374336	-2517.74
1382	0.373767	-2491.82
1383	0.380839	-2640.5
1384	0.377702	-2574.58
1385	0.371977	-2498.61
1386	0.371582	-2468.92
1387	0.380471	-2612.48
1388	0.383532	-2589.6
1389	0.376772	-2519.6
1390	0.37529	-2542.3
1391	0.380287	-2594.64
1392	0.37361	-2501.1
1393	0.383168	-2644.33
1394	0.379559	-2583.05
1395	0.381679	-2630.26
1396	0.372066	-2457.09
1397	0.370761	-2461.66
1398	0.380352	-2575.35
1399	0.384549	-2672.69
1400	0.374886	-2514.18
1401	0.378859	-2575.89
1402	0.377865	-2575.03
1403	0.377835	-2555.15
1404	0.38062	-2580
1405	0.376899	-2549.63
1406	0.380573	-2625.6
1407	0.376845	-2560.72
1408	0.366164	-2440.7
1409	0.386258	-2685.42
1410	0.37419	-2546.41
1411	0.381492	-2641.74
1412	0.378813	-2571.82
1413	0.368112	-2434.65
1414	0.376537	-2545.36
1415	0.380089	-2624.2
1416	0.372231	-2539.81
1417	0.39264	-2826.02
1418	0.374205	-2543.87
1419	0.378928	-2578.51
1420	0.366685	-2378.87
1421	0.37853	-2624.9
1422	0.368188	-2451.21
1423	0.375709	-2573.4
1424	0.380365	-2566.13
1425	0.374959	-2526.59
1426	0.379229	-2606.64
1427	0.369818	-2478.88
1428	0.372322	-2472.46
1429	0.377685	-2552.29
1430	0.386414	-2709.6
1431	0.371825	-2469.7
1432	0.384736	-2630.78
1433	0.384565	-2636.09
1434	0.379584	-2606.92
1435	0.370186	-2477
1436	0.370845	-2483.38
1437	0.373931	-2527.03
1438	0.379439	-2593.93
1439	0.374036	-2501.52
1440	0.373102	-2549.67
1441	0.381566	-2604.19
1442	0.381557	-2642.8
1443	0.362458	-2368.38
1444	0.371269	-2482.21
1445	0.368143	-2439.26
1446	0.376692	-2547.67
1447	0.37936	-2545.85
1448	0.368235	-2400.72
1449	0.38458	-2633.01
1450	0.381908	-2645.37
1451	0.380101	-2575.32
1452	0.373156	-2455.02
1453	0.371912	-2481.46
1454	0.368224	-2450.5
1455	0.375843	-2511.96
1456	0.381155	-2574.75
1457	0.384435	-2650.14
1458	0.368235	-2432.48
1459	0.383339	-2666.92
1460	0.379665	-2610.33
1461	0.372443	-2493.88
1462	0.375171	-2487.4
1463	0.382298	-2627.59
1464	0.368148	-2416.79
1465	0.380876	-2602.57
1466	0.377307	-2563.72
1467	0.376463	-2535.62
1468	0.377174	-2548.48
1469	0.369203	-2429.89
1470	0.374477	-2528.43
1471	0.379619	-2607.05
1472	0.378094	-2554.39
1473	0.378516	-2549.63
1474	0.382968	-2650.73
1475	0.374477	-2548.58
1476	0.382649	-2626.39
1477	0.37623	-2559.28
1478	0.391143	-2737.32
1479	0.377823	-2564.8
1480	0.372242	-2508.91
1481	0.382029	-2645.4
1482	0.377179	-2569.4
1483	0.375385	-2559.21
1484	0.385728	-2679.12
1485	0.3833	-2618.5
1486	0.379802	-2596.94
1487	0.372562	-2510.1
1488	0.378738	-2598.25
1489	0.372389	-2497.4
1490	0.375015	-2548.19
1491	0.370978	-2529.08
1492	0.374104	-2501.83
1493	0.372277	-2476.45
1494	0.376215	-2553.08
1495	0.376616	-2546.76
1496	0.378544	-2618.81
1497	0.377621	-2538.28
1498	0.372323	-2503.45
1499	0.388491	-2738.36
1500	0.375653	-2544.95
1501	0.38115	-2588.94
1502	0.380627	-2609.03
1503	0.376501	-2561.18
1504	0.375158	-2559.99
1505	0.367989	-2467.91
1506	0.375282	-2542.11
1507	0.373393	-2497.21
1508	0.387605	-2663.54
1509	0.384204	-2690.47
1510	0.379505	-2596.71
1511	0.363759	-2372.13
1512	0.382659	-2647
1513	0.381768	-2622.87
1514	0.384719	-2649.1
1515	0.388119	-2710.57
1516	0.386343	-2682.61
1517	0.377265	-2570.54
1518	0.376654	-2535.91
1519	0.376643	-2566.98
1520	0.380383	-2622.64
1521	0.378542	-2546.16
1522	0.372231	-2492.05
1523	0.37405	-2463.65
1524	0.378085	-2600.78
1525	0.368057	-2424.79
1526	0.38312	-2644.68
1527	0.374418	-2487.35
1528	0.363791	-2371.6
1529	0.370882	-2488.94
1530	0.373674	-2496.6
1531	0.37873	-2612.82
1532	0.384972	-2674.61
1533	0.371457	-2468.74
1534	0.378847	-2513.43
1535	0.367995	-2452.12
1536	0.373659	-2500.38
1537	0.37257	-2474.37
1538	0.37916	-2578.96
1539	0.384801	-2688.87
1540	0.376425	-2593.54
1541	0.377837	-2577.16
1542	0.366986	-2428.6
1543	0.38059	-2632.63
1544	0.379216	-2632.03
1545	0.363935	-2381.67
1546	0.376488	-2565.64
1547	0.38008	-2570.73
1548	0.372578	-2500.57
1549	0.377466	-2575.67
1550	0.38156	-2596.84
1551	0.376448	-2531.07
1552	0.386793	-2694.03
1553	0.377459	-2570.11
1554	0.379598	-2591.02
1555	0.371111	-2510.1
1556	0.369259	-2453.09
1557	0.38477	-2694.86
1558	0.374992	-2521.67
1559	0.378135	-2569.41
1560	0.378692	-2560.21
1561	0.384523	-2658.66
1562	0.374919	-2519.45
1563	0.383183	-2587.55
1564	0.372178	-2451
1565	0.372776	-2511.71
1566	0.382396	-2631.14
1567	0.380345	-2635.34
1568	0.378554	-2605.16
1569	0.380354	-2589.64
1570	0.37756	-2621.11
1571	0.373387	-2460.69
1572	0.372253	-2475.86
1573	0.383169	-2642.34
1574	0.377996	-2591.49
1575	0.383654	-2672.63
1576	0.376562	-2529.04
1577	0.386945	-2694.84
1578	0.381352	-2607.43
1579	0.377913	-2563.9
1580	0.380681	-2580.08
1581	0.386348	-2724.34
1582	0.366808	-2367.62
1583	0.38767	-2703.86
1584	0.383857	-2636.24
1585	0.383543	-2657.97
1586	0.37326	-2485.8
1587	0.373129	-2501.85
1588	0.372177	-2481.88
1589	0.370076	-2474.13
1590	0.376843	-2564.78
1591	0.385965	-2702.3
1592	0.37961	-2588.14
1593	0.37505	-2508.9
1594	0.380738	-2572.68
1595	0.377735	-2555.66
1596	0.378332	-2585.62
1597	0.379064	-2566.27
1598	0.371813	-2505.22
1599	0.375084	-2479.23
1600	0.374841	-2525.92
1601	0.382434	-2621.98
1602	0.384356	-2660.14
1603	0.37791	-2563.31
1604	0.376455	-2542.59
1605	0.376183	-2575.07
1606	0.37668	-2562.16
1607	0.382099	-2620.31
1608	0.37444	-2495.03
1609	0.377009	-2564.11
1610	0.37731	-2574.78
1611	0.375427	-2560.36
1612	0.382074	-2654.37
1613	0.369668	-2422.85
1614	0.382995	-2585.73
1615	0.37624	-2529.48
1616	0.376913	-2537.11
1617	0.381275	-2616.62
1618	0.380329	-2594.27
1619	0.383582	-2597.88
1620	0.380388	-2579.59
1621	0.386653	-2674.44
1622	0.384577	-2675
1623	0.372927	-2480.06
1624	0.37488	-2509.68
1625	0.372759	-2540.67
1626	0.384119	-2652.91
1627	0.377988	-2557.05
1628	0.382886	-2642.43
1629	0.376807	-2565.15
1630	0.381678	-2609.94
1631	0.373067	-2478.72
1632	0.372998	-2518.46
1633	0.386085	-2661.57
1634	0.373367	-2486.07
1635	0.381594	-2576.53
1636	0.37977	-2584.52
1637	0.373418	-2447.46
1638	0.378316	-2558.01
1639	0.375408	-2545.3
1640	0.378578	-2566.95
1641	0.378418	-2550.46
1642	0.387889	-2698.7
1643	0.377626	-2517.22
1644	0.385274	-2660.17
1645	0.377964	-2606.18
1646	0.380695	-2629.62
1647	0.376462	-2569.02
1648	0.387625	-2687.02
1649	0.373946	-2517.94
1650	0.37274	-2495.07
1651	0.382905	-2647.87
1652	0.373742	-2525.88
1653	0.372784	-2468.97
1654	0.368269	-2432.8
1655	0.368879	-2441.48
1656	0.378676	-2573.1
1657	0.383039	-2656.99
1658	0.380477	-2547.99
1659	0.380219	-2597.19
1660	0.371911	-2500.82
1661	0.373426	-2515.15
1662	0.373435	-2501.6
1663	0.378716	-2530.06
1664	0.3713	-2482.11
1665	0.377217	-2551.26
1666	0.376571	-2552.56
1667	0.377768	-2578.41
1668	0.373651	-2531.92
1669	0.381482	-2585.38
1670	0.370814	-2497.59
1671	0.379929	-2644.91
1672	0.383653	-2671.77
1673	0.378957	-2552.84
1674	0.37878	-2615.53
1675	0.380441	-2595.65
1676	0.375448	-2506.66
1677	0.3746	-2479.64
1678	0.364333	-2426.01
1679	0.380403	-2606
1680	0.370996	-2434.57
1681	0.376791	-2543.64
1682	0.37419	-2520.77
1683	0.389763	-2738.5
1684	0.372308	-2472.97
1685	0.37987	-2628.24
1686	0.380367	-2620.13
1687	0.375858	-2556.95
1688	0.382406	-2678.98
1689	0.369352	-2435.13
1690	0.373688	-2511.78
1691	0.386881	-2667.32
1692	0.372066	-2514.13
1693	0.374875	-2518.06
1694	0.378922	-2608.14
1695	0.375537	-2543.66
1696	0.37736	-2560.98
1697	0.371673	-2440.26
1698	0.390058	-2741.12
1699	0.381439	-2600.37
1700	0.376039	-2568.3
1701	0.372931	-2508.03
1702	0.377425	-2551.13
1703	0.3843	-2665.14
1704	0.374548	-2552.43
1705	0.372117	-2456.28
1706	0.377192	-2573.5
1707	0.374394	-2521.42
1708	0.378767	-2573.15
1709	0.380476	-2595.77
1710	0.380054	-2627.49
1711	0.386953	-2734.6
1712	0.373507	-2492.48
1713	0.374793	-2521.96
1714	0.378912	-2567.81
1715	0.377444	-2537.39
1716	0.38635	-2652.26
1717	0.380295	-2566.43
1718	0.379254	-2584.54
1719	0.378551	-2608.21
1720	0.381335	-2644.68
1721	0.374676	-2505.3
1722	0.3804	-2571.47
1723	0.379725	-2610.21
1724	0.382467	-2618.32
1725	0.371986	-2497.64
1726	0.373488	-2506.44
1727	0.382582	-2657.02
1728	0.368908	-2441.1
1729	0.382911	-2659.16
1730	0.373603	-2503.37
1731	0.373341	-2490.57
1732	0.374409	-2543.77
1733	0.377492	-2524.32
1734	0.380038	-2559.05
1735	0.380211	-2572.67
1736	0.375302	-2532.62
1737	0.371778	-2472.65
1738	0.384371	-2633.87
1739	0.374383	-2530.07
1740	0.372899	-2451.24
1741	0.373955	-2523.72
1742	0.377165	-2530.94
1743	0.383303	-2612.44
1744	0.377635	-2560.31
1745	0.385988	-2650.82
1746	0.375546	-2544.03
1747	0.383638	-2638.97
1748	0.38251	-2632.29
1749	0.371085	-2454.68
1750	0.384822	-2661.18
1751	0.377183	-2579.41
1752	0.381884	-2631.74
1753	0.386774	-2692.76
1754	0.379779	-2595.76
1755	0.381479	-2593.69
1756	0.368482	-2417.18
1757	0.385742	-2658.99
1758	0.375888	-2594.69
1759	0.380147	-2582.38
1760	0.385753	-2706.33
1761	0.376232	-2536.72
1762	0.376552	-2600.46
1763	0.370758	-2436.27
1764	0.371694	-2436.25
1765	0.3778	-2574.47
1766	0.376839	-2558.19
1767	0.379958	-2641.61
1768	0.371275	-2462.24
1769	0.370649	-2469.21
1770	0.379993	-2572.13
1771	0.373113	-2502.29
1772	0.370266	-2480.3
1773	0.383218	-2608.76
1774	0.373747	-2526.68
1775	0.376498	-2528.64
1776	0.374315	-2562.68
1777	0.371914	-2478.86
1778	0.372734	-2498.65
1779	0.372576	-2508.26
1780	0.382231	-2664.07
1781	0.372976	-2437.79
1782	0.375142	-2504.05
1783	0.371679	-2447.58
1784	0.375427	-2499.31
1785	0.382914	-2645.9
1786	0.379816	-2572.3
1787	0.375931	-2564.41
1788	0.374804	-2521.95
1789	0.3843	-2665.16
1790	0.383509	-2650.53
1791	0.372043	-2497.12
1792	0.38337	-2620.34
1793	0.374148	-2562.46
1794	0.381404	-2623.61
1795	0.378098	-2571.59
1796	0.373885	-2511.5
1797	0.372999	-2477.63
1798	0.375754	-2561.24
1799	0.36994	-2462.97
1800	0.374727	-2506.42
1801	0.378928	-2567.42
1802	0.376961	-2537.2
1803	0.376077	-2535.58
1804	0.376348	-2526.03
1805	0.376018	-2515.9
1806	0.383145	-2636.42
1807	0.381592	-2601.79
1808	0.382207	-2613.97
1809	0.37928	-2578.04
1810	0.380736	-2602.76
1811	0.373669	-2532.94
1812	0.37806	-2556.42
1813	0.380557	-2588.17
1814	0.375661	-2500.84
1815	0.381929	-2639.85
1816	0.375845	-2497.82
1817	0.377172	-2531.5
1818	0.373577	-2522.25
1819	0.386364	-2703.48
1820	0.376431	-2592.93
1821	0.382046	-2616.32
1822	0.3806	-2620.01
1823	0.383401	-2644.21
1824	0.37969	-2608.35
1825	0.374911	-2532.45
1826	0.382597	-2645.56
1827	0.375369	-2561.85
1828	0.384731	-2695.97
1829	0.371451	-2504.66
1830	0.386898	-2705.29
1831	0.373954	-2503.05
1832	0.371538	-2472.61
1833	0.372745	-2456.25
1834	0.376691	-2519.25
1835	0.377756	-2582.82
1836	0.381098	-2627.71
1837	0.374102	-2460.46
1838	0.382095	-2616.12
1839	0.379333	-2602.47
1840	0.372956	-2551.4
1841	0.376215	-2520.38
1842	0.376747	-2514.75
1843	0.375907	-2556.74
1844	0.378322	-2576.39
1845	0.376563	-2561.37
1846	0.376256	-2559.55
1847	0.375569	-2515.88
1848	0.376858	-2515.31
1849	0.377297	-2523.17
1850	0.371954	-2451
1851	0.37151	-2494.22
1852	0.374029	-2532.28
1853	0.379087	-2545.48
1854	0.38464	-2671.77
1855	0.369849	-2435.41
1856	0.382101	-2584.33
1857	0.379136	-2571.55
1858	0.377816	-2609.78
1859	0.379601	-2579.48
1860	0.375013	-2544.69
1861	0.373466	-2514.95
1862	0.381455	-2576.34
1863	0.376627	-2566.44
1864	0.378134	-2585.42
1865	0.379559	-2588.79
1866	0.375059	-2511.48
1867	0.377046	-2555.94
1868	0.381875	-2636.31
1869	0.382658	-2646.22
1870	0.378983	-2575.54
1871	0.377935	-2546.48
1872	0.373575	-2511.36
1873	0.378167	-2607.33
1874	0.38234	-2617.28
1875	0.372973	-2481.1
1876	0.376848	-2543.74
1877	0.376847	-2557.17
1878	0.374592	-2518.37
1879	0.378999	-2588.22
1880	0.383104	-2582.18
1881	0.381658	-2650.48
1882	0.369648	-2480.94
1883	0.382533	-2659.34
1884	0.377857	-2589.86
1885	0.377861	-2529.75
1886	0.383607	-2653.16
1887	0.38055	-2581.3
1888	0.381888	-2625.12
1889	0.36808	-2440.57
1890	0.382807	-2648.6
1891	0.385161	-2664.41
1892	0.373857	-2499.35
1893	0.382443	-2607.96
1894	0.368982	-2415.69
1895	0.374319	-2550.4
1896	0.378868	-2571.88
1897	0.376784	-2569.12
1898	0.375597	-2553.96
1899	0.382229	-2648.76
1900	0.382282	-2576.29
1901	0.388087	-2683.59
1902	0.372879	-2506.08
1903	0.382751	-2622.31
1904	0.381501	-2634.14
1905	0.393266	-2786.76
1906	0.375001	-2529.48
1907	0.381222	-2599.42
1908	0.376736	-2526.51
1909	0.383404	-2587.95
1910	0.373506	-2469.21
1911	0.377185	-2534.63
1912	0.378126	-2624.14
1913	0.37655	-2557.32
1914	0.375502	-2559.66
1915	0.374875	-2507.41
1916	0.379951	-2634.17
1917	0.375305	-2563.15
1918	0.375488	-2568.25
1919	0.38107	-2593.53
1920	0.380683	-2613.07
1921	0.384534	-2653.69
1922	0.374169	-2545.31
1923	0.380557	-2624.03
1924	0.374894	-2542.33
1925	0.377852	-2539.64
1926	0.373655	-2482.64
1927	0.379518	-2546.48
1928	0.378535	-2580.94
1929	0.380886	-2607.84
1930	0.386533	-2708.87
1931	0.371369	-2451.26
1932	0.378125	-2558.34
1933	0.374918	-2540.72
1934	0.380693	-2604.87
1935	0.37603	-2535.44
1936	0.374517	-2574.81
1937	0.377569	-2558.54
1938	0.377946	-2571.09
1939	0.381892	-2662.17
1940	0.378104	-2554.04
1941	0.376035	-2519.6
1942	0.377869	-2551.04
1943	0.387074	-2662.96
1944	0.376738	-2520.36
1945	0.375779	-2516.49
1946	0.378557	-2601.08
1947	0.381097	-2612.67
1948	0.384233	-2645.28
1949	0.377062	-2545.5
1950	0.384194	-2624.9
1951	0.37661	-2568.59
1952	0.374848	-2547.53
1953	0.374103	-2514.4
1954	0.376429	-2500.96
1955	0.379739	-2597.19
1956	0.376784	-2565.49
1957	0.378066	-2559.44
1958	0.372452	-2548.99
1959	0.378836	-2582.91
1960	0.37935	-2613.8
1961	0.383185	-2654.04
1962	0.37662	-2530.5
1963	0.378826	-2602.66
1964	0.380922	-2565.54
1965	0.394452	-2793.25
1966	0.37613	-2549.27
1967	0.377572	-2588.21
1968	0.377276	-2580.34
1969	0.387579	-2742.7
1970	0.386667	-2712.12
1971	0.376956	-2609.22
1972	0.381864	-2637.2
1973	0.376389	-2525.96
1974	0.375584	-2532.17
1975	0.377486	-2548.44
1976	0.372765	-2490.94
1977	0.376854	-2560.79
1978	0.387465	-2658.52
1979	0.369377	-2476.39
1980	0.373308	-2483.87
1981	0.383116	-2625.59
1982	0.374275	-2540.43
1983	0.369996	-2418.88
1984	0.371283	-2531.38
1985	0.376056	-2591.2
1986	0.380734	-2593.1
1987	0.380443	-2615.3
1988	0.380359	-2539.33
1989	0.383595	-2612.89
1990	0.377846	-2567.49
1991	0.381572	-2635.83
1992	0.367912	-2395.05
1993	0.368471	-2449.94
1994	0.373416	-2522.5
1995	0.376831	-2528.57
1996	0.371924	-2497.94
1997	0.379002	-2589.35
1998	0.371961	-2499.75
1999	0.38112	-2585.1
2000	0.376256	-2533.54
2001	0.383906	-2635.69
2002	0.377062	-2555.92
2003	0.36547	-2383.25
2004	0.377229	-2581.95
2005	0.379971	-2656.53
2006	0.376953	-2571.8
2007	0.377846	-2605.35
2008	0.375618	-2507.19
2009	0.372023	-2487.51
2010	0.383268	-2630.95
2011	0.375064	-2501.34
2012	0.375476	-2531.46
2013	0.372281	-2490.39
2014	0.378389	-2544.61
2015	0.376693	-2503.2
2016	0.382243	-2589.83
2017	0.376685	-2553.32
2018	0.379692	-2617.46
2019	0.378706	-2529.73
2020	0.382355	-2652.05
2021	0.367724	-2436.46
2022	0.372198	-2426.31
2023	0.384161	-2665.17
2024	0.376583	-2544.43
2025	0.369549	-2440.7
2026	0.377583	-2561.64
2027	0.373462	-2475.59
2028	0.374592	-2552.88
2029	0.377899	-2569.77
2030	0.376959	-2588.24
2031	0.376135	-2507.79
2032	0.378105	-2557.01
2033	0.381695	-2593.42
2034	0.376743	-2576.52
2035	0.37482	-2486.91
2036	0.376836	-2541.89
2037	0.389441	-2653.15
2038	0.373237	-2513.67
2039	0.382851	-2661.73
2040	0.375157	-2550.01
2041	0.375608	-2526.14
2042	0.369587	-2437.78
2043	0.380873	-2626.39
2044	0.377392	-2551.33
2045	0.383028	-2685.12
2046	0.377672	-2555.76
2047	0.381301	-2615.69
2048	0.3745	-2558.45
2049	0.373178	-2483.38
2050	0.381652	-2610.62
2051	0.370924	-2501.48
2052	0.376506	-2547.84
2053	0.375249	-2465.45
2054	0.379498	-2614.48
2055	0.379428	-2613.59
2056	0.379312	-2571.49
2057	0.381355	-2596.74
2058	0.377157	-2567.69
2059	0.377665	-2632.9
2060	0.382587	-2673.84
2061	0.37517	-2523.72
2062	0.37942	-2585.67
2063	0.371254	-2459.14
2064	0.377553	-2562.8
2065	0.381546	-2604.45
2066	0.387118	-2698.77
2067	0.379564	-2585.55
2068	0.374696	-2472.95
2069	0.382744	-2639.04
2070	0.373067	-2537.98
2071	0.374172	-2549.21
2072	0.377061	-2608.86
2073	0.381214	-2622.12
2074	0.379593	-2620.93
2075	0.380809	-2574.65
2076	0.378768	-2599.77
2077	0.381171	-2609.72
2078	0.378495	-2539.47
2079	0.383053	-2619.67
2080	0.375006	-2543.13
2081	0.389588	-2705.92
2082	0.388426	-2707.97
2083	0.372966	-2487.52
2084	0.379829	-2585.72
2085	0.37927	-2546.45
2086	0.383317	-2618.72
2087	0.385368	-2683.08
2088	0.377223	-2512.86
2089	0.372163	-2500.35
2090	0.375504	-2526.43
2091	0.381175	-2630.63
2092	0.378964	-2603.74
2093	0.374504	-2548.93
2094	0.384892	-2618.9
2095	0.386371	-2693.7
2096	0.384141	-2658.43
2097	0.377806	-2543.76
2098	0.382896	-2641
2099	0.37922	-2568.39
2100	0.375628	-2546.45
2101	0.388336	-2665.4
2102	0.379084	-2585.65
2103	0.379521	-2584.47
2104	0.373781	-2501.97
2105	0.371784	-2461.74
2106	0.380661	-2577.18
2107	0.37961	-2566.15
2108	0.377798	-2599.24
2109	0.370588	-2487.2
2110	0.374842	-2492.83
2111	0.378153	-2581.88
2112	0.365128	-2445.57
2113	0.382245	-2640.16
2114	0.375271	-2528.78
2115	0.380065	-2608.8
2116	0.388231	-2701.61
2117	0.37577	-2542.06
2118	0.391688	-2739.68
2119	0.372116	-2525.53
2120	0.380984	-2624.92
2121	0.384596	-2681.05
2122	0.382272	-2619.09
2123	0.378873	-2596.94
2124	0.370303	-2471.07
2125	0.36624	-2423.5
2126	0.37997	-2586.49
2127	0.38059	-2602.54
2128	0.373962	-2520.06
2129	0.383598	-2636.26
2130	0.376183	-2518.13
2131	0.377893	-2548.8
2132	0.379877	-2606.12
2133	0.37974	-2563.42
2134	0.373063	-2523.85
2135	0.377587	-2573.02
2136	0.373601	-2538.9
2137	0.384519	-2716.5
2138	0.37882	-2567.83
2139	0.375157	-2521.94
2140	0.378477	-2637.58
2141	0.379904	-2595.48
2142	0.371046	-2482.23
2143	0.386561	-2715.96
2144	0.378482	-2556.38
2145	0.375727	-2544.23
2146	0.378994	-2624.47
2147	0.381239	-2618.29
2148	0.378234	-2567.62
2149	0.377029	-2571.12
2150	0.385349	-2660.13
2151	0.372917	-2490.6
2152	0.373747	-2543.68
2153	0.376497	-2507.61
2154	0.367683	-2421.54
2155	0.379086	-2561.25
2156	0.373708	-2469.01
2157	0.378413	-2559.84
2158	0.380237	-2581.91
2159	0.368531	-2418.07
2160	0.371945	-2459.23
2161	0.367517	-2433.17
2162	0.390132	-2734.88
2163	0.370456	-2478.97
2164	0.375811	-2538.95
2165	0.380284	-2600.13
2166	0.381792	-2581.07
2167	0.380116	-2606.64
2168	0.379878	-2588.82
2169	0.379921	-2595.26
2170	0.38472	-2661.4
2171	0.376188	-2582.73
2172	0.377	-2560.1
2173	0.37766	-2562.1
2174	0.381581	-2591.55
2175	0.369386	-2410.23
2176	0.377525	-2592.07
2177	0.371364	-2462.87
2178	0.372829	-2497.27
2179	0.386083	-2673.98
2180	0.375875	-2515.96
2181	0.378345	-2554.38
2182	0.372795	-2514.3
2183	0.375434	-2543.91
2184	0.38011	-2599.23
2185	0.37614	-2546.13
2186	0.378049	-2566.34
2187	0.376651	-2536.56
2188	0.382745	-2600.62
2189	0.375613	-2559.27
2190	0.37618	-2534.46
2191	0.378605	-2563.49
2192	0.371886	-2458.69
2193	0.378989	-2574.9
2194	0.381366	-2610.45
2195	0.370332	-2479.74
2196	0.384831	-2705.45
2197	0.385742	-2709.29
2198	0.37629	-2512.14
2199	0.376526	-2541.99
2200	0.374767	-2508.3
2201	0.381363	-2614.1
2202	0.369075	-2368.67
2203	0.371384	-2443.04
2204	0.381972	-2662.93
2205	0.380753	-2638.2
2206	0.383604	-2664.27
2207	0.373084	-2489.5
2208	0.372434	-2475.19
2209	0.383909	-2660.22
2210	0.376678	-2555.7
2211	0.379541	-2559.26
2212	0.381297	-2610.53
2213	0.382921	-2639.27
2214	0.377419	-2578.83
2215	0.380431	-2580.6
2216	0.385239	-2676.62
2217	0.373264	-2453.58
2218	0.376234	-2533.58
2219	0.381587	-2633.56
2220	0.383659	-2609.54
2221	0.371866	-2469.5
2222	0.378256	-2614.01
2223	0.378966	-2621.27
2224	0.380581	-2572.38
2225	0.372558	-2490.67
2226	0.37075	-2493.85
2227	0.376444	-2528.16
2228	0.381346	-2612.96
2229	0.376817	-2552.07
2230	0.375581	-2543.47
2231	0.377452	-2617.46
2232	0.375358	-2561.33
2233	0.375818	-2571.81
2234	0.375847	-2558.77
2235	0.378913	-2587.69
2236	0.384501	-2639.39
2237	0.364238	-2352.61
2238	0.377176	-2575.65
2239	0.379307	-2526.85
2240	0.375902	-2541.94
2241	0.38903	-2714.13
2242	0.374868	-2522.27
2243	0.374657	-2538.78
2244	0.375468	-2484.91
2245	0.379238	-2548.74
2246	0.383148	-2667.53
2247	0.381092	-2593.22
2248	0.372971	-2490.78
2249	0.376395	-2550.03
2250	0.369313	-2482.38
2251	0.377748	-2598.72
2252	0.381757	-2621.67
2253	0.386081	-2663.97
2254	0.381814	-2575.64
2255	0.380337	-2606.66
2256	0.381346	-2559.49
2257	0.372132	-2492.22
2258	0.381874	-2638.38
2259	0.377676	-2592.12
2260	0.377349	-2553.98
2261	0.372032	-2505.13
2262	0.369844	-2484.63
2263	0.374639	-2519.12
2264	0.376962	-2557.07
2265	0.38165	-2597.79
2266	0.374584	-2499.69
2267	0.373843	-2508.31
2268	0.380221	-2595.48
2269	0.373106	-2503.87
2270	0.382142	-2611.95
2271	0.376727	-2522.33
2272	0.381594	-2595.54
2273	0.373533	-2509.31
2274	0.376242	-2546.89
2275	0.387171	-2688.96
2276	0.375898	-2543.37
2277	0.377405	-2588.77
2278	0.372631	-2468
2279	0.381266	-2621
2280	0.382262	-2635.8
2281	0.371806	-2474.24
2282	0.370612	-2520.56
2283	0.376682	-2527.89
2284	0.373665	-2535.54
2285	0.379114	-2632.99
2286	0.380089	-2592.69
2287	0.379435	-2609.26
2288	0.364865	-2402.35
2289	0.380823	-2631.49
2290	0.38278	-2633.79
2291	0.366363	-2377.58
2292	0.382848	-2641.62
2293	0.382836	-2639.39
2294	0.382479	-2628
2295	0.362744	-2372.35
2296	0.389094	-2706.02
2297	0.371591	-2450.9
2298	0.376237	-2538.42
2299	0.379713	-2589.7
2300	0.381159	-2655.78
2301	0.370323	-2486.72
2302	0.378036	-2576.67
2303	0.376715	-2584.06
2304	0.380281	-2563.13
2305	0.368465	-2423.51
2306	0.378984	-2589.18
2307	0.373448	-2502.5
2308	0.371131	-2506.19
2309	0.377251	-2537
2310	0.377039	-2528.05
2311	0.385605	-2680.9
2312	0.376081	-2549.58
2313	0.379999	-2621.26
2314	0.384777	-2639.61
2315	0.373475	-2473.25
2316	0.37512	-2540.43
2317	0.384321	-2651.6
2318	0.375867	-2518.29
2319	0.382783	-2615.73
2320	0.376804	-2533.81
2321	0.384798	-2671.19
2322	0.382144	-2686.22
2323	0.382839	-2671.6
2324	0.386947	-2693.43
2325	0.384084	-2647.22
2326	0.380821	-2623.8
2327	0.382828	-2599.93
2328	0.376116	-2529.68
2329	0.366108	-2409.92
2330	0.376561	-2563.21
2331	0.375485	-2539.84
2332	0.379105	-2533.27
2333	0.381234	-2604.42
2334	0.376989	-2572.68
2335	0.370427	-2488.02
2336	0.385153	-2614.07
2337	0.36961	-2456.74
2338	0.369996	-2456.5
2339	0.372849	-2504.15
2340	0.365804	-2402.55
2341	0.380638	-2613.58
2342	0.375126	-2572.91
2343	0.372687	-2536.71
2344	0.381848	-2602.49
2345	0.379055	-2559.55
2346	0.378046	-2524.37
2347	0.376139	-2563.82
2348	0.364952	-2416.3
2349	0.372708	-2510.6
2350	0.373561	-2493.57
2351	0.375579	-2554.32
2352	0.380563	-2649.7
2353	0.376189	-2581.5
2354	0.376642	-2538.97
2355	0.384517	-2668.49
2356	0.372189	-2515.98
2357	0.367446	-2434.63
2358	0.385566	-2669.38
2359	0.379001	-2558.4
2360	0.374036	-2499.14
2361	0.380491	-2583.22
2362	0.376272	-2517.61
2363	0.373108	-2520.88
2364	0.377956	-2551.12
2365	0.369753	-2432.72
2366	0.37144	-2501.41
2367	0.3817	-2603.16
2368	0.379714	-2570.7
2369	0.380195	-2632.79
2370	0.378865	-2573.08
2371	0.37869	-2585.95
2372	0.378137	-2556.4
2373	0.378603	-2550.4
2374	0.382819	-2658.01
2375	0.37773	-2568.65
2376	0.386424	-2694.87
2377	0.383436	-2643.73
2378	0.37619	-2575.75
2379	0.372044	-2469.3
2380	0.375428	-2562.62
2381	0.380048	-2622.04
2382	0.37255	-2514.12
2383	0.372061	-2487.66
2384	0.381995	-2561.34
2385	0.376487	-2564.85
2386	0.373874	-2533.83
2387	0.369117	-2422.18
2388	0.381978	-2625.23
2389	0.376145	-2538.08
2390	0.380549	-2639.55
2391	0.380115	-2626.82
2392	0.382477	-2629.69
2393	0.383787	-2633
2394	0.386531	-2685.15
2395	0.383352	-2639.35
2396	0.37079	-2474.26
2397	0.37826	-2536.35
2398	0.379716	-2600.96
2399	0.389197	-2666.77
2400	0.374922	-2485.95
2401	0.378434	-2551.79
2402	0.37581	-2536.45
2403	0.376838	-2582.64
2404	0.366935	-2423.64
2405	0.382149	-2653.03
2406	0.382647	-2629.16
2407	0.379193	-2601.21
2408	0.375793	-2516.58
2409	0.379933	-2564.03
2410	0.379113	-2572.78
2411	0.375474	-2536.86
2412	0.371561	-2501.05
2413	0.370968	-2459.13
2414	0.377221	-2572.38
2415	0.370412	-2466.19
2416	0.374472	-2540.32
2417	0.373931	-2512.03
2418	0.381625	-2633.83
2419	0.386957	-2680.88
2420	0.384333	-2679.16
2421	0.379507	-2574.67
2422	0.373336	-2466.31
2423	0.379318	-2594.77
2424	0.378477	-2615.54
2425	0.383376	-2657.46
2426	0.371672	-2500.57
2427	0.375276	-2541.14
2428	0.382493	-2616.75
2429	0.381675	-2653.16
2430	0.374817	-2538.46
2431	0.376569	-2519.07
2432	0.385411	-2664.06
2433	0.375422	-2529.88
2434	0.381446	-2656.06
2435	0.381845	-2651.25
2436	0.381412	-2651.65
2437	0.378856	-2563.69
2438	0.381861	-2636.92
2439	0.375725	-2535.5
2440	0.37007	-2435.31
2441	0.379012	-2589.69
2442	0.384877	-2646.33
2443	0.369785	-2450.29
2444	0.381519	-2639.46
2445	0.380581	-2621.67
2446	0.375761	-2555.9
2447	0.379561	-2586.78
2448	0.378165	-2550
2449	0.378394	-2588.28
2450	0.381177	-2564.1
2451	0.376161	-2544.05
2452	0.378599	-2559.83
2453	0.37995	-2602.32
2454	0.379198	-2594.2
2455	0.384479	-2665.26
2456	0.37816	-2558.61
2457	0.38004	-2604.52
2458	0.375536	-2560.8
2459	0.375974	-2497.2
2460	0.375362	-2523.07
2461	0.379921	-2588.85
2462	0.380802	-2603.14
2463	0.382533	-2584.52
2464	0.381752	-2624.3
2465	0.375713	-2581.76
2466	0.376489	-2541.17
2467	0.370519	-2442.57
2468	0.381515	-2654.37
2469	0.374152	-2516.52
2470	0.384358	-2653.3
2471	0.385089	-2662.91
2472	0.371285	-2481.74
2473	0.377993	-2601.64
2474	0.377682	-2577.48
2475	0.388001	-2687.86
2476	0.382533	-2611.57
2477	0.372774	-2488.16
2478	0.375068	-2575.92
2479	0.371299	-2445.47
2480	0.381095	-2592.8
2481	0.376338	-2542.72
2482	0.375596	-2542.82
2483	0.374011	-2526.37
2484	0.378151	-2553.71
2485	0.375016	-2504.99
2486	0.371481	-2452.76
2487	0.382415	-2610
2488	0.373747	-2522.26
2489	0.358594	-2272.56
2490	0.375946	-2525.76
2491	0.376214	-2565.75
2492	0.382207	-2643.58
2493	0.371214	-2441.75
2494	0.380567	-2634.79
2495	0.374715	-2558.55
2496	0.384437	-2666.08
2497	0.380861	-2584.28
2498	0.375976	-2560.74
2499	0.373478	-2475.71
2500	0.382966	-2626.64
2501	0.378295	-2569.41
2502	0.376246	-2538.84
2503	0.38471	-2654
2504	0.379824	-2561.23
2505	0.374417	-2569.38
2506	0.379468	-2582.29
2507	0.377736	-2565.51
2508	0.389035	-2768.21
2509	0.371652	-2426.62
2510	0.38229	-2607.48
2511	0.376648	-2557.39
2512	0.374738	-2538.67
2513	0.374661	-2496.49
2514	0.38451	-2627.88
2515	0.383238	-2627.93
2516	0.373052	-2509.53
2517	0.377894	-2534.78
2518	0.380665	-2614.6
2519	0.38516	-2659.37
2520	0.378658	-2616.98
2521	0.377892	-2552.79
2522	0.375166	-2491.69
2523	0.372631	-2470.32
2524	0.377571	-2608.73
2525	0.37682	-2551.97
2526	0.381681	-2651.6
2527	0.37481	-2508.42
2528	0.378658	-2563.37
2529	0.377345	-2545.84
2530	0.384144	-2669.17
2531	0.380166	-2622.04
2532	0.376307	-2569.97
2533	0.388932	-2712.3
2534	0.377228	-2530.76
2535	0.385808	-2682.41
2536	0.382604	-2644.82
2537	0.371871	-2473.42
2538	0.359729	-2339.18
2539	0.383134	-2669.38
2540	0.378939	-2614.78
2541	0.374229	-2541.61
2542	0.379296	-2616.99
2543	0.371759	-2492.91
2544	0.377068	-2521.32
2545	0.377136	-2584.27
2546	0.376831	-2575
2547	0.381375	-2631.15
2548	0.385292	-2713.6
2549	0.37685	-2581.96
2550	0.371041	-2484.1
2551	0.382973	-2672.63
2552	0.377906	-2610.53
2553	0.380336	-2649.66
2554	0.373109	-2520.39
2555	0.364494	-2383.02
2556	0.38216	-2595.44
2557	0.387914	-2643.45
2558	0.373962	-2480.68
2559	0.377471	-2509.8
2560	0.379218	-2547.89
2561	0.379188	-2529.89
2562	0.393275	-2770.63
2563	0.383166	-2652.96
2564	0.375507	-2523.32
2565	0.374326	-2492.81
2566	0.376812	-2522.81
2567	0.370603	-2492.41
2568	0.379967	-2614.22
2569	0.376412	-2529.57
2570	0.370356	-2504.5
2571	0.372536	-2458.37
2572	0.367755	-2403.86
2573	0.381801	-2612.58
2574	0.370512	-2435.7
2575	0.387829	-2728.12
2576	0.377678	-2593.09
2577	0.379595	-2588.02
2578	0.375758	-2553.86
2579	0.367576	-2444.22
2580	0.369578	-2473.56
2581	0.381032	-2627.07
2582	0.384209	-2640.22
2583	0.374049	-2504.52
2584	0.383754	-2656
2585	0.377813	-2521.12
2586	0.376216	-2559.88
2587	0.37322	-2530.03
2588	0.381874	-2619.76
2589	0.37937	-2617.22
2590	0.380377	-2602.4
2591	0.371786	-2483.2
2592	0.366366	-2363.6
2593	0.377719	-2536.32
2594	0.371528	-2472.55
2595	0.372996	-2459.16
2596	0.377709	-2580.96
2597	0.382252	-2589.7
2598	0.379898	-2596.65
2599	0.384363	-2661.44
2600	0.380834	-2620.2
2601	0.381103	-2594.56
2602	0.377369	-2580.03
2603	0.378829	-2605.1
2604	0.376853	-2584.47
2605	0.371397	-2457.9
2606	0.375889	-2546.52
2607	0.376694	-2495.84
2608	0.368562	-2404.03
2609	0.381633	-2624.91
2610	0.376937	-2565.13
2611	0.38912	-2762.37
2612	0.366855	-2430.21
2613	0.379307	-2636.33
2614	0.371937	-2472.21
2615	0.382812	-2572.96
2616	0.369724	-2448.08
2617	0.375848	-2495.42
2618	0.381106	-2635.7
2619	0.376927	-2551.22
2620	0.375666	-2577.81
2621	0.373455	-2492
2622	0.370247	-2453.79
2623	0.379153	-2621.39
2624	0.384568	-2663.44
2625	0.385963	-2672.89
2626	0.362318	-2315.44
2627	0.380383	-2615.36
2628	0.377042	-2563.86
2629	0.375443	-2538.67
2630	0.380524	-2591.92
2631	0.373672	-2522.11
2632	0.391528	-2757.51
2633	0.373813	-2540.71
2634	0.380169	-2632.68
2635	0.379782	-2575.49
2636	0.37203	-2527.67
2637	0.38365	-2610.84
2638	0.375867	-2575.96
2639	0.369241	-2447.11
2640	0.372437	-2474.55
2641	0.371832	-2518.08
2642	0.383685	-2658.02
2643	0.381929	-2616.14
2644	0.376191	-2567.26
2645	0.382004	-2614.83
2646	0.373109	-2535.34
2647	0.378688	-2580.34
2648	0.378274	-2579.95
2649	0.381586	-2617.01
2650	0.378085	-2559.81
2651	0.380722	-2648.12
2652	0.381355	-2605.14
2653	0.372083	-2501.06
2654	0.388334	-2725.38
2655	0.377044	-2545.48
2656	0.373226	-2465.93
2657	0.3752	-2528.67
2658	0.381868	-2598.85
2659	0.376919	-2541.34
2660	0.38446	-2697.56
2661	0.376436	-2539.97
2662	0.377976	-2545.06
2663	0.382725	-2620.08
2664	0.367879	-2438.85
2665	0.377883	-2562.03
2666	0.380224	-2580.92
2667	0.382589	-2627.41
2668	0.379796	-2597.86
2669	0.375838	-2529.45
2670	0.383725	-2639.28
2671	0.377683	-2575.2
2672	0.375075	-2506.73
2673	0.382474	-2669.05
2674	0.382192	-2637.39
2675	0.376307	-2553.09
2676	0.377011	-2567.29
2677	0.374216	-2497.66
2678	0.382172	-2605.19
2679	0.377253	-2553.19
2680	0.372601	-2521.26
2681	0.376836	-2532.86
2682	0.378616	-2591.22
2683	0.377023	-2517.36
2684	0.376387	-2549.14
2685	0.38037	-2605.36
2686	0.373729	-2484.52
2687	0.380359	-2579.74
2688	0.381572	-2594.96
2689	0.386079	-2678.77
2690	0.378173	-2566.81
2691	0.378167	-2535.29
2692	0.376573	-2556.01
2693	0.389289	-2710.5
2694	0.375371	-2496.09
2695	0.382489	-2616.48
2696	0.372208	-2542.12
2697	0.376774	-2528.75
2698	0.375697	-2540.15
2699	0.377458	-2565.58
2700	0.379414	-2603.06
2701	0.376669	-2594.51
2702	0.382226	-2645.5
2703	0.377897	-2595.4
2704	0.384322	-2663.43
2705	0.376731	-2547.73
2706	0.378076	-2582.18
2707	0.372046	-2454.84
2708	0.38903	-2707.76
2709	0.381357	-2584.73
2710	0.384826	-2658.78
2711	0.381881	-2625.2
2712	0.380971	-2640.58
2713	0.3762	-2555.97
2714	0.369087	-2446.89
2715	0.378616	-2597.06
2716	0.373312	-2515.23
2717	0.375691	-2533.43
2718	0.373535	-2529.17
2719	0.383446	-2603.43
2720	0.385013	-2658.89
2721	0.371317	-2469.56
2722	0.381332	-2564.41
2723	0.382644	-2606.64
2724	0.376755	-2559.1
2725	0.387251	-2672.91
2726	0.380488	-2576.08
2727	0.384811	-2683.53
2728	0.379937	-2592.76
2729	0.379261	-2580.07
2730	0.37816	-2574.8
2731	0.384191	-2660.46
2732	0.372875	-2552.94
2733	0.369297	-2443.46
2734	0.384995	-2669.52
2735	0.374144	-2534.19
2736	0.377723	-2569.74
2737	0.378765	-2604.07
2738	0.369378	-2454.29
2739	0.366585	-2394.72
2740	0.375215	-2505.15
2741	0.377967	-2608.14
2742	0.379921	-2521.74
2743	0.372662	-2518.17
2744	0.38043	-2571.49
2745	0.373678	-2518.42
2746	0.383116	-2645.69
2747	0.378113	-2568.93
2748	0.373416	-2517.79
2749	0.386136	-2645.64
2750	0.387695	-2707.43
2751	0.383443	-2613.96
2752	0.368756	-2472.81
2753	0.374847	-2546.01
2754	0.384284	-2611.82
2755	0.380029	-2602.83
2756	0.381685	-2596.35
2757	0.378438	-2597.5
2758	0.382984	-2638.15
2759	0.384813	-2659.01
2760	0.371424	-2462.54
2761	0.37393	-2527.53
2762	0.373072	-2459.13
2763	0.381139	-2613.81
2764	0.377652	-2577.66
2765	0.374232	-2544.02
2766	0.370417	-2482.68
2767	0.373522	-2472.75
2768	0.387767	-2690.87
2769	0.374063	-2512.66
2770	0.373678	-2501.01
2771	0.369676	-2438.83
2772	0.379846	-2569.08
2773	0.380789	-2638.42
2774	0.380429	-2577.2
2775	0.385355	-2668.11
2776	0.371811	-2458.21
2777	0.37367	-2514.43
2778	0.376522	-2495.43
2779	0.379949	-2605.9
2780	0.36748	-2379.3
2781	0.374363	-2509.11
2782	0.380807	-2578.73
2783	0.374687	-2521.15
2784	0.382759	-2658.96
2785	0.378947	-2603.6
2786	0.388996	-2719.87
2787	0.376479	-2557.06
2788	0.375479	-2506.39
2789	0.369754	-2495.4
2790	0.374824	-2543
2791	0.379644	-2592.85
2792	0.375134	-2536.21
2793	0.379143	-2621.22
2794	0.38478	-2664.08
2795	0.372732	-2518.04
2796	0.378564	-2584.72
2797	0.376171	-2556.15
2798	0.375073	-2518.5
2799	0.371065	-2456.2
2800	0.379654	-2583.32
2801	0.374872	-2549.74
2802	0.369089	-2432.04
2803	0.369368	-2451.36
2804	0.367663	-2400.6
2805	0.382515	-2609.24
2806	0.371578	-2497.85
2807	0.385921	-2670.64
2808	0.369367	-2475.16
2809	0.378415	-2602.7
2810	0.379872	-2579.31
2811	0.373275	-2479.37
2812	0.373023	-2516.05
2813	0.373455	-2477.18
2814	0.372572	-2532.28
2815	0.389096	-2736.38
2816	0.378658	-2593.98
2817	0.380806	-2630.41
2818	0.384064	-2621.02
2819	0.376043	-2538.64
2820	0.382865	-2604.58
2821	0.384102	-2650.26
2822	0.371191	-2507.12
2823	0.373236	-2529.76
2824	0.37809	-2557.71
2825	0.374311	-2526.77
2826	0.375277	-2543.68
2827	0.373035	-2504.01
2828	0.371477	-2478.98
2829	0.379406	-2559.23
2830	0.378478	-2596.65
2831	0.373494	-2486.44
2832	0.377254	-2560.7
2833	0.380692	-2657.32
2834	0.376784	-2586.03
2835	0.373417	-2493.63
2836	0.376922	-2546.43
2837	0.377843	-2580.91
2838	0.378149	-2572.81
2839	0.384351	-2625.19
2840	0.373942	-2503.81
2841	0.379339	-2611.02
2842	0.379453	-2580.33
2843	0.372191	-2473.33
2844	0.378788	-2625.16
2845	0.38332	-2661.99
2846	0.380017	-2588.99
2847	0.381678	-2644.04
2848	0.383613	-2666.6
2849	0.374906	-2535.49
2850	0.376308	-2553.25
2851	0.378242	-2550.35
2852	0.37883	-2526.29
2853	0.374924	-2528.31
2854	0.38669	-2711.37
2855	0.373498	-2465.66
2856	0.374738	-2539.89
2857	0.375169	-2543.57
2858	0.377693	-2565.24
2859	0.372882	-2498.58
2860	0.382734	-2613.68
2861	0.368318	-2436.19
2862	0.387126	-2719.81
2863	0.375197	-2524.6
2864	0.376457	-2579.25
2865	0.379168	-2573.02
2866	0.379857	-2570.74
2867	0.368239	-2428.98
2868	0.378869	-2610.58
2869	0.372817	-2499.55
2870	0.367004	-2425.85
2871	0.384376	-2636.32
2872	0.381454	-2605.67
2873	0.376415	-2563.52
2874	0.380139	-2613.18
2875	0.383737	-2604.31
2876	0.381727	-2609.81
2877	0.379415	-2614.99
2878	0.379295	-2583.83
2879	0.384679	-2678.4
2880	0.384816	-2663.48
2881	0.381995	-2659.78
2882	0.382701	-2659.26
2883	0.371865	-2450.53
2884	0.372803	-2503.54
2885	0.376316	-2553.6
2886	0.377376	-2545.61
2887	0.371379	-2481.06
2888	0.383602	-2649.86
2889	0.386086	-2716.23
2890	0.372313	-2498.2
2891	0.377081	-2561.42
2892	0.388603	-2730.47
2893	0.37046	-2483.35
2894	0.37238	-2462.17
2895	0.376563	-2529.95
2896	0.37488	-2565.43
2897	0.376796	-2565.24
2898	0.374364	-2552.56
2899	0.384598	-2679.39
2900	0.379407	-2601.91
2901	0.380246	-2591.85
2902	0.371355	-2494.32
2903	0.379199	-2625.86
2904	0.385521	-2676.21
2905	0.37556	-2539.46
2906	0.388168	-2713.72
2907	0.386133	-2686.04
2908	0.372095	-2471.65
2909	0.38036	-2558.87
2910	0.374576	-2532.86
2911	0.391288	-2762.75
2912	0.385217	-2631.48
2913	0.380775	-2597.64
2914	0.378661	-2575.79
2915	0.373361	-2492.49
2916	0.37548	-2567.76
2917	0.372692	-2489.47
2918	0.370197	-2450.01
2919	0.377398	-2607.78
2920	0.38386	-2636.84
2921	0.368569	-2438.21
2922	0.387162	-2687.47
2923	0.378658	-2561.18
2924	0.377671	-2551.3
2925	0.370887	-2477.94
2926	0.373735	-2550.82
2927	0.379688	-2568.47
2928	0.38511	-2656.78
2929	0.378642	-2616.99
2930	0.370187	-2442.35
2931	0.375444	-2504.65
2932	0.366793	-2449.24
2933	0.373747	-2525.59
2934	0.366904	-2433.77
2935	0.368129	-2451.07
2936	0.385256	-2671.95
2937	0.385039	-2618.19
2938	0.379668	-2574.39
2939	0.375066	-2539.18
2940	0.37804	-2621.08
2941	0.367667	-2398.8
2942	0.378029	-2626.15
2943	0.37936	-2611.94
2944	0.38065	-2579.57
2945	0.366999	-2436.77
2946	0.372463	-2480.38
2947	0.37239	-2500.44
2948	0.379815	-2582.31
2949	0.389884	-2790.05
2950	0.373854	-2506.62
2951	0.373635	-2523.59
2952	0.375939	-2540.24
2953	0.373396	-2461.64
2954	0.37805	-2549.16
2955	0.377309	-2574.12
2956	0.378073	-2588.42
2957	0.383553	-2635.46
2958	0.383621	-2664.56
2959	0.379856	-2580.18
2960	0.375886	-2542.31
2961	0.383423	-2667.34
2962	0.383022	-2649.46
2963	0.392015	-2756.18
2964	0.38121	-2612.21
2965	0.373007	-2486.1
2966	0.378074	-2581.34
2967	0.378508	-2544.32
2968	0.382197	-2626.54
2969	0.375076	-2507
2970	0.363807	-2373.67
2971	0.385662	-2698.94
2972	0.386315	-2680.53
2973	0.388577	-2692.37
2974	0.375831	-2570.17
2975	0.375939	-2520.19
2976	0.379545	-2540.96
2977	0.376235	-2565.48
2978	0.378867	-2596.39
2979	0.369906	-2456.58
2980	0.376023	-2555.34
2981	0.381225	-2622.54
2982	0.378016	-2578.44
2983	0.379658	-2523.17
2984	0.374202	-2502.77
2985	0.389239	-2709.77
2986	0.38144	-2615.03
2987	0.380522	-2645.03
2988	0.387079	-2689.92
2989	0.380907	-2632.4
2990	0.382262	-2581.76
2991	0.379762	-2568.51
2992	0.379833	-2594.9
2993	0.377089	-2540.95
2994	0.371318	-2473.23
2995	0.378281	-2511.28
2996	0.373964	-2552.48
2997	0.37459	-2446.18
2998	0.378245	-2563.92
2999	0.378451	-2597.41
