0	0.368661	-2478.8
1	0.378932	-2582.06
2	0.37038	-2474.73
3	0.376797	-2565.99
4	0.374068	-2494.39
5	0.37713	-2535.37
6	0.378386	-2538.22
7	0.377649	-2543.37
8	0.378359	-2572.52
9	0.373065	-2504.92
10	0.374633	-2478.25
11	0.377429	-2574.18
12	0.374459	-2542.05
13	0.368716	-2461.12
14	0.381071	-2615.4
15	0.37419	-2496.78
16	0.37493	-2516.56
17	0.374655	-2532.34
18	0.373119	-2507.97
19	0.374768	-2533.66
20	0.371943	-2467.08
21	0.374545	-2556.48
22	0.366082	-2373.57
23	0.380882	-2619.55
24	0.376719	-2561.48
25	0.373139	-2457.45
26	0.376397	-2543.97
27	0.37769	-2580.77
28	0.371618	-2478.82
29	0.374326	-2515.14
30	0.370947	-2494.13
31	0.365284	-2381.3
32	0.377671	-2550.65
33	0.375726	-2467.7
34	0.379475	-2573.18
35	0.370099	-2481.8
36	0.375106	-2531.92
37	0.376702	-2524.77
38	0.378379	-2569.05
39	0.384257	-2649.76
40	0.379444	-2562.95
41	0.374237	-2537.69
42	0.367808	-2467.23
43	0.385237	-2674.44
44	0.378787	-2559.58
45	0.376533	-2533.1
46	0.375141	-2543.19
47	0.375707	-2508.3
48	0.370219	-2470.21
49	0.376779	-2529.19
50	0.373018	-2465.72
51	0.373646	-2500.64
52	0.370799	-2516.76
53	0.374679	-2558.37
54	0.369464	-2451.9
55	0.387097	-2696.62
56	0.383876	-2653.57
57	0.379004	-2596.17
58	0.37979	-2600.95
59	0.38398	-2606.49
60	0.381064	-2640.89
61	0.378433	-2594.07
62	0.381979	-2603.92
63	0.378729	-2594.16
64	0.371509	-2495.81
65	0.383089	-2653.64
66	0.36814	-2420.93
67	0.371654	-2537.77
68	0.37569	-2518.36
69	0.372514	-2472.58
70	0.369477	-2441.01
71	0.374031	-2501.22
72	0.379817	-2598.6
73	0.377465	-2597.29
74	0.368407	-2454.26
75	0.376743	-2565.36
76	0.380696	-2598.69
77	0.3732	-2515.83
78	0.37598	-2550.52
79	0.37151	-2483.23
80	0.38202	-2641.27
81	0.371271	-2491.73
82	0.379511	-2617.69
83	0.384758	-2652.78
84	0.381546	-2605.76
85	0.374262	-2509.25
86	0.371585	-2482.03
87	0.381445	-2619.05
88	0.380028	-2582.78
89	0.375673	-2494.68
90	0.378396	-2603.24
91	0.371802	-2442.05
92	0.370418	-2448.45
93	0.372366	-2475.65
94	0.376617	-2542.81
95	0.376248	-2505.72
96	0.379898	-2632.41
97	0.379397	-2660.79
98	0.371056	-2460.05
99	0.380634	-2617.52
100	0.380599	-2625.39
101	0.376633	-2562.73
102	0.375893	-2553.93
103	0.372917	-2520.96
104	0.362379	-2333.34
105	0.381247	-2649.86
106	0.373432	-2479.19
107	0.383476	-2648.85
108	0.378639	-2633.4
109	0.366531	-2418.2
110	0.371937	-2427.81
111	0.370531	-2433.9
112	0.383881	-2648.71
113	0.377066	-2560.17
114	0.371608	-2482.92
115	0.379833	-2588.06
116	0.373552	-2497.12
117	0.382012	-2613.5
118	0.381536	-2652.86
119	0.38606	-2677.56
120	0.374183	-2523.11
121	0.37016	-2466.07
122	0.378181	-2603.93
123	0.377915	-2562.86
124	0.370931	-2449.57
125	0.372728	-2512.81
126	0.383411	-2634.48
127	0.374552	-2537.89
128	0.386457	-2691.44
129	0.374822	-2545.61
130	0.373232	-2498.94
131	0.3803	-2625.24
132	0.374764	-2496.68
133	0.378931	-2589.5
134	0.372877	-2498.31
135	0.376351	-2498.66
136	0.371009	-2512.2
137	0.382644	-2566.51
138	0.373968	-2460.17
139	0.377023	-2543.93
140	0.376724	-2530.97
141	0.372973	-2488.71
142	0.375484	-2516.63
143	0.380397	-2596.34
144	0.371503	-2524.02
145	0.378147	-2554.87
146	0.375426	-2521.06
147	0.378413	-2567.31
148	0.379542	-2553.17
149	0.376286	-2576.2
150	0.376026	-2543.6
151	0.377592	-2561.9
152	0.37686	-2546.55
153	0.376973	-2573.73
154	0.384505	-2696.94
155	0.381059	-2577.71
156	0.383272	-2607.68
157	0.37261	-2503.63
158	0.380708	-2656.46
159	0.390237	-2751.87
160	0.381995	-2616.19
161	0.376672	-2556.74
162	0.375505	-2555.31
163	0.371152	-2493.41
164	0.372495	-2487.45
165	0.386083	-2676.48
166	0.371354	-2478.86
167	0.379479	-2572.13
168	0.376007	-2512.73
169	0.38319	-2656.81
170	0.375731	-2532.68
171	0.384542	-2644.04
172	0.379757	-2589.41
173	0.370909	-2476.39
174	0.388263	-2711.66
175	0.373089	-2507.99
176	0.38175	-2615.71
177	0.379596	-2578.6
178	0.375228	-2520.06
179	0.364196	-2395.33
180	0.378755	-2561.57
181	0.370904	-2437.24
182	0.378585	-2590.82
183	0.378328	-2567.23
184	0.380709	-2635.17
185	0.37208	-2509.19
186	0.376496	-2544.04
187	0.382523	-2625.39
188	0.376876	-2593.71
189	0.369683	-2433.37
190	0.376982	-2574.46
191	0.373831	-2493.78
192	0.377737	-2536.74
193	0.36434	-2370.72
194	0.37311	-2494.87
195	0.374112	-2507.84
196	0.390723	-2751.4
197	0.371931	-2456.99
198	0.370603	-2448.45
199	0.384158	-2668.26
200	0.377143	-2556.86
201	0.380095	-2591.19
202	0.372819	-2507.73
203	0.371663	-2459.62
204	0.36755	-2379.87
205	0.380321	-2560.68
206	0.368597	-2457.4
207	0.378043	-2564.05
208	0.36487	-2387.87
209	0.378785	-2586.89
210	0.369692	-2469
211	0.380742	-2590.39
212	0.377418	-2565.08
213	0.376868	-2557.93
214	0.377084	-2596.33
215	0.375302	-2594.5
216	0.377508	-2571.55
217	0.377317	-2541.81
218	0.380317	-2600.16
219	0.386256	-2652.73
220	0.375048	-2528.43
221	0.366108	-2415.55
222	0.391859	-2764.99
223	0.373611	-2510.09
224	0.388398	-2731.04
225	0.389666	-2709.74
226	0.382346	-2627.99
227	0.375583	-2560.9
228	0.377933	-2580.5
229	0.382151	-2608.76
230	0.369055	-2363.12
231	0.383012	-2611.02
232	0.378291	-2605
233	0.373609	-2508.86
234	0.384623	-2698.76
235	0.381802	-2600.32
236	0.379779	-2559.92
237	0.371175	-2456.47
238	0.377301	-2549.62
239	0.374073	-2505.28
240	0.375168	-2512.52
241	0.374418	-2480.24
242	0.381802	-2641.11
243	0.380763	-2644.62
244	0.37737	-2551
245	0.37941	-2564.7
246	0.37761	-2519.6
247	0.374513	-2543.27
248	0.376237	-2541.62
249	0.379066	-2532.81
250	0.380391	-2631
251	0.374868	-2510.92
252	0.372897	-2484.83
253	0.381526	-2595.4
254	0.381049	-2641.61
255	0.378148	-2582.48
256	0.37708	-2523.81
257	0.375086	-2528.22
258	0.378945	-2581.83
259	0.378244	-2576.6
260	0.378128	-2548.92
261	0.371819	-2470.92
262	0.376243	-2496.61
263	0.376772	-2572.95
264	0.373308	-2515.86
265	0.376287	-2575.97
266	0.377454	-2595.59
267	0.370097	-2511.34
268	0.387603	-2686.02
269	0.376345	-2497.5
270	0.369699	-2452.07
271	0.380182	-2618.27
272	0.371157	-2479.08
273	0.367233	-2424.6
274	0.382333	-2645.57
275	0.372529	-2478.76
276	0.378292	-2585.85
277	0.367738	-2464.01
278	0.377832	-2572.96
279	0.373015	-2500.72
280	0.37989	-2596.25
281	0.370311	-2437.91
282	0.378485	-2595.58
283	0.376501	-2572.53
284	0.382775	-2613.78
285	0.373996	-2488.78
286	0.367597	-2402.32
287	0.368785	-2450.22
288	0.378912	-2626.54
289	0.368265	-2453.54
290	0.373285	-2516.06
291	0.375637	-2510.78
292	0.376397	-2515.73
293	0.366905	-2399.3
294	0.387997	-2704.86
295	0.374819	-2539.83
296	0.379974	-2587.01
297	0.377814	-2553.78
298	0.379206	-2587.29
299	0.373086	-2560.91
300	0.371374	-2454.52
301	0.380565	-2574.77
302	0.380414	-2621.66
303	0.382479	-2642.08
304	0.377462	-2540.46
305	0.38221	-2599.66
306	0.379832	-2602.18
307	0.377948	-2588.56
308	0.370398	-2516.94
309	0.377351	-2568.13
310	0.37778	-2578.18
311	0.371361	-2452.18
312	0.374871	-2513.44
313	0.384834	-2644.02
314	0.386307	-2681.22
315	0.375076	-2491.79
316	0.374598	-2484.43
317	0.374293	-2517.43
318	0.380368	-2587.39
319	0.384312	-2637.66
320	0.373705	-2512.74
321	0.383138	-2632.08
322	0.377254	-2587.75
323	0.364933	-2359.73
324	0.376126	-2555.78
325	0.372424	-2462.03
326	0.376949	-2584.72
327	0.378641	-2570.64
328	0.379415	-2595.29
329	0.38015	-2593.46
330	0.367602	-2455.41
331	0.372322	-2535.55
332	0.371903	-2472.16
333	0.377481	-2571.06
334	0.376357	-2558.36
335	0.373661	-2523.03
336	0.379756	-2552
337	0.374212	-2494.65
338	0.374271	-2493.8
339	0.381983	-2657.3
340	0.383549	-2696.87
341	0.37215	-2453.45
342	0.378665	-2551.91
343	0.381514	-2605.87
344	0.372096	-2503.05
345	0.377698	-2526.07
346	0.37788	-2580.36
347	0.387382	-2717.63
348	0.378943	-2580.17
349	0.385409	-2654.33
350	0.382218	-2630.85
351	0.368568	-2408.47
352	0.371758	-2477.2
353	0.378785	-2570.33
354	0.36704	-2442.99
355	0.375653	-2526.81
356	0.387326	-2704.42
357	0.381736	-2665.02
358	0.364938	-2399.86
359	0.380302	-2585.37
360	0.375027	-2485.74
361	0.374311	-2530.32
362	0.378504	-2560.82
363	0.379776	-2562.49
364	0.384034	-2667.2
365	0.375298	-2497.26
366	0.384141	-2712.1
367	0.372026	-2457.48
368	0.372285	-2463.65
369	0.375144	-2529.16
370	0.369566	-2447.06
371	0.383005	-2635.67
372	0.378032	-2545.54
373	0.367355	-2446.31
374	0.384623	-2637.21
375	0.374734	-2510.32
376	0.374966	-2554.27
377	0.377342	-2550.42
378	0.379387	-2590.38
379	0.384527	-2678.17
380	0.374082	-2524.37
381	0.370147	-2494.44
382	0.376936	-2576.33
383	0.375362	-2572.49
384	0.374232	-2494.15
385	0.385724	-2683.82
386	0.381899	-2604.17
387	0.378764	-2554.86
388	0.378748	-2561.57
389	0.382161	-2637.81
390	0.37109	-2486.98
391	0.368311	-2447.18
392	0.369113	-2480.1
393	0.372522	-2509.41
394	0.384554	-2658.27
395	0.373849	-2477.22
396	0.380337	-2618.42
397	0.378366	-2534.14
398	0.375485	-2523.08
399	0.379876	-2642.6
400	0.379358	-2592.02
401	0.380345	-2599.93
402	0.375133	-2525.64
403	0.384224	-2653.86
404	0.373042	-2466.1
405	0.377578	-2567.15
406	0.380112	-2626.04
407	0.378515	-2562.99
408	0.383581	-2626.26
409	0.377485	-2564.83
410	0.375364	-2559.72
411	0.375532	-2526.3
412	0.377504	-2564.53
413	0.368941	-2488.92
414	0.370132	-2458.71
415	0.378142	-2543.75
416	0.379646	-2573.42
417	0.37128	-2496.13
418	0.376162	-2519.79
419	0.372652	-2472.31
420	0.374902	-2527.12
421	0.381763	-2601.37
422	0.370203	-2421.56
423	0.378271	-2541.91
424	0.377122	-2565.22
425	0.382232	-2634.22
426	0.369586	-2492.86
427	0.381261	-2611.67
428	0.377903	-2558.76
429	0.368873	-2446.25
430	0.374268	-2517.65
431	0.37962	-2622.56
432	0.375016	-2530.39
433	0.378563	-2555.92
434	0.376965	-2505.67
435	0.383367	-2663.08
436	0.372591	-2503.76
437	0.383585	-2615.4
438	0.376609	-2552.46
439	0.377077	-2558.58
440	0.371614	-2473.78
441	0.37563	-2557.09
442	0.380856	-2606.06
443	0.376542	-2511.11
444	0.3684	-2440.61
445	0.381559	-2579.7
446	0.380145	-2580.37
447	0.379686	-2576.7
448	0.374235	-2535.81
449	0.368084	-2425.23
450	0.374596	-2487.2
451	0.383831	-2589.87
452	0.375012	-2508.75
453	0.374742	-2511.58
454	0.368298	-2462.34
455	0.38041	-2593.02
456	0.377302	-2551.46
457	0.368933	-2424.41
458	0.373104	-2492.96
459	0.381875	-2633.8
460	0.374115	-2513.34
461	0.374767	-2525.81
462	0.377717	-2559.5
463	0.374043	-2519.31
464	0.38178	-2603.99
465	0.377168	-2553.93
466	0.371075	-2464.79
467	0.377099	-2533.51
468	0.3756	-2585.29
469	0.37754	-2606.68
470	0.377409	-2630.71
471	0.392753	-2724.03
472	0.37268	-2468.69
473	0.371076	-2451.17
474	0.374435	-2502.97
475	0.381336	-2607.83
476	0.385447	-2678.27
477	0.374998	-2544.47
478	0.374428	-2517.54
479	0.373517	-2479.57
480	0.370655	-2426.62
481	0.37273	-2523.68
482	0.379946	-2614.68
483	0.376424	-2520.55
484	0.3761	-2517.62
485	0.377045	-2554.02
486	0.373391	-2521.89
487	0.378398	-2580.33
488	0.372974	-2556.37
489	0.371005	-2484.11
490	0.378141	-2550.02
491	0.3704	-2428.62
492	0.371534	-2489.98
493	0.376931	-2575.2
494	0.38507	-2671.59
495	0.376189	-2494.85
496	0.382024	-2668.63
497	0.376861	-2532.39
498	0.375679	-2561.71
499	0.381918	-2598.34
500	0.37232	-2437.27
501	0.378371	-2572.79
502	0.380191	-2585.67
503	0.371519	-2459.59
504	0.370147	-2411.61
505	0.371873	-2493.54
506	0.372997	-2449.82
507	0.372103	-2482.89
508	0.376355	-2574.76
509	0.37462	-2497.27
510	0.386567	-2662.65
511	0.374059	-2516.83
512	0.380836	-2605.44
513	0.370467	-2485.96
514	0.372359	-2505.58
515	0.378779	-2574.63
516	0.378002	-2544.16
517	0.37691	-2573.16
518	0.385011	-2687.61
519	0.371572	-2498.78
520	0.371977	-2502.06
521	0.370184	-2471.71
522	0.381882	-2621.25
523	0.368444	-2451.96
524	0.382392	-2638.18
525	0.371351	-2453.53
526	0.378694	-2604.44
527	0.375499	-2525.05
528	0.380729	-2621.38
529	0.374861	-2519.94
530	0.383165	-2649.48
531	0.377179	-2568.32
532	0.383136	-2626.73
533	0.379111	-2586.96
534	0.374492	-2530.1
535	0.3756	-2511.21
536	0.376651	-2568.66
537	0.370747	-2457.54
538	0.386256	-2653.64
539	0.382717	-2642.58
540	0.380293	-2608.19
541	0.387529	-2707.94
542	0.371444	-2479.73
543	0.375916	-2539.77
544	0.373077	-2539.02
545	0.378819	-2531.3
546	0.36731	-2454.09
547	0.370037	-2485.84
548	0.372998	-2524.19
549	0.380743	-2616.47
550	0.374035	-2529.33
551	0.373923	-2500.46
552	0.374949	-2507.82
553	0.37044	-2461.89
554	0.376974	-2553.1
555	0.376396	-2545.47
556	0.373514	-2503.05
557	0.374075	-2519.23
558	0.372269	-2472.63
559	0.379575	-2635.25
560	0.372414	-2510.02
561	0.38106	-2633.58
562	0.375508	-2539.28
563	0.376688	-2581.7
564	0.374242	-2540.39
565	0.371271	-2505.36
566	0.378734	-2589.25
567	0.378306	-2565.63
568	0.380012	-2612.15
569	0.372418	-2472.34
570	0.372963	-2501.1
571	0.378202	-2547.34
572	0.377512	-2568.26
573	0.385282	-2682.83
574	0.377497	-2550.39
575	0.379773	-2628.85
576	0.380895	-2615.87
577	0.378233	-2604.31
578	0.380412	-2588.23
579	0.3772	-2549.46
580	0.379863	-2615.53
581	0.373948	-2536.81
582	0.380369	-2556.26
583	0.372832	-2471.64
584	0.379541	-2637.28
585	0.374951	-2554.07
586	0.381673	-2608.05
587	0.375678	-2540.85
588	0.367676	-2389.84
589	0.382359	-2647.2
590	0.372099	-2476.42
591	0.367943	-2426
592	0.374562	-2554.41
593	0.376069	-2540.48
594	0.379983	-2594.36
595	0.380869	-2628.68
596	0.379257	-2605.85
597	0.376728	-2555.2
598	0.374165	-2498.5
599	0.377298	-2604.61
600	0.378372	-2562.39
601	0.378243	-2543.11
602	0.384181	-2674.95
603	0.375475	-2542.61
604	0.375526	-2550.41
605	0.369095	-2446.67
606	0.376034	-2522.15
607	0.375681	-2545.02
608	0.379192	-2615.4
609	0.373858	-2517.77
610	0.37553	-2510.76
611	0.370376	-2430.13
612	0.371068	-2521.01
613	0.372047	-2516.45
614	0.373461	-2489.35
615	0.383863	-2685.34
616	0.375454	-2540.01
617	0.375937	-2570.91
618	0.37752	-2558.2
619	0.37618	-2507.64
620	0.380403	-2550.59
621	0.379772	-2547.38
622	0.383358	-2694.51
623	0.377376	-2537.82
624	0.371407	-2519.03
625	0.385398	-2665.47
626	0.372487	-2524.88
627	0.368698	-2443.01
628	0.381879	-2629.44
629	0.376682	-2558.38
630	0.384389	-2650.82
631	0.378488	-2572.69
632	0.376384	-2504.83
633	0.380462	-2613.06
634	0.375173	-2515.2
635	0.373984	-2509.52
636	0.379804	-2601.48
637	0.373849	-2502.49
638	0.378415	-2559.59
639	0.373918	-2512.1
640	0.380592	-2643.84
641	0.373872	-2535.68
642	0.369876	-2454.17
643	0.372702	-2499.17
644	0.383454	-2629.85
645	0.374096	-2560.51
646	0.375893	-2535.84
647	0.374861	-2554.65
648	0.369626	-2428.92
649	0.376469	-2563.61
650	0.379743	-2585.33
651	0.373225	-2452.38
652	0.378951	-2559.76
653	0.370214	-2459.99
654	0.386586	-2690.63
655	0.380405	-2565.65
656	0.375875	-2550.37
657	0.370688	-2495.24
658	0.37399	-2517.29
659	0.383444	-2656.83
660	0.387439	-2732.97
661	0.371015	-2505.07
662	0.377319	-2528.67
663	0.38108	-2610.93
664	0.370967	-2454.45
665	0.368622	-2425.39
666	0.375181	-2531.52
667	0.384945	-2654.41
668	0.375276	-2559.05
669	0.381118	-2600.27
670	0.376369	-2564.52
671	0.376098	-2525.12
672	0.369924	-2424.92
673	0.377015	-2549.2
674	0.37804	-2545.42
675	0.368986	-2455.32
676	0.377813	-2558.01
677	0.372042	-2456.98
678	0.372025	-2419.78
679	0.380756	-2589.52
680	0.373627	-2544.26
681	0.387413	-2684.43
682	0.382209	-2627.24
683	0.374493	-2520.11
684	0.378583	-2582.64
685	0.369491	-2445.89
686	0.384225	-2584.96
687	0.376283	-2545.73
688	0.370586	-2477.9
689	0.375264	-2542.1
690	0.378376	-2582.7
691	0.378599	-2582.17
692	0.377769	-2577.71
693	0.379801	-2567.4
694	0.371647	-2448.67
695	0.3802	-2600.69
696	0.380542	-2614.47
697	0.377542	-2549.42
698	0.378287	-2553.94
699	0.375065	-2520.93
700	0.374031	-2511.64
701	0.367936	-2422.43
702	0.376478	-2535.04
703	0.371732	-2512.5
704	0.37261	-2490.59
705	0.377797	-2571.27
706	0.381109	-2634.77
707	0.375505	-2546.18
708	0.378939	-2602.49
709	0.378367	-2546.16
710	0.375692	-2580.18
711	0.377426	-2546.11
712	0.379734	-2600.7
713	0.377572	-2548.33
714	0.381229	-2645.33
715	0.371855	-2486.14
716	0.375021	-2530.46
717	0.377106	-2542.52
718	0.372045	-2484.97
719	0.373804	-2575.21
720	0.381439	-2660.71
721	0.376107	-2539.71
722	0.373787	-2486.33
723	0.374441	-2535.45
724	0.378208	-2584.66
725	0.382464	-2638.65
726	0.370109	-2471.42
727	0.379139	-2562.09
728	0.382637	-2612.37
729	0.376489	-2521.39
730	0.382846	-2611.52
731	0.376603	-2547.62
732	0.368128	-2458.12
733	0.384699	-2661.21
734	0.37861	-2544.94
735	0.379547	-2596.53
736	0.364295	-2379.89
737	0.382131	-2633.45
738	0.37837	-2569.1
739	0.377095	-2588.13
740	0.377509	-2586.74
741	0.374456	-2490.33
742	0.380553	-2637.54
743	0.37024	-2486.86
744	0.373976	-2506.52
745	0.372787	-2512.61
746	0.37822	-2633.46
747	0.381778	-2620.36
748	0.373469	-2510.5
749	0.373457	-2541.57
750	0.377972	-2559.65
751	0.376442	-2526.44
752	0.381576	-2615.23
753	0.376946	-2541.4
754	0.367427	-2459.19
755	0.383316	-2625.61
756	0.370393	-2492.79
757	0.388097	-2724.42
758	0.381749	-2570.95
759	0.390623	-2732.89
760	0.384057	-2669.67
761	0.377499	-2563.19
762	0.378162	-2553.53
763	0.372397	-2502.29
764	0.371017	-2457.7
765	0.379231	-2585.02
766	0.379661	-2611.82
767	0.378503	-2558.78
768	0.37474	-2507.98
769	0.379889	-2577.77
770	0.37597	-2573.05
771	0.374356	-2560.47
772	0.379061	-2628.68
773	0.372674	-2471.71
774	0.377318	-2531.31
775	0.371435	-2517.31
776	0.373154	-2452.57
777	0.38197	-2646.48
778	0.382599	-2651.71
779	0.379017	-2602.62
780	0.379219	-2569.17
781	0.380621	-2574.11
782	0.376991	-2559.95
783	0.374671	-2502.6
784	0.384945	-2650.36
785	0.374259	-2520.36
786	0.374835	-2527.68
787	0.37658	-2557.76
788	0.372547	-2490.92
789	0.378579	-2556.01
790	0.378849	-2598.11
791	0.380817	-2602.66
792	0.376981	-2543.92
793	0.389644	-2764.07
794	0.374325	-2499.6
795	0.375298	-2573.72
796	0.371405	-2503.3
797	0.3848	-2679.25
798	0.375351	-2526.68
799	0.38108	-2613
800	0.38453	-2657.34
801	0.381577	-2619.46
802	0.379073	-2569.93
803	0.383135	-2615.6
804	0.375174	-2512.09
805	0.388126	-2700.14
806	0.372971	-2491.09
807	0.375932	-2542.6
808	0.376294	-2530.86
809	0.373671	-2497.71
810	0.379376	-2617.54
811	0.373457	-2476.84
812	0.364369	-2402.01
813	0.380545	-2577.54
814	0.379704	-2569.78
815	0.380782	-2637.67
816	0.3667	-2418.93
817	0.380869	-2613.09
818	0.378326	-2574.31
819	0.368778	-2458.84
820	0.377051	-2581.98
821	0.383779	-2690.81
822	0.373714	-2491.66
823	0.373716	-2513.48
824	0.381785	-2591.3
825	0.372308	-2459.23
826	0.378637	-2587.54
827	0.375713	-2528.87
828	0.379778	-2571.38
829	0.380036	-2571.25
830	0.375835	-2570.68
831	0.371643	-2497.88
832	0.374775	-2520.79
833	0.371855	-2469.77
834	0.372388	-2486.08
835	0.373908	-2507.81
836	0.375387	-2521.97
837	0.375577	-2563.39
838	0.374208	-2531.16
839	0.369817	-2491.27
840	0.37112	-2517.16
841	0.379795	-2617.51
842	0.379876	-2565.04
843	0.374045	-2551.03
844	0.371152	-2434.29
845	0.370623	-2463.92
846	0.372802	-2496.63
847	0.373181	-2515.76
848	0.368125	-2399.51
849	0.377719	-2596.15
850	0.375651	-2539.15
851	0.380306	-2574.69
852	0.382107	-2581.31
853	0.384564	-2660.54
854	0.368005	-2459.74
855	0.372055	-2506.1
856	0.375774	-2509.73
857	0.372996	-2551.67
858	0.380104	-2581.55
859	0.374419	-2524.47
860	0.376911	-2580.36
861	0.372986	-2577.92
862	0.382565	-2645.98
863	0.376105	-2564.46
864	0.374881	-2523.12
865	0.371906	-2512.34
866	0.376713	-2565.83
867	0.376916	-2547.88
868	0.373229	-2479.91
869	0.377476	-2570.01
870	0.382853	-2614.8
871	0.372684	-2500.48
872	0.375054	-2562.41
873	0.369387	-2479.76
874	0.381429	-2654.35
875	0.376553	-2520.28
876	0.375449	-2579.96
877	0.379334	-2622.54
878	0.376088	-2548.59
879	0.363565	-2399.39
880	0.381064	-2592.61
881	0.374555	-2515.63
882	0.371984	-2452.44
883	0.377061	-2546.2
884	0.383215	-2667.26
885	0.375203	-2538.67
886	0.37053	-2458.66
887	0.368211	-2444.78
888	0.371133	-2446.13
889	0.382835	-2629.48
890	0.373328	-2498.22
891	0.376801	-2553.08
892	0.378676	-2598.33
893	0.376817	-2506.17
894	0.372989	-2519.42
895	0.37809	-2616.16
896	0.376122	-2557.79
897	0.367289	-2414.06
898	0.381301	-2603.66
899	0.377428	-2566.18
900	0.379503	-2609.08
901	0.374962	-2524.43
902	0.373016	-2507.41
903	0.385341	-2701.89
904	0.36718	-2416.37
905	0.373276	-2497.35
906	0.372005	-2447.3
907	0.374625	-2545.85
908	0.379741	-2626.92
909	0.384147	-2648.94
910	0.376375	-2532.99
911	0.37663	-2597.3
912	0.374977	-2506.16
913	0.370963	-2482.3
914	0.367807	-2455.41
915	0.36907	-2510.92
916	0.375402	-2547.98
917	0.376213	-2535.5
918	0.371629	-2475.69
919	0.377933	-2587.2
920	0.37553	-2491.67
921	0.370561	-2455.81
922	0.374532	-2514.34
923	0.371211	-2492.19
924	0.374518	-2525.21
925	0.376035	-2552.27
926	0.377506	-2564.68
927	0.377659	-2576.8
928	0.377896	-2565.42
929	0.375621	-2539.67
930	0.37165	-2453.64
931	0.385044	-2585.51
932	0.38179	-2638.4
933	0.38689	-2705.39
934	0.382469	-2640.72
935	0.373589	-2502.87
936	0.371905	-2476.47
937	0.369728	-2456.62
938	0.376609	-2555.09
939	0.378461	-2527.27
940	0.374498	-2481.99
941	0.377928	-2591.6
942	0.377645	-2590.93
943	0.373917	-2505.14
944	0.37565	-2528.29
945	0.383966	-2614.65
946	0.385385	-2656.72
947	0.379496	-2600.51
948	0.373748	-2459.53
949	0.378176	-2554.79
950	0.380968	-2583.68
951	0.381693	-2632.35
952	0.37185	-2471.22
953	0.368394	-2424.4
954	0.377133	-2535.55
955	0.379383	-2600.4
956	0.37597	-2580.36
957	0.372135	-2510.87
958	0.378382	-2582.65
959	0.378123	-2563.73
960	0.373248	-2526.72
961	0.370681	-2479.41
962	0.37216	-2508.17
963	0.377858	-2544.31
964	0.381101	-2631.89
965	0.384132	-2657.63
966	0.369871	-2472.2
967	0.371183	-2481.5
968	0.367332	-2396.72
969	0.376851	-2579.75
970	0.379844	-2566.19
971	0.379128	-2578.63
972	0.376939	-2538.55
973	0.377984	-2583.49
974	0.382161	-2616.15
975	0.383157	-2654.41
976	0.381684	-2610.59
977	0.375573	-2578.8
978	0.373739	-2493.89
979	0.374078	-2508.9
980	0.377641	-2556.37
981	0.381332	-2632.06
982	0.37159	-2518.96
983	0.37184	-2442.01
984	0.37647	-2536.01
985	0.375258	-2553.13
986	0.374098	-2526.03
987	0.37557	-2508.89
988	0.368289	-2433.32
989	0.369466	-2485.56
990	0.375213	-2550.11
991	0.376792	-2521.95
992	0.37686	-2574.33
993	0.380616	-2609.84
994	0.383674	-2618.85
995	0.37349	-2508.71
996	0.367937	-2444.1
997	0.38335	-2625.33
998	0.377387	-2554.78
999	0.370979	-2431.78
1000	0.377928	-2580.11
1001	0.37673	-2539.78
1002	0.379223	-2619.23
1003	0.372351	-2466.25
1004	0.379069	-2611.86
1005	0.367654	-2450.32
1006	0.382392	-2613.76
1007	0.374564	-2525.19
1008	0.380727	-2632.22
1009	0.377022	-2523.29
1010	0.373736	-2513.94
1011	0.36385	-2419.05
1012	0.376389	-2552.31
1013	0.382765	-2640.15
1014	0.379895	-2594.32
1015	0.381358	-2620.56
1016	0.375029	-2528.85
1017	0.370657	-2508.92
1018	0.378141	-2568.63
1019	0.377269	-2590.21
1020	0.378956	-2583.49
1021	0.377883	-2564.69
1022	0.384437	-2645
1023	0.387751	-2733.85
1024	0.375961	-2526.76
1025	0.37415	-2509.36
1026	0.373887	-2512.9
1027	0.371994	-2478.72
1028	0.3758	-2573.74
1029	0.379898	-2618.01
1030	0.382678	-2613.95
1031	0.380783	-2622.91
1032	0.374434	-2558.76
1033	0.371807	-2503.63
1034	0.376468	-2537.3
1035	0.380831	-2578.56
1036	0.377553	-2573.62
1037	0.378494	-2575.15
1038	0.371968	-2512.66
1039	0.376029	-2523.83
1040	0.372939	-2549.33
1041	0.378744	-2560.33
1042	0.377464	-2569.08
1043	0.382804	-2660.33
1044	0.371901	-2462.68
1045	0.37529	-2535.07
1046	0.376696	-2539.28
1047	0.372973	-2491.61
1048	0.367344	-2394.5
1049	0.376128	-2528.9
1050	0.376054	-2611.44
1051	0.37752	-2601.11
1052	0.378299	-2584.28
1053	0.374382	-2524.09
1054	0.374351	-2513.74
1055	0.383449	-2621.35
1056	0.37709	-2593.39
1057	0.379266	-2585.93
1058	0.377543	-2563.88
1059	0.38399	-2666.67
1060	0.377061	-2583.52
1061	0.3868	-2657.89
1062	0.372209	-2477.86
1063	0.368236	-2436.6
1064	0.382171	-2648.55
1065	0.372	-2528.22
1066	0.379287	-2596.42
1067	0.373275	-2448.47
1068	0.372686	-2517.12
1069	0.374523	-2575.16
1070	0.379193	-2545.04
1071	0.378023	-2578.42
1072	0.36174	-2339.86
1073	0.374359	-2502.73
1074	0.378517	-2559.72
1075	0.380307	-2567.26
1076	0.377	-2550.21
1077	0.363189	-2382.89
1078	0.379728	-2572.47
1079	0.370409	-2430.89
1080	0.375132	-2541.53
1081	0.372841	-2484.06
1082	0.383811	-2625.8
1083	0.378444	-2584.56
1084	0.370804	-2475.92
1085	0.37899	-2530.44
1086	0.368766	-2447.57
1087	0.380926	-2598.71
1088	0.370974	-2454.73
1089	0.385497	-2656.78
1090	0.376432	-2561.12
1091	0.380519	-2574.72
1092	0.373147	-2477.66
1093	0.376931	-2481.19
1094	0.371241	-2486.12
1095	0.363054	-2351.26
1096	0.377348	-2505.6
1097	0.374844	-2540.87
1098	0.379157	-2603.59
1099	0.381435	-2594.68
1100	0.382278	-2654.58
1101	0.36967	-2490.6
1102	0.377216	-2573.59
1103	0.379718	-2585.33
1104	0.373432	-2519.52
1105	0.380149	-2622.71
1106	0.375301	-2519.46
1107	0.381772	-2659.07
1108	0.378246	-2556.51
1109	0.378896	-2574.84
1110	0.37651	-2501.56
1111	0.372005	-2477.13
1112	0.384507	-2690.73
1113	0.383143	-2660.34
1114	0.374592	-2476.55
1115	0.378433	-2537.1
1116	0.372017	-2521.1
1117	0.374596	-2530.84
1118	0.375227	-2516.2
1119	0.373864	-2530.12
1120	0.384431	-2687.12
1121	0.374073	-2547.93
1122	0.373851	-2536.26
1123	0.385693	-2668.15
1124	0.374003	-2521.44
1125	0.382923	-2654.38
1126	0.379135	-2569.53
1127	0.383792	-2657.07
1128	0.367125	-2363.98
1129	0.378998	-2575.38
1130	0.382504	-2627.17
1131	0.375514	-2527.49
1132	0.382259	-2621.68
1133	0.368931	-2464.84
1134	0.37536	-2557.24
1135	0.376309	-2499.71
1136	0.374879	-2530.29
1137	0.375752	-2535.08
1138	0.374465	-2545.74
1139	0.369208	-2440.32
1140	0.366691	-2369.02
1141	0.369629	-2481.03
1142	0.377052	-2551.49
1143	0.372201	-2524.8
1144	0.377333	-2570.29
1145	0.384224	-2638.46
1146	0.370703	-2423.73
1147	0.376419	-2571.88
1148	0.379603	-2632.51
1149	0.377885	-2573.9
1150	0.376048	-2529.18
1151	0.385506	-2645.41
1152	0.37933	-2548.54
1153	0.37325	-2524.55
1154	0.370216	-2460.3
1155	0.369978	-2408.89
1156	0.38156	-2657.42
1157	0.387723	-2675.22
1158	0.381618	-2592.53
1159	0.371187	-2468.71
1160	0.376006	-2570.05
1161	0.37975	-2590.88
1162	0.367068	-2409.87
1163	0.381069	-2598.16
1164	0.37551	-2528.55
1165	0.369977	-2482.74
1166	0.376585	-2573.06
1167	0.377611	-2547.06
1168	0.369361	-2433.66
1169	0.376687	-2546.49
1170	0.371452	-2520.94
1171	0.3663	-2408.29
1172	0.375245	-2519.2
1173	0.368684	-2468.22
1174	0.384434	-2615.56
1175	0.37844	-2588.4
1176	0.375911	-2556.23
1177	0.387105	-2695.52
1178	0.381106	-2626.09
1179	0.376657	-2548.86
1180	0.379333	-2553.5
1181	0.376182	-2609.1
1182	0.384465	-2629.52
1183	0.376999	-2531.66
1184	0.377253	-2549.08
1185	0.37738	-2536.61
1186	0.381296	-2641.97
1187	0.368761	-2422.56
1188	0.380364	-2581.63
1189	0.371681	-2498.49
1190	0.382262	-2607.34
1191	0.376034	-2549.44
1192	0.374456	-2465.79
1193	0.380744	-2585.03
1194	0.376623	-2513.55
1195	0.373103	-2490.84
1196	0.37785	-2523.54
1197	0.369849	-2504.23
1198	0.373147	-2495.6
1199	0.376816	-2540.46
1200	0.375239	-2544.2
1201	0.371373	-2437.72
1202	0.370911	-2455.71
1203	0.380346	-2593.48
1204	0.371251	-2439.93
1205	0.371244	-2480.56
1206	0.371641	-2457.12
1207	0.385355	-2666.48
1208	0.373327	-2493.05
1209	0.384961	-2664.31
1210	0.371653	-2483.23
1211	0.384306	-2604.12
1212	0.373057	-2517.62
1213	0.37728	-2559.6
1214	0.373456	-2559.8
1215	0.385434	-2657.62
1216	0.363926	-2402
1217	0.380959	-2600.05
1218	0.373561	-2510.97
1219	0.376084	-2532.72
1220	0.375025	-2529.9
1221	0.370167	-2467.2
1222	0.372582	-2506.93
1223	0.382933	-2699.86
1224	0.3757	-2573.79
1225	0.375748	-2527.79
1226	0.372138	-2480.14
1227	0.381284	-2589.27
1228	0.380751	-2600.62
1229	0.382124	-2616.46
1230	0.373036	-2504.2
1231	0.373543	-2502.21
1232	0.370348	-2445.85
1233	0.374535	-2522.37
1234	0.384772	-2713.31
1235	0.375687	-2545.02
1236	0.364397	-2386.39
1237	0.383319	-2646.38
1238	0.375646	-2515.94
1239	0.385006	-2664.16
1240	0.379029	-2579.03
1241	0.373971	-2538.39
1242	0.375506	-2512.2
1243	0.378281	-2555.03
1244	0.373163	-2510.49
1245	0.3735	-2483.71
1246	0.370782	-2439.28
1247	0.377201	-2529.45
1248	0.380612	-2615.48
1249	0.380532	-2627.09
1250	0.38102	-2638.22
1251	0.373316	-2531.49
1252	0.372515	-2444.94
1253	0.380541	-2625.89
1254	0.378748	-2560.37
1255	0.371203	-2452.42
1256	0.376902	-2521.22
1257	0.379368	-2575.98
1258	0.379147	-2573.18
1259	0.386492	-2720.77
1260	0.375608	-2499.74
1261	0.374072	-2528.07
1262	0.379352	-2596.82
1263	0.382635	-2641.67
1264	0.375572	-2540.61
1265	0.379762	-2575.88
1266	0.37707	-2545.54
1267	0.371855	-2482.9
1268	0.374911	-2536.12
1269	0.381404	-2588.18
1270	0.385688	-2668.72
1271	0.372709	-2504.07
1272	0.372048	-2528.08
1273	0.376196	-2514.78
1274	0.377019	-2589.64
1275	0.370464	-2459.61
1276	0.379262	-2594.31
1277	0.373567	-2531.37
1278	0.37487	-2526.91
1279	0.382763	-2591.44
1280	0.373092	-2530.99
1281	0.376693	-2567.1
1282	0.375242	-2539.5
1283	0.374914	-2564.42
1284	0.371191	-2489.77
1285	0.377147	-2603.55
1286	0.373155	-2517.23
1287	0.379557	-2581.66
1288	0.36879	-2466.13
1289	0.380331	-2572.65
1290	0.372415	-2501.36
1291	0.374864	-2546.29
1292	0.373972	-2530.13
1293	0.378312	-2609.41
1294	0.374953	-2553.86
1295	0.385121	-2648.43
1296	0.373164	-2510.78
1297	0.369252	-2467.77
1298	0.379862	-2622.89
1299	0.376937	-2548.18
1300	0.370439	-2492.2
1301	0.374105	-2507.01
1302	0.387061	-2657.66
1303	0.379558	-2554.65
1304	0.36784	-2441.83
1305	0.370928	-2478.78
1306	0.364212	-2394.32
1307	0.376879	-2549.46
1308	0.380776	-2648.7
1309	0.383549	-2661.73
1310	0.379226	-2563.63
1311	0.380213	-2601.81
1312	0.381505	-2615.22
1313	0.374239	-2500.65
1314	0.371418	-2480.39
1315	0.369217	-2441.02
1316	0.375752	-2554.93
1317	0.376556	-2549.54
1318	0.376741	-2538.96
1319	0.379546	-2612.39
1320	0.382329	-2654.33
1321	0.381055	-2604.25
1322	0.368069	-2446.21
1323	0.366268	-2452.94
1324	0.381008	-2590.54
1325	0.379403	-2619.26
1326	0.37307	-2518.45
1327	0.378468	-2585.91
1328	0.379195	-2636.87
1329	0.371782	-2488.1
1330	0.374517	-2500.44
1331	0.376111	-2530.92
1332	0.372094	-2450.72
1333	0.371469	-2502.22
1334	0.385678	-2657.52
1335	0.370881	-2469.72
1336	0.367192	-2438.22
1337	0.37246	-2483.75
1338	0.376984	-2581.25
1339	0.380083	-2609.35
1340	0.373507	-2489.53
1341	0.378749	-2574.51
1342	0.381497	-2606.94
1343	0.37641	-2544.28
1344	0.377949	-2539.03
1345	0.374655	-2507.09
1346	0.375321	-2516.83
1347	0.370959	-2462.58
1348	0.375782	-2560.62
1349	0.380843	-2585.9
1350	0.379933	-2601.46
1351	0.374517	-2484.7
1352	0.36878	-2460.66
1353	0.374198	-2499.72
1354	0.37142	-2464.94
1355	0.382025	-2583.7
1356	0.376717	-2544.39
1357	0.380368	-2564.3
1358	0.381371	-2577.5
1359	0.371647	-2485.47
1360	0.373219	-2478.35
1361	0.375807	-2559.09
1362	0.379919	-2573.46
1363	0.377584	-2508.63
1364	0.380597	-2640.19
1365	0.375479	-2559.41
1366	0.377241	-2524.51
1367	0.373887	-2558.11
1368	0.377908	-2553.67
1369	0.384132	-2646.51
1370	0.374175	-2545.18
1371	0.37721	-2525.01
1372	0.375759	-2550.48
1373	0.378569	-2584.11
1374	0.384042	-2648.09
1375	0.370208	-2470.73
1376	0.378399	-2522.75
1377	0.378631	-2588.08
1378	0.373578	-2498.27
1379	0.378576	-2560.31
1380	0.377794	-2595.98
1381	0.369968	-2487.7
1382	0.37104	-2475.77
1383	0.381029	-2615.79
1384	0.377644	-2580.86
1385	0.370413	-2448.24
1386	0.382573	-2617.69
1387	0.377537	-2557.75
1388	0.367886	-2423.4
1389	0.375797	-2536.55
1390	0.381936	-2583.65
1391	0.377982	-2575.9
1392	0.380303	-2598.2
1393	0.378242	-2589.04
1394	0.383091	-2669.43
1395	0.385712	-2662.17
1396	0.375857	-2502.61
1397	0.380844	-2615.38
1398	0.371179	-2419.43
1399	0.376511	-2511.49
1400	0.37863	-2537.08
1401	0.380544	-2608.37
1402	0.375817	-2577.12
1403	0.381024	-2634.67
1404	0.383035	-2602.44
1405	0.378354	-2582.48
1406	0.371839	-2459.8
1407	0.372007	-2465.59
1408	0.374492	-2517.55
1409	0.374243	-2526.13
1410	0.378814	-2549.15
1411	0.37276	-2482.45
1412	0.385827	-2682.78
1413	0.375587	-2547.65
1414	0.386607	-2651.14
1415	0.374736	-2502.46
1416	0.378049	-2538.89
1417	0.375847	-2518.88
1418	0.368315	-2453.73
1419	0.381205	-2630.17
1420	0.368419	-2433.75
1421	0.385952	-2677.42
1422	0.369935	-2459.64
1423	0.373082	-2488.81
1424	0.374057	-2535.87
1425	0.372044	-2474.29
1426	0.374142	-2481.53
1427	0.381278	-2595.3
1428	0.374587	-2517.64
1429	0.364527	-2358.71
1430	0.372338	-2500.52
1431	0.377289	-2604.31
1432	0.384153	-2649.93
1433	0.38457	-2677.7
1434	0.371887	-2483.53
1435	0.374622	-2502.44
1436	0.374647	-2489.81
1437	0.375423	-2508.93
1438	0.378258	-2560.8
1439	0.365942	-2388.01
1440	0.375287	-2546.73
1441	0.377134	-2545.35
1442	0.379549	-2583.2
1443	0.383769	-2639.33
1444	0.382489	-2599.26
1445	0.374496	-2495.57
1446	0.382735	-2641.13
1447	0.371389	-2475.33
1448	0.375924	-2511.6
1449	0.385198	-2663.03
1450	0.381365	-2627.34
1451	0.374049	-2502.45
1452	0.374769	-2537.59
1453	0.378122	-2584.68
1454	0.383428	-2643.41
1455	0.374689	-2533.3
1456	0.379551	-2586.91
1457	0.385066	-2697.41
1458	0.382827	-2653.46
1459	0.377481	-2548.73
1460	0.376977	-2590.74
1461	0.382767	-2609.19
1462	0.371309	-2517.66
1463	0.367341	-2465.49
1464	0.373542	-2514.44
1465	0.381239	-2587.39
1466	0.377379	-2545.19
1467	0.374221	-2525.01
1468	0.376081	-2542.58
1469	0.384077	-2683.08
1470	0.37796	-2538.63
1471	0.378083	-2588.18
1472	0.366993	-2365.67
1473	0.376732	-2547.22
1474	0.379855	-2640.33
1475	0.374402	-2542.15
1476	0.37514	-2503.9
1477	0.370405	-2469.74
1478	0.37534	-2539.77
1479	0.38339	-2652.11
1480	0.371553	-2505.32
1481	0.374038	-2528.33
1482	0.380849	-2619.34
1483	0.377155	-2570.84
1484	0.380565	-2605.33
1485	0.376258	-2566.81
1486	0.371506	-2482.02
1487	0.371991	-2554.98
1488	0.375211	-2515.79
1489	0.378446	-2610.65
1490	0.377439	-2584.89
1491	0.374803	-2517.34
1492	0.37716	-2569.31
1493	0.374555	-2518.32
1494	0.377344	-2503.4
1495	0.371724	-2470.45
1496	0.366556	-2422.93
1497	0.377557	-2555.77
1498	0.380438	-2594.68
1499	0.368532	-2416.91
1500	0.377315	-2543.86
1501	0.376025	-2565.26
1502	0.372834	-2504.09
1503	0.36826	-2448.59
1504	0.381638	-2636.99
1505	0.388074	-2711.63
1506	0.379682	-2569.87
1507	0.37495	-2473.93
1508	0.373829	-2549
1509	0.381727	-2631.92
1510	0.380494	-2615.05
1511	0.382531	-2614.03
1512	0.380117	-2582.27
1513	0.370704	-2434.93
1514	0.373626	-2572.4
1515	0.380297	-2613.64
1516	0.377045	-2575.53
1517	0.374277	-2546.61
1518	0.375756	-2486.96
1519	0.378424	-2606.37
1520	0.375407	-2552.6
1521	0.370471	-2456.69
1522	0.376282	-2516.71
1523	0.378417	-2600.44
1524	0.377033	-2565.75
1525	0.379838	-2591.05
1526	0.370533	-2449.39
1527	0.376488	-2533.03
1528	0.37231	-2495.52
1529	0.384587	-2655.42
1530	0.37539	-2520.65
1531	0.370265	-2460.31
1532	0.376717	-2586.1
1533	0.379261	-2570.81
1534	0.370232	-2448.65
1535	0.375579	-2538.43
1536	0.378364	-2574.08
1537	0.364777	-2391.88
1538	0.382264	-2653.58
1539	0.377152	-2521.11
1540	0.37468	-2544.57
1541	0.381733	-2653
1542	0.375691	-2584.7
1543	0.376161	-2557.75
1544	0.382114	-2662.1
1545	0.378939	-2574.55
1546	0.374467	-2540.46
1547	0.378472	-2571.39
1548	0.383435	-2656.54
1549	0.373927	-2546.1
1550	0.380621	-2601.38
1551	0.369423	-2417.58
1552	0.380376	-2615.7
1553	0.380787	-2592.72
1554	0.375768	-2559.14
1555	0.371954	-2483.83
1556	0.375052	-2538.1
1557	0.378419	-2526.87
1558	0.376144	-2509.16
1559	0.377432	-2535.27
1560	0.37307	-2490.67
1561	0.37257	-2551.77
1562	0.373839	-2480.77
1563	0.376394	-2559.45
1564	0.376921	-2548.09
1565	0.373662	-2497.86
1566	0.377394	-2565.82
1567	0.375506	-2492.98
1568	0.382319	-2666.15
1569	0.374922	-2489.57
1570	0.383102	-2635.31
1571	0.369395	-2475.84
1572	0.371134	-2511.39
1573	0.373005	-2513.94
1574	0.382156	-2626.74
1575	0.377888	-2572.18
1576	0.379283	-2596.46
1577	0.369274	-2418.81
1578	0.375242	-2509.01
1579	0.38253	-2662.98
1580	0.380358	-2583.65
1581	0.373743	-2474.51
1582	0.380252	-2573.25
1583	0.369972	-2467.58
1584	0.377101	-2566.82
1585	0.368433	-2447.35
1586	0.373546	-2475.72
1587	0.380334	-2602.11
1588	0.38033	-2605.13
1589	0.376687	-2524.33
1590	0.376607	-2491.9
1591	0.375387	-2540.41
1592	0.375951	-2526.16
1593	0.379965	-2597.33
1594	0.377171	-2630.65
1595	0.384626	-2654.4
1596	0.389172	-2732.11
1597	0.380214	-2630.23
1598	0.372736	-2522.58
1599	0.378088	-2556.64
1600	0.382056	-2650.35
1601	0.373811	-2523.84
1602	0.37859	-2559.87
1603	0.380098	-2573.74
1604	0.37435	-2537.83
1605	0.387378	-2727.02
1606	0.374429	-2545.1
1607	0.36981	-2420.8
1608	0.377798	-2529.32
1609	0.374068	-2546.72
1610	0.377995	-2595.54
1611	0.380953	-2618.31
1612	0.379258	-2579.42
1613	0.375765	-2539.6
1614	0.378959	-2521.95
1615	0.371741	-2490.54
1616	0.379944	-2572.22
1617	0.378482	-2567.81
1618	0.375629	-2524.69
1619	0.378193	-2605.97
1620	0.38317	-2637.12
1621	0.379257	-2635.19
1622	0.377719	-2566.63
1623	0.362817	-2371.16
1624	0.373534	-2488.5
1625	0.377382	-2574.6
1626	0.388599	-2698.46
1627	0.370452	-2465.83
1628	0.383098	-2613.91
1629	0.374806	-2506.43
1630	0.380876	-2599.13
1631	0.372861	-2476.37
1632	0.375164	-2533.15
1633	0.373258	-2555.51
1634	0.382615	-2609.69
1635	0.380046	-2588.39
1636	0.37722	-2551.95
1637	0.371568	-2489.33
1638	0.371153	-2448.26
1639	0.369415	-2436.04
1640	0.382393	-2621.94
1641	0.378353	-2575.03
1642	0.392624	-2766.44
1643	0.370478	-2472.95
1644	0.377058	-2543.76
1645	0.373655	-2505.97
1646	0.38123	-2573.7
1647	0.374654	-2512.64
1648	0.371595	-2468.57
1649	0.372794	-2542
1650	0.377336	-2563.02
1651	0.384408	-2658.1
1652	0.370302	-2492.65
1653	0.380569	-2672.05
1654	0.380658	-2614.75
1655	0.379088	-2575.02
1656	0.37709	-2555.53
1657	0.380047	-2632.71
1658	0.375116	-2506.67
1659	0.367495	-2421.33
1660	0.371863	-2478.65
1661	0.374235	-2523.61
1662	0.379771	-2631.79
1663	0.377292	-2536.04
1664	0.380038	-2579.79
1665	0.379572	-2596.64
1666	0.370522	-2444.11
1667	0.377446	-2563.6
1668	0.377668	-2526.9
1669	0.378044	-2552.58
1670	0.367868	-2471.64
1671	0.381903	-2617.52
1672	0.38028	-2596.53
1673	0.373211	-2512.73
1674	0.388808	-2776.1
1675	0.379302	-2568.37
1676	0.36972	-2475.44
1677	0.370612	-2482.67
1678	0.371258	-2496.76
1679	0.373963	-2486.66
1680	0.372437	-2514.49
1681	0.377224	-2538.51
1682	0.379531	-2555.36
1683	0.371179	-2451.03
1684	0.374494	-2576.89
1685	0.37761	-2557.4
1686	0.380321	-2620.68
1687	0.38454	-2635.52
1688	0.385159	-2706.43
1689	0.372832	-2495.36
1690	0.38355	-2624.67
1691	0.374209	-2492.59
1692	0.370859	-2469.64
1693	0.380495	-2633.17
1694	0.383501	-2630.88
1695	0.379075	-2583.02
1696	0.370028	-2440.45
1697	0.37516	-2533.91
1698	0.374781	-2520.01
1699	0.383604	-2652.8
1700	0.380668	-2598.64
1701	0.380759	-2607.32
1702	0.377882	-2588.79
1703	0.374329	-2498.9
1704	0.378949	-2569.34
1705	0.367456	-2474.57
1706	0.383113	-2603.97
1707	0.380964	-2587.01
1708	0.380272	-2577.36
1709	0.370045	-2492.67
1710	0.37625	-2591.63
1711	0.385293	-2655.99
1712	0.364742	-2371.26
1713	0.376131	-2535.65
1714	0.371755	-2498.19
1715	0.373235	-2490.64
1716	0.374631	-2530.62
1717	0.370755	-2427.41
1718	0.373794	-2492.3
1719	0.36155	-2368.1
1720	0.380017	-2607.9
1721	0.381267	-2618.51
1722	0.36851	-2439.67
1723	0.380215	-2601.53
1724	0.376945	-2572.17
1725	0.378096	-2580.69
1726	0.382761	-2567.1
1727	0.374769	-2535.9
1728	0.379271	-2564.67
1729	0.38107	-2632.25
1730	0.375869	-2526.1
1731	0.375549	-2547.03
1732	0.368103	-2416.86
1733	0.386223	-2664.34
1734	0.375442	-2516.45
1735	0.376934	-2563.93
1736	0.377706	-2593.29
1737	0.375042	-2538.41
1738	0.377578	-2561.12
1739	0.379302	-2589.36
1740	0.37829	-2566.65
1741	0.37612	-2556.42
1742	0.382277	-2650.06
1743	0.370133	-2487.39
1744	0.378796	-2569.08
1745	0.369969	-2443.99
1746	0.37604	-2558.9
1747	0.379831	-2591.77
1748	0.373537	-2523.95
1749	0.374478	-2513.88
1750	0.378271	-2603.66
1751	0.3775	-2591.99
1752	0.381901	-2667.32
1753	0.375514	-2543.94
1754	0.380937	-2594.28
1755	0.379121	-2557.08
1756	0.375883	-2564.08
1757	0.369261	-2497.76
1758	0.379425	-2577.36
1759	0.380755	-2601.76
1760	0.380383	-2595.6
1761	0.379586	-2547.65
1762	0.37382	-2541.71
1763	0.377186	-2529.23
1764	0.384349	-2680.67
1765	0.384015	-2623.27
1766	0.373821	-2511.46
1767	0.381608	-2610.9
1768	0.368374	-2419.95
1769	0.367728	-2392.24
1770	0.386115	-2686.21
1771	0.386341	-2657.45
1772	0.374909	-2517.04
1773	0.379631	-2556.7
1774	0.375516	-2535.09
1775	0.375603	-2518.32
1776	0.370164	-2474.5
1777	0.373795	-2528.46
1778	0.370224	-2449.94
1779	0.376357	-2495.08
1780	0.374922	-2513.35
1781	0.375233	-2555.75
1782	0.378958	-2546.02
1783	0.372557	-2493.68
1784	0.3805	-2596.4
1785	0.375544	-2521.13
1786	0.382793	-2600.62
1787	0.38363	-2622.11
1788	0.381012	-2591.79
1789	0.373969	-2510.7
1790	0.375113	-2516.27
1791	0.382709	-2634.4
1792	0.380051	-2574.36
1793	0.369383	-2445.86
1794	0.367778	-2424.1
1795	0.368309	-2418.08
1796	0.380111	-2565.5
1797	0.373027	-2515.03
1798	0.369354	-2427.8
1799	0.381584	-2607.84
1800	0.375233	-2534.91
1801	0.377144	-2516.19
1802	0.378417	-2549.63
1803	0.376951	-2553.21
1804	0.373051	-2491.65
1805	0.380355	-2595.78
1806	0.375943	-2538.75
1807	0.380453	-2627.46
1808	0.377749	-2567.2
1809	0.382327	-2576.54
1810	0.376831	-2618.89
1811	0.372621	-2498.01
1812	0.373469	-2516.03
1813	0.37927	-2566.59
1814	0.375798	-2538.26
1815	0.372964	-2489.5
1816	0.370426	-2414.64
1817	0.385932	-2682.74
1818	0.379833	-2570.79
1819	0.381828	-2626.75
1820	0.377455	-2537.12
1821	0.380615	-2611.13
1822	0.377499	-2539.68
1823	0.37093	-2465.19
1824	0.370371	-2441.89
1825	0.378124	-2535.06
1826	0.370182	-2477.87
1827	0.380233	-2641.75
1828	0.378732	-2578.83
1829	0.376002	-2554.73
1830	0.37335	-2488.34
1831	0.380033	-2602.48
1832	0.372753	-2514.46
1833	0.372603	-2529.98
1834	0.370152	-2425.13
1835	0.376777	-2530.28
1836	0.37848	-2562.22
1837	0.376087	-2506.12
1838	0.372279	-2471.24
1839	0.370087	-2448.37
1840	0.376673	-2526.97
1841	0.381481	-2609.32
1842	0.37581	-2535.86
1843	0.377795	-2552.5
1844	0.380009	-2586.34
1845	0.378209	-2568.68
1846	0.381734	-2569.96
1847	0.371425	-2500.05
1848	0.37424	-2489.11
1849	0.37769	-2587.8
1850	0.369933	-2467.84
1851	0.375776	-2540.85
1852	0.38279	-2579.85
1853	0.372894	-2503.67
1854	0.375502	-2559.28
1855	0.367273	-2417.37
1856	0.371266	-2487.27
1857	0.37318	-2449.47
1858	0.379347	-2546.9
1859	0.377343	-2576.69
1860	0.372892	-2461.39
1861	0.37244	-2482.11
1862	0.374193	-2504.84
1863	0.379594	-2557.94
1864	0.374301	-2514.03
1865	0.383777	-2656.31
1866	0.378228	-2521.74
1867	0.380652	-2563.23
1868	0.378249	-2600.91
1869	0.37362	-2496.87
1870	0.379744	-2592.37
1871	0.379955	-2609.69
1872	0.366087	-2433.97
1873	0.373784	-2493.98
1874	0.36723	-2412.23
1875	0.375013	-2539.57
1876	0.370419	-2496.17
1877	0.384759	-2647.06
1878	0.374479	-2485.39
1879	0.380136	-2591.64
1880	0.373591	-2540.28
1881	0.373702	-2522.81
1882	0.380199	-2637.02
1883	0.376773	-2519.54
1884	0.368809	-2483.13
1885	0.381723	-2640.73
1886	0.373336	-2507.65
1887	0.37733	-2573.84
1888	0.37464	-2516.1
1889	0.379697	-2599.82
1890	0.38262	-2629
1891	0.379232	-2559.97
1892	0.387007	-2659.17
1893	0.366946	-2415.38
1894	0.376802	-2548.49
1895	0.371706	-2498.67
1896	0.375066	-2488.69
1897	0.37523	-2494.07
1898	0.378783	-2591.01
1899	0.383292	-2633.68
1900	0.370308	-2471.92
1901	0.38009	-2583.58
1902	0.374753	-2579.64
1903	0.377863	-2554.11
1904	0.370437	-2486.58
1905	0.379457	-2564.09
1906	0.371186	-2504.8
1907	0.376305	-2551.6
1908	0.378127	-2547.47
1909	0.379671	-2595.9
1910	0.37529	-2506.62
1911	0.375926	-2537.06
1912	0.375358	-2569.48
1913	0.386337	-2660.32
1914	0.376798	-2585.26
1915	0.370213	-2496.09
1916	0.368889	-2425.98
1917	0.376562	-2543.47
1918	0.370418	-2484.73
1919	0.381822	-2659.48
1920	0.370321	-2440.45
1921	0.378346	-2571.57
1922	0.384235	-2629.89
1923	0.383234	-2662.07
1924	0.370394	-2433.64
1925	0.374333	-2511.53
1926	0.376916	-2550.12
1927	0.379385	-2564.08
1928	0.368912	-2451.05
1929	0.375072	-2520.71
1930	0.372383	-2458.19
1931	0.372217	-2507.42
1932	0.376758	-2498.32
1933	0.381577	-2593.9
1934	0.374088	-2480.99
1935	0.381848	-2637.85
1936	0.379616	-2609.53
1937	0.376717	-2544.16
1938	0.37225	-2489.74
1939	0.375306	-2552.2
1940	0.380587	-2612.69
1941	0.369996	-2418.68
1942	0.383261	-2638.87
1943	0.378432	-2559.02
1944	0.38419	-2660.66
1945	0.370368	-2445.35
1946	0.380537	-2606.19
1947	0.375822	-2536.15
1948	0.372373	-2542.05
1949	0.374336	-2488.13
1950	0.381216	-2567.94
1951	0.382693	-2659.36
1952	0.370203	-2472.81
1953	0.3754	-2602.78
1954	0.380245	-2611.93
1955	0.379925	-2573.24
1956	0.37508	-2526.48
1957	0.371488	-2518.93
1958	0.374914	-2541.41
1959	0.37393	-2557.71
1960	0.369834	-2439.82
1961	0.374098	-2521.96
1962	0.372395	-2469.5
1963	0.374223	-2530.36
1964	0.377964	-2577.63
1965	0.379507	-2620.75
1966	0.370867	-2466.97
1967	0.375498	-2505.01
1968	0.377598	-2559.52
1969	0.368936	-2487.84
1970	0.382081	-2639.93
1971	0.373008	-2540.91
1972	0.377468	-2568.55
1973	0.373607	-2504.48
1974	0.378789	-2603.12
1975	0.378082	-2571.49
1976	0.382972	-2619.43
1977	0.384638	-2601.33
1978	0.382163	-2628.9
1979	0.37426	-2519.41
1980	0.375708	-2560.48
1981	0.375393	-2532.53
1982	0.376882	-2537.93
1983	0.372242	-2508.31
1984	0.379644	-2566.67
1985	0.371494	-2449.23
1986	0.382849	-2632.42
1987	0.375679	-2587.08
1988	0.379894	-2578.19
1989	0.376501	-2529.33
1990	0.37363	-2561.21
1991	0.38218	-2593.87
1992	0.379236	-2576.24
1993	0.384046	-2626.96
1994	0.378376	-2562.96
1995	0.378479	-2589.43
1996	0.367647	-2455.29
1997	0.383036	-2650.28
1998	0.378007	-2552.56
1999	0.381302	-2601.52
2000	0.370464	-2470.11
2001	0.376448	-2554.19
2002	0.368462	-2409.54
2003	0.375736	-2538.21
2004	0.37841	-2604.96
2005	0.369881	-2446.4
2006	0.374579	-2529.88
2007	0.371886	-2484.98
2008	0.366097	-2368.16
2009	0.371949	-2479.11
2010	0.366285	-2398.88
2011	0.384182	-2645.52
2012	0.369345	-2457.85
2013	0.367031	-2441.47
2014	0.38164	-2629.72
2015	0.370301	-2443.69
2016	0.368792	-2444.2
2017	0.381726	-2642.83
2018	0.370619	-2441.12
2019	0.379009	-2618.2
2020	0.380854	-2626.96
2021	0.374632	-2518.18
2022	0.383649	-2646.18
2023	0.376443	-2540.04
2024	0.383512	-2610.68
2025	0.384986	-2690.1
2026	0.379859	-2592.89
2027	0.378401	-2559.31
2028	0.375069	-2512.98
2029	0.375023	-2579.26
2030	0.379139	-2533.2
2031	0.373638	-2551.7
2032	0.367895	-2425.68
2033	0.375229	-2524.01
2034	0.368509	-2464.99
2035	0.370757	-2500.9
2036	0.380331	-2634.76
2037	0.383201	-2618.24
2038	0.382114	-2624.17
2039	0.370106	-2478.3
2040	0.372637	-2492.12
2041	0.378667	-2578.13
2042	0.375794	-2570.66
2043	0.373489	-2500.59
2044	0.366542	-2420.36
2045	0.375199	-2543.61
2046	0.368056	-2460.42
2047	0.370252	-2501.51
2048	0.36865	-2463.26
2049	0.374664	-2523.66
2050	0.377336	-2554.72
2051	0.37736	-2539.76
2052	0.380729	-2629.79
2053	0.376318	-2540.72
2054	0.382738	-2676.35
2055	0.371726	-2507.05
2056	0.381148	-2614.16
2057	0.370757	-2491.08
2058	0.37708	-2552.73
2059	0.379253	-2575.86
2060	0.371302	-2490.83
2061	0.377805	-2576.97
2062	0.378104	-2589.71
2063	0.370673	-2481.33
2064	0.377116	-2552.24
2065	0.379955	-2568.32
2066	0.37846	-2587.09
2067	0.384426	-2651.1
2068	0.387609	-2679.03
2069	0.38011	-2603.55
2070	0.375492	-2576.01
2071	0.373383	-2516.68
2072	0.382245	-2643.91
2073	0.385626	-2690.77
2074	0.376022	-2490.09
2075	0.386632	-2693.85
2076	0.379114	-2578.97
2077	0.382115	-2642.3
2078	0.369967	-2445.98
2079	0.378998	-2537.25
2080	0.375982	-2521.69
2081	0.387772	-2706.86
2082	0.379448	-2580.3
2083	0.371662	-2546.49
2084	0.374316	-2522.24
2085	0.376248	-2541.15
2086	0.374828	-2513.99
2087	0.379196	-2565.26
2088	0.373087	-2550.61
2089	0.376831	-2536.7
2090	0.377372	-2544
2091	0.38337	-2616.44
2092	0.378881	-2571.57
2093	0.376337	-2538.73
2094	0.378197	-2519.03
2095	0.369678	-2420.5
2096	0.379599	-2533.71
2097	0.377672	-2577.32
2098	0.371395	-2481.19
2099	0.373245	-2509.02
2100	0.373779	-2483.85
2101	0.374713	-2533.76
2102	0.379856	-2586.43
2103	0.374427	-2504.45
2104	0.37094	-2479.52
2105	0.377606	-2606.16
2106	0.379049	-2604.64
2107	0.381922	-2586.46
2108	0.381814	-2630.27
2109	0.372139	-2472.13
2110	0.374287	-2542.61
2111	0.382393	-2628.96
2112	0.375151	-2550.29
2113	0.371254	-2483.18
2114	0.378922	-2559.19
2115	0.388995	-2699.51
2116	0.376793	-2526.1
2117	0.378483	-2615.87
2118	0.380001	-2579.14
2119	0.366517	-2418.43
2120	0.375897	-2517.77
2121	0.374309	-2513.67
2122	0.378628	-2582.83
2123	0.378517	-2630.68
2124	0.368531	-2424.81
2125	0.377203	-2539.84
2126	0.37704	-2600.67
2127	0.375128	-2553.61
2128	0.377478	-2562.33
2129	0.381455	-2628.94
2130	0.374037	-2494.84
2131	0.375043	-2520.8
2132	0.38049	-2640.55
2133	0.377136	-2583.18
2134	0.378102	-2579.31
2135	0.367331	-2411.13
2136	0.381718	-2616.86
2137	0.377443	-2535.44
2138	0.373066	-2546.44
2139	0.377554	-2542.86
2140	0.381029	-2626.53
2141	0.376907	-2540.36
2142	0.373813	-2530.98
2143	0.369348	-2451.8
2144	0.380656	-2676.05
2145	0.376636	-2550.71
2146	0.382469	-2628.76
2147	0.374629	-2492.91
2148	0.378588	-2578.05
2149	0.36531	-2391.51
2150	0.380351	-2613.64
2151	0.373417	-2542.94
2152	0.374489	-2518.16
2153	0.381293	-2609.93
2154	0.381968	-2581.29
2155	0.370861	-2487.71
2156	0.373736	-2546.58
2157	0.367471	-2477.88
2158	0.383262	-2657.68
2159	0.377951	-2628.16
2160	0.374285	-2457.94
2161	0.370489	-2528.78
2162	0.37758	-2587.76
2163	0.370123	-2478.88
2164	0.37667	-2595.65
2165	0.374781	-2526.64
2166	0.37423	-2536.31
2167	0.380415	-2595.64
2168	0.37478	-2549.04
2169	0.374598	-2526.35
2170	0.379005	-2593.58
2171	0.377527	-2574.61
2172	0.367127	-2449.57
2173	0.368706	-2477.78
2174	0.380729	-2560.64
2175	0.377385	-2553.72
2176	0.373214	-2524.64
2177	0.375501	-2533.37
2178	0.376125	-2519.93
2179	0.378741	-2587.42
2180	0.378447	-2607.66
2181	0.371863	-2491.49
2182	0.377146	-2542.03
2183	0.377905	-2607.78
2184	0.373132	-2468.69
2185	0.375282	-2510.46
2186	0.380554	-2678.59
2187	0.37364	-2505.78
2188	0.375307	-2560.31
2189	0.370146	-2477.34
2190	0.376436	-2517.15
2191	0.376951	-2557.78
2192	0.370045	-2418.24
2193	0.381749	-2611.56
2194	0.376424	-2548.6
2195	0.36693	-2445.41
2196	0.366458	-2423.23
2197	0.378166	-2565.84
2198	0.377873	-2555.28
2199	0.383647	-2623.3
2200	0.376608	-2550.45
2201	0.366692	-2417.64
2202	0.377146	-2566.02
2203	0.38389	-2688.53
2204	0.374762	-2519.34
2205	0.386596	-2718.45
2206	0.378395	-2582.29
2207	0.372462	-2458.57
2208	0.38509	-2696.75
2209	0.376216	-2524.88
2210	0.377988	-2557.19
2211	0.37205	-2484.93
2212	0.374065	-2508.38
2213	0.38002	-2605.01
2214	0.371193	-2484.56
2215	0.378497	-2548.44
2216	0.376684	-2539.53
2217	0.378085	-2521.99
2218	0.380795	-2629.51
2219	0.371521	-2539.4
2220	0.378679	-2647.27
2221	0.374077	-2534.99
2222	0.369016	-2493.51
2223	0.378624	-2546.05
2224	0.369272	-2483.34
2225	0.380424	-2627.66
2226	0.381422	-2635.79
2227	0.37457	-2480.19
2228	0.375606	-2511.83
2229	0.3775	-2557.81
2230	0.374796	-2513.48
2231	0.378823	-2567.38
2232	0.373723	-2514.69
2233	0.376124	-2566.5
2234	0.373647	-2497.08
2235	0.378801	-2596.15
2236	0.378531	-2597.3
2237	0.377793	-2568.51
2238	0.374447	-2506.55
2239	0.384389	-2678.35
2240	0.373171	-2553.58
2241	0.366827	-2390.21
2242	0.376985	-2569.49
2243	0.384503	-2667.22
2244	0.377362	-2565.47
2245	0.374073	-2556.84
2246	0.371172	-2521.46
2247	0.384896	-2632.05
2248	0.373023	-2530.46
2249	0.379938	-2591.6
2250	0.378821	-2590.17
2251	0.375296	-2547.6
2252	0.378747	-2552.98
2253	0.37483	-2542.55
2254	0.378373	-2603.62
2255	0.381958	-2597.96
2256	0.378185	-2541.43
2257	0.367921	-2454.28
2258	0.371953	-2457.25
2259	0.377058	-2522.41
2260	0.374625	-2488.79
2261	0.383801	-2693.6
2262	0.362964	-2367.45
2263	0.378656	-2576.18
2264	0.373977	-2523.01
2265	0.381931	-2645.34
2266	0.368208	-2441.2
2267	0.377593	-2552.26
2268	0.367252	-2430.98
2269	0.380841	-2605.99
2270	0.378227	-2558.65
2271	0.379928	-2617.72
2272	0.380732	-2603.45
2273	0.373842	-2499.08
2274	0.376935	-2498.34
2275	0.371898	-2498.12
2276	0.38446	-2645.99
2277	0.380388	-2648.77
2278	0.380307	-2593.76
2279	0.375348	-2530.18
2280	0.376201	-2511.74
2281	0.376633	-2558.26
2282	0.375982	-2549.69
2283	0.374476	-2528.96
2284	0.376041	-2592.07
2285	0.37125	-2459.97
2286	0.373926	-2530.65
2287	0.376801	-2589.03
2288	0.372831	-2513.19
2289	0.378843	-2592.04
2290	0.383795	-2624.93
2291	0.379899	-2568.32
2292	0.380756	-2604.11
2293	0.371953	-2461.75
2294	0.37939	-2569.58
2295	0.382352	-2628.03
2296	0.367722	-2441.85
2297	0.382444	-2640.48
2298	0.371093	-2457.91
2299	0.376472	-2573.49
2300	0.374718	-2539.05
2301	0.376697	-2575.4
2302	0.370837	-2448.91
2303	0.377932	-2594.86
2304	0.378233	-2564.41
2305	0.380391	-2546.67
2306	0.378928	-2582.33
2307	0.376644	-2562.85
2308	0.366625	-2405.2
2309	0.376262	-2524.41
2310	0.37576	-2505.65
2311	0.385383	-2704.32
2312	0.369287	-2449.16
2313	0.37395	-2493.58
2314	0.385288	-2691.7
2315	0.367845	-2441.12
2316	0.371954	-2484.31
2317	0.376418	-2525.36
2318	0.384565	-2675.35
2319	0.381951	-2628.52
2320	0.376284	-2573.2
2321	0.377977	-2567.84
2322	0.376695	-2581.42
2323	0.376292	-2551.28
2324	0.372304	-2515.7
2325	0.369994	-2487.4
2326	0.373057	-2508.38
2327	0.377651	-2526.11
2328	0.381608	-2607.91
2329	0.368224	-2412.69
2330	0.372993	-2519.92
2331	0.378842	-2612.54
2332	0.383579	-2670.13
2333	0.374273	-2522.58
2334	0.377811	-2544.05
2335	0.37683	-2574.18
2336	0.373846	-2481.96
2337	0.378608	-2574.33
2338	0.374557	-2551.87
2339	0.373442	-2502.71
2340	0.374286	-2552.6
2341	0.375335	-2524.47
2342	0.383722	-2677.92
2343	0.376846	-2531.74
2344	0.372945	-2535.68
2345	0.375602	-2548.46
2346	0.378821	-2611.69
2347	0.383239	-2642.93
2348	0.383552	-2637.02
2349	0.375797	-2564.55
2350	0.371666	-2456.8
2351	0.370312	-2481.33
2352	0.370766	-2451.42
2353	0.365237	-2425.09
2354	0.376142	-2539.75
2355	0.372967	-2495.77
2356	0.378467	-2572.71
2357	0.368666	-2443.31
2358	0.373616	-2549.25
2359	0.372928	-2489.58
2360	0.374698	-2504.39
2361	0.375951	-2541.61
2362	0.372597	-2482.95
2363	0.380038	-2613.55
2364	0.375801	-2561.14
2365	0.381555	-2629.84
2366	0.365115	-2347.13
2367	0.376304	-2529.39
2368	0.382914	-2660.01
2369	0.377682	-2571.31
2370	0.380906	-2638.63
2371	0.376808	-2599.05
2372	0.373368	-2472.28
2373	0.382243	-2655.98
2374	0.377415	-2523.3
2375	0.376872	-2595.65
2376	0.379636	-2622.25
2377	0.374177	-2497.72
2378	0.378127	-2569.67
2379	0.372084	-2520.68
2380	0.375411	-2544.46
2381	0.379548	-2640.65
2382	0.379849	-2638.24
2383	0.375046	-2531.87
2384	0.378769	-2608.4
2385	0.3739	-2498.65
2386	0.378158	-2600.46
2387	0.380154	-2576.01
2388	0.383667	-2631.47
2389	0.367626	-2448.4
2390	0.380496	-2608.14
2391	0.381502	-2614.12
2392	0.374313	-2541.55
2393	0.380856	-2642.03
2394	0.375263	-2543.62
2395	0.374316	-2475.6
2396	0.371949	-2469.01
2397	0.379962	-2590.46
2398	0.374419	-2535.69
2399	0.374701	-2501.08
2400	0.375862	-2559.98
2401	0.377246	-2566.17
2402	0.381842	-2638.25
2403	0.377198	-2577.4
2404	0.376253	-2501.41
2405	0.371891	-2483.03
2406	0.377079	-2546.23
2407	0.387935	-2679.93
2408	0.369336	-2419.69
2409	0.382239	-2645.96
2410	0.380679	-2653.97
2411	0.383831	-2646.55
2412	0.374512	-2515.11
2413	0.378092	-2590.06
2414	0.370515	-2434.41
2415	0.383032	-2695.4
2416	0.375769	-2532.17
2417	0.370111	-2499.18
2418	0.373025	-2525.71
2419	0.372654	-2475.89
2420	0.383294	-2634.43
2421	0.3677	-2418.54
2422	0.367306	-2455.65
2423	0.373514	-2518.93
2424	0.373641	-2500.15
2425	0.369302	-2504.7
2426	0.371503	-2500.3
2427	0.380464	-2596.89
2428	0.372821	-2528.21
2429	0.378828	-2549.21
2430	0.378495	-2546.92
2431	0.379581	-2596.41
2432	0.379542	-2599.92
2433	0.3676	-2446.42
2434	0.380387	-2614.38
2435	0.377298	-2571.39
2436	0.378541	-2558.83
2437	0.382543	-2623.8
2438	0.381591	-2631.26
2439	0.375064	-2497.37
2440	0.380174	-2605.08
2441	0.37982	-2639.49
2442	0.381696	-2618.78
2443	0.375303	-2499.08
2444	0.380024	-2571.08
2445	0.382398	-2595.56
2446	0.374006	-2515.79
2447	0.377555	-2548.01
2448	0.377844	-2565.23
2449	0.37719	-2526.07
2450	0.380139	-2599.72
2451	0.37717	-2584.9
2452	0.384252	-2676.02
2453	0.372383	-2457.92
2454	0.378113	-2548.33
2455	0.380516	-2609.97
2456	0.371731	-2504.91
2457	0.375219	-2531.62
2458	0.38078	-2591.51
2459	0.381397	-2636.95
2460	0.37535	-2529.09
2461	0.373589	-2450.48
2462	0.379201	-2563.69
2463	0.378276	-2597.82
2464	0.372148	-2483.85
2465	0.375816	-2484.25
2466	0.373799	-2519.23
2467	0.375274	-2498.32
2468	0.37419	-2504.62
2469	0.379698	-2556.8
2470	0.370914	-2520.71
2471	0.374961	-2512.42
2472	0.380536	-2618.14
2473	0.37537	-2527.6
2474	0.383881	-2617.99
2475	0.373062	-2461.9
2476	0.382051	-2610.67
2477	0.379761	-2637.89
2478	0.379561	-2572.72
2479	0.375225	-2525.86
2480	0.374963	-2502.2
2481	0.378615	-2598.51
2482	0.38725	-2742.18
2483	0.379834	-2594.15
2484	0.37286	-2458.65
2485	0.382136	-2644.72
2486	0.376023	-2573.82
2487	0.38501	-2665.32
2488	0.374265	-2532.54
2489	0.371821	-2480.1
2490	0.374688	-2576.49
2491	0.370858	-2472.26
2492	0.383648	-2676.39
2493	0.374051	-2519.17
2494	0.372338	-2456.65
2495	0.375888	-2550.35
2496	0.36985	-2458.73
2497	0.368736	-2452.68
2498	0.370198	-2441.31
2499	0.371501	-2471
2500	0.369206	-2464.68
2501	0.378418	-2581.81
2502	0.373145	-2481.66
2503	0.37722	-2541.25
2504	0.382928	-2627.99
2505	0.373742	-2543.61
2506	0.37957	-2616.38
2507	0.370742	-2518.87
2508	0.367687	-2446.41
2509	0.373859	-2475.2
2510	0.382371	-2599.64
2511	0.372706	-2510.78
2512	0.367952	-2419.04
2513	0.378601	-2591.91
2514	0.374735	-2511.58
2515	0.364626	-2391.28
2516	0.375149	-2505.67
2517	0.390243	-2733.77
2518	0.374229	-2508.72
2519	0.37484	-2536.19
2520	0.374841	-2543.46
2521	0.375306	-2538.63
2522	0.372049	-2451.69
2523	0.37121	-2455.91
2524	0.372884	-2481.1
2525	0.378744	-2600.82
2526	0.380648	-2612.65
2527	0.381225	-2647.32
2528	0.373066	-2489.71
2529	0.37606	-2533.6
2530	0.384649	-2652.26
2531	0.383341	-2636.23
2532	0.376466	-2575.14
2533	0.379464	-2601.62
2534	0.374036	-2542.05
2535	0.366304	-2463.69
2536	0.373131	-2512.32
2537	0.379018	-2577.17
2538	0.369565	-2456.76
2539	0.370228	-2425.89
2540	0.378658	-2581.03
2541	0.377565	-2554.8
2542	0.374536	-2496.71
2543	0.382258	-2620.37
2544	0.377896	-2603.53
2545	0.378416	-2568.09
2546	0.383618	-2609.04
2547	0.374762	-2495.75
2548	0.38309	-2627.89
2549	0.37365	-2478.71
2550	0.37536	-2542.04
2551	0.371403	-2451.82
2552	0.380014	-2606.64
2553	0.375151	-2512.78
2554	0.374104	-2507.6
2555	0.370405	-2462.89
2556	0.368737	-2423.31
2557	0.379631	-2558.02
2558	0.38316	-2643.38
2559	0.381265	-2561.77
2560	0.375637	-2547.75
2561	0.382449	-2585.32
2562	0.378052	-2560.3
2563	0.371178	-2503.15
2564	0.373888	-2562.64
2565	0.378063	-2526.02
2566	0.375491	-2538.17
2567	0.386023	-2637
2568	0.375152	-2576.76
2569	0.381111	-2580.46
2570	0.379435	-2566.2
2571	0.374553	-2466.64
2572	0.379045	-2576.76
2573	0.381001	-2609.27
2574	0.374696	-2540.98
2575	0.37266	-2443.32
2576	0.373714	-2511.14
2577	0.365549	-2379.66
2578	0.38297	-2653.22
2579	0.384106	-2654.86
2580	0.379381	-2577.07
2581	0.382352	-2641.63
2582	0.37383	-2495.9
2583	0.373479	-2545.38
2584	0.372913	-2507.48
2585	0.370945	-2482.26
2586	0.392609	-2739.3
2587	0.378747	-2580.73
2588	0.380457	-2627.84
2589	0.376734	-2569.26
2590	0.380213	-2631.54
2591	0.377666	-2614.22
2592	0.377407	-2639.6
2593	0.37495	-2504.81
2594	0.373587	-2521.33
2595	0.381173	-2611.67
2596	0.361955	-2285.22
2597	0.36678	-2410.31
2598	0.372025	-2529.45
2599	0.381956	-2609.67
2600	0.378511	-2572.2
2601	0.382519	-2597.41
2602	0.385782	-2690.31
2603	0.380757	-2593.87
2604	0.378407	-2529.67
2605	0.377198	-2547.19
2606	0.377966	-2546.48
2607	0.374796	-2557.91
2608	0.377705	-2612.78
2609	0.382674	-2626.17
2610	0.369241	-2462.01
2611	0.388321	-2721.64
2612	0.369636	-2463.4
2613	0.377174	-2535.08
2614	0.371919	-2456.27
2615	0.369883	-2462.73
2616	0.374607	-2530.48
2617	0.381408	-2653.24
2618	0.378316	-2570.65
2619	0.367644	-2464.48
2620	0.373527	-2500.23
2621	0.383052	-2630.53
2622	0.378759	-2560.99
2623	0.374073	-2542.57
2624	0.370737	-2457.1
2625	0.372081	-2488
2626	0.374529	-2520.28
2627	0.369063	-2445.69
2628	0.36973	-2491.78
2629	0.378544	-2579.53
2630	0.381106	-2633.32
2631	0.374365	-2507.42
2632	0.373254	-2509.46
2633	0.38128	-2596.13
2634	0.38473	-2622.8
2635	0.376079	-2511.36
2636	0.371767	-2505.22
2637	0.367794	-2424.26
2638	0.375753	-2559.05
2639	0.373316	-2473.17
2640	0.382861	-2636.46
2641	0.377654	-2600.89
2642	0.378256	-2586.62
2643	0.38176	-2613.53
2644	0.373559	-2486.5
2645	0.377533	-2563.63
2646	0.369491	-2469.05
2647	0.377949	-2544.61
2648	0.377189	-2533.04
2649	0.384179	-2625.6
2650	0.371512	-2502.26
2651	0.37265	-2491.91
2652	0.376485	-2542.18
2653	0.368357	-2445.13
2654	0.366597	-2376.76
2655	0.369441	-2443.72
2656	0.371579	-2482.23
2657	0.372202	-2462.58
2658	0.383601	-2652.6
2659	0.376521	-2550.46
2660	0.37388	-2529.13
2661	0.376822	-2569.51
2662	0.382259	-2581.78
2663	0.371498	-2431.39
2664	0.373501	-2543.85
2665	0.366508	-2406.64
2666	0.373458	-2484.46
2667	0.383275	-2617.63
2668	0.37336	-2469.85
2669	0.36905	-2427.67
2670	0.377088	-2516.5
2671	0.387065	-2731.91
2672	0.38157	-2617.53
2673	0.375763	-2499.08
2674	0.377391	-2547.83
2675	0.380746	-2596.04
2676	0.37943	-2617.25
2677	0.37146	-2492.05
2678	0.369852	-2452.56
2679	0.367951	-2411.16
2680	0.377638	-2583.72
2681	0.378276	-2601.61
2682	0.373279	-2506.14
2683	0.368823	-2449.58
2684	0.380919	-2615.03
2685	0.37893	-2583.19
2686	0.37075	-2469.37
2687	0.37097	-2457.71
2688	0.370884	-2473.69
2689	0.378044	-2560.22
2690	0.378975	-2600.6
2691	0.380897	-2597.51
2692	0.381796	-2600.25
2693	0.382816	-2664.04
2694	0.375912	-2507.74
2695	0.371516	-2491.98
2696	0.37308	-2556.49
2697	0.372989	-2490.17
2698	0.37103	-2471.75
2699	0.373362	-2478.99
2700	0.374607	-2531.68
2701	0.379631	-2609.48
2702	0.369802	-2446.77
2703	0.378616	-2574.34
2704	0.374662	-2527.71
2705	0.382115	-2628.44
2706	0.374743	-2551.09
2707	0.379016	-2582.17
2708	0.376749	-2557.39
2709	0.37901	-2577.5
2710	0.387513	-2665.91
2711	0.382063	-2601.72
2712	0.371897	-2491.49
2713	0.371889	-2508.41
2714	0.380226	-2593.12
2715	0.377819	-2593
2716	0.376246	-2541.52
2717	0.377543	-2590.7
2718	0.373134	-2531.25
2719	0.373587	-2511.91
2720	0.367564	-2412.39
2721	0.372156	-2451.03
2722	0.380027	-2597.35
2723	0.380127	-2613.2
2724	0.3769	-2598.3
2725	0.378538	-2562.36
2726	0.375799	-2530.07
2727	0.386058	-2706.85
2728	0.377281	-2581.9
2729	0.372023	-2484.66
2730	0.379255	-2561.72
2731	0.378688	-2581.49
2732	0.372735	-2424.15
2733	0.379076	-2584.29
2734	0.377324	-2502.1
2735	0.373891	-2552.43
2736	0.379896	-2639.06
2737	0.373936	-2497.82
2738	0.375355	-2545.94
2739	0.368296	-2440.97
2740	0.375306	-2569.02
2741	0.383394	-2664.08
2742	0.376537	-2494.84
2743	0.37566	-2468.04
2744	0.378285	-2576.87
2745	0.377951	-2557.49
2746	0.379889	-2623.97
2747	0.380394	-2572.11
2748	0.383564	-2658.29
2749	0.371012	-2467.49
2750	0.374046	-2526.13
2751	0.374085	-2559.12
2752	0.377545	-2567.68
2753	0.372101	-2484.88
2754	0.37037	-2482.79
2755	0.367818	-2365.85
2756	0.385712	-2655.25
2757	0.375343	-2569.13
2758	0.377292	-2545.39
2759	0.379081	-2603.03
2760	0.379483	-2576.73
2761	0.370406	-2488.22
2762	0.373421	-2499.6
2763	0.380377	-2617.87
2764	0.371353	-2453.45
2765	0.386589	-2694.66
2766	0.371752	-2458.56
2767	0.376994	-2576.42
2768	0.381032	-2553.1
2769	0.383682	-2618.76
2770	0.373652	-2536.84
2771	0.36794	-2442.93
2772	0.373927	-2526.07
2773	0.373767	-2476.59
2774	0.377924	-2601.57
2775	0.378593	-2546.94
2776	0.368337	-2442.64
2777	0.379599	-2576.01
2778	0.371223	-2467.38
2779	0.380123	-2535.86
2780	0.368714	-2405.8
2781	0.373638	-2515.82
2782	0.379483	-2638.82
2783	0.389297	-2700.61
2784	0.377695	-2588.17
2785	0.373081	-2527.82
2786	0.377761	-2574.76
2787	0.374502	-2500.56
2788	0.376368	-2546.96
2789	0.374964	-2498.14
2790	0.37159	-2496.74
2791	0.375175	-2521.01
2792	0.383279	-2671.8
2793	0.381454	-2631.27
2794	0.379106	-2592.95
2795	0.377327	-2580.5
2796	0.374346	-2520.81
2797	0.369496	-2465.29
2798	0.377739	-2547.13
2799	0.375869	-2550.82
2800	0.37807	-2584.09
2801	0.371406	-2477.21
2802	0.368271	-2434.2
2803	0.375543	-2566.99
2804	0.37232	-2537.04
2805	0.37874	-2593.1
2806	0.371718	-2466.12
2807	0.368061	-2440.54
2808	0.380242	-2624.91
2809	0.370819	-2444.83
2810	0.379105	-2589.91
2811	0.376981	-2549.57
2812	0.3738	-2479.79
2813	0.378345	-2586.85
2814	0.372976	-2540.54
2815	0.371467	-2483.59
2816	0.37041	-2476.09
2817	0.379308	-2577.4
2818	0.389348	-2725.71
2819	0.370324	-2523.12
2820	0.38091	-2615.02
2821	0.371049	-2482.86
2822	0.375502	-2538.54
2823	0.375567	-2496.43
2824	0.38194	-2606.15
2825	0.371705	-2490.98
2826	0.380287	-2585.91
2827	0.371868	-2461.68
2828	0.370676	-2408.53
2829	0.381448	-2642.34
2830	0.370756	-2475.47
2831	0.384253	-2667.99
2832	0.378206	-2556.65
2833	0.384537	-2696.21
2834	0.37124	-2470.31
2835	0.37162	-2445.49
2836	0.381572	-2589.97
2837	0.38041	-2606.89
2838	0.374428	-2531.82
2839	0.37674	-2526.03
2840	0.379065	-2587.59
2841	0.378033	-2592.44
2842	0.382526	-2620.77
2843	0.370079	-2500.43
2844	0.368245	-2442.32
2845	0.379113	-2591.77
2846	0.379565	-2587.29
2847	0.381998	-2627.8
2848	0.376945	-2569.86
2849	0.376355	-2507.63
2850	0.375209	-2522.3
2851	0.386113	-2693.95
2852	0.370474	-2476.77
2853	0.380923	-2615.95
2854	0.376922	-2553.8
2855	0.377114	-2574.52
2856	0.383351	-2630.45
2857	0.37411	-2528.48
2858	0.370335	-2460.54
2859	0.371324	-2461.05
2860	0.374947	-2516.98
2861	0.377071	-2559.25
2862	0.374101	-2523.53
2863	0.379281	-2561.15
2864	0.379913	-2618.32
2865	0.380382	-2631.97
2866	0.370641	-2478.9
2867	0.377936	-2596.6
2868	0.374995	-2532.45
2869	0.376666	-2545.12
2870	0.377873	-2567.85
2871	0.371254	-2488.89
2872	0.374079	-2531.33
2873	0.374326	-2529.21
2874	0.385389	-2699.56
2875	0.374268	-2540.01
2876	0.378684	-2577.56
2877	0.376167	-2536.24
2878	0.376349	-2540.9
2879	0.375468	-2555.75
2880	0.376321	-2536.85
2881	0.363298	-2340.67
2882	0.366549	-2407.95
2883	0.378432	-2577.31
2884	0.371407	-2429.79
2885	0.373461	-2511.13
2886	0.370031	-2417.27
2887	0.379055	-2569.6
2888	0.370651	-2452.93
2889	0.387575	-2694.92
2890	0.377543	-2547.7
2891	0.379501	-2628.06
2892	0.371601	-2461.18
2893	0.377703	-2626.1
2894	0.376686	-2525.84
2895	0.377576	-2558.21
2896	0.373482	-2494.87
2897	0.382746	-2636.74
2898	0.374826	-2558.27
2899	0.377764	-2556.48
2900	0.37255	-2497.49
2901	0.369316	-2419.89
2902	0.370943	-2470.95
2903	0.388912	-2760.26
2904	0.38544	-2671.95
2905	0.378856	-2573.99
2906	0.382513	-2641.15
2907	0.373735	-2536.43
2908	0.381511	-2602.59
2909	0.371259	-2481.98
2910	0.369531	-2441.6
2911	0.374626	-2509.59
2912	0.369361	-2440.39
2913	0.373255	-2551.15
2914	0.372972	-2461.82
2915	0.381503	-2621.89
2916	0.375996	-2526.6
2917	0.37496	-2514.58
2918	0.381983	-2599
2919	0.378075	-2576.74
2920	0.378669	-2584.94
2921	0.385593	-2726.97
2922	0.377307	-2562.65
2923	0.38625	-2676.5
2924	0.376691	-2622.22
2925	0.376811	-2514.96
2926	0.364438	-2406.76
2927	0.38035	-2614.33
2928	0.374362	-2560.35
2929	0.372942	-2458.96
2930	0.375776	-2517.34
2931	0.374213	-2500.13
2932	0.388339	-2730.78
2933	0.372989	-2485.01
2934	0.372119	-2483.74
2935	0.374388	-2532.76
2936	0.383295	-2648.33
2937	0.372194	-2482.91
2938	0.377963	-2577.51
2939	0.378521	-2583.71
2940	0.37865	-2603.38
2941	0.375697	-2516.53
2942	0.3791	-2588.09
2943	0.36845	-2405.38
2944	0.373914	-2507.39
2945	0.371796	-2504.34
2946	0.375164	-2550.57
2947	0.382862	-2673.82
2948	0.380014	-2585.05
2949	0.383019	-2655.36
2950	0.380782	-2599.4
2951	0.379649	-2564.46
2952	0.376188	-2515.51
2953	0.376146	-2578.7
2954	0.380376	-2582.11
2955	0.378323	-2605.43
2956	0.375441	-2520.33
2957	0.367594	-2427.68
2958	0.386701	-2720.18
2959	0.373788	-2458.92
2960	0.385856	-2680.96
2961	0.384197	-2614.62
2962	0.374805	-2549.41
2963	0.378884	-2608.85
2964	0.371768	-2486.46
2965	0.375983	-2553.12
2966	0.377224	-2578.02
2967	0.37181	-2474.69
2968	0.382628	-2630.55
2969	0.374146	-2494.24
2970	0.372748	-2487.26
2971	0.358089	-2293.45
2972	0.3805	-2562.38
2973	0.377556	-2552.18
2974	0.380629	-2631.77
2975	0.372124	-2510.83
2976	0.38025	-2583.76
2977	0.372683	-2456.91
2978	0.381365	-2657.78
2979	0.372487	-2486.99
2980	0.376779	-2526.39
2981	0.384417	-2657.5
2982	0.378366	-2572.57
2983	0.383352	-2635.5
2984	0.379516	-2594.16
2985	0.367271	-2398.32
2986	0.378214	-2540.53
2987	0.374928	-2522.81
2988	0.367008	-2407.51
2989	0.380535	-2619.67
2990	0.368081	-2431.99
2991	0.373394	-2518.34
2992	0.376042	-2503.16
2993	0.378397	-2570.02
2994	0.370943	-2500.35
2995	0.36947	-2406.16
2996	0.377991	-2548.49
2997	0.379552	-2581.75
2998	0.375391	-2538.31
2999	0.369819	-2459.69
