0	0.366253	-2450.79
1	0.370723	-2510.21
2	0.377966	-2568.16
3	0.367609	-2444.89
4	0.385274	-2662.79
5	0.37941	-2584.21
6	0.373677	-2559.85
7	0.363971	-2370.14
8	0.37287	-2511.77
9	0.374651	-2483.38
10	0.375953	-2528.58
11	0.372967	-2487.47
12	0.376068	-2553.26
13	0.378641	-2595.65
14	0.374979	-2546.08
15	0.378034	-2551.47
16	0.381245	-2603.1
17	0.368653	-2459.57
18	0.372243	-2457.21
19	0.367917	-2470.81
20	0.373356	-2527.16
21	0.374691	-2485.75
22	0.36943	-2476.11
23	0.36763	-2463.34
24	0.375557	-2580.8
25	0.378065	-2588.85
26	0.373649	-2522.65
27	0.371796	-2468.67
28	0.379738	-2624.6
29	0.375879	-2508.54
30	0.371122	-2524.63
31	0.373442	-2515.32
32	0.376814	-2597.59
33	0.369267	-2470.04
34	0.372152	-2493.8
35	0.372952	-2491.45
36	0.370778	-2455.06
37	0.372044	-2463.69
38	0.368185	-2454.91
39	0.376141	-2575.47
40	0.373795	-2543.81
41	0.37159	-2474.59
42	0.367942	-2443.81
43	0.373164	-2519.86
44	0.377156	-2567.71
45	0.373051	-2507.67
46	0.379766	-2566.98
47	0.373112	-2506.63
48	0.379022	-2599.28
49	0.384945	-2654.72
50	0.37272	-2464.15
51	0.376119	-2554.33
52	0.372852	-2514.76
53	0.378966	-2601.7
54	0.377086	-2559.88
55	0.375062	-2519.12
56	0.370943	-2482.26
57	0.374781	-2530.39
58	0.374065	-2477.63
59	0.377785	-2560.79
60	0.375463	-2552.44
61	0.379508	-2524.84
62	0.377131	-2558.59
63	0.382522	-2695.03
64	0.369177	-2435.71
65	0.36566	-2407
66	0.381168	-2641.62
67	0.374938	-2549.33
68	0.37221	-2485.82
69	0.369329	-2432.32
70	0.371474	-2464.1
71	0.373191	-2472.5
72	0.377609	-2556.62
73	0.37643	-2530.61
74	0.364492	-2418.35
75	0.381386	-2624.13
76	0.376036	-2576.25
77	0.364611	-2372.4
78	0.373095	-2532.12
79	0.371007	-2470.66
80	0.375582	-2546.33
81	0.378738	-2576.67
82	0.381348	-2622.67
83	0.377172	-2534.73
84	0.380326	-2572.16
85	0.370447	-2437.43
86	0.375799	-2538.23
87	0.372933	-2498.26
88	0.375551	-2515.06
89	0.375653	-2527.47
90	0.373019	-2498.33
91	0.374519	-2494.84
92	0.37806	-2563.11
93	0.374579	-2530.19
94	0.376319	-2553.69
95	0.367879	-2409.33
96	0.370284	-2472.85
97	0.375013	-2524.4
98	0.375109	-2506.46
99	0.372286	-2512.62
100	0.375245	-2559.28
101	0.37542	-2539.43
102	0.374616	-2527.12
103	0.382536	-2640.37
104	0.370417	-2453.02
105	0.376973	-2558.69
106	0.375552	-2530.31
107	0.370844	-2503.56
108	0.374601	-2536.34
109	0.381195	-2597.19
110	0.383793	-2666.82
111	0.371898	-2472.08
112	0.379459	-2564.25
113	0.368974	-2402.69
114	0.366129	-2437.11
115	0.375992	-2590.23
116	0.371688	-2468.61
117	0.374345	-2533.67
118	0.373353	-2479.79
119	0.381573	-2600.43
120	0.374177	-2496.04
121	0.368028	-2427.22
122	0.373377	-2523.22
123	0.375754	-2536.48
124	0.371225	-2458.2
125	0.371574	-2464.58
126	0.379925	-2598.47
127	0.371146	-2525.08
128	0.369642	-2455.77
129	0.372422	-2505.63
130	0.379579	-2603.49
131	0.374587	-2499.76
132	0.376878	-2544.63
133	0.376856	-2550.14
134	0.373845	-2512.45
135	0.375791	-2521.73
136	0.377048	-2559.33
137	0.385934	-2688.91
138	0.37338	-2522.47
139	0.367427	-2480.54
140	0.374391	-2551.01
141	0.371669	-2505.48
142	0.37554	-2578.55
143	0.375743	-2577.56
144	0.367018	-2393.01
145	0.374404	-2528.23
146	0.377451	-2558.92
147	0.385316	-2671.46
148	0.38018	-2630.16
149	0.381768	-2628.92
150	0.359477	-2325.73
151	0.374531	-2505.2
152	0.375449	-2520.49
153	0.375708	-2536.28
154	0.370335	-2461.57
155	0.37	-2464.79
156	0.373883	-2537.81
157	0.375845	-2540.89
158	0.376316	-2527.83
159	0.37753	-2532.08
160	0.371141	-2450.99
161	0.378517	-2601.77
162	0.372411	-2471.14
163	0.38188	-2626.44
164	0.376007	-2502.91
165	0.372208	-2458.37
166	0.375562	-2573.53
167	0.375948	-2523.11
168	0.382557	-2590.11
169	0.368877	-2456.77
170	0.37748	-2579.45
171	0.370244	-2510.13
172	0.370859	-2524.27
173	0.370589	-2462.4
174	0.379743	-2594.15
175	0.373925	-2556.56
176	0.375171	-2559.13
177	0.373533	-2517.27
178	0.369128	-2491.76
179	0.368008	-2433.45
180	0.378195	-2624.63
181	0.384685	-2647.47
182	0.369174	-2477.66
183	0.367903	-2454.06
184	0.371525	-2486.09
185	0.383321	-2662.52
186	0.378051	-2569.71
187	0.380407	-2588.93
188	0.380457	-2591.63
189	0.374172	-2465.59
190	0.371927	-2468.67
191	0.376181	-2535.92
192	0.370839	-2461.94
193	0.364839	-2389.9
194	0.377821	-2592.2
195	0.372376	-2487.37
196	0.370793	-2472.94
197	0.372077	-2523.05
198	0.372436	-2518.88
199	0.376261	-2535.33
200	0.382256	-2603.5
201	0.373403	-2493.11
202	0.370314	-2452.72
203	0.373966	-2521.75
204	0.37889	-2588.32
205	0.377666	-2540.39
206	0.375622	-2543.75
207	0.376596	-2553.98
208	0.380009	-2588.98
209	0.376135	-2633.23
210	0.37658	-2528.39
211	0.368432	-2449.23
212	0.369089	-2449.21
213	0.365516	-2437.81
214	0.371613	-2473.76
215	0.371518	-2491.62
216	0.371587	-2466.64
217	0.369301	-2398.68
218	0.36536	-2395.86
219	0.379888	-2566.38
220	0.370469	-2419.37
221	0.372568	-2457.98
222	0.368131	-2486.07
223	0.373457	-2495.75
224	0.378639	-2597.39
225	0.379796	-2634.77
226	0.377373	-2565.93
227	0.381444	-2636.83
228	0.371832	-2490.18
229	0.369533	-2444.15
230	0.372842	-2481.94
231	0.371716	-2460.3
232	0.378063	-2576.09
233	0.368189	-2483.6
234	0.386725	-2768.47
235	0.380065	-2622.79
236	0.373362	-2572.72
237	0.374894	-2540.8
238	0.364832	-2365.11
239	0.368212	-2442.55
240	0.375356	-2564.49
241	0.377149	-2591.33
242	0.372904	-2486.16
243	0.366773	-2351.58
244	0.377072	-2550.55
245	0.376004	-2535.97
246	0.37082	-2413.7
247	0.366168	-2390.47
248	0.375615	-2557.13
249	0.367291	-2443.38
250	0.371065	-2437.96
251	0.380747	-2626.33
252	0.373993	-2508.11
253	0.378817	-2582.58
254	0.375548	-2513.5
255	0.368996	-2420.7
256	0.372383	-2515.83
257	0.373686	-2525
258	0.373273	-2509.12
259	0.37023	-2455.79
260	0.376211	-2500.58
261	0.371662	-2507.72
262	0.377676	-2582.73
263	0.371409	-2491.67
264	0.369419	-2435.91
265	0.371015	-2439.48
266	0.373933	-2513.69
267	0.373468	-2543.94
268	0.371046	-2494.52
269	0.376446	-2560.93
270	0.37255	-2507.66
271	0.377716	-2567.53
272	0.382833	-2664.49
273	0.378112	-2599.2
274	0.374923	-2523.26
275	0.368002	-2460.74
276	0.373357	-2507.9
277	0.37781	-2557.92
278	0.370681	-2463.17
279	0.369254	-2405.9
280	0.378708	-2577.58
281	0.375869	-2554.91
282	0.370694	-2453.5
283	0.382256	-2584.36
284	0.370515	-2506.8
285	0.363589	-2348.94
286	0.373747	-2535.89
287	0.368267	-2478.94
288	0.375702	-2552.31
289	0.373443	-2536.22
290	0.370987	-2509.55
291	0.375583	-2535.75
292	0.364509	-2371.65
293	0.369622	-2449.25
294	0.375115	-2512.23
295	0.374458	-2532.39
296	0.377733	-2569.87
297	0.376977	-2540.9
298	0.373825	-2541.78
299	0.371917	-2478.91
300	0.380005	-2573.26
301	0.372334	-2531.47
302	0.372965	-2501.76
303	0.378498	-2587.35
304	0.374128	-2516.86
305	0.369257	-2436.16
306	0.369919	-2476.29
307	0.369584	-2496.05
308	0.379656	-2610.46
309	0.372914	-2438.66
310	0.375285	-2508.31
311	0.371168	-2481.13
312	0.371043	-2445.4
313	0.372743	-2484.7
314	0.371558	-2467.17
315	0.363017	-2360.03
316	0.379073	-2517.12
317	0.375907	-2577.52
318	0.371647	-2474
319	0.378125	-2558.18
320	0.374825	-2521.09
321	0.37284	-2473.54
322	0.375677	-2560.29
323	0.368672	-2466.78
324	0.373257	-2520.96
325	0.367079	-2419.83
326	0.374137	-2494.54
327	0.368696	-2448.93
328	0.373616	-2533.63
329	0.371083	-2516.2
330	0.377044	-2561.17
331	0.36751	-2423.4
332	0.376982	-2537.99
333	0.373657	-2482.37
334	0.369448	-2455.12
335	0.364003	-2394.38
336	0.366453	-2386.44
337	0.37048	-2431.08
338	0.375778	-2520.86
339	0.374221	-2509.88
340	0.369721	-2463.46
341	0.378693	-2593.77
342	0.376915	-2568.85
343	0.376383	-2504.97
344	0.37443	-2519.36
345	0.375699	-2586.67
346	0.376356	-2549.51
347	0.381864	-2648.36
348	0.372796	-2524.22
349	0.381729	-2587.48
350	0.384463	-2642.79
351	0.375284	-2541.21
352	0.375864	-2512.54
353	0.377211	-2556.58
354	0.373901	-2538.92
355	0.369486	-2459.46
356	0.373569	-2525.84
357	0.37896	-2632.05
358	0.37076	-2497.39
359	0.374671	-2502.89
360	0.379586	-2593.67
361	0.37913	-2609.74
362	0.381684	-2654.44
363	0.373693	-2529.96
364	0.373625	-2511.41
365	0.372606	-2486.2
366	0.380317	-2615.31
367	0.377332	-2551.67
368	0.37108	-2480.03
369	0.366821	-2404.89
370	0.368923	-2468.12
371	0.374337	-2524.58
372	0.375244	-2553.76
373	0.371361	-2454.86
374	0.37146	-2472.62
375	0.378357	-2595.16
376	0.368766	-2460.85
377	0.374263	-2532.23
378	0.366052	-2412.2
379	0.376845	-2524.24
380	0.372116	-2501.71
381	0.374191	-2515.1
382	0.372617	-2475.37
383	0.374724	-2562.24
384	0.37172	-2454.59
385	0.369767	-2471.34
386	0.378356	-2595.44
387	0.379456	-2595.56
388	0.369212	-2471.67
389	0.374694	-2533.71
390	0.377317	-2542.15
391	0.368954	-2409.4
392	0.376253	-2526.28
393	0.365421	-2361.43
394	0.367029	-2374.98
395	0.37667	-2532.09
396	0.368113	-2446.84
397	0.36859	-2417.89
398	0.370942	-2480.24
399	0.372633	-2515.32
400	0.380192	-2586.25
401	0.374024	-2526.97
402	0.371966	-2483.66
403	0.381785	-2603.57
404	0.376716	-2508.74
405	0.37545	-2556.61
406	0.36867	-2451.72
407	0.376446	-2544.5
408	0.37866	-2552.63
409	0.378053	-2573.7
410	0.380462	-2633.15
411	0.377722	-2510.9
412	0.365878	-2397.24
413	0.369281	-2434.73
414	0.368521	-2455.43
415	0.365562	-2398.64
416	0.371324	-2504.31
417	0.369608	-2438.22
418	0.374193	-2548.02
419	0.382041	-2618.89
420	0.369137	-2452.75
421	0.367266	-2389.93
422	0.370827	-2494.14
423	0.370332	-2432.58
424	0.377074	-2562.97
425	0.376752	-2547.34
426	0.370969	-2473.37
427	0.374092	-2533.33
428	0.376485	-2560.28
429	0.377988	-2534.44
430	0.375371	-2536.4
431	0.369513	-2454.16
432	0.371011	-2460.93
433	0.376156	-2572.36
434	0.371857	-2477.59
435	0.373207	-2507.5
436	0.381504	-2619.6
437	0.371164	-2466.38
438	0.368336	-2450.45
439	0.378842	-2605.16
440	0.366251	-2441.15
441	0.369047	-2401.26
442	0.37008	-2479.83
443	0.37183	-2471.89
444	0.369292	-2425.34
445	0.374119	-2481
446	0.37786	-2557.68
447	0.375872	-2568.1
448	0.381104	-2641.01
449	0.377328	-2573.51
450	0.370526	-2444.55
451	0.376922	-2578.1
452	0.36402	-2367.39
453	0.366027	-2439.15
454	0.382065	-2631.51
455	0.371658	-2481.93
456	0.376769	-2502.37
457	0.373943	-2508.52
458	0.368622	-2427.06
459	0.388652	-2698.5
460	0.367841	-2405.19
461	0.372518	-2469.87
462	0.376353	-2552.88
463	0.372077	-2494.89
464	0.368361	-2391.39
465	0.373387	-2527.16
466	0.367872	-2445.39
467	0.372185	-2483.01
468	0.371309	-2494.16
469	0.374781	-2517.58
470	0.370179	-2463.32
471	0.383069	-2623.89
472	0.375155	-2518.88
473	0.375876	-2581.4
474	0.376545	-2611.18
475	0.36352	-2358.6
476	0.380766	-2620.77
477	0.369452	-2447.67
478	0.369835	-2426.92
479	0.367506	-2435.65
480	0.379619	-2627.75
481	0.365733	-2381.31
482	0.370687	-2436.06
483	0.38231	-2657.63
484	0.37938	-2596.46
485	0.375226	-2505.79
486	0.37249	-2500.67
487	0.371734	-2487.83
488	0.372304	-2431.84
489	0.367805	-2427.49
490	0.379009	-2558.13
491	0.375315	-2522.76
492	0.371699	-2482.96
493	0.36928	-2431.88
494	0.380339	-2607.54
495	0.371358	-2466.62
496	0.372998	-2538.8
497	0.366918	-2413.45
498	0.377336	-2621.56
499	0.373581	-2499.65
500	0.383472	-2657.56
501	0.371848	-2513.81
502	0.381842	-2614.63
503	0.376087	-2561.37
504	0.381011	-2612.32
505	0.365687	-2421.51
506	0.372193	-2493.27
507	0.377345	-2590.28
508	0.365592	-2405.41
509	0.371858	-2486.82
510	0.379783	-2584.59
511	0.380178	-2591.05
512	0.368441	-2407.47
513	0.377171	-2540.17
514	0.37019	-2467.39
515	0.380125	-2622.93
516	0.363789	-2385.83
517	0.379387	-2632.34
518	0.372202	-2517.37
519	0.377957	-2573.51
520	0.375193	-2492.07
521	0.369738	-2457.74
522	0.375839	-2537.81
523	0.372048	-2451.58
524	0.375484	-2526.59
525	0.365852	-2392.86
526	0.369316	-2426.9
527	0.375345	-2547.83
528	0.374512	-2518.25
529	0.373198	-2495.71
530	0.362701	-2340.4
531	0.373023	-2546.08
532	0.368494	-2474.01
533	0.376685	-2527.96
534	0.368603	-2438.48
535	0.375455	-2557.33
536	0.374968	-2494.13
537	0.369264	-2400.29
538	0.37347	-2527.54
539	0.377543	-2587.9
540	0.366738	-2433.25
541	0.371883	-2525.28
542	0.371774	-2479.99
543	0.378761	-2540.26
544	0.376783	-2564.45
545	0.366338	-2386.64
546	0.371159	-2518.12
547	0.369332	-2434.28
548	0.370215	-2463.47
549	0.381595	-2635.66
550	0.369718	-2483.78
551	0.372109	-2482.28
552	0.36976	-2410.67
553	0.378085	-2547.24
554	0.376016	-2578.68
555	0.374823	-2560.18
556	0.389982	-2714.16
557	0.366639	-2394.27
558	0.375355	-2581.64
559	0.370819	-2448.31
560	0.381226	-2611.8
561	0.366082	-2439.17
562	0.372165	-2508.72
563	0.377441	-2570.2
564	0.376244	-2561.56
565	0.366962	-2440.87
566	0.367209	-2426.6
567	0.379378	-2574.43
568	0.374069	-2516.94
569	0.366282	-2481.54
570	0.369208	-2435.95
571	0.372016	-2504.27
572	0.377377	-2571.25
573	0.381867	-2613.5
574	0.366547	-2401.82
575	0.375102	-2508.89
576	0.376188	-2535.05
577	0.370061	-2443.18
578	0.36722	-2400.26
579	0.381589	-2649.18
580	0.369469	-2428.35
581	0.372177	-2482.06
582	0.363433	-2391.11
583	0.370579	-2482.87
584	0.366784	-2406.93
585	0.37098	-2498.7
586	0.385216	-2676.85
587	0.373462	-2509.33
588	0.378887	-2553.89
589	0.38098	-2620.42
590	0.382048	-2607.22
591	0.379441	-2569.59
592	0.374246	-2565.96
593	0.382083	-2618.03
594	0.379567	-2593.81
595	0.370524	-2472.35
596	0.371454	-2431.65
597	0.381488	-2632.86
598	0.381857	-2629.16
599	0.368129	-2421.39
600	0.374157	-2513.46
601	0.373013	-2485.38
602	0.366498	-2433.28
603	0.375161	-2509.81
604	0.373588	-2477.2
605	0.369866	-2497.21
606	0.370721	-2474.74
607	0.371291	-2425.31
608	0.378338	-2612.12
609	0.370958	-2470.23
610	0.383732	-2641.97
611	0.36963	-2460.88
612	0.372516	-2485.31
613	0.372581	-2515.62
614	0.371062	-2474.65
615	0.374017	-2538.28
616	0.372189	-2440.71
617	0.371797	-2513.27
618	0.375182	-2536.25
619	0.375883	-2568.07
620	0.375196	-2530.3
621	0.376459	-2540.52
622	0.375466	-2546.92
623	0.367268	-2401.68
624	0.377292	-2560.47
625	0.375871	-2524.68
626	0.377448	-2532.47
627	0.368646	-2477.53
628	0.378715	-2597.88
629	0.36968	-2430.9
630	0.374175	-2504.52
631	0.362252	-2363.91
632	0.372704	-2514.82
633	0.375113	-2534.78
634	0.371681	-2456.57
635	0.371924	-2484.24
636	0.367673	-2415.07
637	0.370626	-2468.45
638	0.37699	-2521.61
639	0.372931	-2498.95
640	0.370652	-2460.2
641	0.375203	-2501.41
642	0.377666	-2533.1
643	0.377045	-2548.63
644	0.384062	-2673.36
645	0.381672	-2621.36
646	0.371194	-2486.44
647	0.372978	-2488.27
648	0.378781	-2571.65
649	0.370685	-2490.5
650	0.37088	-2508.09
651	0.374759	-2528.67
652	0.383138	-2625.8
653	0.374138	-2530.33
654	0.373904	-2492.98
655	0.378392	-2610.3
656	0.361125	-2357.57
657	0.3655	-2424.55
658	0.379363	-2545.78
659	0.370891	-2500.94
660	0.376516	-2513.25
661	0.37693	-2570.09
662	0.37395	-2544.54
663	0.367185	-2384.33
664	0.374908	-2522.03
665	0.374989	-2529
666	0.369301	-2476.8
667	0.372896	-2486.38
668	0.373457	-2486.95
669	0.37891	-2548.78
670	0.378551	-2516.41
671	0.371764	-2491.94
672	0.364274	-2360.15
673	0.370968	-2528.44
674	0.386332	-2663.88
675	0.382197	-2630.41
676	0.374308	-2505.51
677	0.370351	-2479.4
678	0.375448	-2547.6
679	0.383543	-2639.38
680	0.370147	-2442.87
681	0.38062	-2611.6
682	0.375372	-2512.3
683	0.372895	-2513.17
684	0.375087	-2522.09
685	0.386955	-2687.74
686	0.371053	-2452.03
687	0.370574	-2501.41
688	0.374392	-2523.88
689	0.373184	-2507.67
690	0.372747	-2430.88
691	0.377965	-2594.71
692	0.372924	-2514.79
693	0.377735	-2573.54
694	0.369138	-2453.94
695	0.371549	-2453.09
696	0.369482	-2440.78
697	0.373201	-2523.89
698	0.379616	-2557.49
699	0.371381	-2421.26
700	0.372099	-2488.02
701	0.374594	-2501.43
702	0.373164	-2443.15
703	0.378698	-2587.26
704	0.369689	-2444.23
705	0.379635	-2607.42
706	0.375126	-2558.84
707	0.375041	-2524.01
708	0.371317	-2474.4
709	0.36984	-2402.01
710	0.373414	-2506.23
711	0.366445	-2412.19
712	0.368786	-2424.09
713	0.378137	-2580.29
714	0.382232	-2618.26
715	0.368709	-2396.55
716	0.373331	-2530.04
717	0.371048	-2494.27
718	0.370219	-2442.8
719	0.367109	-2434.65
720	0.365377	-2427.4
721	0.37425	-2506.4
722	0.375271	-2477.68
723	0.37573	-2511.7
724	0.366468	-2411.09
725	0.369923	-2493
726	0.379084	-2549.29
727	0.377561	-2605.19
728	0.384138	-2642.21
729	0.37969	-2625.3
730	0.376191	-2551.58
731	0.378144	-2568.1
732	0.378264	-2592.57
733	0.373687	-2497.6
734	0.37252	-2501.41
735	0.366877	-2420.6
736	0.372126	-2456.22
737	0.367623	-2440.22
738	0.373552	-2527.42
739	0.365896	-2387.75
740	0.375577	-2520.62
741	0.37759	-2549.84
742	0.368314	-2445.02
743	0.374921	-2511.08
744	0.370917	-2488.41
745	0.373277	-2501.84
746	0.377454	-2549.76
747	0.37949	-2540.31
748	0.377449	-2500.53
749	0.370384	-2486.84
750	0.375318	-2504.85
751	0.375856	-2562.36
752	0.373157	-2460.46
753	0.37338	-2491.13
754	0.378585	-2577.86
755	0.369464	-2490.33
756	0.373234	-2512.16
757	0.375766	-2555.64
758	0.374646	-2532.06
759	0.378567	-2597.03
760	0.380354	-2574.52
761	0.366652	-2383.78
762	0.367488	-2387.18
763	0.377127	-2549.37
764	0.380165	-2580.49
765	0.37491	-2516.21
766	0.373611	-2486.17
767	0.358269	-2291.07
768	0.379329	-2642.52
769	0.364016	-2380.84
770	0.367941	-2411.62
771	0.372391	-2530.56
772	0.380032	-2649.07
773	0.367327	-2442.9
774	0.373666	-2453.27
775	0.367947	-2443.54
776	0.368431	-2455.9
777	0.361179	-2356.8
778	0.384652	-2667.22
779	0.376333	-2562.97
780	0.373926	-2534.28
781	0.374677	-2447.58
782	0.375228	-2546.6
783	0.372155	-2477.56
784	0.376057	-2554.09
785	0.371837	-2474.39
786	0.384907	-2658.81
787	0.373681	-2545.11
788	0.381973	-2608.7
789	0.366708	-2422.89
790	0.374753	-2512.94
791	0.372961	-2508.78
792	0.372277	-2515
793	0.372824	-2488.39
794	0.366339	-2398.79
795	0.374081	-2530.77
796	0.37852	-2555.63
797	0.377104	-2545.94
798	0.365634	-2375.63
799	0.379606	-2595.85
800	0.379602	-2615.52
801	0.376245	-2553.08
802	0.376237	-2580.92
803	0.372146	-2464.48
804	0.374357	-2467.73
805	0.380893	-2614
806	0.371438	-2481.35
807	0.372261	-2505.87
808	0.377117	-2534.24
809	0.372517	-2450.78
810	0.375181	-2525.35
811	0.37649	-2603.8
812	0.366829	-2380.87
813	0.377371	-2543.75
814	0.374498	-2484.74
815	0.383713	-2652.17
816	0.378797	-2586.45
817	0.369676	-2438.27
818	0.378425	-2576.58
819	0.376927	-2533.77
820	0.377639	-2620.61
821	0.372902	-2490.22
822	0.368576	-2438.16
823	0.377615	-2565.56
824	0.378481	-2591.56
825	0.375547	-2509.7
826	0.375365	-2546.1
827	0.368177	-2414.08
828	0.363485	-2374.79
829	0.376538	-2510.58
830	0.381292	-2551.44
831	0.37784	-2582.18
832	0.371828	-2499.99
833	0.37175	-2488.17
834	0.370596	-2514.13
835	0.368854	-2442.39
836	0.371775	-2490.94
837	0.375493	-2512.7
838	0.363562	-2395.7
839	0.373031	-2500.32
840	0.372471	-2527.6
841	0.370186	-2507.09
842	0.372872	-2492.18
843	0.372735	-2524.02
844	0.373037	-2511
845	0.382954	-2639.74
846	0.365556	-2375.67
847	0.371753	-2507.1
848	0.376984	-2562.56
849	0.373713	-2542.95
850	0.377274	-2566.19
851	0.364503	-2364.72
852	0.369124	-2465.32
853	0.381122	-2607.3
854	0.359682	-2378.95
855	0.385148	-2681.46
856	0.375216	-2555.24
857	0.376578	-2532.9
858	0.375969	-2535.12
859	0.36252	-2298.32
860	0.373089	-2511.3
861	0.379968	-2537.31
862	0.368541	-2476.63
863	0.375336	-2545.76
864	0.382834	-2592.92
865	0.372203	-2480.38
866	0.367896	-2392.7
867	0.368476	-2436.16
868	0.374371	-2512.42
869	0.373772	-2494.93
870	0.37883	-2599.16
871	0.37603	-2508.53
872	0.368256	-2428.04
873	0.366691	-2407.54
874	0.375723	-2507.44
875	0.375717	-2530.64
876	0.369053	-2454.13
877	0.371828	-2482.01
878	0.365603	-2376.85
879	0.363259	-2369.55
880	0.366271	-2376
881	0.375131	-2570.74
882	0.369511	-2446.84
883	0.372897	-2479.97
884	0.378365	-2559.65
885	0.37625	-2574.8
886	0.372557	-2483.99
887	0.375111	-2517.69
888	0.372672	-2499.62
889	0.375405	-2542.77
890	0.376816	-2576.36
891	0.371745	-2478.14
892	0.379996	-2631.79
893	0.379716	-2563.96
894	0.374669	-2551.21
895	0.376898	-2552.05
896	0.371063	-2471.56
897	0.378103	-2610.9
898	0.378509	-2582.15
899	0.365261	-2401.34
900	0.370312	-2443.74
901	0.377641	-2519.02
902	0.364093	-2359.77
903	0.37883	-2637.73
904	0.371417	-2428.01
905	0.369813	-2436.55
906	0.373911	-2491.17
907	0.375875	-2563.47
908	0.369095	-2456.85
909	0.377436	-2547.55
910	0.371331	-2452.94
911	0.373976	-2531.18
912	0.367747	-2404.11
913	0.387093	-2641.05
914	0.366696	-2416.43
915	0.375322	-2554.9
916	0.371751	-2497.38
917	0.371258	-2426.77
918	0.377287	-2579.17
919	0.376774	-2517.92
920	0.374429	-2471.66
921	0.372718	-2488.08
922	0.369122	-2409.76
923	0.372461	-2486.79
924	0.377616	-2565.79
925	0.368608	-2396.3
926	0.370422	-2482.75
927	0.379181	-2614.74
928	0.377452	-2569.04
929	0.378563	-2596.23
930	0.36812	-2410.94
931	0.374144	-2496.54
932	0.373678	-2515.4
933	0.372843	-2469.88
934	0.36669	-2419.14
935	0.359823	-2281.65
936	0.377277	-2529.46
937	0.387415	-2735.8
938	0.377165	-2528.07
939	0.375254	-2520.61
940	0.381627	-2608.94
941	0.373273	-2486.45
942	0.372272	-2506.17
943	0.378103	-2565.61
944	0.373653	-2479.27
945	0.377015	-2598.38
946	0.374025	-2539.15
947	0.382492	-2689.72
948	0.374607	-2563.69
949	0.36839	-2428.04
950	0.374455	-2496.13
951	0.375821	-2533.83
952	0.373829	-2531.31
953	0.36863	-2445.18
954	0.372422	-2511.45
955	0.374167	-2526.69
956	0.374722	-2496.01
957	0.372143	-2535.84
958	0.370439	-2451.15
959	0.382866	-2631.39
960	0.372217	-2507.8
961	0.376372	-2503.12
962	0.375636	-2518.76
963	0.377461	-2559.21
964	0.37827	-2579.88
965	0.369615	-2435.08
966	0.372648	-2484.24
967	0.375552	-2539.29
968	0.373875	-2499.63
969	0.373998	-2497.79
970	0.375343	-2509.06
971	0.36797	-2462.09
972	0.375967	-2548.08
973	0.371343	-2479.63
974	0.371525	-2470.15
975	0.371983	-2511.73
976	0.372778	-2509.92
977	0.376576	-2534.97
978	0.377184	-2539.58
979	0.382541	-2643.03
980	0.374327	-2500.81
981	0.380862	-2609.83
982	0.37819	-2546.2
983	0.373608	-2482.04
984	0.379143	-2592.92
985	0.378349	-2583.92
986	0.376987	-2543.82
987	0.377945	-2579.03
988	0.371306	-2445.1
989	0.37047	-2430.61
990	0.370124	-2449.54
991	0.374589	-2523.03
992	0.385919	-2689.2
993	0.378961	-2591.83
994	0.371289	-2516.96
995	0.374134	-2498.62
996	0.371132	-2486.68
997	0.36822	-2415.16
998	0.373578	-2541.26
999	0.371767	-2514.45
1000	0.37788	-2568.24
1001	0.376867	-2578.57
1002	0.372456	-2493.05
1003	0.375956	-2568.36
1004	0.375448	-2531.35
1005	0.376527	-2526.33
1006	0.371402	-2462.45
1007	0.374356	-2575.66
1008	0.375775	-2542.19
1009	0.375093	-2487.64
1010	0.372426	-2487.99
1011	0.37357	-2494.35
1012	0.373894	-2508.6
1013	0.376443	-2565.92
1014	0.37493	-2523.49
1015	0.361048	-2294.24
1016	0.379192	-2566.56
1017	0.370844	-2435.18
1018	0.372658	-2478.59
1019	0.382897	-2675.59
1020	0.369941	-2457.11
1021	0.377601	-2593.75
1022	0.372871	-2480.09
1023	0.38186	-2606.23
1024	0.381903	-2578.75
1025	0.381198	-2606.16
1026	0.374214	-2538.61
1027	0.364384	-2382.4
1028	0.372895	-2490.07
1029	0.370996	-2478.36
1030	0.373954	-2510.57
1031	0.382181	-2663.47
1032	0.376887	-2529.87
1033	0.373788	-2572.34
1034	0.381169	-2621.94
1035	0.377699	-2551.59
1036	0.377657	-2574.6
1037	0.380041	-2610.55
1038	0.375162	-2459.05
1039	0.372565	-2458.66
1040	0.379338	-2568.09
1041	0.37324	-2524.32
1042	0.371019	-2494.13
1043	0.374753	-2547.55
1044	0.379674	-2618.74
1045	0.370964	-2482.69
1046	0.379248	-2583.75
1047	0.371445	-2473.31
1048	0.367612	-2453.2
1049	0.371263	-2500.61
1050	0.36837	-2462.02
1051	0.374536	-2530.4
1052	0.366331	-2409.82
1053	0.374077	-2511.6
1054	0.373474	-2492.2
1055	0.378668	-2567.34
1056	0.368927	-2441.17
1057	0.374892	-2522.25
1058	0.374834	-2529.89
1059	0.378861	-2549.2
1060	0.375688	-2502.56
1061	0.372876	-2482.65
1062	0.37305	-2533.27
1063	0.37767	-2547.26
1064	0.370288	-2451.5
1065	0.373541	-2482.68
1066	0.372523	-2469.74
1067	0.383143	-2629.78
1068	0.372296	-2467.63
1069	0.37744	-2559.92
1070	0.37223	-2474.57
1071	0.372263	-2482.99
1072	0.370899	-2459.9
1073	0.366354	-2455.79
1074	0.367471	-2464.2
1075	0.374475	-2504.55
1076	0.38478	-2628.99
1077	0.376481	-2574.08
1078	0.377792	-2540.95
1079	0.367954	-2405.1
1080	0.373013	-2501.14
1081	0.367577	-2428.07
1082	0.378511	-2542.38
1083	0.383776	-2634.61
1084	0.373563	-2517.12
1085	0.372363	-2459.34
1086	0.37093	-2452.05
1087	0.378581	-2567.58
1088	0.369465	-2458.26
1089	0.375934	-2595.05
1090	0.378989	-2548.77
1091	0.365078	-2424.56
1092	0.372167	-2492.83
1093	0.37311	-2475.98
1094	0.375474	-2527.17
1095	0.383352	-2641.83
1096	0.368949	-2459.08
1097	0.378033	-2557.67
1098	0.376468	-2523.79
1099	0.370915	-2466.54
1100	0.374012	-2474.2
1101	0.376907	-2548.72
1102	0.37482	-2443.07
1103	0.373188	-2511.28
1104	0.372404	-2494.05
1105	0.368898	-2465.38
1106	0.378071	-2598.47
1107	0.36943	-2438.78
1108	0.366575	-2401.35
1109	0.371794	-2487.54
1110	0.369588	-2414.81
1111	0.371182	-2494.63
1112	0.370204	-2449.79
1113	0.377118	-2551.52
1114	0.373784	-2475.54
1115	0.377271	-2566.99
1116	0.371699	-2500.97
1117	0.378641	-2596.95
1118	0.373051	-2523.8
1119	0.372975	-2522.59
1120	0.37332	-2527.47
1121	0.379184	-2571.68
1122	0.371361	-2456.43
1123	0.374191	-2521.48
1124	0.37237	-2518.75
1125	0.37558	-2516.63
1126	0.364794	-2392.41
1127	0.367333	-2461.37
1128	0.371893	-2481.62
1129	0.372577	-2502.44
1130	0.377125	-2585.39
1131	0.373089	-2460.65
1132	0.376113	-2552.97
1133	0.375813	-2531.51
1134	0.370861	-2477.85
1135	0.36688	-2428.9
1136	0.371097	-2463.62
1137	0.374954	-2509.19
1138	0.375092	-2508.34
1139	0.366749	-2399.7
1140	0.373747	-2532.7
1141	0.37722	-2527.78
1142	0.375355	-2563.38
1143	0.372647	-2511.51
1144	0.369113	-2444.13
1145	0.366442	-2420.33
1146	0.378355	-2587.97
1147	0.37432	-2504.7
1148	0.372213	-2487.87
1149	0.376813	-2559.89
1150	0.373033	-2480.84
1151	0.371581	-2494.78
1152	0.373096	-2486.52
1153	0.367141	-2431.26
1154	0.380191	-2593.97
1155	0.3744	-2515.95
1156	0.371528	-2531.77
1157	0.372969	-2517.2
1158	0.378992	-2597.82
1159	0.375848	-2508.36
1160	0.376512	-2577.68
1161	0.37243	-2498.44
1162	0.379575	-2624.25
1163	0.368204	-2468.78
1164	0.382602	-2632.54
1165	0.371104	-2439.17
1166	0.376087	-2574.81
1167	0.376441	-2558.44
1168	0.3745	-2550.28
1169	0.374077	-2481.5
1170	0.371919	-2489.19
1171	0.382583	-2651.06
1172	0.384738	-2679.25
1173	0.371326	-2470.44
1174	0.367719	-2434.6
1175	0.36533	-2384.96
1176	0.371746	-2454.14
1177	0.374138	-2479.19
1178	0.366621	-2376.99
1179	0.368773	-2457.67
1180	0.377439	-2566.07
1181	0.371962	-2453.72
1182	0.372706	-2541.4
1183	0.37221	-2490.91
1184	0.371072	-2469.72
1185	0.378148	-2571.3
1186	0.365696	-2424.01
1187	0.376993	-2534.62
1188	0.375398	-2523.18
1189	0.372434	-2482.05
1190	0.370267	-2443.2
1191	0.380074	-2574.37
1192	0.376311	-2578.75
1193	0.368964	-2463.08
1194	0.372807	-2504.71
1195	0.374581	-2537.26
1196	0.368504	-2446.13
1197	0.376583	-2569.05
1198	0.371782	-2498.01
1199	0.374278	-2476.18
1200	0.370296	-2499.45
1201	0.374042	-2475.17
1202	0.366492	-2417.12
1203	0.369135	-2455.53
1204	0.378257	-2580.96
1205	0.371588	-2472.32
1206	0.372586	-2470.68
1207	0.375593	-2529.69
1208	0.36939	-2450.17
1209	0.365186	-2396.56
1210	0.372973	-2503.37
1211	0.381881	-2615.66
1212	0.372359	-2490.56
1213	0.374696	-2548.76
1214	0.375621	-2534.8
1215	0.37705	-2555.07
1216	0.376539	-2571.9
1217	0.38642	-2727.3
1218	0.3756	-2556.29
1219	0.370129	-2472.09
1220	0.380132	-2655.88
1221	0.383888	-2629.34
1222	0.373685	-2557.32
1223	0.377521	-2532.27
1224	0.385343	-2664.19
1225	0.369679	-2401
1226	0.3753	-2547.11
1227	0.376978	-2552.26
1228	0.371552	-2471.93
1229	0.368059	-2419.77
1230	0.376193	-2514.33
1231	0.372375	-2484.1
1232	0.373135	-2473.33
1233	0.374489	-2564.55
1234	0.375466	-2572.96
1235	0.378355	-2539.46
1236	0.376321	-2548.86
1237	0.375302	-2485.35
1238	0.370793	-2439.38
1239	0.37796	-2569.94
1240	0.371939	-2534.34
1241	0.370175	-2461.04
1242	0.367562	-2404.71
1243	0.36424	-2398.98
1244	0.379922	-2607.36
1245	0.373017	-2498.8
1246	0.370587	-2481.04
1247	0.37058	-2482.29
1248	0.375563	-2536.22
1249	0.374534	-2532.26
1250	0.371719	-2495.72
1251	0.375683	-2550.12
1252	0.364346	-2363.54
1253	0.371709	-2491
1254	0.377834	-2542.04
1255	0.373711	-2539.08
1256	0.372914	-2521.43
1257	0.374983	-2504.48
1258	0.373521	-2530.88
1259	0.377138	-2571.84
1260	0.377832	-2596.24
1261	0.37184	-2507.59
1262	0.373958	-2524.87
1263	0.36457	-2387.21
1264	0.371717	-2475.36
1265	0.377388	-2558.79
1266	0.380073	-2594.38
1267	0.373883	-2498.29
1268	0.373858	-2492.85
1269	0.361139	-2336.1
1270	0.37896	-2609.91
1271	0.382019	-2623.13
1272	0.372725	-2486.73
1273	0.368487	-2418.59
1274	0.374886	-2542.73
1275	0.365982	-2403.67
1276	0.377293	-2573.46
1277	0.378817	-2557.99
1278	0.37273	-2516.53
1279	0.365436	-2423.65
1280	0.383273	-2683.54
1281	0.373973	-2526.36
1282	0.375301	-2499.54
1283	0.374527	-2513.53
1284	0.371181	-2434.5
1285	0.383293	-2673.68
1286	0.385752	-2689.59
1287	0.375896	-2543.96
1288	0.369288	-2455.74
1289	0.378535	-2569.36
1290	0.375421	-2540.81
1291	0.370397	-2471.03
1292	0.373989	-2516.21
1293	0.373325	-2498.95
1294	0.370569	-2454.73
1295	0.380074	-2575.36
1296	0.37605	-2563.39
1297	0.374877	-2508.94
1298	0.368764	-2431.99
1299	0.370071	-2460.43
1300	0.366668	-2452.22
1301	0.369638	-2427.98
1302	0.367821	-2401.97
1303	0.369409	-2409.11
1304	0.375599	-2539.95
1305	0.365716	-2391.96
1306	0.375923	-2486.79
1307	0.367247	-2418.07
1308	0.365579	-2421.25
1309	0.369665	-2508.23
1310	0.372538	-2528.74
1311	0.374022	-2469.24
1312	0.372866	-2536.06
1313	0.372314	-2521.97
1314	0.368085	-2457.24
1315	0.380269	-2612.68
1316	0.379008	-2640.78
1317	0.371004	-2440.05
1318	0.365636	-2400.93
1319	0.377342	-2579.6
1320	0.373194	-2485.63
1321	0.37501	-2511.09
1322	0.367191	-2424.93
1323	0.376922	-2513.2
1324	0.384059	-2646.11
1325	0.376767	-2545.74
1326	0.376072	-2551.41
1327	0.377138	-2544.18
1328	0.366415	-2423.43
1329	0.369602	-2449.58
1330	0.376712	-2540.26
1331	0.379457	-2610.76
1332	0.371593	-2474.77
1333	0.373082	-2491.15
1334	0.378178	-2628.97
1335	0.374652	-2545.7
1336	0.36977	-2487.92
1337	0.385686	-2678.16
1338	0.369497	-2428.85
1339	0.373246	-2511.29
1340	0.383848	-2674.99
1341	0.370742	-2488.99
1342	0.377828	-2509.21
1343	0.369625	-2455.58
1344	0.364368	-2376.29
1345	0.373656	-2474.99
1346	0.3735	-2480.13
1347	0.369668	-2462.38
1348	0.375045	-2569.19
1349	0.373379	-2530.46
1350	0.371029	-2482.68
1351	0.370715	-2445.84
1352	0.377754	-2586.78
1353	0.374931	-2533.73
1354	0.373518	-2546.74
1355	0.367496	-2439.48
1356	0.369028	-2465.89
1357	0.379889	-2581.88
1358	0.37591	-2564.7
1359	0.373304	-2473.34
1360	0.375199	-2515.31
1361	0.37378	-2497.39
1362	0.376156	-2540.94
1363	0.37711	-2577.4
1364	0.373078	-2504.4
1365	0.371716	-2496.41
1366	0.371293	-2535.57
1367	0.377379	-2620.51
1368	0.371479	-2468.25
1369	0.375289	-2554.45
1370	0.378162	-2567.76
1371	0.37656	-2518.49
1372	0.376735	-2571.26
1373	0.367604	-2423.43
1374	0.372043	-2487.62
1375	0.381239	-2632.23
1376	0.375939	-2564.35
1377	0.37948	-2584.99
1378	0.375769	-2565.85
1379	0.383065	-2655.47
1380	0.370881	-2486.58
1381	0.382249	-2580.84
1382	0.372229	-2453.49
1383	0.378621	-2553.49
1384	0.381647	-2643.15
1385	0.37369	-2487.84
1386	0.371049	-2419.47
1387	0.370037	-2455.88
1388	0.37061	-2445.98
1389	0.36257	-2325.38
1390	0.366793	-2410.34
1391	0.369624	-2463.35
1392	0.376169	-2536.39
1393	0.363706	-2395.91
1394	0.376984	-2578.05
1395	0.379543	-2620.11
1396	0.364438	-2361.06
1397	0.367908	-2406.02
1398	0.370666	-2453.32
1399	0.373144	-2506.68
1400	0.376652	-2587.93
1401	0.376688	-2560.24
1402	0.376803	-2547.84
1403	0.369405	-2421.48
1404	0.375267	-2520.73
1405	0.378471	-2634.77
1406	0.373965	-2469.28
1407	0.374272	-2461.9
1408	0.368503	-2401.11
1409	0.377272	-2561.19
1410	0.373811	-2502.3
1411	0.373133	-2492.59
1412	0.376093	-2524.56
1413	0.375569	-2558.98
1414	0.370431	-2482.66
1415	0.37553	-2545.41
1416	0.375011	-2570.6
1417	0.371289	-2467.96
1418	0.369001	-2497.81
1419	0.37161	-2450.03
1420	0.370756	-2495.31
1421	0.372304	-2488.78
1422	0.377348	-2573.38
1423	0.376105	-2516.98
1424	0.376187	-2511.13
1425	0.377017	-2537.37
1426	0.373869	-2473.01
1427	0.370914	-2454.03
1428	0.378769	-2567.95
1429	0.372317	-2518.29
1430	0.376454	-2499.74
1431	0.365431	-2414.06
1432	0.37622	-2530.25
1433	0.378609	-2568.56
1434	0.37434	-2484.52
1435	0.369312	-2451.29
1436	0.367155	-2423.96
1437	0.365159	-2411.42
1438	0.376564	-2556.03
1439	0.381637	-2636.39
1440	0.376694	-2571.24
1441	0.375962	-2592.53
1442	0.375104	-2530.11
1443	0.39113	-2768.17
1444	0.36476	-2331.59
1445	0.375403	-2558.39
1446	0.375838	-2578.36
1447	0.37444	-2496.69
1448	0.380262	-2601.91
1449	0.382072	-2659.97
1450	0.372957	-2501.45
1451	0.374336	-2479.87
1452	0.37577	-2492.04
1453	0.374292	-2479.98
1454	0.381877	-2680.88
1455	0.370896	-2486.3
1456	0.373767	-2491.71
1457	0.373933	-2455.69
1458	0.372182	-2466.22
1459	0.379641	-2610.59
1460	0.375869	-2547.92
1461	0.371701	-2448.94
1462	0.368006	-2399.27
1463	0.364935	-2392.6
1464	0.373532	-2530.86
1465	0.369202	-2436.03
1466	0.368917	-2430.05
1467	0.375779	-2552.55
1468	0.372869	-2497.59
1469	0.381964	-2615.78
1470	0.376601	-2519.84
1471	0.37305	-2535.22
1472	0.3737	-2527.94
1473	0.380423	-2561.6
1474	0.376643	-2553.84
1475	0.37996	-2588.6
1476	0.366658	-2428.68
1477	0.377607	-2542.04
1478	0.366106	-2410.85
1479	0.367403	-2417.79
1480	0.373501	-2518.44
1481	0.370464	-2476.05
1482	0.374238	-2507.82
1483	0.370145	-2443.05
1484	0.379259	-2592.52
1485	0.362603	-2366.37
1486	0.373023	-2497.54
1487	0.375512	-2519.48
1488	0.373062	-2501.51
1489	0.377187	-2568.38
1490	0.38219	-2666.2
1491	0.372606	-2495.34
1492	0.365238	-2365.93
1493	0.37744	-2562.01
1494	0.370726	-2467.89
1495	0.363765	-2347.2
1496	0.378435	-2609.65
1497	0.373693	-2530.37
1498	0.36052	-2332.05
1499	0.376561	-2556.22
1500	0.377095	-2544.86
1501	0.378267	-2516.92
1502	0.375368	-2564.88
1503	0.373417	-2489.54
1504	0.369623	-2436.38
1505	0.375208	-2536.34
1506	0.369679	-2463.33
1507	0.375551	-2504.15
1508	0.373934	-2501.34
1509	0.375002	-2470.25
1510	0.367682	-2420.87
1511	0.381712	-2643.48
1512	0.37697	-2593.83
1513	0.373662	-2551.16
1514	0.365589	-2392.34
1515	0.37648	-2562.43
1516	0.377213	-2547.77
1517	0.378332	-2573.66
1518	0.366404	-2393.44
1519	0.378345	-2533.47
1520	0.379995	-2558.83
1521	0.373303	-2533.08
1522	0.371865	-2489.88
1523	0.376088	-2565.06
1524	0.375282	-2518.45
1525	0.373819	-2553.6
1526	0.379579	-2569.27
1527	0.377697	-2550.4
1528	0.374995	-2519.51
1529	0.374208	-2538.69
1530	0.376134	-2549.96
1531	0.37188	-2529.3
1532	0.37629	-2542.01
1533	0.371484	-2516.74
1534	0.375345	-2533.05
1535	0.374231	-2478.35
1536	0.36953	-2454.06
1537	0.3735	-2515.19
1538	0.373418	-2511.26
1539	0.368861	-2444.65
1540	0.371414	-2499.83
1541	0.370106	-2448.82
1542	0.369038	-2426.24
1543	0.380427	-2573.23
1544	0.371242	-2445.73
1545	0.3755	-2549.88
1546	0.378742	-2591.95
1547	0.375182	-2542.42
1548	0.378023	-2562.06
1549	0.37114	-2466.18
1550	0.377973	-2543.51
1551	0.37471	-2507.58
1552	0.376199	-2539.3
1553	0.374147	-2556.91
1554	0.372285	-2488.04
1555	0.371757	-2492.54
1556	0.369894	-2426.5
1557	0.363935	-2377
1558	0.375176	-2535.97
1559	0.369801	-2416.65
1560	0.379919	-2566.43
1561	0.379593	-2587.93
1562	0.371926	-2531.99
1563	0.373083	-2536.98
1564	0.36665	-2437.79
1565	0.376409	-2584.05
1566	0.379195	-2572.92
1567	0.370731	-2512.63
1568	0.375717	-2535.31
1569	0.368521	-2430.12
1570	0.370083	-2442.46
1571	0.372147	-2462.21
1572	0.370161	-2448.48
1573	0.370498	-2452.09
1574	0.379784	-2556.78
1575	0.375035	-2482.28
1576	0.376197	-2598.89
1577	0.374404	-2532.46
1578	0.377588	-2540.94
1579	0.375712	-2557.19
1580	0.382273	-2605.91
1581	0.383851	-2657.85
1582	0.390203	-2706.13
1583	0.380514	-2583
1584	0.367197	-2409.12
1585	0.381392	-2585.45
1586	0.369268	-2462.69
1587	0.372518	-2460.8
1588	0.370507	-2503.26
1589	0.377529	-2552.36
1590	0.377445	-2556.14
1591	0.370064	-2478.39
1592	0.377038	-2559.73
1593	0.382822	-2648.91
1594	0.377389	-2527.72
1595	0.373651	-2468.23
1596	0.377207	-2523.59
1597	0.37553	-2547.95
1598	0.376937	-2553.74
1599	0.370176	-2446.93
1600	0.372498	-2496.72
1601	0.36908	-2484.77
1602	0.378295	-2553.85
1603	0.370557	-2472.08
1604	0.369539	-2478.2
1605	0.36824	-2449.9
1606	0.377181	-2576.11
1607	0.373122	-2518.06
1608	0.371227	-2482.38
1609	0.37124	-2491.76
1610	0.375482	-2525.54
1611	0.380073	-2587.22
1612	0.366617	-2408.86
1613	0.373156	-2491.87
1614	0.365034	-2402.85
1615	0.37291	-2465.6
1616	0.367059	-2434.52
1617	0.371761	-2479.18
1618	0.377365	-2486.08
1619	0.373101	-2520.68
1620	0.374663	-2485.97
1621	0.36813	-2405.81
1622	0.368209	-2416.43
1623	0.370336	-2492.85
1624	0.373501	-2506.04
1625	0.372185	-2489.1
1626	0.372812	-2498.38
1627	0.365704	-2419.43
1628	0.370709	-2492.14
1629	0.375672	-2495.5
1630	0.374293	-2516.06
1631	0.367451	-2418.29
1632	0.374415	-2524.33
1633	0.367691	-2455.41
1634	0.369715	-2439.14
1635	0.374009	-2507.25
1636	0.374694	-2524.41
1637	0.37395	-2478.73
1638	0.378977	-2541.35
1639	0.381124	-2613.51
1640	0.375702	-2526.69
1641	0.372535	-2499.12
1642	0.370321	-2483.39
1643	0.370006	-2461.06
1644	0.386623	-2704.36
1645	0.376627	-2549.56
1646	0.381445	-2629.25
1647	0.37035	-2476.86
1648	0.367666	-2454.73
1649	0.371852	-2477.58
1650	0.374979	-2519.9
1651	0.383999	-2660.48
1652	0.375203	-2513.85
1653	0.38005	-2594.69
1654	0.368069	-2444.26
1655	0.376015	-2501.95
1656	0.371575	-2458.22
1657	0.376761	-2549.05
1658	0.37723	-2525.28
1659	0.384929	-2639.47
1660	0.374026	-2475.86
1661	0.373212	-2470.66
1662	0.361544	-2353.58
1663	0.373667	-2526.43
1664	0.376045	-2549.41
1665	0.378234	-2601.3
1666	0.380502	-2597.96
1667	0.375012	-2517.66
1668	0.370861	-2477.74
1669	0.370495	-2480.06
1670	0.371216	-2509.62
1671	0.377082	-2579.12
1672	0.38666	-2705.14
1673	0.38624	-2656.71
1674	0.37419	-2494.44
1675	0.37737	-2585
1676	0.373808	-2502.18
1677	0.369651	-2487
1678	0.375485	-2543.1
1679	0.375937	-2508.23
1680	0.382418	-2648.59
1681	0.368418	-2437.01
1682	0.371797	-2443.93
1683	0.371997	-2518.9
1684	0.380857	-2600.02
1685	0.374851	-2508.37
1686	0.379402	-2554.75
1687	0.369327	-2466.76
1688	0.381812	-2588.51
1689	0.367355	-2400.72
1690	0.374967	-2492.01
1691	0.374061	-2545.26
1692	0.377097	-2558.36
1693	0.368627	-2473.77
1694	0.377086	-2563.2
1695	0.379871	-2640.55
1696	0.375586	-2540.72
1697	0.371286	-2523.31
1698	0.364728	-2386.58
1699	0.368313	-2391.99
1700	0.367103	-2406.66
1701	0.377315	-2536.73
1702	0.369804	-2453.49
1703	0.369711	-2442.71
1704	0.371034	-2495.12
1705	0.368154	-2405.38
1706	0.371432	-2494.66
1707	0.374465	-2498.42
1708	0.382072	-2619.34
1709	0.378613	-2556.29
1710	0.384525	-2630.76
1711	0.382256	-2668.47
1712	0.373306	-2507.45
1713	0.372533	-2491.61
1714	0.378312	-2553.98
1715	0.37067	-2479.55
1716	0.371684	-2452.5
1717	0.373753	-2546.75
1718	0.369642	-2461.36
1719	0.381555	-2614.73
1720	0.371185	-2514.02
1721	0.378129	-2531.88
1722	0.368872	-2422.91
1723	0.379173	-2604.36
1724	0.376419	-2536.1
1725	0.375049	-2546.49
1726	0.372507	-2492.21
1727	0.364039	-2421.01
1728	0.367961	-2314.83
1729	0.367516	-2365.15
1730	0.366633	-2387.7
1731	0.375942	-2524.89
1732	0.367704	-2462.5
1733	0.368541	-2432.43
1734	0.371364	-2491.96
1735	0.370731	-2468.08
1736	0.375991	-2564.27
1737	0.37819	-2574.64
1738	0.372626	-2463.36
1739	0.372935	-2490.07
1740	0.376412	-2561.31
1741	0.382061	-2588.92
1742	0.36635	-2386.12
1743	0.379954	-2604.06
1744	0.373956	-2515.05
1745	0.376856	-2586.62
1746	0.36918	-2424.89
1747	0.377369	-2596.46
1748	0.365924	-2416.49
1749	0.37055	-2473.24
1750	0.37633	-2540.5
1751	0.366006	-2421.88
1752	0.376729	-2508.84
1753	0.378343	-2598.86
1754	0.37636	-2545.53
1755	0.372946	-2476.52
1756	0.379469	-2597
1757	0.3699	-2465.85
1758	0.375791	-2547.41
1759	0.374455	-2508.16
1760	0.378072	-2589.67
1761	0.36896	-2445.24
1762	0.374663	-2549.56
1763	0.378972	-2599.33
1764	0.379111	-2621.2
1765	0.372488	-2476.21
1766	0.368378	-2421.35
1767	0.372339	-2454.68
1768	0.374184	-2490.48
1769	0.374104	-2512.35
1770	0.369406	-2415.78
1771	0.375256	-2491.58
1772	0.36968	-2491.52
1773	0.375414	-2546.29
1774	0.378648	-2553.51
1775	0.376141	-2539.54
1776	0.372671	-2537.22
1777	0.37205	-2476.68
1778	0.362238	-2355.31
1779	0.371025	-2499.26
1780	0.374838	-2527.54
1781	0.37646	-2501.92
1782	0.377538	-2580.93
1783	0.374693	-2512.57
1784	0.373865	-2540.72
1785	0.384723	-2658.4
1786	0.378542	-2572.91
1787	0.370526	-2435.21
1788	0.369471	-2427.07
1789	0.382389	-2662.95
1790	0.367516	-2394.15
1791	0.381475	-2689.09
1792	0.375595	-2524.64
1793	0.375756	-2517.21
1794	0.380329	-2567.42
1795	0.368687	-2417.89
1796	0.376105	-2552.76
1797	0.375107	-2522.11
1798	0.368751	-2477.43
1799	0.375338	-2523.36
1800	0.362035	-2332.86
1801	0.376427	-2530.3
1802	0.375655	-2564.42
1803	0.369778	-2430.23
1804	0.382015	-2623.29
1805	0.375316	-2513.3
1806	0.371103	-2514.61
1807	0.373795	-2495.7
1808	0.378173	-2575.3
1809	0.367495	-2388.41
1810	0.381046	-2590.62
1811	0.365669	-2443.46
1812	0.377872	-2571.7
1813	0.372263	-2518.61
1814	0.374229	-2555.89
1815	0.370936	-2468.47
1816	0.370673	-2466.72
1817	0.375582	-2542.68
1818	0.374804	-2523.11
1819	0.375999	-2521.2
1820	0.367242	-2406.9
1821	0.373668	-2497.4
1822	0.373611	-2530.64
1823	0.368293	-2423.44
1824	0.381585	-2568.32
1825	0.374347	-2531.74
1826	0.369866	-2476.14
1827	0.372592	-2515.76
1828	0.369791	-2457.75
1829	0.371824	-2443.85
1830	0.376337	-2531.01
1831	0.376514	-2536.51
1832	0.376285	-2567.37
1833	0.368162	-2435.62
1834	0.375198	-2509.5
1835	0.366956	-2399.69
1836	0.377584	-2568.59
1837	0.368715	-2450.93
1838	0.378805	-2640.73
1839	0.369269	-2435.21
1840	0.368338	-2459.33
1841	0.376751	-2560.45
1842	0.372507	-2481.6
1843	0.373367	-2528.79
1844	0.368716	-2424.09
1845	0.372377	-2514.75
1846	0.377027	-2592.81
1847	0.369532	-2423.48
1848	0.373116	-2518.72
1849	0.371815	-2481.39
1850	0.369396	-2491.9
1851	0.369594	-2464.18
1852	0.374654	-2519.03
1853	0.371118	-2459.01
1854	0.370305	-2458.76
1855	0.37434	-2481.34
1856	0.371876	-2503.38
1857	0.367679	-2406.94
1858	0.382222	-2631.47
1859	0.382831	-2630.25
1860	0.370383	-2470.34
1861	0.378703	-2549.41
1862	0.36658	-2403.56
1863	0.372251	-2479.78
1864	0.371238	-2484.15
1865	0.372896	-2500.44
1866	0.372979	-2529.97
1867	0.37876	-2590.29
1868	0.375773	-2537.37
1869	0.378035	-2567.09
1870	0.380495	-2586.78
1871	0.378236	-2592.2
1872	0.381629	-2618.63
1873	0.376214	-2527.42
1874	0.375636	-2572.13
1875	0.373848	-2525.2
1876	0.374407	-2503.74
1877	0.381401	-2550.18
1878	0.372552	-2518.76
1879	0.371906	-2462.57
1880	0.375898	-2613.89
1881	0.371986	-2461.74
1882	0.381293	-2623.02
1883	0.370134	-2441.51
1884	0.373161	-2482.57
1885	0.372433	-2505.24
1886	0.36895	-2443.75
1887	0.371442	-2464.24
1888	0.371265	-2468.75
1889	0.371887	-2455.39
1890	0.374044	-2506.23
1891	0.378284	-2545.18
1892	0.368185	-2427.87
1893	0.375184	-2539.15
1894	0.373709	-2503.98
1895	0.371371	-2485.05
1896	0.363085	-2350.36
1897	0.376701	-2547.73
1898	0.372971	-2495.1
1899	0.376337	-2526.75
1900	0.369935	-2447.9
1901	0.374769	-2514.68
1902	0.376582	-2534.8
1903	0.386464	-2720.64
1904	0.373791	-2533.55
1905	0.376933	-2557.88
1906	0.382915	-2631.58
1907	0.375805	-2564.87
1908	0.371772	-2478.11
1909	0.376391	-2529.64
1910	0.373627	-2498.93
1911	0.374131	-2476.92
1912	0.366624	-2399.77
1913	0.373899	-2578.08
1914	0.370987	-2462.65
1915	0.377626	-2566.11
1916	0.373863	-2485.5
1917	0.373826	-2506.64
1918	0.37762	-2557.18
1919	0.367368	-2426.15
1920	0.369576	-2488.39
1921	0.378937	-2558.01
1922	0.372742	-2514.78
1923	0.363502	-2404.74
1924	0.376643	-2552.29
1925	0.377637	-2572.69
1926	0.369803	-2465.78
1927	0.369846	-2454.37
1928	0.376002	-2547.34
1929	0.375355	-2547.33
1930	0.366955	-2389.61
1931	0.370531	-2467.37
1932	0.376664	-2518.32
1933	0.365177	-2403.6
1934	0.366462	-2384.92
1935	0.37699	-2579.44
1936	0.375943	-2536.87
1937	0.367003	-2405.13
1938	0.378599	-2560.72
1939	0.375726	-2573.34
1940	0.373426	-2511.2
1941	0.37071	-2477.05
1942	0.376642	-2595.14
1943	0.373483	-2496.55
1944	0.361901	-2385.35
1945	0.378129	-2569.05
1946	0.369131	-2474.09
1947	0.365644	-2451.96
1948	0.37318	-2490.03
1949	0.396898	-2803.69
1950	0.376446	-2532.92
1951	0.372177	-2494.16
1952	0.37247	-2509.55
1953	0.371912	-2507.93
1954	0.381244	-2630.83
1955	0.36761	-2379.56
1956	0.368426	-2397.08
1957	0.370946	-2475.27
1958	0.372872	-2475.15
1959	0.367465	-2421.5
1960	0.364387	-2403.93
1961	0.375018	-2524.46
1962	0.377096	-2560.69
1963	0.378722	-2535.01
1964	0.368631	-2470.1
1965	0.376464	-2562
1966	0.376763	-2582.96
1967	0.377196	-2497.88
1968	0.372434	-2516.45
1969	0.377324	-2556.93
1970	0.380522	-2579.11
1971	0.375652	-2536.54
1972	0.375634	-2530.85
1973	0.375514	-2564.64
1974	0.380619	-2589.97
1975	0.376178	-2517.59
1976	0.376266	-2528.41
1977	0.379104	-2564.34
1978	0.371268	-2468.2
1979	0.37204	-2506.09
1980	0.37147	-2495.47
1981	0.378889	-2578.3
1982	0.379385	-2555.33
1983	0.378045	-2547
1984	0.380516	-2608.07
1985	0.375037	-2509.79
1986	0.374424	-2562.15
1987	0.379149	-2594.65
1988	0.373591	-2478.89
1989	0.366864	-2398.72
1990	0.37253	-2496.04
1991	0.373414	-2530.76
1992	0.370472	-2462.33
1993	0.372052	-2528.17
1994	0.363193	-2322.73
1995	0.368034	-2453.16
1996	0.365854	-2361.25
1997	0.373457	-2522.11
1998	0.373277	-2536.22
1999	0.370504	-2481.09
2000	0.376032	-2538.61
2001	0.376857	-2530.65
2002	0.374522	-2512.84
2003	0.375669	-2542.42
2004	0.376521	-2543.07
2005	0.371665	-2490.48
2006	0.364236	-2401.39
2007	0.371975	-2513.08
2008	0.379973	-2581.52
2009	0.370318	-2437.37
2010	0.37693	-2573.36
2011	0.384532	-2672.38
2012	0.37061	-2458.01
2013	0.379123	-2524.89
2014	0.37175	-2535.08
2015	0.376877	-2552.78
2016	0.373508	-2522.91
2017	0.376953	-2596.19
2018	0.382122	-2629.11
2019	0.372912	-2522.23
2020	0.375049	-2513.72
2021	0.371437	-2481.71
2022	0.368268	-2430.12
2023	0.369862	-2419.63
2024	0.376368	-2559.15
2025	0.375812	-2577.42
2026	0.372193	-2491.15
2027	0.374095	-2505.54
2028	0.377375	-2552.42
2029	0.369742	-2459.4
2030	0.361989	-2359.47
2031	0.36839	-2441.99
2032	0.375966	-2557.84
2033	0.364255	-2351.02
2034	0.372598	-2454.48
2035	0.373025	-2490.8
2036	0.367836	-2458.08
2037	0.381422	-2604.27
2038	0.364524	-2426.19
2039	0.376113	-2536.87
2040	0.368372	-2440.59
2041	0.380152	-2574.52
2042	0.362336	-2354.67
2043	0.370648	-2465.58
2044	0.376501	-2537.8
2045	0.377143	-2556.48
2046	0.372829	-2507.52
2047	0.383216	-2656.04
2048	0.384547	-2688.88
2049	0.372035	-2510.64
2050	0.372773	-2533.14
2051	0.364237	-2384.88
2052	0.371618	-2487.75
2053	0.372188	-2511.48
2054	0.374097	-2533.53
2055	0.371412	-2450.53
2056	0.372432	-2445.93
2057	0.370892	-2432.13
2058	0.375075	-2519.01
2059	0.373564	-2513.96
2060	0.376753	-2556.19
2061	0.368519	-2475.87
2062	0.37449	-2509.79
2063	0.376402	-2596.43
2064	0.366164	-2440.14
2065	0.375857	-2536.48
2066	0.37157	-2517.57
2067	0.37524	-2499.84
2068	0.377839	-2568.14
2069	0.375257	-2513.48
2070	0.376343	-2547.27
2071	0.373545	-2519.74
2072	0.365148	-2391.05
2073	0.37775	-2547.84
2074	0.377697	-2565.83
2075	0.371284	-2458.42
2076	0.375726	-2531.38
2077	0.375456	-2543.3
2078	0.379467	-2610.87
2079	0.375961	-2567.15
2080	0.369578	-2459.86
2081	0.365789	-2422.68
2082	0.373845	-2476.76
2083	0.379609	-2597.24
2084	0.372453	-2437.78
2085	0.377906	-2569.93
2086	0.375656	-2574.51
2087	0.373183	-2477.26
2088	0.373846	-2534.56
2089	0.36806	-2425.05
2090	0.377163	-2580.56
2091	0.374194	-2472.53
2092	0.375044	-2511.88
2093	0.37706	-2595.04
2094	0.378129	-2563.66
2095	0.367074	-2400.88
2096	0.381722	-2577.49
2097	0.37121	-2454.14
2098	0.378128	-2545.06
2099	0.379029	-2565.36
2100	0.370887	-2432.2
2101	0.376965	-2577.54
2102	0.38063	-2646.96
2103	0.365093	-2423.72
2104	0.369909	-2452.93
2105	0.373649	-2546.32
2106	0.378517	-2575.8
2107	0.373538	-2503.09
2108	0.369636	-2456.29
2109	0.372825	-2512.05
2110	0.369055	-2441.67
2111	0.388059	-2691.65
2112	0.375897	-2509.44
2113	0.379908	-2605
2114	0.371566	-2464.73
2115	0.377539	-2563.59
2116	0.369739	-2439.93
2117	0.371677	-2446.28
2118	0.370515	-2423.61
2119	0.379922	-2623.69
2120	0.367543	-2390.13
2121	0.382585	-2625.87
2122	0.376535	-2524.83
2123	0.374683	-2524.6
2124	0.374449	-2488.09
2125	0.371588	-2464.2
2126	0.369879	-2465.22
2127	0.37707	-2581.82
2128	0.375132	-2529.85
2129	0.378073	-2555.36
2130	0.377857	-2569.01
2131	0.369349	-2464.34
2132	0.370451	-2473.35
2133	0.376526	-2538.06
2134	0.380206	-2557.83
2135	0.371783	-2529.8
2136	0.372872	-2520.59
2137	0.370155	-2476.95
2138	0.375526	-2565.74
2139	0.374933	-2520.85
2140	0.367981	-2424.72
2141	0.377172	-2539.67
2142	0.368821	-2457.39
2143	0.373138	-2493.92
2144	0.374241	-2502.82
2145	0.370014	-2480.92
2146	0.374005	-2510.61
2147	0.374376	-2512.3
2148	0.36769	-2443.25
2149	0.370366	-2452.01
2150	0.368377	-2413.69
2151	0.378014	-2555.18
2152	0.373634	-2515
2153	0.378801	-2577.88
2154	0.370457	-2437.68
2155	0.379958	-2591.42
2156	0.376194	-2528.62
2157	0.366696	-2404.6
2158	0.372959	-2496.05
2159	0.380288	-2555.37
2160	0.372492	-2492.54
2161	0.370625	-2482.68
2162	0.372474	-2520.83
2163	0.369626	-2459.56
2164	0.37952	-2592.38
2165	0.368241	-2386.58
2166	0.366429	-2429.25
2167	0.374229	-2549.96
2168	0.376642	-2580.05
2169	0.372403	-2507.08
2170	0.37925	-2600.43
2171	0.365766	-2365.84
2172	0.373946	-2484.61
2173	0.378698	-2617.41
2174	0.379129	-2570.04
2175	0.375039	-2574.77
2176	0.376105	-2572.55
2177	0.380448	-2612.39
2178	0.37692	-2547.42
2179	0.373713	-2506.03
2180	0.365204	-2412.62
2181	0.372577	-2537.73
2182	0.371489	-2469.41
2183	0.369401	-2480.51
2184	0.382644	-2635.13
2185	0.371237	-2463.66
2186	0.368429	-2400.33
2187	0.368938	-2466.93
2188	0.368627	-2435.93
2189	0.38479	-2654.38
2190	0.368375	-2432.18
2191	0.376841	-2587.42
2192	0.374468	-2486.81
2193	0.375719	-2520.18
2194	0.372356	-2490.52
2195	0.375352	-2549.04
2196	0.368117	-2425.62
2197	0.376721	-2530.13
2198	0.375412	-2525.89
2199	0.367989	-2445.89
2200	0.364529	-2413.24
2201	0.378376	-2547.84
2202	0.373295	-2514.33
2203	0.371497	-2460.11
2204	0.379671	-2602.51
2205	0.375027	-2538.86
2206	0.377757	-2562.01
2207	0.371964	-2439.71
2208	0.381124	-2618.02
2209	0.369672	-2468.84
2210	0.375064	-2502.01
2211	0.378782	-2558.34
2212	0.377485	-2580.95
2213	0.373408	-2496.51
2214	0.364876	-2384.19
2215	0.365868	-2373.11
2216	0.381975	-2653.19
2217	0.366174	-2401.17
2218	0.37175	-2498.61
2219	0.37636	-2540.3
2220	0.36873	-2452.11
2221	0.374845	-2514.67
2222	0.377676	-2565.54
2223	0.365919	-2413.2
2224	0.371697	-2466.51
2225	0.385091	-2663.5
2226	0.37282	-2451.29
2227	0.376848	-2577.4
2228	0.377398	-2536.67
2229	0.385197	-2648.26
2230	0.37139	-2506.68
2231	0.37441	-2481.64
2232	0.369383	-2468.24
2233	0.374032	-2496.29
2234	0.3779	-2585.03
2235	0.382937	-2668.73
2236	0.379062	-2589.3
2237	0.369315	-2422.17
2238	0.362671	-2396.27
2239	0.371055	-2435.4
2240	0.372608	-2544.47
2241	0.373914	-2508.58
2242	0.376929	-2518.01
2243	0.371356	-2520.19
2244	0.368329	-2445.37
2245	0.365038	-2407.44
2246	0.366073	-2413.5
2247	0.37738	-2569.58
2248	0.371888	-2512.11
2249	0.378501	-2606.98
2250	0.377328	-2573.13
2251	0.378047	-2607.67
2252	0.37332	-2542.38
2253	0.373654	-2570.88
2254	0.372157	-2504.08
2255	0.371636	-2488.2
2256	0.363033	-2343.15
2257	0.363656	-2411.88
2258	0.377209	-2607.42
2259	0.372145	-2452.14
2260	0.374608	-2547.33
2261	0.37205	-2491.37
2262	0.377291	-2513.05
2263	0.378667	-2582.52
2264	0.374198	-2551.41
2265	0.370877	-2480.35
2266	0.373117	-2500.1
2267	0.381544	-2596.07
2268	0.373588	-2488.05
2269	0.36999	-2469.05
2270	0.376827	-2524.88
2271	0.370226	-2432.8
2272	0.373948	-2517.26
2273	0.373123	-2504.19
2274	0.373114	-2508.03
2275	0.38026	-2598.08
2276	0.374831	-2524.32
2277	0.376457	-2513.52
2278	0.367385	-2441.25
2279	0.369744	-2458.49
2280	0.367179	-2378.84
2281	0.375636	-2529.91
2282	0.376156	-2534.42
2283	0.373732	-2524.58
2284	0.369112	-2461.34
2285	0.370858	-2449.64
2286	0.372999	-2470
2287	0.385046	-2666.08
2288	0.381995	-2631.02
2289	0.375827	-2501.16
2290	0.371889	-2480.83
2291	0.375313	-2517.56
2292	0.364515	-2384.21
2293	0.365627	-2399.57
2294	0.376444	-2568.2
2295	0.379923	-2632.34
2296	0.376173	-2539.44
2297	0.367436	-2414.22
2298	0.373871	-2476.97
2299	0.371905	-2501.86
2300	0.364621	-2430.48
2301	0.372602	-2512.73
2302	0.377248	-2575.56
2303	0.373834	-2496.94
2304	0.371947	-2393.62
2305	0.362697	-2399.5
2306	0.371235	-2466.46
2307	0.375523	-2530.22
2308	0.38217	-2634.02
2309	0.368007	-2422.3
2310	0.375736	-2535.33
2311	0.376632	-2552.81
2312	0.37326	-2530.02
2313	0.366763	-2417.24
2314	0.378623	-2567.86
2315	0.380453	-2583.98
2316	0.368513	-2418.47
2317	0.372979	-2493.01
2318	0.377041	-2532.15
2319	0.373116	-2470.96
2320	0.37915	-2624.65
2321	0.374702	-2558.79
2322	0.372629	-2508.57
2323	0.374619	-2461.3
2324	0.371331	-2481.85
2325	0.373871	-2533.12
2326	0.366298	-2411.59
2327	0.375118	-2516.74
2328	0.377456	-2587.55
2329	0.373643	-2481.53
2330	0.376778	-2513.73
2331	0.375887	-2538.12
2332	0.375482	-2577.84
2333	0.377536	-2525.67
2334	0.379241	-2560.45
2335	0.37154	-2439.06
2336	0.362565	-2344.78
2337	0.37524	-2557.79
2338	0.375547	-2543.4
2339	0.376452	-2550.76
2340	0.372143	-2528.87
2341	0.377204	-2576.08
2342	0.371304	-2494.57
2343	0.3679	-2403.81
2344	0.386052	-2688.72
2345	0.368664	-2480.5
2346	0.364299	-2393.87
2347	0.374027	-2512.84
2348	0.365398	-2399.82
2349	0.367119	-2392.75
2350	0.382616	-2629.3
2351	0.375227	-2519.02
2352	0.378778	-2513.27
2353	0.370533	-2459.71
2354	0.369596	-2436.3
2355	0.37512	-2533.15
2356	0.367619	-2415.53
2357	0.372641	-2478.91
2358	0.374064	-2519.17
2359	0.3678	-2436.62
2360	0.371088	-2482.03
2361	0.366314	-2434.51
2362	0.378816	-2595.6
2363	0.374817	-2488.94
2364	0.372854	-2494.2
2365	0.371342	-2475.83
2366	0.371337	-2447.38
2367	0.375977	-2555.65
2368	0.370193	-2433.01
2369	0.368414	-2453.31
2370	0.366631	-2453.59
2371	0.378345	-2548.48
2372	0.375609	-2547.73
2373	0.376051	-2542.75
2374	0.367788	-2424.83
2375	0.369338	-2436.15
2376	0.367911	-2429.02
2377	0.364509	-2388.49
2378	0.374563	-2499.07
2379	0.381419	-2651.49
2380	0.3709	-2483.87
2381	0.380422	-2581.63
2382	0.377623	-2524.39
2383	0.37533	-2554.46
2384	0.372984	-2453.72
2385	0.373598	-2511.5
2386	0.378892	-2601.23
2387	0.375511	-2523.22
2388	0.379033	-2592.54
2389	0.368529	-2465.51
2390	0.367438	-2425.67
2391	0.373501	-2517.59
2392	0.364143	-2372.38
2393	0.373155	-2510.19
2394	0.374593	-2483.01
2395	0.370182	-2479.87
2396	0.369886	-2449.94
2397	0.368523	-2442
2398	0.362656	-2338.9
2399	0.374221	-2495.24
2400	0.378388	-2612.49
2401	0.370973	-2508.47
2402	0.368166	-2430
2403	0.361901	-2332.07
2404	0.372197	-2475.58
2405	0.375172	-2521.21
2406	0.374774	-2494.08
2407	0.369875	-2462.79
2408	0.381276	-2603.92
2409	0.379368	-2556.27
2410	0.375147	-2514.16
2411	0.370869	-2455.1
2412	0.370445	-2457.33
2413	0.368794	-2453.59
2414	0.383037	-2668.82
2415	0.386352	-2695.77
2416	0.37128	-2453.29
2417	0.37686	-2543.67
2418	0.375529	-2527.5
2419	0.377577	-2564.74
2420	0.371207	-2466.74
2421	0.379479	-2581.74
2422	0.369293	-2416.25
2423	0.367779	-2421.35
2424	0.37058	-2499.66
2425	0.381546	-2646.2
2426	0.370381	-2438.64
2427	0.380415	-2617.76
2428	0.372482	-2489.82
2429	0.368535	-2460.07
2430	0.375729	-2553.35
2431	0.376103	-2529.88
2432	0.375749	-2593.39
2433	0.37213	-2472.79
2434	0.378255	-2535.63
2435	0.380664	-2596.19
2436	0.373472	-2510.91
2437	0.378829	-2588.19
2438	0.374871	-2502.33
2439	0.380804	-2570.62
2440	0.37598	-2548.44
2441	0.363998	-2363.45
2442	0.365518	-2412.45
2443	0.38129	-2629.4
2444	0.380546	-2597.12
2445	0.372901	-2499.39
2446	0.371049	-2464.4
2447	0.364812	-2334.58
2448	0.36861	-2422.8
2449	0.371004	-2481.33
2450	0.377326	-2641.55
2451	0.368506	-2431.66
2452	0.373973	-2504.48
2453	0.372415	-2472.03
2454	0.373104	-2466.22
2455	0.376727	-2548.8
2456	0.374185	-2490.99
2457	0.372657	-2462.37
2458	0.35943	-2320.33
2459	0.370525	-2483.28
2460	0.369739	-2454.77
2461	0.3757	-2565.67
2462	0.375052	-2526.05
2463	0.373884	-2524.3
2464	0.372688	-2478.2
2465	0.373733	-2459.49
2466	0.374243	-2521.59
2467	0.374916	-2574.61
2468	0.373409	-2571.11
2469	0.373169	-2478.86
2470	0.372452	-2536.19
2471	0.37665	-2526.83
2472	0.378155	-2593.82
2473	0.377093	-2572.62
2474	0.377611	-2560.9
2475	0.375749	-2533.65
2476	0.376536	-2559
2477	0.372463	-2492.33
2478	0.377884	-2545.31
2479	0.366909	-2407.69
2480	0.364004	-2374.67
2481	0.371453	-2508.4
2482	0.382658	-2670.74
2483	0.368496	-2423.53
2484	0.375416	-2516.79
2485	0.371513	-2462.14
2486	0.375755	-2536.06
2487	0.369099	-2441.18
2488	0.371837	-2493.84
2489	0.37739	-2562.39
2490	0.367217	-2463.84
2491	0.376156	-2559.19
2492	0.373529	-2512.49
2493	0.370293	-2486.82
2494	0.371955	-2532
2495	0.380712	-2638.63
2496	0.381258	-2581.91
2497	0.37523	-2527.99
2498	0.378545	-2585.97
2499	0.364906	-2356.32
2500	0.372915	-2516.76
2501	0.374726	-2517.7
2502	0.36783	-2418.89
2503	0.376596	-2513.64
2504	0.377741	-2629.17
2505	0.365407	-2381.32
2506	0.377338	-2580.04
2507	0.372903	-2510.26
2508	0.384907	-2665.29
2509	0.381512	-2607
2510	0.372766	-2501.58
2511	0.37307	-2463.49
2512	0.36514	-2423.99
2513	0.370059	-2506.96
2514	0.371122	-2476.67
2515	0.374971	-2574.73
2516	0.377248	-2534.92
2517	0.37487	-2481.45
2518	0.374701	-2496.71
2519	0.376264	-2501.1
2520	0.374778	-2568.27
2521	0.369083	-2442.3
2522	0.380705	-2574.52
2523	0.369793	-2459.75
2524	0.370338	-2478.38
2525	0.373428	-2523.62
2526	0.377493	-2556.56
2527	0.372839	-2508.6
2528	0.377108	-2599.91
2529	0.378986	-2578.52
2530	0.377123	-2550.13
2531	0.373025	-2499.03
2532	0.376001	-2543.53
2533	0.369024	-2447.55
2534	0.372723	-2482.42
2535	0.374867	-2566.28
2536	0.379323	-2591.95
2537	0.384644	-2641.98
2538	0.374627	-2542.52
2539	0.371556	-2479.07
2540	0.375355	-2534.73
2541	0.365635	-2401.48
2542	0.381006	-2620.17
2543	0.381154	-2640.76
2544	0.38391	-2639.58
2545	0.371705	-2476.97
2546	0.370422	-2478.25
2547	0.376012	-2578.07
2548	0.374997	-2503.95
2549	0.378882	-2574.58
2550	0.368507	-2400.79
2551	0.376699	-2563.58
2552	0.374359	-2517.32
2553	0.36854	-2447.4
2554	0.374773	-2523.15
2555	0.384966	-2717.49
2556	0.374968	-2513.22
2557	0.379349	-2578.04
2558	0.370905	-2469.33
2559	0.381803	-2629.18
2560	0.372312	-2475.41
2561	0.380321	-2594.41
2562	0.373615	-2494.94
2563	0.37474	-2557.51
2564	0.376314	-2533.86
2565	0.376671	-2496.05
2566	0.370256	-2431.53
2567	0.375807	-2565.98
2568	0.375191	-2579.3
2569	0.379292	-2602.15
2570	0.368702	-2454.88
2571	0.369381	-2410
2572	0.37149	-2490.28
2573	0.37852	-2593.37
2574	0.380672	-2570.19
2575	0.370893	-2426.5
2576	0.373394	-2489.86
2577	0.370159	-2441.89
2578	0.371982	-2505.02
2579	0.372385	-2502.01
2580	0.384948	-2641.84
2581	0.377494	-2587.03
2582	0.383693	-2648.9
2583	0.373783	-2550.69
2584	0.376502	-2518.87
2585	0.368949	-2452.46
2586	0.372958	-2492.31
2587	0.362328	-2354.57
2588	0.377749	-2594.91
2589	0.373765	-2496.48
2590	0.373316	-2503
2591	0.375894	-2535.37
2592	0.367079	-2453.92
2593	0.372456	-2488.77
2594	0.377799	-2538.29
2595	0.378741	-2576.16
2596	0.373675	-2541.32
2597	0.373648	-2505.55
2598	0.369478	-2470.28
2599	0.372636	-2524.68
2600	0.368057	-2454.96
2601	0.377355	-2552.46
2602	0.377166	-2532.76
2603	0.365486	-2448.32
2604	0.374751	-2546.49
2605	0.374309	-2547.62
2606	0.368575	-2413.01
2607	0.370701	-2468.71
2608	0.369344	-2477.96
2609	0.373674	-2489.13
2610	0.364396	-2388.17
2611	0.371088	-2437.5
2612	0.371724	-2464.52
2613	0.375758	-2501.22
2614	0.381536	-2625.33
2615	0.3773	-2555.25
2616	0.378233	-2557.73
2617	0.370993	-2468.14
2618	0.378642	-2528.76
2619	0.365266	-2368.03
2620	0.369263	-2435.05
2621	0.37203	-2473.95
2622	0.370905	-2443.18
2623	0.368529	-2431.82
2624	0.375482	-2517.83
2625	0.376505	-2534.89
2626	0.363669	-2388.26
2627	0.378865	-2571.08
2628	0.37329	-2492.18
2629	0.379453	-2595.39
2630	0.378898	-2586.92
2631	0.368796	-2461.65
2632	0.368872	-2414.96
2633	0.37034	-2464.56
2634	0.371986	-2534.58
2635	0.375294	-2492.83
2636	0.371299	-2463.91
2637	0.375766	-2564.59
2638	0.376902	-2570.87
2639	0.367683	-2471.51
2640	0.382865	-2658.15
2641	0.371381	-2456.14
2642	0.378591	-2541.24
2643	0.367699	-2434.28
2644	0.380305	-2641.07
2645	0.373924	-2515.14
2646	0.377816	-2563.87
2647	0.370707	-2436.65
2648	0.373176	-2489.23
2649	0.3788	-2608.91
2650	0.373502	-2570.24
2651	0.375216	-2511.85
2652	0.371278	-2464.19
2653	0.374624	-2524.1
2654	0.370735	-2474.26
2655	0.381308	-2596.09
2656	0.377365	-2582.07
2657	0.372987	-2514.66
2658	0.369616	-2451.37
2659	0.382787	-2656.63
2660	0.368311	-2415.27
2661	0.369975	-2469
2662	0.369893	-2456.03
2663	0.377926	-2581.88
2664	0.378309	-2553.88
2665	0.377765	-2584.46
2666	0.362941	-2344.87
2667	0.371975	-2536.86
2668	0.374093	-2458.01
2669	0.378887	-2589.73
2670	0.373577	-2527.37
2671	0.3812	-2605.09
2672	0.376962	-2540.73
2673	0.369682	-2454.54
2674	0.376119	-2472.47
2675	0.367955	-2382.02
2676	0.374775	-2556.05
2677	0.379806	-2574.28
2678	0.374291	-2543.08
2679	0.36764	-2442.21
2680	0.377165	-2590.61
2681	0.367812	-2444.41
2682	0.365494	-2407.16
2683	0.377926	-2569.83
2684	0.36852	-2453.09
2685	0.375093	-2520.73
2686	0.371045	-2525.04
2687	0.38007	-2611.2
2688	0.365962	-2440.8
2689	0.374915	-2538.6
2690	0.366819	-2433.59
2691	0.367245	-2386.86
2692	0.378711	-2611.39
2693	0.375812	-2518.13
2694	0.371	-2500.74
2695	0.373505	-2499.04
2696	0.371659	-2523.71
2697	0.37913	-2625.89
2698	0.378115	-2591.51
2699	0.385849	-2647.84
2700	0.381351	-2637.51
2701	0.368674	-2425.86
2702	0.372365	-2492.9
2703	0.378812	-2539.69
2704	0.380312	-2598.41
2705	0.377659	-2587.1
2706	0.376169	-2546.02
2707	0.372393	-2484.97
2708	0.377298	-2547.78
2709	0.369555	-2462.67
2710	0.375103	-2544.33
2711	0.381069	-2638.99
2712	0.366243	-2380.17
2713	0.381382	-2606.52
2714	0.382087	-2605
2715	0.374177	-2516.15
2716	0.371825	-2468.34
2717	0.371196	-2459.94
2718	0.374729	-2501.35
2719	0.374642	-2479.66
2720	0.375656	-2515.08
2721	0.367915	-2422.78
2722	0.383005	-2633
2723	0.373609	-2504.69
2724	0.37014	-2453.98
2725	0.375484	-2560.44
2726	0.377	-2543.72
2727	0.373003	-2554.87
2728	0.371445	-2520.9
2729	0.368126	-2488.76
2730	0.375213	-2571.36
2731	0.369049	-2460.52
2732	0.370373	-2439.58
2733	0.373793	-2499.81
2734	0.37375	-2514.9
2735	0.38665	-2678.59
2736	0.372312	-2492.31
2737	0.365531	-2425.82
2738	0.376576	-2545.85
2739	0.370209	-2441.2
2740	0.376938	-2574.44
2741	0.377934	-2585.48
2742	0.376153	-2537.01
2743	0.38011	-2598.55
2744	0.368999	-2421.67
2745	0.380008	-2635.51
2746	0.369908	-2534.08
2747	0.377526	-2547.3
2748	0.374273	-2500.44
2749	0.382414	-2627.06
2750	0.370087	-2427.19
2751	0.370823	-2515.14
2752	0.378629	-2590.3
2753	0.373521	-2491.98
2754	0.366737	-2386.71
2755	0.374636	-2529.21
2756	0.37604	-2545.15
2757	0.37256	-2507.12
2758	0.366955	-2446.55
2759	0.375397	-2527.38
2760	0.36562	-2347.99
2761	0.382075	-2638.35
2762	0.370942	-2438.04
2763	0.370833	-2510.1
2764	0.375693	-2554.51
2765	0.371	-2468.21
2766	0.370617	-2462.65
2767	0.370663	-2483.82
2768	0.369275	-2438.08
2769	0.375289	-2537.36
2770	0.381011	-2610.97
2771	0.373822	-2496.39
2772	0.374617	-2532.89
2773	0.377053	-2549.37
2774	0.377793	-2536.63
2775	0.379391	-2598.67
2776	0.371331	-2487.38
2777	0.372013	-2497.52
2778	0.377132	-2558.31
2779	0.373336	-2535.9
2780	0.368403	-2475.63
2781	0.372152	-2508.02
2782	0.369288	-2430.69
2783	0.36765	-2443.91
2784	0.371453	-2428.01
2785	0.371117	-2477.32
2786	0.373023	-2483.94
2787	0.371788	-2475.9
2788	0.375264	-2526.76
2789	0.372227	-2460.03
2790	0.37895	-2535.47
2791	0.365742	-2404.02
2792	0.374462	-2459.01
2793	0.367161	-2376.67
2794	0.375053	-2523.79
2795	0.371618	-2459.1
2796	0.373876	-2521.96
2797	0.377451	-2588.96
2798	0.371752	-2451.73
2799	0.372349	-2504.4
2800	0.378536	-2540.76
2801	0.375576	-2546.36
2802	0.379311	-2560.62
2803	0.368255	-2465.38
2804	0.366374	-2366.58
2805	0.370896	-2474.61
2806	0.379314	-2592.88
2807	0.367482	-2456.46
2808	0.367774	-2468.76
2809	0.365062	-2407.72
2810	0.371969	-2500.09
2811	0.371868	-2522.62
2812	0.373849	-2560.97
2813	0.372463	-2480.39
2814	0.374384	-2493.24
2815	0.377686	-2568.23
2816	0.381834	-2598.01
2817	0.386058	-2711.24
2818	0.367321	-2397.15
2819	0.371289	-2458.17
2820	0.376138	-2512.43
2821	0.374651	-2516.65
2822	0.379472	-2616.44
2823	0.367201	-2413.02
2824	0.374272	-2506.14
2825	0.372828	-2528.06
2826	0.36712	-2451.63
2827	0.381344	-2583.39
2828	0.37558	-2550.43
2829	0.367289	-2435.31
2830	0.37843	-2574.49
2831	0.368393	-2407.4
2832	0.369896	-2411.74
2833	0.37095	-2435.19
2834	0.375975	-2537.67
2835	0.375673	-2516.08
2836	0.374926	-2499.13
2837	0.375227	-2532.54
2838	0.372944	-2532.61
2839	0.366073	-2404.91
2840	0.371605	-2494.94
2841	0.378577	-2569.86
2842	0.371855	-2474.09
2843	0.380001	-2602.77
2844	0.359722	-2299.17
2845	0.373083	-2484.43
2846	0.369288	-2481.75
2847	0.372521	-2544.52
2848	0.377385	-2554.57
2849	0.370053	-2438.65
2850	0.379402	-2615.56
2851	0.376562	-2538.28
2852	0.381682	-2621.96
2853	0.368907	-2452.19
2854	0.37826	-2581.19
2855	0.373855	-2485.2
2856	0.383147	-2652.74
2857	0.366329	-2372.28
2858	0.373115	-2530.63
2859	0.367624	-2423.23
2860	0.370317	-2485.63
2861	0.372353	-2484.49
2862	0.382311	-2619.5
2863	0.378305	-2534.82
2864	0.377777	-2612.8
2865	0.372598	-2474.16
2866	0.357947	-2297.33
2867	0.377115	-2563
2868	0.377006	-2522.99
2869	0.379862	-2574.76
2870	0.364693	-2388.23
2871	0.378877	-2578.01
2872	0.367988	-2431.71
2873	0.370581	-2483.45
2874	0.373963	-2516.34
2875	0.372156	-2490.52
2876	0.376333	-2546.04
2877	0.365774	-2393.73
2878	0.371626	-2457.57
2879	0.379381	-2574.37
2880	0.377763	-2578.5
2881	0.378601	-2623.84
2882	0.370066	-2441.57
2883	0.370937	-2459.67
2884	0.366167	-2428.18
2885	0.366058	-2426.85
2886	0.367718	-2443.37
2887	0.364503	-2374.93
2888	0.378543	-2583.38
2889	0.373347	-2497.96
2890	0.378891	-2554.92
2891	0.37723	-2585.6
2892	0.375027	-2529.43
2893	0.374386	-2542.21
2894	0.369661	-2448.06
2895	0.369725	-2448.71
2896	0.377717	-2541.19
2897	0.374125	-2523.6
2898	0.370873	-2459.88
2899	0.371488	-2494.71
2900	0.373462	-2504.89
2901	0.375575	-2552.32
2902	0.370668	-2448.78
2903	0.37808	-2546.06
2904	0.371045	-2441.41
2905	0.374251	-2565.59
2906	0.370082	-2426.59
2907	0.371128	-2472.43
2908	0.380845	-2639.7
2909	0.371023	-2489.24
2910	0.37519	-2564.51
2911	0.372615	-2459.87
2912	0.375388	-2511.83
2913	0.367556	-2420.1
2914	0.375812	-2558.39
2915	0.372717	-2539.16
2916	0.371227	-2454.24
2917	0.374229	-2542.2
2918	0.369277	-2443.19
2919	0.374982	-2528.94
2920	0.374313	-2512.77
2921	0.379302	-2621.23
2922	0.373179	-2518.19
2923	0.364007	-2420.37
2924	0.375532	-2509.36
2925	0.376961	-2550.71
2926	0.375768	-2490.33
2927	0.369054	-2429.56
2928	0.362745	-2368.81
2929	0.375159	-2502.41
2930	0.365255	-2434.32
2931	0.365943	-2398.15
2932	0.377537	-2569.04
2933	0.375869	-2522.37
2934	0.375118	-2530.28
2935	0.379362	-2610.97
2936	0.373139	-2477.27
2937	0.375478	-2558.3
2938	0.377429	-2573.31
2939	0.370701	-2501.84
2940	0.362355	-2400.6
2941	0.379688	-2602.05
2942	0.376664	-2535.96
2943	0.377872	-2570.94
2944	0.374205	-2516.24
2945	0.367599	-2458.84
2946	0.37015	-2469.19
2947	0.377269	-2578.92
2948	0.378774	-2606.28
2949	0.376936	-2520.73
2950	0.379265	-2618.39
2951	0.371281	-2494.11
2952	0.382516	-2654.04
2953	0.374843	-2518.85
2954	0.364448	-2348.4
2955	0.375695	-2539.41
2956	0.369048	-2448.26
2957	0.368131	-2432.19
2958	0.37476	-2447.26
2959	0.374016	-2560.51
2960	0.379634	-2602.45
2961	0.378157	-2557.76
2962	0.373169	-2506.63
2963	0.372883	-2504.26
2964	0.374781	-2519.86
2965	0.379674	-2589.81
2966	0.384277	-2645.81
2967	0.372657	-2546.24
2968	0.367832	-2418.49
2969	0.365452	-2441.4
2970	0.374748	-2559.79
2971	0.370824	-2457.95
2972	0.369888	-2462.05
2973	0.380496	-2640.13
2974	0.369038	-2493.08
2975	0.377596	-2537.93
2976	0.374719	-2526.97
2977	0.37537	-2494.65
2978	0.366568	-2414.85
2979	0.370346	-2455.63
2980	0.383916	-2647.28
2981	0.372538	-2500.75
2982	0.370745	-2507.19
2983	0.370765	-2484.45
2984	0.376181	-2527.83
2985	0.374932	-2520.38
2986	0.376017	-2533.74
2987	0.377069	-2559.03
2988	0.372625	-2544.07
2989	0.378533	-2590.92
2990	0.371649	-2527.12
2991	0.374489	-2515.1
2992	0.379445	-2616.36
2993	0.373591	-2518.79
2994	0.368968	-2486.33
2995	0.37831	-2525.63
2996	0.370827	-2470.38
2997	0.384444	-2637.02
2998	0.371369	-2465.65
2999	0.368188	-2421.85
