0	0.359116	-2332.75
1	0.367957	-2440.06
2	0.368731	-2468.75
3	0.370818	-2503.19
4	0.364785	-2361.27
5	0.369081	-2450.14
6	0.37256	-2511.38
7	0.373032	-2500.85
8	0.366673	-2401.11
9	0.374487	-2556.6
10	0.384577	-2687.63
11	0.37319	-2523.13
12	0.377572	-2574.12
13	0.383703	-2587.68
14	0.376059	-2550.18
15	0.373406	-2513.91
16	0.37365	-2512.52
17	0.368649	-2462.01
18	0.368877	-2432.43
19	0.373378	-2458.31
20	0.377173	-2520.79
21	0.367127	-2387.05
22	0.368318	-2437.4
23	0.368079	-2449.11
24	0.365418	-2400.86
25	0.369391	-2469.24
26	0.378138	-2547.7
27	0.36836	-2440.71
28	0.372053	-2497.54
29	0.371937	-2472.94
30	0.362719	-2340.09
31	0.381216	-2653.36
32	0.371315	-2493.99
33	0.362188	-2318.13
34	0.378221	-2549.61
35	0.373127	-2512.37
36	0.371111	-2465.72
37	0.377908	-2522.65
38	0.369936	-2473.18
39	0.373583	-2538.03
40	0.37303	-2508.58
41	0.37679	-2585.13
42	0.371227	-2441.9
43	0.381265	-2593.41
44	0.373008	-2505.27
45	0.365532	-2436.99
46	0.376403	-2574
47	0.370502	-2445.26
48	0.371375	-2504.73
49	0.369281	-2427.47
50	0.373584	-2521.28
51	0.37421	-2518.25
52	0.370005	-2462.56
53	0.367381	-2433.01
54	0.371404	-2488.54
55	0.374171	-2554.84
56	0.382859	-2639.62
57	0.372436	-2527.27
58	0.371387	-2499.94
59	0.37443	-2470.11
60	0.370483	-2482.37
61	0.369046	-2447.1
62	0.371028	-2480.59
63	0.379946	-2621.97
64	0.367301	-2428.71
65	0.368357	-2464.66
66	0.378529	-2572.04
67	0.377891	-2534.4
68	0.36376	-2418.13
69	0.377821	-2569.15
70	0.373696	-2550.15
71	0.373062	-2530.35
72	0.37715	-2559.51
73	0.368378	-2459.27
74	0.372787	-2461.87
75	0.376091	-2520.36
76	0.373459	-2512.52
77	0.378787	-2610.9
78	0.3738	-2534.71
79	0.373139	-2527.97
80	0.371342	-2451.88
81	0.378166	-2563.44
82	0.378592	-2588.26
83	0.363296	-2408.77
84	0.365873	-2404.7
85	0.361519	-2339.17
86	0.364953	-2418.81
87	0.375842	-2538.1
88	0.373891	-2469.32
89	0.379043	-2578.5
90	0.366054	-2385.64
91	0.369182	-2396.24
92	0.37031	-2445.11
93	0.375846	-2547.77
94	0.371597	-2516.72
95	0.368587	-2449.3
96	0.368828	-2457.19
97	0.36978	-2478.67
98	0.367596	-2434.89
99	0.366512	-2420.79
100	0.373943	-2493.76
101	0.363057	-2347.97
102	0.384163	-2633.16
103	0.376471	-2576.34
104	0.363637	-2394.3
105	0.362544	-2383.77
106	0.37114	-2496.89
107	0.373	-2490.75
108	0.368222	-2465.79
109	0.380899	-2621.47
110	0.366269	-2439.06
111	0.376702	-2554.18
112	0.369966	-2417.6
113	0.360471	-2302.01
114	0.375087	-2495.52
115	0.372162	-2527.78
116	0.370974	-2467.78
117	0.377563	-2568.8
118	0.368671	-2418.98
119	0.364003	-2387.83
120	0.366175	-2397.57
121	0.375883	-2568.13
122	0.364642	-2443.94
123	0.36302	-2384.98
124	0.370338	-2506.86
125	0.366222	-2394.07
126	0.370225	-2476.11
127	0.365095	-2402.98
128	0.365065	-2389.96
129	0.367442	-2365.63
130	0.370434	-2461.24
131	0.373428	-2497.53
132	0.369585	-2498.35
133	0.375207	-2534.44
134	0.364439	-2393.76
135	0.368407	-2432.94
136	0.371133	-2496.33
137	0.372769	-2551.81
138	0.368701	-2444.99
139	0.372701	-2501.99
140	0.368356	-2442.28
141	0.373815	-2494.45
142	0.373018	-2443.07
143	0.373494	-2484.99
144	0.374047	-2549.67
145	0.371117	-2505.73
146	0.373363	-2521.09
147	0.373721	-2537.87
148	0.377192	-2520.03
149	0.373009	-2463.85
150	0.379969	-2559.44
151	0.36725	-2416.15
152	0.376975	-2548.69
153	0.373563	-2515.99
154	0.364606	-2387.78
155	0.367811	-2463.43
156	0.3686	-2441.32
157	0.366405	-2389.63
158	0.375152	-2502.59
159	0.366693	-2388.52
160	0.366868	-2376.81
161	0.370479	-2410.51
162	0.377866	-2570.39
163	0.37274	-2478.09
164	0.366735	-2385.89
165	0.373581	-2511.19
166	0.371673	-2515.6
167	0.373461	-2449.67
168	0.380155	-2611.04
169	0.371156	-2470.74
170	0.360631	-2404.89
171	0.377082	-2578.6
172	0.36705	-2429.08
173	0.369222	-2460.42
174	0.374544	-2523.49
175	0.363714	-2352.6
176	0.373186	-2511.22
177	0.368278	-2462.88
178	0.36932	-2455.74
179	0.374258	-2473.44
180	0.379001	-2570.93
181	0.37407	-2481.13
182	0.361258	-2356.71
183	0.372572	-2496.69
184	0.367594	-2443.57
185	0.379318	-2614.64
186	0.378413	-2536.04
187	0.371211	-2438.76
188	0.365279	-2381.33
189	0.365155	-2401.99
190	0.375756	-2518.68
191	0.37038	-2515.94
192	0.369492	-2465.44
193	0.376817	-2552.64
194	0.37565	-2536.11
195	0.372354	-2499.81
196	0.37094	-2477.48
197	0.369996	-2437.22
198	0.376123	-2569.06
199	0.373164	-2507.37
200	0.367015	-2428.78
201	0.379065	-2575.55
202	0.375104	-2549.64
203	0.369066	-2463.88
204	0.368616	-2408.9
205	0.371508	-2483.68
206	0.371106	-2427.91
207	0.379875	-2596.84
208	0.374751	-2486.2
209	0.367631	-2422.24
210	0.372462	-2487.24
211	0.360581	-2355.57
212	0.367941	-2424.4
213	0.37388	-2494.51
214	0.375536	-2478.83
215	0.368546	-2441.91
216	0.369262	-2462.22
217	0.37292	-2511.58
218	0.369323	-2440.07
219	0.363625	-2394
220	0.363372	-2408.68
221	0.3731	-2487.91
222	0.376484	-2534.26
223	0.369976	-2463.4
224	0.368091	-2457.03
225	0.370565	-2484.23
226	0.370235	-2447.58
227	0.366734	-2403.39
228	0.372275	-2471.9
229	0.363767	-2374.02
230	0.373562	-2479.41
231	0.367893	-2429.58
232	0.379296	-2589.86
233	0.367906	-2455.87
234	0.36885	-2432.41
235	0.366511	-2429.34
236	0.37166	-2467.84
237	0.375992	-2519.54
238	0.357645	-2285.24
239	0.374172	-2519.58
240	0.377035	-2569.82
241	0.367605	-2450.55
242	0.362064	-2301.24
243	0.373419	-2499.96
244	0.374033	-2522.39
245	0.373567	-2539.94
246	0.371634	-2542.08
247	0.359476	-2275.75
248	0.367724	-2432.16
249	0.370945	-2470.17
250	0.358063	-2321.15
251	0.366014	-2432.58
252	0.369942	-2454.42
253	0.370735	-2476.09
254	0.369351	-2414.79
255	0.369887	-2439
256	0.371949	-2463.96
257	0.375991	-2563.11
258	0.372096	-2481.58
259	0.370645	-2450.76
260	0.369437	-2471.37
261	0.370181	-2467.72
262	0.376596	-2583.52
263	0.376442	-2562.34
264	0.376008	-2536.02
265	0.364162	-2420.57
266	0.381392	-2608.1
267	0.370029	-2477.86
268	0.376997	-2529.28
269	0.368733	-2507.87
270	0.369053	-2396.11
271	0.374796	-2539.78
272	0.366863	-2445.41
273	0.374387	-2510.44
274	0.373399	-2496.75
275	0.384544	-2677.77
276	0.368356	-2364.58
277	0.369956	-2480.88
278	0.367334	-2458.38
279	0.371817	-2483.24
280	0.376496	-2545.83
281	0.368138	-2437.05
282	0.379602	-2616.78
283	0.379463	-2608.06
284	0.382659	-2593.16
285	0.376082	-2516.09
286	0.376739	-2507.38
287	0.370892	-2483.98
288	0.3781	-2569.78
289	0.375233	-2516.85
290	0.368407	-2422.69
291	0.376302	-2577.64
292	0.370829	-2456.16
293	0.368831	-2480.5
294	0.364964	-2367.68
295	0.374282	-2497.36
296	0.374746	-2529.52
297	0.365198	-2411.29
298	0.370224	-2518.09
299	0.369415	-2449.87
300	0.375774	-2516.74
301	0.373144	-2521.88
302	0.371558	-2493.58
303	0.371386	-2514
304	0.372991	-2513.22
305	0.369047	-2429.5
306	0.372675	-2506.7
307	0.369291	-2498.19
308	0.37231	-2492.78
309	0.370384	-2501.97
310	0.368487	-2456.84
311	0.374609	-2499.57
312	0.37061	-2395.12
313	0.368184	-2447.56
314	0.381593	-2638.64
315	0.36559	-2421.29
316	0.371856	-2423.16
317	0.386159	-2664.63
318	0.374574	-2532.82
319	0.371814	-2474.22
320	0.372429	-2491.98
321	0.362211	-2347.58
322	0.379738	-2561.51
323	0.372877	-2514.35
324	0.371866	-2483.59
325	0.367752	-2440.19
326	0.371274	-2528.71
327	0.376425	-2577.08
328	0.372783	-2506.6
329	0.374707	-2522.28
330	0.369544	-2470.82
331	0.378432	-2596.63
332	0.368745	-2453.57
333	0.375978	-2589.65
334	0.378614	-2609.05
335	0.377438	-2550.43
336	0.368429	-2438.16
337	0.376124	-2508.77
338	0.380628	-2582.12
339	0.365457	-2427.01
340	0.369742	-2434.12
341	0.373395	-2467.77
342	0.378679	-2613.47
343	0.37239	-2454.59
344	0.375019	-2559.25
345	0.367793	-2442.64
346	0.367094	-2454.5
347	0.37099	-2439.44
348	0.371419	-2480.55
349	0.373232	-2525.65
350	0.373414	-2500.17
351	0.369056	-2418.31
352	0.372866	-2507.15
353	0.37034	-2460.17
354	0.381665	-2612.31
355	0.368905	-2402.04
356	0.380373	-2607.96
357	0.369948	-2459.81
358	0.36716	-2398.42
359	0.368443	-2448.02
360	0.378888	-2600.99
361	0.364401	-2371.96
362	0.377856	-2562.4
363	0.374595	-2520.41
364	0.378788	-2570.61
365	0.367158	-2444.21
366	0.370928	-2478.83
367	0.374436	-2485.79
368	0.362786	-2361.77
369	0.364627	-2400.88
370	0.369027	-2488.48
371	0.356853	-2297.82
372	0.372977	-2494.75
373	0.365582	-2408.48
374	0.371465	-2457.71
375	0.373479	-2485.47
376	0.369776	-2452.74
377	0.377879	-2552.47
378	0.370587	-2489.68
379	0.374091	-2530.01
380	0.365244	-2373.69
381	0.376583	-2553.43
382	0.376412	-2568.45
383	0.373681	-2520.01
384	0.368478	-2444.83
385	0.369225	-2462.28
386	0.381665	-2640.18
387	0.374859	-2535.47
388	0.375829	-2565.9
389	0.376262	-2526.38
390	0.369369	-2455.27
391	0.370149	-2467.41
392	0.371528	-2480.51
393	0.359775	-2316.96
394	0.36989	-2477.52
395	0.375313	-2510.44
396	0.363516	-2359.08
397	0.372453	-2507.58
398	0.379349	-2580.73
399	0.36569	-2402.4
400	0.368624	-2451.75
401	0.370599	-2424.09
402	0.370303	-2461.03
403	0.362991	-2410.14
404	0.372725	-2516.66
405	0.364116	-2405.45
406	0.367201	-2436.08
407	0.365674	-2355.15
408	0.380368	-2601.35
409	0.369106	-2433.34
410	0.370302	-2507.41
411	0.371963	-2492.72
412	0.369747	-2426.45
413	0.370009	-2470.09
414	0.372881	-2517.74
415	0.371916	-2467.12
416	0.368293	-2415.27
417	0.372269	-2501.23
418	0.376132	-2568.86
419	0.377852	-2619.62
420	0.368695	-2464.39
421	0.376773	-2545.97
422	0.370498	-2457.76
423	0.373784	-2545.96
424	0.374797	-2505.81
425	0.375015	-2509.87
426	0.380082	-2610.4
427	0.375514	-2541.02
428	0.380029	-2589.63
429	0.369765	-2430.31
430	0.372808	-2496.89
431	0.374568	-2486.29
432	0.38307	-2580.59
433	0.374922	-2507.74
434	0.373019	-2546.83
435	0.367684	-2403.79
436	0.370271	-2505.93
437	0.366584	-2407.97
438	0.369183	-2499.89
439	0.372944	-2502.72
440	0.380184	-2574.56
441	0.377389	-2544.22
442	0.365386	-2414.62
443	0.368963	-2497.4
444	0.373198	-2493.96
445	0.370202	-2446.28
446	0.37967	-2581.64
447	0.365917	-2385.31
448	0.371624	-2458.12
449	0.371069	-2465.47
450	0.375034	-2520.25
451	0.372107	-2451.04
452	0.369387	-2443.58
453	0.373781	-2505.92
454	0.376966	-2530.36
455	0.375791	-2522.33
456	0.371212	-2468.18
457	0.371105	-2457.46
458	0.370208	-2474.94
459	0.369951	-2470.91
460	0.369956	-2480.45
461	0.370959	-2481.6
462	0.370968	-2481.06
463	0.370289	-2391.92
464	0.370002	-2491.63
465	0.373723	-2535.73
466	0.376544	-2555.58
467	0.379886	-2589.48
468	0.37661	-2584.7
469	0.35581	-2253.37
470	0.37038	-2483.25
471	0.368872	-2428.66
472	0.374622	-2549.18
473	0.36836	-2475.17
474	0.370541	-2467.3
475	0.370164	-2471.47
476	0.365832	-2429.61
477	0.373139	-2498.84
478	0.375802	-2563.78
479	0.372966	-2513.91
480	0.371349	-2454.13
481	0.370499	-2489.06
482	0.366864	-2413.41
483	0.372929	-2488.98
484	0.373164	-2524.64
485	0.376476	-2567.9
486	0.369893	-2426.76
487	0.377068	-2562.68
488	0.363861	-2375.14
489	0.36661	-2406.31
490	0.367046	-2422.11
491	0.3749	-2516.36
492	0.374193	-2487.26
493	0.366119	-2383.67
494	0.373308	-2513.57
495	0.376781	-2532.9
496	0.371142	-2513.37
497	0.371117	-2451.93
498	0.370941	-2474.9
499	0.368505	-2471.43
500	0.365701	-2404.65
501	0.366456	-2392.13
502	0.365944	-2382.28
503	0.373731	-2525.22
504	0.365929	-2399.67
505	0.372286	-2486.94
506	0.369684	-2427.25
507	0.374836	-2550.82
508	0.371681	-2469.33
509	0.373946	-2535.32
510	0.373433	-2496.88
511	0.371103	-2503.96
512	0.371632	-2449.71
513	0.375315	-2541.58
514	0.371424	-2434.67
515	0.378048	-2614.12
516	0.365986	-2397.7
517	0.374214	-2507.48
518	0.377973	-2587.06
519	0.369622	-2465.01
520	0.366889	-2426.81
521	0.371042	-2490.48
522	0.374109	-2562.47
523	0.377087	-2534.02
524	0.381667	-2676.54
525	0.368531	-2449.99
526	0.376141	-2518.64
527	0.378242	-2578.63
528	0.371474	-2492.45
529	0.370856	-2441.06
530	0.366277	-2461.44
531	0.379456	-2579.23
532	0.37505	-2519.24
533	0.36665	-2386.18
534	0.374231	-2506.97
535	0.366374	-2428.91
536	0.372843	-2504.93
537	0.365642	-2381.78
538	0.362517	-2343.09
539	0.36909	-2421.92
540	0.372574	-2514.21
541	0.373384	-2490.44
542	0.368802	-2453.57
543	0.364257	-2340.69
544	0.366263	-2452.76
545	0.37156	-2456.3
546	0.36815	-2459.53
547	0.379259	-2588.56
548	0.374868	-2570.83
549	0.370752	-2478.56
550	0.366075	-2421.26
551	0.364654	-2355.86
552	0.379051	-2582.59
553	0.367901	-2417.32
554	0.364691	-2362.03
555	0.371504	-2475.37
556	0.373457	-2451.28
557	0.37103	-2464.22
558	0.365632	-2375.54
559	0.371765	-2475.85
560	0.380554	-2582.76
561	0.373369	-2555.2
562	0.37116	-2507.33
563	0.366448	-2426.7
564	0.362931	-2325.78
565	0.366999	-2429.57
566	0.369876	-2475.41
567	0.372169	-2517.86
568	0.365476	-2420.27
569	0.369465	-2477.96
570	0.371763	-2498.2
571	0.367147	-2428.76
572	0.371444	-2427.89
573	0.369936	-2481.83
574	0.36925	-2456.24
575	0.376962	-2550.44
576	0.36447	-2388.27
577	0.37401	-2510.3
578	0.372304	-2481.29
579	0.372081	-2519.16
580	0.372344	-2493.1
581	0.376344	-2577.39
582	0.377907	-2538.93
583	0.377786	-2584.63
584	0.365742	-2397.13
585	0.377603	-2587.3
586	0.369781	-2466.86
587	0.371832	-2463.12
588	0.363357	-2382.76
589	0.36732	-2411.94
590	0.378959	-2591.74
591	0.374837	-2542.27
592	0.383705	-2634.58
593	0.371166	-2473.24
594	0.374631	-2524.15
595	0.365917	-2405.52
596	0.377131	-2589.28
597	0.372962	-2512.84
598	0.373275	-2528.47
599	0.374421	-2507.94
600	0.372142	-2473.92
601	0.368791	-2434.34
602	0.374731	-2538.26
603	0.374504	-2535.8
604	0.37811	-2517.66
605	0.369841	-2482.17
606	0.375533	-2520.93
607	0.370087	-2512.09
608	0.372594	-2486.72
609	0.373421	-2496.53
610	0.372208	-2514.7
611	0.367772	-2424.33
612	0.380593	-2562.36
613	0.372513	-2501.92
614	0.371073	-2461.08
615	0.366658	-2408.22
616	0.365292	-2350.96
617	0.364841	-2425.18
618	0.37572	-2567.5
619	0.369031	-2439.08
620	0.379749	-2610.48
621	0.371499	-2497.18
622	0.369928	-2450.15
623	0.37537	-2532.2
624	0.377109	-2512.88
625	0.374398	-2533.65
626	0.373263	-2527.96
627	0.364123	-2414.73
628	0.372563	-2509.7
629	0.370072	-2467.2
630	0.378368	-2607.33
631	0.367619	-2413.54
632	0.363038	-2361.06
633	0.374038	-2497.68
634	0.369509	-2438.12
635	0.373678	-2517.2
636	0.370262	-2458.4
637	0.365608	-2410.48
638	0.374057	-2545.37
639	0.36842	-2459.08
640	0.370168	-2487.42
641	0.376781	-2579.49
642	0.377622	-2590.56
643	0.368044	-2427.06
644	0.383795	-2654.79
645	0.369551	-2421.22
646	0.36806	-2433.43
647	0.372831	-2531.44
648	0.372301	-2500.88
649	0.378242	-2535.33
650	0.36459	-2410.34
651	0.361622	-2366.48
652	0.374532	-2505.54
653	0.372041	-2471.28
654	0.372221	-2512.48
655	0.373055	-2497.94
656	0.370366	-2430.89
657	0.367033	-2440.35
658	0.37358	-2529.64
659	0.377601	-2552.18
660	0.369466	-2480.65
661	0.370657	-2503.96
662	0.364384	-2373.46
663	0.357804	-2306.98
664	0.375307	-2523.14
665	0.37671	-2559.18
666	0.373986	-2451.77
667	0.372215	-2503.64
668	0.370131	-2459.76
669	0.375783	-2535.43
670	0.375363	-2576.57
671	0.372333	-2531.56
672	0.372908	-2498.34
673	0.372871	-2532.21
674	0.364523	-2401.08
675	0.3729	-2500.75
676	0.370837	-2476.25
677	0.368492	-2420.38
678	0.374583	-2446.77
679	0.373209	-2502.9
680	0.366174	-2411.4
681	0.376756	-2513.65
682	0.36637	-2392.23
683	0.373878	-2512.91
684	0.375503	-2552.04
685	0.374419	-2542.47
686	0.369039	-2357.44
687	0.376054	-2583.05
688	0.366376	-2412.43
689	0.376185	-2539.58
690	0.367697	-2404.87
691	0.377321	-2588.77
692	0.372603	-2524.31
693	0.370124	-2489.27
694	0.371818	-2478.38
695	0.375706	-2541.63
696	0.36773	-2449.41
697	0.373473	-2498.22
698	0.372156	-2477.39
699	0.370397	-2489.63
700	0.367726	-2475.05
701	0.367484	-2447.16
702	0.370474	-2454.91
703	0.377823	-2586.55
704	0.371541	-2481.13
705	0.367577	-2412.32
706	0.37145	-2476.85
707	0.37134	-2443.57
708	0.373442	-2495.57
709	0.368984	-2442.72
710	0.374206	-2502.23
711	0.3657	-2392.77
712	0.375409	-2534.1
713	0.378437	-2524.32
714	0.374945	-2552.2
715	0.366651	-2418.84
716	0.370328	-2467.62
717	0.36768	-2407.73
718	0.379728	-2546.4
719	0.372953	-2520.04
720	0.367127	-2428.44
721	0.371886	-2492.49
722	0.371074	-2491.27
723	0.375362	-2535.2
724	0.369472	-2484.91
725	0.367975	-2395.4
726	0.374446	-2525.16
727	0.373951	-2516.6
728	0.373311	-2513.46
729	0.368946	-2469.51
730	0.374565	-2507.98
731	0.369715	-2447.25
732	0.373194	-2534.39
733	0.37905	-2569.04
734	0.376803	-2592.25
735	0.366796	-2431.1
736	0.368901	-2431.38
737	0.371011	-2458.14
738	0.373824	-2501.85
739	0.375548	-2519.68
740	0.376375	-2536.71
741	0.375241	-2486.54
742	0.371239	-2478.03
743	0.365674	-2415.48
744	0.371509	-2475.83
745	0.371032	-2493.8
746	0.370355	-2511.42
747	0.374344	-2552.67
748	0.368498	-2413.09
749	0.368803	-2400.67
750	0.372944	-2472.19
751	0.365559	-2377.9
752	0.367972	-2404.58
753	0.379991	-2584.65
754	0.373858	-2529.68
755	0.367151	-2425.39
756	0.369429	-2492.17
757	0.375282	-2497.26
758	0.37203	-2485.42
759	0.367888	-2422.7
760	0.38146	-2638.96
761	0.364849	-2380.13
762	0.364796	-2433.61
763	0.374807	-2507.84
764	0.377689	-2579.22
765	0.363948	-2373.51
766	0.373006	-2524.81
767	0.367772	-2428.86
768	0.373617	-2510.38
769	0.372215	-2492.68
770	0.376766	-2520.6
771	0.378357	-2586.39
772	0.367445	-2404.94
773	0.373398	-2514.32
774	0.367642	-2410.43
775	0.377151	-2554.03
776	0.366083	-2409.67
777	0.37286	-2489.85
778	0.377565	-2555.18
779	0.369122	-2426.78
780	0.372643	-2485.62
781	0.378153	-2595.2
782	0.366305	-2406.48
783	0.373802	-2533.04
784	0.371838	-2463.15
785	0.368516	-2433.05
786	0.37646	-2519.61
787	0.372875	-2501.41
788	0.372746	-2494.76
789	0.355308	-2229.53
790	0.365334	-2371.37
791	0.375228	-2527.49
792	0.369288	-2474.92
793	0.369522	-2485.04
794	0.366011	-2385.32
795	0.367652	-2438.81
796	0.371775	-2501.3
797	0.366986	-2418.54
798	0.372469	-2489.41
799	0.367188	-2388.23
800	0.371267	-2483.25
801	0.377613	-2572.26
802	0.373893	-2537.23
803	0.375856	-2555.44
804	0.377157	-2551.4
805	0.369577	-2473.2
806	0.362504	-2347.46
807	0.369962	-2451.59
808	0.382512	-2638.36
809	0.370115	-2484.01
810	0.371323	-2477.54
811	0.369185	-2461.54
812	0.372637	-2469.44
813	0.368938	-2463.74
814	0.371714	-2462.03
815	0.368099	-2434.73
816	0.374695	-2517.2
817	0.370828	-2485.13
818	0.380955	-2569.77
819	0.377875	-2536.87
820	0.374222	-2530.72
821	0.36845	-2417.05
822	0.366747	-2419.08
823	0.365168	-2429.11
824	0.359676	-2333.76
825	0.368429	-2446.96
826	0.376385	-2603.18
827	0.382062	-2594.4
828	0.376909	-2549.98
829	0.366644	-2430.42
830	0.367247	-2443.55
831	0.364038	-2377.35
832	0.369518	-2461.09
833	0.372087	-2494.15
834	0.369621	-2475.56
835	0.370209	-2483.14
836	0.364114	-2402.82
837	0.369996	-2465.96
838	0.370101	-2471.87
839	0.371679	-2499.18
840	0.366893	-2439.3
841	0.36336	-2366.75
842	0.370914	-2465.98
843	0.374152	-2505.89
844	0.35837	-2365.88
845	0.368317	-2472.72
846	0.35948	-2345.98
847	0.373981	-2480.37
848	0.373625	-2517.09
849	0.377044	-2553.21
850	0.380088	-2584.93
851	0.370498	-2471.66
852	0.379336	-2621.31
853	0.374218	-2513.81
854	0.371501	-2495.25
855	0.368913	-2428.98
856	0.377755	-2586.38
857	0.366487	-2401.56
858	0.373264	-2508.9
859	0.371664	-2476.88
860	0.36858	-2450.88
861	0.373397	-2532.78
862	0.373397	-2558.63
863	0.366427	-2393.88
864	0.362371	-2406.87
865	0.376824	-2557.94
866	0.365183	-2393.7
867	0.370273	-2443.52
868	0.366874	-2437.8
869	0.374088	-2527.49
870	0.375374	-2538.08
871	0.365696	-2431.11
872	0.36766	-2429.49
873	0.363408	-2357.76
874	0.368469	-2466.04
875	0.37243	-2560.41
876	0.370297	-2463.35
877	0.372174	-2443.7
878	0.375907	-2530.77
879	0.363813	-2421.44
880	0.373544	-2481.29
881	0.37771	-2571.98
882	0.380215	-2558.08
883	0.371609	-2484.33
884	0.379291	-2581.98
885	0.374232	-2506.73
886	0.376903	-2572.02
887	0.36458	-2379.4
888	0.377633	-2569.07
889	0.380845	-2585.56
890	0.367779	-2420.82
891	0.368151	-2427.8
892	0.369801	-2472.25
893	0.370116	-2473.75
894	0.362935	-2376.15
895	0.366396	-2415.49
896	0.372191	-2487.32
897	0.368347	-2367.13
898	0.38003	-2553.59
899	0.373127	-2504.8
900	0.380767	-2566.69
901	0.370939	-2468.46
902	0.372928	-2473.61
903	0.365784	-2407.71
904	0.38008	-2582.34
905	0.370888	-2502.96
906	0.366778	-2415.55
907	0.37339	-2485.72
908	0.373297	-2506.95
909	0.365504	-2355.63
910	0.369096	-2476.89
911	0.368333	-2446.01
912	0.370353	-2458.24
913	0.366369	-2402.04
914	0.364185	-2368.63
915	0.373098	-2508.79
916	0.375939	-2551.65
917	0.376447	-2500.44
918	0.370043	-2459.75
919	0.364614	-2373.22
920	0.36553	-2376.86
921	0.37432	-2507.16
922	0.37653	-2563.27
923	0.375939	-2552.2
924	0.378061	-2592.56
925	0.372606	-2485.32
926	0.383299	-2604.42
927	0.37468	-2491.44
928	0.372459	-2454.65
929	0.379904	-2558.99
930	0.378244	-2515.75
931	0.376403	-2532.94
932	0.377151	-2534.97
933	0.36734	-2417.82
934	0.37357	-2490.65
935	0.372391	-2495.37
936	0.361724	-2349.62
937	0.367228	-2436.89
938	0.371344	-2440.98
939	0.364385	-2397.51
940	0.382238	-2632.11
941	0.366703	-2433.28
942	0.379939	-2654.86
943	0.372201	-2464.56
944	0.380483	-2588.53
945	0.373772	-2529.5
946	0.373379	-2509.53
947	0.367045	-2409.15
948	0.376014	-2546.12
949	0.367095	-2455.99
950	0.371192	-2491.68
951	0.370068	-2496.8
952	0.370954	-2471.05
953	0.370532	-2453.92
954	0.37779	-2623.76
955	0.375894	-2544.25
956	0.372934	-2490.15
957	0.380772	-2578.48
958	0.368899	-2439.09
959	0.369253	-2476.61
960	0.371798	-2500.22
961	0.363572	-2371.11
962	0.371744	-2529.23
963	0.370846	-2444.27
964	0.369386	-2501.69
965	0.379855	-2605.48
966	0.375274	-2550.21
967	0.369366	-2428.22
968	0.377239	-2530.48
969	0.369233	-2432.99
970	0.367428	-2406.41
971	0.374215	-2525.6
972	0.366476	-2416.28
973	0.370451	-2483.48
974	0.373207	-2476.2
975	0.372993	-2493.52
976	0.373446	-2524.75
977	0.368462	-2466.1
978	0.370871	-2508.61
979	0.370324	-2470.62
980	0.367044	-2437.85
981	0.370355	-2450.95
982	0.368903	-2484.87
983	0.379372	-2547.07
984	0.367342	-2422.75
985	0.373775	-2529.74
986	0.368205	-2425.26
987	0.366882	-2448.5
988	0.371851	-2471.49
989	0.370553	-2448.69
990	0.375834	-2542.33
991	0.370793	-2524.26
992	0.365813	-2440.77
993	0.371129	-2498.84
994	0.377284	-2522.93
995	0.363209	-2393.37
996	0.36451	-2382.78
997	0.365009	-2397.42
998	0.371425	-2464.83
999	0.364222	-2424.78
1000	0.367607	-2430.73
1001	0.373902	-2496.82
1002	0.379732	-2583.77
1003	0.369926	-2470.16
1004	0.368364	-2442.16
1005	0.376841	-2560.94
1006	0.377325	-2581.68
1007	0.378927	-2553.14
1008	0.373538	-2523.45
1009	0.369444	-2453.73
1010	0.374181	-2522.14
1011	0.371971	-2472.6
1012	0.372314	-2468.6
1013	0.365992	-2449.33
1014	0.375863	-2579.32
1015	0.369166	-2494.38
1016	0.376063	-2530.81
1017	0.355628	-2274.68
1018	0.371791	-2525.13
1019	0.375449	-2524.1
1020	0.367374	-2382.87
1021	0.366903	-2408.71
1022	0.364984	-2376.25
1023	0.369634	-2479.01
1024	0.368147	-2391.47
1025	0.377221	-2542.07
1026	0.35995	-2309.25
1027	0.36567	-2393.12
1028	0.362969	-2359.87
1029	0.372896	-2525.53
1030	0.375451	-2510.39
1031	0.362089	-2372.61
1032	0.373696	-2508.44
1033	0.377508	-2546.64
1034	0.37192	-2475.07
1035	0.362553	-2362.24
1036	0.364081	-2373.29
1037	0.378391	-2526.81
1038	0.367407	-2499.56
1039	0.368669	-2481.63
1040	0.372936	-2483.45
1041	0.369023	-2463.41
1042	0.377516	-2571.57
1043	0.359693	-2312.67
1044	0.367105	-2425.75
1045	0.369449	-2428.16
1046	0.373167	-2480.48
1047	0.37199	-2486.83
1048	0.371343	-2458.25
1049	0.372069	-2464.48
1050	0.37767	-2573.95
1051	0.364295	-2380.2
1052	0.367372	-2437.14
1053	0.374864	-2531.7
1054	0.372637	-2509.01
1055	0.373986	-2511.6
1056	0.370237	-2461.51
1057	0.369067	-2462.57
1058	0.373418	-2458.37
1059	0.374717	-2565.49
1060	0.363452	-2350.37
1061	0.374095	-2514.21
1062	0.371135	-2474.58
1063	0.369419	-2428.83
1064	0.377596	-2561.99
1065	0.367856	-2426.35
1066	0.370207	-2478.59
1067	0.375659	-2557.42
1068	0.372854	-2493.63
1069	0.370095	-2435.85
1070	0.367226	-2435.33
1071	0.373666	-2523.7
1072	0.360423	-2315.89
1073	0.359239	-2296.99
1074	0.367178	-2389.43
1075	0.365343	-2375.06
1076	0.369873	-2454.38
1077	0.370202	-2461.48
1078	0.365707	-2416.27
1079	0.374216	-2501.06
1080	0.375962	-2560.06
1081	0.375721	-2550.47
1082	0.368795	-2435.52
1083	0.367728	-2441.36
1084	0.372746	-2509.85
1085	0.37417	-2519.93
1086	0.371908	-2468.9
1087	0.369274	-2464.69
1088	0.371735	-2481.2
1089	0.37028	-2460.24
1090	0.368213	-2443.85
1091	0.378656	-2608.47
1092	0.36993	-2445.2
1093	0.369318	-2488.4
1094	0.373032	-2470.81
1095	0.375105	-2574.54
1096	0.376903	-2551.25
1097	0.368457	-2451.01
1098	0.374767	-2557.64
1099	0.368659	-2413.25
1100	0.372583	-2526.92
1101	0.370317	-2477.7
1102	0.367161	-2458.61
1103	0.36714	-2421.91
1104	0.372901	-2511.73
1105	0.367155	-2431.53
1106	0.37518	-2520.8
1107	0.370695	-2486.84
1108	0.371996	-2514.66
1109	0.37187	-2513.65
1110	0.369304	-2475.35
1111	0.376328	-2560.84
1112	0.367078	-2427.22
1113	0.378804	-2569.82
1114	0.369027	-2434.12
1115	0.372903	-2515.44
1116	0.370102	-2435.1
1117	0.37525	-2498.24
1118	0.375622	-2523.5
1119	0.37627	-2593.24
1120	0.367982	-2451.48
1121	0.369028	-2447.74
1122	0.37371	-2501.72
1123	0.364128	-2376.69
1124	0.370381	-2522.92
1125	0.366146	-2444.52
1126	0.384704	-2647.77
1127	0.371473	-2440.59
1128	0.382827	-2580.52
1129	0.370544	-2491.82
1130	0.369927	-2467.9
1131	0.368722	-2394.46
1132	0.361104	-2312.34
1133	0.373299	-2554
1134	0.374991	-2580.54
1135	0.368194	-2428.05
1136	0.379036	-2557.57
1137	0.371123	-2490.19
1138	0.371033	-2484.92
1139	0.376412	-2556.36
1140	0.37307	-2498.29
1141	0.371429	-2501.33
1142	0.370645	-2491.15
1143	0.373801	-2471.52
1144	0.37248	-2455.44
1145	0.368838	-2457.56
1146	0.376945	-2550.65
1147	0.366409	-2427.37
1148	0.375866	-2571.47
1149	0.367994	-2440.43
1150	0.369089	-2437.93
1151	0.365664	-2382.86
1152	0.370854	-2480.58
1153	0.376596	-2547.67
1154	0.368089	-2459
1155	0.370872	-2466.86
1156	0.37057	-2438.28
1157	0.369827	-2439.83
1158	0.369686	-2439.64
1159	0.371054	-2526.13
1160	0.374016	-2506.5
1161	0.365106	-2379.1
1162	0.375671	-2532.18
1163	0.37269	-2542.57
1164	0.367748	-2450.11
1165	0.367426	-2396.9
1166	0.365992	-2434.79
1167	0.366769	-2408.58
1168	0.373691	-2509.33
1169	0.381195	-2625.6
1170	0.371269	-2492.62
1171	0.368747	-2415.5
1172	0.372988	-2511.65
1173	0.371283	-2471.44
1174	0.374087	-2515.82
1175	0.377826	-2583.24
1176	0.370988	-2512.41
1177	0.379468	-2602.26
1178	0.379878	-2554.32
1179	0.36924	-2468.03
1180	0.370421	-2484.09
1181	0.372389	-2500.38
1182	0.374075	-2504.36
1183	0.362328	-2342.77
1184	0.368584	-2445.23
1185	0.375821	-2520.01
1186	0.371758	-2498.75
1187	0.371672	-2496.23
1188	0.374982	-2543.08
1189	0.369951	-2442.12
1190	0.365029	-2368.7
1191	0.363637	-2376.8
1192	0.374009	-2503.52
1193	0.374434	-2500.3
1194	0.369077	-2448.89
1195	0.370856	-2465.89
1196	0.370133	-2447.14
1197	0.374365	-2505.19
1198	0.374233	-2522.81
1199	0.383973	-2679.61
1200	0.368199	-2432.48
1201	0.370331	-2507.29
1202	0.382095	-2641.1
1203	0.369365	-2491.86
1204	0.379827	-2625.24
1205	0.37029	-2458.19
1206	0.374595	-2542.84
1207	0.375797	-2545.04
1208	0.377581	-2579.63
1209	0.369976	-2488.52
1210	0.374088	-2493.74
1211	0.37234	-2467.53
1212	0.368568	-2425.75
1213	0.356476	-2261.07
1214	0.374631	-2516.96
1215	0.376024	-2523.44
1216	0.372524	-2469.77
1217	0.368978	-2474.95
1218	0.379382	-2616.37
1219	0.370997	-2476.18
1220	0.369349	-2443.25
1221	0.367866	-2411.48
1222	0.37806	-2604.02
1223	0.375862	-2604.12
1224	0.381347	-2606.01
1225	0.371429	-2485.41
1226	0.376141	-2577.75
1227	0.379481	-2631.62
1228	0.361268	-2369.68
1229	0.38016	-2526.76
1230	0.37589	-2531.91
1231	0.371842	-2508.07
1232	0.369225	-2427.87
1233	0.368916	-2450.39
1234	0.376433	-2512.37
1235	0.364328	-2389.41
1236	0.377243	-2554.88
1237	0.36789	-2388.01
1238	0.37536	-2564.13
1239	0.372522	-2522.85
1240	0.370984	-2470.12
1241	0.370204	-2448.08
1242	0.372172	-2486.95
1243	0.37064	-2497.25
1244	0.368661	-2479.49
1245	0.368869	-2493.11
1246	0.383919	-2657.48
1247	0.369153	-2421.52
1248	0.376938	-2585.52
1249	0.36862	-2429.24
1250	0.366205	-2427.11
1251	0.368791	-2432.11
1252	0.382605	-2666.3
1253	0.367343	-2435.28
1254	0.37365	-2477.09
1255	0.373393	-2501.03
1256	0.368971	-2464.57
1257	0.38056	-2563.73
1258	0.377096	-2577.2
1259	0.377015	-2558.81
1260	0.367972	-2424.47
1261	0.373947	-2510.02
1262	0.369033	-2465.88
1263	0.376167	-2592.45
1264	0.369201	-2441.26
1265	0.37226	-2467.96
1266	0.381074	-2599.81
1267	0.370049	-2431.77
1268	0.369784	-2467.88
1269	0.372936	-2453.39
1270	0.368214	-2421.69
1271	0.378221	-2589
1272	0.372838	-2519.03
1273	0.368983	-2475.1
1274	0.36628	-2431.96
1275	0.36611	-2434.8
1276	0.379329	-2621.91
1277	0.379436	-2556.16
1278	0.373958	-2484.71
1279	0.372875	-2503.37
1280	0.369743	-2458.94
1281	0.378492	-2554.14
1282	0.369898	-2442.82
1283	0.377745	-2540.85
1284	0.37384	-2518.89
1285	0.364795	-2399.75
1286	0.366241	-2419.82
1287	0.380452	-2551.69
1288	0.371759	-2417.62
1289	0.368041	-2467.83
1290	0.371755	-2442.26
1291	0.37636	-2550.68
1292	0.374044	-2474.03
1293	0.364995	-2382.7
1294	0.373589	-2521.31
1295	0.367227	-2473.49
1296	0.369532	-2413.66
1297	0.376306	-2528.98
1298	0.374546	-2480.44
1299	0.372645	-2500.84
1300	0.378151	-2570.78
1301	0.371818	-2504.79
1302	0.374563	-2576.71
1303	0.371754	-2459.58
1304	0.373975	-2494.69
1305	0.373602	-2487.6
1306	0.370129	-2424.13
1307	0.371308	-2490.24
1308	0.374004	-2519.43
1309	0.370224	-2414.51
1310	0.372892	-2492.54
1311	0.369275	-2428.8
1312	0.370284	-2467.96
1313	0.37571	-2489.13
1314	0.370264	-2453.66
1315	0.377578	-2521.57
1316	0.37779	-2580.77
1317	0.375982	-2569.31
1318	0.364654	-2368.46
1319	0.368742	-2442.38
1320	0.37586	-2567.71
1321	0.370549	-2431.18
1322	0.372869	-2504.52
1323	0.374726	-2564.06
1324	0.376783	-2538.74
1325	0.369929	-2444.62
1326	0.360337	-2355.79
1327	0.368276	-2400.47
1328	0.377528	-2542.57
1329	0.376262	-2553.02
1330	0.371824	-2482.78
1331	0.381191	-2571.96
1332	0.365809	-2395.67
1333	0.374931	-2500.77
1334	0.375504	-2540.49
1335	0.383431	-2651.26
1336	0.373533	-2504.77
1337	0.37423	-2548.98
1338	0.382302	-2623.35
1339	0.374371	-2515.62
1340	0.381451	-2562.95
1341	0.370957	-2482.54
1342	0.372337	-2486.68
1343	0.374652	-2509.86
1344	0.372741	-2482.66
1345	0.37106	-2474.09
1346	0.362067	-2334.51
1347	0.369076	-2485.83
1348	0.377675	-2545.37
1349	0.372797	-2502.98
1350	0.36857	-2434.29
1351	0.373208	-2519.75
1352	0.384738	-2665.94
1353	0.367934	-2400.28
1354	0.377738	-2563.26
1355	0.368833	-2471.77
1356	0.370737	-2465.53
1357	0.368233	-2403.64
1358	0.36914	-2463.66
1359	0.3704	-2425.85
1360	0.370244	-2427.09
1361	0.359215	-2348.5
1362	0.370793	-2466.81
1363	0.374228	-2518.99
1364	0.378105	-2651.97
1365	0.376067	-2567.76
1366	0.377274	-2507.86
1367	0.366646	-2399.99
1368	0.370219	-2488.38
1369	0.375547	-2527.54
1370	0.380359	-2563.85
1371	0.368711	-2459.75
1372	0.376897	-2579.69
1373	0.37502	-2469.81
1374	0.372318	-2440.71
1375	0.370044	-2450.67
1376	0.374696	-2497.27
1377	0.378131	-2574.63
1378	0.378352	-2639.11
1379	0.368988	-2446.5
1380	0.369023	-2430.75
1381	0.371243	-2516.56
1382	0.375775	-2506.7
1383	0.372175	-2511.83
1384	0.367007	-2400.4
1385	0.37417	-2501.96
1386	0.379508	-2604.2
1387	0.375439	-2553.55
1388	0.377837	-2544.98
1389	0.371221	-2472.8
1390	0.368048	-2416.98
1391	0.367565	-2445.62
1392	0.370348	-2470.96
1393	0.373535	-2522.04
1394	0.376025	-2608.19
1395	0.370139	-2454.33
1396	0.377671	-2556.26
1397	0.371017	-2491.29
1398	0.372049	-2456.81
1399	0.370423	-2473.78
1400	0.369799	-2457.3
1401	0.373373	-2503.81
1402	0.373187	-2552.56
1403	0.37176	-2488.91
1404	0.371576	-2475.56
1405	0.370578	-2453.48
1406	0.369939	-2426.77
1407	0.376499	-2522.54
1408	0.366766	-2431.2
1409	0.368507	-2440.28
1410	0.375954	-2515.76
1411	0.368591	-2439.54
1412	0.37364	-2485.01
1413	0.374581	-2516.98
1414	0.372434	-2492.18
1415	0.369764	-2440.49
1416	0.377701	-2553.85
1417	0.371741	-2503.34
1418	0.372463	-2491.5
1419	0.367884	-2437.76
1420	0.367474	-2403.74
1421	0.37399	-2519.88
1422	0.373106	-2470.06
1423	0.372804	-2546.14
1424	0.37412	-2501.95
1425	0.365139	-2379.65
1426	0.372088	-2491.12
1427	0.376178	-2564.12
1428	0.375428	-2544.35
1429	0.360283	-2313.2
1430	0.365013	-2418.79
1431	0.374829	-2506.23
1432	0.371229	-2463.62
1433	0.373125	-2486.19
1434	0.369328	-2458.72
1435	0.373347	-2539.38
1436	0.365847	-2402.14
1437	0.375202	-2531.04
1438	0.364658	-2422.84
1439	0.372934	-2482.78
1440	0.373206	-2498.86
1441	0.372313	-2478.41
1442	0.371866	-2487.58
1443	0.374892	-2521.81
1444	0.366528	-2434.48
1445	0.367199	-2442.38
1446	0.380046	-2603.94
1447	0.36472	-2428.86
1448	0.369453	-2480.71
1449	0.377016	-2543.06
1450	0.364288	-2365.85
1451	0.375988	-2545.51
1452	0.381262	-2596.2
1453	0.376465	-2549.15
1454	0.362135	-2353.26
1455	0.373306	-2484.83
1456	0.365096	-2409.52
1457	0.373694	-2489.64
1458	0.360814	-2369.67
1459	0.373922	-2492.14
1460	0.370479	-2503
1461	0.37351	-2518.61
1462	0.373666	-2507.42
1463	0.372184	-2489.31
1464	0.374173	-2505.74
1465	0.38123	-2641.55
1466	0.370092	-2442.59
1467	0.373169	-2498.51
1468	0.364466	-2363.48
1469	0.372698	-2515.78
1470	0.371582	-2450.3
1471	0.363462	-2389.97
1472	0.377734	-2587.55
1473	0.371831	-2470.43
1474	0.370765	-2446.39
1475	0.375264	-2560.53
1476	0.370916	-2485.09
1477	0.377454	-2526.98
1478	0.37034	-2512.36
1479	0.373523	-2478.53
1480	0.387665	-2704.36
1481	0.373357	-2479.8
1482	0.370839	-2482.84
1483	0.371682	-2478.13
1484	0.371124	-2467.78
1485	0.365784	-2370.15
1486	0.368405	-2442.3
1487	0.366771	-2433.53
1488	0.362501	-2354.54
1489	0.377439	-2559.93
1490	0.372605	-2495.11
1491	0.368574	-2423.92
1492	0.362352	-2379.44
1493	0.368491	-2441.03
1494	0.372475	-2507.2
1495	0.371925	-2469.32
1496	0.374123	-2483.58
1497	0.365848	-2385.44
1498	0.369056	-2435.58
1499	0.377825	-2577.22
1500	0.376171	-2500.16
1501	0.383995	-2646.28
1502	0.37186	-2474.24
1503	0.364173	-2414.83
1504	0.371987	-2490.25
1505	0.375814	-2521.18
1506	0.364254	-2381.61
1507	0.37859	-2540.55
1508	0.377238	-2576.77
1509	0.373642	-2467.56
1510	0.37441	-2521.67
1511	0.374996	-2505.58
1512	0.370696	-2491.31
1513	0.371458	-2478.77
1514	0.369476	-2399.06
1515	0.373202	-2470.55
1516	0.371897	-2532.2
1517	0.374823	-2520.61
1518	0.376763	-2559.39
1519	0.37114	-2438.37
1520	0.376289	-2536.53
1521	0.371672	-2493.37
1522	0.368271	-2442.14
1523	0.373285	-2492.89
1524	0.374603	-2510.04
1525	0.370047	-2482.96
1526	0.371038	-2492.81
1527	0.372092	-2498.96
1528	0.369372	-2442.87
1529	0.371455	-2450.86
1530	0.371549	-2477.3
1531	0.377344	-2556.98
1532	0.372007	-2476.07
1533	0.373344	-2482.77
1534	0.368013	-2471.5
1535	0.370351	-2449.12
1536	0.380196	-2584.95
1537	0.365399	-2396.79
1538	0.372331	-2460
1539	0.373174	-2514.49
1540	0.366545	-2388.79
1541	0.376494	-2551.35
1542	0.371805	-2497.17
1543	0.371641	-2476.1
1544	0.368332	-2438.59
1545	0.372166	-2477.38
1546	0.376379	-2549.08
1547	0.367763	-2408.49
1548	0.373132	-2534.58
1549	0.372305	-2443.58
1550	0.371275	-2472.43
1551	0.382766	-2645.17
1552	0.368431	-2478.36
1553	0.375867	-2575.12
1554	0.374912	-2550.59
1555	0.368801	-2435.01
1556	0.368568	-2460.81
1557	0.367689	-2448.2
1558	0.37587	-2558.94
1559	0.372259	-2448.23
1560	0.371372	-2489.91
1561	0.376101	-2555.17
1562	0.368517	-2449.47
1563	0.370444	-2473.02
1564	0.369999	-2468.52
1565	0.369233	-2458.87
1566	0.372659	-2490.07
1567	0.375737	-2536.39
1568	0.375162	-2541.81
1569	0.377142	-2540.08
1570	0.36994	-2499.46
1571	0.372633	-2466.26
1572	0.37502	-2521.66
1573	0.375842	-2555
1574	0.37957	-2586.53
1575	0.363093	-2374.54
1576	0.369089	-2420.9
1577	0.379743	-2561.19
1578	0.366891	-2478.48
1579	0.373247	-2522.92
1580	0.367113	-2394.55
1581	0.368724	-2479.08
1582	0.370522	-2461.48
1583	0.378633	-2585.8
1584	0.370384	-2435.78
1585	0.379907	-2597.62
1586	0.37393	-2496.92
1587	0.376629	-2492.7
1588	0.369038	-2408.43
1589	0.378024	-2582.42
1590	0.376322	-2522.17
1591	0.379128	-2599.78
1592	0.36482	-2394.11
1593	0.373785	-2510.12
1594	0.375646	-2543.02
1595	0.382959	-2687.48
1596	0.370993	-2479.39
1597	0.37259	-2472.2
1598	0.361663	-2317.01
1599	0.372448	-2493.01
1600	0.366213	-2398.45
1601	0.371675	-2457.96
1602	0.365513	-2421.75
1603	0.370784	-2455.5
1604	0.372036	-2447.16
1605	0.378481	-2589.59
1606	0.366371	-2387.08
1607	0.373403	-2509.76
1608	0.37751	-2587.93
1609	0.375975	-2529.06
1610	0.369455	-2488.63
1611	0.370209	-2481.89
1612	0.365021	-2398.76
1613	0.374909	-2552.67
1614	0.370776	-2461.72
1615	0.377413	-2576.67
1616	0.373506	-2512.02
1617	0.371296	-2516.37
1618	0.364467	-2372.07
1619	0.371145	-2517.08
1620	0.37534	-2553.32
1621	0.366682	-2389.99
1622	0.376026	-2553.69
1623	0.364412	-2398.85
1624	0.373428	-2537.41
1625	0.368073	-2431.62
1626	0.364314	-2401.55
1627	0.37622	-2522.58
1628	0.369606	-2447.43
1629	0.382811	-2614.9
1630	0.363851	-2374.24
1631	0.36629	-2415.04
1632	0.379087	-2570.05
1633	0.367775	-2370.97
1634	0.377731	-2580.37
1635	0.37164	-2494.07
1636	0.370909	-2502.33
1637	0.368174	-2395.91
1638	0.365035	-2434.8
1639	0.372709	-2463.99
1640	0.375276	-2520.58
1641	0.369614	-2460.78
1642	0.367391	-2469.59
1643	0.367615	-2455.78
1644	0.375349	-2531.3
1645	0.368354	-2404.96
1646	0.372736	-2439.21
1647	0.371133	-2508.4
1648	0.375239	-2463.07
1649	0.366851	-2406.57
1650	0.367337	-2405.66
1651	0.371231	-2471.34
1652	0.377531	-2562.1
1653	0.376965	-2578.97
1654	0.374537	-2533.38
1655	0.383934	-2638.92
1656	0.365714	-2422.5
1657	0.375579	-2596.46
1658	0.372102	-2461
1659	0.36651	-2413.73
1660	0.377789	-2548.63
1661	0.377593	-2534.92
1662	0.375898	-2559.29
1663	0.374135	-2485.64
1664	0.375922	-2557.35
1665	0.36788	-2456.82
1666	0.368763	-2457.34
1667	0.367846	-2465.51
1668	0.375033	-2477.59
1669	0.371322	-2493.6
1670	0.369946	-2445.98
1671	0.365232	-2383.44
1672	0.367799	-2386.87
1673	0.378286	-2593.33
1674	0.377064	-2531.41
1675	0.378822	-2625.07
1676	0.369197	-2474.81
1677	0.375498	-2587.81
1678	0.376414	-2529.15
1679	0.371923	-2457.04
1680	0.366329	-2397.43
1681	0.373172	-2494.72
1682	0.377774	-2566.15
1683	0.374668	-2504.15
1684	0.378829	-2593.14
1685	0.373062	-2486.91
1686	0.370796	-2413.01
1687	0.370358	-2449.18
1688	0.375279	-2541.11
1689	0.377655	-2588.15
1690	0.3684	-2467.67
1691	0.371563	-2536.6
1692	0.367791	-2428.87
1693	0.366699	-2421.18
1694	0.372044	-2487.4
1695	0.368424	-2488.49
1696	0.369098	-2470.01
1697	0.369469	-2464.53
1698	0.372929	-2570.86
1699	0.374737	-2546.3
1700	0.374537	-2564.56
1701	0.375306	-2535.73
1702	0.366928	-2429.75
1703	0.374033	-2525.86
1704	0.369613	-2451.98
1705	0.377385	-2537.93
1706	0.367087	-2451.28
1707	0.374999	-2542.67
1708	0.371416	-2428.81
1709	0.372624	-2481.85
1710	0.376309	-2540.65
1711	0.373053	-2519.52
1712	0.364092	-2373.08
1713	0.364636	-2358.66
1714	0.365587	-2405.48
1715	0.369351	-2461.1
1716	0.368181	-2426.07
1717	0.374483	-2498.98
1718	0.369471	-2432.05
1719	0.372633	-2477.3
1720	0.376277	-2568.35
1721	0.367145	-2371.95
1722	0.388109	-2701.1
1723	0.374255	-2529.34
1724	0.371909	-2482.98
1725	0.365697	-2366.47
1726	0.376223	-2507.82
1727	0.374624	-2558.88
1728	0.357861	-2307
1729	0.375063	-2507.85
1730	0.371401	-2481.82
1731	0.367226	-2426.1
1732	0.376658	-2515.74
1733	0.37132	-2448.84
1734	0.368436	-2398.84
1735	0.382403	-2637.3
1736	0.374449	-2496.05
1737	0.379343	-2590.1
1738	0.371673	-2478.49
1739	0.380722	-2637.02
1740	0.371834	-2477.72
1741	0.382559	-2651.83
1742	0.374535	-2521.24
1743	0.374921	-2535.54
1744	0.370495	-2444.07
1745	0.369448	-2470.86
1746	0.368989	-2424.68
1747	0.379501	-2589.92
1748	0.37797	-2609.63
1749	0.372161	-2465.98
1750	0.374734	-2520.79
1751	0.37222	-2474.54
1752	0.374861	-2483.78
1753	0.368558	-2456.24
1754	0.367744	-2420.14
1755	0.379446	-2585.5
1756	0.368788	-2475.98
1757	0.369674	-2453.1
1758	0.372505	-2463.8
1759	0.371859	-2458.96
1760	0.370211	-2417.09
1761	0.37196	-2455.66
1762	0.364478	-2385.39
1763	0.379217	-2586.45
1764	0.371968	-2448.18
1765	0.372451	-2466.15
1766	0.381123	-2605.86
1767	0.365766	-2339.74
1768	0.376469	-2568.11
1769	0.372336	-2492.15
1770	0.366722	-2432.44
1771	0.367392	-2447.22
1772	0.371196	-2495.68
1773	0.369999	-2470.71
1774	0.372038	-2477.47
1775	0.375268	-2529.11
1776	0.375502	-2549.19
1777	0.368369	-2395.09
1778	0.373809	-2507.36
1779	0.366106	-2394.21
1780	0.374674	-2490.37
1781	0.37973	-2599.92
1782	0.365574	-2412.42
1783	0.368262	-2463.45
1784	0.373357	-2507.44
1785	0.376472	-2547.47
1786	0.368659	-2454.53
1787	0.374188	-2492.68
1788	0.370673	-2465.64
1789	0.363707	-2380.87
1790	0.37141	-2443.66
1791	0.376138	-2540.28
1792	0.369779	-2467.36
1793	0.368124	-2440.21
1794	0.373101	-2532.48
1795	0.365571	-2451.7
1796	0.371509	-2480.09
1797	0.379738	-2587.08
1798	0.37545	-2511.75
1799	0.375653	-2573.96
1800	0.369592	-2451.45
1801	0.368838	-2450.47
1802	0.382077	-2637.82
1803	0.371757	-2421.2
1804	0.371506	-2480.11
1805	0.379164	-2581.49
1806	0.382303	-2639.68
1807	0.375427	-2526.46
1808	0.366137	-2440.49
1809	0.368321	-2437.62
1810	0.37703	-2600.22
1811	0.359303	-2279.38
1812	0.372968	-2510.19
1813	0.373906	-2552.43
1814	0.376989	-2575.52
1815	0.371731	-2511.01
1816	0.360047	-2326.46
1817	0.372922	-2548.04
1818	0.371284	-2474.21
1819	0.366622	-2422.47
1820	0.374647	-2513.51
1821	0.36658	-2405.26
1822	0.365497	-2402.46
1823	0.36692	-2389.07
1824	0.36551	-2369.45
1825	0.369098	-2449.65
1826	0.379293	-2574.91
1827	0.382939	-2641.12
1828	0.370588	-2452.48
1829	0.369599	-2438.36
1830	0.375727	-2500.58
1831	0.368675	-2442.34
1832	0.365033	-2363.87
1833	0.369667	-2486.5
1834	0.373789	-2496.39
1835	0.369883	-2477.55
1836	0.378174	-2581.11
1837	0.366597	-2433.08
1838	0.36585	-2412.3
1839	0.369095	-2429.24
1840	0.371484	-2452.28
1841	0.366323	-2362.03
1842	0.372385	-2491.04
1843	0.370479	-2483.63
1844	0.368009	-2414.41
1845	0.369043	-2449.36
1846	0.362977	-2357.55
1847	0.373938	-2505.54
1848	0.36533	-2401.04
1849	0.37465	-2509.7
1850	0.375566	-2554.76
1851	0.374708	-2504.76
1852	0.37074	-2438.94
1853	0.370528	-2489.14
1854	0.372475	-2496.62
1855	0.384134	-2665.93
1856	0.37604	-2542.69
1857	0.362108	-2395.36
1858	0.37675	-2564.45
1859	0.363862	-2354.51
1860	0.365876	-2393.29
1861	0.367597	-2403.12
1862	0.378989	-2587.91
1863	0.380761	-2591.85
1864	0.371497	-2415.9
1865	0.374363	-2556.4
1866	0.372842	-2523.29
1867	0.367353	-2384.92
1868	0.369369	-2448.44
1869	0.378078	-2579.63
1870	0.38098	-2617.35
1871	0.367968	-2456.46
1872	0.37457	-2543.68
1873	0.368344	-2431.61
1874	0.370581	-2497.48
1875	0.369515	-2450.81
1876	0.38157	-2615.38
1877	0.376305	-2591.16
1878	0.36606	-2420.33
1879	0.374051	-2517.75
1880	0.36931	-2431.52
1881	0.364714	-2379.1
1882	0.361227	-2318.56
1883	0.373584	-2524.36
1884	0.374854	-2494.27
1885	0.366255	-2409.13
1886	0.382277	-2610.01
1887	0.373572	-2477.09
1888	0.373448	-2495.28
1889	0.374273	-2535.44
1890	0.358815	-2335.83
1891	0.372347	-2536.92
1892	0.366179	-2416.02
1893	0.36715	-2447.38
1894	0.377629	-2562.73
1895	0.378384	-2571.5
1896	0.380164	-2599.63
1897	0.370008	-2442.42
1898	0.37522	-2536.87
1899	0.366225	-2399.55
1900	0.367582	-2384.5
1901	0.383981	-2584.62
1902	0.382127	-2620.72
1903	0.374549	-2506.85
1904	0.370543	-2468.1
1905	0.373639	-2529.97
1906	0.365343	-2400.66
1907	0.370439	-2468.78
1908	0.381094	-2665.08
1909	0.37432	-2536.77
1910	0.373335	-2484.81
1911	0.369966	-2522.54
1912	0.360098	-2301.03
1913	0.371964	-2495.78
1914	0.376531	-2570.65
1915	0.368762	-2422.2
1916	0.370173	-2462.03
1917	0.368876	-2447.67
1918	0.369173	-2463.33
1919	0.365639	-2394.84
1920	0.372226	-2495.32
1921	0.36444	-2381.25
1922	0.376027	-2565.35
1923	0.37644	-2520.8
1924	0.381231	-2608.44
1925	0.378903	-2533.58
1926	0.377264	-2566.01
1927	0.382054	-2675.84
1928	0.370762	-2484.21
1929	0.358708	-2315.72
1930	0.374385	-2538.88
1931	0.367776	-2446.41
1932	0.365315	-2447.34
1933	0.370201	-2450.37
1934	0.369961	-2503.25
1935	0.370983	-2454.95
1936	0.373974	-2492.36
1937	0.369891	-2497.3
1938	0.373271	-2453.5
1939	0.377328	-2573.78
1940	0.377036	-2567.1
1941	0.36956	-2445.77
1942	0.374299	-2519.48
1943	0.370849	-2482.78
1944	0.37208	-2509.3
1945	0.375195	-2521.56
1946	0.378005	-2567.44
1947	0.364852	-2426.71
1948	0.372738	-2470.57
1949	0.369395	-2464.34
1950	0.370815	-2496.23
1951	0.374218	-2490.74
1952	0.383518	-2715.95
1953	0.370713	-2503.01
1954	0.361359	-2351.89
1955	0.372602	-2514.91
1956	0.375364	-2505.45
1957	0.369756	-2453.48
1958	0.37306	-2484.92
1959	0.379513	-2602.97
1960	0.376317	-2581.55
1961	0.369306	-2520.04
1962	0.374292	-2506.77
1963	0.371313	-2431.71
1964	0.376637	-2555.89
1965	0.37666	-2572.72
1966	0.367202	-2430.78
1967	0.36893	-2436.46
1968	0.370546	-2461.68
1969	0.362513	-2348.52
1970	0.367635	-2436.44
1971	0.368531	-2372.29
1972	0.374371	-2532.25
1973	0.371406	-2497.77
1974	0.372289	-2516.86
1975	0.37384	-2524.57
1976	0.37863	-2586.08
1977	0.371302	-2502.38
1978	0.369641	-2478.95
1979	0.374095	-2531.1
1980	0.372683	-2492.62
1981	0.365727	-2370.05
1982	0.364253	-2397.74
1983	0.36638	-2439.59
1984	0.367312	-2427.88
1985	0.37751	-2548.98
1986	0.377206	-2576.29
1987	0.369116	-2438.62
1988	0.37394	-2485.24
1989	0.37278	-2510.05
1990	0.37489	-2580.58
1991	0.368646	-2407.55
1992	0.390082	-2751.17
1993	0.364796	-2369.61
1994	0.363412	-2381.36
1995	0.372774	-2489.67
1996	0.365459	-2391.15
1997	0.368971	-2426.14
1998	0.369626	-2469.59
1999	0.366512	-2411.31
2000	0.372196	-2534.64
2001	0.382155	-2597.02
2002	0.381872	-2628.16
2003	0.374247	-2482.82
2004	0.368902	-2480.42
2005	0.366803	-2382.64
2006	0.381314	-2622.84
2007	0.373121	-2546.28
2008	0.362126	-2348.37
2009	0.378022	-2569.56
2010	0.381961	-2588.7
2011	0.372303	-2511.04
2012	0.373299	-2546.49
2013	0.380674	-2593.42
2014	0.372429	-2497.71
2015	0.369171	-2460.47
2016	0.371536	-2506.73
2017	0.373173	-2450.97
2018	0.373168	-2496.58
2019	0.37865	-2611.86
2020	0.372376	-2470.48
2021	0.375413	-2496.64
2022	0.376419	-2575.08
2023	0.369065	-2442.95
2024	0.380122	-2613.12
2025	0.37437	-2522.13
2026	0.3698	-2458.3
2027	0.372096	-2523.23
2028	0.378873	-2610.09
2029	0.373381	-2530.13
2030	0.377491	-2568.3
2031	0.373035	-2556.83
2032	0.368287	-2428.41
2033	0.372839	-2472.93
2034	0.373893	-2510.8
2035	0.366006	-2434.17
2036	0.370334	-2445.19
2037	0.377567	-2552.11
2038	0.3733	-2519.14
2039	0.370609	-2478.82
2040	0.363577	-2385.03
2041	0.38173	-2647.65
2042	0.371969	-2506.05
2043	0.375085	-2529.85
2044	0.372146	-2481.25
2045	0.37562	-2505.46
2046	0.371268	-2465.52
2047	0.371494	-2512.13
2048	0.371574	-2461.1
2049	0.374194	-2498.8
2050	0.372818	-2482.01
2051	0.376962	-2557.06
2052	0.36916	-2454.1
2053	0.380202	-2602.91
2054	0.371924	-2477.72
2055	0.374075	-2550.48
2056	0.368844	-2419.49
2057	0.368842	-2457.41
2058	0.377707	-2591.97
2059	0.375412	-2525.21
2060	0.371585	-2499.67
2061	0.368939	-2432.62
2062	0.373321	-2485.68
2063	0.36745	-2347.93
2064	0.374894	-2537.48
2065	0.373071	-2521.08
2066	0.380391	-2580.25
2067	0.365594	-2357.56
2068	0.37407	-2553.34
2069	0.375369	-2535.6
2070	0.364874	-2421.55
2071	0.37473	-2519.72
2072	0.364689	-2394.67
2073	0.371114	-2471.15
2074	0.376122	-2547.2
2075	0.369597	-2463.4
2076	0.369422	-2442.2
2077	0.382599	-2660.28
2078	0.375962	-2502.32
2079	0.370818	-2447.68
2080	0.379837	-2589.69
2081	0.371976	-2498.25
2082	0.377879	-2551.09
2083	0.367181	-2400.17
2084	0.370484	-2493.69
2085	0.376965	-2569.33
2086	0.375716	-2509.61
2087	0.368821	-2432.15
2088	0.379107	-2587.06
2089	0.365719	-2390.54
2090	0.371222	-2485.5
2091	0.377142	-2540.67
2092	0.367355	-2394.57
2093	0.374815	-2541.85
2094	0.366027	-2405.54
2095	0.36949	-2480.89
2096	0.376298	-2556.98
2097	0.367184	-2437.57
2098	0.362048	-2408.29
2099	0.36437	-2347.36
2100	0.380809	-2620.55
2101	0.376732	-2545.38
2102	0.370188	-2466.1
2103	0.368665	-2488.57
2104	0.371968	-2470.32
2105	0.372058	-2469.2
2106	0.368166	-2442.18
2107	0.364896	-2451.48
2108	0.373995	-2516.48
2109	0.36485	-2409.99
2110	0.36716	-2444.02
2111	0.368754	-2471.74
2112	0.373702	-2531.26
2113	0.369333	-2432.41
2114	0.380853	-2563.45
2115	0.376702	-2544.72
2116	0.36978	-2455.14
2117	0.367691	-2445.35
2118	0.370272	-2439.11
2119	0.369099	-2431.11
2120	0.373924	-2530.21
2121	0.3673	-2369.17
2122	0.371874	-2463.06
2123	0.370268	-2430.59
2124	0.376381	-2513.49
2125	0.372917	-2533.12
2126	0.373238	-2505.8
2127	0.365264	-2429.78
2128	0.373423	-2495.89
2129	0.373672	-2515.94
2130	0.381383	-2593.44
2131	0.376944	-2565.9
2132	0.375603	-2528.29
2133	0.369246	-2473.22
2134	0.367071	-2420.81
2135	0.372242	-2486.14
2136	0.372658	-2573.52
2137	0.370297	-2505.8
2138	0.372253	-2447.03
2139	0.371921	-2495.69
2140	0.37108	-2477.31
2141	0.373748	-2515.58
2142	0.370582	-2458.97
2143	0.374663	-2526.26
2144	0.372615	-2466.9
2145	0.375188	-2551.08
2146	0.370256	-2431.8
2147	0.366169	-2390.18
2148	0.367023	-2409.65
2149	0.368071	-2420.19
2150	0.377919	-2588.19
2151	0.378539	-2609.71
2152	0.370234	-2443.74
2153	0.366058	-2379.73
2154	0.364686	-2402.44
2155	0.379394	-2606.09
2156	0.36073	-2357.23
2157	0.371036	-2505.84
2158	0.371884	-2530.78
2159	0.375765	-2553.95
2160	0.361121	-2375.55
2161	0.372957	-2509.13
2162	0.372224	-2518.07
2163	0.372571	-2489.2
2164	0.364766	-2410.83
2165	0.377974	-2571.85
2166	0.370578	-2466.81
2167	0.372366	-2481.49
2168	0.365786	-2380.41
2169	0.374232	-2536.1
2170	0.374144	-2495.16
2171	0.378199	-2610.27
2172	0.365054	-2341.49
2173	0.369657	-2432.08
2174	0.372456	-2469.8
2175	0.379193	-2589.02
2176	0.373741	-2480.61
2177	0.368443	-2444.84
2178	0.362912	-2334.42
2179	0.370801	-2457.74
2180	0.377389	-2573.6
2181	0.365558	-2439.8
2182	0.377063	-2587.06
2183	0.37514	-2551.89
2184	0.374799	-2532.06
2185	0.369359	-2453.13
2186	0.364191	-2396.44
2187	0.37062	-2463.28
2188	0.370559	-2480.79
2189	0.375294	-2513.17
2190	0.371687	-2492.34
2191	0.374305	-2516.99
2192	0.365738	-2389.32
2193	0.374185	-2518.06
2194	0.376454	-2534.14
2195	0.372176	-2486.43
2196	0.370614	-2501.36
2197	0.37256	-2528.83
2198	0.376693	-2529.97
2199	0.378025	-2553.5
2200	0.368455	-2415.49
2201	0.376423	-2533.68
2202	0.372316	-2489.66
2203	0.382684	-2608.6
2204	0.374364	-2506.89
2205	0.366961	-2450.92
2206	0.37694	-2559.31
2207	0.371995	-2463.29
2208	0.371155	-2471.64
2209	0.377531	-2571.02
2210	0.35978	-2346.07
2211	0.372857	-2504.69
2212	0.377338	-2567.67
2213	0.372828	-2509.55
2214	0.371473	-2473.42
2215	0.362224	-2358.23
2216	0.369206	-2421.16
2217	0.366455	-2407.26
2218	0.365569	-2420.03
2219	0.367482	-2462.6
2220	0.371684	-2504.83
2221	0.372376	-2496.67
2222	0.379733	-2579.6
2223	0.369468	-2486.49
2224	0.375607	-2507.84
2225	0.381208	-2618.23
2226	0.361754	-2372.52
2227	0.375597	-2546.1
2228	0.368744	-2468.52
2229	0.37291	-2490.38
2230	0.372388	-2460.14
2231	0.372155	-2515.89
2232	0.371757	-2504.15
2233	0.374592	-2500.76
2234	0.373243	-2541.97
2235	0.376241	-2528.77
2236	0.368188	-2427.82
2237	0.380627	-2628.76
2238	0.38069	-2599.13
2239	0.375116	-2549.95
2240	0.375242	-2509.12
2241	0.373933	-2523.86
2242	0.374573	-2522.5
2243	0.370588	-2442.5
2244	0.378669	-2535.62
2245	0.369953	-2472.1
2246	0.381531	-2608.54
2247	0.370845	-2497.35
2248	0.367649	-2494.67
2249	0.362676	-2335.01
2250	0.372342	-2465.92
2251	0.368341	-2440.48
2252	0.379069	-2569.13
2253	0.365922	-2401.41
2254	0.376593	-2498.28
2255	0.373782	-2509.92
2256	0.366716	-2413.53
2257	0.366781	-2433.55
2258	0.354737	-2257.21
2259	0.371322	-2490.25
2260	0.374561	-2519.01
2261	0.369795	-2440.85
2262	0.370001	-2433.19
2263	0.381114	-2592.53
2264	0.379473	-2599.48
2265	0.367283	-2431.41
2266	0.366944	-2422.53
2267	0.367711	-2474.43
2268	0.371992	-2474.55
2269	0.370216	-2430.83
2270	0.368374	-2460.17
2271	0.371453	-2500.12
2272	0.371213	-2490.16
2273	0.368527	-2430.57
2274	0.364788	-2433.83
2275	0.366807	-2370.18
2276	0.375972	-2571.15
2277	0.374104	-2538.95
2278	0.36589	-2445.76
2279	0.360168	-2343.12
2280	0.362982	-2351.79
2281	0.373594	-2561.77
2282	0.382904	-2628.56
2283	0.378286	-2567.97
2284	0.372691	-2503.29
2285	0.379564	-2547.53
2286	0.364217	-2394.32
2287	0.376469	-2521.73
2288	0.36077	-2350.58
2289	0.358771	-2316.53
2290	0.362567	-2398.95
2291	0.379034	-2606.18
2292	0.374622	-2545.48
2293	0.377556	-2561.39
2294	0.365437	-2405.01
2295	0.371833	-2490.63
2296	0.377043	-2595.87
2297	0.369654	-2448.2
2298	0.374785	-2503.73
2299	0.378627	-2613.66
2300	0.380193	-2572.25
2301	0.369064	-2456.26
2302	0.379321	-2591.69
2303	0.371362	-2454.14
2304	0.377593	-2590.86
2305	0.381138	-2611.15
2306	0.370769	-2480.63
2307	0.381487	-2639.84
2308	0.367334	-2415.14
2309	0.374226	-2523.89
2310	0.370001	-2452.92
2311	0.376638	-2538.42
2312	0.367382	-2422.07
2313	0.375282	-2507.2
2314	0.37212	-2470.2
2315	0.368125	-2449.75
2316	0.374046	-2533.25
2317	0.377518	-2590.9
2318	0.370879	-2500.11
2319	0.371918	-2481.26
2320	0.371611	-2513.96
2321	0.370547	-2445.44
2322	0.379926	-2604.26
2323	0.373332	-2473.24
2324	0.369347	-2468.74
2325	0.375573	-2529.03
2326	0.376882	-2537.16
2327	0.381094	-2662.5
2328	0.365139	-2407.73
2329	0.376784	-2547.46
2330	0.366877	-2399.33
2331	0.366172	-2401.36
2332	0.36942	-2437.59
2333	0.372576	-2526.41
2334	0.372138	-2475.15
2335	0.366816	-2475.24
2336	0.376236	-2540.77
2337	0.37838	-2588.09
2338	0.371434	-2463.01
2339	0.37185	-2496.54
2340	0.37189	-2458.76
2341	0.365701	-2416.26
2342	0.372059	-2497.24
2343	0.371587	-2511.04
2344	0.370285	-2455.46
2345	0.379244	-2560.86
2346	0.3683	-2501.77
2347	0.372886	-2485.42
2348	0.362881	-2350.23
2349	0.374596	-2528.73
2350	0.367901	-2407.89
2351	0.372083	-2477.81
2352	0.364544	-2372.72
2353	0.377281	-2559.94
2354	0.374096	-2492.88
2355	0.372825	-2509.75
2356	0.372396	-2474.25
2357	0.383779	-2687.76
2358	0.361589	-2305.38
2359	0.373989	-2538.22
2360	0.372358	-2524.15
2361	0.359127	-2288.42
2362	0.380126	-2587.85
2363	0.36889	-2478.35
2364	0.367283	-2427.68
2365	0.369	-2458.4
2366	0.37753	-2555.04
2367	0.377025	-2508.92
2368	0.37054	-2433.33
2369	0.366986	-2426.73
2370	0.384563	-2658.93
2371	0.376609	-2559.86
2372	0.372015	-2493.29
2373	0.365267	-2432.11
2374	0.363959	-2364.42
2375	0.368953	-2414.67
2376	0.374484	-2513.54
2377	0.369701	-2446.94
2378	0.375329	-2545.45
2379	0.362242	-2346.65
2380	0.368034	-2443.48
2381	0.365467	-2401.59
2382	0.368681	-2449.81
2383	0.364663	-2404.49
2384	0.376179	-2515.73
2385	0.375668	-2554.64
2386	0.363646	-2395.38
2387	0.371827	-2477.15
2388	0.366418	-2391.97
2389	0.374513	-2528.14
2390	0.371356	-2454.51
2391	0.379523	-2565.58
2392	0.378489	-2580.93
2393	0.374015	-2499.47
2394	0.377555	-2576.91
2395	0.371255	-2482.18
2396	0.367579	-2420.48
2397	0.38147	-2615.05
2398	0.368346	-2453.55
2399	0.368064	-2466.22
2400	0.372875	-2489.46
2401	0.376677	-2526.35
2402	0.378571	-2589.79
2403	0.37028	-2466.37
2404	0.366659	-2421.29
2405	0.368751	-2439.47
2406	0.363443	-2377.86
2407	0.378828	-2613.29
2408	0.373469	-2475.57
2409	0.374753	-2517.15
2410	0.368135	-2438.07
2411	0.372917	-2533.6
2412	0.371599	-2476.12
2413	0.374214	-2503.07
2414	0.372553	-2492.94
2415	0.367008	-2387.93
2416	0.366847	-2435.17
2417	0.379974	-2588.64
2418	0.371636	-2495.82
2419	0.377349	-2569.95
2420	0.37524	-2543.62
2421	0.373699	-2514.65
2422	0.362451	-2359.69
2423	0.369626	-2444.4
2424	0.366435	-2460.26
2425	0.371244	-2455.77
2426	0.37702	-2583.99
2427	0.370042	-2419.07
2428	0.374165	-2526.63
2429	0.377013	-2537.86
2430	0.370287	-2467.77
2431	0.376288	-2548.63
2432	0.369518	-2485.3
2433	0.38222	-2615.58
2434	0.377267	-2570.4
2435	0.381174	-2603.49
2436	0.372343	-2512.38
2437	0.374754	-2483.61
2438	0.378667	-2580.11
2439	0.372177	-2502.54
2440	0.384447	-2694.13
2441	0.378473	-2568.85
2442	0.361503	-2315.58
2443	0.372808	-2512.79
2444	0.373005	-2503.87
2445	0.361542	-2339.57
2446	0.380339	-2573.79
2447	0.365798	-2437.72
2448	0.36923	-2388.66
2449	0.373912	-2492.33
2450	0.371017	-2455.57
2451	0.370546	-2449.54
2452	0.366226	-2367.79
2453	0.362824	-2340.05
2454	0.374625	-2526.18
2455	0.375356	-2556.02
2456	0.36402	-2344.47
2457	0.364216	-2371.04
2458	0.376039	-2486.83
2459	0.370955	-2456.04
2460	0.378495	-2563.4
2461	0.3752	-2520.81
2462	0.370641	-2476.86
2463	0.369275	-2469
2464	0.37222	-2459.9
2465	0.365359	-2440.83
2466	0.367303	-2399.27
2467	0.366213	-2447.41
2468	0.363467	-2398.62
2469	0.375931	-2469.3
2470	0.379077	-2602.96
2471	0.370859	-2479.74
2472	0.378717	-2597.5
2473	0.36542	-2408.66
2474	0.362405	-2398.93
2475	0.363011	-2358.94
2476	0.365021	-2338.4
2477	0.363411	-2325.45
2478	0.378623	-2516.56
2479	0.363974	-2335.64
2480	0.379497	-2611.56
2481	0.374704	-2552.34
2482	0.379764	-2579.82
2483	0.36433	-2373.65
2484	0.376689	-2548.4
2485	0.375529	-2509.9
2486	0.358854	-2304.69
2487	0.364868	-2432.91
2488	0.370069	-2469.07
2489	0.371845	-2528.42
2490	0.372098	-2499.3
2491	0.373947	-2531.03
2492	0.370586	-2452.41
2493	0.373075	-2496.1
2494	0.372007	-2537.71
2495	0.370734	-2472.18
2496	0.37251	-2531.9
2497	0.37645	-2545.77
2498	0.367881	-2398.11
2499	0.366761	-2397.97
2500	0.370403	-2419.02
2501	0.377366	-2598.61
2502	0.370176	-2458.75
2503	0.357187	-2249.38
2504	0.376003	-2528.89
2505	0.375207	-2533.23
2506	0.378555	-2544.66
2507	0.372283	-2507.15
2508	0.371563	-2534.45
2509	0.373106	-2475.27
2510	0.374941	-2527.89
2511	0.376882	-2582.61
2512	0.367845	-2434.43
2513	0.370085	-2425.33
2514	0.371219	-2471.82
2515	0.375801	-2496.73
2516	0.373431	-2546.75
2517	0.373016	-2495.02
2518	0.370098	-2475.97
2519	0.375721	-2554.8
2520	0.372242	-2470.93
2521	0.37514	-2566.41
2522	0.371039	-2489.46
2523	0.377426	-2551.89
2524	0.371762	-2473.91
2525	0.371807	-2495.21
2526	0.367182	-2441.13
2527	0.377404	-2581.66
2528	0.362255	-2354.18
2529	0.365365	-2369.39
2530	0.376042	-2526.81
2531	0.373136	-2503.32
2532	0.37197	-2511.28
2533	0.366904	-2428.57
2534	0.372284	-2466.22
2535	0.373075	-2507.34
2536	0.372965	-2452.46
2537	0.373696	-2455.93
2538	0.363797	-2381.67
2539	0.365241	-2412.4
2540	0.374002	-2490.15
2541	0.365198	-2417.53
2542	0.369754	-2462.98
2543	0.381089	-2593.87
2544	0.361579	-2338.47
2545	0.364781	-2409.73
2546	0.367206	-2414.62
2547	0.365963	-2431.44
2548	0.3727	-2495.55
2549	0.372816	-2515.3
2550	0.371686	-2486.81
2551	0.36765	-2427.94
2552	0.372179	-2461.36
2553	0.368199	-2454.09
2554	0.363906	-2380.7
2555	0.367103	-2374.98
2556	0.370226	-2445.35
2557	0.362282	-2359.01
2558	0.370071	-2437.54
2559	0.373224	-2506.27
2560	0.368431	-2436.54
2561	0.36304	-2333.4
2562	0.378015	-2548.63
2563	0.377161	-2544.73
2564	0.375133	-2529.94
2565	0.368514	-2487.34
2566	0.369073	-2444.42
2567	0.36992	-2462.43
2568	0.374132	-2526.91
2569	0.369811	-2441.33
2570	0.369728	-2448.02
2571	0.376001	-2546.07
2572	0.369053	-2423.86
2573	0.377624	-2581.62
2574	0.371687	-2435.75
2575	0.37056	-2497.94
2576	0.370961	-2455.03
2577	0.370798	-2474.42
2578	0.366893	-2388.59
2579	0.374573	-2534.34
2580	0.374915	-2495.62
2581	0.371312	-2448.61
2582	0.384351	-2663.62
2583	0.358587	-2297.06
2584	0.373666	-2507.52
2585	0.367962	-2405.69
2586	0.366808	-2419.52
2587	0.371322	-2504.36
2588	0.374124	-2491.14
2589	0.36916	-2435.51
2590	0.37517	-2523.58
2591	0.366765	-2454.06
2592	0.381044	-2552.11
2593	0.380593	-2575.99
2594	0.362503	-2358.33
2595	0.373091	-2523.01
2596	0.371635	-2518.95
2597	0.371249	-2461.42
2598	0.368789	-2405.64
2599	0.363201	-2356.91
2600	0.374134	-2500.45
2601	0.3756	-2545.93
2602	0.370537	-2446.83
2603	0.365232	-2426.04
2604	0.386071	-2701.3
2605	0.372385	-2482.72
2606	0.369222	-2455.55
2607	0.369116	-2451.67
2608	0.371037	-2497.66
2609	0.374438	-2498.51
2610	0.375781	-2550.61
2611	0.381565	-2603.26
2612	0.383811	-2671.81
2613	0.374336	-2540.62
2614	0.377014	-2584.75
2615	0.376632	-2574.39
2616	0.36782	-2437.65
2617	0.377468	-2559.27
2618	0.374144	-2522.36
2619	0.372615	-2491.73
2620	0.373916	-2519.85
2621	0.376042	-2534.24
2622	0.368435	-2429.71
2623	0.376447	-2518.47
2624	0.373717	-2489.77
2625	0.378785	-2557.52
2626	0.372061	-2483.23
2627	0.370677	-2519.58
2628	0.367257	-2405.48
2629	0.363343	-2394.36
2630	0.373575	-2508.29
2631	0.371641	-2431.01
2632	0.371998	-2496.09
2633	0.371963	-2525.32
2634	0.373465	-2519.68
2635	0.367117	-2476.38
2636	0.370577	-2494.2
2637	0.37137	-2438.58
2638	0.368917	-2404.36
2639	0.367832	-2404.69
2640	0.368058	-2467.33
2641	0.373927	-2490.57
2642	0.365102	-2397.73
2643	0.367513	-2398.51
2644	0.370189	-2515.53
2645	0.373122	-2504.58
2646	0.371442	-2494.06
2647	0.378256	-2586.05
2648	0.368477	-2413.82
2649	0.37248	-2475.06
2650	0.37418	-2504.23
2651	0.376285	-2565.36
2652	0.373162	-2493.12
2653	0.372364	-2461.98
2654	0.369788	-2429.67
2655	0.372748	-2483.73
2656	0.369758	-2434.59
2657	0.362899	-2383.17
2658	0.363415	-2392
2659	0.381953	-2587.65
2660	0.371096	-2475.04
2661	0.371499	-2467.53
2662	0.369373	-2423.12
2663	0.373527	-2556.44
2664	0.366367	-2387.19
2665	0.377581	-2515.66
2666	0.371591	-2482.15
2667	0.371044	-2487.98
2668	0.372969	-2482.61
2669	0.373695	-2494.06
2670	0.368241	-2445.96
2671	0.37897	-2559.69
2672	0.374218	-2456.59
2673	0.379265	-2616.48
2674	0.372641	-2510.32
2675	0.365061	-2377.52
2676	0.377919	-2589.93
2677	0.373816	-2496.16
2678	0.377725	-2559.19
2679	0.375166	-2554.52
2680	0.373132	-2481.85
2681	0.370608	-2443.33
2682	0.365585	-2419.77
2683	0.361301	-2339.34
2684	0.368435	-2460.51
2685	0.364852	-2384.46
2686	0.37522	-2515.73
2687	0.368953	-2483.52
2688	0.371245	-2508.04
2689	0.36618	-2440.02
2690	0.368576	-2466.75
2691	0.37373	-2498.5
2692	0.370806	-2424.91
2693	0.369079	-2403.59
2694	0.373247	-2470.31
2695	0.371013	-2527.6
2696	0.368684	-2459.47
2697	0.377181	-2519.4
2698	0.370588	-2510.54
2699	0.377374	-2567.33
2700	0.373398	-2544.15
2701	0.364198	-2354.11
2702	0.373037	-2499.37
2703	0.3756	-2548.73
2704	0.375306	-2476.85
2705	0.373558	-2528.7
2706	0.376373	-2581.56
2707	0.365346	-2442.06
2708	0.367425	-2416.99
2709	0.370006	-2432.05
2710	0.373226	-2493.47
2711	0.371078	-2473.01
2712	0.372534	-2479.96
2713	0.374781	-2509.37
2714	0.378397	-2543.03
2715	0.371875	-2534.54
2716	0.374083	-2537.93
2717	0.375118	-2527.49
2718	0.365739	-2469.22
2719	0.374891	-2534.2
2720	0.372425	-2475.38
2721	0.37734	-2587.03
2722	0.370662	-2514.88
2723	0.359816	-2303.19
2724	0.366138	-2400.14
2725	0.367471	-2437.66
2726	0.372632	-2487.94
2727	0.367373	-2433.85
2728	0.376236	-2554.97
2729	0.366657	-2426.71
2730	0.374951	-2524.08
2731	0.379011	-2599.3
2732	0.370165	-2460.32
2733	0.378151	-2583.38
2734	0.36862	-2454.93
2735	0.372844	-2489.11
2736	0.361828	-2331.29
2737	0.373833	-2531.48
2738	0.37315	-2548.69
2739	0.372414	-2496.71
2740	0.374369	-2531.22
2741	0.369333	-2450.56
2742	0.36868	-2444.39
2743	0.373201	-2490.51
2744	0.371962	-2496.09
2745	0.375447	-2575.17
2746	0.37134	-2428.18
2747	0.374532	-2553.83
2748	0.372656	-2470.29
2749	0.370779	-2476.52
2750	0.36875	-2444.7
2751	0.374517	-2511.42
2752	0.360323	-2330.41
2753	0.381815	-2644.73
2754	0.366184	-2405.34
2755	0.373478	-2524.41
2756	0.376536	-2562.35
2757	0.375348	-2552.16
2758	0.3729	-2518.28
2759	0.37589	-2536.03
2760	0.367499	-2457.92
2761	0.3678	-2443.03
2762	0.366564	-2392.14
2763	0.366663	-2424.61
2764	0.366309	-2450.84
2765	0.373616	-2513.53
2766	0.374752	-2518.84
2767	0.3695	-2473.4
2768	0.369732	-2453.6
2769	0.372139	-2502.63
2770	0.369158	-2455.66
2771	0.375116	-2551.93
2772	0.374869	-2560.62
2773	0.372845	-2564.39
2774	0.369091	-2453.26
2775	0.377063	-2516.69
2776	0.36886	-2405.33
2777	0.385782	-2690.96
2778	0.373613	-2523.58
2779	0.36191	-2379.28
2780	0.367022	-2436.25
2781	0.369537	-2481.51
2782	0.379277	-2574.86
2783	0.365871	-2409.53
2784	0.378558	-2587.84
2785	0.376564	-2516.74
2786	0.378319	-2544.96
2787	0.377918	-2568.85
2788	0.370751	-2483.81
2789	0.366642	-2416.54
2790	0.378447	-2580.27
2791	0.367173	-2436.9
2792	0.367884	-2428.28
2793	0.379854	-2594.07
2794	0.37355	-2536.66
2795	0.373556	-2512.77
2796	0.370692	-2483.75
2797	0.370563	-2514.12
2798	0.369657	-2455.22
2799	0.373855	-2512.3
2800	0.365816	-2406.56
2801	0.363953	-2416.15
2802	0.358835	-2279.13
2803	0.372539	-2481.15
2804	0.371586	-2456.3
2805	0.371426	-2477.05
2806	0.374945	-2501.8
2807	0.373727	-2509.31
2808	0.358957	-2311.4
2809	0.369758	-2482.47
2810	0.369052	-2440.72
2811	0.375779	-2576.26
2812	0.365206	-2418.64
2813	0.367973	-2398.43
2814	0.36152	-2321.57
2815	0.36344	-2381.99
2816	0.36882	-2492.36
2817	0.375147	-2570.12
2818	0.366389	-2426.48
2819	0.36974	-2423.57
2820	0.374303	-2518.42
2821	0.366722	-2384.33
2822	0.364026	-2382.11
2823	0.370292	-2501.33
2824	0.371785	-2488.91
2825	0.360151	-2337.8
2826	0.372852	-2475.71
2827	0.3761	-2503.75
2828	0.369529	-2469
2829	0.373687	-2484.18
2830	0.372798	-2471.93
2831	0.370439	-2468.69
2832	0.370698	-2466.83
2833	0.370689	-2502.18
2834	0.37347	-2511.97
2835	0.376467	-2518.54
2836	0.371474	-2505.39
2837	0.363268	-2394.72
2838	0.372076	-2467.32
2839	0.363583	-2372.84
2840	0.373278	-2471.09
2841	0.365826	-2386.96
2842	0.375152	-2494.86
2843	0.372309	-2500.97
2844	0.378365	-2580.79
2845	0.380351	-2628.35
2846	0.376682	-2575.17
2847	0.366052	-2431.43
2848	0.371073	-2461.43
2849	0.371202	-2421.99
2850	0.366694	-2420.09
2851	0.370733	-2453.64
2852	0.3742	-2511.19
2853	0.370553	-2414.34
2854	0.375935	-2543.21
2855	0.370788	-2451.41
2856	0.379035	-2527.84
2857	0.371201	-2487.39
2858	0.364552	-2415.24
2859	0.366245	-2449.73
2860	0.374274	-2554.24
2861	0.373132	-2535.76
2862	0.368073	-2457.19
2863	0.373835	-2534.34
2864	0.367122	-2453.62
2865	0.367607	-2411.14
2866	0.377873	-2505.56
2867	0.365018	-2376.77
2868	0.370326	-2436.65
2869	0.377276	-2591.79
2870	0.371551	-2483.58
2871	0.362414	-2383.87
2872	0.372543	-2461.07
2873	0.368533	-2454.28
2874	0.370093	-2480.18
2875	0.373647	-2524.03
2876	0.374196	-2558.34
2877	0.374221	-2554.72
2878	0.370847	-2456.77
2879	0.373169	-2548.36
2880	0.372093	-2501.65
2881	0.382849	-2620.76
2882	0.37704	-2538.78
2883	0.373077	-2518.59
2884	0.376228	-2593.67
2885	0.375904	-2549.99
2886	0.368818	-2440.35
2887	0.362103	-2362.83
2888	0.369258	-2437.6
2889	0.377967	-2582.8
2890	0.376314	-2568.35
2891	0.372284	-2473.09
2892	0.371664	-2464.85
2893	0.369886	-2411.38
2894	0.371204	-2500.11
2895	0.368274	-2418.83
2896	0.366439	-2388.78
2897	0.367465	-2393.36
2898	0.377067	-2585.49
2899	0.370963	-2473.01
2900	0.37418	-2501.46
2901	0.381389	-2589.62
2902	0.3722	-2503.31
2903	0.376832	-2542.58
2904	0.375687	-2548.84
2905	0.374404	-2502.72
2906	0.377667	-2551.43
2907	0.380742	-2603.44
2908	0.376293	-2540.19
2909	0.376158	-2529.01
2910	0.373804	-2507.3
2911	0.364003	-2372.37
2912	0.371693	-2467.84
2913	0.377815	-2585.44
2914	0.366991	-2410.83
2915	0.365611	-2408.25
2916	0.358071	-2317.98
2917	0.373297	-2536.25
2918	0.365832	-2456.9
2919	0.376606	-2550.58
2920	0.376288	-2523.81
2921	0.373776	-2466.27
2922	0.375818	-2534.79
2923	0.369975	-2460.97
2924	0.374332	-2543.23
2925	0.371276	-2490.54
2926	0.373063	-2499.98
2927	0.376594	-2594.99
2928	0.370821	-2467.91
2929	0.373904	-2542.52
2930	0.367779	-2381.69
2931	0.367597	-2442.51
2932	0.375154	-2528.29
2933	0.369947	-2496
2934	0.376069	-2530.38
2935	0.376344	-2548.85
2936	0.370135	-2460.12
2937	0.370942	-2488.48
2938	0.381427	-2645.06
2939	0.367699	-2410.32
2940	0.367131	-2447.45
2941	0.374526	-2490.57
2942	0.370416	-2464.51
2943	0.367867	-2419.89
2944	0.36673	-2407.87
2945	0.374517	-2506.1
2946	0.37527	-2563.88
2947	0.373661	-2532.04
2948	0.381545	-2610.46
2949	0.375755	-2513.22
2950	0.377451	-2548.09
2951	0.381948	-2637.8
2952	0.369835	-2428.62
2953	0.374411	-2527.02
2954	0.374897	-2544.26
2955	0.373671	-2500.25
2956	0.38119	-2659.61
2957	0.370945	-2506.4
2958	0.373662	-2473.26
2959	0.364955	-2432.39
2960	0.36586	-2428.05
2961	0.379754	-2586.06
2962	0.370476	-2432.76
2963	0.378017	-2534.27
2964	0.375297	-2567.54
2965	0.382958	-2652.31
2966	0.378518	-2612.25
2967	0.37615	-2565.74
2968	0.374091	-2526.6
2969	0.370591	-2457.32
2970	0.374784	-2556.3
2971	0.367384	-2444.87
2972	0.371001	-2516.44
2973	0.371889	-2522.26
2974	0.378781	-2573.09
2975	0.37601	-2498.38
2976	0.368374	-2458.61
2977	0.364351	-2413.38
2978	0.372705	-2489.79
2979	0.371845	-2507.08
2980	0.374113	-2511.72
2981	0.370613	-2467.02
2982	0.376255	-2570.35
2983	0.376468	-2584.6
2984	0.375515	-2541.69
2985	0.368828	-2440.31
2986	0.372785	-2568.33
2987	0.370893	-2525.23
2988	0.36392	-2379.08
2989	0.379498	-2594.41
2990	0.365883	-2369.04
2991	0.367924	-2479.85
2992	0.37484	-2493.41
2993	0.371495	-2492.34
2994	0.374425	-2596.01
2995	0.375327	-2538.4
2996	0.370081	-2451.41
2997	0.377759	-2552.15
2998	0.371718	-2467.41
2999	0.366547	-2420.9
