0	0.365149	-2432.7
1	0.37115	-2464.15
2	0.382092	-2622.6
3	0.369412	-2433.87
4	0.377409	-2533.31
5	0.365056	-2410.72
6	0.369509	-2456.82
7	0.374376	-2503.07
8	0.367731	-2465.77
9	0.371873	-2484.23
10	0.369749	-2483.87
11	0.363024	-2368.09
12	0.368931	-2486.5
13	0.371852	-2470.46
14	0.375891	-2525.11
15	0.364879	-2419.06
16	0.381129	-2615
17	0.368525	-2426.13
18	0.366909	-2425.28
19	0.384486	-2663.32
20	0.370547	-2470.11
21	0.369065	-2470.08
22	0.373358	-2541.03
23	0.367746	-2414.25
24	0.366168	-2413.52
25	0.37055	-2485.07
26	0.378902	-2576.49
27	0.370883	-2493.74
28	0.369828	-2443.91
29	0.36901	-2431.91
30	0.363398	-2405.82
31	0.368459	-2447.9
32	0.374364	-2520.94
33	0.369516	-2476.39
34	0.372951	-2510.58
35	0.368667	-2430.7
36	0.369959	-2447.97
37	0.361199	-2388.22
38	0.368841	-2456.73
39	0.37687	-2528.9
40	0.36587	-2413.06
41	0.3587	-2315.66
42	0.368117	-2429.51
43	0.366681	-2382.68
44	0.365531	-2363.13
45	0.367315	-2442.07
46	0.374423	-2528.64
47	0.37002	-2472.27
48	0.368738	-2416.8
49	0.368936	-2448.79
50	0.374207	-2528.41
51	0.367387	-2437.85
52	0.36687	-2393.23
53	0.366187	-2428.95
54	0.368398	-2447.18
55	0.367921	-2456.83
56	0.370095	-2508.29
57	0.371804	-2500.84
58	0.365111	-2413.26
59	0.37491	-2535.23
60	0.369601	-2469.15
61	0.362087	-2411.44
62	0.365844	-2394.75
63	0.367001	-2411.78
64	0.366711	-2397.07
65	0.363967	-2404.1
66	0.373547	-2501.69
67	0.370964	-2440.73
68	0.379944	-2657.15
69	0.377507	-2555.07
70	0.37019	-2460.91
71	0.374954	-2546.78
72	0.369246	-2450.83
73	0.370289	-2480.67
74	0.368942	-2428.3
75	0.367786	-2451.57
76	0.378154	-2548.31
77	0.369761	-2460.98
78	0.368955	-2432.96
79	0.371737	-2502.39
80	0.371075	-2451.53
81	0.374037	-2542.47
82	0.370053	-2450.91
83	0.365669	-2417.7
84	0.37442	-2554.93
85	0.364333	-2348.75
86	0.365886	-2435.47
87	0.378133	-2608.41
88	0.370698	-2448.24
89	0.365345	-2412.63
90	0.378395	-2605.92
91	0.375769	-2533.84
92	0.372377	-2512.42
93	0.365252	-2412.9
94	0.373862	-2487.99
95	0.367161	-2398.23
96	0.375985	-2567.27
97	0.365519	-2415.87
98	0.370188	-2490.59
99	0.368938	-2482.25
100	0.369705	-2476.09
101	0.370366	-2494.06
102	0.37077	-2426.4
103	0.375653	-2500.56
104	0.372409	-2477.06
105	0.364051	-2429.59
106	0.379	-2607.65
107	0.362195	-2369.56
108	0.375235	-2537.92
109	0.376607	-2541.46
110	0.366604	-2418.85
111	0.374296	-2526.94
112	0.372397	-2469.27
113	0.371201	-2499.08
114	0.367025	-2445.96
115	0.37246	-2509.41
116	0.375286	-2525.19
117	0.368157	-2455.14
118	0.369496	-2425.73
119	0.373408	-2550.95
120	0.365458	-2423.31
121	0.369185	-2459.4
122	0.369876	-2449.65
123	0.371268	-2526.51
124	0.369809	-2436.3
125	0.371018	-2500.57
126	0.373236	-2545.17
127	0.373643	-2485.35
128	0.368412	-2451.27
129	0.372142	-2452.68
130	0.367077	-2425.26
131	0.378631	-2562.52
132	0.36874	-2443.35
133	0.36489	-2408.5
134	0.362972	-2354.86
135	0.378634	-2618.59
136	0.369383	-2472.5
137	0.367409	-2434.14
138	0.365595	-2419.92
139	0.373038	-2505.83
140	0.371179	-2467.48
141	0.362945	-2382.94
142	0.374951	-2542.88
143	0.360198	-2378.2
144	0.371315	-2462.09
145	0.378253	-2552.37
146	0.36776	-2403.9
147	0.366625	-2400.75
148	0.37148	-2475.48
149	0.367019	-2426.33
150	0.374373	-2490.47
151	0.378587	-2575.75
152	0.37029	-2470.28
153	0.369941	-2437.83
154	0.375673	-2587.95
155	0.377437	-2550.41
156	0.364124	-2372.65
157	0.361333	-2353.42
158	0.378008	-2557.93
159	0.372292	-2537.03
160	0.376547	-2555.58
161	0.369348	-2468.77
162	0.368081	-2429.88
163	0.375132	-2535.34
164	0.374017	-2512.56
165	0.377735	-2566.76
166	0.370801	-2475.79
167	0.365174	-2400.26
168	0.374434	-2472.86
169	0.362419	-2339.02
170	0.372538	-2489.71
171	0.374084	-2532.09
172	0.375384	-2535.04
173	0.371421	-2530.84
174	0.357711	-2335.67
175	0.375524	-2519.25
176	0.382635	-2658.48
177	0.371946	-2498.54
178	0.369088	-2451.96
179	0.368817	-2430.86
180	0.360805	-2353.53
181	0.366504	-2390.72
182	0.364305	-2385.16
183	0.372736	-2458.85
184	0.379156	-2569.97
185	0.371375	-2450.76
186	0.378119	-2564.63
187	0.366537	-2405.55
188	0.368519	-2437.77
189	0.374691	-2523.13
190	0.370215	-2474.14
191	0.368989	-2442.39
192	0.371093	-2470.43
193	0.36741	-2403.02
194	0.365512	-2433.84
195	0.373216	-2524.56
196	0.372117	-2486.78
197	0.366762	-2396.34
198	0.370297	-2461.54
199	0.368504	-2457.32
200	0.387434	-2680.96
201	0.370939	-2464.87
202	0.383409	-2600.23
203	0.368263	-2469.75
204	0.365902	-2435.19
205	0.374904	-2493.9
206	0.35517	-2254.56
207	0.371906	-2504.28
208	0.381021	-2617.65
209	0.371046	-2432.73
210	0.375705	-2537.95
211	0.362731	-2338.2
212	0.369737	-2432.18
213	0.375618	-2522.27
214	0.375237	-2527
215	0.36768	-2422.49
216	0.367531	-2462.35
217	0.377645	-2567.24
218	0.369491	-2447.82
219	0.37002	-2472.72
220	0.370519	-2493.61
221	0.372224	-2490.97
222	0.373217	-2536.46
223	0.374471	-2508.14
224	0.377205	-2534.56
225	0.369905	-2432.55
226	0.371218	-2474.83
227	0.368263	-2441.58
228	0.374896	-2557.49
229	0.364331	-2373.1
230	0.363584	-2345.68
231	0.368064	-2403.77
232	0.372136	-2504.15
233	0.374508	-2487.66
234	0.376058	-2526.23
235	0.370582	-2504.72
236	0.370981	-2499.11
237	0.364635	-2384.31
238	0.370152	-2460.06
239	0.379529	-2578.22
240	0.366952	-2439.02
241	0.368343	-2446.88
242	0.375801	-2519.18
243	0.379437	-2584.25
244	0.373759	-2507.25
245	0.365454	-2431.34
246	0.376434	-2527.15
247	0.371772	-2481.79
248	0.37231	-2499.16
249	0.372378	-2529.03
250	0.377967	-2570.41
251	0.369594	-2469.13
252	0.365668	-2391.91
253	0.369034	-2469.24
254	0.381983	-2601.04
255	0.369919	-2432.24
256	0.367251	-2443.4
257	0.377065	-2559.8
258	0.372731	-2523.16
259	0.370367	-2421.25
260	0.369847	-2468.27
261	0.368091	-2437.47
262	0.379519	-2584.38
263	0.368435	-2407.2
264	0.362961	-2334.34
265	0.380312	-2595.06
266	0.372144	-2514.07
267	0.365787	-2394.55
268	0.374613	-2508.14
269	0.366004	-2404.12
270	0.379818	-2588.03
271	0.370999	-2457.69
272	0.379866	-2576.07
273	0.378436	-2547.57
274	0.371788	-2494.81
275	0.370022	-2452.69
276	0.370905	-2540.89
277	0.367869	-2426.41
278	0.371461	-2457.75
279	0.366918	-2384.55
280	0.371266	-2454.47
281	0.376435	-2559.7
282	0.365429	-2347.6
283	0.36928	-2465.64
284	0.366937	-2439.27
285	0.373275	-2510.15
286	0.376622	-2564.98
287	0.361944	-2380.68
288	0.373014	-2478.19
289	0.369952	-2424.51
290	0.364037	-2357.66
291	0.374903	-2519.85
292	0.368814	-2421.06
293	0.360329	-2328.97
294	0.369854	-2435.55
295	0.371507	-2483.84
296	0.370363	-2461.61
297	0.378951	-2634.28
298	0.372292	-2492.02
299	0.38031	-2586.6
300	0.37235	-2480.55
301	0.371975	-2494.04
302	0.375781	-2554.08
303	0.374425	-2484.88
304	0.369014	-2490.61
305	0.371028	-2451.57
306	0.37535	-2517.7
307	0.374878	-2539.89
308	0.36339	-2392.28
309	0.36978	-2462.34
310	0.369837	-2452.55
311	0.3777	-2546.79
312	0.373544	-2548.39
313	0.364136	-2357.57
314	0.373905	-2508.37
315	0.370972	-2462.31
316	0.372488	-2513.15
317	0.36471	-2363.08
318	0.369126	-2482.61
319	0.362875	-2364.38
320	0.376449	-2563.29
321	0.374555	-2552.23
322	0.37188	-2497.43
323	0.370098	-2445.69
324	0.368221	-2432.42
325	0.374927	-2507.71
326	0.382885	-2609.78
327	0.373177	-2520.68
328	0.369923	-2427.76
329	0.374617	-2528.02
330	0.371973	-2501.57
331	0.374561	-2528.28
332	0.371152	-2461.51
333	0.367505	-2470.36
334	0.373098	-2517.87
335	0.375752	-2548.84
336	0.366954	-2440.03
337	0.367159	-2394.85
338	0.372306	-2470.64
339	0.363485	-2380.01
340	0.378194	-2591.37
341	0.362741	-2374.66
342	0.369467	-2432.81
343	0.376351	-2588.08
344	0.365667	-2385.43
345	0.37196	-2515.16
346	0.372536	-2503.88
347	0.374591	-2500.23
348	0.366807	-2398.43
349	0.377124	-2543.81
350	0.37092	-2478.61
351	0.377478	-2552.83
352	0.359118	-2339
353	0.373192	-2502.18
354	0.368316	-2430.37
355	0.37654	-2563.06
356	0.374573	-2500.82
357	0.374851	-2539.5
358	0.373154	-2488.6
359	0.363526	-2376.59
360	0.377048	-2569.54
361	0.370953	-2439.8
362	0.371373	-2466.32
363	0.381243	-2616.89
364	0.370812	-2478.11
365	0.369415	-2425.66
366	0.369069	-2455.09
367	0.369499	-2422.54
368	0.380311	-2616.82
369	0.375742	-2557.81
370	0.367912	-2438.79
371	0.369691	-2431.04
372	0.36635	-2382.26
373	0.370252	-2454.2
374	0.37337	-2525.76
375	0.371994	-2499.49
376	0.363882	-2355.39
377	0.37483	-2523.22
378	0.364654	-2409.03
379	0.366326	-2441.69
380	0.372121	-2417.28
381	0.375731	-2518.78
382	0.370328	-2477.28
383	0.377598	-2563.09
384	0.369595	-2459.62
385	0.363283	-2378.79
386	0.376582	-2559.18
387	0.36588	-2414.5
388	0.372207	-2442.53
389	0.372218	-2465.33
390	0.36898	-2420.26
391	0.370045	-2465.89
392	0.376049	-2535.87
393	0.370839	-2466.65
394	0.368462	-2457.47
395	0.374906	-2494.89
396	0.369204	-2425.4
397	0.377148	-2583.3
398	0.370484	-2401.89
399	0.363712	-2327.89
400	0.372974	-2511.18
401	0.369804	-2477.83
402	0.38027	-2589.95
403	0.363796	-2376.74
404	0.376717	-2552.89
405	0.367156	-2425.22
406	0.366194	-2407.25
407	0.369672	-2508.35
408	0.371651	-2472.47
409	0.372024	-2452.7
410	0.374679	-2513.35
411	0.36663	-2405
412	0.373844	-2535.21
413	0.374394	-2522.36
414	0.371174	-2494.79
415	0.368485	-2492.09
416	0.362878	-2356.79
417	0.368029	-2391.16
418	0.365106	-2392.14
419	0.373487	-2501.17
420	0.370624	-2487.55
421	0.371438	-2446.9
422	0.373172	-2507.78
423	0.371683	-2477.87
424	0.375825	-2544.14
425	0.364643	-2400.96
426	0.37113	-2490.48
427	0.369798	-2458.49
428	0.367042	-2375.88
429	0.367574	-2406.43
430	0.375506	-2528.92
431	0.373455	-2511.37
432	0.38044	-2608.97
433	0.368096	-2428.74
434	0.370891	-2509.96
435	0.3649	-2374.29
436	0.366348	-2427.79
437	0.359826	-2347.91
438	0.368666	-2425.03
439	0.36835	-2411.29
440	0.375881	-2565.26
441	0.371786	-2481.5
442	0.365802	-2377.9
443	0.373291	-2526.66
444	0.372033	-2431.95
445	0.36613	-2438.51
446	0.380612	-2591.77
447	0.37222	-2481.66
448	0.366469	-2434.39
449	0.376781	-2568.91
450	0.370166	-2518.62
451	0.373665	-2507.95
452	0.366951	-2396.62
453	0.366712	-2371.52
454	0.36453	-2356.57
455	0.361506	-2333.36
456	0.368341	-2466.15
457	0.372007	-2494.84
458	0.371002	-2459.65
459	0.363617	-2356.28
460	0.368063	-2417.24
461	0.370207	-2460.94
462	0.371183	-2463.04
463	0.367985	-2416
464	0.365662	-2384.79
465	0.375159	-2512.44
466	0.369502	-2441.14
467	0.365588	-2424.41
468	0.372463	-2468.22
469	0.36459	-2373.11
470	0.364092	-2380.71
471	0.373629	-2509.31
472	0.369952	-2415.53
473	0.370349	-2512.82
474	0.37344	-2486.7
475	0.374991	-2491.91
476	0.375963	-2528.69
477	0.371835	-2490.71
478	0.367514	-2451.86
479	0.372065	-2493.3
480	0.3683	-2446.47
481	0.362293	-2360.92
482	0.375052	-2484.9
483	0.373071	-2510.32
484	0.362836	-2439.57
485	0.366615	-2411.03
486	0.372141	-2513.25
487	0.366705	-2406.52
488	0.374214	-2548.41
489	0.374814	-2568.9
490	0.369743	-2457.27
491	0.373197	-2484.35
492	0.362546	-2354.45
493	0.373112	-2484.83
494	0.37142	-2493.34
495	0.373093	-2472.54
496	0.3629	-2352.84
497	0.369193	-2461.06
498	0.378147	-2576.39
499	0.368883	-2450.35
500	0.372067	-2475.12
501	0.368706	-2428.58
502	0.368323	-2416.12
503	0.372162	-2473.05
504	0.372204	-2519.55
505	0.367735	-2450.97
506	0.374661	-2555.88
507	0.370591	-2505.69
508	0.369303	-2474.44
509	0.373262	-2534.92
510	0.367881	-2431.62
511	0.366236	-2426.14
512	0.374037	-2541.03
513	0.371047	-2457.06
514	0.36762	-2435.47
515	0.367721	-2487.8
516	0.371245	-2482.24
517	0.373979	-2584.43
518	0.366079	-2406.82
519	0.367521	-2489.7
520	0.371372	-2492.32
521	0.378197	-2545.58
522	0.367203	-2381.18
523	0.371412	-2516.66
524	0.374018	-2513.67
525	0.36644	-2399
526	0.362042	-2348.63
527	0.362783	-2373.83
528	0.369021	-2488.2
529	0.376422	-2561.11
530	0.37104	-2467.27
531	0.37717	-2564.38
532	0.373164	-2518.54
533	0.371225	-2449.93
534	0.369243	-2445.89
535	0.378495	-2591.04
536	0.367741	-2420.4
537	0.364758	-2349.27
538	0.367059	-2430.78
539	0.372389	-2486.74
540	0.372882	-2470.36
541	0.37491	-2499.22
542	0.368198	-2424.86
543	0.37168	-2523.99
544	0.372532	-2544.99
545	0.373769	-2487.37
546	0.370318	-2466.73
547	0.367324	-2448.06
548	0.372695	-2534.7
549	0.369807	-2471.71
550	0.373197	-2469.37
551	0.370381	-2475.65
552	0.375124	-2524.84
553	0.371406	-2503.25
554	0.375306	-2554.53
555	0.363531	-2357.87
556	0.368071	-2412.44
557	0.361014	-2363.91
558	0.370671	-2481.85
559	0.376377	-2566.98
560	0.367361	-2470.19
561	0.369224	-2405.52
562	0.370539	-2469.7
563	0.380403	-2587.34
564	0.371066	-2496.95
565	0.369182	-2457.66
566	0.370224	-2475.48
567	0.372828	-2485.4
568	0.369391	-2471.91
569	0.368954	-2464.1
570	0.374051	-2519.38
571	0.369585	-2475.24
572	0.368254	-2432.49
573	0.371073	-2475.07
574	0.368036	-2439.83
575	0.36868	-2427.89
576	0.369357	-2433.67
577	0.367004	-2386.31
578	0.373097	-2471.68
579	0.375957	-2552.46
580	0.372659	-2450.48
581	0.362491	-2356.04
582	0.365295	-2462.51
583	0.377707	-2587.25
584	0.357779	-2320.66
585	0.370305	-2429.91
586	0.370491	-2501.53
587	0.375532	-2533.62
588	0.379734	-2576.35
589	0.375687	-2549.4
590	0.378685	-2598.41
591	0.361682	-2343.5
592	0.380538	-2625.14
593	0.372168	-2457.97
594	0.374961	-2542.41
595	0.36818	-2408.06
596	0.369854	-2482.12
597	0.368776	-2471.57
598	0.370166	-2465.64
599	0.376115	-2549.97
600	0.372059	-2478.79
601	0.369968	-2494
602	0.373199	-2485.4
603	0.377109	-2528.5
604	0.37251	-2518.01
605	0.365037	-2426.1
606	0.371107	-2471.38
607	0.361621	-2357.18
608	0.368358	-2397.15
609	0.375098	-2519.56
610	0.367337	-2417.99
611	0.375686	-2547.09
612	0.361502	-2318.7
613	0.372079	-2522.46
614	0.363434	-2355.93
615	0.380374	-2623.49
616	0.368244	-2420.96
617	0.373777	-2490.16
618	0.370612	-2489.86
619	0.375964	-2520.31
620	0.372409	-2503.08
621	0.376171	-2562.15
622	0.372686	-2518.19
623	0.374188	-2553.27
624	0.372328	-2496.01
625	0.369513	-2460.74
626	0.373837	-2470.77
627	0.375759	-2588.58
628	0.365512	-2375.87
629	0.36759	-2418.15
630	0.372629	-2478.96
631	0.365493	-2409.81
632	0.363604	-2387.94
633	0.370664	-2500.65
634	0.372536	-2501.91
635	0.368697	-2435.25
636	0.361496	-2385.61
637	0.375087	-2540.91
638	0.361898	-2332.6
639	0.371757	-2484.75
640	0.3637	-2372.13
641	0.37064	-2500.2
642	0.367798	-2420.1
643	0.355438	-2288.85
644	0.369466	-2471.94
645	0.369436	-2462.58
646	0.377709	-2552.07
647	0.372266	-2467.94
648	0.369787	-2494.29
649	0.376755	-2573.43
650	0.380923	-2578.07
651	0.3667	-2458.51
652	0.370423	-2453.78
653	0.375131	-2496.14
654	0.370194	-2440.53
655	0.370406	-2489.39
656	0.368114	-2426.28
657	0.379206	-2610.48
658	0.373241	-2479.98
659	0.372325	-2454.72
660	0.376987	-2556.27
661	0.364222	-2388.21
662	0.366793	-2421.11
663	0.370767	-2433.22
664	0.370491	-2421.85
665	0.365641	-2398.46
666	0.36755	-2407.62
667	0.37655	-2549.52
668	0.362069	-2395.81
669	0.379819	-2569.56
670	0.370551	-2455.6
671	0.364598	-2425.02
672	0.371496	-2490.46
673	0.372621	-2527.14
674	0.369347	-2466.97
675	0.371743	-2484.38
676	0.364857	-2410.69
677	0.374534	-2475.11
678	0.363904	-2405.96
679	0.371791	-2475.51
680	0.368455	-2418.84
681	0.365135	-2391.43
682	0.372769	-2528.16
683	0.366193	-2391.99
684	0.370343	-2477.87
685	0.370394	-2467.64
686	0.365371	-2425.62
687	0.37399	-2520.49
688	0.364242	-2358.28
689	0.372632	-2502.36
690	0.369698	-2474.66
691	0.376245	-2550.43
692	0.364705	-2428.01
693	0.372462	-2492.25
694	0.374783	-2493.62
695	0.363336	-2365.4
696	0.36767	-2411.48
697	0.367471	-2394.35
698	0.367584	-2429.41
699	0.379975	-2584.84
700	0.367945	-2408.12
701	0.37528	-2518.06
702	0.37615	-2518.04
703	0.365214	-2394.36
704	0.374226	-2504.89
705	0.372082	-2475.11
706	0.365824	-2429.08
707	0.370989	-2461.39
708	0.363827	-2342.79
709	0.373944	-2510.98
710	0.373497	-2496.94
711	0.374795	-2515.83
712	0.369357	-2477.69
713	0.374474	-2540.65
714	0.36551	-2380.19
715	0.368255	-2424.01
716	0.37463	-2516.48
717	0.374608	-2557.33
718	0.376254	-2564.4
719	0.378684	-2570.81
720	0.365926	-2366.85
721	0.370305	-2505.09
722	0.368581	-2427.32
723	0.367341	-2403.11
724	0.366576	-2438.35
725	0.37555	-2556.55
726	0.37267	-2501.05
727	0.373792	-2495.31
728	0.370613	-2473.9
729	0.364222	-2416.33
730	0.367855	-2412.31
731	0.372882	-2527.14
732	0.373042	-2525.6
733	0.375142	-2500.3
734	0.364302	-2367.71
735	0.371056	-2451.84
736	0.376183	-2544.42
737	0.373323	-2464.26
738	0.367611	-2458.72
739	0.37546	-2552.85
740	0.376831	-2535.54
741	0.368205	-2475.04
742	0.369001	-2439.91
743	0.365968	-2385.04
744	0.362316	-2324.35
745	0.364566	-2406.31
746	0.376299	-2587.46
747	0.374343	-2491.74
748	0.368969	-2451.19
749	0.365485	-2423.74
750	0.374718	-2488.37
751	0.374525	-2522.59
752	0.37382	-2513.54
753	0.37611	-2513.62
754	0.375491	-2542.9
755	0.371023	-2453.35
756	0.375548	-2477.34
757	0.367338	-2446.06
758	0.371032	-2460.18
759	0.371141	-2489.12
760	0.372869	-2505.76
761	0.366993	-2408.07
762	0.368093	-2430.6
763	0.372035	-2511.06
764	0.374029	-2527.86
765	0.364167	-2375.21
766	0.372125	-2439.49
767	0.372489	-2473.04
768	0.369869	-2467.65
769	0.382263	-2647.44
770	0.367848	-2415.72
771	0.370586	-2486.06
772	0.366711	-2416.56
773	0.369946	-2459.01
774	0.378268	-2532.42
775	0.371729	-2448.58
776	0.375478	-2535.5
777	0.362755	-2375.28
778	0.379169	-2571.93
779	0.375964	-2564.73
780	0.363903	-2376.76
781	0.369843	-2466.81
782	0.366718	-2386.91
783	0.372657	-2458.51
784	0.372398	-2534.02
785	0.363932	-2418.2
786	0.376464	-2580.03
787	0.370244	-2459.41
788	0.373756	-2498.06
789	0.379295	-2604.27
790	0.385325	-2674.87
791	0.373831	-2536.82
792	0.370056	-2442.4
793	0.365675	-2443.64
794	0.381094	-2619.7
795	0.368508	-2416.97
796	0.367953	-2376.18
797	0.368348	-2461.71
798	0.377199	-2566.65
799	0.374131	-2551.16
800	0.375396	-2542.25
801	0.36202	-2388.52
802	0.372406	-2539.45
803	0.362346	-2360.62
804	0.36942	-2465.93
805	0.372525	-2508.27
806	0.373863	-2534.79
807	0.369798	-2497.62
808	0.370698	-2471.41
809	0.378176	-2548.69
810	0.368577	-2469.31
811	0.380753	-2617.81
812	0.370071	-2492.35
813	0.370382	-2472.48
814	0.372896	-2514.89
815	0.367213	-2420.94
816	0.368874	-2469.58
817	0.367841	-2486.08
818	0.375652	-2583.44
819	0.374506	-2545.02
820	0.366593	-2417.65
821	0.369477	-2463.19
822	0.368381	-2433.77
823	0.361456	-2315.31
824	0.366045	-2399.82
825	0.370147	-2453.36
826	0.374861	-2521.78
827	0.370194	-2448.39
828	0.363933	-2371.33
829	0.365958	-2399.15
830	0.371455	-2494.25
831	0.370454	-2451.79
832	0.371401	-2450.61
833	0.367194	-2432.32
834	0.368813	-2437.74
835	0.370404	-2467.66
836	0.370506	-2503.12
837	0.377001	-2536.74
838	0.373772	-2482.83
839	0.371174	-2511.23
840	0.367665	-2413.9
841	0.372235	-2506.46
842	0.365195	-2399
843	0.371658	-2480.53
844	0.365005	-2391.54
845	0.372241	-2489.42
846	0.368079	-2443.53
847	0.378244	-2606.89
848	0.373387	-2509.59
849	0.363621	-2365.34
850	0.377304	-2574.22
851	0.367648	-2471.5
852	0.365595	-2423.16
853	0.369498	-2470.7
854	0.362078	-2303.99
855	0.382768	-2624.77
856	0.369216	-2432.63
857	0.367613	-2400.68
858	0.376811	-2598.43
859	0.369072	-2420.6
860	0.369046	-2443.51
861	0.36824	-2457.47
862	0.369426	-2465.63
863	0.371136	-2506.57
864	0.376502	-2586.93
865	0.364098	-2335.1
866	0.371403	-2497.03
867	0.36763	-2429.31
868	0.367084	-2417.6
869	0.377152	-2535.79
870	0.366499	-2401.12
871	0.369627	-2438.42
872	0.360132	-2340.57
873	0.364691	-2420.19
874	0.372059	-2447.08
875	0.366047	-2391.81
876	0.373308	-2501.28
877	0.370097	-2472.29
878	0.370522	-2471.18
879	0.371359	-2488.44
880	0.366668	-2381.96
881	0.368535	-2423.92
882	0.368004	-2429.36
883	0.371544	-2502.82
884	0.370873	-2451.46
885	0.361831	-2349.94
886	0.372079	-2512.69
887	0.369886	-2445.04
888	0.375206	-2561.99
889	0.367018	-2399.32
890	0.369259	-2477.32
891	0.373851	-2524.73
892	0.376518	-2509.47
893	0.373496	-2505.83
894	0.373655	-2534.77
895	0.371921	-2480.2
896	0.36439	-2415.52
897	0.366916	-2408.11
898	0.372345	-2444.53
899	0.371883	-2486.93
900	0.372796	-2491.6
901	0.361099	-2391.86
902	0.371546	-2464.92
903	0.373894	-2565.37
904	0.367101	-2407.58
905	0.374019	-2474.36
906	0.369307	-2407.89
907	0.370749	-2467.61
908	0.371845	-2451.16
909	0.374745	-2515.74
910	0.36863	-2448.83
911	0.370751	-2505.49
912	0.3772	-2578.98
913	0.368374	-2405.85
914	0.373315	-2491.27
915	0.375997	-2562.93
916	0.367337	-2397.79
917	0.372008	-2459.62
918	0.361608	-2369.55
919	0.359432	-2327.68
920	0.363833	-2390.52
921	0.371002	-2485.86
922	0.368677	-2425.87
923	0.375269	-2526.45
924	0.362662	-2348.22
925	0.37689	-2527.17
926	0.365485	-2433.41
927	0.37489	-2516.99
928	0.375624	-2575.35
929	0.37121	-2467.56
930	0.368515	-2434.59
931	0.372932	-2521.79
932	0.36719	-2417.33
933	0.369861	-2456.26
934	0.369479	-2438.02
935	0.375497	-2547.28
936	0.367718	-2456.78
937	0.364278	-2386.43
938	0.357502	-2309.03
939	0.376022	-2534.24
940	0.36596	-2454.65
941	0.374908	-2523.53
942	0.363596	-2349.72
943	0.370939	-2476.71
944	0.379066	-2585.05
945	0.364926	-2374.03
946	0.370104	-2485.53
947	0.37145	-2484.18
948	0.371634	-2471
949	0.368121	-2440.31
950	0.387542	-2686.55
951	0.371114	-2510.3
952	0.372083	-2454.2
953	0.370617	-2446.55
954	0.375944	-2526.82
955	0.374326	-2551.68
956	0.375842	-2506.04
957	0.364907	-2371.34
958	0.370772	-2503.11
959	0.370818	-2462.31
960	0.377421	-2537.48
961	0.371615	-2469.05
962	0.374815	-2528.57
963	0.370369	-2429.08
964	0.368146	-2420.65
965	0.37576	-2521.45
966	0.374443	-2510.38
967	0.376578	-2577.51
968	0.364201	-2401.36
969	0.366467	-2438.46
970	0.36474	-2391.55
971	0.373495	-2526.83
972	0.363373	-2431.91
973	0.36903	-2407.85
974	0.368991	-2388.82
975	0.36684	-2405.68
976	0.371148	-2483.41
977	0.365617	-2370.27
978	0.368768	-2480.44
979	0.37179	-2499.24
980	0.365103	-2412.17
981	0.374055	-2529
982	0.374855	-2514.82
983	0.37932	-2624.91
984	0.36559	-2425.58
985	0.36216	-2344.01
986	0.366357	-2387.23
987	0.379914	-2601.26
988	0.374582	-2485.44
989	0.378678	-2521.15
990	0.3772	-2585.4
991	0.377054	-2510.67
992	0.364626	-2433.99
993	0.360908	-2360.52
994	0.36882	-2452.73
995	0.37236	-2514.31
996	0.369088	-2423.29
997	0.366706	-2398.73
998	0.371915	-2485.71
999	0.363937	-2349.9
1000	0.372675	-2491.55
1001	0.371131	-2477.08
1002	0.363006	-2357.03
1003	0.377525	-2615.1
1004	0.365016	-2407.2
1005	0.373363	-2522.8
1006	0.371771	-2481.64
1007	0.377453	-2554.93
1008	0.374504	-2511.95
1009	0.380562	-2591.79
1010	0.37627	-2541.89
1011	0.3717	-2506.81
1012	0.369903	-2440.84
1013	0.377312	-2578.87
1014	0.374787	-2526.77
1015	0.374804	-2542.04
1016	0.367644	-2429.43
1017	0.37025	-2476.15
1018	0.36903	-2440.45
1019	0.375615	-2556.95
1020	0.372012	-2475.53
1021	0.368602	-2422.2
1022	0.372547	-2487.61
1023	0.369484	-2459.18
1024	0.370024	-2479.21
1025	0.368461	-2460.76
1026	0.36452	-2396.31
1027	0.364584	-2400.41
1028	0.367833	-2435.42
1029	0.368423	-2422.52
1030	0.367549	-2408.22
1031	0.373534	-2527.99
1032	0.374061	-2459.18
1033	0.369671	-2419.19
1034	0.375267	-2530.78
1035	0.367279	-2385.89
1036	0.371612	-2463.67
1037	0.371725	-2466.99
1038	0.377989	-2571.47
1039	0.367122	-2413.49
1040	0.370102	-2473.96
1041	0.376486	-2538.71
1042	0.369915	-2436.51
1043	0.36602	-2382.38
1044	0.378642	-2578.38
1045	0.373435	-2549.2
1046	0.373562	-2477.68
1047	0.367515	-2416.4
1048	0.38385	-2658.27
1049	0.367356	-2442.08
1050	0.368604	-2400.14
1051	0.374025	-2481.38
1052	0.372726	-2505.97
1053	0.377178	-2549.94
1054	0.375039	-2532.09
1055	0.371576	-2448.92
1056	0.373003	-2530.02
1057	0.37433	-2515.3
1058	0.371535	-2453.5
1059	0.362772	-2344.21
1060	0.368193	-2450.47
1061	0.379755	-2580.76
1062	0.36383	-2383.48
1063	0.371655	-2476.63
1064	0.370636	-2454.8
1065	0.37305	-2509.37
1066	0.368863	-2465.81
1067	0.368005	-2411.11
1068	0.369184	-2445.77
1069	0.37091	-2489.23
1070	0.37068	-2478.25
1071	0.376233	-2539.49
1072	0.371774	-2465.66
1073	0.376041	-2523.05
1074	0.365863	-2389.16
1075	0.372953	-2508.72
1076	0.372322	-2478.25
1077	0.368037	-2454.54
1078	0.369072	-2439.58
1079	0.368523	-2430.47
1080	0.367232	-2422.34
1081	0.367385	-2453.58
1082	0.37735	-2609.36
1083	0.370219	-2469.32
1084	0.377287	-2586.1
1085	0.372363	-2516.23
1086	0.371931	-2475.64
1087	0.373233	-2503.14
1088	0.375106	-2500.78
1089	0.378182	-2599.1
1090	0.360229	-2333.72
1091	0.370417	-2479.17
1092	0.370416	-2471.09
1093	0.377693	-2537.3
1094	0.362144	-2361.24
1095	0.365027	-2432.12
1096	0.371129	-2502.38
1097	0.368304	-2449.99
1098	0.377167	-2587.77
1099	0.370173	-2462.72
1100	0.373731	-2504.21
1101	0.368097	-2416.64
1102	0.363929	-2358.31
1103	0.372301	-2494.57
1104	0.372557	-2501.25
1105	0.363747	-2333.45
1106	0.368857	-2458.17
1107	0.369001	-2380.05
1108	0.371618	-2462.19
1109	0.375168	-2554.81
1110	0.369053	-2456.5
1111	0.378086	-2566.23
1112	0.373258	-2476.62
1113	0.360194	-2342.67
1114	0.360609	-2315.97
1115	0.374723	-2565.85
1116	0.369493	-2465.25
1117	0.364631	-2408.7
1118	0.3616	-2319.04
1119	0.370584	-2473.98
1120	0.368283	-2427.18
1121	0.372662	-2488.29
1122	0.367498	-2424.5
1123	0.376092	-2521.16
1124	0.37921	-2600.33
1125	0.369795	-2482.87
1126	0.367358	-2451.49
1127	0.371206	-2515.89
1128	0.371254	-2490.78
1129	0.370482	-2508.58
1130	0.375473	-2538.83
1131	0.374469	-2489.33
1132	0.375093	-2539.07
1133	0.373827	-2518.09
1134	0.364556	-2341.9
1135	0.368475	-2411.76
1136	0.3771	-2569.17
1137	0.377559	-2535.27
1138	0.365445	-2453.35
1139	0.377552	-2573.12
1140	0.369021	-2471.94
1141	0.371488	-2476.54
1142	0.372241	-2468.25
1143	0.375921	-2512.65
1144	0.371681	-2483.38
1145	0.356764	-2314.66
1146	0.381362	-2615.22
1147	0.371183	-2478.94
1148	0.367249	-2410.34
1149	0.37781	-2589.09
1150	0.366319	-2420.09
1151	0.376362	-2529.72
1152	0.368566	-2465.67
1153	0.362851	-2371.96
1154	0.370871	-2483.88
1155	0.373315	-2519.45
1156	0.36963	-2451.89
1157	0.381152	-2559.96
1158	0.371048	-2449.19
1159	0.372444	-2496.45
1160	0.363403	-2413.78
1161	0.367226	-2388.66
1162	0.373006	-2515.7
1163	0.376719	-2552.23
1164	0.371515	-2463.14
1165	0.365266	-2386.62
1166	0.372272	-2482.09
1167	0.375377	-2534.86
1168	0.375217	-2503.25
1169	0.364447	-2391.04
1170	0.370609	-2479.58
1171	0.367848	-2433.24
1172	0.364402	-2398.88
1173	0.364116	-2368.56
1174	0.367777	-2434.81
1175	0.371563	-2502.79
1176	0.374479	-2524.31
1177	0.364489	-2407.58
1178	0.37857	-2577.9
1179	0.366339	-2379.09
1180	0.365886	-2418.65
1181	0.370544	-2496.47
1182	0.372799	-2526.16
1183	0.374249	-2524.27
1184	0.36624	-2397.26
1185	0.373856	-2496.3
1186	0.366175	-2394.01
1187	0.367025	-2411.21
1188	0.370254	-2421.07
1189	0.372995	-2509.95
1190	0.370606	-2462.16
1191	0.370229	-2472.71
1192	0.365546	-2395.88
1193	0.366213	-2395.53
1194	0.3678	-2414.99
1195	0.372802	-2539.52
1196	0.365657	-2411.42
1197	0.367398	-2401.08
1198	0.372769	-2475.08
1199	0.36772	-2400.71
1200	0.37675	-2568.16
1201	0.372337	-2470.14
1202	0.369678	-2440.85
1203	0.375204	-2508.36
1204	0.379023	-2572.47
1205	0.375339	-2497.06
1206	0.371312	-2434.82
1207	0.372048	-2471.51
1208	0.377654	-2611.61
1209	0.372338	-2537.71
1210	0.371481	-2486.97
1211	0.370355	-2517.48
1212	0.366795	-2420.54
1213	0.370981	-2474.1
1214	0.371538	-2482.37
1215	0.368565	-2430.82
1216	0.371644	-2505.48
1217	0.372944	-2474.19
1218	0.366333	-2384.34
1219	0.36957	-2485.94
1220	0.376357	-2526.45
1221	0.370161	-2480.29
1222	0.372592	-2504.12
1223	0.366249	-2399.09
1224	0.370623	-2406.3
1225	0.375034	-2492.25
1226	0.37491	-2556.17
1227	0.36919	-2472.21
1228	0.375534	-2534.57
1229	0.384259	-2626.34
1230	0.384669	-2652.61
1231	0.363647	-2348.09
1232	0.369256	-2425.33
1233	0.374404	-2502.25
1234	0.365758	-2373.11
1235	0.373949	-2492.5
1236	0.37299	-2499.43
1237	0.372418	-2529.29
1238	0.369881	-2504.72
1239	0.377036	-2501.84
1240	0.374761	-2547.18
1241	0.373859	-2507.33
1242	0.375066	-2505.43
1243	0.36417	-2388.67
1244	0.375305	-2489.99
1245	0.367446	-2391.94
1246	0.372273	-2464.54
1247	0.372051	-2496.17
1248	0.361179	-2381.05
1249	0.375982	-2515.48
1250	0.368737	-2474.98
1251	0.378839	-2568.05
1252	0.36955	-2466.61
1253	0.374318	-2482.49
1254	0.371741	-2478.66
1255	0.373195	-2535.84
1256	0.373163	-2508.64
1257	0.380312	-2600.89
1258	0.373608	-2519.72
1259	0.366883	-2452.93
1260	0.372628	-2538.23
1261	0.367933	-2410.33
1262	0.368487	-2446.33
1263	0.373668	-2521.92
1264	0.366733	-2400.54
1265	0.377332	-2575.46
1266	0.369875	-2460.66
1267	0.371987	-2489.22
1268	0.358925	-2275.56
1269	0.372494	-2461.68
1270	0.373199	-2507.79
1271	0.372677	-2464.55
1272	0.373584	-2518.28
1273	0.370248	-2492.56
1274	0.366992	-2401.45
1275	0.377375	-2549.48
1276	0.37306	-2484.07
1277	0.364988	-2417.66
1278	0.364346	-2383.89
1279	0.371471	-2460.93
1280	0.366352	-2404.13
1281	0.3747	-2553.05
1282	0.368705	-2422.46
1283	0.374574	-2544.42
1284	0.372136	-2471.73
1285	0.369442	-2472.88
1286	0.368703	-2446.79
1287	0.367831	-2419.47
1288	0.368485	-2419.21
1289	0.379798	-2532.59
1290	0.380068	-2596.17
1291	0.373511	-2544.71
1292	0.372738	-2511.25
1293	0.371119	-2492.46
1294	0.374752	-2518.92
1295	0.368529	-2414.34
1296	0.367697	-2384.66
1297	0.37128	-2448.5
1298	0.372419	-2521
1299	0.369708	-2432.15
1300	0.374333	-2506.99
1301	0.376626	-2517.84
1302	0.367583	-2434.44
1303	0.379225	-2594.56
1304	0.36389	-2412.98
1305	0.369194	-2405.24
1306	0.368824	-2452.03
1307	0.369979	-2418.83
1308	0.370057	-2423.47
1309	0.370929	-2481.25
1310	0.373862	-2519.12
1311	0.365458	-2388.36
1312	0.366406	-2404.91
1313	0.369993	-2424.66
1314	0.37598	-2527.2
1315	0.373232	-2474.81
1316	0.361105	-2311.24
1317	0.373855	-2460.99
1318	0.379134	-2562
1319	0.375065	-2515.56
1320	0.374471	-2554.28
1321	0.365759	-2408.7
1322	0.363716	-2364.45
1323	0.382739	-2653.52
1324	0.377697	-2557.68
1325	0.376711	-2556.79
1326	0.380895	-2576.37
1327	0.378109	-2564.19
1328	0.375648	-2543.23
1329	0.365221	-2368.48
1330	0.376457	-2544.53
1331	0.364962	-2404.14
1332	0.369657	-2505.42
1333	0.376841	-2506.01
1334	0.368746	-2396.38
1335	0.370241	-2444.45
1336	0.369654	-2478.35
1337	0.366539	-2385.19
1338	0.376053	-2551.83
1339	0.370198	-2438.89
1340	0.375737	-2512.63
1341	0.371507	-2470.25
1342	0.365811	-2357.13
1343	0.37908	-2584.9
1344	0.367001	-2412.37
1345	0.37205	-2470.26
1346	0.373828	-2527.21
1347	0.368934	-2480.33
1348	0.36422	-2395.28
1349	0.372785	-2479.22
1350	0.36232	-2399.4
1351	0.380199	-2585.67
1352	0.368947	-2424.47
1353	0.368126	-2435.5
1354	0.370367	-2496.98
1355	0.372937	-2505.19
1356	0.377495	-2571.35
1357	0.369482	-2444.56
1358	0.362521	-2416.55
1359	0.364844	-2399.35
1360	0.370678	-2470.83
1361	0.376706	-2574.92
1362	0.370147	-2418.37
1363	0.381344	-2632.33
1364	0.362338	-2388.88
1365	0.371971	-2517.09
1366	0.370882	-2474.46
1367	0.365861	-2410.27
1368	0.375066	-2545.8
1369	0.368625	-2439.59
1370	0.370261	-2452.65
1371	0.37531	-2531.62
1372	0.368626	-2403.99
1373	0.373503	-2503.24
1374	0.372608	-2471.83
1375	0.371348	-2482.31
1376	0.365844	-2460.98
1377	0.367443	-2441.92
1378	0.364307	-2418.85
1379	0.364556	-2386.51
1380	0.363846	-2392.23
1381	0.363933	-2334.77
1382	0.366481	-2420.38
1383	0.371471	-2485.85
1384	0.370327	-2445.2
1385	0.365556	-2404.84
1386	0.377813	-2587.01
1387	0.371535	-2508.32
1388	0.372787	-2464.3
1389	0.369285	-2415.84
1390	0.37515	-2537.92
1391	0.368175	-2418.02
1392	0.366569	-2435.46
1393	0.366483	-2417.08
1394	0.376	-2542.38
1395	0.3722	-2506.75
1396	0.368744	-2449.06
1397	0.370258	-2492.01
1398	0.363431	-2394.12
1399	0.3698	-2477.25
1400	0.365866	-2445
1401	0.37139	-2486.46
1402	0.374058	-2515
1403	0.373016	-2538.09
1404	0.363269	-2387.27
1405	0.370068	-2454.24
1406	0.368396	-2459.2
1407	0.37287	-2503.3
1408	0.367292	-2456.93
1409	0.36898	-2432.33
1410	0.368287	-2428.2
1411	0.377251	-2548.72
1412	0.372419	-2470.84
1413	0.37449	-2537.4
1414	0.37029	-2463.97
1415	0.369939	-2410.2
1416	0.37993	-2650.57
1417	0.375543	-2504.87
1418	0.372314	-2495.33
1419	0.367632	-2426.77
1420	0.370734	-2458.82
1421	0.370726	-2561.46
1422	0.3732	-2461.7
1423	0.382266	-2642.54
1424	0.371294	-2480.42
1425	0.367193	-2456.54
1426	0.373792	-2497.72
1427	0.363144	-2337.33
1428	0.371248	-2483.01
1429	0.369572	-2465.84
1430	0.373852	-2517.69
1431	0.371823	-2497.03
1432	0.371339	-2421.56
1433	0.370001	-2467.87
1434	0.370936	-2451.74
1435	0.373839	-2503.27
1436	0.368278	-2434.78
1437	0.373621	-2500.95
1438	0.363893	-2398
1439	0.365512	-2421.67
1440	0.377344	-2577.16
1441	0.372248	-2464.66
1442	0.364108	-2374.47
1443	0.374812	-2556.93
1444	0.371025	-2487.57
1445	0.37058	-2502.81
1446	0.378376	-2560.5
1447	0.373139	-2514.71
1448	0.36703	-2434.15
1449	0.379492	-2572.34
1450	0.36433	-2362.94
1451	0.361833	-2337.64
1452	0.377138	-2615
1453	0.379622	-2586.17
1454	0.373182	-2553.57
1455	0.371808	-2449.85
1456	0.372577	-2509.41
1457	0.368393	-2444.12
1458	0.36724	-2418.35
1459	0.369587	-2472.11
1460	0.369389	-2484.16
1461	0.374258	-2507.69
1462	0.372221	-2497.36
1463	0.373367	-2528.61
1464	0.371251	-2449.5
1465	0.371478	-2507.07
1466	0.36789	-2426.11
1467	0.3785	-2608.77
1468	0.360635	-2323.73
1469	0.363495	-2354.39
1470	0.37353	-2510.26
1471	0.373202	-2504.7
1472	0.369988	-2445.78
1473	0.370235	-2454.54
1474	0.372236	-2470.65
1475	0.374038	-2538.53
1476	0.377356	-2545.39
1477	0.366911	-2408.96
1478	0.370749	-2473.55
1479	0.373106	-2484.99
1480	0.381583	-2612.35
1481	0.365325	-2360.97
1482	0.374568	-2497.79
1483	0.371119	-2450.98
1484	0.374372	-2515.54
1485	0.368521	-2454.88
1486	0.37269	-2478.24
1487	0.378528	-2597.26
1488	0.366678	-2387.65
1489	0.374721	-2527.49
1490	0.369368	-2426.57
1491	0.377539	-2539.39
1492	0.379891	-2624.74
1493	0.369652	-2426.11
1494	0.378854	-2574.51
1495	0.372934	-2515.74
1496	0.378744	-2555.46
1497	0.365879	-2383.66
1498	0.367498	-2432.16
1499	0.366883	-2403.7
1500	0.369705	-2471.17
1501	0.371324	-2502.45
1502	0.371132	-2474.59
1503	0.362022	-2321.58
1504	0.360909	-2368.08
1505	0.356764	-2288.01
1506	0.374596	-2501.89
1507	0.373018	-2466.27
1508	0.376878	-2520
1509	0.371056	-2467.41
1510	0.365234	-2404.15
1511	0.370868	-2530.3
1512	0.365557	-2376.21
1513	0.368227	-2444.85
1514	0.372036	-2524.72
1515	0.364432	-2409.73
1516	0.365088	-2410.61
1517	0.379556	-2566.08
1518	0.372943	-2468.51
1519	0.374173	-2548.31
1520	0.36027	-2333.77
1521	0.372843	-2482.76
1522	0.364718	-2417.11
1523	0.364524	-2344.17
1524	0.36041	-2387.56
1525	0.369454	-2400.65
1526	0.365382	-2352.8
1527	0.374267	-2548.85
1528	0.371729	-2434.32
1529	0.364582	-2363.57
1530	0.372626	-2498.92
1531	0.374707	-2547.13
1532	0.366375	-2425.5
1533	0.368063	-2463.82
1534	0.364276	-2414.57
1535	0.366118	-2369.85
1536	0.369135	-2453.11
1537	0.371701	-2526.53
1538	0.369794	-2413.99
1539	0.367675	-2379.75
1540	0.3737	-2543.94
1541	0.373871	-2530.24
1542	0.372948	-2504.71
1543	0.367329	-2380.16
1544	0.372352	-2492.2
1545	0.382629	-2631.61
1546	0.374847	-2547.58
1547	0.376049	-2549.87
1548	0.371065	-2494.78
1549	0.364646	-2404.04
1550	0.358748	-2277.97
1551	0.369259	-2463.26
1552	0.373495	-2508.33
1553	0.363823	-2373.42
1554	0.372317	-2463.18
1555	0.370442	-2478.56
1556	0.368821	-2428.71
1557	0.370852	-2511.86
1558	0.37819	-2575.98
1559	0.361448	-2372.81
1560	0.369042	-2455.66
1561	0.371717	-2469.33
1562	0.363757	-2372.29
1563	0.374976	-2501.53
1564	0.362678	-2373.36
1565	0.373253	-2490.79
1566	0.371474	-2489.74
1567	0.367182	-2441.19
1568	0.376371	-2537.99
1569	0.37148	-2465.18
1570	0.371524	-2465.54
1571	0.373977	-2493.16
1572	0.371591	-2516.79
1573	0.365256	-2377.62
1574	0.37229	-2448.13
1575	0.380075	-2613.65
1576	0.367772	-2452.09
1577	0.362455	-2355.95
1578	0.374898	-2521.69
1579	0.36561	-2339.1
1580	0.369395	-2422.51
1581	0.373623	-2484.74
1582	0.366663	-2414.09
1583	0.374384	-2547.08
1584	0.376316	-2558.53
1585	0.373857	-2510.88
1586	0.376965	-2550.03
1587	0.37015	-2444.7
1588	0.37746	-2573.72
1589	0.365087	-2395.11
1590	0.361408	-2365.8
1591	0.370537	-2431.84
1592	0.365878	-2385.57
1593	0.367109	-2439.08
1594	0.377071	-2596.28
1595	0.367225	-2423.95
1596	0.379712	-2560.11
1597	0.37686	-2583.93
1598	0.37178	-2533.54
1599	0.368735	-2449.96
1600	0.37261	-2490.94
1601	0.372797	-2445.37
1602	0.368646	-2453.96
1603	0.368725	-2459.89
1604	0.363061	-2364.32
1605	0.373861	-2510.47
1606	0.373251	-2500.64
1607	0.371773	-2549.09
1608	0.379841	-2593.35
1609	0.365579	-2402.19
1610	0.377349	-2536.1
1611	0.374596	-2523.42
1612	0.372371	-2480.08
1613	0.373101	-2523.57
1614	0.381095	-2603.22
1615	0.368671	-2438.2
1616	0.373051	-2481.32
1617	0.374751	-2552.65
1618	0.366144	-2420.57
1619	0.382048	-2605.01
1620	0.379492	-2566.81
1621	0.36994	-2436.02
1622	0.382493	-2656.5
1623	0.356351	-2314.93
1624	0.37537	-2515.2
1625	0.3688	-2446.03
1626	0.372555	-2483.33
1627	0.367989	-2416.12
1628	0.365315	-2369.7
1629	0.376794	-2530.69
1630	0.375212	-2538.58
1631	0.368127	-2417.79
1632	0.372665	-2483.54
1633	0.375599	-2555.96
1634	0.364845	-2363.45
1635	0.375822	-2526.66
1636	0.36374	-2386.41
1637	0.367702	-2439.6
1638	0.372852	-2466.22
1639	0.379613	-2605.92
1640	0.365381	-2413.47
1641	0.373686	-2472.33
1642	0.374032	-2568.87
1643	0.366404	-2412.3
1644	0.372205	-2448.39
1645	0.373382	-2505.5
1646	0.368329	-2407.93
1647	0.371374	-2464.9
1648	0.374271	-2560.77
1649	0.369387	-2420.9
1650	0.366226	-2394.8
1651	0.371589	-2455.45
1652	0.366864	-2429.45
1653	0.367769	-2414.08
1654	0.378766	-2555.58
1655	0.373139	-2528.94
1656	0.364284	-2378.05
1657	0.370096	-2466.46
1658	0.362539	-2415.08
1659	0.373512	-2548.45
1660	0.374777	-2525.16
1661	0.36928	-2439.58
1662	0.364563	-2392.38
1663	0.367657	-2417.64
1664	0.362371	-2383.14
1665	0.376808	-2570.96
1666	0.37795	-2605.67
1667	0.369639	-2464.24
1668	0.366001	-2381.8
1669	0.381747	-2639.98
1670	0.377607	-2543.83
1671	0.360131	-2337.41
1672	0.369841	-2466.18
1673	0.376383	-2632.01
1674	0.369803	-2459.07
1675	0.367982	-2432.3
1676	0.380857	-2606.61
1677	0.366115	-2434.65
1678	0.376646	-2590.76
1679	0.372904	-2508.78
1680	0.376823	-2513.37
1681	0.370429	-2465.53
1682	0.367509	-2475.63
1683	0.363219	-2393.54
1684	0.372918	-2559.76
1685	0.367589	-2402.04
1686	0.370427	-2451.93
1687	0.375647	-2550.6
1688	0.374167	-2526.42
1689	0.3663	-2443.76
1690	0.368485	-2444.32
1691	0.379392	-2576
1692	0.364332	-2370.45
1693	0.378439	-2581.74
1694	0.370485	-2468.29
1695	0.373363	-2469.1
1696	0.380368	-2621.48
1697	0.360682	-2351.27
1698	0.369913	-2522.89
1699	0.38296	-2635.55
1700	0.375513	-2508.97
1701	0.373761	-2500.63
1702	0.380119	-2621.69
1703	0.378698	-2583.52
1704	0.368926	-2426.99
1705	0.368775	-2447.57
1706	0.367539	-2403.71
1707	0.370465	-2444.07
1708	0.368858	-2426.02
1709	0.374338	-2509.92
1710	0.378461	-2626.64
1711	0.381453	-2615.99
1712	0.373526	-2505.89
1713	0.362896	-2347.32
1714	0.367253	-2432.43
1715	0.37264	-2489.75
1716	0.366511	-2423.2
1717	0.374917	-2537.57
1718	0.36723	-2433.88
1719	0.36748	-2423.94
1720	0.363678	-2383.03
1721	0.366835	-2403.06
1722	0.375891	-2536.25
1723	0.36877	-2439.72
1724	0.368305	-2474.84
1725	0.358281	-2328.66
1726	0.372821	-2545.07
1727	0.367746	-2426.1
1728	0.369561	-2492.85
1729	0.363594	-2366.41
1730	0.370308	-2433.53
1731	0.373302	-2537.74
1732	0.373428	-2496.99
1733	0.377824	-2577
1734	0.375433	-2484.55
1735	0.376235	-2544.23
1736	0.373609	-2517.73
1737	0.369795	-2443.98
1738	0.369102	-2446.73
1739	0.366032	-2409.38
1740	0.371117	-2490.88
1741	0.367789	-2433.27
1742	0.366355	-2401.31
1743	0.361883	-2360.6
1744	0.371468	-2454.24
1745	0.366136	-2405.91
1746	0.368752	-2447.7
1747	0.371217	-2508.51
1748	0.377454	-2548.41
1749	0.368892	-2433.71
1750	0.366788	-2424.16
1751	0.373001	-2489.48
1752	0.367913	-2445.08
1753	0.373383	-2510.43
1754	0.367013	-2372.92
1755	0.370159	-2442.36
1756	0.365275	-2409.92
1757	0.37346	-2451.88
1758	0.359873	-2313.86
1759	0.372696	-2525.56
1760	0.357348	-2266.66
1761	0.369346	-2525.47
1762	0.373305	-2521.52
1763	0.363136	-2385.24
1764	0.364221	-2356.03
1765	0.369211	-2399.21
1766	0.37453	-2527.49
1767	0.369613	-2453.93
1768	0.375385	-2522.08
1769	0.369517	-2440.77
1770	0.374631	-2557.63
1771	0.369359	-2482.31
1772	0.376449	-2545.43
1773	0.36567	-2425.23
1774	0.371254	-2438.46
1775	0.372807	-2509.58
1776	0.360984	-2296.72
1777	0.371951	-2500.57
1778	0.372417	-2549.2
1779	0.362811	-2361.7
1780	0.363008	-2367.98
1781	0.376062	-2551.35
1782	0.363499	-2389.42
1783	0.377099	-2556.55
1784	0.373084	-2507.88
1785	0.376091	-2537.06
1786	0.375947	-2569.79
1787	0.367129	-2390.05
1788	0.365933	-2418.6
1789	0.361035	-2346.59
1790	0.375697	-2546.89
1791	0.371185	-2480.41
1792	0.37278	-2523.87
1793	0.371233	-2453.13
1794	0.366856	-2459.34
1795	0.37618	-2526.62
1796	0.37307	-2526.01
1797	0.368603	-2430.36
1798	0.375658	-2509.24
1799	0.365741	-2428.38
1800	0.367413	-2447.08
1801	0.375588	-2514.77
1802	0.366157	-2383.11
1803	0.375944	-2555.62
1804	0.365653	-2406.73
1805	0.374301	-2561.45
1806	0.368872	-2444.01
1807	0.375922	-2493.1
1808	0.377323	-2570.56
1809	0.371461	-2477.14
1810	0.365683	-2412.15
1811	0.367218	-2405.85
1812	0.367948	-2433.14
1813	0.371035	-2478.39
1814	0.370653	-2491.62
1815	0.372845	-2499.31
1816	0.379129	-2594.93
1817	0.36616	-2388.71
1818	0.366966	-2412.53
1819	0.367731	-2415.42
1820	0.377618	-2561.99
1821	0.366702	-2406.56
1822	0.374776	-2526.7
1823	0.366501	-2402.62
1824	0.36675	-2430.42
1825	0.368369	-2510.64
1826	0.366326	-2377.63
1827	0.367768	-2449.26
1828	0.363255	-2405.98
1829	0.377248	-2555.81
1830	0.359202	-2312.67
1831	0.36976	-2446.44
1832	0.369582	-2432.03
1833	0.369503	-2460.15
1834	0.37061	-2482.37
1835	0.373554	-2499.36
1836	0.379302	-2514.2
1837	0.377929	-2586.4
1838	0.366952	-2383.78
1839	0.371637	-2444.85
1840	0.36878	-2447.69
1841	0.37972	-2557.91
1842	0.375829	-2561.99
1843	0.371941	-2495.01
1844	0.373679	-2507.37
1845	0.367977	-2437.08
1846	0.360998	-2320.06
1847	0.366097	-2435.41
1848	0.370834	-2511.07
1849	0.380692	-2609.21
1850	0.369571	-2477.7
1851	0.372806	-2509.36
1852	0.364999	-2364.37
1853	0.369043	-2455.35
1854	0.366897	-2458.32
1855	0.368145	-2429.88
1856	0.363467	-2347.58
1857	0.368198	-2423.9
1858	0.373235	-2546.2
1859	0.375647	-2540.51
1860	0.374338	-2534.07
1861	0.373315	-2499.44
1862	0.369722	-2457.02
1863	0.379938	-2578.26
1864	0.370692	-2459.76
1865	0.375256	-2524.5
1866	0.367958	-2400.23
1867	0.365909	-2382.61
1868	0.365214	-2383.99
1869	0.375821	-2511.07
1870	0.372018	-2504.48
1871	0.370833	-2470.38
1872	0.368248	-2436.43
1873	0.37179	-2479.5
1874	0.362533	-2374.87
1875	0.377611	-2522.24
1876	0.363728	-2343.25
1877	0.365865	-2422.77
1878	0.372318	-2498.72
1879	0.371403	-2472.18
1880	0.375038	-2489.12
1881	0.37635	-2501.9
1882	0.377845	-2558.98
1883	0.370967	-2473.55
1884	0.366926	-2393.69
1885	0.368751	-2429.83
1886	0.369772	-2443.02
1887	0.365779	-2392.33
1888	0.367938	-2477.17
1889	0.374092	-2498.27
1890	0.365343	-2368.67
1891	0.362605	-2360.25
1892	0.369768	-2462.53
1893	0.372409	-2537.42
1894	0.369307	-2488.81
1895	0.366333	-2368.65
1896	0.372337	-2505.76
1897	0.371755	-2490.5
1898	0.36509	-2402.67
1899	0.366203	-2430.16
1900	0.372776	-2460.54
1901	0.379661	-2604.56
1902	0.368617	-2459.83
1903	0.365628	-2395.38
1904	0.374373	-2514.66
1905	0.373829	-2500.81
1906	0.376314	-2546.95
1907	0.375161	-2507.87
1908	0.372996	-2475.26
1909	0.375132	-2523.69
1910	0.370165	-2444.26
1911	0.373412	-2504.45
1912	0.370243	-2487.78
1913	0.37291	-2505.55
1914	0.371191	-2478.49
1915	0.375104	-2533.57
1916	0.359711	-2363.14
1917	0.374413	-2540.79
1918	0.374088	-2544.65
1919	0.378416	-2598.04
1920	0.376657	-2534.32
1921	0.368107	-2454.05
1922	0.369854	-2475.89
1923	0.371556	-2518.64
1924	0.373929	-2497.75
1925	0.369705	-2472.71
1926	0.366446	-2440.46
1927	0.367135	-2427.91
1928	0.367605	-2438.99
1929	0.375687	-2503.34
1930	0.368494	-2452.29
1931	0.366224	-2412.95
1932	0.366737	-2363.74
1933	0.372415	-2488.54
1934	0.375919	-2528.38
1935	0.374017	-2540.81
1936	0.370931	-2511.67
1937	0.359712	-2332.64
1938	0.372404	-2412.8
1939	0.371244	-2491.11
1940	0.375538	-2492.2
1941	0.375706	-2536.12
1942	0.368995	-2432.35
1943	0.371474	-2469.45
1944	0.367108	-2425.28
1945	0.373122	-2488.51
1946	0.366663	-2433.33
1947	0.368337	-2429.69
1948	0.36594	-2376.52
1949	0.375373	-2553.31
1950	0.375788	-2538.1
1951	0.372029	-2483.95
1952	0.367191	-2405.47
1953	0.369989	-2466.97
1954	0.373466	-2489.72
1955	0.373006	-2493.92
1956	0.366371	-2413.36
1957	0.374215	-2522.65
1958	0.369457	-2497.99
1959	0.376958	-2547.88
1960	0.365922	-2410.5
1961	0.374291	-2470
1962	0.378518	-2599.16
1963	0.367145	-2413.67
1964	0.366022	-2386.32
1965	0.371118	-2464.32
1966	0.377056	-2535.57
1967	0.369317	-2451.79
1968	0.370889	-2417.52
1969	0.372842	-2480.01
1970	0.375097	-2501.6
1971	0.370067	-2451.92
1972	0.375009	-2527.36
1973	0.371154	-2510.68
1974	0.369843	-2456.17
1975	0.362832	-2395.39
1976	0.373738	-2512.83
1977	0.371351	-2484.3
1978	0.368245	-2453.21
1979	0.365974	-2400.92
1980	0.370324	-2462.15
1981	0.373002	-2514.53
1982	0.37747	-2565.78
1983	0.376572	-2528.54
1984	0.368358	-2406.55
1985	0.36855	-2428.83
1986	0.372672	-2520.91
1987	0.370436	-2484.31
1988	0.37945	-2600.91
1989	0.363449	-2385
1990	0.374134	-2498.12
1991	0.37134	-2474.22
1992	0.367908	-2465.21
1993	0.370672	-2504.14
1994	0.377455	-2566.06
1995	0.364261	-2392.63
1996	0.375676	-2546.28
1997	0.364491	-2420.14
1998	0.366016	-2448.4
1999	0.372237	-2512.13
2000	0.372472	-2495.58
2001	0.369671	-2444.19
2002	0.375857	-2533.53
2003	0.370719	-2467.7
2004	0.373424	-2517.11
2005	0.375092	-2543.67
2006	0.369669	-2449
2007	0.371461	-2541.4
2008	0.370598	-2497.85
2009	0.363149	-2360.46
2010	0.372229	-2495.17
2011	0.364382	-2367.47
2012	0.375746	-2571.11
2013	0.370866	-2487.86
2014	0.367626	-2401.79
2015	0.372505	-2515.01
2016	0.374528	-2548.42
2017	0.369056	-2436.54
2018	0.370827	-2477.94
2019	0.375038	-2530.43
2020	0.371464	-2480.81
2021	0.365801	-2366.24
2022	0.36629	-2354.6
2023	0.374322	-2506.21
2024	0.37513	-2546.82
2025	0.369894	-2450.38
2026	0.372623	-2450.93
2027	0.363714	-2359.15
2028	0.365263	-2395.12
2029	0.370131	-2479.24
2030	0.373522	-2486.59
2031	0.373843	-2459.63
2032	0.371995	-2466.68
2033	0.36669	-2409.75
2034	0.368857	-2427.63
2035	0.370573	-2446.45
2036	0.364317	-2396.75
2037	0.366563	-2404.03
2038	0.366712	-2443
2039	0.3687	-2446.73
2040	0.367497	-2413.86
2041	0.379551	-2571.04
2042	0.374884	-2518.24
2043	0.360275	-2301.51
2044	0.37023	-2472.39
2045	0.370664	-2424.14
2046	0.375476	-2525.24
2047	0.372789	-2466.26
2048	0.371846	-2452
2049	0.374364	-2517.46
2050	0.378136	-2548.77
2051	0.358959	-2292.34
2052	0.372055	-2468.39
2053	0.378096	-2554.22
2054	0.365819	-2431.21
2055	0.361913	-2328.81
2056	0.368006	-2412.3
2057	0.376441	-2509.25
2058	0.37814	-2567.91
2059	0.377953	-2560.82
2060	0.363705	-2373.57
2061	0.366928	-2437.04
2062	0.363067	-2362.04
2063	0.367993	-2359.55
2064	0.372823	-2514.74
2065	0.372486	-2490.47
2066	0.371249	-2469.92
2067	0.369708	-2447.1
2068	0.373856	-2501.44
2069	0.378853	-2621.46
2070	0.362995	-2363.89
2071	0.366151	-2403.95
2072	0.371787	-2454.26
2073	0.364265	-2373.5
2074	0.374295	-2530.8
2075	0.372982	-2547.42
2076	0.376518	-2540.53
2077	0.374844	-2535.92
2078	0.37737	-2569.44
2079	0.3691	-2443.55
2080	0.369815	-2486.81
2081	0.376594	-2561.18
2082	0.370574	-2492.05
2083	0.37292	-2501.92
2084	0.372776	-2458.66
2085	0.379097	-2618.51
2086	0.368569	-2423.47
2087	0.375193	-2535.66
2088	0.374416	-2536.61
2089	0.369176	-2464.61
2090	0.378118	-2549.76
2091	0.37317	-2507.49
2092	0.364242	-2380.77
2093	0.376852	-2562.87
2094	0.370066	-2439.08
2095	0.373913	-2530.73
2096	0.362025	-2375.88
2097	0.374378	-2506.97
2098	0.374436	-2485.35
2099	0.361127	-2336.82
2100	0.373791	-2500.38
2101	0.372902	-2525.35
2102	0.36829	-2432.85
2103	0.373016	-2478.01
2104	0.375414	-2521.18
2105	0.378057	-2529.26
2106	0.360494	-2359.79
2107	0.366284	-2363.47
2108	0.37276	-2484.54
2109	0.36949	-2485.31
2110	0.371305	-2481.98
2111	0.378652	-2589.4
2112	0.372338	-2481.83
2113	0.363506	-2431.47
2114	0.37123	-2447.48
2115	0.37563	-2569.97
2116	0.365298	-2370.83
2117	0.379263	-2568.11
2118	0.371418	-2501.93
2119	0.366711	-2399.73
2120	0.372686	-2518.36
2121	0.376037	-2488.63
2122	0.371912	-2477.61
2123	0.373817	-2543.68
2124	0.37124	-2458.51
2125	0.36542	-2398.12
2126	0.372498	-2479.53
2127	0.359272	-2320.19
2128	0.371132	-2494.94
2129	0.367275	-2421.25
2130	0.377519	-2569.86
2131	0.360692	-2364.2
2132	0.363392	-2356.49
2133	0.357535	-2303.25
2134	0.379833	-2588.09
2135	0.368145	-2421.44
2136	0.373163	-2512.63
2137	0.367678	-2443.05
2138	0.377186	-2579.08
2139	0.37341	-2544.56
2140	0.373451	-2568.71
2141	0.369334	-2491.53
2142	0.368745	-2453.38
2143	0.372076	-2467.28
2144	0.372744	-2505.89
2145	0.365	-2417.29
2146	0.366459	-2417.02
2147	0.373632	-2535.59
2148	0.383212	-2617.84
2149	0.37264	-2470.31
2150	0.368167	-2432.68
2151	0.369709	-2469.32
2152	0.367791	-2455.68
2153	0.363049	-2367.17
2154	0.374702	-2508.77
2155	0.364286	-2377.54
2156	0.363421	-2336.25
2157	0.376845	-2550.89
2158	0.376689	-2558.84
2159	0.370764	-2386.28
2160	0.36903	-2473.07
2161	0.366664	-2386.91
2162	0.366962	-2433.42
2163	0.37533	-2543.03
2164	0.365515	-2370.92
2165	0.364407	-2401.66
2166	0.372998	-2471.19
2167	0.376342	-2533.64
2168	0.377227	-2583.44
2169	0.381193	-2605.43
2170	0.373687	-2501.93
2171	0.369717	-2481.73
2172	0.376171	-2577.22
2173	0.381776	-2621.48
2174	0.378897	-2596.68
2175	0.367976	-2441.15
2176	0.378983	-2604.33
2177	0.378343	-2525.34
2178	0.37273	-2451.09
2179	0.373344	-2485.31
2180	0.374478	-2518.97
2181	0.371542	-2501.35
2182	0.368288	-2492.59
2183	0.370619	-2453.92
2184	0.368259	-2420.63
2185	0.370046	-2501.01
2186	0.372544	-2537.84
2187	0.369057	-2477.96
2188	0.372463	-2521.25
2189	0.371849	-2459.16
2190	0.374892	-2485.14
2191	0.369364	-2422.03
2192	0.369931	-2456.92
2193	0.374641	-2518.55
2194	0.367165	-2402.77
2195	0.369032	-2426.39
2196	0.368212	-2390.33
2197	0.369338	-2460.98
2198	0.381092	-2636.11
2199	0.376554	-2553.77
2200	0.385495	-2717.06
2201	0.368791	-2457.1
2202	0.380133	-2608.6
2203	0.372161	-2496.49
2204	0.375664	-2576.01
2205	0.37477	-2499.31
2206	0.381071	-2648.39
2207	0.367513	-2462.99
2208	0.368343	-2406.56
2209	0.371569	-2504.49
2210	0.36648	-2405.89
2211	0.370201	-2462.05
2212	0.375865	-2529.61
2213	0.36363	-2382.74
2214	0.353888	-2206.49
2215	0.374813	-2538.92
2216	0.375384	-2528.69
2217	0.374255	-2484.77
2218	0.37386	-2509.7
2219	0.372873	-2484.22
2220	0.362492	-2360.51
2221	0.381349	-2622.51
2222	0.368023	-2452.43
2223	0.372716	-2481.42
2224	0.37328	-2477.63
2225	0.376545	-2525.18
2226	0.371357	-2490.1
2227	0.3617	-2365.19
2228	0.374622	-2569.6
2229	0.368819	-2444.6
2230	0.36332	-2376.64
2231	0.368493	-2446.56
2232	0.369451	-2444.19
2233	0.376257	-2565.39
2234	0.369489	-2439.06
2235	0.370468	-2510.33
2236	0.368132	-2457.48
2237	0.36995	-2465.61
2238	0.366561	-2421.86
2239	0.370782	-2496.81
2240	0.374996	-2538.02
2241	0.36336	-2368.18
2242	0.370815	-2446.77
2243	0.376518	-2595.77
2244	0.373486	-2488.06
2245	0.3672	-2426.89
2246	0.3739	-2523.3
2247	0.372648	-2478.33
2248	0.37322	-2504.07
2249	0.366168	-2419.21
2250	0.375071	-2518.15
2251	0.375471	-2508.14
2252	0.373612	-2510.07
2253	0.365747	-2425.37
2254	0.368548	-2406.48
2255	0.378615	-2620.6
2256	0.374297	-2523.54
2257	0.363803	-2341.11
2258	0.375227	-2516.13
2259	0.368853	-2446.87
2260	0.367704	-2427.77
2261	0.367582	-2434.49
2262	0.376372	-2521.55
2263	0.374382	-2516.12
2264	0.366574	-2430.04
2265	0.374164	-2482.12
2266	0.372503	-2508.18
2267	0.369759	-2460.51
2268	0.372159	-2508.31
2269	0.372688	-2484.79
2270	0.367189	-2407.42
2271	0.3708	-2473.85
2272	0.3662	-2436.71
2273	0.371357	-2465.13
2274	0.363821	-2421.1
2275	0.377745	-2572.91
2276	0.365744	-2434.67
2277	0.377656	-2577.53
2278	0.366887	-2441.48
2279	0.368823	-2454.88
2280	0.374981	-2517.61
2281	0.367812	-2419.74
2282	0.375035	-2521.94
2283	0.374313	-2532.05
2284	0.373236	-2442.74
2285	0.368879	-2458.45
2286	0.375001	-2574.35
2287	0.368494	-2439.36
2288	0.366869	-2419.95
2289	0.37038	-2487.83
2290	0.372639	-2540.74
2291	0.369444	-2487.85
2292	0.378775	-2591.61
2293	0.36763	-2425.48
2294	0.377628	-2549.38
2295	0.362429	-2427.87
2296	0.371899	-2483.21
2297	0.369989	-2462.77
2298	0.361302	-2353.27
2299	0.367911	-2400.68
2300	0.372438	-2542.02
2301	0.375935	-2541.87
2302	0.373841	-2586.46
2303	0.373932	-2494.4
2304	0.373263	-2508.14
2305	0.364861	-2412.82
2306	0.369288	-2401.89
2307	0.372824	-2467.61
2308	0.370687	-2461.66
2309	0.365009	-2379.92
2310	0.37597	-2552.87
2311	0.3752	-2508.48
2312	0.374356	-2475.96
2313	0.366965	-2392.77
2314	0.36729	-2431.7
2315	0.379216	-2606.43
2316	0.372372	-2497.78
2317	0.374147	-2543.12
2318	0.380918	-2606.16
2319	0.365458	-2442.46
2320	0.372134	-2513.65
2321	0.372227	-2475.61
2322	0.362229	-2391.86
2323	0.376863	-2558.37
2324	0.373398	-2553.55
2325	0.370057	-2518.73
2326	0.365034	-2410.05
2327	0.362886	-2399.38
2328	0.370772	-2435.44
2329	0.364596	-2415.15
2330	0.369935	-2465.49
2331	0.372072	-2512.16
2332	0.374556	-2516.69
2333	0.371494	-2543.38
2334	0.367175	-2429.34
2335	0.377163	-2541.92
2336	0.35635	-2289.54
2337	0.362806	-2387.9
2338	0.371981	-2480.4
2339	0.371998	-2484.07
2340	0.359376	-2323.11
2341	0.376117	-2547.41
2342	0.366744	-2444.01
2343	0.366939	-2447.92
2344	0.368908	-2467.59
2345	0.370814	-2478.99
2346	0.376641	-2520.1
2347	0.371522	-2507.22
2348	0.374769	-2521.68
2349	0.364054	-2376.1
2350	0.369756	-2458.96
2351	0.372734	-2503.96
2352	0.375398	-2516.99
2353	0.366024	-2425.53
2354	0.368692	-2416.21
2355	0.377511	-2573.96
2356	0.371369	-2472.05
2357	0.372575	-2487.65
2358	0.374419	-2521.88
2359	0.363163	-2381.7
2360	0.372141	-2491.48
2361	0.370289	-2438.25
2362	0.369473	-2451.7
2363	0.370167	-2457.92
2364	0.370029	-2470.37
2365	0.375416	-2545.35
2366	0.370045	-2516.35
2367	0.369	-2394.65
2368	0.373907	-2477.48
2369	0.373483	-2527.94
2370	0.369796	-2438.93
2371	0.3705	-2424.41
2372	0.371913	-2490.92
2373	0.368261	-2410.82
2374	0.368194	-2397.31
2375	0.374831	-2524
2376	0.368061	-2443.36
2377	0.363643	-2385.51
2378	0.369651	-2463.51
2379	0.366373	-2373.18
2380	0.374259	-2518.55
2381	0.368815	-2501.27
2382	0.373936	-2468.45
2383	0.376597	-2503.63
2384	0.368351	-2403.98
2385	0.366443	-2377.99
2386	0.373961	-2511.4
2387	0.367911	-2466.73
2388	0.380359	-2602.51
2389	0.366464	-2423.75
2390	0.369509	-2473.98
2391	0.365958	-2418.17
2392	0.369431	-2439.49
2393	0.364286	-2355.98
2394	0.376945	-2558.78
2395	0.360617	-2358.22
2396	0.373213	-2498.92
2397	0.361901	-2351.91
2398	0.365128	-2421.68
2399	0.378429	-2576.16
2400	0.366856	-2418.18
2401	0.367195	-2430.96
2402	0.365608	-2378.59
2403	0.370568	-2465.08
2404	0.363032	-2383.98
2405	0.37498	-2487.12
2406	0.372898	-2490.15
2407	0.371529	-2502.41
2408	0.375178	-2514.1
2409	0.374249	-2502.21
2410	0.368539	-2441.98
2411	0.37072	-2465.22
2412	0.36563	-2472.04
2413	0.37504	-2495.36
2414	0.368546	-2409.04
2415	0.369683	-2474.38
2416	0.374136	-2534.92
2417	0.384369	-2660.75
2418	0.367808	-2378.43
2419	0.373467	-2519.1
2420	0.371856	-2497.69
2421	0.373925	-2538
2422	0.370949	-2475.83
2423	0.367779	-2414.73
2424	0.366886	-2446.69
2425	0.372054	-2462.93
2426	0.358351	-2310.69
2427	0.374874	-2516.52
2428	0.367475	-2433.96
2429	0.372167	-2517.98
2430	0.37758	-2527.32
2431	0.364397	-2365.66
2432	0.367079	-2411.37
2433	0.372169	-2498.7
2434	0.366292	-2445.12
2435	0.375901	-2530.84
2436	0.375328	-2531.54
2437	0.370259	-2465.81
2438	0.382107	-2590.4
2439	0.367785	-2443.07
2440	0.365724	-2350.93
2441	0.368901	-2462.99
2442	0.368959	-2421.92
2443	0.372956	-2526.27
2444	0.369887	-2431.4
2445	0.365388	-2378.59
2446	0.369066	-2447.36
2447	0.370061	-2454.78
2448	0.365909	-2365.58
2449	0.36619	-2436.52
2450	0.373214	-2493.72
2451	0.367641	-2456.62
2452	0.365749	-2414.42
2453	0.371395	-2469.36
2454	0.364543	-2396.48
2455	0.376871	-2551.23
2456	0.373698	-2540.57
2457	0.36939	-2428.88
2458	0.370544	-2452.6
2459	0.375278	-2558.86
2460	0.360715	-2278.54
2461	0.369389	-2491.63
2462	0.369819	-2484.98
2463	0.379299	-2574.89
2464	0.368887	-2405.6
2465	0.368822	-2408.69
2466	0.366807	-2438.81
2467	0.373298	-2494.68
2468	0.368072	-2430.01
2469	0.367417	-2455.19
2470	0.371237	-2463.12
2471	0.365907	-2373.69
2472	0.37091	-2460.83
2473	0.371399	-2451.64
2474	0.372573	-2446.73
2475	0.370537	-2441.44
2476	0.369407	-2484.32
2477	0.384355	-2656.33
2478	0.376719	-2522.21
2479	0.359725	-2299.37
2480	0.373272	-2546.43
2481	0.368096	-2423.41
2482	0.368044	-2469.37
2483	0.372765	-2452.77
2484	0.361492	-2371.51
2485	0.378027	-2561.06
2486	0.359533	-2323.86
2487	0.373508	-2491.15
2488	0.36141	-2334.52
2489	0.374088	-2526.95
2490	0.376148	-2514.64
2491	0.363206	-2342.73
2492	0.372671	-2514.45
2493	0.369111	-2463.4
2494	0.374088	-2479.45
2495	0.37469	-2471.54
2496	0.377104	-2542.48
2497	0.369507	-2509.06
2498	0.368732	-2447.57
2499	0.366732	-2402.5
2500	0.370526	-2471.77
2501	0.366366	-2408.73
2502	0.369076	-2446.31
2503	0.38088	-2670.81
2504	0.370102	-2474.56
2505	0.366711	-2411.19
2506	0.372018	-2474.92
2507	0.374248	-2513.4
2508	0.372758	-2478.34
2509	0.370867	-2484.57
2510	0.361482	-2314.38
2511	0.371193	-2475.81
2512	0.370294	-2447.7
2513	0.379442	-2578.31
2514	0.37175	-2468.9
2515	0.367506	-2424.63
2516	0.374401	-2544.8
2517	0.367666	-2444.22
2518	0.373202	-2476.24
2519	0.366457	-2422.85
2520	0.37245	-2469.8
2521	0.375498	-2561.12
2522	0.3768	-2557.73
2523	0.364593	-2374.64
2524	0.374997	-2503.05
2525	0.373953	-2513.23
2526	0.371572	-2468.27
2527	0.367692	-2446.55
2528	0.372652	-2543.16
2529	0.37305	-2491.28
2530	0.370951	-2477.89
2531	0.367098	-2430.39
2532	0.373287	-2538.46
2533	0.367562	-2472.23
2534	0.371935	-2483.97
2535	0.368783	-2457.81
2536	0.371155	-2460.16
2537	0.361719	-2352.64
2538	0.371543	-2487.18
2539	0.374214	-2535.27
2540	0.360354	-2338.35
2541	0.377885	-2540.54
2542	0.369252	-2417.99
2543	0.361562	-2319.72
2544	0.367115	-2400.99
2545	0.368497	-2428.48
2546	0.35722	-2306.17
2547	0.370863	-2484.37
2548	0.374954	-2576.27
2549	0.374983	-2516.12
2550	0.367097	-2428.48
2551	0.37281	-2583.74
2552	0.368649	-2475.19
2553	0.377645	-2576.18
2554	0.373699	-2528.48
2555	0.355633	-2282.05
2556	0.375314	-2523.51
2557	0.363257	-2382.12
2558	0.374716	-2555.21
2559	0.373324	-2555.86
2560	0.366984	-2420.14
2561	0.370518	-2451.67
2562	0.374694	-2562.04
2563	0.369802	-2437.78
2564	0.372296	-2480.06
2565	0.372764	-2445.86
2566	0.370379	-2436.47
2567	0.367456	-2415.71
2568	0.370408	-2500.14
2569	0.37093	-2460.67
2570	0.362236	-2352.05
2571	0.371359	-2471.32
2572	0.371209	-2449.62
2573	0.360918	-2341.98
2574	0.376605	-2531.06
2575	0.366753	-2399.48
2576	0.377119	-2547.3
2577	0.372975	-2499.45
2578	0.380001	-2597.56
2579	0.375205	-2542.61
2580	0.373141	-2507.87
2581	0.369653	-2459.72
2582	0.381415	-2636.16
2583	0.371249	-2435.53
2584	0.366911	-2407.99
2585	0.368701	-2463.41
2586	0.374662	-2501.01
2587	0.366723	-2432.33
2588	0.361084	-2335.73
2589	0.373325	-2498.7
2590	0.373936	-2511.27
2591	0.375963	-2550.83
2592	0.364439	-2353.9
2593	0.361354	-2340.82
2594	0.369292	-2472.04
2595	0.372136	-2511.22
2596	0.368388	-2372.68
2597	0.374251	-2505.91
2598	0.37394	-2518.41
2599	0.373341	-2515.86
2600	0.369124	-2457.7
2601	0.367907	-2414.3
2602	0.370344	-2457.14
2603	0.373343	-2487.45
2604	0.375233	-2505.55
2605	0.363157	-2387.5
2606	0.372894	-2523.68
2607	0.375405	-2516.54
2608	0.374396	-2478.98
2609	0.363252	-2369.6
2610	0.370434	-2492
2611	0.374722	-2510.39
2612	0.379255	-2541.94
2613	0.366087	-2401.82
2614	0.36582	-2407.25
2615	0.368663	-2423.23
2616	0.377902	-2572.44
2617	0.37828	-2583.58
2618	0.372236	-2490.91
2619	0.363768	-2395.74
2620	0.367949	-2433.38
2621	0.369653	-2480.62
2622	0.377593	-2588.59
2623	0.369108	-2419.61
2624	0.366955	-2401.98
2625	0.365996	-2361.28
2626	0.365631	-2410.51
2627	0.369469	-2430.88
2628	0.371689	-2491.72
2629	0.368367	-2428.68
2630	0.374657	-2529.92
2631	0.372139	-2479.53
2632	0.384961	-2675.85
2633	0.373896	-2487.53
2634	0.368114	-2444.5
2635	0.367284	-2428.74
2636	0.37086	-2491.67
2637	0.362603	-2348.18
2638	0.365829	-2382.75
2639	0.362518	-2351.83
2640	0.370577	-2502.14
2641	0.361825	-2341.74
2642	0.369087	-2454.51
2643	0.38033	-2616.66
2644	0.361461	-2364.33
2645	0.372831	-2493.61
2646	0.366682	-2394.94
2647	0.371434	-2511
2648	0.375175	-2540.72
2649	0.363663	-2380.27
2650	0.377049	-2562.42
2651	0.3822	-2622.59
2652	0.372973	-2489.41
2653	0.367791	-2441.05
2654	0.372407	-2484.53
2655	0.372147	-2474.59
2656	0.361917	-2345.06
2657	0.366312	-2375.94
2658	0.375088	-2535.68
2659	0.369587	-2429.04
2660	0.373954	-2505.07
2661	0.371587	-2453.3
2662	0.36937	-2459.24
2663	0.372803	-2516.95
2664	0.373845	-2529.93
2665	0.374045	-2537.82
2666	0.373673	-2510.27
2667	0.37147	-2451.78
2668	0.371078	-2507.38
2669	0.369407	-2468.08
2670	0.3769	-2556.19
2671	0.370546	-2458.37
2672	0.366763	-2392.27
2673	0.366346	-2463.07
2674	0.354673	-2257.88
2675	0.368161	-2410.64
2676	0.372593	-2504.71
2677	0.367653	-2424.02
2678	0.368173	-2414.43
2679	0.371652	-2487.65
2680	0.365248	-2384.1
2681	0.369803	-2474.07
2682	0.370956	-2469.64
2683	0.372181	-2488.68
2684	0.367662	-2414.5
2685	0.372085	-2473.08
2686	0.369062	-2464.16
2687	0.366977	-2421.44
2688	0.362263	-2320.86
2689	0.377268	-2539.22
2690	0.366881	-2405.92
2691	0.369853	-2452.89
2692	0.373829	-2502.16
2693	0.373963	-2486.31
2694	0.370622	-2470.29
2695	0.377507	-2575.03
2696	0.377466	-2580.22
2697	0.374405	-2489
2698	0.376441	-2543.19
2699	0.376322	-2585.71
2700	0.366791	-2444.18
2701	0.370734	-2439.72
2702	0.371251	-2445.34
2703	0.374775	-2547.1
2704	0.370192	-2437.79
2705	0.371117	-2465.71
2706	0.368767	-2427.95
2707	0.361763	-2334.65
2708	0.370308	-2493.83
2709	0.376927	-2530.93
2710	0.367384	-2407.96
2711	0.370318	-2485.89
2712	0.37413	-2532.96
2713	0.371046	-2439.9
2714	0.374047	-2477.93
2715	0.366005	-2357.33
2716	0.368712	-2476.74
2717	0.374291	-2454.31
2718	0.367849	-2432.85
2719	0.371137	-2483.63
2720	0.374088	-2545.71
2721	0.379471	-2583.74
2722	0.370845	-2471.35
2723	0.375918	-2530.08
2724	0.378346	-2581.17
2725	0.37451	-2466.2
2726	0.374741	-2519.17
2727	0.375361	-2556.15
2728	0.367455	-2384.08
2729	0.36889	-2418.42
2730	0.364076	-2400.19
2731	0.36899	-2400.26
2732	0.363175	-2376.67
2733	0.371484	-2460.08
2734	0.370553	-2468.28
2735	0.369944	-2438.73
2736	0.371358	-2470.51
2737	0.368803	-2433.67
2738	0.364133	-2390.68
2739	0.371604	-2453.05
2740	0.376517	-2544.84
2741	0.369299	-2467.9
2742	0.377765	-2577.77
2743	0.373421	-2505.83
2744	0.371286	-2501.27
2745	0.375186	-2504.79
2746	0.366311	-2417.62
2747	0.366873	-2411.41
2748	0.366479	-2436.87
2749	0.37256	-2506
2750	0.367707	-2418.21
2751	0.360083	-2310.7
2752	0.375866	-2543.43
2753	0.373458	-2533.32
2754	0.367951	-2441.09
2755	0.380581	-2607.32
2756	0.372521	-2523.5
2757	0.373122	-2482.71
2758	0.383332	-2661.12
2759	0.367449	-2437.51
2760	0.362619	-2363.73
2761	0.362376	-2356.73
2762	0.369701	-2452.52
2763	0.367032	-2457.36
2764	0.372	-2494.41
2765	0.369897	-2418.51
2766	0.375006	-2494.21
2767	0.374067	-2494.05
2768	0.379855	-2566.92
2769	0.370801	-2443.46
2770	0.372092	-2472.03
2771	0.374252	-2493.08
2772	0.368441	-2474.46
2773	0.375006	-2528.06
2774	0.377556	-2579
2775	0.373355	-2466.51
2776	0.370467	-2410.42
2777	0.370706	-2470.19
2778	0.372826	-2467.02
2779	0.382514	-2661.81
2780	0.372015	-2496.34
2781	0.364168	-2396.32
2782	0.37554	-2554.54
2783	0.367368	-2371.79
2784	0.371449	-2463.8
2785	0.371381	-2489.53
2786	0.370811	-2490.91
2787	0.383469	-2647.31
2788	0.370825	-2473.06
2789	0.371535	-2512.62
2790	0.371759	-2475.34
2791	0.379283	-2567.1
2792	0.377036	-2518.59
2793	0.377019	-2521.58
2794	0.371503	-2495.04
2795	0.371224	-2453.65
2796	0.371409	-2501.88
2797	0.371712	-2492
2798	0.372124	-2507.6
2799	0.369848	-2472.76
2800	0.366253	-2412.88
2801	0.370177	-2478.56
2802	0.381315	-2574.9
2803	0.37315	-2451.24
2804	0.371384	-2466.86
2805	0.363171	-2333.34
2806	0.375399	-2536.05
2807	0.38218	-2604.75
2808	0.372173	-2488.36
2809	0.36481	-2412.47
2810	0.369559	-2448.68
2811	0.370551	-2469.93
2812	0.376386	-2556.77
2813	0.365951	-2375.66
2814	0.368703	-2381.98
2815	0.365268	-2372.61
2816	0.372858	-2510.64
2817	0.374598	-2550
2818	0.372475	-2532.47
2819	0.372673	-2515.72
2820	0.37083	-2466.75
2821	0.363091	-2326.38
2822	0.374524	-2510.63
2823	0.368203	-2415.37
2824	0.370184	-2442.24
2825	0.380606	-2624.26
2826	0.372989	-2536.5
2827	0.376661	-2533.68
2828	0.370548	-2479.64
2829	0.366845	-2448.66
2830	0.370914	-2455.79
2831	0.369055	-2424.66
2832	0.371807	-2460.08
2833	0.367379	-2388.49
2834	0.368144	-2436.43
2835	0.370996	-2458.12
2836	0.371416	-2513.58
2837	0.371502	-2465.43
2838	0.371562	-2444.67
2839	0.377592	-2476.34
2840	0.369594	-2455.03
2841	0.371365	-2463.47
2842	0.363842	-2388.67
2843	0.364069	-2410.61
2844	0.369642	-2430.19
2845	0.362896	-2393.06
2846	0.372675	-2495.04
2847	0.369282	-2440.05
2848	0.374354	-2466.47
2849	0.364468	-2417.21
2850	0.366733	-2401.65
2851	0.368162	-2457.37
2852	0.373503	-2522.97
2853	0.373033	-2494.43
2854	0.373574	-2533.73
2855	0.375349	-2490.28
2856	0.364659	-2352.31
2857	0.369256	-2426.93
2858	0.374954	-2524.38
2859	0.369153	-2454.48
2860	0.36678	-2422.27
2861	0.374503	-2515.11
2862	0.370327	-2441.65
2863	0.357398	-2289.97
2864	0.37309	-2444.9
2865	0.375709	-2506.53
2866	0.36862	-2479.09
2867	0.372477	-2517.67
2868	0.369527	-2470.59
2869	0.372997	-2513.03
2870	0.365864	-2447.65
2871	0.374788	-2510.13
2872	0.365938	-2423.01
2873	0.36488	-2333.74
2874	0.365927	-2434.38
2875	0.36332	-2332.56
2876	0.368897	-2400.08
2877	0.379452	-2580.69
2878	0.373239	-2488.33
2879	0.375481	-2512.84
2880	0.373168	-2524.97
2881	0.377669	-2561.58
2882	0.374751	-2504.58
2883	0.363704	-2391.41
2884	0.367565	-2421.36
2885	0.364963	-2407.06
2886	0.373826	-2522.86
2887	0.370173	-2459.83
2888	0.370701	-2485.3
2889	0.364168	-2376.68
2890	0.368066	-2479.13
2891	0.366466	-2389.6
2892	0.371604	-2535.4
2893	0.370117	-2511.78
2894	0.370644	-2461.84
2895	0.366668	-2392.9
2896	0.375081	-2484.03
2897	0.379881	-2569.1
2898	0.363925	-2412.85
2899	0.37639	-2534.47
2900	0.36464	-2367.94
2901	0.367545	-2419.89
2902	0.366546	-2450.19
2903	0.364694	-2366.74
2904	0.367538	-2429.1
2905	0.362623	-2346.46
2906	0.364452	-2386.66
2907	0.372219	-2510.79
2908	0.361405	-2373.28
2909	0.372339	-2514.4
2910	0.375586	-2510.32
2911	0.364792	-2423.18
2912	0.369951	-2488.42
2913	0.375177	-2530.74
2914	0.359854	-2314.65
2915	0.364671	-2388.69
2916	0.370928	-2451.66
2917	0.367973	-2465.67
2918	0.374429	-2490.24
2919	0.375279	-2503.62
2920	0.365992	-2381.17
2921	0.371274	-2488.4
2922	0.37011	-2457.94
2923	0.366663	-2448.05
2924	0.372496	-2539.34
2925	0.370429	-2449.44
2926	0.369507	-2404.99
2927	0.369657	-2480.6
2928	0.380789	-2617.18
2929	0.358953	-2310.12
2930	0.367075	-2397.18
2931	0.378865	-2567.87
2932	0.362128	-2372.14
2933	0.373136	-2465.98
2934	0.371558	-2494.28
2935	0.37106	-2459.79
2936	0.364944	-2366.15
2937	0.378758	-2576.17
2938	0.369344	-2447.47
2939	0.371367	-2481.87
2940	0.369715	-2452.52
2941	0.378486	-2539.23
2942	0.368645	-2420.94
2943	0.366634	-2396.35
2944	0.369061	-2438.76
2945	0.37343	-2507.72
2946	0.366326	-2412.05
2947	0.369294	-2443.21
2948	0.355507	-2251.33
2949	0.354465	-2246.63
2950	0.360848	-2362.59
2951	0.370226	-2488.85
2952	0.377984	-2566.62
2953	0.368727	-2397
2954	0.36945	-2433.49
2955	0.36579	-2420.04
2956	0.368032	-2400.28
2957	0.364158	-2334.71
2958	0.369428	-2433.68
2959	0.374423	-2470.49
2960	0.366552	-2389.89
2961	0.375623	-2496.26
2962	0.366844	-2418.64
2963	0.365666	-2404.19
2964	0.374518	-2502.16
2965	0.37648	-2564.47
2966	0.378339	-2553.49
2967	0.369952	-2429.47
2968	0.377095	-2534.78
2969	0.369947	-2462.82
2970	0.367625	-2461.41
2971	0.370384	-2448.95
2972	0.366969	-2434.22
2973	0.363498	-2367.25
2974	0.375603	-2506.35
2975	0.3715	-2463.65
2976	0.369057	-2427.01
2977	0.368814	-2465.5
2978	0.366229	-2393.01
2979	0.3731	-2536.6
2980	0.368255	-2486.66
2981	0.37515	-2549.35
2982	0.371426	-2481.23
2983	0.371452	-2503.26
2984	0.378469	-2571.68
2985	0.365993	-2394.33
2986	0.37092	-2501.6
2987	0.377252	-2571.58
2988	0.370044	-2482.91
2989	0.36832	-2441.76
2990	0.375319	-2545.6
2991	0.364402	-2389.76
2992	0.374859	-2540.72
2993	0.373591	-2487.36
2994	0.376748	-2568.15
2995	0.373632	-2511.57
2996	0.365163	-2394.52
2997	0.363854	-2401.35
2998	0.372376	-2480.53
2999	0.372727	-2499.27
