0	0.40801	-3006.36
1	0.501071	-4485.32
2	0.529787	-5074.83
3	0.50173	-4540.39
4	0.501268	-4521.16
5	0.50609	-4613.78
6	0.513332	-4699.3
7	0.525606	-4992.03
8	0.519746	-4892.73
9	0.507673	-4642.25
10	0.533333	-5087.31
11	0.517125	-4807
12	0.501932	-4520.54
13	0.515981	-4773.84
14	0.528993	-5041.74
15	0.521295	-4873.96
16	0.508645	-4629.68
17	0.504064	-4562.57
18	0.504359	-4547.11
19	0.559512	-5642.43
20	0.743526	-9884.89
21	0.821483	-12086.5
22	0.86337	-13358.1
23	0.921853	-15280.6
24	0.939153	-15849.5
25	0.946998	-16127.6
26	0.942214	-15929.6
27	0.951173	-16269.1
28	0.93981	-15886.1
29	0.939759	-15911.3
30	0.948754	-16226.7
31	0.946582	-16090.4
32	0.946724	-16122.4
33	0.951267	-16306
34	0.939461	-15932.1
35	0.941777	-15959.1
36	0.932329	-15628.4
37	0.946437	-16112.9
38	0.948512	-16173.7
39	0.947799	-16152.1
40	0.949954	-16207.1
41	0.95302	-16343.5
42	0.941705	-15943.1
43	0.943784	-16027.3
44	0.948116	-16131.1
45	0.952182	-16322.2
46	0.949864	-16241
47	0.949599	-16208.1
48	0.948657	-16133.9
49	0.948735	-16175.7
50	0.946088	-16106.7
51	0.940471	-15921.4
52	0.945776	-16088.5
53	0.948399	-16197.1
54	0.950343	-16243.2
55	0.953451	-16317.7
56	0.94561	-16083.6
57	0.947107	-16126.9
58	0.953371	-16359.8
59	0.952432	-16301.2
60	0.950103	-16229.2
61	0.947709	-16171.3
62	0.947629	-16111.4
63	0.94874	-16177.3
64	0.94512	-16056.7
65	0.95329	-16334.8
66	0.950323	-16224.8
67	0.943497	-16007.5
68	0.943075	-16008.5
69	0.938865	-15863.4
70	0.94328	-15991.1
71	0.940196	-15868.9
72	0.947374	-16135.9
73	0.949109	-16174.7
74	0.943076	-16004.4
75	0.947783	-16170.9
76	0.943044	-16004.1
77	0.941741	-15921.5
78	0.943606	-15973.5
79	0.944769	-16024.7
80	0.943911	-16044.9
81	0.947576	-16111.5
82	0.940208	-15904.4
83	0.944509	-16032.7
84	0.943536	-16044.9
85	0.948706	-16161.8
86	0.949671	-16225.9
87	0.9506	-16228.3
88	0.950036	-16227.6
89	0.950756	-16265.6
90	0.950125	-16261.5
91	0.949859	-16235.4
92	0.952737	-16330.5
93	0.950045	-16199.3
94	0.949725	-16218.7
95	0.947206	-16141.8
96	0.943373	-15980.4
97	0.943812	-16019
98	0.936026	-15736.4
99	0.943944	-16036.6
100	0.92985	-15509.9
101	0.942503	-15964.6
102	0.938109	-15823.5
103	0.93705	-15784.8
104	0.946549	-16121.6
105	0.942681	-15971.7
106	0.939453	-15888.7
107	0.945943	-16075.7
108	0.943314	-16000
109	0.9343	-15727.1
110	0.935435	-15750.9
111	0.946892	-16114.4
112	0.94754	-16093.5
113	0.946526	-16116.8
114	0.943553	-15955.2
115	0.94685	-16109.9
116	0.951195	-16268.2
117	0.947283	-16131.1
118	0.943651	-16045.2
119	0.943043	-16014.4
120	0.940331	-15892.1
121	0.945832	-16055.9
122	0.945428	-16061.2
123	0.951551	-16267.1
124	0.951075	-16215.7
125	0.946423	-16085.4
126	0.945138	-16057.5
127	0.944148	-16000.1
128	0.938564	-15849.4
129	0.936659	-15764.9
130	0.924502	-15374.2
131	0.928655	-15498
132	0.935222	-15719.1
133	0.941311	-15951.8
134	0.947742	-16143.2
135	0.950355	-16240
136	0.949079	-16193.7
137	0.943842	-16033.8
138	0.943394	-15982.7
139	0.944652	-16046.6
140	0.943419	-16010.4
141	0.94432	-16017.7
142	0.940458	-15928.2
143	0.938623	-15809.7
144	0.944922	-16003.7
145	0.939197	-15883.8
146	0.940974	-15902.9
147	0.94246	-15980
148	0.946795	-16110.5
149	0.949039	-16164.8
150	0.946812	-16137.5
151	0.945271	-16091.8
152	0.94794	-16128.6
153	0.945777	-16093.9
154	0.949667	-16237.6
155	0.951873	-16244.3
156	0.944312	-16064.4
157	0.947944	-16163
158	0.952433	-16302.9
159	0.95123	-16259.9
160	0.94736	-16129.6
161	0.94569	-16114.7
162	0.944451	-16026.5
163	0.949579	-16193.8
164	0.95122	-16298
165	0.949944	-16253.7
166	0.953144	-16337.7
167	0.949279	-16165.5
168	0.944854	-16067.4
169	0.947945	-16180.1
170	0.950977	-16276.6
171	0.94292	-15958.5
172	0.946989	-16137.7
173	0.948191	-16188.8
174	0.95208	-16299.2
175	0.949632	-16203.8
176	0.94591	-16103.5
177	0.950075	-16206.7
178	0.945295	-16042.1
179	0.945572	-16086.9
180	0.945262	-16028.8
181	0.945463	-16080.5
182	0.948398	-16172.3
183	0.944328	-16029.7
184	0.940134	-15895.7
185	0.942813	-15968.7
186	0.954887	-16418
187	0.94691	-16120.3
188	0.943309	-15990.2
189	0.945626	-16063.3
190	0.947268	-16139
191	0.94682	-16132.5
192	0.947391	-16176.7
193	0.949731	-16200.7
194	0.943239	-15967.9
195	0.942116	-15910.5
196	0.933773	-15669.5
197	0.935205	-15721.9
198	0.939055	-15859
199	0.947426	-16154.1
200	0.947747	-16148.8
201	0.950133	-16234.6
202	0.950391	-16271.7
203	0.938644	-15873.5
204	0.94622	-16073.6
205	0.948138	-16140.4
206	0.949526	-16221
207	0.948884	-16196
208	0.947227	-16167.2
209	0.954188	-16396.9
210	0.952211	-16282.5
211	0.948236	-16147.5
212	0.950741	-16234.4
213	0.950661	-16233.7
214	0.948966	-16170.3
215	0.94961	-16200.5
216	0.950228	-16202.7
217	0.945639	-16028.1
218	0.948193	-16191.8
219	0.953171	-16340
220	0.947481	-16161.4
221	0.952196	-16289
222	0.950178	-16234.6
223	0.948078	-16207
224	0.952349	-16286.8
225	0.949801	-16222.9
226	0.944052	-15995.5
227	0.94259	-15960.6
228	0.946572	-16141.4
229	0.947674	-16153.3
230	0.945509	-16089.2
231	0.953127	-16323.1
232	0.950733	-16281.7
233	0.944027	-16038.2
234	0.94463	-16026
235	0.945869	-16099.8
236	0.944251	-16005.4
237	0.950639	-16265.1
238	0.953536	-16338.2
239	0.936287	-15741.8
240	0.946597	-16117.4
241	0.950045	-16237.6
242	0.945859	-16055.3
243	0.952741	-16328.7
244	0.951689	-16266.1
245	0.947746	-16169
246	0.953364	-16354.8
247	0.947024	-16127.3
248	0.948178	-16191.9
249	0.951576	-16282.3
250	0.948192	-16154.8
251	0.941585	-15933
252	0.943425	-16021.7
253	0.886499	-14201.8
254	0.894299	-14414.7
255	0.931804	-15625.1
256	0.942776	-15991.8
257	0.925136	-15352.4
258	0.923222	-15339.9
259	0.921571	-15237.7
260	0.94455	-16025.3
261	0.947951	-16154.5
262	0.946211	-16099.2
263	0.950109	-16220.8
264	0.95173	-16308.7
265	0.951535	-16277.3
266	0.948136	-16134.7
267	0.944519	-16027.6
268	0.945529	-16064.5
269	0.94458	-16035.7
270	0.938799	-15838.5
271	0.947839	-16164.8
272	0.947892	-16156.2
273	0.942745	-15943.5
274	0.952131	-16285.1
275	0.955292	-16389.7
276	0.946152	-16071
277	0.946309	-16126.1
278	0.946209	-16085.6
279	0.9508	-16310.9
280	0.952414	-16301
281	0.939707	-15951.7
282	0.938585	-15851.6
283	0.94633	-16092.2
284	0.940504	-15915.3
285	0.945643	-16117.7
286	0.94954	-16196.9
287	0.943729	-16012.5
288	0.948619	-16160.5
289	0.944351	-16019.5
290	0.940446	-15908.6
291	0.929485	-15630.4
292	0.928155	-15462.7
293	0.944031	-16041.1
294	0.952055	-16288.5
295	0.949078	-16235.4
296	0.954174	-16331.5
297	0.948326	-16175
298	0.946936	-16150.6
299	0.94912	-16201.6
300	0.956263	-16431.8
301	0.951075	-16273.8
302	0.949555	-16230.5
303	0.946933	-16141.6
304	0.949188	-16202.8
305	0.950798	-16203.7
306	0.951848	-16306.4
307	0.949805	-16227.3
308	0.947963	-16174.8
309	0.949014	-16168.9
310	0.942444	-15997.2
311	0.9506	-16251.6
312	0.947851	-16165.7
313	0.949297	-16172.7
314	0.948352	-16182.1
315	0.945715	-16088.4
316	0.955451	-16397.9
317	0.949045	-16205.4
318	0.947663	-16142.5
319	0.947242	-16157.1
320	0.945067	-16071.9
321	0.944603	-16037
322	0.948667	-16166.7
323	0.946942	-16105.2
324	0.953482	-16362.3
325	0.94406	-16018.6
326	0.937283	-15755.3
327	0.944974	-16030.3
328	0.947065	-16124.7
329	0.949336	-16206.6
330	0.943268	-15990.9
331	0.948813	-16207.7
332	0.947703	-16138.3
333	0.948727	-16181.1
334	0.9502	-16244.9
335	0.94523	-16044.8
336	0.945794	-16076.4
337	0.942367	-15984.9
338	0.941521	-15946.1
339	0.946304	-16132.4
340	0.941049	-15921.5
341	0.94319	-16039.7
342	0.942278	-15939.1
343	0.946284	-16071.7
344	0.946261	-16129.9
345	0.942318	-15960.4
346	0.945811	-16112
347	0.946753	-16105.8
348	0.937716	-15766.9
349	0.943077	-15982.7
350	0.945268	-16092.2
351	0.949289	-16189.6
352	0.950806	-16248
353	0.945691	-16090.4
354	0.944429	-16023.6
355	0.935896	-15762.4
356	0.943116	-15971.8
357	0.947605	-16165
358	0.947797	-16169.9
359	0.941517	-15995.5
360	0.94333	-16003.9
361	0.949259	-16191.6
362	0.942888	-16004.9
363	0.934356	-15722.4
364	0.942053	-15931.8
365	0.943947	-16067.9
366	0.943032	-15944.4
367	0.940591	-15923.9
368	0.941661	-15934.5
369	0.942243	-15983.6
370	0.947422	-16106.9
371	0.951849	-16269.2
372	0.945011	-16133
373	0.94454	-16019.9
374	0.951124	-16263.9
375	0.94817	-16184.8
376	0.94592	-16091.9
377	0.951171	-16252.5
378	0.946879	-16131.9
379	0.942288	-15964.4
380	0.944362	-16003.3
381	0.945487	-16080.8
382	0.946784	-16113
383	0.946912	-16113.9
384	0.943255	-15979.9
385	0.948022	-16162
386	0.953256	-16362.7
387	0.949273	-16202.5
388	0.947534	-16138.2
389	0.951421	-16257.3
390	0.950134	-16278
391	0.949933	-16232.2
392	0.94376	-15998.2
393	0.944903	-16068.6
394	0.939921	-15893.1
395	0.945734	-16071.9
396	0.931214	-15647.3
397	0.934323	-15701.6
398	0.94206	-15947.3
399	0.946624	-16095.5
400	0.947423	-16142.4
401	0.938181	-15792.5
402	0.948471	-16197.8
403	0.9467	-16107.2
404	0.9466	-16170.5
405	0.94543	-16063
406	0.952522	-16334.6
407	0.947727	-16151.1
408	0.944778	-16059
409	0.944731	-16015.4
410	0.946775	-16117.2
411	0.949821	-16207.2
412	0.951077	-16285.3
413	0.953558	-16337.5
414	0.948167	-16171.8
415	0.951738	-16295.2
416	0.950705	-16257
417	0.941104	-15936.5
418	0.95477	-16400.5
419	0.949714	-16220.7
420	0.953143	-16341.1
421	0.954982	-16379.2
422	0.945896	-16126
423	0.951644	-16276.9
424	0.952404	-16316.9
425	0.950273	-16206.7
426	0.947684	-16154.4
427	0.950762	-16245.9
428	0.947491	-16134.2
429	0.948133	-16191.3
430	0.94904	-16175.2
431	0.94229	-15942.4
432	0.947448	-16141.5
433	0.944721	-16062.5
434	0.951983	-16304.2
435	0.954678	-16415.6
436	0.952808	-16356.5
437	0.947208	-16126.3
438	0.948316	-16152.8
439	0.947698	-16136.3
440	0.946642	-16139.5
441	0.950372	-16252.3
442	0.94397	-16017.2
443	0.937287	-15783.1
444	0.939378	-15912.4
445	0.94384	-16014.6
446	0.949943	-16208
447	0.949969	-16193.1
448	0.948643	-16194.3
449	0.938927	-15845.1
450	0.945205	-16052.2
451	0.95154	-16294.1
452	0.943359	-16016
453	0.943437	-15993.3
454	0.949595	-16210.4
455	0.945902	-16068.6
456	0.946795	-16149
457	0.946438	-16138.5
458	0.940327	-15879.4
459	0.934554	-15714.6
460	0.927421	-15446.3
461	0.946351	-16119.8
462	0.950656	-16257
463	0.950036	-16267.6
464	0.949398	-16207.3
465	0.9445	-16039.2
466	0.951041	-16236.9
467	0.94631	-16092
468	0.953921	-16356.5
469	0.945081	-16051.2
470	0.946607	-16090.1
471	0.95018	-16250
472	0.943945	-16027.2
473	0.945601	-16085
474	0.941691	-15964.3
475	0.942617	-15961.2
476	0.9489	-16177.5
477	0.950125	-16237.7
478	0.943635	-16028.3
479	0.94903	-16166.8
480	0.94938	-16223.5
481	0.937778	-15756.3
482	0.944911	-16054
483	0.947389	-16121.5
484	0.949634	-16231.4
485	0.951381	-16235.8
486	0.941693	-15953.7
487	0.94077	-15878.6
488	0.945839	-16137.2
489	0.946426	-16116.3
490	0.947356	-16160.5
491	0.941517	-15921.2
492	0.949701	-16232.3
493	0.93737	-15790.8
494	0.939668	-15869.3
495	0.947737	-16147.1
496	0.933431	-15698.5
497	0.937718	-15807.2
498	0.94389	-16011.6
499	0.951594	-16294.9
500	0.947308	-16131.9
501	0.944198	-16025
502	0.948268	-16203.2
503	0.946715	-16080.5
504	0.953467	-16341.9
505	0.945412	-16084
506	0.94445	-16037.4
507	0.94133	-15920.3
508	0.940866	-15885.8
509	0.945293	-16046.5
510	0.941948	-15963.1
511	0.943712	-16037.8
512	0.935791	-15707.3
513	0.953838	-16346.5
514	0.951419	-16275.6
515	0.951398	-16289.5
516	0.952569	-16337.2
517	0.951816	-16219.9
518	0.951468	-16272
519	0.949985	-16249.2
520	0.949646	-16225
521	0.950878	-16266.4
522	0.945983	-16138.1
523	0.941608	-15945.5
524	0.940303	-15898.3
525	0.940646	-15940.8
526	0.941126	-15905.6
527	0.939263	-15839.8
528	0.949157	-16240.7
529	0.951431	-16263.2
530	0.943943	-16042.2
531	0.948839	-16169.6
532	0.952715	-16312.6
533	0.954362	-16386.9
534	0.946999	-16129.9
535	0.935636	-15707.8
536	0.934255	-15683.4
537	0.945075	-16023.9
538	0.945392	-16039.1
539	0.95141	-16263.8
540	0.945873	-16076.6
541	0.952058	-16252.1
542	0.947181	-16131.3
543	0.940088	-15909.5
544	0.945192	-16043.5
545	0.941478	-15903
546	0.946907	-16126
547	0.946118	-16084.1
548	0.949905	-16216.6
549	0.952248	-16262
550	0.949321	-16257.5
551	0.936892	-15754.6
552	0.931241	-15614.1
553	0.944505	-16064.2
554	0.938322	-15817.5
555	0.943229	-15959.4
556	0.945228	-16086.2
557	0.947154	-16127.4
558	0.940361	-15950.6
559	0.941488	-15989.8
560	0.939312	-15802.5
561	0.945696	-16089.7
562	0.938787	-15869.7
563	0.944218	-16049.5
564	0.940735	-15958
565	0.933487	-15660.3
566	0.945701	-16109.2
567	0.943539	-15993.4
568	0.942902	-16009.7
569	0.951423	-16236.8
570	0.947854	-16186.3
571	0.946248	-16091.7
572	0.949608	-16243.1
573	0.946013	-16077.7
574	0.946704	-16085.4
575	0.941363	-15947.2
576	0.937866	-15816.2
577	0.941366	-15927.4
578	0.945295	-16116.9
579	0.946412	-16134.6
580	0.944465	-16024.7
581	0.950745	-16248.8
582	0.949162	-16198.6
583	0.940463	-15893.2
584	0.940789	-15942
585	0.932623	-15657.7
586	0.942663	-15986
587	0.935299	-15746
588	0.933687	-15659.6
589	0.939829	-15862.4
590	0.947231	-16119.2
591	0.942747	-16002.9
592	0.941077	-15935.2
593	0.949463	-16237.5
594	0.952166	-16285.4
595	0.948204	-16147.2
596	0.943684	-16040.7
597	0.944227	-16015.8
598	0.940816	-15931.1
599	0.944266	-16036.5
600	0.943203	-15985.6
601	0.943733	-16030.7
602	0.94839	-16157.2
603	0.943238	-16022.7
604	0.936685	-15745.3
605	0.943472	-16039.5
606	0.942658	-15992.4
607	0.930378	-15553.3
608	0.937296	-15767.1
609	0.932275	-15631.8
610	0.936754	-15748.1
611	0.949527	-16194.8
612	0.945794	-16065.9
613	0.936471	-15754.3
614	0.941765	-15932.5
615	0.939167	-15894.6
616	0.950214	-16254.9
617	0.948003	-16163.1
618	0.955309	-16447
619	0.948908	-16193.8
620	0.94382	-16030.8
621	0.949969	-16220.3
622	0.950923	-16253.7
623	0.945711	-16044.2
624	0.951069	-16294.7
625	0.947081	-16111.7
626	0.952321	-16286.3
627	0.955069	-16378.9
628	0.952909	-16315.4
629	0.952833	-16315.2
630	0.947807	-16171.5
631	0.948322	-16188.9
632	0.938284	-15804.8
633	0.942131	-16021.4
634	0.946125	-16103.3
635	0.940314	-15892.3
636	0.946364	-16103.8
637	0.941891	-15957.1
638	0.94927	-16230.7
639	0.950607	-16252.4
640	0.948475	-16219.1
641	0.950951	-16250.2
642	0.947133	-16107.7
643	0.948227	-16197.8
644	0.949247	-16238.7
645	0.951384	-16285
646	0.947178	-16160.8
647	0.947769	-16146.2
648	0.950228	-16211.1
649	0.938933	-15844.8
650	0.947149	-16169.6
651	0.947885	-16132.4
652	0.946808	-16135.1
653	0.94744	-16131.5
654	0.954032	-16364.6
655	0.951218	-16241.1
656	0.94839	-16192.9
657	0.938637	-15840.3
658	0.932726	-15661.1
659	0.939126	-15878.5
660	0.9444	-16025.1
661	0.950105	-16194.4
662	0.942657	-15996.6
663	0.945329	-16035.4
664	0.939657	-15890.8
665	0.945261	-16049.1
666	0.873593	-13666.4
667	0.90634	-14774.4
668	0.932851	-15637.6
669	0.944911	-16043.9
670	0.942503	-15988.8
671	0.945038	-16098
672	0.946901	-16133.7
673	0.948035	-16165.2
674	0.943877	-15973.8
675	0.943786	-16021.8
676	0.945639	-16086.6
677	0.947288	-16166.4
678	0.944734	-16040.6
679	0.948237	-16129.3
680	0.946662	-16168.2
681	0.94953	-16178.6
682	0.94709	-16166.9
683	0.946399	-16131
684	0.949192	-16206.4
685	0.941294	-15927
686	0.93865	-15753.6
687	0.943947	-15977.5
688	0.941644	-15943.8
689	0.944842	-16002.4
690	0.947657	-16130.5
691	0.948199	-16150.4
692	0.943283	-16032.8
693	0.949498	-16172.7
694	0.949351	-16237.4
695	0.944092	-16031.5
696	0.949431	-16218.6
697	0.94707	-16160
698	0.945735	-16033.6
699	0.928121	-15504.1
700	0.931554	-15580.7
701	0.93302	-15636.7
702	0.933862	-15669.8
703	0.933101	-15605.3
704	0.943004	-16038.1
705	0.941069	-15934.2
706	0.951614	-16283.2
707	0.951114	-16239.3
708	0.945083	-16068.5
709	0.943399	-15955.2
710	0.947595	-16167.8
711	0.944388	-16047.4
712	0.948966	-16184.8
713	0.949506	-16205.6
714	0.945091	-16081.3
715	0.944885	-16068.9
716	0.946386	-16104.9
717	0.946674	-16082.9
718	0.945639	-16082.2
719	0.943472	-15998.9
720	0.942492	-15979.9
721	0.945646	-16132.1
722	0.951626	-16284.9
723	0.949091	-16208.6
724	0.949665	-16218.5
725	0.948043	-16152.1
726	0.945455	-16080.6
727	0.948447	-16187.6
728	0.949194	-16239.9
729	0.950421	-16259.6
730	0.950309	-16213.3
731	0.949918	-16238.1
732	0.949354	-16194.7
733	0.948383	-16167.9
734	0.948638	-16236.1
735	0.949237	-16160.6
736	0.949007	-16176.1
737	0.949082	-16217.7
738	0.944256	-16057.3
739	0.938876	-15821.9
740	0.932368	-15632.3
741	0.934628	-15673
742	0.938629	-15868.3
743	0.924986	-15448.1
744	0.937149	-15837.7
745	0.947437	-16162.5
746	0.944914	-16081.6
747	0.946324	-16081.6
748	0.935319	-15682.5
749	0.950336	-16257.6
750	0.951471	-16276.2
751	0.944967	-16042.8
752	0.941479	-15933.9
753	0.944289	-16035.4
754	0.942942	-16018.4
755	0.947601	-16161.2
756	0.943945	-16093.4
757	0.946588	-16138.8
758	0.946654	-16081.2
759	0.944692	-16013.3
760	0.949412	-16206.8
761	0.951595	-16280
762	0.954241	-16354
763	0.951397	-16298.9
764	0.941036	-15943
765	0.945857	-16086.6
766	0.948271	-16125.7
767	0.942263	-15956.6
768	0.944607	-16064.1
769	0.943611	-16004.8
770	0.946522	-16114.8
771	0.948531	-16161
772	0.944411	-16002.9
773	0.94267	-15961.3
774	0.949851	-16261.4
775	0.948226	-16184
776	0.950676	-16265.9
777	0.947267	-16122.4
778	0.949283	-16214.9
779	0.954639	-16385.8
780	0.950577	-16267.3
781	0.951683	-16282.2
782	0.953807	-16362.5
783	0.946139	-16094.9
784	0.936902	-15753.4
785	0.945959	-16086.7
786	0.942732	-15981.5
787	0.941453	-15917.9
788	0.943542	-16041.3
789	0.945295	-16041
790	0.932045	-15648.2
791	0.9419	-15958.6
792	0.940299	-15910
793	0.945159	-16086.9
794	0.942328	-15956.6
795	0.952951	-16342.6
796	0.958374	-16521.3
797	0.94967	-16187
798	0.948271	-16145.1
799	0.948689	-16162.7
800	0.945341	-16068.6
801	0.943553	-16013
802	0.94245	-15982.3
803	0.940789	-15856
804	0.942406	-16012
805	0.933856	-15682
806	0.940809	-15942.6
807	0.936082	-15733.9
808	0.93448	-15656.9
809	0.943396	-16027.6
810	0.950928	-16252.4
811	0.946373	-16096.8
812	0.941379	-15914.7
813	0.944402	-16055.1
814	0.942696	-15981.3
815	0.943491	-15989.6
816	0.945898	-16080
817	0.950537	-16206.9
818	0.949261	-16217.9
819	0.94522	-16060.8
820	0.941915	-15960.8
821	0.9466	-16097.1
822	0.953977	-16365.7
823	0.95598	-16436.7
824	0.951785	-16280.2
825	0.951468	-16269.2
826	0.95258	-16344.3
827	0.952611	-16302.4
828	0.938613	-15864.7
829	0.944247	-15982.9
830	0.945363	-16091.7
831	0.945664	-16073.6
832	0.94994	-16248.5
833	0.947368	-16090.3
834	0.941166	-15922.3
835	0.949093	-16189.3
836	0.946318	-16100.7
837	0.937421	-15787.5
838	0.940682	-15927.1
839	0.943786	-16011
840	0.943601	-16009.2
841	0.948938	-16218.3
842	0.953391	-16340.2
843	0.948482	-16202.5
844	0.945982	-16070.8
845	0.941474	-15964.4
846	0.950653	-16248.6
847	0.947956	-16174
848	0.951501	-16289.5
849	0.952594	-16320
850	0.939875	-15913.3
851	0.938419	-15838.6
852	0.943386	-15963.7
853	0.938479	-15845.2
854	0.951583	-16263.9
855	0.948848	-16166.4
856	0.949558	-16206
857	0.942051	-15947.8
858	0.93969	-15841.9
859	0.946164	-16093.8
860	0.949632	-16196.9
861	0.951172	-16288.2
862	0.949328	-16179.8
863	0.948586	-16154.8
864	0.949347	-16203.8
865	0.947433	-16150
866	0.944235	-16021.9
867	0.942948	-15975.7
868	0.946628	-16094.8
869	0.949285	-16209.2
870	0.944721	-16028.6
871	0.94165	-15943.6
872	0.942566	-16001.8
873	0.945752	-16059.7
874	0.949755	-16231.5
875	0.944869	-16045.9
876	0.936181	-15739.3
877	0.946007	-16078.2
878	0.941996	-15931.1
879	0.949888	-16211.3
880	0.952186	-16331.7
881	0.945774	-16090.5
882	0.950207	-16233.7
883	0.954274	-16335.3
884	0.955226	-16400.8
885	0.951955	-16312.1
886	0.956765	-16446.5
887	0.955361	-16404.3
888	0.951325	-16246.3
889	0.951761	-16272
890	0.954287	-16379.3
891	0.945408	-16066
892	0.945219	-16067.2
893	0.943745	-16013.7
894	0.944334	-16065.3
895	0.9466	-16113.9
896	0.942824	-15951.6
897	0.942154	-15922.6
898	0.950927	-16238.4
899	0.951787	-16291.2
900	0.947576	-16136.3
901	0.949088	-16197.9
902	0.950324	-16226.4
903	0.952443	-16297.5
904	0.950551	-16253.6
905	0.952504	-16303.8
906	0.951146	-16278.5
907	0.948388	-16165.9
908	0.949469	-16217.4
909	0.945922	-16087
910	0.945772	-16071.7
911	0.942649	-15993.9
912	0.939129	-15820.6
913	0.935135	-15734.5
914	0.944772	-16021.9
915	0.937106	-15786.1
916	0.945808	-16045.4
917	0.940847	-15924.3
918	0.950724	-16248.1
919	0.942348	-15951.5
920	0.946335	-16023.8
921	0.946573	-16099.1
922	0.939736	-15888.9
923	0.941369	-15976.3
924	0.940655	-15883.9
925	0.941546	-15949.6
926	0.945604	-16123
927	0.949361	-16215.7
928	0.949875	-16252
929	0.94237	-15937.7
930	0.941529	-15897.1
931	0.945562	-16091.1
932	0.947425	-16164
933	0.944473	-16044.1
934	0.949701	-16233.1
935	0.94636	-16102.8
936	0.949206	-16205.6
937	0.945032	-15984.1
938	0.95285	-16326
939	0.952798	-16291.5
940	0.953147	-16324.7
941	0.947875	-16128.9
942	0.951483	-16263.9
943	0.938488	-15817
944	0.945228	-16066.1
945	0.939761	-15867.8
946	0.950854	-16257
947	0.947065	-16117.3
948	0.950281	-16241.4
949	0.948334	-16152.6
950	0.944251	-16048.6
951	0.952448	-16343.2
952	0.951902	-16286
953	0.949632	-16217
954	0.94617	-16086.2
955	0.954224	-16366.8
956	0.948032	-16156.8
957	0.946671	-16112
958	0.94379	-16045
959	0.951311	-16268.9
960	0.949176	-16207.8
961	0.94469	-16088.6
962	0.936511	-15765.4
963	0.9425	-15966.5
964	0.938567	-15847.9
965	0.94418	-16020.7
966	0.9477	-16150.4
967	0.949355	-16207.9
968	0.950179	-16214.6
969	0.943138	-15979
970	0.9464	-16118.3
971	0.949253	-16225.7
972	0.950898	-16217.8
973	0.945884	-16101.5
974	0.943269	-15979.5
975	0.950486	-16234.1
976	0.951408	-16323
977	0.94904	-16215.7
978	0.944982	-16072.4
979	0.944536	-15987.4
980	0.948332	-16163.1
981	0.952167	-16307.4
982	0.949747	-16225.8
983	0.945554	-16061.7
984	0.9524	-16321
985	0.93361	-15704.6
986	0.94187	-15905
987	0.943196	-15986.3
988	0.936919	-15778.5
989	0.934527	-15732.9
990	0.939871	-15879.9
991	0.928495	-15537.5
992	0.935739	-15770.4
993	0.946893	-16142.9
994	0.947932	-16140.2
995	0.945926	-16080.1
996	0.949377	-16205.4
997	0.944608	-15997.8
998	0.947337	-16166.5
999	0.938089	-15821.1
1000	0.939853	-15867.9
1001	0.940269	-15850.3
1002	0.946583	-16110.6
1003	0.949317	-16201.8
1004	0.943234	-16013.8
1005	0.947605	-16102.9
1006	0.940947	-15914.4
1007	0.943202	-16040.7
1008	0.946591	-16129.6
1009	0.951683	-16269.8
1010	0.944673	-16062.2
1011	0.936004	-15752.7
1012	0.942922	-15975.3
1013	0.9447	-16046.8
1014	0.946573	-16126.4
1015	0.946235	-16125.1
1016	0.93954	-15845.2
1017	0.942921	-15921.9
1018	0.947875	-16173.9
1019	0.946675	-16113
1020	0.947002	-16120.2
1021	0.954383	-16390.3
1022	0.949795	-16199.7
1023	0.947026	-16110.9
1024	0.949637	-16223.8
1025	0.940245	-15905.8
1026	0.94275	-15972.4
1027	0.947075	-16126.4
1028	0.94752	-16164.6
1029	0.948016	-16166.3
1030	0.945695	-16103.5
1031	0.945231	-16003
1032	0.947202	-16118.9
1033	0.938846	-15828.8
1034	0.949503	-16230.5
1035	0.945982	-16101.8
1036	0.950691	-16240.9
1037	0.947791	-16149.3
1038	0.947865	-16160.1
1039	0.946588	-16127.4
1040	0.950225	-16209.2
1041	0.948235	-16170.6
1042	0.933395	-15638.7
1043	0.926326	-15404.4
1044	0.921391	-15269.9
1045	0.926492	-15465.3
1046	0.941789	-15959.5
1047	0.947645	-16143.2
1048	0.952955	-16302.5
1049	0.938817	-15822.8
1050	0.936066	-15775.3
1051	0.929664	-15515.8
1052	0.926342	-15466.9
1053	0.937969	-15771
1054	0.945652	-16061.1
1055	0.951369	-16287.8
1056	0.948517	-16192.5
1057	0.944785	-16054.6
1058	0.947929	-16137.1
1059	0.942823	-15960
1060	0.936832	-15761.2
1061	0.944762	-16084.4
1062	0.928726	-15546.3
1063	0.947347	-16137.2
1064	0.94638	-16073.4
1065	0.940179	-15886
1066	0.937545	-15798.1
1067	0.944589	-16069.7
1068	0.946379	-16091.6
1069	0.94905	-16165.5
1070	0.951497	-16258.8
1071	0.940368	-15898.2
1072	0.937913	-15802.1
1073	0.930602	-15579.2
1074	0.913687	-15009.3
1075	0.936557	-15742.3
1076	0.941887	-15951.6
1077	0.952769	-16336.8
1078	0.952573	-16292.4
1079	0.950396	-16226.1
1080	0.948894	-16182.5
1081	0.947012	-16115.2
1082	0.933521	-15706
1083	0.913359	-14965
1084	0.929418	-15551.6
1085	0.94667	-16146.7
1086	0.949043	-16231.3
1087	0.945211	-16045.9
1088	0.946464	-16107.4
1089	0.947235	-16134.6
1090	0.93674	-15738.2
1091	0.94077	-15915.9
1092	0.947789	-16143.2
1093	0.948256	-16140.5
1094	0.947564	-16143.7
1095	0.950762	-16263.3
1096	0.952006	-16280.9
1097	0.952658	-16306
1098	0.947267	-16096.3
1099	0.948329	-16179.5
1100	0.946331	-16104.5
1101	0.943808	-16005
1102	0.943353	-16006.8
1103	0.932318	-15653.1
1104	0.942099	-15982.8
1105	0.933976	-15692.4
1106	0.942543	-15936.5
1107	0.949403	-16194.7
1108	0.941367	-15888.9
1109	0.941303	-15943.3
1110	0.943203	-15990.6
1111	0.93532	-15714.9
1112	0.946189	-16053.3
1113	0.948173	-16184.1
1114	0.942578	-15980.5
1115	0.943047	-15961.7
1116	0.947174	-16170.3
1117	0.939011	-15893.7
1118	0.942452	-16019.4
1119	0.937414	-15792.1
1120	0.940999	-15893.1
1121	0.944173	-16013.8
1122	0.95037	-16230.7
1123	0.946667	-16145.6
1124	0.953959	-16347.5
1125	0.949049	-16179
1126	0.951725	-16278.5
1127	0.9429	-15991.1
1128	0.946392	-16114.1
1129	0.944083	-15992.1
1130	0.941948	-15998.7
1131	0.945014	-16081.1
1132	0.941956	-15967.2
1133	0.882355	-13877.3
1134	0.902806	-14671.8
1135	0.921755	-15202.4
1136	0.922268	-15298.4
1137	0.933902	-15674.4
1138	0.945365	-16057.8
1139	0.941228	-15933.6
1140	0.947632	-16137
1141	0.935472	-15654.8
1142	0.929979	-15590.4
1143	0.937226	-15794.2
1144	0.942066	-15952.8
1145	0.938372	-15879.8
1146	0.94281	-15976.5
1147	0.936127	-15759.6
1148	0.942501	-15987.5
1149	0.948286	-16151.1
1150	0.948553	-16207.8
1151	0.944412	-16017.5
1152	0.949512	-16209
1153	0.945718	-16079.9
1154	0.928509	-15468.2
1155	0.924913	-15388.3
1156	0.9408	-15930
1157	0.939093	-15825.5
1158	0.946818	-16110.3
1159	0.94675	-16154.6
1160	0.950376	-16248.1
1161	0.943349	-16005
1162	0.948957	-16213.1
1163	0.953006	-16327.2
1164	0.944241	-16022.4
1165	0.951716	-16271.7
1166	0.953957	-16370.2
1167	0.94035	-15892.8
1168	0.948252	-16185.8
1169	0.941487	-15893
1170	0.948433	-16197.3
1171	0.948604	-16191.9
1172	0.949106	-16192.3
1173	0.949283	-16215
1174	0.943887	-16036.2
1175	0.941605	-15928.9
1176	0.944768	-16034.3
1177	0.945658	-16039
1178	0.94951	-16183.7
1179	0.946103	-16088.1
1180	0.938618	-15832.6
1181	0.939502	-15874.2
1182	0.927957	-15532.5
1183	0.938496	-15884
1184	0.945308	-16060.5
1185	0.943638	-15993
1186	0.947737	-16153.1
1187	0.948471	-16214.8
1188	0.947233	-16106.9
1189	0.950885	-16280.1
1190	0.949056	-16210.7
1191	0.953121	-16308.7
1192	0.945078	-16105.1
1193	0.952035	-16293.6
1194	0.942656	-15982.8
1195	0.941179	-15928.3
1196	0.944164	-16029.5
1197	0.939109	-15811.6
1198	0.937795	-15785.9
1199	0.945183	-16062.8
1200	0.949069	-16177.2
1201	0.951868	-16280.4
1202	0.947873	-16144.6
1203	0.946072	-16105.1
1204	0.94346	-16057.1
1205	0.948912	-16127.4
1206	0.944644	-16042.7
1207	0.945067	-16079.6
1208	0.945836	-16054.4
1209	0.94623	-16092.2
1210	0.94371	-16004.7
1211	0.952921	-16362.7
1212	0.946033	-16070.5
1213	0.950149	-16233.1
1214	0.947936	-16183.3
1215	0.941417	-15912.7
1216	0.923826	-15335.7
1217	0.932837	-15643.3
1218	0.940072	-15890.1
1219	0.944495	-16043.3
1220	0.946933	-16102.8
1221	0.948063	-16119.8
1222	0.951741	-16299
1223	0.942739	-15996.5
1224	0.941466	-15926.7
1225	0.94533	-16009.3
1226	0.930992	-15644.7
1227	0.933578	-15678.9
1228	0.943923	-16049.4
1229	0.942978	-16001.7
1230	0.946358	-16106.7
1231	0.946003	-16140
1232	0.945618	-16067.7
1233	0.951459	-16327
1234	0.946194	-16099.3
1235	0.94895	-16191.9
1236	0.956985	-16463.9
1237	0.955276	-16448.9
1238	0.946631	-16137.2
1239	0.952949	-16344.7
1240	0.949826	-16245.3
1241	0.948129	-16191.6
1242	0.950815	-16262.8
1243	0.944327	-16006.2
1244	0.94417	-16034.1
1245	0.946616	-16121.5
1246	0.949791	-16221
1247	0.949466	-16222.4
1248	0.944828	-16067.8
1249	0.941095	-15930.5
1250	0.954591	-16355.2
1251	0.950371	-16240.8
1252	0.950949	-16234.8
1253	0.943761	-16022
1254	0.950585	-16201.9
1255	0.939776	-15903
1256	0.949323	-16201.2
1257	0.941799	-15967.9
1258	0.94178	-15923.8
1259	0.938979	-15814.9
1260	0.921655	-15296.1
1261	0.943293	-16004.8
1262	0.946481	-16111.9
1263	0.945185	-16046.4
1264	0.954331	-16394.2
1265	0.947095	-16131.9
1266	0.950488	-16247.7
1267	0.946036	-16097.8
1268	0.94207	-15942.9
1269	0.946571	-16131.6
1270	0.943101	-15984.9
1271	0.951168	-16259
1272	0.953357	-16306.4
1273	0.954155	-16377.5
1274	0.95094	-16280
1275	0.949816	-16200.8
1276	0.947939	-16163
1277	0.943945	-15993
1278	0.94947	-16219.3
1279	0.947043	-16161.4
1280	0.951797	-16295.7
1281	0.949734	-16208.3
1282	0.943315	-16002.4
1283	0.936825	-15769.1
1284	0.945731	-16084.7
1285	0.947325	-16122.9
1286	0.940693	-15869.1
1287	0.943345	-15998.7
1288	0.948965	-16225.8
1289	0.950732	-16239.5
1290	0.943753	-16015.6
1291	0.933871	-15686.9
1292	0.944499	-16033.8
1293	0.946097	-16090.5
1294	0.94875	-16165.4
1295	0.938849	-15872.5
1296	0.94435	-16036.8
1297	0.950303	-16255.3
1298	0.947429	-16151.1
1299	0.944362	-16034
1300	0.945153	-16037.5
1301	0.947212	-16125.8
1302	0.951504	-16271.2
1303	0.949481	-16207.3
1304	0.948654	-16173
1305	0.944586	-16046.2
1306	0.948383	-16175.2
1307	0.948907	-16207.5
1308	0.950178	-16241.9
1309	0.948762	-16197.3
1310	0.946462	-16114.9
1311	0.944228	-16045.9
1312	0.944191	-16010.6
1313	0.93779	-15794.9
1314	0.937655	-15763.3
1315	0.939277	-15819.8
1316	0.94897	-16211.3
1317	0.944142	-16051.1
1318	0.944974	-16078.3
1319	0.932536	-15659.2
1320	0.940116	-15901.9
1321	0.948495	-16172.7
1322	0.947285	-16142.4
1323	0.951436	-16250.5
1324	0.947747	-16154
1325	0.94285	-15977.5
1326	0.936236	-15768.2
1327	0.939082	-15815.1
1328	0.940685	-15959.6
1329	0.944523	-16052.6
1330	0.934114	-15737.7
1331	0.945118	-16048.8
1332	0.946786	-16112.3
1333	0.949948	-16241.1
1334	0.953142	-16335.9
1335	0.950937	-16255.7
1336	0.946075	-16078.5
1337	0.942927	-15987.6
1338	0.941992	-15925.8
1339	0.946697	-16113.3
1340	0.950321	-16203
1341	0.950587	-16247.8
1342	0.945551	-16093.4
1343	0.940683	-15906.6
1344	0.942542	-15966.9
1345	0.932142	-15624.4
1346	0.940957	-15948.6
1347	0.949182	-16182.8
1348	0.944158	-15982.6
1349	0.941722	-15986.4
1350	0.957614	-16493.3
1351	0.953182	-16351.6
1352	0.948029	-16141.4
1353	0.946612	-16095.9
1354	0.948569	-16150.7
1355	0.949302	-16210
1356	0.94565	-16069.4
1357	0.947156	-16101.9
1358	0.942497	-15967.9
1359	0.94051	-15918.5
1360	0.945746	-16097.7
1361	0.946827	-16123.1
1362	0.948182	-16156.7
1363	0.949	-16185.2
1364	0.939265	-15888.7
1365	0.945538	-16048.9
1366	0.949487	-16237.4
1367	0.952032	-16278
1368	0.951275	-16283.4
1369	0.952061	-16301.5
1370	0.943303	-15964.9
1371	0.94196	-15948.9
1372	0.94206	-15927.6
1373	0.94438	-16062.8
1374	0.943854	-16021.1
1375	0.949566	-16191.1
1376	0.951157	-16296.7
1377	0.95293	-16326.8
1378	0.938099	-15790.3
1379	0.947192	-16113.3
1380	0.945824	-16085.5
1381	0.947159	-16093.9
1382	0.946446	-16138.4
1383	0.950971	-16210.1
1384	0.947441	-16123.6
1385	0.95153	-16287
1386	0.931025	-15611.2
1387	0.924813	-15409.1
1388	0.937236	-15779
1389	0.939424	-15854.5
1390	0.930864	-15556.2
1391	0.948948	-16169.7
1392	0.942748	-16019.2
1393	0.951304	-16280.9
1394	0.946991	-16102.7
1395	0.948288	-16176.3
1396	0.951065	-16249.5
1397	0.951028	-16282.8
1398	0.946158	-16120
1399	0.949347	-16218.9
1400	0.950551	-16244.8
1401	0.940315	-15938.8
1402	0.944787	-16073.6
1403	0.939411	-15887.7
1404	0.943621	-15988.4
1405	0.948315	-16234.9
1406	0.94226	-15991.6
1407	0.946286	-16089
1408	0.937746	-15839.4
1409	0.938821	-15887.3
1410	0.948747	-16191.2
1411	0.954557	-16389.3
1412	0.952684	-16327.6
1413	0.947183	-16116.1
1414	0.953211	-16334.2
1415	0.952032	-16299.4
1416	0.950566	-16242.2
1417	0.943991	-16027.8
1418	0.942291	-15967
1419	0.943216	-16027.3
1420	0.945832	-16031.8
1421	0.951309	-16297.4
1422	0.947219	-16117.4
1423	0.942182	-15932
1424	0.943456	-16048
1425	0.950318	-16237.3
1426	0.949222	-16214.8
1427	0.952492	-16318.4
1428	0.950826	-16269.2
1429	0.94833	-16175
1430	0.945883	-16097.8
1431	0.945224	-16097.7
1432	0.950289	-16193
1433	0.950889	-16281.6
1434	0.93433	-15725.6
1435	0.857858	-13194
1436	0.812778	-11987.7
1437	0.869935	-13662.3
1438	0.924199	-15384.5
1439	0.935006	-15756.9
1440	0.933945	-15659.6
1441	0.929922	-15522.8
1442	0.926663	-15406
1443	0.942994	-15969
1444	0.94002	-15858.6
1445	0.943091	-15965.6
1446	0.943208	-16000.3
1447	0.940789	-15942.2
1448	0.950732	-16269.2
1449	0.946424	-16111.2
1450	0.946245	-16097.3
1451	0.946549	-16119.7
1452	0.953759	-16350
1453	0.950285	-16257.6
1454	0.947285	-16147.2
1455	0.939144	-15858.6
1456	0.935419	-15703
1457	0.939773	-15849.1
1458	0.945092	-16078.1
1459	0.944556	-16017.9
1460	0.944667	-16042.6
1461	0.936572	-15724.8
1462	0.941043	-15931.3
1463	0.943506	-15984.8
1464	0.945714	-16101
1465	0.934964	-15736.9
1466	0.943244	-16014
1467	0.949169	-16190.1
1468	0.948	-16141.5
1469	0.945527	-16090.4
1470	0.946215	-16089.6
1471	0.946679	-16117.9
1472	0.952329	-16285
1473	0.949421	-16203.9
1474	0.95056	-16262.2
1475	0.94707	-16120.5
1476	0.94003	-15887.7
1477	0.933552	-15670
1478	0.938272	-15822.9
1479	0.936842	-15850.3
1480	0.948584	-16169.6
1481	0.945025	-16090.4
1482	0.945585	-16070.4
1483	0.948547	-16154
1484	0.948692	-16206.4
1485	0.946882	-16111
1486	0.953425	-16333.6
1487	0.949048	-16171.9
1488	0.949313	-16213.1
1489	0.943425	-16018.3
1490	0.945971	-16101.8
1491	0.950563	-16228.9
1492	0.943343	-16009.2
1493	0.935274	-15725.2
1494	0.936643	-15778.1
1495	0.941881	-15949.4
1496	0.939356	-15895.7
1497	0.944379	-16007.3
1498	0.946055	-16078.9
1499	0.947788	-16190.2
1500	0.941156	-15957.7
1501	0.945708	-16094.2
1502	0.946422	-16106.5
1503	0.949086	-16212.9
1504	0.949533	-16183.5
1505	0.951464	-16254
1506	0.948772	-16206.8
1507	0.950189	-16244.9
1508	0.947656	-16150.8
1509	0.950253	-16241.7
1510	0.943914	-16083.6
1511	0.945702	-16070
1512	0.949782	-16207.1
1513	0.949129	-16202.9
1514	0.943418	-15975.2
1515	0.949234	-16199.7
1516	0.954523	-16391.6
1517	0.940206	-15883.2
1518	0.940232	-15868.8
1519	0.937022	-15772.1
1520	0.944708	-16079.4
1521	0.941281	-15935.8
1522	0.946456	-16099.8
1523	0.942577	-15992.6
1524	0.943392	-15974.7
1525	0.94817	-16158.1
1526	0.952589	-16357.5
1527	0.952628	-16289.2
1528	0.949907	-16236.6
1529	0.956157	-16430.4
1530	0.95769	-16477.4
1531	0.952901	-16290.6
1532	0.947638	-16111.2
1533	0.945705	-16074.8
1534	0.922976	-15368.7
1535	0.863297	-13465.2
1536	0.875925	-13815.3
1537	0.851988	-12932
1538	0.904441	-14732
1539	0.925795	-15407.5
1540	0.927603	-15462.9
1541	0.936414	-15768.2
1542	0.934726	-15719.8
1543	0.938527	-15850.2
1544	0.946093	-16086.5
1545	0.94696	-16119.2
1546	0.9413	-15939
1547	0.946376	-16085.5
1548	0.945872	-16136
1549	0.938821	-15846.2
1550	0.945019	-16045.6
1551	0.938566	-15806.7
1552	0.939258	-15844.9
1553	0.938617	-15845.7
1554	0.946442	-16090.3
1555	0.94279	-15967.9
1556	0.9463	-16070.2
1557	0.946492	-16134.2
1558	0.938961	-15885.1
1559	0.942645	-15972.8
1560	0.947925	-16113.4
1561	0.947198	-16107
1562	0.943821	-16031.1
1563	0.925542	-15347.5
1564	0.942801	-15963
1565	0.936245	-15719.1
1566	0.936074	-15722.3
1567	0.945425	-16040.6
1568	0.938057	-15828.6
1569	0.949202	-16189.3
1570	0.947631	-16114.8
1571	0.950454	-16231.4
1572	0.94613	-16089.1
1573	0.93813	-15815
1574	0.937179	-15769.6
1575	0.944056	-15986.2
1576	0.945859	-16089.4
1577	0.953485	-16319.9
1578	0.955666	-16423.4
1579	0.940604	-15930.8
1580	0.942549	-15990.6
1581	0.946595	-16080.7
1582	0.957656	-16486
1583	0.946356	-16117.2
1584	0.937763	-15814
1585	0.938569	-15832.6
1586	0.935671	-15762.4
1587	0.9436	-15977.9
1588	0.950001	-16245.1
1589	0.954422	-16392.3
1590	0.949926	-16240.6
1591	0.947956	-16140.4
1592	0.950694	-16230.7
1593	0.945063	-16097.4
1594	0.943906	-15998.2
1595	0.943529	-16030.7
1596	0.942177	-15961.8
1597	0.944927	-16097
1598	0.946	-16096.4
1599	0.945335	-16055
1600	0.946177	-16099.9
1601	0.946125	-16086.4
1602	0.951156	-16258.2
1603	0.946371	-16083.7
1604	0.945143	-16048.9
1605	0.941369	-15869.4
1606	0.942862	-15993.7
1607	0.946281	-16074.4
1608	0.948419	-16170.9
1609	0.93941	-15883.2
1610	0.935879	-15727.7
1611	0.94307	-15981.1
1612	0.941503	-15947.9
1613	0.9455	-16036.8
1614	0.954756	-16360.9
1615	0.950663	-16276
1616	0.944571	-16039.7
1617	0.9442	-16033.1
1618	0.950343	-16258.5
1619	0.939384	-15879.9
1620	0.946196	-16082.8
1621	0.942762	-15975.5
1622	0.944395	-16028.3
1623	0.949722	-16228
1624	0.948569	-16178.7
1625	0.937879	-15775.7
1626	0.937769	-15839
1627	0.943052	-15992.8
1628	0.944998	-16071.6
1629	0.944111	-16024.3
1630	0.945869	-16116.7
1631	0.947211	-16107.7
1632	0.937468	-15788.7
1633	0.940129	-15856.4
1634	0.949267	-16228
1635	0.944864	-16026
1636	0.948522	-16214.1
1637	0.932866	-15687.7
1638	0.882208	-14011.5
1639	0.907272	-14819.8
1640	0.918143	-15185.7
1641	0.915143	-15052.3
1642	0.932789	-15662.7
1643	0.939072	-15855.4
1644	0.949354	-16170.8
1645	0.948292	-16192.7
1646	0.944734	-16082.5
1647	0.94622	-16109.8
1648	0.945751	-16064.6
1649	0.948426	-16183.1
1650	0.949729	-16228.3
1651	0.947735	-16155.7
1652	0.955054	-16383.8
1653	0.943387	-15989.4
1654	0.927261	-15440.6
1655	0.931688	-15600.8
1656	0.894856	-14414.7
1657	0.890958	-14323.6
1658	0.898453	-14491.7
1659	0.932031	-15613.4
1660	0.938365	-15886
1661	0.949427	-16202.5
1662	0.948158	-16208.1
1663	0.953983	-16345.6
1664	0.94826	-16133.4
1665	0.950564	-16219.8
1666	0.943642	-16007.7
1667	0.948056	-16172.8
1668	0.949432	-16212.8
1669	0.953176	-16329.5
1670	0.950656	-16225.9
1671	0.948697	-16178.7
1672	0.945	-16037.1
1673	0.950963	-16262.5
1674	0.949904	-16222.5
1675	0.950734	-16273.2
1676	0.950576	-16243.1
1677	0.946303	-16130.3
1678	0.942309	-15947.7
1679	0.940134	-15913.6
1680	0.950657	-16227.1
1681	0.947173	-16121.5
1682	0.946769	-16124.4
1683	0.933292	-15712.4
1684	0.93825	-15816.4
1685	0.951614	-16259.2
1686	0.945523	-16076.1
1687	0.946925	-16140.2
1688	0.940235	-15941.8
1689	0.94561	-16104.2
1690	0.941598	-15952.2
1691	0.945669	-16079.5
1692	0.942093	-15950.7
1693	0.943964	-16041.3
1694	0.950423	-16209.2
1695	0.946701	-16124.1
1696	0.948694	-16185.8
1697	0.941667	-15896.8
1698	0.941339	-15925.7
1699	0.94118	-15897.7
1700	0.943134	-16018.8
1701	0.943887	-16022.6
1702	0.944563	-16041.1
1703	0.952206	-16340.8
1704	0.947241	-16166.7
1705	0.950198	-16217.4
1706	0.949031	-16173.1
1707	0.94365	-16016.9
1708	0.949488	-16216.1
1709	0.953257	-16311.5
1710	0.957146	-16475
1711	0.954945	-16399
1712	0.950165	-16233.1
1713	0.950135	-16281.6
1714	0.951339	-16288.9
1715	0.945992	-16072.5
1716	0.947837	-16174.3
1717	0.945991	-16094.2
1718	0.944683	-16060.5
1719	0.953343	-16320.8
1720	0.949689	-16228.8
1721	0.948866	-16159.3
1722	0.948326	-16171.6
1723	0.950013	-16226.3
1724	0.952245	-16315.4
1725	0.949074	-16172.1
1726	0.945714	-16071.8
1727	0.947081	-16130.8
1728	0.945628	-16105.7
1729	0.942664	-15980.1
1730	0.945968	-16097.1
1731	0.945813	-16131.8
1732	0.935572	-15777.5
1733	0.945942	-16050.9
1734	0.94821	-16132
1735	0.949826	-16244
1736	0.947358	-16181.2
1737	0.94544	-16040
1738	0.945482	-16026.9
1739	0.950527	-16257.7
1740	0.948062	-16121.6
1741	0.951123	-16262.1
1742	0.950269	-16238.3
1743	0.947283	-16147.7
1744	0.942191	-15988.2
1745	0.936088	-15774.9
1746	0.941184	-15960.6
1747	0.949673	-16173
1748	0.953579	-16309.5
1749	0.945036	-16061.7
1750	0.944095	-15991.9
1751	0.944578	-16029.3
1752	0.949843	-16261.1
1753	0.955101	-16417
1754	0.953831	-16333
1755	0.952314	-16305
1756	0.952753	-16301.1
1757	0.950533	-16231
1758	0.943562	-16026.3
1759	0.941787	-15887.4
1760	0.938696	-15870.3
1761	0.9413	-15909
1762	0.942466	-16010.9
1763	0.94728	-16133.6
1764	0.950092	-16192.3
1765	0.946694	-16109.3
1766	0.947094	-16121.1
1767	0.940771	-15865
1768	0.950804	-16259.6
1769	0.947839	-16117.8
1770	0.950115	-16224
1771	0.945797	-16103.7
1772	0.945938	-16083.1
1773	0.940627	-15895.1
1774	0.949683	-16217.4
1775	0.955459	-16414.3
1776	0.946602	-16116.5
1777	0.952668	-16329.5
1778	0.951007	-16242.2
1779	0.952258	-16299.3
1780	0.9435	-16002.2
1781	0.942092	-15922.7
1782	0.899661	-14608
1783	0.914714	-15036.2
1784	0.92944	-15544.4
1785	0.942413	-15938.7
1786	0.940435	-15886.9
1787	0.951043	-16278.6
1788	0.939081	-15840.4
1789	0.935052	-15690.3
1790	0.946553	-16108.2
1791	0.947995	-16152.5
1792	0.942204	-15978.1
1793	0.945056	-16088.6
1794	0.940733	-15912.1
1795	0.948703	-16199.9
1796	0.948822	-16202.9
1797	0.946782	-16139.9
1798	0.947272	-16120.1
1799	0.944077	-16060
1800	0.946963	-16104.6
1801	0.943047	-15994.5
1802	0.946301	-16116.8
1803	0.948436	-16181.9
1804	0.944648	-16068.1
1805	0.945999	-16106.5
1806	0.943145	-16029.6
1807	0.942238	-15941.8
1808	0.94872	-16166.8
1809	0.943532	-16000.5
1810	0.942499	-15960.9
1811	0.937054	-15810.1
1812	0.938021	-15816.1
1813	0.931372	-15625.3
1814	0.938961	-15818.9
1815	0.927094	-15478.9
1816	0.939453	-15850.5
1817	0.94342	-16027.6
1818	0.948318	-16189.9
1819	0.947286	-16166.9
1820	0.947475	-16116.4
1821	0.944311	-16008.4
1822	0.948358	-16163.3
1823	0.947683	-16175.5
1824	0.945833	-16084.2
1825	0.941734	-15977.4
1826	0.943286	-16000.6
1827	0.941643	-15933.1
1828	0.937771	-15810.5
1829	0.93402	-15734.8
1830	0.947343	-16118.1
1831	0.948528	-16193.6
1832	0.942664	-15941.2
1833	0.943746	-16031
1834	0.940656	-15941
1835	0.946291	-16115.2
1836	0.940628	-15901.9
1837	0.939857	-15841.4
1838	0.946358	-16140.6
1839	0.942449	-15995.3
1840	0.940134	-15893.3
1841	0.934438	-15785.6
1842	0.943381	-15982.7
1843	0.950935	-16255.9
1844	0.939286	-15880.3
1845	0.945256	-16067.2
1846	0.946544	-16080.9
1847	0.953188	-16337.6
1848	0.952761	-16313.3
1849	0.950721	-16272.8
1850	0.939463	-15893.8
1851	0.940006	-15901.8
1852	0.94433	-16014.1
1853	0.948941	-16173.9
1854	0.943814	-16020.5
1855	0.945664	-16057.9
1856	0.949241	-16181.7
1857	0.94513	-16054.6
1858	0.948485	-16172.2
1859	0.946665	-16165
1860	0.9404	-15929
1861	0.945385	-16056.1
1862	0.94516	-16073.8
1863	0.941351	-15943.2
1864	0.946688	-16100.5
1865	0.949293	-16205.9
1866	0.942845	-15975.6
1867	0.944141	-16003.5
1868	0.949584	-16217.6
1869	0.939173	-15899.1
1870	0.946109	-16071.7
1871	0.9444	-16021
1872	0.938182	-15794.2
1873	0.929818	-15532
1874	0.922548	-15299.5
1875	0.929211	-15546
1876	0.939416	-15809.5
1877	0.9412	-15934.4
1878	0.93673	-15697.8
1879	0.943882	-16019.3
1880	0.946919	-16158.6
1881	0.938538	-15835.9
1882	0.932113	-15633.5
1883	0.929326	-15530.8
1884	0.931813	-15617.5
1885	0.939483	-15877.3
1886	0.941779	-15940.3
1887	0.93891	-15850.7
1888	0.944648	-16061.4
1889	0.949495	-16189.6
1890	0.943727	-15985.1
1891	0.953799	-16349.3
1892	0.95049	-16272.4
1893	0.946502	-16105.9
1894	0.948025	-16181.6
1895	0.942427	-15951.2
1896	0.942714	-15989.9
1897	0.943336	-16016
1898	0.948653	-16188.1
1899	0.952812	-16306.1
1900	0.944101	-16010.4
1901	0.946378	-16102.5
1902	0.945982	-16071.6
1903	0.93563	-15719.8
1904	0.948588	-16172.7
1905	0.947445	-16169.5
1906	0.948832	-16200
1907	0.940993	-15917.2
1908	0.939721	-15917.7
1909	0.94308	-15958.6
1910	0.944765	-16094.3
1911	0.948799	-16174.1
1912	0.950825	-16257.8
1913	0.949581	-16240.8
1914	0.944036	-16046.4
1915	0.953419	-16360.4
1916	0.947297	-16158.9
1917	0.943812	-16003.5
1918	0.932348	-15667.3
1919	0.942285	-15951.4
1920	0.945655	-16108
1921	0.936243	-15750.8
1922	0.941226	-15918.7
1923	0.946887	-16127.5
1924	0.951471	-16290.7
1925	0.942075	-15976
1926	0.947564	-16143.4
1927	0.947636	-16119
1928	0.951521	-16280.2
1929	0.950208	-16224.2
1930	0.949906	-16230.4
1931	0.941439	-15953.5
1932	0.939144	-15886.3
1933	0.944581	-16093.3
1934	0.94108	-15873
1935	0.948037	-16163.7
1936	0.947879	-16156.3
1937	0.94483	-16053
1938	0.942779	-15947.6
1939	0.949689	-16231.1
1940	0.950476	-16277.5
1941	0.952103	-16287.4
1942	0.947279	-16105.9
1943	0.949658	-16190.3
1944	0.952586	-16336.6
1945	0.954917	-16408.9
1946	0.947484	-16158.2
1947	0.949629	-16226.7
1948	0.946005	-16097.3
1949	0.952233	-16297.2
1950	0.945072	-16079.1
1951	0.947144	-16137.3
1952	0.952361	-16275.8
1953	0.954996	-16386.8
1954	0.948859	-16171.2
1955	0.945864	-16028.3
1956	0.944696	-16052.2
1957	0.944471	-16082.8
1958	0.950603	-16232.4
1959	0.947833	-16102.7
1960	0.951208	-16254.1
1961	0.951475	-16283.1
1962	0.955068	-16417.5
1963	0.945216	-16077.6
1964	0.945748	-16099.4
1965	0.946719	-16073
1966	0.950269	-16250
1967	0.937465	-15831.8
1968	0.933994	-15719.8
1969	0.941687	-15970.6
1970	0.949132	-16173.4
1971	0.950184	-16249.4
1972	0.9453	-16078.7
1973	0.943501	-16005.4
1974	0.951534	-16277.6
1975	0.942649	-15958.3
1976	0.947178	-16129.9
1977	0.94524	-16094.5
1978	0.944944	-16097.4
1979	0.946943	-16101.3
1980	0.949852	-16224.6
1981	0.947855	-16151.9
1982	0.949045	-16201.2
1983	0.950448	-16230.4
1984	0.947462	-16169.1
1985	0.948891	-16187.1
1986	0.946948	-16091.1
1987	0.944083	-16026.5
1988	0.945411	-16063.9
1989	0.941756	-15939.8
1990	0.944303	-16072.2
1991	0.946965	-16110.8
1992	0.947545	-16183.3
1993	0.947804	-16166.8
1994	0.950374	-16256.5
1995	0.945191	-16039.6
1996	0.945833	-16054.1
1997	0.951971	-16290.9
1998	0.948411	-16188.6
1999	0.946187	-16117.5
2000	0.9543	-16368.1
2001	0.945296	-16082.2
2002	0.945313	-16099.7
2003	0.94404	-16020.9
2004	0.949491	-16213.7
2005	0.941114	-15935.8
2006	0.944253	-16091.6
2007	0.940863	-15932.3
2008	0.943304	-16013.7
2009	0.944248	-15990.7
2010	0.949335	-16196.5
2011	0.952541	-16293.7
2012	0.949611	-16227
2013	0.950076	-16261.1
2014	0.943353	-16022
2015	0.933083	-15676.7
2016	0.913979	-14988.9
2017	0.906774	-14772.7
2018	0.931597	-15636
2019	0.948462	-16178.6
2020	0.956684	-16485.4
2021	0.944432	-15998.3
2022	0.948209	-16148.4
2023	0.944189	-16005.8
2024	0.945543	-16048.6
2025	0.945244	-16043.1
2026	0.945318	-16030.5
2027	0.943209	-15999.4
2028	0.944122	-16024.4
2029	0.93782	-15772.4
2030	0.941509	-15938.5
2031	0.943908	-16039.1
2032	0.941268	-15908.3
2033	0.946138	-16070.1
2034	0.942776	-15946
2035	0.942392	-15958.9
2036	0.942188	-15979.4
2037	0.9452	-16087.4
2038	0.950403	-16233.3
2039	0.945351	-16042.5
2040	0.948093	-16172.8
2041	0.945753	-16086.4
2042	0.942798	-15980.4
2043	0.93732	-15815.4
2044	0.931059	-15612.8
2045	0.933456	-15631.5
2046	0.91918	-15220.7
2047	0.936136	-15792.3
2048	0.940462	-15932.6
2049	0.941041	-15891.9
2050	0.939208	-15895.6
2051	0.940301	-15887.5
2052	0.943184	-15986.7
2053	0.949146	-16154.6
2054	0.948985	-16176.7
2055	0.947441	-16175
2056	0.942093	-15983.6
2057	0.945445	-16097.3
2058	0.94033	-15907.7
2059	0.951692	-16263.4
2060	0.943746	-16084.8
2061	0.946773	-16120.9
2062	0.950012	-16220.4
2063	0.944706	-16037
2064	0.94083	-15883.2
2065	0.944534	-16060.2
2066	0.94217	-15926.3
2067	0.946736	-16127.6
2068	0.950947	-16254.7
2069	0.946094	-16094.3
2070	0.948732	-16192.2
2071	0.949498	-16220.4
2072	0.951359	-16275.5
2073	0.94269	-15987.3
2074	0.94219	-15952.6
2075	0.943323	-16046.6
2076	0.93707	-15749.8
2077	0.934879	-15688.4
2078	0.930379	-15551.4
2079	0.935283	-15735
2080	0.933176	-15665.9
2081	0.939075	-15840
2082	0.943713	-15981.7
2083	0.95219	-16292.5
2084	0.951306	-16267.5
2085	0.951637	-16258.6
2086	0.950076	-16208.9
2087	0.951397	-16284.2
2088	0.947698	-16128.5
2089	0.949038	-16222.2
2090	0.943026	-15944.6
2091	0.944158	-15992.2
2092	0.9438	-15964.5
2093	0.946919	-16138.8
2094	0.943896	-16004.5
2095	0.940776	-15928.4
2096	0.937315	-15775.2
2097	0.943041	-15972
2098	0.948525	-16139.4
2099	0.94648	-16065
2100	0.945457	-16071.4
2101	0.945628	-16082.9
2102	0.948666	-16204
2103	0.937919	-15846
2104	0.942732	-15976.6
2105	0.936308	-15776.6
2106	0.937815	-15791.9
2107	0.94163	-15922.6
2108	0.941272	-15922.6
2109	0.943215	-16007.8
2110	0.949742	-16230.4
2111	0.94279	-15956.8
2112	0.944914	-16049
2113	0.945486	-16046.5
2114	0.955615	-16406.7
2115	0.94521	-16036.6
2116	0.944129	-16031.8
2117	0.944185	-16007.1
2118	0.906067	-14727.8
2119	0.915156	-15032.8
2120	0.915574	-15069.7
2121	0.911394	-14921.1
2122	0.931273	-15594.5
2123	0.943202	-16010.2
2124	0.943051	-15984.1
2125	0.942396	-16011.4
2126	0.939972	-15921.1
2127	0.936881	-15751.2
2128	0.93701	-15749.8
2129	0.944767	-16048.6
2130	0.947032	-16154.3
2131	0.949482	-16233.2
2132	0.936651	-15741.1
2133	0.940791	-15913.4
2134	0.942534	-15948.9
2135	0.941273	-15974.1
2136	0.945853	-16090.4
2137	0.944819	-16054.7
2138	0.953891	-16393.4
2139	0.948711	-16181.1
2140	0.948749	-16181.8
2141	0.950633	-16260.5
2142	0.949013	-16237.4
2143	0.945883	-16050.4
2144	0.937213	-15809.4
2145	0.940831	-15910.9
2146	0.946034	-16093.1
2147	0.946687	-16122.9
2148	0.948332	-16165.4
2149	0.945354	-16054.4
2150	0.946814	-16150.1
2151	0.950021	-16203
2152	0.953074	-16325.4
2153	0.953579	-16387.2
2154	0.949417	-16219.7
2155	0.943803	-16047.6
2156	0.952485	-16328.6
2157	0.94471	-16046
2158	0.950387	-16237
2159	0.951741	-16281
2160	0.953306	-16362.3
2161	0.948423	-16125.1
2162	0.94601	-16053.5
2163	0.941281	-15895.7
2164	0.946335	-16140.8
2165	0.952234	-16362.4
2166	0.951601	-16293.6
2167	0.937363	-15811.5
2168	0.944759	-16025
2169	0.947549	-16152.8
2170	0.953622	-16348.8
2171	0.945937	-16128.6
2172	0.95362	-16334
2173	0.950484	-16231.6
2174	0.946074	-16097.5
2175	0.952983	-16309.9
2176	0.949459	-16215.4
2177	0.945648	-16093.6
2178	0.951521	-16303.8
2179	0.950998	-16266.5
2180	0.948248	-16194.4
2181	0.946428	-16108.1
2182	0.947472	-16148.5
2183	0.9474	-16133
2184	0.936151	-15769.5
2185	0.9428	-16016.5
2186	0.942596	-16006.1
2187	0.941298	-15953.4
2188	0.948207	-16183
2189	0.950761	-16271.6
2190	0.945139	-16058.2
2191	0.942192	-15951.4
2192	0.9449	-16072.7
2193	0.949771	-16217.9
2194	0.946338	-16079.9
2195	0.947635	-16165
2196	0.944438	-16054.4
2197	0.946196	-16099.8
2198	0.952223	-16298.6
2199	0.948435	-16207.3
2200	0.948205	-16176.9
2201	0.94748	-16101.2
2202	0.954535	-16385.5
2203	0.952165	-16305.6
2204	0.94541	-16094
2205	0.947687	-16160.6
2206	0.942488	-15952.2
2207	0.947421	-16118.9
2208	0.953258	-16356.5
2209	0.950212	-16253.6
2210	0.947684	-16140.7
2211	0.946458	-16111.9
2212	0.946045	-16096.2
2213	0.943392	-16031.1
2214	0.943004	-15957.3
2215	0.920915	-15263.6
2216	0.902535	-14762.8
2217	0.92181	-15233.3
2218	0.915154	-15018.5
2219	0.931943	-15633.9
2220	0.942314	-15973.8
2221	0.945432	-16089.3
2222	0.940226	-15899.4
2223	0.947781	-16151.2
2224	0.944564	-15988.5
2225	0.938445	-15800.8
2226	0.942184	-15936.7
2227	0.950952	-16247.3
2228	0.950425	-16239.4
2229	0.951613	-16274.7
2230	0.946546	-16128.2
2231	0.947661	-16131.3
2232	0.947512	-16140.8
2233	0.94554	-16069.2
2234	0.953126	-16348.8
2235	0.950411	-16237.7
2236	0.93438	-15669.6
2237	0.93357	-15665.2
2238	0.938418	-15791.7
2239	0.940439	-15884.5
2240	0.930379	-15590.6
2241	0.941136	-15963.7
2242	0.94908	-16194.7
2243	0.94596	-16032.9
2244	0.943134	-15989
2245	0.945886	-16058.8
2246	0.943426	-16007.5
2247	0.948747	-16206.9
2248	0.948474	-16169.9
2249	0.951072	-16272.5
2250	0.947395	-16169.4
2251	0.934094	-15696.7
2252	0.93918	-15850.9
2253	0.924323	-15359.8
2254	0.936028	-15726.3
2255	0.932707	-15619.8
2256	0.943102	-16025.1
2257	0.941517	-15918.5
2258	0.938583	-15878.5
2259	0.945513	-16044.2
2260	0.949869	-16246.3
2261	0.948686	-16192.5
2262	0.947463	-16144
2263	0.936109	-15760.9
2264	0.939555	-15886.7
2265	0.933719	-15652.5
2266	0.933812	-15703.7
2267	0.945587	-16071.7
2268	0.940205	-15885.5
2269	0.944235	-16038.1
2270	0.949349	-16211.5
2271	0.951181	-16243.8
2272	0.946162	-16082.7
2273	0.949751	-16226.6
2274	0.942419	-15951.5
2275	0.94223	-15963.2
2276	0.941783	-15952.8
2277	0.946854	-16103.1
2278	0.9513	-16228.9
2279	0.949644	-16238.5
2280	0.940469	-15901.3
2281	0.944987	-16039.8
2282	0.943504	-16028.5
2283	0.948229	-16170.7
2284	0.942899	-15973.8
2285	0.941802	-15957
2286	0.941063	-15903
2287	0.948792	-16227
2288	0.948147	-16155.5
2289	0.943848	-16017.5
2290	0.940125	-15902
2291	0.945575	-16070.7
2292	0.942417	-15939.3
2293	0.941256	-15952.6
2294	0.942893	-16006.7
2295	0.942453	-15967.6
2296	0.945705	-16114.4
2297	0.948856	-16170.6
2298	0.955446	-16452.5
2299	0.949067	-16181.4
2300	0.937057	-15830.6
2301	0.936593	-15768
2302	0.932515	-15658.8
2303	0.938163	-15804.7
2304	0.94418	-16045.1
2305	0.947458	-16107.2
2306	0.939502	-15879.9
2307	0.941439	-15928
2308	0.941196	-15940.7
2309	0.949833	-16267.9
2310	0.946456	-16093.5
2311	0.939938	-15888.4
2312	0.945508	-16124.4
2313	0.942121	-15968.9
2314	0.952289	-16278.6
2315	0.947559	-16158.8
2316	0.946298	-16082.7
2317	0.946413	-16107.2
2318	0.948568	-16177.9
2319	0.943213	-16037.9
2320	0.944619	-16039.3
2321	0.941567	-15903.3
2322	0.939654	-15821.7
2323	0.939635	-15896.6
2324	0.944538	-16030
2325	0.944662	-16028.8
2326	0.945784	-16058.7
2327	0.948493	-16213.1
2328	0.946765	-16117.7
2329	0.942428	-15996.5
2330	0.947523	-16110.5
2331	0.947967	-16178
2332	0.947314	-16122.8
2333	0.944192	-16062.6
2334	0.950224	-16211.1
2335	0.94171	-15912.1
2336	0.94485	-16102
2337	0.95009	-16226.9
2338	0.945565	-16087.3
2339	0.943113	-15977.7
2340	0.931196	-15570.8
2341	0.909457	-14867.5
2342	0.927147	-15440.7
2343	0.917986	-15211.2
2344	0.938804	-15870.5
2345	0.931209	-15549.8
2346	0.940417	-15959.6
2347	0.941051	-15954.3
2348	0.953244	-16333.9
2349	0.95194	-16261.1
2350	0.953337	-16323.9
2351	0.94503	-16121.9
2352	0.936828	-15760.4
2353	0.949254	-16217.7
2354	0.934499	-15688.6
2355	0.928319	-15516.9
2356	0.938397	-15763.8
2357	0.942581	-15949.6
2358	0.946803	-16157.4
2359	0.949911	-16188.2
2360	0.949717	-16212.6
2361	0.943617	-15968.8
2362	0.948154	-16221
2363	0.949305	-16219.9
2364	0.950979	-16302.6
2365	0.947582	-16176.6
2366	0.950717	-16251.5
2367	0.93727	-15782
2368	0.94468	-16043.4
2369	0.943122	-16020.4
2370	0.941461	-15929.3
2371	0.946569	-16098.5
2372	0.946323	-16082.6
2373	0.942571	-15975.5
2374	0.952485	-16309.5
2375	0.94442	-16017.8
2376	0.945422	-16058
2377	0.951089	-16240.6
2378	0.95095	-16282.4
2379	0.952541	-16331
2380	0.954363	-16355.6
2381	0.952046	-16312.8
2382	0.950134	-16223.7
2383	0.950404	-16234.3
2384	0.949611	-16214.3
2385	0.951515	-16266.9
2386	0.949631	-16231.5
2387	0.949081	-16206.4
2388	0.946698	-16130.7
2389	0.949569	-16185.8
2390	0.944412	-16041.6
2391	0.945112	-15990.8
2392	0.942575	-15947.4
2393	0.950858	-16240.6
2394	0.948135	-16159.1
2395	0.948782	-16163.2
2396	0.944048	-16064.1
2397	0.948983	-16148.5
2398	0.949002	-16192.8
2399	0.940081	-15881.5
2400	0.94221	-15995.3
2401	0.940302	-15906.2
2402	0.925863	-15384.8
2403	0.937488	-15784.9
2404	0.923075	-15328.1
2405	0.8792	-13866.3
2406	0.90625	-14780.4
2407	0.910759	-14944.1
2408	0.912557	-14977
2409	0.943054	-15987.6
2410	0.947596	-16155.3
2411	0.94608	-16084.2
2412	0.948919	-16167.3
2413	0.947006	-16136.8
2414	0.934845	-15679.5
2415	0.946302	-16103.5
2416	0.946294	-16073.6
2417	0.943171	-16028.5
2418	0.941166	-15933.2
2419	0.93919	-15865.2
2420	0.93063	-15569.6
2421	0.940206	-15849.9
2422	0.942941	-15948.1
2423	0.944389	-16039.7
2424	0.951523	-16314.7
2425	0.945441	-16063.8
2426	0.945919	-16058
2427	0.943033	-15991.1
2428	0.949714	-16241.8
2429	0.951369	-16297.6
2430	0.947139	-16149
2431	0.951533	-16275.2
2432	0.94973	-16221.9
2433	0.949541	-16224.2
2434	0.951339	-16250.1
2435	0.94773	-16139.3
2436	0.954448	-16428
2437	0.952813	-16307.9
2438	0.951252	-16251.8
2439	0.948204	-16150.4
2440	0.947829	-16129.2
2441	0.943985	-16041.6
2442	0.943335	-16029.3
2443	0.943898	-16013.3
2444	0.937083	-15764.8
2445	0.942164	-15969.1
2446	0.940673	-15891
2447	0.946185	-16122.7
2448	0.945442	-16101.6
2449	0.942238	-15955.6
2450	0.943907	-16062
2451	0.938409	-15797.1
2452	0.936837	-15770.7
2453	0.940545	-15894.6
2454	0.941597	-15948
2455	0.951773	-16284.7
2456	0.948341	-16155.9
2457	0.947177	-16093
2458	0.94717	-16150.9
2459	0.947926	-16185.1
2460	0.955254	-16389.7
2461	0.947838	-16176.7
2462	0.945816	-16090.3
2463	0.940817	-15893.3
2464	0.948531	-16177.8
2465	0.947825	-16173.8
2466	0.944819	-16097.8
2467	0.9442	-16024.7
2468	0.949869	-16243
2469	0.949762	-16203
2470	0.947929	-16109.2
2471	0.94602	-16107.2
2472	0.947651	-16140.8
2473	0.946682	-16129.4
2474	0.950066	-16205.6
2475	0.954172	-16365.3
2476	0.945771	-16109.9
2477	0.946681	-16138.1
2478	0.921684	-15266.1
2479	0.93533	-15698.4
2480	0.947753	-16115.9
2481	0.948648	-16185.3
2482	0.954198	-16340.4
2483	0.94982	-16214.6
2484	0.950758	-16260.3
2485	0.951686	-16256.2
2486	0.945515	-16053.9
2487	0.943471	-16007.9
2488	0.947521	-16122.8
2489	0.95426	-16388.1
2490	0.945747	-16017.9
2491	0.945317	-16071.4
2492	0.940487	-15905.8
2493	0.935141	-15714.8
2494	0.927136	-15431.5
2495	0.923189	-15335.5
2496	0.938175	-15813.8
2497	0.938596	-15818.1
2498	0.936293	-15760.5
2499	0.936421	-15779.9
2500	0.939042	-15855.5
2501	0.951096	-16260.1
2502	0.952217	-16306.6
2503	0.951178	-16282
2504	0.952077	-16320.3
2505	0.950593	-16240.4
2506	0.949779	-16242.7
2507	0.946149	-16081.9
2508	0.938186	-15821.5
2509	0.935097	-15724.2
2510	0.944445	-16038.3
2511	0.94536	-16044.5
2512	0.937606	-15835.1
2513	0.942324	-15988
2514	0.9343	-15765.1
2515	0.923916	-15363
2516	0.919597	-15222.9
2517	0.91863	-15178.2
2518	0.935352	-15707.8
2519	0.947172	-16126.5
2520	0.952611	-16294.6
2521	0.947621	-16130.3
2522	0.946936	-16111.6
2523	0.94214	-15960.7
2524	0.943316	-15993.4
2525	0.949797	-16215.3
2526	0.949145	-16200.4
2527	0.949341	-16195.5
2528	0.949527	-16217.9
2529	0.944589	-16039.7
2530	0.941791	-15971.9
2531	0.940475	-15863.8
2532	0.939629	-15900.6
2533	0.932011	-15624.3
2534	0.941728	-15971.6
2535	0.950443	-16252.9
2536	0.947413	-16181
2537	0.947405	-16148
2538	0.945638	-16087.7
2539	0.945865	-16107
2540	0.948456	-16132.7
2541	0.940501	-15910.5
2542	0.940924	-15981.3
2543	0.943331	-15952.2
2544	0.9435	-16003.1
2545	0.949409	-16198.4
2546	0.952544	-16297.3
2547	0.951892	-16317.1
2548	0.950159	-16228.8
2549	0.933445	-15652
2550	0.936185	-15780.2
2551	0.935224	-15725.5
2552	0.946636	-16129.5
2553	0.940955	-15936.1
2554	0.946543	-16124.2
2555	0.948086	-16191.7
2556	0.945366	-16092.2
2557	0.944797	-16042.1
2558	0.953367	-16346.1
2559	0.94673	-16096.8
2560	0.953786	-16371.5
2561	0.946425	-16085.7
2562	0.946192	-16065.2
2563	0.953638	-16355.4
2564	0.947796	-16167.2
2565	0.943571	-16014.9
2566	0.9464	-16138.5
2567	0.94905	-16233.7
2568	0.951617	-16291.2
2569	0.950389	-16266.3
2570	0.946256	-16075.1
2571	0.948875	-16156.1
2572	0.947094	-16119.4
2573	0.950214	-16219.7
2574	0.95224	-16271.5
2575	0.945639	-16062.9
2576	0.95145	-16308.2
2577	0.939617	-15866.7
2578	0.94007	-15925.5
2579	0.945789	-16077
2580	0.947374	-16108.8
2581	0.948791	-16199.6
2582	0.950418	-16242.5
2583	0.954596	-16387.4
2584	0.951021	-16245.5
2585	0.948259	-16189.8
2586	0.953836	-16354.5
2587	0.953967	-16354.6
2588	0.957341	-16462.3
2589	0.951689	-16289.5
2590	0.949818	-16225.7
2591	0.94854	-16197.6
2592	0.950941	-16248.5
2593	0.946211	-16115.2
2594	0.946226	-16099.9
2595	0.95024	-16213.2
2596	0.94964	-16190.4
2597	0.946302	-16139.2
2598	0.943682	-16007
2599	0.949392	-16141.2
2600	0.947479	-16131.8
2601	0.950233	-16248
2602	0.948958	-16177.7
2603	0.95088	-16216.6
2604	0.948711	-16175.4
2605	0.946387	-16124.6
2606	0.945367	-16077.5
2607	0.952328	-16307
2608	0.950144	-16224.3
2609	0.942064	-15944.6
2610	0.944746	-16053.3
2611	0.95414	-16389.7
2612	0.949649	-16207.4
2613	0.947406	-16097.6
2614	0.946722	-16133.6
2615	0.951264	-16260.9
2616	0.949437	-16226.5
2617	0.934086	-15721.1
2618	0.934383	-15621.4
2619	0.924981	-15373.7
2620	0.937606	-15798.9
2621	0.945424	-16049.7
2622	0.950542	-16262.5
2623	0.953419	-16328.7
2624	0.949397	-16207.7
2625	0.930732	-15559.2
2626	0.92548	-15403.9
2627	0.931859	-15652
2628	0.93982	-15852.2
2629	0.938401	-15789
2630	0.940888	-15887.6
2631	0.944071	-16035
2632	0.94103	-15928.1
2633	0.944772	-16078.1
2634	0.925305	-15405.1
2635	0.934539	-15672.2
2636	0.93578	-15735.1
2637	0.932264	-15634.1
2638	0.934719	-15714
2639	0.938844	-15822.1
2640	0.94406	-16005.2
2641	0.953847	-16330.7
2642	0.95191	-16307
2643	0.941826	-15938.6
2644	0.949954	-16240.8
2645	0.950154	-16254.2
2646	0.950174	-16190.6
2647	0.949161	-16200.2
2648	0.944153	-16046.2
2649	0.948253	-16210.7
2650	0.946397	-16101.4
2651	0.941899	-15935.5
2652	0.947842	-16164.5
2653	0.947502	-16142.4
2654	0.952578	-16315.8
2655	0.949782	-16201.8
2656	0.942947	-15940.1
2657	0.95122	-16265
2658	0.949804	-16193.1
2659	0.950521	-16238
2660	0.943962	-16033.7
2661	0.935481	-15746.5
2662	0.940059	-15891
2663	0.948085	-16198.9
2664	0.947477	-16152.5
2665	0.942931	-15943.5
2666	0.949664	-16203.7
2667	0.939628	-15927.8
2668	0.946922	-16148
2669	0.947363	-16187.6
2670	0.938176	-15825.4
2671	0.944859	-16055.9
2672	0.935796	-15756.8
2673	0.940708	-15902.2
2674	0.941386	-15945.9
2675	0.939661	-15903.3
2676	0.9419	-15926
2677	0.944527	-16020.5
2678	0.950317	-16226
2679	0.944656	-16080.5
2680	0.94471	-16023.3
2681	0.940893	-15920.4
2682	0.934523	-15723.4
2683	0.932142	-15652.4
2684	0.941432	-15930.2
2685	0.945803	-16048
2686	0.944041	-16001.6
2687	0.94903	-16186.2
2688	0.942737	-15994.5
2689	0.948966	-16213.1
2690	0.924126	-15426
2691	0.932849	-15661.5
2692	0.942616	-15985.4
2693	0.944884	-16070.5
2694	0.946991	-16156.3
2695	0.948589	-16162.4
2696	0.950325	-16237.5
2697	0.953453	-16338.8
2698	0.95538	-16396.9
2699	0.948235	-16165
2700	0.948328	-16186.7
2701	0.943994	-16002
2702	0.946918	-16121
2703	0.946179	-16068.8
2704	0.944949	-16053.5
2705	0.939351	-15804.6
2706	0.937947	-15845.5
2707	0.944721	-16017
2708	0.95032	-16222.4
2709	0.946827	-16133.7
2710	0.937888	-15840.3
2711	0.932957	-15629.5
2712	0.932651	-15648.1
2713	0.91407	-15017.4
2714	0.916829	-15099.1
2715	0.904339	-14716.4
2716	0.937895	-15834.5
2717	0.939412	-15861.3
2718	0.945407	-16093.8
2719	0.946995	-16160.2
2720	0.943977	-16068.9
2721	0.937066	-15805.2
2722	0.942753	-15979
2723	0.951522	-16295.1
2724	0.946379	-16097
2725	0.943457	-16004.2
2726	0.949578	-16257.8
2727	0.948828	-16200.5
2728	0.947004	-16099.3
2729	0.942364	-15984.4
2730	0.949089	-16227.2
2731	0.949402	-16246.5
2732	0.933154	-15593
2733	0.946459	-16109.8
2734	0.950394	-16223.7
2735	0.952387	-16309.4
2736	0.949954	-16244.1
2737	0.951116	-16274.4
2738	0.935773	-15740
2739	0.935598	-15774.7
2740	0.945037	-16076.4
2741	0.943279	-15995.6
2742	0.943773	-15991.5
2743	0.947698	-16131.9
2744	0.952057	-16280.9
2745	0.949745	-16229.5
2746	0.945982	-16103.6
2747	0.945052	-16059.3
2748	0.940487	-15943.1
2749	0.951544	-16267.5
2750	0.937996	-15850.3
2751	0.94428	-16051.9
2752	0.949385	-16240.5
2753	0.944807	-16089
2754	0.945154	-16070.1
2755	0.945348	-16067.1
2756	0.945204	-16036.2
2757	0.945298	-16090.2
2758	0.945754	-16064
2759	0.936409	-15709.1
2760	0.942647	-15978.7
2761	0.912173	-14931.3
2762	0.927152	-15466.6
2763	0.940444	-15899.7
2764	0.950105	-16215.1
2765	0.948345	-16177.6
2766	0.945248	-16049.2
2767	0.950591	-16242
2768	0.951307	-16260.8
2769	0.942998	-16020.8
2770	0.94566	-16066.7
2771	0.946666	-16136.4
2772	0.948022	-16154.2
2773	0.94682	-16092.8
2774	0.944253	-16033.1
2775	0.938843	-15856.7
2776	0.950514	-16217.1
2777	0.94266	-15993.3
2778	0.948359	-16139.3
2779	0.953074	-16332.9
2780	0.950519	-16266.7
2781	0.947791	-16156.4
2782	0.9477	-16168.7
2783	0.950305	-16246.5
2784	0.948853	-16169.8
2785	0.945009	-16063.2
2786	0.945345	-16070.8
2787	0.914766	-15085.7
2788	0.924587	-15364.1
2789	0.86323	-13450.3
2790	0.867999	-13505.1
2791	0.906699	-14744.2
2792	0.92972	-15511.7
2793	0.944915	-16072.3
2794	0.9455	-16116
2795	0.943168	-15958.2
2796	0.948164	-16145.5
2797	0.947202	-16112.2
2798	0.948607	-16192.1
2799	0.945646	-16095.3
2800	0.945469	-16050.9
2801	0.941391	-15942.1
2802	0.951905	-16256.2
2803	0.948609	-16163.8
2804	0.946283	-16083.6
2805	0.950003	-16219.6
2806	0.947204	-16149.5
2807	0.945461	-16064
2808	0.943193	-16009.8
2809	0.948711	-16186.1
2810	0.938926	-15838.7
2811	0.946107	-16087.2
2812	0.952376	-16306.9
2813	0.950145	-16235
2814	0.953416	-16311.6
2815	0.939055	-15849.7
2816	0.949794	-16209.9
2817	0.945129	-16085.3
2818	0.949865	-16227.8
2819	0.947022	-16173.3
2820	0.948193	-16164.1
2821	0.950234	-16259.7
2822	0.943101	-16011.8
2823	0.933944	-15695.3
2824	0.935969	-15744.6
2825	0.943674	-16008.9
2826	0.941068	-15960.1
2827	0.943474	-16005.5
2828	0.930532	-15592.7
2829	0.941459	-15935.6
2830	0.93517	-15783.4
2831	0.938423	-15841.4
2832	0.940492	-15937.6
2833	0.94153	-15912
2834	0.949689	-16202.3
2835	0.947831	-16155.9
2836	0.948484	-16174.2
2837	0.945236	-16053.2
2838	0.941536	-15941.8
2839	0.943013	-15934.1
2840	0.948275	-16205.8
2841	0.942525	-16016
2842	0.947629	-16148.8
2843	0.950164	-16240.2
2844	0.943012	-16004.1
2845	0.935937	-15772
2846	0.942154	-15925.2
2847	0.940748	-15878
2848	0.925842	-15435.6
2849	0.946384	-16094.1
2850	0.939542	-15896
2851	0.949509	-16209.9
2852	0.941931	-15946.2
2853	0.947571	-16189.1
2854	0.947072	-16136
2855	0.946788	-16115.2
2856	0.942287	-15977.7
2857	0.949541	-16236.5
2858	0.946901	-16139
2859	0.943905	-15999.1
2860	0.937527	-15826.3
2861	0.939676	-15863.2
2862	0.948679	-16187.9
2863	0.940333	-15903.8
2864	0.94842	-16201.1
2865	0.94367	-16009.4
2866	0.950939	-16233.6
2867	0.943379	-15971.6
2868	0.939923	-15915.6
2869	0.945828	-16083.8
2870	0.948786	-16208.2
2871	0.94782	-16162.7
2872	0.941044	-15910.5
2873	0.944441	-16031.4
2874	0.949842	-16222.4
2875	0.95139	-16268.1
2876	0.945711	-16046.7
2877	0.947396	-16153.7
2878	0.942953	-16037.5
2879	0.946605	-16100.2
2880	0.945169	-16066
2881	0.948579	-16171.9
2882	0.948569	-16183.7
2883	0.947936	-16124.6
2884	0.9542	-16388.6
2885	0.939767	-15861.3
2886	0.933159	-15646.8
2887	0.936887	-15762.4
2888	0.948647	-16170.1
2889	0.940986	-15899
2890	0.951096	-16272.4
2891	0.949854	-16232.4
2892	0.947606	-16192.4
2893	0.943558	-16002.3
2894	0.948476	-16175
2895	0.941649	-15913.6
2896	0.942155	-15966.8
2897	0.938559	-15866.5
2898	0.941932	-15936.5
2899	0.950577	-16240.4
2900	0.949483	-16197.6
2901	0.953748	-16332.7
2902	0.94823	-16160.6
2903	0.945682	-16024
2904	0.949395	-16173.6
2905	0.950352	-16267
2906	0.953584	-16371.1
2907	0.945579	-16082.4
2908	0.949514	-16191.4
2909	0.951393	-16257.5
2910	0.944891	-16041.4
2911	0.948432	-16161.7
2912	0.938627	-15831.8
2913	0.939602	-15849.3
2914	0.940759	-15902.9
2915	0.939609	-15878
2916	0.941525	-15920.2
2917	0.942739	-15984.2
2918	0.944989	-16030.9
2919	0.950731	-16252.1
2920	0.94147	-15963.6
2921	0.939789	-15874.9
2922	0.934472	-15721.6
2923	0.946283	-16059.6
2924	0.94893	-16187
2925	0.938435	-15840.3
2926	0.945026	-16036.1
2927	0.939967	-15879.1
2928	0.943781	-16012.2
2929	0.950657	-16279.4
2930	0.95033	-16249.3
2931	0.946514	-16100
2932	0.928594	-15494.5
2933	0.927429	-15503.1
2934	0.942782	-16009.5
2935	0.944384	-16014.7
2936	0.947635	-16170.5
2937	0.952668	-16300.3
2938	0.94883	-16172.7
2939	0.94528	-16075.1
2940	0.942525	-15996.3
2941	0.946163	-16124
2942	0.942416	-15952.8
2943	0.942052	-15954.9
2944	0.939164	-15863.5
2945	0.951342	-16258.5
2946	0.945232	-16069.1
2947	0.94518	-16064.8
2948	0.947161	-16106.3
2949	0.944048	-16035.6
2950	0.933964	-15742.2
2951	0.949291	-16194
2952	0.937236	-15803.2
2953	0.93499	-15707.9
2954	0.941726	-15905.3
2955	0.934641	-15730.5
2956	0.941325	-15926.9
2957	0.948342	-16176.4
2958	0.95062	-16262.2
2959	0.940162	-15853.8
2960	0.947918	-16150
2961	0.953669	-16305.2
2962	0.950259	-16242.2
2963	0.944186	-16013.2
2964	0.945898	-16105.8
2965	0.949129	-16186.3
2966	0.942823	-15962.2
2967	0.945628	-16063.1
2968	0.951097	-16275.3
2969	0.93605	-15712.6
2970	0.949824	-16245.1
2971	0.950744	-16291.8
2972	0.952325	-16329.6
2973	0.947938	-16169.4
2974	0.946454	-16122.9
2975	0.945071	-16058.6
2976	0.947449	-16131.7
2977	0.950004	-16203.5
2978	0.955058	-16404.8
2979	0.950878	-16281.6
2980	0.943991	-16046.7
2981	0.946763	-16097.3
2982	0.946609	-16136.8
2983	0.948985	-16191.7
2984	0.946644	-16092
2985	0.947343	-16137.2
2986	0.949401	-16226.7
2987	0.944451	-16019.4
2988	0.93995	-15893.4
2989	0.932024	-15644.8
2990	0.935244	-15737.8
2991	0.939741	-15927.5
2992	0.938941	-15884.9
2993	0.948813	-16205.6
2994	0.945857	-16053.3
2995	0.953399	-16309.1
2996	0.957929	-16508
2997	0.944593	-16057.9
2998	0.94503	-16067.5
2999	0.946277	-16086.8
