0	0.358714	-2335.43
1	0.365549	-2440.29
2	0.376052	-2522.17
3	0.363656	-2361.75
4	0.368272	-2408.57
5	0.372279	-2480.66
6	0.362838	-2384.47
7	0.374694	-2476.62
8	0.3689	-2444.02
9	0.372646	-2539.52
10	0.366685	-2422.3
11	0.373805	-2506.01
12	0.374299	-2507.67
13	0.369829	-2486.15
14	0.367771	-2393.69
15	0.371947	-2505.21
16	0.375813	-2539.54
17	0.372303	-2512.05
18	0.366423	-2427.6
19	0.370968	-2419.07
20	0.364013	-2369.45
21	0.378385	-2545.49
22	0.36317	-2362.87
23	0.364479	-2375.35
24	0.360416	-2392.19
25	0.371568	-2479.77
26	0.372037	-2502.79
27	0.368295	-2413.2
28	0.368991	-2397.79
29	0.370542	-2493.28
30	0.366137	-2414.11
31	0.364754	-2415.78
32	0.373843	-2539.84
33	0.36703	-2436.05
34	0.368326	-2432.17
35	0.369805	-2439.49
36	0.378673	-2568.95
37	0.360368	-2264.53
38	0.364049	-2398.02
39	0.373771	-2488.94
40	0.368617	-2394.85
41	0.375321	-2540.29
42	0.368047	-2413.52
43	0.364326	-2360.85
44	0.365478	-2450.59
45	0.359829	-2304
46	0.374187	-2510.47
47	0.3741	-2515.59
48	0.366074	-2443.08
49	0.373664	-2552
50	0.37638	-2559.26
51	0.366982	-2421.12
52	0.368434	-2465.7
53	0.365275	-2405.68
54	0.371236	-2508.41
55	0.369821	-2462.45
56	0.356659	-2277.09
57	0.365128	-2374.86
58	0.358717	-2325.53
59	0.363808	-2352.1
60	0.374653	-2541.91
61	0.366169	-2397.79
62	0.364061	-2360.8
63	0.367296	-2421.68
64	0.368447	-2452.03
65	0.36103	-2334.26
66	0.370791	-2434.42
67	0.362321	-2381.05
68	0.368837	-2462.14
69	0.3699	-2417.61
70	0.374736	-2544.65
71	0.37371	-2458.47
72	0.364561	-2408.19
73	0.371179	-2496.09
74	0.357136	-2297.29
75	0.369662	-2445.48
76	0.367993	-2411.89
77	0.366644	-2423.73
78	0.369183	-2479.46
79	0.370659	-2494.71
80	0.376602	-2537.29
81	0.367038	-2409.72
82	0.360221	-2304.7
83	0.371385	-2501
84	0.365613	-2389.72
85	0.358618	-2309.12
86	0.36336	-2380.71
87	0.371824	-2435.23
88	0.370946	-2474.88
89	0.374219	-2448.13
90	0.364372	-2410.81
91	0.381317	-2615.73
92	0.363748	-2369.29
93	0.369382	-2472.26
94	0.363332	-2361.91
95	0.358481	-2286.31
96	0.370691	-2468.49
97	0.362603	-2346.83
98	0.370804	-2443.67
99	0.367632	-2479.49
100	0.365963	-2420.1
101	0.358251	-2319.99
102	0.370778	-2438.6
103	0.372951	-2476.82
104	0.374082	-2529.2
105	0.375775	-2564.69
106	0.369999	-2474.22
107	0.362389	-2383.9
108	0.364338	-2365.21
109	0.373632	-2509.29
110	0.369765	-2438.62
111	0.365666	-2417.95
112	0.368763	-2466.52
113	0.371602	-2410.65
114	0.367821	-2454.3
115	0.362043	-2371.43
116	0.371499	-2494.03
117	0.360717	-2345.64
118	0.378381	-2521.12
119	0.365534	-2419.44
120	0.366229	-2411.43
121	0.371005	-2487.18
122	0.371715	-2483.39
123	0.36729	-2418.93
124	0.364679	-2379.13
125	0.370399	-2468.52
126	0.370667	-2481.08
127	0.369229	-2473.09
128	0.363674	-2397.73
129	0.371778	-2494.89
130	0.375553	-2509.26
131	0.363421	-2323.18
132	0.363342	-2401.82
133	0.368249	-2435.32
134	0.3662	-2397.39
135	0.368471	-2467.74
136	0.367329	-2460.77
137	0.367998	-2452.3
138	0.361022	-2358.81
139	0.370765	-2454.25
140	0.373167	-2508.37
141	0.358874	-2308.1
142	0.371301	-2507.39
143	0.366528	-2463.46
144	0.367422	-2440.51
145	0.369262	-2485.4
146	0.376746	-2598.86
147	0.365537	-2441.33
148	0.376981	-2536.75
149	0.377568	-2625.21
150	0.362939	-2396.58
151	0.364616	-2403.67
152	0.365287	-2384.69
153	0.369546	-2433.72
154	0.368281	-2449.11
155	0.370965	-2469.1
156	0.366926	-2420.85
157	0.374466	-2556.22
158	0.368854	-2459.79
159	0.363304	-2383.52
160	0.365267	-2413.95
161	0.370491	-2477.92
162	0.367593	-2429.78
163	0.363351	-2344.14
164	0.369842	-2469.25
165	0.371132	-2499.52
166	0.365547	-2410.28
167	0.360361	-2347.39
168	0.375817	-2505.06
169	0.374694	-2517.01
170	0.361905	-2371.23
171	0.372183	-2536.91
172	0.367671	-2407.95
173	0.366891	-2436.62
174	0.375129	-2556.04
175	0.374132	-2483.61
176	0.374416	-2547.97
177	0.370246	-2455.65
178	0.363806	-2340.49
179	0.367309	-2424.68
180	0.372551	-2504.55
181	0.378785	-2556.78
182	0.372431	-2427.56
183	0.369857	-2475.19
184	0.369469	-2458.84
185	0.366269	-2376.16
186	0.375355	-2513.13
187	0.368838	-2446.65
188	0.380311	-2559.9
189	0.366334	-2437.81
190	0.375787	-2521.28
191	0.368786	-2425.92
192	0.373181	-2549.24
193	0.369072	-2423.17
194	0.3664	-2381.2
195	0.37858	-2537.26
196	0.366145	-2397.68
197	0.364951	-2402.5
198	0.370166	-2441.03
199	0.370647	-2469.2
200	0.363535	-2386.44
201	0.372223	-2461.44
202	0.366845	-2415.67
203	0.376291	-2521.58
204	0.36632	-2398.98
205	0.364671	-2387.98
206	0.357676	-2302.9
207	0.36675	-2380.55
208	0.37316	-2483.66
209	0.367257	-2392.1
210	0.367886	-2366.52
211	0.364672	-2382.15
212	0.37285	-2515.46
213	0.360308	-2341.34
214	0.362922	-2346.75
215	0.366503	-2369.52
216	0.376583	-2507.66
217	0.35823	-2318.13
218	0.375421	-2542.79
219	0.370338	-2519.83
220	0.364699	-2381.94
221	0.368878	-2421.44
222	0.363487	-2371.71
223	0.364101	-2429.81
224	0.371235	-2481.78
225	0.367805	-2472.95
226	0.365306	-2385.43
227	0.368079	-2452.54
228	0.357262	-2339.29
229	0.37189	-2445.41
230	0.374438	-2497.17
231	0.367407	-2465.73
232	0.370505	-2437.02
233	0.370247	-2493.89
234	0.369947	-2405.13
235	0.369607	-2454.44
236	0.369167	-2464.01
237	0.36768	-2425.02
238	0.372985	-2471.85
239	0.363367	-2392.62
240	0.368274	-2486.19
241	0.362698	-2395.95
242	0.360325	-2342.98
243	0.364278	-2429.05
244	0.367913	-2357.41
245	0.366296	-2398.65
246	0.369257	-2433.59
247	0.364378	-2377.68
248	0.373566	-2544.43
249	0.366366	-2422.36
250	0.370533	-2466.47
251	0.373857	-2510.64
252	0.371561	-2472.25
253	0.363644	-2363.86
254	0.365798	-2402.14
255	0.364514	-2412.11
256	0.36689	-2390.13
257	0.371387	-2472.47
258	0.359075	-2318.84
259	0.363947	-2406.04
260	0.372736	-2493.06
261	0.359155	-2324.05
262	0.366682	-2399.93
263	0.36576	-2429.49
264	0.366493	-2376.83
265	0.365469	-2406.3
266	0.376274	-2526.6
267	0.36684	-2421.1
268	0.37318	-2526.88
269	0.371691	-2487.3
270	0.372263	-2474.51
271	0.375922	-2570.48
272	0.370519	-2472.48
273	0.36965	-2465.56
274	0.368434	-2467.07
275	0.367572	-2429.32
276	0.36418	-2373.85
277	0.369809	-2487.12
278	0.366846	-2426.12
279	0.369216	-2465.11
280	0.371798	-2480.43
281	0.360708	-2371.61
282	0.368057	-2445.25
283	0.361483	-2377.93
284	0.374583	-2539.18
285	0.362504	-2377.32
286	0.368817	-2440.1
287	0.373439	-2532.55
288	0.367157	-2438.75
289	0.367082	-2446.58
290	0.372415	-2481.48
291	0.369898	-2440.33
292	0.366248	-2376.76
293	0.371328	-2478.62
294	0.366451	-2416.75
295	0.368161	-2455.97
296	0.378483	-2532.83
297	0.360678	-2327.02
298	0.370955	-2483.62
299	0.370938	-2468.61
300	0.374958	-2501.27
301	0.367582	-2433.68
302	0.365522	-2414.91
303	0.375401	-2541.97
304	0.367309	-2449.86
305	0.371214	-2495.12
306	0.369419	-2472.33
307	0.367788	-2413.63
308	0.362451	-2382.91
309	0.366467	-2425.68
310	0.366918	-2411.77
311	0.366351	-2444.95
312	0.366145	-2418.06
313	0.368795	-2429.16
314	0.371014	-2500.65
315	0.376402	-2497.05
316	0.36456	-2408.74
317	0.36573	-2395.93
318	0.363991	-2396.71
319	0.36287	-2346.15
320	0.369941	-2459.39
321	0.36591	-2428.28
322	0.366385	-2352.81
323	0.372899	-2537.48
324	0.36232	-2352.53
325	0.364137	-2364.37
326	0.364641	-2359.05
327	0.367933	-2393.01
328	0.369542	-2460.55
329	0.364792	-2407.69
330	0.360755	-2340.09
331	0.371956	-2492.79
332	0.372635	-2482.22
333	0.364871	-2416.79
334	0.361933	-2376.79
335	0.382109	-2626.79
336	0.37412	-2496.5
337	0.370088	-2439.46
338	0.363548	-2384.46
339	0.367472	-2429.23
340	0.367418	-2431.67
341	0.372885	-2487.81
342	0.366344	-2443.69
343	0.365477	-2380.84
344	0.356978	-2299.23
345	0.371212	-2462.21
346	0.361926	-2364.21
347	0.379847	-2545.74
348	0.362327	-2369.85
349	0.372575	-2497.66
350	0.373124	-2493.41
351	0.363305	-2408.75
352	0.367964	-2463.77
353	0.370542	-2462.15
354	0.366819	-2419.39
355	0.36774	-2497.13
356	0.365402	-2397.75
357	0.377372	-2534.93
358	0.368022	-2436
359	0.37354	-2487.84
360	0.362797	-2350.08
361	0.366054	-2411.68
362	0.370246	-2467.75
363	0.376731	-2556.46
364	0.3623	-2362.73
365	0.373278	-2515.63
366	0.366074	-2417.15
367	0.366472	-2406.71
368	0.367358	-2451.78
369	0.36966	-2481.06
370	0.366607	-2432.68
371	0.364582	-2383.92
372	0.370671	-2487.4
373	0.376841	-2537.14
374	0.365633	-2401.9
375	0.364979	-2347.82
376	0.365708	-2402.47
377	0.358651	-2320.52
378	0.369905	-2500
379	0.372052	-2501.58
380	0.363239	-2371.07
381	0.362437	-2377.31
382	0.371568	-2498.68
383	0.37232	-2528.36
384	0.373251	-2476.83
385	0.368404	-2423.14
386	0.362213	-2315.03
387	0.36063	-2321.39
388	0.36957	-2442.87
389	0.362096	-2349.27
390	0.379175	-2562.98
391	0.374596	-2522.89
392	0.364939	-2385.8
393	0.371315	-2477.38
394	0.356346	-2277.76
395	0.378342	-2603.6
396	0.369614	-2507.4
397	0.377066	-2574.22
398	0.373097	-2475.7
399	0.369289	-2380.58
400	0.364293	-2364.05
401	0.369097	-2445.04
402	0.361691	-2391.21
403	0.368233	-2465.07
404	0.375205	-2544.49
405	0.370513	-2459.23
406	0.369639	-2455.08
407	0.37337	-2533.64
408	0.365842	-2410.48
409	0.371839	-2471.49
410	0.369701	-2423.68
411	0.366645	-2417.3
412	0.375109	-2530.09
413	0.367664	-2394.64
414	0.364446	-2394.03
415	0.369984	-2466.75
416	0.369979	-2422.83
417	0.362398	-2384.94
418	0.36777	-2426.29
419	0.375419	-2520.83
420	0.367786	-2440.19
421	0.368745	-2431.7
422	0.368156	-2435.3
423	0.367985	-2449.52
424	0.365001	-2430.35
425	0.360561	-2355.49
426	0.363012	-2328.69
427	0.367571	-2401.14
428	0.369798	-2476.38
429	0.37247	-2515.12
430	0.372935	-2519.83
431	0.364912	-2379.4
432	0.361817	-2325.8
433	0.370008	-2425.08
434	0.37444	-2517.07
435	0.368159	-2419.4
436	0.370525	-2467.74
437	0.366569	-2400.18
438	0.375384	-2540.96
439	0.372015	-2463.4
440	0.371917	-2533.29
441	0.361126	-2353.5
442	0.366281	-2432.52
443	0.366616	-2377.84
444	0.366073	-2425.39
445	0.373751	-2526.63
446	0.367902	-2481.45
447	0.363284	-2392.24
448	0.364565	-2339.93
449	0.359203	-2296.02
450	0.364947	-2377.45
451	0.367298	-2400.38
452	0.368199	-2430.84
453	0.366907	-2432.55
454	0.367184	-2413.64
455	0.37941	-2584
456	0.371808	-2462.52
457	0.368918	-2469.64
458	0.373941	-2534.47
459	0.378043	-2550.51
460	0.356044	-2276.07
461	0.371234	-2456.5
462	0.367558	-2428.07
463	0.373144	-2498.22
464	0.3673	-2432.26
465	0.374259	-2547.29
466	0.367368	-2406.24
467	0.371332	-2487.91
468	0.369659	-2449.86
469	0.375311	-2519.83
470	0.35467	-2265.3
471	0.367955	-2405.19
472	0.368338	-2424.05
473	0.369634	-2459.01
474	0.366394	-2441.44
475	0.365002	-2402.25
476	0.374163	-2519.17
477	0.366092	-2357.3
478	0.36574	-2425.79
479	0.375764	-2574.94
480	0.368017	-2449.58
481	0.364882	-2456.76
482	0.368499	-2438.19
483	0.374297	-2545.5
484	0.373635	-2504.07
485	0.367843	-2415.36
486	0.363013	-2340.71
487	0.371415	-2444.64
488	0.373459	-2504.71
489	0.370207	-2486.89
490	0.361101	-2376.43
491	0.370221	-2471.88
492	0.365965	-2454.91
493	0.362247	-2349.3
494	0.365125	-2388.43
495	0.369179	-2492.01
496	0.358827	-2348.28
497	0.361303	-2367.19
498	0.37272	-2454.37
499	0.360137	-2336.04
500	0.374398	-2500.66
501	0.369314	-2486.34
502	0.367552	-2394.11
503	0.36445	-2385.27
504	0.360247	-2317.44
505	0.377978	-2572.91
506	0.36246	-2354.32
507	0.370836	-2437.88
508	0.369184	-2478.05
509	0.371661	-2480.33
510	0.363191	-2361.4
511	0.361421	-2314.5
512	0.371043	-2500.16
513	0.365284	-2406.56
514	0.371715	-2484.74
515	0.364785	-2351.28
516	0.363543	-2341.75
517	0.366368	-2434.19
518	0.373299	-2470.29
519	0.372005	-2502.49
520	0.364665	-2385.81
521	0.363635	-2390.03
522	0.376094	-2535.98
523	0.363222	-2355.94
524	0.367067	-2465.12
525	0.368065	-2461.79
526	0.368801	-2452.43
527	0.361594	-2330.49
528	0.365554	-2394.95
529	0.369523	-2467.42
530	0.364807	-2384.73
531	0.373205	-2472.48
532	0.371331	-2455.7
533	0.366468	-2366.36
534	0.367894	-2424.19
535	0.372598	-2518.2
536	0.369437	-2478.17
537	0.37319	-2502.27
538	0.367036	-2438.39
539	0.369474	-2480.66
540	0.368209	-2449.84
541	0.355892	-2244.32
542	0.362043	-2345.72
543	0.373074	-2489
544	0.36794	-2432.61
545	0.364556	-2433.04
546	0.361225	-2345.07
547	0.358098	-2332.19
548	0.368664	-2432.13
549	0.360046	-2301.64
550	0.366104	-2398.05
551	0.366912	-2374.66
552	0.376344	-2608.51
553	0.35241	-2286.63
554	0.372226	-2503.16
555	0.382728	-2600.97
556	0.375818	-2558.29
557	0.37196	-2465.5
558	0.366063	-2418.33
559	0.376238	-2578.58
560	0.375764	-2538.62
561	0.371336	-2491.87
562	0.372175	-2483.94
563	0.363465	-2387.43
564	0.370571	-2416.06
565	0.362271	-2383.08
566	0.369266	-2480.71
567	0.369119	-2432.12
568	0.376712	-2551.39
569	0.36389	-2359.07
570	0.363394	-2339.09
571	0.367302	-2412.31
572	0.377532	-2596.58
573	0.368043	-2427.26
574	0.369778	-2443.94
575	0.371899	-2489.01
576	0.360072	-2338.47
577	0.369441	-2478.94
578	0.368996	-2414.9
579	0.374489	-2501.27
580	0.371092	-2462.59
581	0.369406	-2462.07
582	0.363295	-2383.24
583	0.376664	-2527.23
584	0.369649	-2486.25
585	0.363203	-2387.01
586	0.375528	-2546.6
587	0.373726	-2532.43
588	0.366073	-2421.57
589	0.368303	-2429.36
590	0.370524	-2475.26
591	0.375139	-2557.82
592	0.36895	-2484.38
593	0.367365	-2417.4
594	0.366688	-2401.27
595	0.373416	-2537.03
596	0.370284	-2473.97
597	0.361437	-2344.09
598	0.371604	-2483.2
599	0.369917	-2455.78
600	0.365573	-2421.92
601	0.363988	-2358.47
602	0.376249	-2551.44
603	0.372988	-2508.29
604	0.370605	-2431.51
605	0.369054	-2434.06
606	0.358544	-2298.27
607	0.369927	-2494.44
608	0.365681	-2345.21
609	0.371941	-2493.59
610	0.375441	-2561.51
611	0.376637	-2543.25
612	0.367534	-2441.54
613	0.36501	-2438.61
614	0.370935	-2455.94
615	0.374737	-2508.93
616	0.365888	-2401.88
617	0.36609	-2438.51
618	0.364977	-2416.92
619	0.370669	-2468.69
620	0.366901	-2393.69
621	0.369508	-2480.47
622	0.382805	-2615.17
623	0.37243	-2517.72
624	0.374293	-2539.94
625	0.365268	-2410.15
626	0.366935	-2454.27
627	0.370198	-2502.11
628	0.364776	-2373.78
629	0.366233	-2392.21
630	0.37746	-2576.95
631	0.363768	-2387.18
632	0.370149	-2463.6
633	0.37006	-2444.35
634	0.364615	-2378
635	0.364674	-2421.7
636	0.368966	-2476.86
637	0.369248	-2476.98
638	0.369376	-2442.59
639	0.36588	-2377.79
640	0.36284	-2344.37
641	0.365015	-2381.44
642	0.362544	-2395.01
643	0.359347	-2326.98
644	0.371424	-2517.58
645	0.373573	-2541.99
646	0.371225	-2470.14
647	0.361995	-2359
648	0.374858	-2534.43
649	0.368409	-2450.49
650	0.370073	-2520.63
651	0.372373	-2503.69
652	0.365928	-2391.34
653	0.372898	-2512.94
654	0.366188	-2370.19
655	0.365372	-2386.52
656	0.365922	-2420.2
657	0.370666	-2462.95
658	0.371358	-2474.54
659	0.365968	-2374.12
660	0.36817	-2421.42
661	0.369937	-2472.65
662	0.371973	-2451.26
663	0.364284	-2389.47
664	0.367032	-2461.88
665	0.373843	-2507.38
666	0.381823	-2615.77
667	0.356868	-2283.65
668	0.361571	-2331.39
669	0.367738	-2412.34
670	0.364712	-2426.8
671	0.36569	-2401.32
672	0.361457	-2382.75
673	0.372513	-2508.53
674	0.377786	-2546.39
675	0.356981	-2317.31
676	0.358893	-2339.79
677	0.367749	-2428.86
678	0.373608	-2506.72
679	0.371572	-2504.68
680	0.360274	-2328.44
681	0.361237	-2334.94
682	0.372272	-2466.23
683	0.36866	-2425.69
684	0.370435	-2461.68
685	0.363068	-2369.79
686	0.360279	-2343.63
687	0.372081	-2488.87
688	0.360543	-2320.54
689	0.372114	-2484.36
690	0.366729	-2427.48
691	0.366933	-2361.94
692	0.370898	-2484.34
693	0.379309	-2582.47
694	0.369572	-2463.91
695	0.366778	-2406.91
696	0.366205	-2421.32
697	0.375914	-2577.03
698	0.371423	-2465.76
699	0.371544	-2549.06
700	0.37611	-2533.93
701	0.372211	-2524.52
702	0.375055	-2531.28
703	0.373861	-2488.46
704	0.375316	-2488.79
705	0.358745	-2334.08
706	0.370263	-2445.26
707	0.368838	-2466.6
708	0.370205	-2514.94
709	0.368325	-2432.16
710	0.372924	-2456.86
711	0.367876	-2480.78
712	0.380414	-2620.49
713	0.377438	-2560.55
714	0.367059	-2380.94
715	0.364925	-2408.93
716	0.36564	-2394.65
717	0.372583	-2484.12
718	0.369228	-2397.25
719	0.366432	-2346.5
720	0.369487	-2458.99
721	0.371131	-2484.37
722	0.367843	-2502.44
723	0.377457	-2574.93
724	0.368384	-2453.23
725	0.363585	-2401.46
726	0.367582	-2405.54
727	0.368554	-2454.1
728	0.365701	-2447.88
729	0.371458	-2466.88
730	0.372921	-2490.51
731	0.371381	-2489.68
732	0.367967	-2448.58
733	0.377062	-2554.48
734	0.367325	-2446.52
735	0.371907	-2445.76
736	0.363217	-2380.54
737	0.368247	-2466.36
738	0.368369	-2431.45
739	0.373699	-2531.77
740	0.368292	-2403.43
741	0.371816	-2492.89
742	0.369015	-2469.03
743	0.369425	-2501.1
744	0.364096	-2372.61
745	0.360631	-2350.65
746	0.366985	-2442.14
747	0.371674	-2504.91
748	0.360608	-2356.5
749	0.363454	-2365.02
750	0.366202	-2480.76
751	0.368174	-2444.44
752	0.363406	-2356.17
753	0.368701	-2454.16
754	0.362854	-2326.95
755	0.370116	-2475.31
756	0.370833	-2462.17
757	0.374986	-2516.21
758	0.367488	-2382.63
759	0.354549	-2192.49
760	0.363836	-2414.79
761	0.360222	-2300.83
762	0.37065	-2474.42
763	0.366034	-2391.69
764	0.367534	-2434.73
765	0.376184	-2598.01
766	0.364284	-2381.03
767	0.360047	-2371.74
768	0.368659	-2438.38
769	0.367304	-2459.13
770	0.370514	-2457.74
771	0.358485	-2343.59
772	0.36641	-2438.62
773	0.360327	-2368.17
774	0.362064	-2324.71
775	0.364247	-2321.35
776	0.365199	-2392.77
777	0.368073	-2380.62
778	0.359817	-2348.72
779	0.368132	-2426.17
780	0.3742	-2564.71
781	0.362628	-2340.95
782	0.370383	-2453.18
783	0.366492	-2457.41
784	0.369734	-2477.76
785	0.365269	-2394.8
786	0.367653	-2465.39
787	0.372211	-2483.43
788	0.370069	-2463.04
789	0.361895	-2295.41
790	0.370175	-2472.72
791	0.372755	-2495.38
792	0.374844	-2572.46
793	0.371055	-2503.8
794	0.358706	-2297.78
795	0.360636	-2340.37
796	0.364564	-2440.13
797	0.361132	-2339.07
798	0.362254	-2343.45
799	0.369104	-2459.66
800	0.363824	-2427.15
801	0.362028	-2320.92
802	0.368824	-2436.33
803	0.365075	-2371.23
804	0.37262	-2459
805	0.37815	-2576.93
806	0.373278	-2495.12
807	0.364542	-2388.56
808	0.371183	-2488.52
809	0.36506	-2387.12
810	0.365954	-2403.93
811	0.362272	-2366.29
812	0.366476	-2398.47
813	0.369164	-2461.38
814	0.37788	-2572.28
815	0.370798	-2471.02
816	0.370894	-2463.13
817	0.365302	-2365.25
818	0.369773	-2410.61
819	0.364308	-2392.11
820	0.366305	-2455.71
821	0.366737	-2397.92
822	0.36039	-2344.35
823	0.363454	-2395.37
824	0.376603	-2534.55
825	0.367519	-2451.54
826	0.375496	-2539.04
827	0.372361	-2516.02
828	0.368186	-2441.81
829	0.365781	-2407.02
830	0.369949	-2393.59
831	0.362674	-2354.08
832	0.371812	-2500.07
833	0.369567	-2464.32
834	0.36931	-2447.16
835	0.363522	-2345.07
836	0.378973	-2556.79
837	0.369319	-2439.1
838	0.364453	-2382.53
839	0.376836	-2549.44
840	0.363283	-2375.58
841	0.364114	-2363.81
842	0.363587	-2355.45
843	0.370098	-2467.95
844	0.363119	-2403.35
845	0.365861	-2431.56
846	0.371705	-2537.04
847	0.355679	-2272.07
848	0.365826	-2374.41
849	0.37057	-2445.34
850	0.362706	-2359.14
851	0.375808	-2578.9
852	0.363944	-2425.34
853	0.368079	-2423.19
854	0.375776	-2528.13
855	0.368642	-2437.48
856	0.369804	-2424.8
857	0.367496	-2489.23
858	0.370479	-2457.03
859	0.360053	-2327.77
860	0.375403	-2544.74
861	0.368784	-2445.85
862	0.366203	-2417.87
863	0.375203	-2547.88
864	0.35813	-2252.87
865	0.365424	-2419.06
866	0.370831	-2496.1
867	0.377008	-2537.54
868	0.374557	-2534.5
869	0.365513	-2424.01
870	0.366215	-2426.77
871	0.362233	-2335.38
872	0.368552	-2435.77
873	0.373152	-2462.47
874	0.376152	-2538.19
875	0.36815	-2410.39
876	0.360423	-2351.52
877	0.354657	-2222.69
878	0.374406	-2523.97
879	0.371133	-2503.19
880	0.378568	-2541.6
881	0.364647	-2358.27
882	0.37055	-2484.81
883	0.377515	-2560.2
884	0.363428	-2391.03
885	0.372574	-2524.57
886	0.363736	-2375.9
887	0.365423	-2403.74
888	0.36895	-2461.2
889	0.367809	-2386.48
890	0.361425	-2385.29
891	0.374193	-2567.85
892	0.367794	-2451.47
893	0.368188	-2401.88
894	0.369577	-2469.84
895	0.366188	-2405.78
896	0.36649	-2408.63
897	0.378676	-2568.5
898	0.365961	-2368.21
899	0.366249	-2388.46
900	0.359981	-2345.79
901	0.365655	-2392.63
902	0.367536	-2411.14
903	0.37091	-2495.86
904	0.368038	-2441.23
905	0.364162	-2381.9
906	0.365449	-2408.64
907	0.366923	-2398.37
908	0.356133	-2266.31
909	0.365851	-2411.2
910	0.371745	-2490.88
911	0.366016	-2384.11
912	0.369816	-2467.29
913	0.362146	-2346.3
914	0.375611	-2575.1
915	0.363462	-2349.28
916	0.364268	-2376.09
917	0.366801	-2417.44
918	0.368713	-2450.35
919	0.370647	-2465.42
920	0.362902	-2344.05
921	0.364217	-2417.95
922	0.366224	-2416.02
923	0.35993	-2330.31
924	0.363501	-2375.03
925	0.372523	-2462.23
926	0.368269	-2480.32
927	0.367411	-2412.21
928	0.369123	-2461.45
929	0.366107	-2420.63
930	0.369516	-2445.96
931	0.369717	-2450.74
932	0.366345	-2393.96
933	0.369084	-2419.66
934	0.367321	-2426.27
935	0.36258	-2382.09
936	0.366201	-2418.96
937	0.368611	-2491.74
938	0.368866	-2496.73
939	0.369795	-2438.14
940	0.35946	-2300.28
941	0.374449	-2510.77
942	0.367119	-2417.45
943	0.37118	-2487.8
944	0.364224	-2382.32
945	0.363719	-2357.55
946	0.360253	-2312.15
947	0.3723	-2486.07
948	0.362982	-2356.13
949	0.364566	-2398.4
950	0.370248	-2501.57
951	0.366119	-2383.01
952	0.362754	-2352.9
953	0.372869	-2504.71
954	0.372712	-2478.96
955	0.370514	-2473.58
956	0.363422	-2380.21
957	0.376558	-2535.77
958	0.358662	-2352.94
959	0.36272	-2396.38
960	0.358366	-2335.4
961	0.364946	-2415.5
962	0.361907	-2406.21
963	0.371486	-2484.95
964	0.372377	-2489.96
965	0.371373	-2457.63
966	0.365502	-2396.6
967	0.373018	-2448.35
968	0.362689	-2392.08
969	0.368323	-2423.27
970	0.365431	-2385.62
971	0.359426	-2337.66
972	0.375093	-2503.85
973	0.375341	-2513.68
974	0.367596	-2378.97
975	0.361424	-2332.36
976	0.369225	-2425.8
977	0.362517	-2332.08
978	0.373607	-2506.98
979	0.368463	-2458.36
980	0.372984	-2473.16
981	0.368464	-2420.88
982	0.371571	-2433.69
983	0.367879	-2430.74
984	0.367642	-2398.27
985	0.375232	-2548.74
986	0.373411	-2523.63
987	0.36684	-2411.66
988	0.375459	-2545.84
989	0.361911	-2389.59
990	0.362314	-2344
991	0.368992	-2460.15
992	0.372208	-2474.7
993	0.370974	-2468.27
994	0.360447	-2385.58
995	0.367984	-2458.11
996	0.370878	-2506.98
997	0.367593	-2453.94
998	0.370439	-2466.21
999	0.363762	-2360.02
1000	0.364424	-2379.86
1001	0.366488	-2383.65
1002	0.363403	-2344.37
1003	0.365579	-2391.38
1004	0.371946	-2448.77
1005	0.370561	-2432.4
1006	0.371102	-2477.65
1007	0.370866	-2479.06
1008	0.37047	-2468.05
1009	0.369171	-2431.43
1010	0.373643	-2531.61
1011	0.370006	-2453.05
1012	0.3681	-2443.53
1013	0.376599	-2553.67
1014	0.363369	-2333.74
1015	0.363641	-2357.68
1016	0.376057	-2572.92
1017	0.362991	-2370.74
1018	0.367546	-2419.96
1019	0.363477	-2376.05
1020	0.365716	-2365.83
1021	0.365559	-2389.28
1022	0.374521	-2517.2
1023	0.37338	-2535.6
1024	0.368271	-2415.24
1025	0.369844	-2438.18
1026	0.372202	-2529.99
1027	0.366429	-2412.36
1028	0.369529	-2441.83
1029	0.366136	-2430.88
1030	0.371349	-2489.94
1031	0.35567	-2299.5
1032	0.362045	-2342.87
1033	0.361778	-2312.51
1034	0.366733	-2486.82
1035	0.362682	-2376.34
1036	0.360198	-2296.14
1037	0.366842	-2446.59
1038	0.35969	-2314.27
1039	0.367832	-2402.21
1040	0.37117	-2459.91
1041	0.358853	-2321.23
1042	0.372657	-2483.33
1043	0.372175	-2522.2
1044	0.370744	-2472.03
1045	0.377958	-2552.05
1046	0.370424	-2463.54
1047	0.373387	-2516.47
1048	0.379585	-2553
1049	0.373974	-2537.1
1050	0.369867	-2403.31
1051	0.371652	-2442.97
1052	0.369741	-2436.79
1053	0.366288	-2423.43
1054	0.362405	-2354.28
1055	0.368567	-2454.14
1056	0.370541	-2448.11
1057	0.368301	-2402.93
1058	0.364283	-2449.97
1059	0.372009	-2497.49
1060	0.366463	-2379.14
1061	0.369814	-2468.77
1062	0.363008	-2355.74
1063	0.365049	-2377.8
1064	0.372496	-2517.9
1065	0.375757	-2513.23
1066	0.358384	-2392.13
1067	0.365214	-2377.25
1068	0.367664	-2437.92
1069	0.370575	-2419.12
1070	0.37113	-2476.61
1071	0.36964	-2495.77
1072	0.366422	-2375.6
1073	0.362797	-2385.88
1074	0.359223	-2332.36
1075	0.372328	-2494.04
1076	0.365566	-2402.57
1077	0.368519	-2421.07
1078	0.371841	-2518.9
1079	0.375681	-2514.47
1080	0.353833	-2265.51
1081	0.365262	-2372.77
1082	0.371104	-2423.27
1083	0.363153	-2374.35
1084	0.374811	-2507.35
1085	0.371211	-2442.97
1086	0.371493	-2455.69
1087	0.375589	-2541.41
1088	0.381964	-2624.5
1089	0.366754	-2432.85
1090	0.364298	-2354.3
1091	0.3695	-2470.34
1092	0.37321	-2497.37
1093	0.361522	-2361.81
1094	0.368796	-2402.33
1095	0.362873	-2339.72
1096	0.367389	-2416.85
1097	0.370106	-2449.97
1098	0.370821	-2445.87
1099	0.369619	-2415.39
1100	0.368161	-2418.53
1101	0.370931	-2511.78
1102	0.370126	-2449.86
1103	0.360117	-2353.73
1104	0.362415	-2391.08
1105	0.37261	-2504.52
1106	0.365268	-2376.59
1107	0.361512	-2316.95
1108	0.358401	-2291.2
1109	0.371925	-2443.56
1110	0.36319	-2321.99
1111	0.37121	-2493.26
1112	0.374777	-2558.03
1113	0.375831	-2534.61
1114	0.370722	-2502.28
1115	0.361341	-2332.94
1116	0.370482	-2484.72
1117	0.35771	-2259.87
1118	0.362597	-2348.7
1119	0.364427	-2401.64
1120	0.365973	-2427.01
1121	0.361461	-2338.38
1122	0.367228	-2420.37
1123	0.377041	-2512.62
1124	0.369332	-2401.34
1125	0.366593	-2369.17
1126	0.371521	-2445.36
1127	0.367674	-2390.32
1128	0.377186	-2569.21
1129	0.358069	-2326.46
1130	0.371484	-2474.77
1131	0.369035	-2461.9
1132	0.373932	-2506.3
1133	0.374057	-2505.24
1134	0.365454	-2384.85
1135	0.362287	-2370.98
1136	0.36022	-2306.09
1137	0.360419	-2365.31
1138	0.360179	-2325.42
1139	0.367777	-2386.94
1140	0.3682	-2406.89
1141	0.365103	-2429.02
1142	0.36977	-2485.31
1143	0.367927	-2416.6
1144	0.368456	-2440.77
1145	0.36174	-2377.13
1146	0.366082	-2401.24
1147	0.369263	-2449.33
1148	0.373248	-2489.62
1149	0.368543	-2433.85
1150	0.366369	-2431.6
1151	0.379251	-2565.51
1152	0.371791	-2470.39
1153	0.368853	-2468.48
1154	0.366352	-2392.94
1155	0.358923	-2297.57
1156	0.37905	-2593.82
1157	0.370744	-2487.06
1158	0.371654	-2464.84
1159	0.370684	-2477.45
1160	0.368809	-2461.38
1161	0.369349	-2469.15
1162	0.352754	-2236.8
1163	0.366481	-2379.56
1164	0.359736	-2318.85
1165	0.367366	-2440.41
1166	0.36941	-2442.69
1167	0.369276	-2419.08
1168	0.368075	-2412.91
1169	0.371235	-2480.47
1170	0.366606	-2452.06
1171	0.367411	-2441.76
1172	0.366797	-2427.89
1173	0.366776	-2415.38
1174	0.364177	-2384.1
1175	0.374799	-2520.03
1176	0.374503	-2554.03
1177	0.373093	-2482.67
1178	0.380471	-2617.05
1179	0.365496	-2364.81
1180	0.37179	-2479.74
1181	0.362412	-2399.11
1182	0.361508	-2399.95
1183	0.374509	-2552.78
1184	0.36619	-2400.46
1185	0.373729	-2505.91
1186	0.364508	-2426.63
1187	0.36645	-2407.77
1188	0.369415	-2482.29
1189	0.364822	-2384.43
1190	0.36369	-2369.92
1191	0.365296	-2430.5
1192	0.369883	-2450.43
1193	0.376141	-2559.98
1194	0.367889	-2449.67
1195	0.364288	-2371.97
1196	0.373033	-2440.7
1197	0.366049	-2405.83
1198	0.368924	-2418.81
1199	0.360607	-2305.66
1200	0.366774	-2431.29
1201	0.373682	-2517.44
1202	0.378563	-2567.75
1203	0.37286	-2500.45
1204	0.367133	-2419.25
1205	0.374835	-2492.93
1206	0.360571	-2333.51
1207	0.372282	-2511.1
1208	0.351851	-2216.53
1209	0.363596	-2356.29
1210	0.375158	-2554.12
1211	0.370491	-2458.46
1212	0.365332	-2389.79
1213	0.374728	-2533.32
1214	0.366881	-2408.25
1215	0.363023	-2409.4
1216	0.365371	-2416.34
1217	0.365842	-2411.57
1218	0.365518	-2393.59
1219	0.367971	-2461.95
1220	0.357119	-2274.73
1221	0.372833	-2489.67
1222	0.36104	-2376.69
1223	0.360517	-2305.39
1224	0.370892	-2491.31
1225	0.364506	-2396.91
1226	0.365761	-2421.17
1227	0.362693	-2375.01
1228	0.369858	-2439.54
1229	0.363957	-2345.94
1230	0.37239	-2489.19
1231	0.366373	-2405.21
1232	0.375096	-2547
1233	0.359897	-2341.8
1234	0.362479	-2349.29
1235	0.370147	-2454.45
1236	0.360612	-2340.88
1237	0.379382	-2621.71
1238	0.370887	-2464.05
1239	0.379689	-2588.83
1240	0.370544	-2459.2
1241	0.369293	-2490.52
1242	0.371416	-2432.5
1243	0.369027	-2491.49
1244	0.366025	-2428.5
1245	0.377329	-2573.73
1246	0.366887	-2453.61
1247	0.357956	-2292.91
1248	0.369728	-2439.15
1249	0.362619	-2407.91
1250	0.363721	-2383.55
1251	0.372166	-2476.22
1252	0.368783	-2428.21
1253	0.366991	-2365.21
1254	0.360361	-2324.91
1255	0.363965	-2334.09
1256	0.371837	-2462.71
1257	0.368017	-2452.46
1258	0.363685	-2369.23
1259	0.362354	-2370.12
1260	0.367589	-2442.12
1261	0.364083	-2401.08
1262	0.365251	-2373.96
1263	0.372933	-2509.25
1264	0.370942	-2527.75
1265	0.374163	-2545.72
1266	0.37445	-2502.7
1267	0.370453	-2432.12
1268	0.374497	-2543.02
1269	0.364761	-2377.78
1270	0.369189	-2417.8
1271	0.368704	-2411.78
1272	0.370303	-2475.22
1273	0.370859	-2446.56
1274	0.362428	-2366.46
1275	0.379873	-2562.68
1276	0.363117	-2389.01
1277	0.372714	-2553.2
1278	0.362016	-2375.73
1279	0.36386	-2403.32
1280	0.360383	-2329.38
1281	0.367518	-2408.45
1282	0.363768	-2381.51
1283	0.37067	-2472.32
1284	0.363877	-2382.68
1285	0.362486	-2358.63
1286	0.371577	-2425.21
1287	0.360372	-2326.81
1288	0.37313	-2433.85
1289	0.363734	-2375.31
1290	0.371909	-2500.67
1291	0.371298	-2491.57
1292	0.365702	-2440.86
1293	0.380469	-2603.45
1294	0.375276	-2578.11
1295	0.364496	-2386.14
1296	0.370451	-2453.58
1297	0.366014	-2427.26
1298	0.369271	-2405.44
1299	0.377653	-2572.39
1300	0.365577	-2409.94
1301	0.365089	-2406.95
1302	0.3597	-2376.79
1303	0.369397	-2423.04
1304	0.369697	-2483.06
1305	0.364816	-2419.22
1306	0.366005	-2406.8
1307	0.363132	-2369.34
1308	0.367452	-2442.35
1309	0.354738	-2275.78
1310	0.368084	-2411.45
1311	0.370639	-2498.45
1312	0.371463	-2462.06
1313	0.372454	-2516.23
1314	0.367558	-2455.98
1315	0.365867	-2418.21
1316	0.357805	-2297.9
1317	0.36362	-2367.07
1318	0.364658	-2366.24
1319	0.374375	-2505.62
1320	0.365737	-2402.32
1321	0.37279	-2496.82
1322	0.365891	-2407.7
1323	0.375627	-2550.82
1324	0.36236	-2368.93
1325	0.37577	-2546.16
1326	0.362017	-2359.55
1327	0.365396	-2355.34
1328	0.376124	-2575.78
1329	0.363575	-2343.76
1330	0.365214	-2391.42
1331	0.372404	-2492.26
1332	0.364282	-2416.02
1333	0.369648	-2469.79
1334	0.376147	-2567.06
1335	0.374535	-2536.98
1336	0.366434	-2423.39
1337	0.373366	-2535.37
1338	0.363872	-2417.71
1339	0.372781	-2470.64
1340	0.369513	-2493.52
1341	0.361478	-2348.27
1342	0.359132	-2284.31
1343	0.36304	-2375.72
1344	0.362381	-2361.34
1345	0.366102	-2408.88
1346	0.368369	-2463.82
1347	0.375988	-2568.7
1348	0.371952	-2525.21
1349	0.366263	-2429.08
1350	0.372193	-2460.4
1351	0.364006	-2383.52
1352	0.36366	-2393.01
1353	0.3614	-2361.16
1354	0.373347	-2570.74
1355	0.366129	-2383.24
1356	0.361263	-2331.21
1357	0.363746	-2388.02
1358	0.371627	-2520.87
1359	0.371061	-2511.7
1360	0.373763	-2469.79
1361	0.360958	-2337.45
1362	0.381046	-2613.7
1363	0.369236	-2448.28
1364	0.37448	-2453.4
1365	0.369417	-2462.65
1366	0.365537	-2403.64
1367	0.363747	-2380.24
1368	0.359666	-2327.57
1369	0.372008	-2475.87
1370	0.367032	-2431.91
1371	0.363537	-2383.82
1372	0.372418	-2501.91
1373	0.373188	-2571.8
1374	0.362192	-2312.74
1375	0.373735	-2471.03
1376	0.362121	-2394.13
1377	0.366789	-2413.49
1378	0.367083	-2405.46
1379	0.367626	-2422.98
1380	0.368663	-2418.78
1381	0.372519	-2478.77
1382	0.373139	-2509.84
1383	0.368551	-2398.62
1384	0.368439	-2376.91
1385	0.374144	-2516.7
1386	0.367419	-2410.43
1387	0.368378	-2429.14
1388	0.361555	-2338.13
1389	0.372596	-2536.83
1390	0.363879	-2402.88
1391	0.375224	-2531.08
1392	0.365778	-2375.1
1393	0.368896	-2414.66
1394	0.370201	-2525.24
1395	0.367842	-2433.82
1396	0.369405	-2427.81
1397	0.362157	-2336.93
1398	0.371245	-2486.35
1399	0.365404	-2425.1
1400	0.369775	-2466.69
1401	0.374789	-2510.13
1402	0.368143	-2461.4
1403	0.362977	-2318.39
1404	0.368223	-2407.24
1405	0.37007	-2486.61
1406	0.367457	-2370.97
1407	0.36251	-2392.11
1408	0.363988	-2409.77
1409	0.364468	-2391.78
1410	0.367577	-2440.81
1411	0.360042	-2319.53
1412	0.364803	-2419.79
1413	0.359714	-2328.74
1414	0.367647	-2431.71
1415	0.364367	-2392.54
1416	0.367275	-2395.98
1417	0.372665	-2541.94
1418	0.377837	-2593.59
1419	0.370706	-2469.84
1420	0.375226	-2532.82
1421	0.374274	-2562.26
1422	0.358499	-2312.33
1423	0.371332	-2495.18
1424	0.369272	-2446.75
1425	0.376876	-2561.22
1426	0.359738	-2313.05
1427	0.367895	-2463
1428	0.364859	-2383.21
1429	0.370125	-2478.19
1430	0.366767	-2443.93
1431	0.369851	-2476.94
1432	0.36641	-2432.55
1433	0.366171	-2431.93
1434	0.366968	-2421.98
1435	0.366482	-2431.31
1436	0.363578	-2346.01
1437	0.366086	-2360.37
1438	0.367352	-2448.02
1439	0.360057	-2288.38
1440	0.373092	-2491.62
1441	0.373879	-2497.39
1442	0.372328	-2528.96
1443	0.369559	-2446.11
1444	0.364951	-2407.93
1445	0.369341	-2469.54
1446	0.3679	-2488.63
1447	0.371071	-2525.54
1448	0.368116	-2399.4
1449	0.367335	-2418.28
1450	0.371274	-2482.73
1451	0.375376	-2516.13
1452	0.366305	-2402.75
1453	0.36796	-2481.69
1454	0.364958	-2424.79
1455	0.378177	-2564.12
1456	0.362609	-2392.52
1457	0.372093	-2473.7
1458	0.35919	-2276.98
1459	0.368366	-2483.24
1460	0.375179	-2579.09
1461	0.369163	-2454.56
1462	0.371444	-2523.73
1463	0.367728	-2441.24
1464	0.36552	-2396.66
1465	0.361988	-2336.97
1466	0.360738	-2370.06
1467	0.373418	-2563.97
1468	0.36562	-2388.9
1469	0.368107	-2409.35
1470	0.364875	-2356.46
1471	0.368808	-2429.48
1472	0.376983	-2594.41
1473	0.360882	-2336.59
1474	0.368336	-2443.87
1475	0.373056	-2491.04
1476	0.365232	-2392.2
1477	0.364254	-2404.05
1478	0.375867	-2529.44
1479	0.365723	-2410.66
1480	0.370318	-2447.46
1481	0.366604	-2434.63
1482	0.368239	-2408.88
1483	0.361537	-2345.02
1484	0.368084	-2395.41
1485	0.384804	-2672.36
1486	0.369863	-2455.04
1487	0.366057	-2420.78
1488	0.366145	-2397.55
1489	0.369426	-2437.57
1490	0.374516	-2496.51
1491	0.362778	-2313.37
1492	0.376135	-2613.23
1493	0.366265	-2421.55
1494	0.366514	-2422.33
1495	0.366799	-2418.15
1496	0.359622	-2291.05
1497	0.363084	-2364.23
1498	0.373687	-2484.72
1499	0.369373	-2435.66
1500	0.367747	-2392.31
1501	0.374084	-2508.09
1502	0.370166	-2447.88
1503	0.351442	-2217.46
1504	0.369431	-2469.43
1505	0.360808	-2366.29
1506	0.360345	-2350.92
1507	0.372807	-2504.52
1508	0.365029	-2388.92
1509	0.368664	-2403.2
1510	0.369516	-2430.53
1511	0.36404	-2358.93
1512	0.368738	-2441.67
1513	0.370799	-2479.57
1514	0.376828	-2514.74
1515	0.359594	-2353.94
1516	0.37333	-2496.29
1517	0.367904	-2501.17
1518	0.375949	-2571.79
1519	0.372468	-2513.21
1520	0.372941	-2523.83
1521	0.368763	-2478.3
1522	0.367122	-2380.02
1523	0.378456	-2564.5
1524	0.36301	-2365.42
1525	0.369804	-2466.85
1526	0.358395	-2341.41
1527	0.366944	-2426.82
1528	0.364162	-2406.14
1529	0.365277	-2410.48
1530	0.363886	-2398.51
1531	0.364114	-2373.1
1532	0.368748	-2448.81
1533	0.372085	-2501.2
1534	0.370474	-2468.41
1535	0.37826	-2536.74
1536	0.366171	-2395.09
1537	0.376482	-2546.76
1538	0.371268	-2470.86
1539	0.375019	-2490.16
1540	0.368255	-2433.03
1541	0.370737	-2510.74
1542	0.362657	-2366.63
1543	0.370078	-2453.77
1544	0.368135	-2410.92
1545	0.368802	-2459.96
1546	0.372206	-2456.27
1547	0.373437	-2517.46
1548	0.369875	-2482.98
1549	0.374178	-2537.31
1550	0.358721	-2300.62
1551	0.365752	-2366.34
1552	0.370728	-2463.05
1553	0.374569	-2534.54
1554	0.364698	-2429.54
1555	0.368424	-2453.27
1556	0.369511	-2430.55
1557	0.372777	-2504.54
1558	0.366413	-2435.56
1559	0.37035	-2430.19
1560	0.366048	-2395.92
1561	0.371688	-2460.24
1562	0.375006	-2552.55
1563	0.367528	-2439.01
1564	0.368056	-2414.62
1565	0.36828	-2446.23
1566	0.380258	-2572.42
1567	0.369492	-2419.03
1568	0.366727	-2464.52
1569	0.36852	-2463.95
1570	0.370479	-2467.07
1571	0.359227	-2289.56
1572	0.366601	-2395.94
1573	0.370932	-2495.63
1574	0.368054	-2420.12
1575	0.368898	-2417.57
1576	0.376516	-2559.08
1577	0.353764	-2252.08
1578	0.364841	-2408.52
1579	0.369051	-2443.76
1580	0.363347	-2341.88
1581	0.370842	-2524.12
1582	0.368803	-2440.03
1583	0.370163	-2412.71
1584	0.366783	-2410.89
1585	0.369043	-2476.36
1586	0.367781	-2422.78
1587	0.362619	-2357.11
1588	0.371627	-2499.99
1589	0.377233	-2598.21
1590	0.374647	-2510.29
1591	0.369901	-2471.62
1592	0.364982	-2445.97
1593	0.376425	-2549.84
1594	0.368971	-2469.7
1595	0.37124	-2435.16
1596	0.368747	-2432.41
1597	0.369043	-2414.22
1598	0.375213	-2492
1599	0.365165	-2357.62
1600	0.373391	-2525.59
1601	0.365646	-2397.13
1602	0.375739	-2522.77
1603	0.368164	-2447.74
1604	0.361079	-2370.79
1605	0.371716	-2470.71
1606	0.35935	-2293.51
1607	0.364673	-2396.62
1608	0.367537	-2437.49
1609	0.371182	-2439.66
1610	0.366983	-2406.29
1611	0.364085	-2434.04
1612	0.366887	-2480.09
1613	0.369026	-2426.6
1614	0.367507	-2381.83
1615	0.364314	-2356.73
1616	0.369635	-2507.09
1617	0.365575	-2402.08
1618	0.37347	-2537.23
1619	0.363024	-2387.87
1620	0.36079	-2328.87
1621	0.368286	-2428.85
1622	0.373334	-2461.14
1623	0.366461	-2406.77
1624	0.365053	-2401.81
1625	0.365864	-2464.8
1626	0.37257	-2520.87
1627	0.370097	-2503.07
1628	0.374726	-2531.53
1629	0.366665	-2336.26
1630	0.369367	-2475.9
1631	0.374709	-2509.87
1632	0.366353	-2439.63
1633	0.370578	-2448.11
1634	0.365984	-2441.13
1635	0.372455	-2467.38
1636	0.367348	-2366.69
1637	0.372339	-2525.14
1638	0.366566	-2426.5
1639	0.367012	-2424.01
1640	0.370552	-2424.91
1641	0.370127	-2442.43
1642	0.362554	-2351.04
1643	0.37484	-2529.97
1644	0.369828	-2495.44
1645	0.372206	-2488.68
1646	0.368581	-2435.43
1647	0.366226	-2412.21
1648	0.373152	-2479.5
1649	0.369226	-2458.34
1650	0.376173	-2544.67
1651	0.373139	-2486.58
1652	0.362129	-2299.71
1653	0.370253	-2462.42
1654	0.354976	-2252.65
1655	0.364168	-2393.29
1656	0.37992	-2634.24
1657	0.364116	-2380.96
1658	0.36689	-2405.55
1659	0.364225	-2389.76
1660	0.36882	-2460.47
1661	0.363929	-2378.1
1662	0.371425	-2516.07
1663	0.358803	-2315.11
1664	0.36488	-2395.16
1665	0.363217	-2380.95
1666	0.361348	-2305.71
1667	0.362478	-2345.09
1668	0.37076	-2477.41
1669	0.358924	-2321.59
1670	0.363337	-2391.95
1671	0.367047	-2418.97
1672	0.364351	-2427.65
1673	0.370313	-2467.01
1674	0.364043	-2398.79
1675	0.371845	-2467.37
1676	0.374097	-2502.2
1677	0.371966	-2499.54
1678	0.368357	-2418.04
1679	0.374513	-2514.97
1680	0.369304	-2405.53
1681	0.364854	-2428.8
1682	0.368281	-2457.35
1683	0.368539	-2452.22
1684	0.368096	-2437.67
1685	0.370953	-2468.53
1686	0.374865	-2541.22
1687	0.369808	-2478.01
1688	0.363636	-2385.47
1689	0.375333	-2526.41
1690	0.369849	-2446.02
1691	0.370981	-2477.64
1692	0.36969	-2478.7
1693	0.363619	-2398.55
1694	0.360563	-2318.68
1695	0.368818	-2453.98
1696	0.369587	-2491.49
1697	0.371117	-2480.75
1698	0.366002	-2412.54
1699	0.371876	-2469.37
1700	0.368871	-2448.43
1701	0.363654	-2386.32
1702	0.358955	-2339.25
1703	0.368569	-2403.63
1704	0.365575	-2411.72
1705	0.363573	-2336.34
1706	0.379414	-2586.94
1707	0.361237	-2379.43
1708	0.369586	-2442.88
1709	0.373289	-2509.58
1710	0.37236	-2461.48
1711	0.364253	-2339.38
1712	0.373294	-2477.1
1713	0.369429	-2449.62
1714	0.365069	-2367.31
1715	0.360509	-2387.17
1716	0.367943	-2451.85
1717	0.364053	-2343.16
1718	0.365069	-2405.84
1719	0.374046	-2541.05
1720	0.374663	-2509.3
1721	0.367044	-2390.63
1722	0.365812	-2423.54
1723	0.367579	-2423.25
1724	0.369703	-2436.25
1725	0.365998	-2432.27
1726	0.368769	-2396.48
1727	0.372733	-2487.62
1728	0.361987	-2351.75
1729	0.363833	-2366.55
1730	0.36605	-2366.33
1731	0.362503	-2358.8
1732	0.359612	-2309.08
1733	0.37405	-2498.42
1734	0.3646	-2437.36
1735	0.371452	-2458.14
1736	0.367508	-2419.76
1737	0.359346	-2342.04
1738	0.362992	-2358.15
1739	0.357717	-2323.1
1740	0.370489	-2483.35
1741	0.367627	-2402.07
1742	0.363405	-2403.48
1743	0.364083	-2392.39
1744	0.362616	-2360
1745	0.377341	-2540.49
1746	0.35977	-2321.17
1747	0.381562	-2590.15
1748	0.360778	-2396.45
1749	0.369622	-2449.72
1750	0.364534	-2383.96
1751	0.367084	-2459.38
1752	0.368505	-2433.79
1753	0.363296	-2408.47
1754	0.375788	-2523.86
1755	0.371161	-2492.39
1756	0.366485	-2408.66
1757	0.371915	-2465.84
1758	0.372373	-2500.67
1759	0.363282	-2344.55
1760	0.371238	-2482.6
1761	0.369979	-2425.65
1762	0.369817	-2460.68
1763	0.36666	-2414.72
1764	0.3642	-2377.43
1765	0.367561	-2458.9
1766	0.365332	-2380.19
1767	0.364244	-2409.4
1768	0.367194	-2433.81
1769	0.366874	-2460.63
1770	0.372811	-2551.6
1771	0.367645	-2430.18
1772	0.371533	-2499.64
1773	0.36138	-2328.51
1774	0.369081	-2430.91
1775	0.370845	-2524.77
1776	0.360756	-2320.39
1777	0.371173	-2499.42
1778	0.369356	-2457.21
1779	0.368931	-2437.98
1780	0.370282	-2457.07
1781	0.373379	-2509.31
1782	0.364877	-2447.39
1783	0.375716	-2505.89
1784	0.364648	-2372.02
1785	0.370971	-2487.93
1786	0.372524	-2455.45
1787	0.370723	-2509.08
1788	0.369563	-2426.19
1789	0.364047	-2399.19
1790	0.372896	-2526.08
1791	0.367126	-2387.98
1792	0.368714	-2384.92
1793	0.365893	-2392.36
1794	0.367628	-2419.53
1795	0.369634	-2431.27
1796	0.364661	-2369.99
1797	0.368755	-2455.6
1798	0.3714	-2463.85
1799	0.362075	-2339.46
1800	0.376178	-2550.48
1801	0.366554	-2455.92
1802	0.378403	-2617.76
1803	0.366464	-2430.64
1804	0.368348	-2448.52
1805	0.367377	-2433.27
1806	0.36308	-2323.85
1807	0.371322	-2481.93
1808	0.36904	-2435.59
1809	0.372109	-2485.64
1810	0.364706	-2385.07
1811	0.377031	-2566.33
1812	0.364841	-2392.96
1813	0.370423	-2465.62
1814	0.371904	-2492.64
1815	0.370017	-2420.65
1816	0.364018	-2370.45
1817	0.373995	-2506.91
1818	0.369188	-2428.65
1819	0.366418	-2405.02
1820	0.375344	-2524.09
1821	0.361311	-2406.44
1822	0.37042	-2467.96
1823	0.360981	-2352.48
1824	0.364812	-2387.46
1825	0.370501	-2435.64
1826	0.365539	-2371.14
1827	0.367977	-2469.93
1828	0.36402	-2385.27
1829	0.357383	-2316.14
1830	0.368219	-2391.92
1831	0.368618	-2426.26
1832	0.367402	-2420.78
1833	0.376537	-2548.59
1834	0.374041	-2525.18
1835	0.36298	-2362.84
1836	0.370918	-2503.53
1837	0.370948	-2509.34
1838	0.368527	-2413.69
1839	0.369344	-2479.82
1840	0.366122	-2411.95
1841	0.364122	-2397.51
1842	0.368016	-2448.5
1843	0.366537	-2379.94
1844	0.366458	-2433.98
1845	0.370066	-2474.29
1846	0.366463	-2442
1847	0.374652	-2484.08
1848	0.364592	-2422.56
1849	0.372009	-2507.16
1850	0.370175	-2483.85
1851	0.372422	-2492.93
1852	0.36915	-2445.32
1853	0.364784	-2362.1
1854	0.368808	-2417.28
1855	0.36652	-2400.99
1856	0.361683	-2376.95
1857	0.359995	-2345.33
1858	0.366304	-2449.1
1859	0.36545	-2388.15
1860	0.367685	-2434.93
1861	0.35843	-2353.11
1862	0.37061	-2480.36
1863	0.360433	-2335.79
1864	0.368065	-2416.51
1865	0.365777	-2416.57
1866	0.373782	-2527.18
1867	0.370179	-2423
1868	0.359456	-2344.31
1869	0.37662	-2561.9
1870	0.369173	-2452.43
1871	0.369565	-2441.92
1872	0.358179	-2287.47
1873	0.371543	-2487.56
1874	0.377822	-2556.66
1875	0.368688	-2461.73
1876	0.366933	-2402.54
1877	0.364825	-2430.24
1878	0.364327	-2383.84
1879	0.362926	-2375.27
1880	0.360469	-2317.2
1881	0.37208	-2470.94
1882	0.365048	-2422.82
1883	0.365985	-2414.47
1884	0.376968	-2582.14
1885	0.368161	-2444.87
1886	0.368478	-2448.9
1887	0.363077	-2383.34
1888	0.371379	-2468.99
1889	0.365636	-2394.44
1890	0.372355	-2496.39
1891	0.372126	-2475.52
1892	0.370785	-2450.19
1893	0.363928	-2369.93
1894	0.360276	-2315.67
1895	0.370208	-2457.67
1896	0.363846	-2380.96
1897	0.36483	-2392.3
1898	0.375542	-2527.51
1899	0.373261	-2482.17
1900	0.367193	-2431.92
1901	0.370766	-2440.03
1902	0.374601	-2498.63
1903	0.363872	-2409.33
1904	0.370567	-2420.35
1905	0.366005	-2463.43
1906	0.369685	-2435.83
1907	0.366921	-2433.4
1908	0.37556	-2567.11
1909	0.371809	-2499.89
1910	0.363382	-2374.68
1911	0.370609	-2506.97
1912	0.365695	-2415.93
1913	0.373107	-2501.49
1914	0.367281	-2441.06
1915	0.36407	-2401.34
1916	0.373437	-2506.09
1917	0.377751	-2588.09
1918	0.366244	-2406.38
1919	0.365948	-2416.12
1920	0.367031	-2457.72
1921	0.367457	-2426.15
1922	0.370984	-2483.36
1923	0.369353	-2475.16
1924	0.367427	-2423.63
1925	0.371104	-2458.83
1926	0.372887	-2550.75
1927	0.37038	-2458.74
1928	0.372572	-2529.2
1929	0.364313	-2388.7
1930	0.358649	-2319.25
1931	0.371222	-2429.14
1932	0.358033	-2287.09
1933	0.36935	-2443.93
1934	0.377435	-2585.28
1935	0.372809	-2424.86
1936	0.36252	-2391.97
1937	0.365475	-2411.98
1938	0.361845	-2369.04
1939	0.372716	-2469.77
1940	0.36533	-2435.41
1941	0.368682	-2430.48
1942	0.371077	-2467.95
1943	0.371323	-2463.4
1944	0.367879	-2457.77
1945	0.371439	-2458.77
1946	0.363972	-2398.84
1947	0.374967	-2506.08
1948	0.363232	-2353.01
1949	0.365951	-2408.61
1950	0.370194	-2505.77
1951	0.372663	-2543.48
1952	0.367045	-2446.16
1953	0.366694	-2397.71
1954	0.372175	-2488.38
1955	0.361071	-2321.91
1956	0.37341	-2478.08
1957	0.361615	-2390.21
1958	0.36401	-2395.03
1959	0.359832	-2287.86
1960	0.377012	-2530.34
1961	0.365574	-2391.69
1962	0.35792	-2348.22
1963	0.366708	-2393.28
1964	0.370999	-2472.6
1965	0.36706	-2471.89
1966	0.371618	-2515.75
1967	0.371796	-2422.77
1968	0.369576	-2389.28
1969	0.373273	-2506.41
1970	0.373213	-2520.11
1971	0.375625	-2531.04
1972	0.3561	-2312.56
1973	0.372431	-2514.45
1974	0.366486	-2389.61
1975	0.362863	-2391.77
1976	0.36657	-2430.89
1977	0.361354	-2316.91
1978	0.365495	-2421.68
1979	0.365487	-2373.82
1980	0.374338	-2506.33
1981	0.36876	-2416.81
1982	0.372567	-2510.86
1983	0.375188	-2551.79
1984	0.370123	-2432.69
1985	0.375269	-2538.96
1986	0.370605	-2481.02
1987	0.3679	-2448.46
1988	0.362002	-2324.22
1989	0.370168	-2483.38
1990	0.366989	-2447.57
1991	0.364369	-2389.81
1992	0.365482	-2396.99
1993	0.362447	-2382.51
1994	0.369317	-2481.4
1995	0.36343	-2405.37
1996	0.369606	-2447.64
1997	0.37038	-2441.58
1998	0.369977	-2452.15
1999	0.362651	-2359.86
2000	0.36593	-2367.46
2001	0.373226	-2482.44
2002	0.36364	-2376.23
2003	0.366049	-2339.94
2004	0.369838	-2433.51
2005	0.368761	-2405.04
2006	0.375135	-2516.39
2007	0.364365	-2396.75
2008	0.363986	-2379.13
2009	0.364798	-2417.9
2010	0.359249	-2303.66
2011	0.369034	-2487.2
2012	0.365683	-2357.41
2013	0.363988	-2428.63
2014	0.360934	-2292.12
2015	0.360424	-2276.94
2016	0.363457	-2337.15
2017	0.361759	-2353.24
2018	0.373998	-2495.73
2019	0.374252	-2502.52
2020	0.369176	-2436.6
2021	0.366754	-2410.44
2022	0.365682	-2417.78
2023	0.363592	-2359.5
2024	0.368234	-2439.76
2025	0.365137	-2378.72
2026	0.372318	-2470.98
2027	0.373466	-2516.81
2028	0.362636	-2343.26
2029	0.372083	-2452.03
2030	0.36813	-2424.29
2031	0.367744	-2426.91
2032	0.371254	-2460.4
2033	0.364968	-2392.44
2034	0.368852	-2441.96
2035	0.364613	-2368.51
2036	0.364571	-2404.86
2037	0.36533	-2416.96
2038	0.372431	-2516.78
2039	0.370355	-2453.85
2040	0.367858	-2449.92
2041	0.369408	-2453.93
2042	0.368251	-2429.88
2043	0.359483	-2343.49
2044	0.370872	-2492.22
2045	0.366383	-2425.3
2046	0.366032	-2411.53
2047	0.373812	-2502.92
2048	0.374952	-2527.84
2049	0.361935	-2309
2050	0.36992	-2461.47
2051	0.362635	-2378.01
2052	0.367676	-2434.41
2053	0.368741	-2470.21
2054	0.368357	-2442.62
2055	0.367981	-2445.45
2056	0.363706	-2376.94
2057	0.372581	-2482.11
2058	0.369896	-2462.58
2059	0.374453	-2537.85
2060	0.357037	-2295.07
2061	0.366425	-2426.01
2062	0.366068	-2418.16
2063	0.370177	-2474.94
2064	0.365576	-2336.16
2065	0.36156	-2299.44
2066	0.369307	-2404.32
2067	0.367864	-2435.56
2068	0.369099	-2412.24
2069	0.367059	-2369.8
2070	0.363988	-2360.03
2071	0.361739	-2373.04
2072	0.364996	-2448.73
2073	0.377419	-2561.58
2074	0.365772	-2377.64
2075	0.370712	-2442.87
2076	0.369755	-2437.66
2077	0.369408	-2423.89
2078	0.368874	-2410.15
2079	0.358984	-2310.28
2080	0.373276	-2524.66
2081	0.368916	-2521.45
2082	0.359273	-2283.33
2083	0.364465	-2341.33
2084	0.369931	-2480.25
2085	0.362349	-2372.29
2086	0.366595	-2482.17
2087	0.368455	-2432.17
2088	0.361089	-2342.11
2089	0.362768	-2400.41
2090	0.371755	-2473.39
2091	0.360232	-2342.14
2092	0.361928	-2346.16
2093	0.366941	-2460.96
2094	0.359581	-2298.92
2095	0.368789	-2419
2096	0.369195	-2401.68
2097	0.375706	-2554.69
2098	0.371202	-2483.09
2099	0.37276	-2490.32
2100	0.367329	-2428.23
2101	0.376075	-2550.14
2102	0.36387	-2373.12
2103	0.360377	-2352.88
2104	0.359343	-2283.66
2105	0.366522	-2386.74
2106	0.361222	-2326.23
2107	0.361463	-2330.74
2108	0.365653	-2423.77
2109	0.359171	-2275.63
2110	0.368809	-2429.79
2111	0.366404	-2455.74
2112	0.372461	-2521.89
2113	0.359081	-2332.28
2114	0.369886	-2415.81
2115	0.363676	-2375.91
2116	0.367554	-2413.05
2117	0.361659	-2326.63
2118	0.35941	-2344.01
2119	0.368711	-2463.8
2120	0.366063	-2382.3
2121	0.37737	-2536.17
2122	0.371196	-2450.67
2123	0.380745	-2630.23
2124	0.368538	-2459.61
2125	0.363462	-2389.64
2126	0.36953	-2434.54
2127	0.370865	-2461.96
2128	0.366878	-2431.8
2129	0.369997	-2441.09
2130	0.360623	-2380.92
2131	0.364201	-2363.46
2132	0.368578	-2474.26
2133	0.367565	-2464.94
2134	0.353738	-2227.22
2135	0.373371	-2500.68
2136	0.354741	-2276.94
2137	0.365661	-2435.84
2138	0.366129	-2396.67
2139	0.367339	-2348.19
2140	0.367023	-2402.16
2141	0.359517	-2273.23
2142	0.359467	-2355.04
2143	0.365181	-2400.26
2144	0.369169	-2429.39
2145	0.376044	-2532.63
2146	0.371803	-2501.85
2147	0.363271	-2367.16
2148	0.362821	-2377.9
2149	0.360305	-2341.03
2150	0.362535	-2343.33
2151	0.368916	-2449.95
2152	0.363709	-2385.06
2153	0.373294	-2491.86
2154	0.366086	-2417.91
2155	0.370607	-2458.44
2156	0.363569	-2348.15
2157	0.366494	-2373.83
2158	0.364408	-2365.44
2159	0.363839	-2366.34
2160	0.367775	-2454.51
2161	0.364036	-2361.2
2162	0.368016	-2418.55
2163	0.365859	-2417.85
2164	0.36144	-2344.09
2165	0.374554	-2509.28
2166	0.364579	-2427.62
2167	0.365617	-2383.09
2168	0.377035	-2571.54
2169	0.369128	-2421.44
2170	0.363572	-2369
2171	0.370966	-2502.43
2172	0.362638	-2375.15
2173	0.366882	-2433.05
2174	0.370402	-2470.63
2175	0.364885	-2391.15
2176	0.370893	-2495.86
2177	0.363727	-2373.43
2178	0.372299	-2466.67
2179	0.373993	-2483.45
2180	0.362415	-2386.19
2181	0.3734	-2524.21
2182	0.367015	-2434.09
2183	0.371342	-2466.76
2184	0.371625	-2508.92
2185	0.363667	-2336.4
2186	0.369111	-2477.43
2187	0.366518	-2402.75
2188	0.371328	-2465.38
2189	0.364584	-2376.74
2190	0.36229	-2296.68
2191	0.363622	-2392.27
2192	0.371633	-2509.93
2193	0.369988	-2426.36
2194	0.365384	-2411.65
2195	0.371627	-2500.42
2196	0.365278	-2407.83
2197	0.365308	-2392.97
2198	0.365479	-2409.75
2199	0.37089	-2504.2
2200	0.360162	-2351.77
2201	0.374862	-2526.2
2202	0.370905	-2479.23
2203	0.376089	-2543.91
2204	0.369553	-2461.76
2205	0.37061	-2446.94
2206	0.366784	-2444.37
2207	0.368816	-2438.84
2208	0.37855	-2561.56
2209	0.365186	-2367.95
2210	0.366025	-2431.68
2211	0.368934	-2432.27
2212	0.362598	-2371.7
2213	0.359982	-2302.12
2214	0.361609	-2362.78
2215	0.381404	-2608.42
2216	0.3615	-2369.69
2217	0.356274	-2267.92
2218	0.36974	-2464.76
2219	0.359062	-2293.13
2220	0.362043	-2357.19
2221	0.366403	-2434.1
2222	0.36816	-2449.34
2223	0.36514	-2403.39
2224	0.366213	-2416.46
2225	0.35674	-2269.01
2226	0.374405	-2526.39
2227	0.372946	-2529.68
2228	0.365219	-2444.5
2229	0.368124	-2426.9
2230	0.370812	-2422.82
2231	0.362766	-2383.35
2232	0.367075	-2413.19
2233	0.370926	-2467.07
2234	0.369094	-2426.06
2235	0.368831	-2398.78
2236	0.366422	-2440.96
2237	0.364357	-2350.21
2238	0.37186	-2499.89
2239	0.377943	-2584.65
2240	0.37052	-2445.66
2241	0.375871	-2568.3
2242	0.366247	-2438.61
2243	0.377347	-2624.98
2244	0.366869	-2415.18
2245	0.361903	-2381.73
2246	0.362848	-2374.74
2247	0.359463	-2358.22
2248	0.368333	-2420.72
2249	0.363973	-2352.54
2250	0.367166	-2404.75
2251	0.365274	-2358.79
2252	0.372248	-2495.33
2253	0.365996	-2406.8
2254	0.372166	-2484.43
2255	0.368434	-2427.43
2256	0.367908	-2433.49
2257	0.374425	-2511.82
2258	0.374396	-2514.46
2259	0.371796	-2476.25
2260	0.363849	-2381.34
2261	0.372097	-2468.55
2262	0.369169	-2422.22
2263	0.375378	-2517.77
2264	0.363722	-2388.58
2265	0.367839	-2462.48
2266	0.365277	-2378.6
2267	0.364652	-2362.86
2268	0.37324	-2495.25
2269	0.368503	-2437.43
2270	0.358232	-2330.75
2271	0.372899	-2486
2272	0.366563	-2413.23
2273	0.373582	-2526.5
2274	0.36825	-2394.31
2275	0.371256	-2487.73
2276	0.368363	-2456.19
2277	0.369611	-2514.52
2278	0.362849	-2326.78
2279	0.364833	-2389.82
2280	0.371986	-2501.83
2281	0.368175	-2498.67
2282	0.367624	-2392.87
2283	0.364468	-2375.27
2284	0.363991	-2361.56
2285	0.371585	-2450.59
2286	0.365494	-2373.98
2287	0.370015	-2444.47
2288	0.36098	-2319.32
2289	0.366783	-2437.14
2290	0.367927	-2384.81
2291	0.372777	-2463.77
2292	0.364236	-2395.34
2293	0.369408	-2436.58
2294	0.367727	-2470.4
2295	0.361716	-2349.2
2296	0.369553	-2442.53
2297	0.366575	-2437.64
2298	0.374264	-2564.38
2299	0.372231	-2483.7
2300	0.367394	-2399.45
2301	0.373754	-2506.8
2302	0.372254	-2456.67
2303	0.367982	-2448.34
2304	0.366165	-2382.74
2305	0.380733	-2650.37
2306	0.366782	-2457.32
2307	0.365585	-2377.06
2308	0.365768	-2365.99
2309	0.36499	-2413.65
2310	0.375454	-2507.07
2311	0.3681	-2461.69
2312	0.362809	-2333.51
2313	0.374102	-2544.95
2314	0.370447	-2448.86
2315	0.372965	-2527.82
2316	0.373676	-2471.4
2317	0.362356	-2368.4
2318	0.365689	-2390.24
2319	0.36978	-2435.73
2320	0.373737	-2520.15
2321	0.372539	-2530.42
2322	0.36889	-2437.54
2323	0.368603	-2421.91
2324	0.371604	-2531
2325	0.368196	-2445.86
2326	0.368629	-2464.94
2327	0.362408	-2315.34
2328	0.371295	-2480.93
2329	0.368623	-2461.45
2330	0.375651	-2570
2331	0.372243	-2487.09
2332	0.369449	-2422.89
2333	0.371855	-2465.52
2334	0.379228	-2626.09
2335	0.375857	-2529.46
2336	0.373703	-2545.65
2337	0.356942	-2261.27
2338	0.369589	-2522.89
2339	0.366333	-2446.17
2340	0.365278	-2402.44
2341	0.354765	-2275.13
2342	0.362958	-2377.51
2343	0.363915	-2363.64
2344	0.366332	-2446.59
2345	0.366213	-2390.38
2346	0.376764	-2518.35
2347	0.365342	-2411.35
2348	0.368074	-2473.87
2349	0.373729	-2542.79
2350	0.366148	-2401.16
2351	0.36656	-2400.42
2352	0.372745	-2459.34
2353	0.371465	-2445.33
2354	0.369772	-2406.43
2355	0.371698	-2525.03
2356	0.375834	-2556.19
2357	0.359351	-2306.25
2358	0.3732	-2510.96
2359	0.365222	-2415.82
2360	0.360805	-2340.87
2361	0.370216	-2458.69
2362	0.372138	-2514.83
2363	0.372519	-2479.5
2364	0.378117	-2559.42
2365	0.367632	-2417.96
2366	0.376125	-2545.72
2367	0.366695	-2399.66
2368	0.371474	-2501.82
2369	0.36379	-2394.54
2370	0.367988	-2438
2371	0.364373	-2380.45
2372	0.371735	-2452.1
2373	0.371884	-2508.94
2374	0.365198	-2415.62
2375	0.375242	-2503.46
2376	0.36927	-2420.8
2377	0.368577	-2462.64
2378	0.363857	-2388.35
2379	0.37623	-2571.68
2380	0.364238	-2375.11
2381	0.371746	-2457.45
2382	0.368429	-2471.59
2383	0.360295	-2363.37
2384	0.369301	-2421.68
2385	0.371751	-2469.62
2386	0.376794	-2579.61
2387	0.366749	-2435.73
2388	0.376942	-2556.05
2389	0.373617	-2489.39
2390	0.363332	-2349.47
2391	0.369663	-2469.15
2392	0.364924	-2366.54
2393	0.375491	-2510.59
2394	0.358386	-2329.39
2395	0.358545	-2343.92
2396	0.36698	-2441.84
2397	0.360978	-2348.01
2398	0.368333	-2483.06
2399	0.374311	-2498.8
2400	0.369364	-2445.16
2401	0.368472	-2373.26
2402	0.37561	-2521.2
2403	0.372856	-2432.61
2404	0.374205	-2557.09
2405	0.368232	-2461.94
2406	0.365485	-2415.3
2407	0.365391	-2379.28
2408	0.369264	-2430.83
2409	0.3648	-2390.79
2410	0.368397	-2432.68
2411	0.368728	-2452.36
2412	0.363884	-2437.93
2413	0.362163	-2335.38
2414	0.364921	-2422.63
2415	0.365615	-2402.94
2416	0.375138	-2497.96
2417	0.371335	-2523.14
2418	0.360843	-2346.69
2419	0.365925	-2427.33
2420	0.370164	-2460.35
2421	0.375948	-2545.87
2422	0.371412	-2488.12
2423	0.35985	-2361.37
2424	0.367951	-2455.45
2425	0.369606	-2404.98
2426	0.366405	-2396.88
2427	0.365902	-2403.71
2428	0.374717	-2522.09
2429	0.369806	-2460.51
2430	0.373313	-2495.01
2431	0.36575	-2427.6
2432	0.371836	-2468.49
2433	0.364037	-2355.92
2434	0.370353	-2445
2435	0.366371	-2405.39
2436	0.367814	-2428.96
2437	0.377685	-2522.43
2438	0.37213	-2522.1
2439	0.361716	-2327.17
2440	0.371623	-2459.38
2441	0.35944	-2302.88
2442	0.369639	-2418.12
2443	0.364438	-2395.56
2444	0.364528	-2420.58
2445	0.369855	-2468.71
2446	0.369812	-2482.44
2447	0.366576	-2418.83
2448	0.363961	-2356.92
2449	0.380355	-2591.64
2450	0.369247	-2425.87
2451	0.367346	-2408.41
2452	0.376291	-2485.78
2453	0.366615	-2382.91
2454	0.367132	-2404.18
2455	0.367259	-2484.65
2456	0.365149	-2407.91
2457	0.369163	-2451.14
2458	0.364797	-2408.11
2459	0.365596	-2441.34
2460	0.364221	-2373.87
2461	0.371414	-2503.58
2462	0.367812	-2405.58
2463	0.358269	-2337.5
2464	0.377575	-2546.26
2465	0.361071	-2379.21
2466	0.366689	-2420.73
2467	0.362358	-2344.8
2468	0.367319	-2433.23
2469	0.367873	-2441.64
2470	0.371951	-2552.43
2471	0.366368	-2443.97
2472	0.365468	-2371.33
2473	0.364728	-2381.36
2474	0.369883	-2459.62
2475	0.35795	-2308.6
2476	0.360934	-2348.5
2477	0.363487	-2383.67
2478	0.368641	-2445.01
2479	0.380574	-2650.5
2480	0.371636	-2493.19
2481	0.360376	-2289.36
2482	0.362939	-2398.02
2483	0.371595	-2512.76
2484	0.370612	-2448.57
2485	0.371679	-2500.38
2486	0.366813	-2425.67
2487	0.365087	-2369.22
2488	0.368375	-2445.81
2489	0.368016	-2415.03
2490	0.366352	-2459.27
2491	0.371022	-2470.19
2492	0.366621	-2349.21
2493	0.355727	-2283.29
2494	0.363512	-2395.83
2495	0.367249	-2443.64
2496	0.373279	-2507.94
2497	0.367185	-2417.16
2498	0.375816	-2527.36
2499	0.36905	-2457.12
2500	0.369073	-2443.44
2501	0.367138	-2374.29
2502	0.370706	-2423.71
2503	0.372617	-2484.61
2504	0.363914	-2365.79
2505	0.372427	-2507.7
2506	0.366258	-2444.16
2507	0.367798	-2424.05
2508	0.370333	-2462.92
2509	0.373973	-2556.48
2510	0.374269	-2564.53
2511	0.377771	-2548.31
2512	0.359799	-2321.85
2513	0.375164	-2518.73
2514	0.370952	-2463.11
2515	0.371393	-2480.65
2516	0.370865	-2491.18
2517	0.372556	-2480.65
2518	0.374398	-2484.03
2519	0.36598	-2400.79
2520	0.364043	-2406.07
2521	0.367475	-2430.97
2522	0.365082	-2408.07
2523	0.36257	-2356.14
2524	0.368967	-2461.23
2525	0.362057	-2340.42
2526	0.36411	-2395.53
2527	0.361622	-2370.03
2528	0.370272	-2457.89
2529	0.367235	-2416.96
2530	0.366155	-2404.27
2531	0.365431	-2411.67
2532	0.36535	-2441.76
2533	0.370406	-2452.75
2534	0.368358	-2477.82
2535	0.362018	-2374.59
2536	0.375455	-2516.51
2537	0.373179	-2548.3
2538	0.35982	-2344.72
2539	0.374486	-2497.23
2540	0.369004	-2464.95
2541	0.366989	-2442.88
2542	0.371271	-2496.27
2543	0.372188	-2448.18
2544	0.368292	-2408.51
2545	0.352078	-2274.44
2546	0.37245	-2485.23
2547	0.371094	-2477.21
2548	0.364868	-2412.69
2549	0.373222	-2497.91
2550	0.358879	-2347.6
2551	0.363248	-2398.77
2552	0.363313	-2365.91
2553	0.376023	-2524.46
2554	0.368667	-2440.83
2555	0.365539	-2397.19
2556	0.363386	-2385.83
2557	0.368934	-2456.25
2558	0.368563	-2497.37
2559	0.370598	-2444.65
2560	0.374054	-2481.26
2561	0.371012	-2474.56
2562	0.367006	-2391.98
2563	0.373152	-2466.53
2564	0.369636	-2396.03
2565	0.370337	-2470.23
2566	0.370575	-2427.13
2567	0.365567	-2422.41
2568	0.359846	-2347.44
2569	0.375751	-2533.12
2570	0.369913	-2467.56
2571	0.367016	-2409.44
2572	0.364953	-2390.96
2573	0.368066	-2502.9
2574	0.366224	-2398.7
2575	0.368322	-2413.29
2576	0.375068	-2523.72
2577	0.371508	-2446.63
2578	0.370805	-2445.87
2579	0.361316	-2361.14
2580	0.368473	-2422.48
2581	0.380014	-2594.23
2582	0.374552	-2494.15
2583	0.364487	-2384.07
2584	0.364128	-2397.2
2585	0.364103	-2400.98
2586	0.37294	-2415.7
2587	0.372431	-2485.63
2588	0.367413	-2427.67
2589	0.3741	-2514.93
2590	0.369893	-2477.01
2591	0.368288	-2433.05
2592	0.36611	-2367.06
2593	0.372318	-2521.3
2594	0.367677	-2426.37
2595	0.370821	-2443.15
2596	0.367313	-2400.62
2597	0.364271	-2368.53
2598	0.370025	-2472.13
2599	0.376478	-2546.01
2600	0.366511	-2405.74
2601	0.364111	-2372.2
2602	0.364038	-2371.22
2603	0.369961	-2487.85
2604	0.368036	-2441.23
2605	0.363157	-2337.68
2606	0.370249	-2449.44
2607	0.368615	-2423.42
2608	0.365114	-2424.52
2609	0.358942	-2320.02
2610	0.368623	-2480.91
2611	0.361247	-2390.26
2612	0.375462	-2514.51
2613	0.363431	-2379.44
2614	0.36634	-2437.17
2615	0.36451	-2384.75
2616	0.370061	-2441.23
2617	0.366791	-2408.68
2618	0.363911	-2375.78
2619	0.372503	-2514
2620	0.374646	-2512.39
2621	0.368382	-2436.71
2622	0.375709	-2513.64
2623	0.365273	-2415.56
2624	0.369215	-2474.28
2625	0.365213	-2408.35
2626	0.366854	-2428.5
2627	0.36879	-2424.34
2628	0.356036	-2299.88
2629	0.365167	-2390.86
2630	0.372665	-2479.3
2631	0.368032	-2441.85
2632	0.370719	-2470.38
2633	0.363512	-2418.35
2634	0.361702	-2363
2635	0.368938	-2406.74
2636	0.369297	-2439.93
2637	0.370165	-2525.36
2638	0.368749	-2445.99
2639	0.368601	-2435.97
2640	0.368711	-2396.02
2641	0.359037	-2354.49
2642	0.365069	-2414.71
2643	0.367603	-2409.32
2644	0.376401	-2559.92
2645	0.366586	-2381.71
2646	0.37096	-2460.5
2647	0.365467	-2379.88
2648	0.370804	-2490.47
2649	0.365772	-2454.37
2650	0.366963	-2419
2651	0.3712	-2468.03
2652	0.37174	-2448.18
2653	0.3737	-2541.25
2654	0.36632	-2365.99
2655	0.369524	-2409.97
2656	0.371885	-2457.97
2657	0.362498	-2358.99
2658	0.367064	-2439.73
2659	0.363388	-2369.82
2660	0.364136	-2338.73
2661	0.363506	-2344.08
2662	0.372734	-2507.75
2663	0.366726	-2425.01
2664	0.366927	-2391.56
2665	0.363477	-2399.53
2666	0.367887	-2442
2667	0.373774	-2524.61
2668	0.370462	-2450.86
2669	0.366987	-2392.59
2670	0.371603	-2488.16
2671	0.359918	-2324.81
2672	0.375547	-2522.17
2673	0.367292	-2420.46
2674	0.364941	-2434.18
2675	0.374487	-2545.66
2676	0.371085	-2453.4
2677	0.371584	-2527.22
2678	0.36617	-2412.14
2679	0.368012	-2421.71
2680	0.363422	-2343.86
2681	0.363281	-2316.36
2682	0.367089	-2399.56
2683	0.371322	-2487.56
2684	0.365984	-2407.33
2685	0.370982	-2452.38
2686	0.367991	-2448.61
2687	0.376163	-2547.68
2688	0.367389	-2387.38
2689	0.361544	-2357.99
2690	0.372646	-2510.84
2691	0.364035	-2386.66
2692	0.363297	-2370.66
2693	0.364135	-2365.13
2694	0.367561	-2408.61
2695	0.364317	-2422.37
2696	0.368357	-2427.92
2697	0.357227	-2287.09
2698	0.366801	-2430.71
2699	0.371559	-2495.23
2700	0.365622	-2380.95
2701	0.367769	-2452.12
2702	0.365857	-2399.11
2703	0.364189	-2391.43
2704	0.359763	-2348.63
2705	0.37319	-2524.21
2706	0.361333	-2342.75
2707	0.370149	-2454.13
2708	0.371492	-2474.46
2709	0.363485	-2383.41
2710	0.367147	-2388.4
2711	0.374405	-2521.23
2712	0.369728	-2453.93
2713	0.365729	-2376.14
2714	0.365871	-2367.46
2715	0.36462	-2406.27
2716	0.362354	-2303.96
2717	0.36524	-2425.42
2718	0.367146	-2412.13
2719	0.368698	-2446.94
2720	0.36396	-2368.41
2721	0.376132	-2535.01
2722	0.374727	-2537
2723	0.36123	-2340.68
2724	0.367617	-2444.83
2725	0.371495	-2501.31
2726	0.365584	-2456.68
2727	0.376325	-2545.7
2728	0.364758	-2398.31
2729	0.368963	-2460.35
2730	0.36328	-2350.92
2731	0.372569	-2499.9
2732	0.36735	-2420.28
2733	0.368509	-2431.09
2734	0.371504	-2483.18
2735	0.377646	-2564.11
2736	0.370633	-2476.88
2737	0.364798	-2443.64
2738	0.363408	-2374.21
2739	0.368664	-2427.9
2740	0.374097	-2495.64
2741	0.363745	-2375.04
2742	0.372037	-2512.15
2743	0.366853	-2455.03
2744	0.363877	-2395.45
2745	0.369876	-2434.88
2746	0.376415	-2557.44
2747	0.364045	-2445.88
2748	0.366479	-2421.52
2749	0.367727	-2474.06
2750	0.366341	-2423.17
2751	0.371639	-2433.4
2752	0.36679	-2451.32
2753	0.366193	-2428.31
2754	0.369582	-2465.19
2755	0.372155	-2479.62
2756	0.369515	-2462.53
2757	0.364853	-2376.21
2758	0.37055	-2492.44
2759	0.364035	-2338.31
2760	0.365191	-2455.15
2761	0.364522	-2382.69
2762	0.368739	-2400.08
2763	0.363048	-2351.85
2764	0.369074	-2463.32
2765	0.368715	-2448.2
2766	0.372814	-2485.42
2767	0.365347	-2392.65
2768	0.370605	-2449.05
2769	0.358101	-2316.1
2770	0.370059	-2453.92
2771	0.365343	-2401.67
2772	0.368737	-2470.38
2773	0.36395	-2398.51
2774	0.366976	-2428.59
2775	0.372718	-2512.79
2776	0.372374	-2480.99
2777	0.368903	-2450.5
2778	0.369046	-2451.45
2779	0.370176	-2441.67
2780	0.360738	-2344.38
2781	0.379715	-2630.51
2782	0.362528	-2358.43
2783	0.366658	-2433.18
2784	0.373004	-2497.33
2785	0.356	-2304.51
2786	0.368578	-2446.74
2787	0.367261	-2442.99
2788	0.363573	-2326.32
2789	0.366247	-2398.09
2790	0.371045	-2482.78
2791	0.366648	-2400.74
2792	0.367891	-2433
2793	0.371236	-2466.07
2794	0.365763	-2384.33
2795	0.363189	-2369.47
2796	0.36563	-2360.17
2797	0.373639	-2524.96
2798	0.36778	-2409.56
2799	0.367962	-2460.3
2800	0.370374	-2474.09
2801	0.370953	-2446.97
2802	0.368174	-2405.87
2803	0.37144	-2466.67
2804	0.368762	-2430.91
2805	0.364498	-2388.52
2806	0.354012	-2236.86
2807	0.371428	-2442.53
2808	0.362779	-2390.47
2809	0.367285	-2440.08
2810	0.377804	-2593.72
2811	0.357273	-2268.38
2812	0.363727	-2358.54
2813	0.366786	-2445.55
2814	0.368284	-2420
2815	0.376742	-2580.95
2816	0.369543	-2430.14
2817	0.376125	-2558.84
2818	0.367071	-2424.97
2819	0.371254	-2490.74
2820	0.36064	-2311.64
2821	0.365327	-2402.01
2822	0.365645	-2412.81
2823	0.365184	-2376.66
2824	0.366739	-2405.11
2825	0.367059	-2386.12
2826	0.370402	-2454.99
2827	0.371525	-2482.79
2828	0.366846	-2419.62
2829	0.37691	-2549.31
2830	0.364598	-2382.42
2831	0.373964	-2476
2832	0.374309	-2506.43
2833	0.368905	-2480.1
2834	0.367784	-2418.74
2835	0.374537	-2544.68
2836	0.365526	-2428.73
2837	0.367871	-2452.98
2838	0.371838	-2476.86
2839	0.367212	-2426.82
2840	0.358874	-2318.08
2841	0.368088	-2411.14
2842	0.367218	-2371.28
2843	0.372289	-2444.94
2844	0.371587	-2495.8
2845	0.367678	-2420.9
2846	0.368464	-2391.6
2847	0.361403	-2366.69
2848	0.36257	-2378.77
2849	0.364979	-2385.44
2850	0.36208	-2335.81
2851	0.37466	-2499.49
2852	0.358024	-2306.55
2853	0.372655	-2517.24
2854	0.368401	-2456.61
2855	0.362403	-2341.42
2856	0.362405	-2360.98
2857	0.372295	-2440.88
2858	0.363183	-2329.13
2859	0.367014	-2451.38
2860	0.367749	-2403.68
2861	0.357382	-2278.18
2862	0.368452	-2415.02
2863	0.368337	-2470.53
2864	0.364867	-2374.24
2865	0.369419	-2424.81
2866	0.361532	-2365.82
2867	0.364751	-2364.42
2868	0.372641	-2514.29
2869	0.370158	-2481.43
2870	0.370895	-2494.58
2871	0.362296	-2343.2
2872	0.368071	-2411.92
2873	0.367399	-2438.8
2874	0.365989	-2399.48
2875	0.375402	-2539.13
2876	0.377732	-2607.17
2877	0.364627	-2388.96
2878	0.368813	-2437.85
2879	0.370797	-2440.25
2880	0.362907	-2316.45
2881	0.367702	-2412.94
2882	0.371767	-2443.45
2883	0.366785	-2427.55
2884	0.374029	-2492.92
2885	0.367791	-2457.84
2886	0.36851	-2458.33
2887	0.370528	-2467.26
2888	0.376144	-2551.4
2889	0.373124	-2530.07
2890	0.366071	-2402.87
2891	0.36787	-2446.02
2892	0.365719	-2408.91
2893	0.364988	-2408.31
2894	0.367004	-2408.79
2895	0.380279	-2612.44
2896	0.369438	-2480.06
2897	0.374763	-2528.59
2898	0.367633	-2445
2899	0.37172	-2494.53
2900	0.371156	-2479.61
2901	0.365323	-2406.72
2902	0.374411	-2504.09
2903	0.370749	-2524.39
2904	0.365123	-2386.72
2905	0.374223	-2509.08
2906	0.363438	-2342.51
2907	0.368178	-2401.76
2908	0.365545	-2379.59
2909	0.370335	-2451.96
2910	0.368718	-2420.95
2911	0.374428	-2507.94
2912	0.375566	-2546.96
2913	0.367473	-2450.38
2914	0.362513	-2342.76
2915	0.366563	-2436.8
2916	0.37272	-2492.66
2917	0.373499	-2529.22
2918	0.368165	-2438.32
2919	0.367788	-2387.37
2920	0.356427	-2287.47
2921	0.364165	-2360.6
2922	0.363524	-2358.39
2923	0.363643	-2357.25
2924	0.365617	-2387.71
2925	0.366102	-2378.25
2926	0.375442	-2534.3
2927	0.377396	-2562.61
2928	0.365515	-2330.82
2929	0.365338	-2414.09
2930	0.369975	-2442.95
2931	0.371897	-2494.02
2932	0.374036	-2531.58
2933	0.36363	-2382.27
2934	0.361544	-2321.54
2935	0.368008	-2465.53
2936	0.367274	-2447.45
2937	0.362378	-2389.95
2938	0.361918	-2352.22
2939	0.368914	-2474.2
2940	0.368814	-2470.83
2941	0.375326	-2547.17
2942	0.363664	-2407.9
2943	0.37596	-2515.18
2944	0.373972	-2519.27
2945	0.379293	-2592
2946	0.36762	-2413.28
2947	0.369881	-2474.15
2948	0.371124	-2493.58
2949	0.3706	-2486.56
2950	0.365164	-2373.39
2951	0.36541	-2415.66
2952	0.364793	-2411.94
2953	0.373944	-2486.56
2954	0.36901	-2461.77
2955	0.369398	-2415.97
2956	0.364702	-2394.45
2957	0.367516	-2440.34
2958	0.36911	-2447.39
2959	0.367186	-2393.59
2960	0.37376	-2550.09
2961	0.365419	-2363.65
2962	0.369237	-2456.67
2963	0.367026	-2405.56
2964	0.364	-2367.23
2965	0.373555	-2501.72
2966	0.358892	-2329.54
2967	0.368401	-2428.35
2968	0.367	-2416.28
2969	0.364274	-2367.95
2970	0.363154	-2306.01
2971	0.366276	-2402.74
2972	0.377819	-2585.94
2973	0.377289	-2557.9
2974	0.375894	-2509.35
2975	0.373919	-2540.77
2976	0.370176	-2449.17
2977	0.366748	-2442.5
2978	0.361445	-2309.27
2979	0.362308	-2366.96
2980	0.369098	-2459.49
2981	0.371043	-2472.61
2982	0.369719	-2449.3
2983	0.378412	-2575.48
2984	0.368514	-2428.06
2985	0.366127	-2381.01
2986	0.358296	-2263.14
2987	0.374924	-2522.65
2988	0.369054	-2423.64
2989	0.370335	-2488.19
2990	0.363212	-2349.34
2991	0.357719	-2282.51
2992	0.368673	-2454.65
2993	0.3726	-2505.84
2994	0.368543	-2472.29
2995	0.36972	-2462.6
2996	0.364441	-2432.64
2997	0.362479	-2313.53
2998	0.366711	-2435.29
2999	0.366934	-2399.04
