0	0.360112	-2378.93
1	0.363502	-2356.58
2	0.373356	-2497.69
3	0.371913	-2463.05
4	0.36531	-2398.21
5	0.360565	-2309.21
6	0.367393	-2453.58
7	0.370382	-2439.02
8	0.369001	-2422.64
9	0.363847	-2405.19
10	0.360058	-2329.07
11	0.368973	-2411.74
12	0.362543	-2368.72
13	0.361268	-2330.22
14	0.360115	-2296.29
15	0.357668	-2325.04
16	0.375916	-2524.78
17	0.362061	-2362.25
18	0.371636	-2467.69
19	0.367897	-2447.91
20	0.366637	-2367.53
21	0.374705	-2518.9
22	0.354002	-2262.01
23	0.368813	-2462.57
24	0.366894	-2420.22
25	0.377792	-2570.71
26	0.362323	-2350.59
27	0.357469	-2289.43
28	0.369542	-2435.42
29	0.364987	-2431.65
30	0.365562	-2415.69
31	0.36447	-2386.84
32	0.370545	-2522.52
33	0.361729	-2351.66
34	0.37328	-2506.18
35	0.379218	-2575.6
36	0.369057	-2479.43
37	0.373303	-2539.2
38	0.375028	-2527.47
39	0.365292	-2389.25
40	0.365108	-2448.68
41	0.36536	-2391.38
42	0.366527	-2447.3
43	0.367266	-2439.34
44	0.366118	-2413.88
45	0.370868	-2467.17
46	0.373714	-2509.72
47	0.362764	-2329.95
48	0.365449	-2403.91
49	0.358756	-2303.41
50	0.37307	-2499.8
51	0.362595	-2373.37
52	0.37354	-2478.77
53	0.37411	-2539.36
54	0.36555	-2420.37
55	0.360039	-2331.66
56	0.361992	-2350.4
57	0.366001	-2373.45
58	0.371127	-2519.37
59	0.366175	-2366.01
60	0.367381	-2416.21
61	0.364637	-2418.41
62	0.369753	-2455.71
63	0.363236	-2369.09
64	0.373065	-2516.47
65	0.370511	-2467.76
66	0.368752	-2430.98
67	0.374103	-2495.16
68	0.364701	-2393.93
69	0.358567	-2336.19
70	0.374548	-2518.77
71	0.362803	-2400.28
72	0.368361	-2431.56
73	0.371207	-2512.64
74	0.367996	-2449.41
75	0.353258	-2210.88
76	0.360303	-2319.15
77	0.364164	-2365.56
78	0.376749	-2571.43
79	0.371419	-2491.88
80	0.360938	-2352.23
81	0.371634	-2489.24
82	0.365898	-2403.57
83	0.363641	-2339.01
84	0.364101	-2388.57
85	0.372156	-2450.02
86	0.365426	-2367.46
87	0.361542	-2316.73
88	0.374038	-2535.53
89	0.366497	-2418.1
90	0.362109	-2370.81
91	0.375912	-2564.84
92	0.367609	-2418.85
93	0.370238	-2490.83
94	0.364478	-2389.52
95	0.374624	-2511.61
96	0.375852	-2569.95
97	0.366054	-2414.69
98	0.368235	-2456.67
99	0.366549	-2411.62
100	0.369885	-2493.76
101	0.36898	-2456.93
102	0.372804	-2512.19
103	0.368058	-2439.02
104	0.363624	-2364.1
105	0.360378	-2353.97
106	0.366458	-2421.82
107	0.362101	-2345.3
108	0.367033	-2432.74
109	0.367886	-2392.88
110	0.369184	-2455.96
111	0.37239	-2527.11
112	0.368186	-2419.12
113	0.362732	-2359.68
114	0.364114	-2415.05
115	0.372001	-2479.22
116	0.362623	-2360.78
117	0.375531	-2577.58
118	0.368922	-2471.14
119	0.371514	-2508.81
120	0.363405	-2403.32
121	0.367037	-2422.02
122	0.370792	-2491.59
123	0.366861	-2402.64
124	0.374767	-2521.34
125	0.372218	-2447.41
126	0.358533	-2262.55
127	0.3708	-2472.91
128	0.367805	-2422.65
129	0.364087	-2366.75
130	0.362319	-2351.97
131	0.367348	-2441.2
132	0.362557	-2322.36
133	0.369221	-2461.47
134	0.364006	-2396.72
135	0.364817	-2401.88
136	0.35492	-2270.75
137	0.362091	-2343.67
138	0.35844	-2308.67
139	0.363947	-2387.03
140	0.37332	-2440.45
141	0.367598	-2397.22
142	0.353036	-2251.6
143	0.367508	-2458.29
144	0.365831	-2455.36
145	0.36917	-2432.74
146	0.36299	-2383.67
147	0.363104	-2381.37
148	0.370701	-2431.53
149	0.364303	-2430
150	0.372594	-2480.09
151	0.360463	-2372.56
152	0.363618	-2369.23
153	0.36582	-2425.1
154	0.361204	-2329.34
155	0.366068	-2383.82
156	0.365361	-2373.89
157	0.372612	-2501.55
158	0.3709	-2455.47
159	0.368901	-2419.35
160	0.375234	-2502.97
161	0.367673	-2409.56
162	0.363951	-2435.51
163	0.363041	-2361.14
164	0.367395	-2394.53
165	0.366141	-2401.76
166	0.368056	-2428.11
167	0.37024	-2444.35
168	0.368489	-2445.75
169	0.358871	-2304.37
170	0.369962	-2378.39
171	0.371275	-2421.16
172	0.368907	-2446.84
173	0.371113	-2496.54
174	0.368163	-2427.97
175	0.376482	-2540.89
176	0.362212	-2389.3
177	0.375555	-2534.23
178	0.365652	-2399.64
179	0.364429	-2415.15
180	0.382178	-2578.15
181	0.365355	-2376.14
182	0.375144	-2528.08
183	0.377322	-2570.48
184	0.375889	-2519.37
185	0.365637	-2406.37
186	0.369865	-2444.42
187	0.368581	-2427.77
188	0.364738	-2384.92
189	0.368191	-2451.47
190	0.367	-2438.44
191	0.354162	-2223.07
192	0.365114	-2388.82
193	0.366439	-2455.18
194	0.361779	-2343.55
195	0.366867	-2445.88
196	0.360906	-2315.97
197	0.362508	-2371.01
198	0.35399	-2243.36
199	0.350396	-2238.38
200	0.377156	-2550.59
201	0.370807	-2416.82
202	0.368962	-2474.67
203	0.37238	-2490.8
204	0.369723	-2475.44
205	0.375088	-2527.72
206	0.373732	-2521.55
207	0.375351	-2494.15
208	0.359415	-2314.63
209	0.365905	-2458.59
210	0.365834	-2408.04
211	0.37275	-2458.93
212	0.371353	-2477.4
213	0.367719	-2411.07
214	0.369316	-2461.38
215	0.367742	-2438.02
216	0.368961	-2465.16
217	0.366813	-2376.51
218	0.374916	-2541.82
219	0.370703	-2426.64
220	0.369121	-2455.64
221	0.365952	-2435.91
222	0.36399	-2355.5
223	0.371748	-2468.58
224	0.367985	-2422.28
225	0.360852	-2309.64
226	0.370156	-2457.83
227	0.369886	-2465.94
228	0.367252	-2463.35
229	0.370259	-2507.07
230	0.367981	-2433.39
231	0.36734	-2388.73
232	0.364674	-2351.34
233	0.366292	-2393.93
234	0.37144	-2451.33
235	0.361722	-2383.66
236	0.374035	-2533.44
237	0.359658	-2317.97
238	0.363493	-2368.61
239	0.367608	-2422.78
240	0.366579	-2455.18
241	0.361264	-2299.37
242	0.364929	-2393.75
243	0.378051	-2557.31
244	0.358911	-2284.76
245	0.367404	-2398.51
246	0.371276	-2472.91
247	0.375594	-2568.17
248	0.371796	-2439.38
249	0.3648	-2365.9
250	0.370067	-2473.14
251	0.368314	-2497.42
252	0.368036	-2407.24
253	0.364133	-2375.48
254	0.370933	-2484.83
255	0.364354	-2388.88
256	0.368239	-2445.86
257	0.36507	-2403.22
258	0.359964	-2352.5
259	0.364068	-2360.29
260	0.361391	-2374.84
261	0.3653	-2393.08
262	0.368155	-2429.45
263	0.367647	-2391.92
264	0.362165	-2339.01
265	0.359112	-2295.78
266	0.363144	-2376.51
267	0.36424	-2418.94
268	0.366422	-2433.09
269	0.367892	-2440.32
270	0.365285	-2364.41
271	0.369429	-2456.48
272	0.362588	-2373.08
273	0.366221	-2436.6
274	0.36992	-2478.95
275	0.373732	-2508.14
276	0.362556	-2366.42
277	0.368527	-2443.81
278	0.360891	-2350.17
279	0.360007	-2373.55
280	0.375414	-2513.27
281	0.362498	-2365.25
282	0.369772	-2464.5
283	0.362785	-2357.89
284	0.369853	-2425.17
285	0.365019	-2431.53
286	0.36668	-2450.59
287	0.36421	-2387.16
288	0.368683	-2420.97
289	0.36408	-2367.68
290	0.369609	-2440.67
291	0.371911	-2468.42
292	0.369866	-2432.78
293	0.370899	-2490.24
294	0.369671	-2437.47
295	0.362138	-2347.51
296	0.368817	-2477.72
297	0.368018	-2377.94
298	0.368794	-2448.41
299	0.359933	-2389.45
300	0.364346	-2385.31
301	0.366105	-2408.08
302	0.370275	-2453.25
303	0.361592	-2348.37
304	0.370489	-2462.69
305	0.36822	-2411.98
306	0.369667	-2460.07
307	0.368562	-2434.12
308	0.364518	-2368.54
309	0.374215	-2534.96
310	0.365347	-2413.84
311	0.363917	-2357.2
312	0.357723	-2300.71
313	0.364964	-2453.86
314	0.365969	-2407.34
315	0.368559	-2444.31
316	0.368846	-2402.26
317	0.368549	-2425.11
318	0.372881	-2492.19
319	0.370328	-2491.37
320	0.374824	-2537.02
321	0.36977	-2434.78
322	0.364018	-2366.75
323	0.365854	-2432.33
324	0.373153	-2465.84
325	0.370302	-2453.25
326	0.356744	-2261.45
327	0.367027	-2341.86
328	0.36936	-2446.14
329	0.366815	-2368.2
330	0.371984	-2496.98
331	0.358861	-2313.48
332	0.372738	-2470.04
333	0.375306	-2545.2
334	0.357832	-2328.83
335	0.365053	-2400.51
336	0.366679	-2409.59
337	0.366834	-2410.46
338	0.365148	-2381.54
339	0.373132	-2524.42
340	0.373289	-2534.14
341	0.367239	-2405.38
342	0.366643	-2408.03
343	0.373027	-2467.67
344	0.370174	-2416.31
345	0.371036	-2466.4
346	0.373688	-2477.82
347	0.366591	-2410.15
348	0.367102	-2408.08
349	0.371945	-2457.36
350	0.368165	-2449.15
351	0.367335	-2424.26
352	0.373459	-2490.11
353	0.376004	-2548.36
354	0.374613	-2517.38
355	0.368885	-2452.13
356	0.364755	-2373.99
357	0.36689	-2409.91
358	0.371407	-2475.36
359	0.371419	-2503.16
360	0.357991	-2287.06
361	0.36601	-2392.63
362	0.369097	-2433.71
363	0.360459	-2373.8
364	0.371028	-2470.31
365	0.367737	-2412.05
366	0.372409	-2533.78
367	0.375304	-2537.46
368	0.36949	-2484.98
369	0.362745	-2347.58
370	0.373887	-2513.22
371	0.36492	-2406.25
372	0.365033	-2369.26
373	0.36681	-2393.09
374	0.366877	-2394.29
375	0.364441	-2382.34
376	0.361118	-2318.63
377	0.375044	-2498.51
378	0.373116	-2492.15
379	0.370877	-2450.99
380	0.375105	-2564.45
381	0.361862	-2376.03
382	0.373933	-2498.16
383	0.365182	-2427.05
384	0.365578	-2355.86
385	0.365866	-2410.04
386	0.373014	-2504.15
387	0.373221	-2495.7
388	0.365398	-2385.99
389	0.363106	-2373.22
390	0.363562	-2379.48
391	0.36894	-2439.85
392	0.362864	-2376.47
393	0.363593	-2317.19
394	0.368625	-2422.34
395	0.369189	-2502.75
396	0.366054	-2393.28
397	0.359427	-2328.68
398	0.377989	-2594.33
399	0.364911	-2392.96
400	0.366488	-2454.49
401	0.379254	-2555.93
402	0.371572	-2504.42
403	0.370251	-2506.76
404	0.364478	-2423.15
405	0.372165	-2471.59
406	0.371289	-2453.77
407	0.363329	-2381.73
408	0.367602	-2436.95
409	0.36306	-2377.71
410	0.367689	-2432.73
411	0.372263	-2469.13
412	0.361235	-2352.3
413	0.374283	-2545.88
414	0.359147	-2328.7
415	0.368681	-2449.91
416	0.367171	-2429.99
417	0.376081	-2557.49
418	0.363546	-2351.1
419	0.370349	-2472.08
420	0.370228	-2463.57
421	0.370474	-2454.8
422	0.372508	-2516.07
423	0.367147	-2402.11
424	0.361598	-2309.56
425	0.365078	-2404.14
426	0.37008	-2487.9
427	0.361708	-2310.45
428	0.361279	-2360.17
429	0.364949	-2423.02
430	0.360585	-2346.53
431	0.365239	-2458.61
432	0.377152	-2521.44
433	0.367623	-2455.09
434	0.372643	-2509.17
435	0.365056	-2378.7
436	0.368992	-2431.91
437	0.365456	-2363.28
438	0.369071	-2478.56
439	0.374786	-2536.38
440	0.361971	-2345.19
441	0.375714	-2564.24
442	0.360605	-2333.52
443	0.356337	-2273.89
444	0.366084	-2433.15
445	0.376044	-2506.89
446	0.370681	-2467.95
447	0.370793	-2430.64
448	0.376884	-2537.82
449	0.371455	-2444.4
450	0.365858	-2412.11
451	0.367994	-2443.53
452	0.368207	-2432.23
453	0.375353	-2559.46
454	0.370875	-2495.73
455	0.368643	-2450.26
456	0.360145	-2329.96
457	0.362873	-2347.4
458	0.363224	-2346.07
459	0.374689	-2538.73
460	0.366386	-2453.13
461	0.362271	-2344.45
462	0.3617	-2355.9
463	0.371079	-2465.25
464	0.357185	-2303.22
465	0.372138	-2508.52
466	0.365474	-2385.71
467	0.364142	-2381.56
468	0.368083	-2463.5
469	0.364056	-2341.6
470	0.368112	-2441.14
471	0.368241	-2463.64
472	0.362183	-2350.51
473	0.35811	-2329.77
474	0.36907	-2444.76
475	0.366829	-2444.52
476	0.369653	-2462.74
477	0.372948	-2505.81
478	0.364344	-2359.37
479	0.365079	-2403.48
480	0.365653	-2387.61
481	0.371091	-2454.59
482	0.36911	-2464.43
483	0.369868	-2469.21
484	0.368679	-2459.7
485	0.366585	-2420.17
486	0.360876	-2379.76
487	0.369088	-2476.51
488	0.366349	-2415.03
489	0.371208	-2449.12
490	0.364886	-2384.82
491	0.360972	-2372.56
492	0.362233	-2382.23
493	0.375994	-2538.8
494	0.364818	-2378.95
495	0.36538	-2424.35
496	0.366777	-2415.01
497	0.364851	-2409.24
498	0.373617	-2557.25
499	0.369092	-2449.54
500	0.370444	-2435.23
501	0.362876	-2402.39
502	0.359754	-2300.22
503	0.367625	-2408.67
504	0.372775	-2484.61
505	0.36514	-2410.37
506	0.372672	-2491.11
507	0.372461	-2492.1
508	0.361704	-2362.74
509	0.363527	-2353.11
510	0.359493	-2292.21
511	0.363899	-2392.16
512	0.363623	-2393.82
513	0.370742	-2537.89
514	0.370451	-2481.19
515	0.375421	-2524.4
516	0.36232	-2351.83
517	0.365175	-2398.71
518	0.363851	-2425.34
519	0.367343	-2381.43
520	0.368931	-2452.62
521	0.363864	-2436.07
522	0.363546	-2361.79
523	0.362624	-2352.12
524	0.368671	-2441.35
525	0.364245	-2400.29
526	0.371945	-2474.19
527	0.366432	-2430.58
528	0.372097	-2456.74
529	0.366294	-2387.51
530	0.364436	-2413.18
531	0.367435	-2409.46
532	0.370998	-2414.26
533	0.370751	-2529.88
534	0.363721	-2381.2
535	0.362778	-2354.83
536	0.374642	-2498.13
537	0.371063	-2490.81
538	0.365728	-2386.17
539	0.375862	-2579.28
540	0.369096	-2452.28
541	0.374486	-2560.48
542	0.360571	-2396.55
543	0.35676	-2310.63
544	0.367605	-2419.2
545	0.358955	-2330.9
546	0.364458	-2367.39
547	0.369088	-2429.79
548	0.370627	-2498.47
549	0.375342	-2590
550	0.371006	-2478.79
551	0.3683	-2365.88
552	0.353142	-2204.13
553	0.379455	-2587.4
554	0.364108	-2355.75
555	0.367628	-2376
556	0.356083	-2300.35
557	0.368901	-2452.55
558	0.353536	-2281.32
559	0.364404	-2373.96
560	0.374114	-2528.26
561	0.367238	-2433.62
562	0.371265	-2508.06
563	0.367151	-2412.44
564	0.369498	-2443.99
565	0.363588	-2405.72
566	0.368986	-2432.9
567	0.366687	-2426.31
568	0.369913	-2450.53
569	0.360316	-2302.89
570	0.361369	-2368.24
571	0.372984	-2501.96
572	0.36494	-2370.3
573	0.364713	-2412.1
574	0.370289	-2465.24
575	0.367495	-2385.11
576	0.360665	-2305.13
577	0.367485	-2471.36
578	0.372746	-2463.78
579	0.375021	-2549.75
580	0.37233	-2503.27
581	0.368533	-2421.3
582	0.368896	-2465.14
583	0.372895	-2514.52
584	0.374607	-2542.02
585	0.365717	-2421.29
586	0.362659	-2429.17
587	0.361048	-2339.78
588	0.364761	-2413.01
589	0.370745	-2498.7
590	0.366355	-2370.56
591	0.36434	-2371.91
592	0.365248	-2428.63
593	0.366649	-2466.39
594	0.371903	-2513.36
595	0.359509	-2330.13
596	0.367256	-2417.32
597	0.367182	-2404.54
598	0.370706	-2471.02
599	0.372129	-2465.95
600	0.36394	-2353.5
601	0.358851	-2333.32
602	0.364004	-2368.64
603	0.37601	-2534.95
604	0.367259	-2428.29
605	0.362353	-2383.63
606	0.362867	-2383.36
607	0.361875	-2356.63
608	0.3725	-2539.7
609	0.365605	-2387.78
610	0.3651	-2414.61
611	0.364917	-2429.24
612	0.362934	-2364
613	0.371773	-2497.03
614	0.37213	-2462.92
615	0.361218	-2325.17
616	0.36645	-2461.48
617	0.35731	-2319.44
618	0.365444	-2420.65
619	0.366013	-2348.55
620	0.371566	-2468.07
621	0.365446	-2389.55
622	0.364537	-2361.08
623	0.367381	-2446.11
624	0.372655	-2474.77
625	0.372298	-2472.24
626	0.364093	-2342.01
627	0.36966	-2438.03
628	0.373365	-2511.77
629	0.370408	-2480.88
630	0.379359	-2584.81
631	0.369737	-2412.71
632	0.367744	-2405.01
633	0.367389	-2420.71
634	0.368966	-2452.02
635	0.368703	-2467.74
636	0.37242	-2483.06
637	0.366375	-2408.79
638	0.366341	-2446.84
639	0.367472	-2449.42
640	0.37014	-2405.67
641	0.375785	-2556.11
642	0.367353	-2470.25
643	0.370278	-2434.2
644	0.364695	-2369.28
645	0.363419	-2391.13
646	0.373572	-2501.61
647	0.363276	-2389.47
648	0.371781	-2489.84
649	0.371415	-2483.84
650	0.366765	-2448.7
651	0.364633	-2375.63
652	0.364181	-2358.73
653	0.363441	-2393.8
654	0.365672	-2377.45
655	0.36284	-2413.58
656	0.375589	-2544.84
657	0.369465	-2475.99
658	0.376082	-2550.19
659	0.363811	-2377.37
660	0.357842	-2348.58
661	0.368529	-2402.61
662	0.367008	-2434.86
663	0.362516	-2381.91
664	0.357391	-2303.36
665	0.371523	-2484.89
666	0.369663	-2419.29
667	0.357263	-2334.31
668	0.36824	-2442.82
669	0.358552	-2301.79
670	0.362133	-2414.51
671	0.368725	-2470.96
672	0.368562	-2450.83
673	0.370572	-2512.63
674	0.364936	-2348.25
675	0.361206	-2310.53
676	0.374423	-2468.44
677	0.367346	-2396.68
678	0.367903	-2456.45
679	0.365942	-2408.67
680	0.366255	-2421.31
681	0.371145	-2460.94
682	0.372032	-2491.22
683	0.366335	-2469.99
684	0.371586	-2526.85
685	0.359201	-2332.71
686	0.370439	-2489.68
687	0.363938	-2393.27
688	0.374456	-2568.58
689	0.368386	-2425.53
690	0.369137	-2413.41
691	0.380174	-2613.85
692	0.372505	-2539.52
693	0.377039	-2516.35
694	0.365029	-2369.02
695	0.366582	-2404.68
696	0.367336	-2404.11
697	0.372182	-2458.78
698	0.370795	-2456.92
699	0.366749	-2392.91
700	0.370411	-2488.69
701	0.369344	-2486.32
702	0.369674	-2435.61
703	0.364736	-2393.49
704	0.358984	-2277.64
705	0.378997	-2591.47
706	0.358073	-2308.6
707	0.359359	-2320.69
708	0.369169	-2440.04
709	0.36483	-2456.04
710	0.366162	-2432
711	0.364117	-2413.53
712	0.363985	-2384.92
713	0.368489	-2424.05
714	0.365603	-2435.42
715	0.358867	-2346.4
716	0.37305	-2524.04
717	0.365025	-2405.12
718	0.364019	-2413.13
719	0.366353	-2430.82
720	0.360693	-2361
721	0.365684	-2402.65
722	0.36729	-2454.7
723	0.369579	-2444.1
724	0.362583	-2384.95
725	0.368819	-2405.41
726	0.35604	-2275.95
727	0.360214	-2320.94
728	0.370723	-2412.04
729	0.361696	-2341.7
730	0.361238	-2336.94
731	0.368768	-2430.33
732	0.361057	-2342.55
733	0.366147	-2383.66
734	0.368477	-2428.64
735	0.364296	-2374.17
736	0.369581	-2479.9
737	0.365644	-2405.53
738	0.369926	-2451.52
739	0.37542	-2543.11
740	0.365581	-2385.69
741	0.364118	-2365.2
742	0.355462	-2284.46
743	0.367739	-2415.68
744	0.369561	-2478.31
745	0.372902	-2571.09
746	0.364856	-2438.5
747	0.366721	-2440.68
748	0.365204	-2375.34
749	0.366171	-2468.18
750	0.366234	-2441.48
751	0.368357	-2449.95
752	0.358734	-2276.46
753	0.372933	-2470.93
754	0.369804	-2426.59
755	0.373759	-2529.66
756	0.366595	-2416.75
757	0.371595	-2452.3
758	0.365041	-2392.62
759	0.364079	-2378.36
760	0.364098	-2350.27
761	0.361108	-2383.74
762	0.372245	-2518.97
763	0.372618	-2510.34
764	0.373771	-2533.95
765	0.365999	-2415.16
766	0.37307	-2463.62
767	0.370761	-2500.11
768	0.373639	-2533.97
769	0.374453	-2496.88
770	0.368532	-2420.92
771	0.363682	-2385.27
772	0.372873	-2457.25
773	0.368519	-2456.25
774	0.371835	-2508.11
775	0.369063	-2439.02
776	0.368082	-2385.47
777	0.366393	-2404.79
778	0.375824	-2529.18
779	0.36833	-2471.35
780	0.367141	-2403.61
781	0.371313	-2426.42
782	0.361387	-2332.95
783	0.371576	-2431.97
784	0.371282	-2465.56
785	0.370926	-2523.21
786	0.367159	-2443.26
787	0.370216	-2471.19
788	0.362259	-2369.15
789	0.365109	-2375.41
790	0.367946	-2396.02
791	0.361604	-2373.44
792	0.365851	-2428.54
793	0.369068	-2436.94
794	0.360033	-2280.71
795	0.369122	-2429.85
796	0.372984	-2500.11
797	0.371479	-2448.69
798	0.367809	-2424.39
799	0.377454	-2588.96
800	0.364854	-2380.85
801	0.368335	-2453.31
802	0.373034	-2506.85
803	0.364772	-2385.83
804	0.371188	-2483.02
805	0.36832	-2486.07
806	0.366188	-2442.66
807	0.366348	-2412.51
808	0.369963	-2438.8
809	0.367114	-2459.05
810	0.371592	-2474.36
811	0.373977	-2508.13
812	0.367736	-2466.42
813	0.36551	-2396.29
814	0.366297	-2381.5
815	0.372221	-2505.81
816	0.369522	-2454.65
817	0.365754	-2409.85
818	0.371197	-2486.4
819	0.356959	-2291.98
820	0.364245	-2346.14
821	0.365784	-2383.9
822	0.36598	-2408.58
823	0.364128	-2360.45
824	0.36698	-2402.86
825	0.369582	-2413.17
826	0.373281	-2511.89
827	0.366372	-2401.27
828	0.361277	-2314.17
829	0.372662	-2474.02
830	0.361195	-2323.54
831	0.363652	-2359.17
832	0.372525	-2474.45
833	0.361512	-2364.01
834	0.370135	-2461.96
835	0.369263	-2433.22
836	0.364792	-2406.4
837	0.362136	-2375.72
838	0.372634	-2508.93
839	0.37037	-2490.2
840	0.373499	-2536.48
841	0.361064	-2340.02
842	0.374269	-2504.38
843	0.367703	-2477.27
844	0.364083	-2347.15
845	0.367719	-2394.07
846	0.366748	-2414.47
847	0.370927	-2521.91
848	0.363737	-2369.03
849	0.367154	-2447.83
850	0.369047	-2422.72
851	0.364691	-2394.39
852	0.372926	-2487.3
853	0.365542	-2405.17
854	0.369656	-2463.63
855	0.36067	-2316.67
856	0.37205	-2507.25
857	0.36864	-2421.48
858	0.367831	-2464.27
859	0.36107	-2325.94
860	0.360609	-2291.33
861	0.360846	-2330.81
862	0.365383	-2372.45
863	0.363156	-2378.98
864	0.366153	-2394.64
865	0.365487	-2399.83
866	0.371631	-2481.95
867	0.36454	-2369.76
868	0.365866	-2447.99
869	0.36404	-2397.79
870	0.363354	-2339.55
871	0.37243	-2466
872	0.360487	-2333.44
873	0.36602	-2407.79
874	0.367695	-2416.51
875	0.363871	-2391.89
876	0.366814	-2452.54
877	0.367386	-2418.74
878	0.361103	-2327.33
879	0.362163	-2390.39
880	0.365085	-2415.24
881	0.368338	-2386.47
882	0.352626	-2227.56
883	0.36614	-2395.51
884	0.364554	-2434.09
885	0.365111	-2398.45
886	0.368723	-2422.19
887	0.36936	-2449.7
888	0.368647	-2406.81
889	0.370321	-2443.45
890	0.365317	-2423.54
891	0.37274	-2546.47
892	0.357004	-2296.25
893	0.374225	-2528.24
894	0.367675	-2439.96
895	0.357432	-2312.43
896	0.376469	-2567.29
897	0.370179	-2475.97
898	0.369312	-2432.63
899	0.360424	-2336.11
900	0.367986	-2466.73
901	0.379991	-2565.12
902	0.366664	-2459.03
903	0.372955	-2495.03
904	0.363044	-2356.93
905	0.363773	-2362.46
906	0.365949	-2383.9
907	0.364807	-2376.72
908	0.365415	-2402.89
909	0.363305	-2401.48
910	0.371611	-2497.74
911	0.362549	-2389.34
912	0.370157	-2444.66
913	0.368693	-2458.28
914	0.371324	-2450.35
915	0.378803	-2605.57
916	0.368977	-2457.92
917	0.372323	-2499.15
918	0.366026	-2441.54
919	0.369646	-2464.33
920	0.367925	-2431.87
921	0.366094	-2411.51
922	0.371571	-2454.84
923	0.370162	-2461.2
924	0.370332	-2473.17
925	0.365346	-2394.46
926	0.363489	-2325.27
927	0.36238	-2374.46
928	0.365336	-2393.51
929	0.358844	-2302.73
930	0.366849	-2419.45
931	0.36374	-2356.42
932	0.364481	-2354.38
933	0.367323	-2463.57
934	0.370566	-2480.15
935	0.368259	-2405.11
936	0.362413	-2349.34
937	0.374975	-2517.81
938	0.369289	-2479.72
939	0.365558	-2392.49
940	0.359656	-2325.8
941	0.374824	-2558.03
942	0.358521	-2296.23
943	0.364644	-2392.96
944	0.370289	-2460.13
945	0.358788	-2334.97
946	0.367782	-2407.02
947	0.367468	-2445.29
948	0.367584	-2427.27
949	0.368843	-2468.59
950	0.3668	-2416.88
951	0.372872	-2501.01
952	0.364873	-2392.88
953	0.370885	-2507.36
954	0.362108	-2398.09
955	0.366493	-2408.8
956	0.373022	-2483.65
957	0.373874	-2535.12
958	0.356793	-2307.36
959	0.359316	-2284.21
960	0.369749	-2443.25
961	0.368543	-2454
962	0.372755	-2520.5
963	0.365318	-2410.04
964	0.372003	-2496.33
965	0.372388	-2461.08
966	0.36551	-2402.12
967	0.367689	-2425.28
968	0.363286	-2330.48
969	0.363995	-2391.12
970	0.367805	-2436.25
971	0.37071	-2482.44
972	0.370669	-2453.05
973	0.36853	-2414.45
974	0.368802	-2450.63
975	0.365914	-2367.26
976	0.369941	-2433.32
977	0.370574	-2495.01
978	0.367823	-2411.22
979	0.373134	-2450.22
980	0.370328	-2492.84
981	0.372844	-2543.94
982	0.362522	-2381.88
983	0.376127	-2573.5
984	0.361231	-2352.78
985	0.357013	-2258.01
986	0.363513	-2385.06
987	0.376358	-2520.63
988	0.373644	-2533.17
989	0.360652	-2330.9
990	0.374789	-2536.18
991	0.370753	-2452.64
992	0.367388	-2417.37
993	0.371395	-2497.8
994	0.363375	-2369.1
995	0.374596	-2539.76
996	0.368713	-2412.55
997	0.371624	-2470.71
998	0.369286	-2430.71
999	0.366358	-2422.17
1000	0.359455	-2278.87
1001	0.369414	-2449.71
1002	0.364136	-2345.27
1003	0.368058	-2382.36
1004	0.356955	-2289.35
1005	0.367096	-2413.62
1006	0.370701	-2453.94
1007	0.372355	-2490.9
1008	0.373225	-2502.92
1009	0.374434	-2547.45
1010	0.372838	-2523.06
1011	0.366337	-2445.47
1012	0.37323	-2516.27
1013	0.372835	-2495.59
1014	0.369721	-2428.56
1015	0.366789	-2478.84
1016	0.363607	-2383.89
1017	0.374542	-2541.37
1018	0.364544	-2364.74
1019	0.367397	-2464.89
1020	0.365287	-2395.02
1021	0.367186	-2418.47
1022	0.366757	-2405.34
1023	0.364331	-2331.43
1024	0.370262	-2474.09
1025	0.375434	-2568.22
1026	0.364843	-2376.37
1027	0.364769	-2399.9
1028	0.367255	-2419.79
1029	0.36192	-2336.03
1030	0.365637	-2346.16
1031	0.367237	-2440.98
1032	0.368841	-2476.75
1033	0.359767	-2316.34
1034	0.361758	-2370.47
1035	0.361374	-2357.21
1036	0.37453	-2531.94
1037	0.367245	-2374.83
1038	0.364662	-2408.31
1039	0.375138	-2573.14
1040	0.366705	-2392.36
1041	0.370154	-2416.71
1042	0.364984	-2382.18
1043	0.364219	-2361.55
1044	0.36244	-2395.35
1045	0.370955	-2509.77
1046	0.360283	-2334.34
1047	0.366644	-2416.39
1048	0.36627	-2391.33
1049	0.364334	-2316.79
1050	0.361665	-2345.11
1051	0.364256	-2378.87
1052	0.360917	-2336.22
1053	0.366148	-2368.58
1054	0.372904	-2463.98
1055	0.36979	-2463.36
1056	0.371722	-2486.31
1057	0.364631	-2353.3
1058	0.364216	-2384.76
1059	0.365494	-2404.56
1060	0.368031	-2363.21
1061	0.365295	-2423.69
1062	0.366271	-2383.55
1063	0.354451	-2251.4
1064	0.363334	-2378.38
1065	0.374863	-2552.25
1066	0.367885	-2398.03
1067	0.362775	-2392.18
1068	0.366045	-2431.41
1069	0.370528	-2461.06
1070	0.359729	-2361.16
1071	0.364065	-2374.44
1072	0.368539	-2451.58
1073	0.360242	-2318.4
1074	0.368345	-2399.48
1075	0.362768	-2405.46
1076	0.377645	-2595.27
1077	0.362004	-2370.5
1078	0.369473	-2451.21
1079	0.376446	-2528.62
1080	0.37946	-2596.41
1081	0.364188	-2416.11
1082	0.365678	-2409.52
1083	0.364362	-2361.44
1084	0.365142	-2371.24
1085	0.363215	-2369.24
1086	0.36825	-2441.9
1087	0.371906	-2517.52
1088	0.364304	-2389.53
1089	0.371834	-2470.17
1090	0.372084	-2439.79
1091	0.374755	-2540.5
1092	0.37083	-2409.51
1093	0.365369	-2376.62
1094	0.368132	-2460.01
1095	0.371857	-2472.29
1096	0.365114	-2406.86
1097	0.362791	-2358.26
1098	0.354246	-2261.07
1099	0.367025	-2440.48
1100	0.365543	-2403.8
1101	0.364721	-2397.83
1102	0.372894	-2511.07
1103	0.372519	-2473.82
1104	0.369088	-2437.88
1105	0.369795	-2465.46
1106	0.359552	-2349.73
1107	0.36605	-2369.69
1108	0.371068	-2451.56
1109	0.352202	-2221.27
1110	0.36786	-2433.99
1111	0.369772	-2449.88
1112	0.354344	-2242.89
1113	0.370891	-2495.16
1114	0.366006	-2415.42
1115	0.362239	-2314.84
1116	0.363297	-2391.73
1117	0.363277	-2377.27
1118	0.371481	-2491.13
1119	0.380175	-2615.35
1120	0.368171	-2478.79
1121	0.36913	-2457.99
1122	0.368259	-2492.43
1123	0.3745	-2527.09
1124	0.370802	-2512.22
1125	0.367861	-2418.54
1126	0.370869	-2472.41
1127	0.371517	-2462.98
1128	0.370681	-2481.27
1129	0.36668	-2445.8
1130	0.364507	-2428.32
1131	0.375902	-2575.69
1132	0.365464	-2404.35
1133	0.365963	-2403.24
1134	0.367846	-2463.49
1135	0.365423	-2340.47
1136	0.36097	-2323.59
1137	0.361749	-2363.63
1138	0.364709	-2387.77
1139	0.357578	-2297.49
1140	0.371464	-2455.92
1141	0.371487	-2432.27
1142	0.366513	-2417.16
1143	0.365712	-2409.72
1144	0.362823	-2401.44
1145	0.365718	-2364.87
1146	0.368103	-2410.41
1147	0.358739	-2295.82
1148	0.37019	-2443.87
1149	0.367952	-2406.61
1150	0.368227	-2444.58
1151	0.367134	-2397.08
1152	0.364205	-2346.54
1153	0.370394	-2464.14
1154	0.359657	-2368.98
1155	0.363337	-2354.27
1156	0.36624	-2404.56
1157	0.364382	-2377.33
1158	0.369878	-2497.98
1159	0.371459	-2477.71
1160	0.374635	-2558.3
1161	0.369505	-2473.9
1162	0.368446	-2383.59
1163	0.363632	-2354.04
1164	0.363099	-2355.38
1165	0.361484	-2315.55
1166	0.366182	-2404.03
1167	0.375968	-2541.61
1168	0.369995	-2474.84
1169	0.370262	-2475.78
1170	0.367441	-2391.54
1171	0.368663	-2445.62
1172	0.363269	-2336.6
1173	0.368203	-2433.64
1174	0.367956	-2418.74
1175	0.369695	-2433.09
1176	0.359538	-2349.49
1177	0.369902	-2429.97
1178	0.358492	-2305.65
1179	0.359597	-2299.82
1180	0.361655	-2352.57
1181	0.365594	-2469.5
1182	0.365478	-2398.11
1183	0.359877	-2309.51
1184	0.35678	-2244.25
1185	0.366811	-2448.91
1186	0.362883	-2388.18
1187	0.377912	-2541.44
1188	0.363015	-2366.96
1189	0.362493	-2317.45
1190	0.372133	-2483.13
1191	0.371753	-2433.14
1192	0.369714	-2394.04
1193	0.360462	-2346.91
1194	0.360489	-2314.17
1195	0.373158	-2524.51
1196	0.376572	-2543.39
1197	0.372785	-2549.87
1198	0.365506	-2413.96
1199	0.3728	-2523.98
1200	0.367094	-2457.86
1201	0.362633	-2372.45
1202	0.3565	-2271.9
1203	0.354902	-2278.97
1204	0.363121	-2361.94
1205	0.365938	-2409.3
1206	0.362254	-2390.66
1207	0.365165	-2416.81
1208	0.364548	-2341.98
1209	0.371117	-2486.15
1210	0.361312	-2360.61
1211	0.361707	-2316.13
1212	0.371212	-2480.81
1213	0.364471	-2379.51
1214	0.366015	-2411.25
1215	0.365113	-2390.6
1216	0.368843	-2441.25
1217	0.366121	-2357.36
1218	0.363678	-2451.87
1219	0.370572	-2444.79
1220	0.357236	-2313.15
1221	0.361902	-2356.47
1222	0.366317	-2440.21
1223	0.366197	-2416.91
1224	0.373395	-2518.03
1225	0.3657	-2453.48
1226	0.367535	-2399.47
1227	0.362158	-2368.32
1228	0.374818	-2503.01
1229	0.370776	-2481.8
1230	0.360748	-2335.45
1231	0.362743	-2383.79
1232	0.372236	-2491.46
1233	0.372521	-2483.87
1234	0.364702	-2414.34
1235	0.365768	-2408.25
1236	0.360548	-2311.83
1237	0.36276	-2355.02
1238	0.364731	-2354.36
1239	0.369943	-2483.91
1240	0.363464	-2402.36
1241	0.368428	-2457.72
1242	0.364484	-2339.91
1243	0.36919	-2427.43
1244	0.358837	-2297.73
1245	0.36626	-2421.05
1246	0.365283	-2417.57
1247	0.364584	-2402.75
1248	0.370682	-2501.52
1249	0.364795	-2409.15
1250	0.360223	-2344.63
1251	0.380191	-2593.71
1252	0.365475	-2407.74
1253	0.370748	-2479.44
1254	0.367074	-2412.05
1255	0.363836	-2389.99
1256	0.366676	-2458.04
1257	0.366633	-2359
1258	0.371778	-2473.98
1259	0.370458	-2481.52
1260	0.36882	-2487.47
1261	0.368213	-2430.59
1262	0.362789	-2352.76
1263	0.371445	-2495.79
1264	0.356664	-2262.68
1265	0.357946	-2285.72
1266	0.361448	-2339.63
1267	0.362875	-2386.1
1268	0.363641	-2359.17
1269	0.376393	-2532.67
1270	0.369709	-2471.67
1271	0.375551	-2523.39
1272	0.362993	-2409.72
1273	0.372476	-2467.88
1274	0.370481	-2483.23
1275	0.363051	-2353.42
1276	0.363309	-2403.13
1277	0.369862	-2479.95
1278	0.365528	-2380.45
1279	0.371976	-2506.89
1280	0.361704	-2348.78
1281	0.361879	-2365.83
1282	0.368187	-2438.46
1283	0.3815	-2623.42
1284	0.368301	-2437.93
1285	0.369438	-2465.25
1286	0.36846	-2460.26
1287	0.36992	-2459.73
1288	0.362724	-2397.19
1289	0.369065	-2435.52
1290	0.368004	-2459.41
1291	0.366562	-2375.43
1292	0.365865	-2453.97
1293	0.36805	-2452.9
1294	0.373207	-2502.69
1295	0.371786	-2444.73
1296	0.364084	-2408.27
1297	0.368912	-2428.86
1298	0.357045	-2300.51
1299	0.362912	-2343.71
1300	0.365512	-2379.45
1301	0.369284	-2459.98
1302	0.363196	-2356.72
1303	0.36303	-2369.1
1304	0.367487	-2397.11
1305	0.367697	-2436.75
1306	0.371632	-2492.55
1307	0.373405	-2450.23
1308	0.360193	-2388.11
1309	0.369653	-2453.17
1310	0.365318	-2379.5
1311	0.361697	-2340.09
1312	0.361566	-2324.46
1313	0.372393	-2480.22
1314	0.372075	-2460.27
1315	0.372548	-2467.14
1316	0.370821	-2448.83
1317	0.365186	-2380.45
1318	0.364288	-2372.66
1319	0.367194	-2387.46
1320	0.365713	-2410.88
1321	0.362474	-2322.01
1322	0.368583	-2406.85
1323	0.363733	-2335.13
1324	0.356743	-2268.39
1325	0.368242	-2447.43
1326	0.367174	-2417.25
1327	0.36942	-2461.35
1328	0.368094	-2457.75
1329	0.36857	-2437.01
1330	0.36269	-2355.15
1331	0.370965	-2477.49
1332	0.372285	-2516.26
1333	0.369817	-2465.37
1334	0.35808	-2303.62
1335	0.376207	-2548.69
1336	0.369386	-2471.42
1337	0.366843	-2449.04
1338	0.362344	-2353.61
1339	0.364699	-2365.37
1340	0.366205	-2415.02
1341	0.370522	-2473.78
1342	0.362044	-2402.31
1343	0.369335	-2434.08
1344	0.363649	-2378.23
1345	0.36214	-2353.05
1346	0.368656	-2389.11
1347	0.374316	-2517.28
1348	0.364754	-2363.11
1349	0.367734	-2463.97
1350	0.36591	-2387.97
1351	0.368998	-2472.01
1352	0.371345	-2488.94
1353	0.360336	-2307.31
1354	0.362389	-2370.69
1355	0.36154	-2358.23
1356	0.363377	-2377.09
1357	0.37093	-2474.95
1358	0.368556	-2468.14
1359	0.364501	-2382.74
1360	0.371947	-2502.92
1361	0.371758	-2531.96
1362	0.363111	-2350.83
1363	0.362111	-2311.99
1364	0.365478	-2404.62
1365	0.370132	-2485.78
1366	0.377651	-2569.29
1367	0.364909	-2381.37
1368	0.361257	-2378.28
1369	0.369408	-2460.12
1370	0.37138	-2471.98
1371	0.369337	-2447.09
1372	0.362442	-2353.21
1373	0.36398	-2383.07
1374	0.365627	-2388.1
1375	0.371917	-2496.09
1376	0.36123	-2338.96
1377	0.371383	-2457.66
1378	0.376348	-2529.97
1379	0.364946	-2391.85
1380	0.374205	-2504.29
1381	0.366685	-2457.1
1382	0.366867	-2461.52
1383	0.36797	-2419.65
1384	0.359963	-2322.96
1385	0.358207	-2274.85
1386	0.374304	-2588.45
1387	0.36603	-2415.66
1388	0.365825	-2411.91
1389	0.362699	-2361.55
1390	0.367332	-2453.02
1391	0.377188	-2542.64
1392	0.373709	-2527.24
1393	0.370058	-2511.31
1394	0.361295	-2326.3
1395	0.364702	-2400.79
1396	0.372408	-2522.93
1397	0.37506	-2569.22
1398	0.369192	-2479.26
1399	0.361867	-2341.17
1400	0.362245	-2383.86
1401	0.363646	-2387.59
1402	0.370208	-2465.47
1403	0.365966	-2417.22
1404	0.363239	-2363.36
1405	0.374564	-2501.94
1406	0.365335	-2374.83
1407	0.370318	-2420.49
1408	0.370003	-2447.96
1409	0.368261	-2419.3
1410	0.358662	-2340.99
1411	0.36942	-2462.63
1412	0.36925	-2439.97
1413	0.366022	-2404.61
1414	0.357858	-2298.1
1415	0.369629	-2491.6
1416	0.375359	-2553.88
1417	0.364468	-2335.09
1418	0.369033	-2444.53
1419	0.364482	-2371.46
1420	0.372055	-2464.6
1421	0.368094	-2452.08
1422	0.362564	-2391.26
1423	0.362579	-2359.28
1424	0.364758	-2367.95
1425	0.362155	-2380.6
1426	0.369175	-2434.8
1427	0.365667	-2433.71
1428	0.373934	-2506.41
1429	0.356551	-2276.81
1430	0.362703	-2389.3
1431	0.357796	-2266.16
1432	0.375984	-2586.25
1433	0.367171	-2416.38
1434	0.372557	-2502.11
1435	0.371907	-2476.37
1436	0.363382	-2399.57
1437	0.372939	-2513.71
1438	0.375957	-2569.75
1439	0.363213	-2387.19
1440	0.370646	-2463.52
1441	0.365382	-2405.46
1442	0.376162	-2574.77
1443	0.372533	-2509.16
1444	0.374606	-2526.3
1445	0.362062	-2343.92
1446	0.367428	-2440.37
1447	0.3635	-2376.12
1448	0.368475	-2428.63
1449	0.366827	-2416.47
1450	0.365535	-2418.02
1451	0.368966	-2391.09
1452	0.364588	-2411.88
1453	0.368935	-2425.36
1454	0.367981	-2421.77
1455	0.367533	-2398.74
1456	0.36617	-2424.64
1457	0.365052	-2385.17
1458	0.361685	-2395.18
1459	0.366773	-2430.43
1460	0.372921	-2508.06
1461	0.373108	-2531.38
1462	0.371187	-2472.86
1463	0.36302	-2381.92
1464	0.362754	-2362.29
1465	0.376665	-2559.44
1466	0.372819	-2487.37
1467	0.363989	-2382.49
1468	0.367612	-2458.89
1469	0.369939	-2447.73
1470	0.3654	-2362.99
1471	0.358035	-2255.86
1472	0.363096	-2362.64
1473	0.357708	-2301.14
1474	0.365834	-2372.62
1475	0.364433	-2370.64
1476	0.367844	-2409.84
1477	0.375065	-2550.36
1478	0.369443	-2447.55
1479	0.359662	-2312.34
1480	0.366343	-2433.07
1481	0.357332	-2288.42
1482	0.364169	-2396.76
1483	0.369259	-2465.07
1484	0.369906	-2483.16
1485	0.361579	-2319.65
1486	0.363825	-2350.04
1487	0.364691	-2421.53
1488	0.36633	-2400.08
1489	0.368229	-2420.5
1490	0.367478	-2374.23
1491	0.373984	-2467.62
1492	0.370071	-2452.67
1493	0.36248	-2360.8
1494	0.367539	-2452.8
1495	0.379775	-2555.02
1496	0.366413	-2419.61
1497	0.358053	-2286.34
1498	0.359605	-2320.63
1499	0.367887	-2432.3
1500	0.357073	-2318.96
1501	0.355012	-2290.09
1502	0.361732	-2351.58
1503	0.363894	-2376.83
1504	0.367222	-2417.94
1505	0.372095	-2474.95
1506	0.360486	-2308.76
1507	0.372705	-2492.69
1508	0.364592	-2431.61
1509	0.368977	-2462.29
1510	0.363672	-2395.43
1511	0.370859	-2453.86
1512	0.362044	-2357.95
1513	0.369858	-2459.04
1514	0.364366	-2376.97
1515	0.366151	-2439.9
1516	0.371593	-2474.07
1517	0.372311	-2489.77
1518	0.364131	-2380.79
1519	0.36467	-2406.81
1520	0.360433	-2316.82
1521	0.366524	-2409.98
1522	0.364533	-2369.13
1523	0.373191	-2493.71
1524	0.365755	-2439.89
1525	0.374057	-2525.23
1526	0.360457	-2357.55
1527	0.354917	-2266.22
1528	0.368902	-2441.24
1529	0.357161	-2276.38
1530	0.363883	-2389.45
1531	0.373964	-2540.21
1532	0.365004	-2435.32
1533	0.366787	-2406.41
1534	0.368201	-2435.12
1535	0.369983	-2495.84
1536	0.365713	-2419.57
1537	0.362793	-2393
1538	0.3711	-2460.73
1539	0.36415	-2365.31
1540	0.360736	-2340.75
1541	0.365491	-2379.36
1542	0.369619	-2449.91
1543	0.371395	-2491.68
1544	0.370267	-2443.38
1545	0.374622	-2505.47
1546	0.369153	-2410.65
1547	0.36511	-2405.55
1548	0.357501	-2326.92
1549	0.364141	-2385.17
1550	0.37273	-2511.58
1551	0.368867	-2422.72
1552	0.364953	-2419.12
1553	0.368225	-2426.36
1554	0.366515	-2390.89
1555	0.360714	-2308.75
1556	0.377063	-2571.94
1557	0.361677	-2343.09
1558	0.366575	-2441.95
1559	0.368686	-2449.24
1560	0.370449	-2457.25
1561	0.365723	-2415.4
1562	0.362865	-2374.05
1563	0.363063	-2332.24
1564	0.366313	-2425.28
1565	0.359532	-2319.3
1566	0.35659	-2293.61
1567	0.373985	-2535.08
1568	0.369515	-2464.65
1569	0.362912	-2331.43
1570	0.365494	-2404.5
1571	0.360494	-2332.46
1572	0.365525	-2379.63
1573	0.367923	-2484.39
1574	0.365467	-2421.68
1575	0.368398	-2426.48
1576	0.36763	-2451.59
1577	0.362804	-2344.23
1578	0.369947	-2475.31
1579	0.369047	-2452.63
1580	0.366889	-2408.67
1581	0.368351	-2416.98
1582	0.370996	-2485.86
1583	0.364699	-2429
1584	0.361614	-2308.15
1585	0.366746	-2391.64
1586	0.375309	-2510.59
1587	0.363095	-2362.21
1588	0.36875	-2451.51
1589	0.369321	-2453.62
1590	0.362952	-2345.79
1591	0.3648	-2406.64
1592	0.369634	-2440.17
1593	0.370662	-2493.55
1594	0.366874	-2446.7
1595	0.36896	-2429.05
1596	0.366955	-2389.86
1597	0.374643	-2566.63
1598	0.366454	-2425.61
1599	0.365268	-2437.38
1600	0.367871	-2384.23
1601	0.374773	-2480.86
1602	0.365047	-2460.99
1603	0.364871	-2395.47
1604	0.37742	-2538.12
1605	0.366685	-2372.75
1606	0.374888	-2523.47
1607	0.369279	-2416.27
1608	0.360775	-2332.21
1609	0.364625	-2384.15
1610	0.36713	-2396.69
1611	0.367167	-2461.93
1612	0.368211	-2409.51
1613	0.369893	-2452.93
1614	0.369816	-2463.57
1615	0.375232	-2536.5
1616	0.363803	-2352.67
1617	0.360956	-2346.29
1618	0.363603	-2342.76
1619	0.367748	-2402.8
1620	0.374294	-2493.87
1621	0.364007	-2402.24
1622	0.370264	-2481.39
1623	0.376217	-2519.78
1624	0.364284	-2408.13
1625	0.367908	-2411.94
1626	0.368077	-2419.07
1627	0.366636	-2393.04
1628	0.370233	-2442.39
1629	0.374028	-2521.82
1630	0.358225	-2321.21
1631	0.358215	-2290.74
1632	0.358234	-2304.44
1633	0.385301	-2669.46
1634	0.368516	-2465.18
1635	0.366168	-2411.79
1636	0.368722	-2439.99
1637	0.369016	-2433.72
1638	0.365603	-2400.65
1639	0.365153	-2442.04
1640	0.362175	-2392.99
1641	0.373239	-2498.31
1642	0.368306	-2439.43
1643	0.361233	-2321.91
1644	0.362616	-2314.78
1645	0.361729	-2296.12
1646	0.373069	-2514.1
1647	0.365871	-2401.73
1648	0.370304	-2466.76
1649	0.369567	-2468.6
1650	0.365263	-2409.57
1651	0.374019	-2519.1
1652	0.372851	-2496.06
1653	0.371745	-2489.85
1654	0.371329	-2526.15
1655	0.378064	-2599.46
1656	0.361071	-2329.07
1657	0.378407	-2599.71
1658	0.361645	-2328.61
1659	0.371562	-2465.28
1660	0.367305	-2416.18
1661	0.369635	-2455.32
1662	0.369522	-2485.39
1663	0.363593	-2359.33
1664	0.356765	-2237.23
1665	0.360989	-2346.43
1666	0.362662	-2400.65
1667	0.372272	-2519.7
1668	0.368659	-2392.08
1669	0.376045	-2578.22
1670	0.366679	-2408.49
1671	0.36606	-2424.44
1672	0.363489	-2384.1
1673	0.367221	-2404.83
1674	0.364392	-2394.74
1675	0.367543	-2413.64
1676	0.363771	-2376.39
1677	0.360612	-2313.12
1678	0.364071	-2395.66
1679	0.356209	-2292.99
1680	0.366644	-2445.88
1681	0.367152	-2461.86
1682	0.369313	-2458.04
1683	0.36384	-2344.36
1684	0.372193	-2490.38
1685	0.356403	-2232.32
1686	0.377533	-2564.34
1687	0.360627	-2341.8
1688	0.374626	-2514.8
1689	0.365585	-2372.06
1690	0.371212	-2450.02
1691	0.365774	-2388.18
1692	0.370959	-2452.04
1693	0.370571	-2463.49
1694	0.374814	-2514.1
1695	0.370433	-2445.84
1696	0.360691	-2382.92
1697	0.370769	-2454.02
1698	0.356872	-2336.93
1699	0.369478	-2424.65
1700	0.362071	-2381.26
1701	0.361972	-2336.09
1702	0.366472	-2387.1
1703	0.360686	-2336.16
1704	0.369964	-2455.48
1705	0.367845	-2420.52
1706	0.371243	-2458.03
1707	0.359211	-2328.39
1708	0.36284	-2373.13
1709	0.374543	-2511.7
1710	0.365318	-2401.37
1711	0.367071	-2454.12
1712	0.358074	-2286.27
1713	0.365224	-2425.79
1714	0.358174	-2363.58
1715	0.375943	-2520.7
1716	0.362266	-2355.04
1717	0.365144	-2391.01
1718	0.368573	-2470.74
1719	0.372305	-2496.95
1720	0.367651	-2412.93
1721	0.373924	-2499.32
1722	0.372179	-2479.24
1723	0.363839	-2406.93
1724	0.367339	-2433.05
1725	0.368619	-2452.88
1726	0.361863	-2334.55
1727	0.370439	-2440.14
1728	0.369891	-2474.4
1729	0.370294	-2514.51
1730	0.363026	-2359.33
1731	0.358784	-2302.57
1732	0.365144	-2392.02
1733	0.373512	-2501.06
1734	0.371652	-2498.4
1735	0.372943	-2523.25
1736	0.364413	-2324.3
1737	0.360262	-2344.05
1738	0.36621	-2405.35
1739	0.370172	-2480.79
1740	0.366409	-2358.78
1741	0.371768	-2511.29
1742	0.365328	-2355.35
1743	0.363825	-2381.16
1744	0.364372	-2373.16
1745	0.363812	-2353.86
1746	0.367629	-2368.05
1747	0.359055	-2319.44
1748	0.368044	-2418.99
1749	0.358742	-2310.68
1750	0.365985	-2415.2
1751	0.374457	-2510.07
1752	0.367519	-2426.63
1753	0.369038	-2413.2
1754	0.363637	-2372.04
1755	0.359095	-2293.66
1756	0.368889	-2477.45
1757	0.36958	-2406.19
1758	0.378003	-2628.37
1759	0.366691	-2359.8
1760	0.370921	-2460.44
1761	0.366302	-2420.58
1762	0.36646	-2420.81
1763	0.370702	-2460.14
1764	0.370946	-2457.94
1765	0.364971	-2392
1766	0.369619	-2425.3
1767	0.374109	-2464.5
1768	0.357728	-2280.51
1769	0.372261	-2503.87
1770	0.366431	-2431.14
1771	0.364941	-2393.55
1772	0.36884	-2475.83
1773	0.359944	-2311.44
1774	0.364118	-2389.16
1775	0.366599	-2424.18
1776	0.361636	-2332.72
1777	0.37375	-2484.44
1778	0.357478	-2267.81
1779	0.372755	-2462.88
1780	0.368208	-2419.85
1781	0.362598	-2400.33
1782	0.370144	-2491.67
1783	0.366263	-2392.35
1784	0.373315	-2484.83
1785	0.367904	-2418.49
1786	0.362805	-2362.99
1787	0.371155	-2436.37
1788	0.369717	-2456.69
1789	0.367956	-2389.92
1790	0.36724	-2467.37
1791	0.360957	-2332.59
1792	0.371588	-2451.74
1793	0.359298	-2290.82
1794	0.364252	-2426.6
1795	0.366222	-2421.36
1796	0.367783	-2474.04
1797	0.364196	-2371.9
1798	0.363394	-2336.08
1799	0.361109	-2353.32
1800	0.357117	-2265.3
1801	0.366219	-2425.59
1802	0.362487	-2383.19
1803	0.364322	-2367.36
1804	0.366869	-2438.26
1805	0.375217	-2575.11
1806	0.364349	-2399.52
1807	0.364803	-2399.52
1808	0.359262	-2271.76
1809	0.365458	-2381.19
1810	0.366144	-2391.41
1811	0.362303	-2369.12
1812	0.364456	-2372.2
1813	0.369753	-2466.51
1814	0.374544	-2547.03
1815	0.366897	-2463.96
1816	0.368804	-2483.27
1817	0.364074	-2387.71
1818	0.365685	-2408.92
1819	0.374459	-2534.21
1820	0.362506	-2361.9
1821	0.369249	-2486.39
1822	0.367252	-2481.49
1823	0.362789	-2419.41
1824	0.362703	-2380.12
1825	0.366879	-2440.31
1826	0.371644	-2453.23
1827	0.362202	-2334.82
1828	0.364242	-2381.24
1829	0.369022	-2471.45
1830	0.370616	-2458.75
1831	0.370953	-2490.95
1832	0.368799	-2447.95
1833	0.363878	-2384.19
1834	0.373333	-2506.45
1835	0.36056	-2378.83
1836	0.365678	-2401.91
1837	0.360968	-2300.1
1838	0.3657	-2362.56
1839	0.368453	-2432.84
1840	0.363016	-2336.66
1841	0.370397	-2461.94
1842	0.363224	-2357.1
1843	0.366179	-2397.86
1844	0.365598	-2385.4
1845	0.371777	-2472.29
1846	0.366013	-2414.22
1847	0.360951	-2296.58
1848	0.369577	-2468.11
1849	0.368393	-2452.29
1850	0.367078	-2439.65
1851	0.362616	-2374.02
1852	0.36334	-2401.65
1853	0.358942	-2319.98
1854	0.371144	-2452.05
1855	0.369579	-2450.51
1856	0.377456	-2561.93
1857	0.365746	-2421.16
1858	0.371103	-2445.37
1859	0.368732	-2449.67
1860	0.365949	-2393.9
1861	0.37202	-2478.83
1862	0.366159	-2442.56
1863	0.36527	-2415.71
1864	0.367498	-2434.94
1865	0.361302	-2347.12
1866	0.366582	-2434.89
1867	0.379133	-2626.28
1868	0.372878	-2510.68
1869	0.363858	-2405.26
1870	0.371251	-2479.6
1871	0.362935	-2366.39
1872	0.374018	-2514.99
1873	0.367032	-2399.5
1874	0.36562	-2398.75
1875	0.35954	-2298.02
1876	0.364794	-2381.24
1877	0.366734	-2390.21
1878	0.364434	-2373.99
1879	0.362965	-2352.39
1880	0.362249	-2360.39
1881	0.370415	-2467.12
1882	0.363958	-2408.21
1883	0.362684	-2351.04
1884	0.368862	-2435.36
1885	0.363645	-2425.32
1886	0.368735	-2464.22
1887	0.366488	-2435.45
1888	0.370526	-2463.1
1889	0.370634	-2481.57
1890	0.369034	-2446.15
1891	0.358923	-2327.44
1892	0.35796	-2290.39
1893	0.365782	-2403.92
1894	0.367088	-2421.64
1895	0.367148	-2405.47
1896	0.364717	-2427.61
1897	0.373217	-2547.13
1898	0.368819	-2440.95
1899	0.368908	-2446.25
1900	0.363081	-2388.44
1901	0.367261	-2426.86
1902	0.3607	-2341.7
1903	0.367982	-2440.17
1904	0.370776	-2447.66
1905	0.354818	-2213.49
1906	0.366853	-2433.12
1907	0.369535	-2445.1
1908	0.372219	-2495.65
1909	0.36435	-2350.88
1910	0.364443	-2432.47
1911	0.368184	-2418.88
1912	0.368894	-2428.57
1913	0.370099	-2453.85
1914	0.364248	-2420.97
1915	0.376174	-2581.5
1916	0.362862	-2341.59
1917	0.372328	-2514.92
1918	0.365198	-2380.13
1919	0.375736	-2519.03
1920	0.369375	-2495.26
1921	0.370296	-2549.21
1922	0.36772	-2433.79
1923	0.366854	-2387.12
1924	0.367381	-2395.44
1925	0.369293	-2468.52
1926	0.370082	-2485.9
1927	0.367981	-2452.35
1928	0.378481	-2575.57
1929	0.360316	-2279.48
1930	0.377593	-2550.64
1931	0.372595	-2467.33
1932	0.367779	-2440.69
1933	0.365785	-2407.69
1934	0.363414	-2378.67
1935	0.366813	-2411.04
1936	0.369635	-2457.6
1937	0.36539	-2395.84
1938	0.363899	-2333.6
1939	0.356148	-2261.93
1940	0.36414	-2396.78
1941	0.373227	-2518.88
1942	0.364418	-2347.32
1943	0.365123	-2382.7
1944	0.364992	-2382.88
1945	0.372737	-2484.47
1946	0.36398	-2426.64
1947	0.367881	-2428.18
1948	0.362607	-2376.24
1949	0.36075	-2301.32
1950	0.367567	-2400.84
1951	0.374089	-2522.69
1952	0.36425	-2376.7
1953	0.367798	-2431.91
1954	0.362713	-2402.51
1955	0.368373	-2406.79
1956	0.365731	-2464.43
1957	0.363428	-2339.27
1958	0.36843	-2459.54
1959	0.363723	-2387.12
1960	0.367028	-2423.68
1961	0.37831	-2562.77
1962	0.363133	-2354.82
1963	0.371406	-2486.71
1964	0.369749	-2439.13
1965	0.374106	-2518.38
1966	0.37343	-2483.96
1967	0.367355	-2393.1
1968	0.374695	-2525.07
1969	0.366878	-2417.25
1970	0.374671	-2502.38
1971	0.362952	-2367.39
1972	0.369728	-2436.82
1973	0.365574	-2420.91
1974	0.366009	-2440.56
1975	0.369104	-2454.52
1976	0.373751	-2515.16
1977	0.360449	-2298
1978	0.375146	-2491.93
1979	0.360662	-2331.56
1980	0.372941	-2477.12
1981	0.361276	-2336.98
1982	0.363929	-2383.93
1983	0.358881	-2305.4
1984	0.369285	-2432.48
1985	0.36905	-2454.63
1986	0.364748	-2423.87
1987	0.371532	-2482.21
1988	0.368531	-2441.54
1989	0.372585	-2463.39
1990	0.361537	-2368.48
1991	0.357218	-2299.09
1992	0.369748	-2471.66
1993	0.359045	-2348.56
1994	0.366004	-2373.78
1995	0.369748	-2464.33
1996	0.352966	-2255.2
1997	0.367151	-2424.78
1998	0.368472	-2449.5
1999	0.372283	-2427.23
2000	0.366945	-2421.15
2001	0.368839	-2439.7
2002	0.368946	-2439.05
2003	0.362625	-2355.12
2004	0.371917	-2512.54
2005	0.365686	-2428.91
2006	0.366327	-2417.56
2007	0.366244	-2411.62
2008	0.373517	-2492.41
2009	0.370584	-2452.09
2010	0.367286	-2452.01
2011	0.369593	-2437.22
2012	0.363134	-2328.33
2013	0.360254	-2313.56
2014	0.371862	-2478.48
2015	0.368093	-2434.29
2016	0.372252	-2515.71
2017	0.377046	-2543.27
2018	0.372463	-2461.6
2019	0.368596	-2445.82
2020	0.368818	-2452.07
2021	0.36756	-2474.01
2022	0.365479	-2399.18
2023	0.369809	-2449.68
2024	0.367021	-2427.68
2025	0.371263	-2448.24
2026	0.370016	-2483.95
2027	0.366879	-2410.15
2028	0.364912	-2388.09
2029	0.361206	-2366.12
2030	0.370451	-2463.51
2031	0.36718	-2441.53
2032	0.371632	-2474.5
2033	0.364066	-2396.67
2034	0.365349	-2401.09
2035	0.365079	-2417.34
2036	0.36261	-2360.58
2037	0.359848	-2350.47
2038	0.360816	-2346.9
2039	0.36471	-2419.06
2040	0.371584	-2457.33
2041	0.371077	-2526.2
2042	0.37519	-2558.25
2043	0.364413	-2363.46
2044	0.359567	-2308.99
2045	0.361248	-2357.97
2046	0.371567	-2498.46
2047	0.368753	-2435.19
2048	0.36505	-2403.21
2049	0.369812	-2427.71
2050	0.371576	-2453.19
2051	0.369943	-2488.53
2052	0.361564	-2350.5
2053	0.362175	-2356.38
2054	0.369494	-2486.55
2055	0.362112	-2326.25
2056	0.365625	-2391.76
2057	0.365991	-2431.68
2058	0.377648	-2550.06
2059	0.365046	-2375.55
2060	0.370797	-2485.98
2061	0.367571	-2412.65
2062	0.371252	-2464.11
2063	0.362498	-2347.14
2064	0.375076	-2532.69
2065	0.37026	-2425.47
2066	0.380285	-2590.3
2067	0.368241	-2448.38
2068	0.375018	-2525.19
2069	0.369359	-2434.34
2070	0.356988	-2246.98
2071	0.373982	-2489.3
2072	0.371867	-2509.06
2073	0.369787	-2458.99
2074	0.367569	-2433.8
2075	0.372166	-2494.19
2076	0.372043	-2490
2077	0.363122	-2355.41
2078	0.370474	-2442.97
2079	0.364238	-2359.62
2080	0.362964	-2411.24
2081	0.365876	-2430.28
2082	0.361911	-2381.24
2083	0.363016	-2339.03
2084	0.3671	-2432.44
2085	0.380217	-2614.89
2086	0.360998	-2344.78
2087	0.373077	-2569.41
2088	0.368369	-2438.91
2089	0.364353	-2333.51
2090	0.371733	-2471.69
2091	0.369053	-2449.56
2092	0.36904	-2484.26
2093	0.361048	-2307.44
2094	0.367644	-2419.3
2095	0.376383	-2525.2
2096	0.365509	-2407.26
2097	0.355205	-2271.26
2098	0.37025	-2474.55
2099	0.367869	-2448.87
2100	0.372181	-2519.86
2101	0.370524	-2487.7
2102	0.370376	-2469.35
2103	0.374786	-2484.61
2104	0.36992	-2429.93
2105	0.366973	-2423.56
2106	0.374301	-2544.04
2107	0.361939	-2370.26
2108	0.36474	-2399.12
2109	0.371302	-2502.9
2110	0.362031	-2345.84
2111	0.370423	-2473.34
2112	0.367299	-2452.37
2113	0.363728	-2397.75
2114	0.370572	-2451.22
2115	0.370205	-2465
2116	0.362295	-2322.55
2117	0.366796	-2379.22
2118	0.369603	-2456.43
2119	0.367214	-2404.94
2120	0.368922	-2440.79
2121	0.36621	-2423.31
2122	0.371672	-2483.77
2123	0.368505	-2381.8
2124	0.359463	-2343.18
2125	0.374085	-2491.4
2126	0.372469	-2495.05
2127	0.368292	-2445.91
2128	0.366175	-2385.22
2129	0.376314	-2550
2130	0.369323	-2457.63
2131	0.376378	-2547.36
2132	0.356308	-2239.93
2133	0.36091	-2316.96
2134	0.367619	-2415.21
2135	0.359615	-2312.81
2136	0.369497	-2499.2
2137	0.367859	-2433.96
2138	0.362287	-2381.62
2139	0.371673	-2453.76
2140	0.375556	-2476.07
2141	0.36875	-2427.4
2142	0.363835	-2384.33
2143	0.367823	-2432.84
2144	0.357679	-2331.12
2145	0.363954	-2373.58
2146	0.360555	-2302.01
2147	0.368354	-2434.12
2148	0.367776	-2429.06
2149	0.359237	-2297.15
2150	0.366004	-2413.3
2151	0.371624	-2460.18
2152	0.358546	-2302.93
2153	0.366059	-2412.4
2154	0.374987	-2512.19
2155	0.367627	-2419.09
2156	0.369888	-2454.83
2157	0.364529	-2368.43
2158	0.36098	-2337.37
2159	0.365845	-2367.8
2160	0.357038	-2314.9
2161	0.365243	-2397.82
2162	0.364934	-2413.84
2163	0.361478	-2344.99
2164	0.357616	-2315.76
2165	0.371572	-2496.76
2166	0.366735	-2388.38
2167	0.366672	-2452.97
2168	0.372567	-2522.43
2169	0.368948	-2442.4
2170	0.368494	-2451.37
2171	0.371379	-2443.26
2172	0.361636	-2307.7
2173	0.372235	-2472.75
2174	0.368396	-2424.03
2175	0.366104	-2430.05
2176	0.372225	-2450.87
2177	0.371383	-2480.82
2178	0.364734	-2406.77
2179	0.367946	-2471.25
2180	0.36467	-2399.6
2181	0.367331	-2404.57
2182	0.362324	-2351.89
2183	0.368201	-2412.42
2184	0.368934	-2450.65
2185	0.363483	-2352.12
2186	0.374954	-2512.97
2187	0.367116	-2450.54
2188	0.362495	-2397.17
2189	0.367205	-2411.28
2190	0.368536	-2453.83
2191	0.366659	-2435.17
2192	0.376503	-2569.56
2193	0.365855	-2412.28
2194	0.370576	-2479.55
2195	0.373823	-2538.75
2196	0.372165	-2505.66
2197	0.371894	-2472.77
2198	0.370792	-2409.43
2199	0.366778	-2387.13
2200	0.369016	-2448.05
2201	0.369076	-2448.13
2202	0.369749	-2446.42
2203	0.375042	-2518.39
2204	0.366057	-2394.15
2205	0.357945	-2315.49
2206	0.363775	-2382.7
2207	0.370111	-2434
2208	0.368845	-2440.84
2209	0.369177	-2452.6
2210	0.381136	-2595.45
2211	0.37265	-2486.52
2212	0.369452	-2427.09
2213	0.361727	-2284.99
2214	0.367684	-2423.48
2215	0.366303	-2430.09
2216	0.363646	-2358.71
2217	0.365039	-2440.88
2218	0.366808	-2460.25
2219	0.36504	-2356.65
2220	0.354527	-2284.77
2221	0.371221	-2451.98
2222	0.371919	-2503.77
2223	0.359231	-2331.83
2224	0.364027	-2343.35
2225	0.376565	-2545.96
2226	0.36646	-2434.63
2227	0.36073	-2348.64
2228	0.368173	-2446.12
2229	0.370169	-2447.79
2230	0.361743	-2329.73
2231	0.365804	-2428.88
2232	0.360436	-2353.58
2233	0.366981	-2473.79
2234	0.36453	-2398.12
2235	0.371504	-2487.76
2236	0.361604	-2381.51
2237	0.37228	-2489.02
2238	0.37449	-2538.21
2239	0.361637	-2359.81
2240	0.366344	-2433.95
2241	0.372534	-2495.57
2242	0.363982	-2391.49
2243	0.36444	-2370.12
2244	0.362652	-2368.06
2245	0.366786	-2382.47
2246	0.371901	-2482.82
2247	0.373062	-2496.33
2248	0.366763	-2429.57
2249	0.365471	-2430.46
2250	0.368423	-2457.66
2251	0.37811	-2572.16
2252	0.360088	-2353.08
2253	0.365793	-2435.92
2254	0.369637	-2416.51
2255	0.367021	-2396.93
2256	0.374278	-2522.92
2257	0.366687	-2406.19
2258	0.366126	-2394.14
2259	0.369167	-2421.43
2260	0.369723	-2473.01
2261	0.358459	-2301.81
2262	0.370007	-2495.6
2263	0.376376	-2588.7
2264	0.365769	-2397.44
2265	0.364658	-2429.79
2266	0.369989	-2451.45
2267	0.364839	-2377.26
2268	0.361054	-2379.26
2269	0.373835	-2567.74
2270	0.362488	-2364.99
2271	0.372255	-2488.19
2272	0.366761	-2443.88
2273	0.376166	-2553.28
2274	0.367225	-2412.88
2275	0.36883	-2499.29
2276	0.365198	-2406.17
2277	0.378683	-2563.84
2278	0.372629	-2506.38
2279	0.367385	-2384.55
2280	0.366023	-2382.95
2281	0.36675	-2422.74
2282	0.372203	-2490.98
2283	0.366868	-2452.87
2284	0.36909	-2431.91
2285	0.371213	-2493.59
2286	0.364521	-2351.49
2287	0.364137	-2376.08
2288	0.369247	-2452.55
2289	0.371451	-2462.43
2290	0.372941	-2494.16
2291	0.373512	-2506.23
2292	0.366321	-2449.19
2293	0.364701	-2375.18
2294	0.372516	-2488.81
2295	0.366987	-2400.58
2296	0.366314	-2410.67
2297	0.366062	-2414.56
2298	0.363814	-2316.09
2299	0.361739	-2383.43
2300	0.370473	-2451.17
2301	0.373561	-2555.24
2302	0.360451	-2317.68
2303	0.367503	-2422.97
2304	0.367037	-2410.52
2305	0.368702	-2449.11
2306	0.373388	-2525.69
2307	0.37242	-2496.92
2308	0.370685	-2539.91
2309	0.360774	-2323.42
2310	0.371838	-2465.05
2311	0.370535	-2498.81
2312	0.369118	-2438.01
2313	0.367573	-2438.43
2314	0.357475	-2297.25
2315	0.357892	-2301.38
2316	0.367239	-2463.69
2317	0.367247	-2402.28
2318	0.366247	-2417.42
2319	0.372911	-2508.86
2320	0.371403	-2493.21
2321	0.358856	-2378.18
2322	0.367834	-2429.41
2323	0.368148	-2439.16
2324	0.368714	-2412.81
2325	0.368318	-2435.57
2326	0.375	-2520.03
2327	0.355687	-2304.74
2328	0.36501	-2376.98
2329	0.368552	-2397.46
2330	0.369232	-2434.36
2331	0.372312	-2511.65
2332	0.365299	-2387.81
2333	0.374918	-2466.94
2334	0.366015	-2451.44
2335	0.365113	-2437.88
2336	0.376795	-2562.45
2337	0.364366	-2324.81
2338	0.360098	-2323.27
2339	0.3786	-2577.16
2340	0.371714	-2505.52
2341	0.365269	-2362.21
2342	0.367911	-2433.45
2343	0.367965	-2459.97
2344	0.369938	-2465.08
2345	0.366419	-2415.83
2346	0.364301	-2373.68
2347	0.360041	-2351.12
2348	0.36519	-2392.57
2349	0.373351	-2527.52
2350	0.369627	-2424.99
2351	0.369797	-2497.29
2352	0.369054	-2413.48
2353	0.37033	-2465.98
2354	0.373572	-2445.9
2355	0.366935	-2464.93
2356	0.371648	-2458.86
2357	0.364303	-2384.32
2358	0.365054	-2402.44
2359	0.366392	-2433.22
2360	0.36083	-2375.29
2361	0.369881	-2476.22
2362	0.366515	-2386.68
2363	0.366185	-2420.35
2364	0.364009	-2378.4
2365	0.367256	-2434.76
2366	0.359041	-2347.58
2367	0.370753	-2436.97
2368	0.362894	-2374.07
2369	0.358937	-2301.78
2370	0.363079	-2339.7
2371	0.364918	-2400.43
2372	0.357055	-2288.93
2373	0.361731	-2327.64
2374	0.364822	-2392.51
2375	0.366912	-2484.53
2376	0.358942	-2368.36
2377	0.367421	-2414.26
2378	0.360712	-2307
2379	0.356935	-2283.71
2380	0.364357	-2363.25
2381	0.37261	-2532.2
2382	0.364841	-2391.9
2383	0.369072	-2430.46
2384	0.363143	-2344.57
2385	0.363786	-2395.92
2386	0.370512	-2469.26
2387	0.372188	-2470.36
2388	0.362084	-2340.14
2389	0.367387	-2451.87
2390	0.369337	-2468.81
2391	0.363228	-2398.87
2392	0.372482	-2473.43
2393	0.362785	-2335.67
2394	0.369041	-2481.62
2395	0.369028	-2470.75
2396	0.36649	-2389.38
2397	0.363856	-2350.24
2398	0.369504	-2466.22
2399	0.36837	-2474.18
2400	0.36969	-2449.38
2401	0.356324	-2297.44
2402	0.363707	-2359.25
2403	0.364581	-2411.29
2404	0.364592	-2383.84
2405	0.370454	-2449.74
2406	0.366681	-2404.44
2407	0.364359	-2385.59
2408	0.365517	-2358.32
2409	0.368383	-2411.1
2410	0.363087	-2375.33
2411	0.365609	-2411.1
2412	0.375212	-2515.19
2413	0.366809	-2449.49
2414	0.362753	-2333.46
2415	0.370961	-2419.16
2416	0.372859	-2503.62
2417	0.36601	-2436.1
2418	0.361872	-2351.51
2419	0.369549	-2450.8
2420	0.363354	-2360.07
2421	0.366919	-2389.64
2422	0.369948	-2505.49
2423	0.362709	-2366.01
2424	0.369435	-2494.62
2425	0.366108	-2440.47
2426	0.379168	-2600.68
2427	0.367961	-2428.99
2428	0.36031	-2338.28
2429	0.365312	-2421.14
2430	0.36614	-2423.13
2431	0.362581	-2381.03
2432	0.362707	-2337.15
2433	0.3663	-2395.43
2434	0.370533	-2457.03
2435	0.36563	-2393.51
2436	0.364145	-2363.33
2437	0.365683	-2407.51
2438	0.372289	-2469.49
2439	0.368082	-2454.49
2440	0.377083	-2563.92
2441	0.37376	-2495.93
2442	0.373769	-2463.51
2443	0.360594	-2351.13
2444	0.363846	-2390.94
2445	0.366948	-2437.24
2446	0.369442	-2465.95
2447	0.367125	-2452.34
2448	0.366133	-2384.96
2449	0.371132	-2438.1
2450	0.361461	-2354.65
2451	0.359015	-2273.96
2452	0.362994	-2378.76
2453	0.364227	-2413.32
2454	0.364314	-2414.59
2455	0.369162	-2435.71
2456	0.361559	-2344.66
2457	0.37667	-2547.29
2458	0.368496	-2456.28
2459	0.371013	-2512
2460	0.368529	-2439.03
2461	0.359488	-2340.49
2462	0.374328	-2547.32
2463	0.372552	-2535.75
2464	0.369579	-2466.37
2465	0.357861	-2286.97
2466	0.369948	-2499.41
2467	0.368658	-2465.09
2468	0.363988	-2394.09
2469	0.370322	-2435.72
2470	0.368721	-2475.06
2471	0.369326	-2506.47
2472	0.368424	-2441.71
2473	0.372203	-2493.76
2474	0.367772	-2399.69
2475	0.364118	-2443.11
2476	0.351875	-2248.51
2477	0.361327	-2363.3
2478	0.366696	-2467.29
2479	0.366518	-2412.41
2480	0.368597	-2405
2481	0.356339	-2261.02
2482	0.365904	-2414.25
2483	0.3687	-2425.67
2484	0.36661	-2381.42
2485	0.365516	-2423.23
2486	0.362795	-2355.95
2487	0.36872	-2446.86
2488	0.377974	-2567.29
2489	0.363064	-2354.89
2490	0.353227	-2261
2491	0.366458	-2405.99
2492	0.371109	-2469.36
2493	0.367504	-2479.59
2494	0.359832	-2341.98
2495	0.358371	-2298.67
2496	0.361896	-2333.14
2497	0.370424	-2495.62
2498	0.373106	-2498.74
2499	0.368094	-2420.86
2500	0.363341	-2368.53
2501	0.359051	-2335.85
2502	0.35986	-2349.09
2503	0.368129	-2462.22
2504	0.367498	-2410.38
2505	0.369866	-2486.29
2506	0.364022	-2418.92
2507	0.36234	-2392.08
2508	0.368958	-2492.55
2509	0.367622	-2448.17
2510	0.355175	-2274
2511	0.373642	-2503.28
2512	0.364491	-2384.52
2513	0.359783	-2330.74
2514	0.367579	-2432.01
2515	0.370926	-2487.37
2516	0.366809	-2402
2517	0.370427	-2511.31
2518	0.368661	-2475.48
2519	0.374471	-2536.21
2520	0.37508	-2528.6
2521	0.373506	-2496.94
2522	0.370234	-2447.56
2523	0.361215	-2346.91
2524	0.364601	-2395.97
2525	0.365796	-2411.21
2526	0.372491	-2499.68
2527	0.373389	-2497.27
2528	0.364294	-2421.03
2529	0.365824	-2409.54
2530	0.365844	-2395.43
2531	0.369399	-2428.07
2532	0.374696	-2514.28
2533	0.372653	-2441.93
2534	0.369293	-2503.97
2535	0.364616	-2392.79
2536	0.369395	-2426.19
2537	0.366001	-2470.88
2538	0.369399	-2462.64
2539	0.366203	-2397.31
2540	0.366041	-2381.07
2541	0.365467	-2382.61
2542	0.371222	-2486.03
2543	0.362218	-2356.63
2544	0.369218	-2422.12
2545	0.370771	-2478.23
2546	0.35633	-2279.12
2547	0.369828	-2427.32
2548	0.376041	-2546.2
2549	0.366816	-2432.19
2550	0.365764	-2409.11
2551	0.35845	-2294.68
2552	0.366806	-2425.78
2553	0.361827	-2383.25
2554	0.369909	-2427.27
2555	0.362598	-2369.24
2556	0.364222	-2376.79
2557	0.372581	-2496.7
2558	0.363986	-2378.17
2559	0.362248	-2347.76
2560	0.368515	-2469.94
2561	0.371117	-2478.62
2562	0.366869	-2457.39
2563	0.365777	-2345.14
2564	0.376022	-2556.78
2565	0.379357	-2614.38
2566	0.36856	-2433.42
2567	0.361322	-2357.12
2568	0.368875	-2480.24
2569	0.374222	-2501.75
2570	0.362767	-2354.52
2571	0.371266	-2472.94
2572	0.362285	-2414.98
2573	0.371074	-2479.77
2574	0.36132	-2375.14
2575	0.369658	-2448.68
2576	0.361671	-2343.32
2577	0.375234	-2529.92
2578	0.364112	-2346.72
2579	0.377544	-2566.6
2580	0.368648	-2445.42
2581	0.367822	-2450.89
2582	0.37511	-2468.6
2583	0.37126	-2506.22
2584	0.368202	-2434.36
2585	0.364477	-2418.02
2586	0.367978	-2425.56
2587	0.37374	-2503.2
2588	0.370663	-2453.17
2589	0.367382	-2437.82
2590	0.364812	-2441.67
2591	0.363793	-2380.32
2592	0.357565	-2285.12
2593	0.367785	-2365.98
2594	0.36361	-2326.43
2595	0.366477	-2402.82
2596	0.374135	-2524.68
2597	0.36258	-2358.42
2598	0.360695	-2343.85
2599	0.375548	-2508.06
2600	0.359052	-2339.45
2601	0.365944	-2395.94
2602	0.352361	-2258.97
2603	0.372776	-2534.24
2604	0.371751	-2477.43
2605	0.364183	-2359.49
2606	0.365603	-2426.52
2607	0.366291	-2388.01
2608	0.372217	-2546.7
2609	0.369117	-2461.74
2610	0.37213	-2448.33
2611	0.36544	-2360.26
2612	0.363696	-2360.07
2613	0.376528	-2536.81
2614	0.368654	-2431.69
2615	0.370828	-2458.28
2616	0.368468	-2440.84
2617	0.37143	-2484.8
2618	0.365939	-2416.5
2619	0.370622	-2441.97
2620	0.376414	-2538.23
2621	0.367839	-2411.11
2622	0.368986	-2424.2
2623	0.369137	-2476.09
2624	0.364597	-2419.58
2625	0.360433	-2335.15
2626	0.362259	-2361.24
2627	0.360762	-2339.02
2628	0.363257	-2348.12
2629	0.367115	-2442.93
2630	0.366349	-2414.39
2631	0.375013	-2561.98
2632	0.365798	-2385.26
2633	0.376323	-2512.35
2634	0.367221	-2450.95
2635	0.365101	-2368.66
2636	0.367549	-2483.14
2637	0.366463	-2433.48
2638	0.370268	-2457.96
2639	0.361404	-2390.24
2640	0.371011	-2522.42
2641	0.369775	-2463.49
2642	0.372233	-2524.38
2643	0.375983	-2562.87
2644	0.360837	-2296.45
2645	0.369555	-2432.79
2646	0.363258	-2377.9
2647	0.366075	-2446.55
2648	0.364722	-2417.48
2649	0.366757	-2426.24
2650	0.356807	-2295.3
2651	0.372287	-2493.63
2652	0.37015	-2464.88
2653	0.370318	-2464.18
2654	0.369502	-2408.24
2655	0.368968	-2446.52
2656	0.371756	-2507.61
2657	0.366569	-2392.07
2658	0.378952	-2586.65
2659	0.368045	-2427.39
2660	0.367075	-2423.1
2661	0.362316	-2342.71
2662	0.367933	-2412.56
2663	0.362863	-2395.95
2664	0.365794	-2411.32
2665	0.371215	-2481.13
2666	0.360811	-2352.97
2667	0.369188	-2473.17
2668	0.367242	-2432.49
2669	0.373349	-2523.88
2670	0.371695	-2439.81
2671	0.360165	-2325.38
2672	0.371852	-2496.42
2673	0.364793	-2419.08
2674	0.373007	-2474.56
2675	0.354924	-2256.65
2676	0.377025	-2516.37
2677	0.367706	-2461.25
2678	0.377046	-2543.94
2679	0.367998	-2430.55
2680	0.370272	-2434.04
2681	0.365715	-2437.36
2682	0.373431	-2491.9
2683	0.370457	-2452.08
2684	0.371741	-2512.15
2685	0.370791	-2431.94
2686	0.369852	-2458.23
2687	0.369739	-2429.42
2688	0.370819	-2484.93
2689	0.360006	-2335.93
2690	0.365002	-2356.06
2691	0.374851	-2572.54
2692	0.363689	-2404.87
2693	0.371713	-2451.78
2694	0.371457	-2507.75
2695	0.368817	-2448.31
2696	0.370535	-2463.99
2697	0.359093	-2356.17
2698	0.364883	-2386.72
2699	0.366073	-2385.26
2700	0.365387	-2368.92
2701	0.356688	-2285.31
2702	0.353756	-2263.03
2703	0.364622	-2398.01
2704	0.376496	-2610.91
2705	0.36863	-2413.14
2706	0.369	-2451.19
2707	0.374708	-2530.55
2708	0.367255	-2421.89
2709	0.367216	-2348.33
2710	0.363433	-2351.38
2711	0.365079	-2403.9
2712	0.368776	-2453.64
2713	0.362132	-2336.43
2714	0.371065	-2499.38
2715	0.373676	-2529.88
2716	0.367976	-2431.92
2717	0.374542	-2554.34
2718	0.36303	-2331.7
2719	0.367049	-2466.12
2720	0.368564	-2474.83
2721	0.363792	-2385.87
2722	0.365347	-2353.21
2723	0.36585	-2394.86
2724	0.365763	-2410.81
2725	0.364611	-2419.77
2726	0.37335	-2510.48
2727	0.367351	-2441.77
2728	0.372722	-2507.64
2729	0.366678	-2407.71
2730	0.367433	-2452.55
2731	0.366779	-2432.27
2732	0.372058	-2516.69
2733	0.378455	-2560.12
2734	0.361433	-2341.2
2735	0.374567	-2552.18
2736	0.373911	-2552.29
2737	0.363383	-2348.99
2738	0.373819	-2501.14
2739	0.374783	-2527.71
2740	0.374192	-2496.81
2741	0.377829	-2580.72
2742	0.367073	-2402.49
2743	0.364933	-2395.11
2744	0.374418	-2496.9
2745	0.35618	-2280.08
2746	0.367861	-2446.47
2747	0.36668	-2405.59
2748	0.365318	-2366.11
2749	0.363325	-2364.28
2750	0.356055	-2311.4
2751	0.359038	-2286.94
2752	0.367342	-2437.08
2753	0.363538	-2389.9
2754	0.376555	-2528.12
2755	0.361104	-2345.77
2756	0.36119	-2341.4
2757	0.363235	-2360.77
2758	0.365532	-2422.76
2759	0.370449	-2490.61
2760	0.369122	-2447.93
2761	0.371138	-2448.15
2762	0.369029	-2483.31
2763	0.361335	-2364.91
2764	0.365723	-2414.64
2765	0.364501	-2381.24
2766	0.372028	-2519.37
2767	0.370048	-2480.32
2768	0.360397	-2385.1
2769	0.359909	-2340.43
2770	0.37211	-2483.9
2771	0.366531	-2421.86
2772	0.372865	-2458.14
2773	0.370258	-2470.66
2774	0.368766	-2464.33
2775	0.361822	-2393.01
2776	0.362473	-2358.12
2777	0.369835	-2474.46
2778	0.361497	-2317.41
2779	0.364797	-2393.76
2780	0.372706	-2501.46
2781	0.364385	-2327.99
2782	0.363329	-2348.11
2783	0.365488	-2407.73
2784	0.360624	-2386.79
2785	0.371176	-2464.84
2786	0.364509	-2384.48
2787	0.367682	-2407.76
2788	0.369571	-2469.87
2789	0.366079	-2468.15
2790	0.361582	-2367.22
2791	0.368104	-2433.21
2792	0.367117	-2376.46
2793	0.369576	-2470.66
2794	0.378122	-2604.22
2795	0.366058	-2412.71
2796	0.368151	-2406.8
2797	0.37478	-2569.21
2798	0.368577	-2492.58
2799	0.36786	-2421.16
2800	0.369273	-2473.81
2801	0.361733	-2343.54
2802	0.36957	-2489.4
2803	0.374816	-2535.25
2804	0.365347	-2416.79
2805	0.363761	-2364.25
2806	0.364746	-2423.35
2807	0.374594	-2536.8
2808	0.368846	-2433.71
2809	0.369137	-2434.87
2810	0.378017	-2523.78
2811	0.366551	-2382.59
2812	0.377642	-2571.15
2813	0.367179	-2411.63
2814	0.370145	-2431.91
2815	0.36956	-2446.5
2816	0.367443	-2433.43
2817	0.368108	-2439.58
2818	0.376304	-2497.61
2819	0.365723	-2358.01
2820	0.370524	-2481.74
2821	0.37205	-2462.74
2822	0.360091	-2350.97
2823	0.368583	-2421.22
2824	0.364713	-2403.98
2825	0.369259	-2463.86
2826	0.368705	-2440.25
2827	0.357727	-2321.76
2828	0.363857	-2353.29
2829	0.363793	-2388.89
2830	0.36748	-2406.82
2831	0.371215	-2487.5
2832	0.368539	-2462.21
2833	0.374723	-2489.94
2834	0.377422	-2574.95
2835	0.367317	-2423.36
2836	0.369082	-2456.29
2837	0.362563	-2362.21
2838	0.369977	-2459.64
2839	0.363995	-2397.19
2840	0.365322	-2409.23
2841	0.364419	-2375.66
2842	0.375285	-2547.43
2843	0.365652	-2410.58
2844	0.373928	-2540.18
2845	0.367766	-2470.65
2846	0.360592	-2302.41
2847	0.368976	-2458.48
2848	0.366043	-2433.18
2849	0.361233	-2366.27
2850	0.371498	-2455.2
2851	0.371939	-2504.92
2852	0.37378	-2510.63
2853	0.373886	-2473.05
2854	0.368047	-2445.44
2855	0.369434	-2409.06
2856	0.360839	-2314.32
2857	0.372928	-2555.38
2858	0.369831	-2514.72
2859	0.367575	-2422.27
2860	0.362145	-2321.67
2861	0.372408	-2511.32
2862	0.371707	-2491.09
2863	0.361127	-2338.92
2864	0.365195	-2365.41
2865	0.364022	-2377.48
2866	0.366291	-2412.54
2867	0.361704	-2362.89
2868	0.366973	-2379.65
2869	0.356081	-2287.39
2870	0.369887	-2473.93
2871	0.377478	-2525.46
2872	0.367877	-2494.13
2873	0.365433	-2385.24
2874	0.37423	-2534.12
2875	0.371479	-2493.38
2876	0.366697	-2407.82
2877	0.360018	-2338.78
2878	0.364148	-2383.85
2879	0.372448	-2513.92
2880	0.367877	-2424.59
2881	0.370864	-2454.95
2882	0.370342	-2467.55
2883	0.367277	-2436.1
2884	0.364997	-2413.04
2885	0.373511	-2454.69
2886	0.362198	-2343.29
2887	0.360096	-2349.56
2888	0.364939	-2385.53
2889	0.36552	-2384.02
2890	0.369978	-2430.53
2891	0.367902	-2419.18
2892	0.368491	-2398.63
2893	0.368034	-2441.98
2894	0.361986	-2396.77
2895	0.374223	-2503.32
2896	0.367376	-2396.6
2897	0.362589	-2357.59
2898	0.37209	-2525.29
2899	0.36622	-2351.31
2900	0.367692	-2456.36
2901	0.366785	-2415.93
2902	0.367687	-2453.1
2903	0.365725	-2423.2
2904	0.368094	-2491.97
2905	0.364272	-2340.75
2906	0.370556	-2453.96
2907	0.365049	-2358.88
2908	0.364829	-2395.24
2909	0.370153	-2471.45
2910	0.354305	-2249.99
2911	0.359148	-2274.21
2912	0.364141	-2417.06
2913	0.369225	-2440.06
2914	0.366367	-2400.06
2915	0.36405	-2423.49
2916	0.370399	-2448.22
2917	0.362236	-2405.06
2918	0.374375	-2512.26
2919	0.37269	-2528.24
2920	0.364912	-2388.3
2921	0.35923	-2322.84
2922	0.370346	-2500.89
2923	0.36161	-2352.54
2924	0.36015	-2337.67
2925	0.367783	-2447.98
2926	0.367161	-2397.95
2927	0.365477	-2404.01
2928	0.366259	-2431.46
2929	0.36471	-2369.27
2930	0.362657	-2362.18
2931	0.363948	-2413.63
2932	0.372186	-2486.39
2933	0.366214	-2392.51
2934	0.365472	-2376.14
2935	0.366829	-2407.03
2936	0.373837	-2520.68
2937	0.371762	-2485.92
2938	0.36551	-2411.93
2939	0.365698	-2402.54
2940	0.362745	-2384.57
2941	0.365275	-2408.99
2942	0.368676	-2443.82
2943	0.366874	-2373.96
2944	0.370194	-2483.62
2945	0.369333	-2469.1
2946	0.364467	-2352.61
2947	0.367017	-2367.37
2948	0.367678	-2429.26
2949	0.369789	-2453.28
2950	0.361589	-2314.18
2951	0.359077	-2320.91
2952	0.37523	-2537.52
2953	0.370974	-2498.87
2954	0.371869	-2474.83
2955	0.378348	-2561.77
2956	0.369767	-2448.31
2957	0.364227	-2373.42
2958	0.358246	-2314.18
2959	0.373259	-2460
2960	0.354166	-2221.08
2961	0.367971	-2469.06
2962	0.367235	-2419.54
2963	0.361893	-2350.53
2964	0.364788	-2408.87
2965	0.366835	-2431.53
2966	0.361918	-2328.06
2967	0.363991	-2432
2968	0.363608	-2361.55
2969	0.367843	-2421.37
2970	0.363814	-2340.81
2971	0.3643	-2415.11
2972	0.365611	-2422.16
2973	0.367678	-2444.71
2974	0.369915	-2462.46
2975	0.371043	-2457.34
2976	0.365026	-2364.09
2977	0.371754	-2452.73
2978	0.365617	-2374.77
2979	0.369802	-2460.54
2980	0.3573	-2298.08
2981	0.362518	-2384.12
2982	0.367049	-2417.92
2983	0.368138	-2392.19
2984	0.361567	-2340.61
2985	0.359836	-2297.8
2986	0.362619	-2378.53
2987	0.367762	-2379.84
2988	0.36055	-2299.18
2989	0.361438	-2376.3
2990	0.3687	-2427.46
2991	0.372132	-2484.96
2992	0.366572	-2426.42
2993	0.360572	-2349.38
2994	0.372765	-2479.9
2995	0.366245	-2388.46
2996	0.370958	-2472.64
2997	0.359017	-2344.63
2998	0.365987	-2397.22
2999	0.374571	-2504.04
