0	0.35756	-2271.42
1	0.3566	-2261.52
2	0.363558	-2431.22
3	0.365067	-2344.31
4	0.375933	-2575.7
5	0.362934	-2388.95
6	0.367166	-2462.19
7	0.370534	-2444.63
8	0.367053	-2443.83
9	0.370554	-2463.7
10	0.360493	-2320.97
11	0.370883	-2479.96
12	0.36689	-2422.91
13	0.36849	-2421.46
14	0.363233	-2347.59
15	0.365193	-2395.36
16	0.367162	-2420.05
17	0.365091	-2431.03
18	0.375437	-2521.26
19	0.365413	-2380.45
20	0.373036	-2481.8
21	0.375403	-2529.48
22	0.362169	-2407.22
23	0.367489	-2392.84
24	0.365503	-2386.48
25	0.360779	-2327.21
26	0.36334	-2370.21
27	0.364031	-2397.87
28	0.365246	-2404.87
29	0.367502	-2457.07
30	0.364653	-2398.82
31	0.370203	-2435.17
32	0.365116	-2430.94
33	0.364127	-2390.98
34	0.359712	-2350.92
35	0.360143	-2302.24
36	0.363663	-2396.8
37	0.359627	-2337.33
38	0.35824	-2302.96
39	0.374723	-2519.75
40	0.375129	-2519.77
41	0.368282	-2437.75
42	0.371643	-2473.89
43	0.367862	-2410.13
44	0.358736	-2299.63
45	0.363459	-2362.3
46	0.362264	-2362.75
47	0.365048	-2350.54
48	0.367026	-2429.31
49	0.374204	-2516.12
50	0.367749	-2423.85
51	0.3644	-2340.34
52	0.367695	-2445.04
53	0.36112	-2366.49
54	0.371645	-2521.68
55	0.373144	-2502.2
56	0.372058	-2463.02
57	0.363559	-2363.12
58	0.357285	-2277.7
59	0.365821	-2417.28
60	0.371125	-2446.58
61	0.362761	-2363.31
62	0.367119	-2428.27
63	0.368815	-2467.49
64	0.365322	-2440.85
65	0.374863	-2578.76
66	0.368157	-2446.3
67	0.36382	-2371.29
68	0.370466	-2484.92
69	0.368748	-2480.58
70	0.360538	-2355.57
71	0.364413	-2394.41
72	0.363651	-2383.34
73	0.36815	-2417.94
74	0.368128	-2420.92
75	0.370742	-2444.63
76	0.364658	-2398.74
77	0.366239	-2386.64
78	0.367308	-2438.32
79	0.367702	-2422.01
80	0.368083	-2464.47
81	0.363957	-2380.2
82	0.367737	-2418.75
83	0.37036	-2468.36
84	0.37402	-2530.04
85	0.371438	-2494.96
86	0.362697	-2327.25
87	0.372562	-2460.97
88	0.372609	-2501.46
89	0.36464	-2335.4
90	0.363277	-2410.09
91	0.371572	-2469.48
92	0.368454	-2399.91
93	0.369699	-2448.22
94	0.363701	-2371.36
95	0.366055	-2399.16
96	0.359944	-2302.54
97	0.356942	-2282.06
98	0.365597	-2374.26
99	0.369175	-2451.39
100	0.37075	-2485.74
101	0.359581	-2327.15
102	0.372506	-2506.41
103	0.36617	-2370.56
104	0.359724	-2341.2
105	0.373177	-2476.84
106	0.375649	-2581.66
107	0.364905	-2390.89
108	0.362282	-2330.51
109	0.368662	-2426.31
110	0.369417	-2448.83
111	0.366249	-2446.33
112	0.362541	-2362.71
113	0.365465	-2416.6
114	0.364677	-2317.87
115	0.366397	-2476.02
116	0.361034	-2364.63
117	0.360721	-2320
118	0.368632	-2439.07
119	0.356523	-2295.32
120	0.361234	-2359.1
121	0.370165	-2459.8
122	0.360009	-2331.49
123	0.365554	-2417.08
124	0.36346	-2365.53
125	0.368847	-2444.99
126	0.371672	-2496.87
127	0.359689	-2319.47
128	0.370743	-2457.1
129	0.367445	-2438.64
130	0.370723	-2496.13
131	0.372549	-2514.27
132	0.359576	-2341.56
133	0.368623	-2420.32
134	0.35854	-2277.13
135	0.370584	-2470.03
136	0.368232	-2432.93
137	0.368641	-2455.23
138	0.364861	-2416.46
139	0.362968	-2409.14
140	0.356351	-2284.63
141	0.366888	-2427.44
142	0.368317	-2437.57
143	0.369504	-2451.06
144	0.367106	-2467.42
145	0.365559	-2393.55
146	0.369147	-2445.66
147	0.364161	-2402.5
148	0.364219	-2365.57
149	0.375831	-2529.39
150	0.363288	-2372.71
151	0.365505	-2403.72
152	0.358326	-2278.53
153	0.370306	-2427.55
154	0.352247	-2198.52
155	0.367346	-2405.72
156	0.376648	-2567.53
157	0.37122	-2494.4
158	0.368043	-2451.13
159	0.371527	-2468.31
160	0.363729	-2399.49
161	0.366806	-2371.12
162	0.359486	-2345.7
163	0.35748	-2344.12
164	0.36687	-2402.87
165	0.363741	-2381.34
166	0.369438	-2459.51
167	0.36008	-2309.04
168	0.370412	-2485.92
169	0.369125	-2452.76
170	0.36646	-2473.32
171	0.36661	-2423.59
172	0.363092	-2399.45
173	0.372223	-2524.44
174	0.363116	-2369.84
175	0.360452	-2311.01
176	0.364134	-2416.89
177	0.367919	-2437
178	0.369728	-2476.84
179	0.367904	-2431.62
180	0.368906	-2462.85
181	0.380093	-2598.05
182	0.364832	-2394.53
183	0.373195	-2530.33
184	0.363778	-2364.48
185	0.372588	-2458.33
186	0.36401	-2343.4
187	0.371196	-2477.13
188	0.356388	-2300.04
189	0.364953	-2363.55
190	0.371381	-2501.31
191	0.37145	-2475.4
192	0.359282	-2311.15
193	0.366264	-2370.31
194	0.36529	-2408.72
195	0.361536	-2349.46
196	0.367418	-2437.54
197	0.358168	-2320.69
198	0.370132	-2486.51
199	0.363791	-2357.07
200	0.37012	-2485.77
201	0.369893	-2430.7
202	0.366736	-2399.35
203	0.375694	-2528.85
204	0.366283	-2428.6
205	0.359758	-2345.07
206	0.373625	-2538.44
207	0.371375	-2500.89
208	0.367579	-2432.28
209	0.366353	-2409.32
210	0.369565	-2424.79
211	0.370219	-2437.88
212	0.377472	-2524.47
213	0.365465	-2428.5
214	0.370645	-2484.7
215	0.371052	-2483.49
216	0.365225	-2421.63
217	0.36786	-2463.43
218	0.368339	-2447.2
219	0.374531	-2521.38
220	0.3667	-2410.07
221	0.369316	-2436.48
222	0.364881	-2408.5
223	0.369175	-2480.55
224	0.367183	-2428.8
225	0.368775	-2401.3
226	0.367746	-2432.49
227	0.365065	-2396.54
228	0.364732	-2406.61
229	0.361067	-2317.2
230	0.369404	-2474
231	0.357468	-2323.12
232	0.372085	-2483.47
233	0.377274	-2568.1
234	0.375901	-2488.45
235	0.362517	-2350.28
236	0.35754	-2293.26
237	0.373509	-2510.08
238	0.372495	-2486.32
239	0.364833	-2396.26
240	0.363218	-2416.97
241	0.375174	-2526.06
242	0.362157	-2381.81
243	0.368197	-2416.64
244	0.372663	-2500.95
245	0.361895	-2334.77
246	0.359864	-2298.12
247	0.371741	-2466.04
248	0.367394	-2411.88
249	0.357784	-2309.21
250	0.370192	-2444.08
251	0.353966	-2230.5
252	0.363877	-2367.71
253	0.362261	-2367.73
254	0.357157	-2275.12
255	0.362013	-2375.55
256	0.370991	-2469.53
257	0.365739	-2406.61
258	0.356927	-2308.2
259	0.367927	-2427.02
260	0.36818	-2440.06
261	0.365746	-2412.95
262	0.368669	-2412.08
263	0.371083	-2493.25
264	0.36566	-2397.1
265	0.36313	-2327.83
266	0.365069	-2375.93
267	0.364257	-2380.42
268	0.367175	-2434.66
269	0.36598	-2400.56
270	0.36832	-2463.73
271	0.368281	-2398.73
272	0.365691	-2397.47
273	0.367453	-2399.22
274	0.364705	-2403.81
275	0.368135	-2432.82
276	0.375262	-2534.76
277	0.363058	-2391.73
278	0.366209	-2353.78
279	0.368337	-2415.64
280	0.362317	-2370.44
281	0.374407	-2504.36
282	0.373869	-2518.27
283	0.369757	-2386.97
284	0.362776	-2368.54
285	0.368988	-2502.65
286	0.36257	-2392.29
287	0.370821	-2454.32
288	0.361166	-2401.79
289	0.366979	-2409.97
290	0.367188	-2417.25
291	0.353674	-2260.81
292	0.364619	-2378.28
293	0.367402	-2445.46
294	0.367723	-2448.71
295	0.371689	-2484.54
296	0.367325	-2452.71
297	0.367897	-2437.5
298	0.368516	-2443.66
299	0.362034	-2340.89
300	0.365992	-2428.75
301	0.367468	-2422.75
302	0.369742	-2449.43
303	0.370789	-2485.74
304	0.37162	-2506.9
305	0.372787	-2520.2
306	0.363298	-2366.34
307	0.367626	-2423.22
308	0.370312	-2494.68
309	0.37435	-2486.77
310	0.365577	-2418.5
311	0.369276	-2474.78
312	0.360616	-2308.13
313	0.361296	-2353.76
314	0.369802	-2443.44
315	0.35998	-2325.33
316	0.364939	-2404.79
317	0.363105	-2396.33
318	0.357093	-2249.46
319	0.366779	-2417.68
320	0.36691	-2424.01
321	0.364003	-2388.2
322	0.362925	-2313.36
323	0.364445	-2345.84
324	0.369875	-2468.63
325	0.361228	-2344.84
326	0.358905	-2305.57
327	0.360791	-2337.28
328	0.36911	-2417.6
329	0.368184	-2387.11
330	0.378047	-2554.33
331	0.363909	-2392.95
332	0.361904	-2385.46
333	0.373106	-2572.79
334	0.371608	-2511.89
335	0.374063	-2567.76
336	0.37023	-2480.32
337	0.368969	-2435.11
338	0.364732	-2379.71
339	0.361468	-2351.2
340	0.372171	-2477.32
341	0.364713	-2371.98
342	0.372266	-2491.97
343	0.369618	-2478.76
344	0.363766	-2359.58
345	0.370492	-2492.92
346	0.367803	-2438.12
347	0.367492	-2393.93
348	0.366426	-2433.14
349	0.370007	-2484.34
350	0.376628	-2550.78
351	0.367646	-2423.83
352	0.364657	-2351.16
353	0.356629	-2302.45
354	0.357824	-2308.69
355	0.369028	-2447.01
356	0.369872	-2447.38
357	0.363295	-2406.56
358	0.36798	-2421.95
359	0.36763	-2401.33
360	0.36754	-2462.03
361	0.360826	-2360.62
362	0.36755	-2414.57
363	0.374456	-2483.4
364	0.370502	-2509.88
365	0.363261	-2355.37
366	0.363724	-2354.24
367	0.365718	-2430.25
368	0.363525	-2392.49
369	0.363894	-2389.39
370	0.371016	-2453.98
371	0.369976	-2478.96
372	0.366162	-2450.56
373	0.373713	-2506.43
374	0.365251	-2406.52
375	0.359929	-2361.74
376	0.366242	-2446.64
377	0.361978	-2365.8
378	0.364005	-2384.42
379	0.369917	-2484.68
380	0.372316	-2509.9
381	0.374149	-2480.34
382	0.365657	-2381.14
383	0.363182	-2354.26
384	0.361919	-2378.03
385	0.367652	-2432.33
386	0.369768	-2479.16
387	0.366061	-2431.76
388	0.366598	-2421.28
389	0.361518	-2344.95
390	0.372342	-2501.26
391	0.370241	-2477.79
392	0.364279	-2355.66
393	0.37238	-2453.47
394	0.367273	-2383.49
395	0.372407	-2516.01
396	0.362299	-2315.56
397	0.364688	-2411.95
398	0.355724	-2226.43
399	0.369533	-2513.44
400	0.364944	-2400.44
401	0.362976	-2359.8
402	0.357812	-2293.9
403	0.364503	-2335.5
404	0.36766	-2432.28
405	0.366768	-2444.47
406	0.364815	-2393.24
407	0.365201	-2374.74
408	0.368029	-2386.26
409	0.354523	-2247.21
410	0.363273	-2430.56
411	0.360401	-2299.98
412	0.366711	-2405.19
413	0.36034	-2323.77
414	0.360205	-2337.6
415	0.364679	-2392.62
416	0.361436	-2325.34
417	0.366618	-2368.64
418	0.368106	-2431.03
419	0.362746	-2350.45
420	0.369427	-2458.65
421	0.366759	-2391.79
422	0.36462	-2420.61
423	0.366594	-2420.86
424	0.365934	-2385.45
425	0.366691	-2445.96
426	0.362849	-2368.87
427	0.359853	-2367.86
428	0.366494	-2422.61
429	0.364467	-2405.57
430	0.376165	-2572.18
431	0.375015	-2516.66
432	0.36665	-2426.71
433	0.370611	-2490.46
434	0.368579	-2464.86
435	0.365725	-2435.97
436	0.36554	-2361.18
437	0.358467	-2313.37
438	0.370603	-2504.91
439	0.365901	-2387.22
440	0.3679	-2450.46
441	0.367297	-2428.58
442	0.356106	-2282.36
443	0.366257	-2395.6
444	0.360103	-2342.41
445	0.36806	-2468.89
446	0.373455	-2471.65
447	0.373991	-2561.08
448	0.367386	-2455.85
449	0.364918	-2388.73
450	0.364121	-2374.58
451	0.371638	-2483.63
452	0.366629	-2422.11
453	0.369407	-2453.47
454	0.380989	-2624.92
455	0.361716	-2358.55
456	0.366256	-2481.15
457	0.362348	-2379.63
458	0.366667	-2412.73
459	0.369853	-2408.79
460	0.362725	-2404.24
461	0.372654	-2487.79
462	0.364113	-2356.08
463	0.367271	-2385.46
464	0.373358	-2521.75
465	0.367567	-2416.96
466	0.366802	-2455.23
467	0.371857	-2429.71
468	0.366275	-2430.59
469	0.37744	-2571.18
470	0.362256	-2376.01
471	0.371737	-2458.18
472	0.369136	-2452.07
473	0.365713	-2405.04
474	0.368975	-2409.34
475	0.369048	-2443.7
476	0.371456	-2472.6
477	0.366423	-2478.89
478	0.370497	-2446.48
479	0.360248	-2315.22
480	0.372763	-2491.35
481	0.364909	-2384.18
482	0.37328	-2462.78
483	0.362325	-2339.75
484	0.362876	-2377.56
485	0.373164	-2493.63
486	0.362323	-2354.04
487	0.369416	-2458.37
488	0.370535	-2445.34
489	0.371189	-2522.85
490	0.371892	-2467.19
491	0.367529	-2399.21
492	0.363003	-2366.41
493	0.363788	-2355.36
494	0.374485	-2531.66
495	0.371432	-2497.53
496	0.362711	-2360.41
497	0.367833	-2463.75
498	0.36644	-2411.06
499	0.364785	-2351.34
500	0.360798	-2310.77
501	0.37751	-2539.65
502	0.365392	-2370.89
503	0.369709	-2453.34
504	0.366509	-2385.06
505	0.370647	-2472.8
506	0.361298	-2365.99
507	0.364073	-2446.49
508	0.366288	-2407.74
509	0.368153	-2418.33
510	0.369221	-2455.19
511	0.368254	-2484.89
512	0.366773	-2461.32
513	0.373148	-2524.87
514	0.368078	-2442.2
515	0.35666	-2248.03
516	0.364155	-2430.63
517	0.371133	-2450
518	0.357646	-2288.17
519	0.354429	-2257.89
520	0.366082	-2432.02
521	0.362821	-2321.76
522	0.364902	-2414.7
523	0.365022	-2387.78
524	0.368132	-2456.95
525	0.360909	-2356.54
526	0.363668	-2348.07
527	0.362906	-2371.55
528	0.361482	-2308.49
529	0.366557	-2469.15
530	0.366374	-2366.08
531	0.359415	-2345.63
532	0.36669	-2409.71
533	0.370733	-2482.34
534	0.369852	-2421.06
535	0.364956	-2443.93
536	0.36329	-2427.35
537	0.366967	-2425.65
538	0.358131	-2275.77
539	0.367008	-2454.4
540	0.35514	-2275.32
541	0.361511	-2323.55
542	0.365529	-2395.43
543	0.366906	-2441.13
544	0.36446	-2345.11
545	0.355318	-2261.85
546	0.37534	-2520.97
547	0.372459	-2480.08
548	0.362589	-2377.59
549	0.366294	-2410.83
550	0.369114	-2426.71
551	0.358141	-2313.65
552	0.367539	-2480.06
553	0.359372	-2274.14
554	0.364726	-2396.1
555	0.370859	-2482.28
556	0.368748	-2411.41
557	0.371584	-2452.49
558	0.367824	-2416.7
559	0.369325	-2490.48
560	0.359119	-2356.74
561	0.368306	-2425.51
562	0.367383	-2417.91
563	0.363981	-2369.45
564	0.368645	-2429.88
565	0.368432	-2414.12
566	0.355715	-2311.87
567	0.368996	-2464.7
568	0.365502	-2399.15
569	0.364046	-2356.11
570	0.361193	-2387.01
571	0.366197	-2412.72
572	0.373738	-2509.8
573	0.358754	-2283.88
574	0.366193	-2470.09
575	0.362437	-2320.27
576	0.369898	-2491.89
577	0.366977	-2402.2
578	0.362599	-2385.07
579	0.365947	-2357.33
580	0.372023	-2516.28
581	0.367578	-2383.85
582	0.359006	-2301.46
583	0.361878	-2349.78
584	0.364798	-2403.09
585	0.370115	-2444.44
586	0.367846	-2444.93
587	0.370813	-2498.22
588	0.358984	-2327.1
589	0.375812	-2537.74
590	0.363619	-2369.37
591	0.368738	-2439.95
592	0.36232	-2379.08
593	0.366224	-2359.13
594	0.360577	-2378.7
595	0.36855	-2415.66
596	0.365698	-2397.5
597	0.36302	-2386
598	0.368606	-2451.84
599	0.371179	-2485.15
600	0.367023	-2418.95
601	0.365524	-2391.18
602	0.37274	-2463.1
603	0.37041	-2467.44
604	0.36272	-2359.14
605	0.372013	-2491.31
606	0.369295	-2451.36
607	0.364802	-2392
608	0.371536	-2454.67
609	0.364224	-2409.01
610	0.366089	-2402.36
611	0.367004	-2421.83
612	0.356947	-2296.35
613	0.361688	-2330.71
614	0.369501	-2456.02
615	0.361149	-2354.26
616	0.364327	-2409.85
617	0.364978	-2378.22
618	0.371451	-2449.77
619	0.357349	-2299.9
620	0.366017	-2438.91
621	0.363054	-2378.6
622	0.369181	-2433.84
623	0.364619	-2386.54
624	0.365661	-2415.87
625	0.361119	-2367.89
626	0.371381	-2459.06
627	0.367457	-2435.24
628	0.373412	-2467.57
629	0.36933	-2490.32
630	0.370282	-2447.84
631	0.36238	-2369.96
632	0.36498	-2429.89
633	0.3698	-2451.78
634	0.3674	-2409.69
635	0.364025	-2360.94
636	0.355265	-2247.45
637	0.362231	-2347.84
638	0.363784	-2337.01
639	0.36815	-2418.53
640	0.369939	-2488.43
641	0.362913	-2303.83
642	0.360702	-2348.66
643	0.359876	-2315.5
644	0.36576	-2403.32
645	0.36108	-2359.12
646	0.371346	-2506.54
647	0.36275	-2348.18
648	0.367945	-2419.21
649	0.358389	-2314.54
650	0.367032	-2445.58
651	0.368906	-2492.51
652	0.354671	-2233.81
653	0.359209	-2330.06
654	0.364331	-2356.06
655	0.370763	-2499.79
656	0.364875	-2373.24
657	0.367229	-2389.07
658	0.356586	-2289.94
659	0.367083	-2439.08
660	0.372554	-2476.57
661	0.371506	-2487.1
662	0.366853	-2441.02
663	0.370566	-2414.02
664	0.362988	-2368.17
665	0.370327	-2457.36
666	0.368746	-2418.18
667	0.363083	-2367.31
668	0.367587	-2459.93
669	0.374167	-2504.02
670	0.362657	-2360.92
671	0.365822	-2420.3
672	0.365987	-2415.81
673	0.361817	-2296.41
674	0.365877	-2383.19
675	0.379586	-2603.11
676	0.367244	-2413.52
677	0.361723	-2339.76
678	0.368293	-2410.95
679	0.372221	-2482.87
680	0.365432	-2430.43
681	0.372466	-2506.92
682	0.366858	-2384.26
683	0.369747	-2473.15
684	0.365541	-2397.6
685	0.371742	-2493.14
686	0.359394	-2333.28
687	0.367966	-2428.92
688	0.36348	-2366.95
689	0.364732	-2355.1
690	0.366392	-2444.41
691	0.369424	-2446.13
692	0.370431	-2477.02
693	0.374691	-2548.3
694	0.372103	-2488.81
695	0.370645	-2502.51
696	0.358702	-2298.76
697	0.364412	-2392.34
698	0.367432	-2427.4
699	0.366346	-2415.81
700	0.355778	-2249.73
701	0.370008	-2425.53
702	0.365348	-2371.5
703	0.366866	-2383.74
704	0.372261	-2500.43
705	0.367394	-2465.1
706	0.364717	-2419.01
707	0.365339	-2395.39
708	0.370224	-2454.83
709	0.365349	-2380.98
710	0.361371	-2304.58
711	0.359808	-2345.81
712	0.365737	-2445.43
713	0.364551	-2326.71
714	0.363264	-2371.66
715	0.371935	-2461.56
716	0.360951	-2347.58
717	0.368764	-2422.49
718	0.370867	-2481.54
719	0.359212	-2297.74
720	0.36847	-2446.54
721	0.368334	-2462.75
722	0.359904	-2344.63
723	0.359849	-2339.34
724	0.365684	-2392.52
725	0.358264	-2299.32
726	0.36869	-2497.33
727	0.35935	-2340.81
728	0.371791	-2465.7
729	0.364364	-2377.09
730	0.368372	-2429.03
731	0.370193	-2495.37
732	0.359043	-2322.56
733	0.363441	-2354.63
734	0.368824	-2470.41
735	0.372291	-2486.79
736	0.367923	-2423.94
737	0.357715	-2313.32
738	0.360738	-2351.36
739	0.366961	-2375.43
740	0.360924	-2382.65
741	0.360159	-2313.47
742	0.376189	-2541.62
743	0.360426	-2285.52
744	0.371217	-2469.04
745	0.364245	-2393.02
746	0.368158	-2435.91
747	0.367309	-2431.36
748	0.368989	-2445.43
749	0.373299	-2525.2
750	0.368056	-2392.1
751	0.361263	-2334.79
752	0.364917	-2367.26
753	0.366208	-2424.51
754	0.371759	-2484.29
755	0.366738	-2365.82
756	0.367421	-2443.63
757	0.365135	-2418.84
758	0.375448	-2503.49
759	0.360541	-2348.91
760	0.373834	-2507.58
761	0.369935	-2459.01
762	0.362736	-2390.08
763	0.3648	-2387.99
764	0.366284	-2376.5
765	0.367837	-2424.05
766	0.362894	-2338.87
767	0.372258	-2507.26
768	0.364608	-2422.69
769	0.369818	-2482.91
770	0.372961	-2514.8
771	0.363819	-2369.16
772	0.367418	-2410.65
773	0.365212	-2383.56
774	0.368602	-2413.14
775	0.376172	-2592.69
776	0.369845	-2444.24
777	0.361051	-2321.55
778	0.360421	-2310.22
779	0.371337	-2501.24
780	0.362225	-2321.63
781	0.357496	-2259.93
782	0.358644	-2324.1
783	0.360911	-2390.83
784	0.367315	-2396.29
785	0.371512	-2487.97
786	0.370765	-2421.64
787	0.354613	-2244.51
788	0.365543	-2409.62
789	0.365723	-2405.32
790	0.370711	-2449.52
791	0.364538	-2383.69
792	0.361367	-2345.84
793	0.363423	-2438.5
794	0.371689	-2464.53
795	0.369167	-2475
796	0.373192	-2480.42
797	0.3684	-2499.9
798	0.367396	-2431.24
799	0.365798	-2389.16
800	0.361636	-2319.36
801	0.366233	-2418.14
802	0.361374	-2345.6
803	0.35641	-2273.32
804	0.367539	-2441.54
805	0.362873	-2381.5
806	0.367621	-2404.42
807	0.371408	-2453.85
808	0.378897	-2596.36
809	0.370348	-2515
810	0.361645	-2386.17
811	0.366261	-2459.04
812	0.356211	-2340.34
813	0.373342	-2523.65
814	0.368725	-2447.36
815	0.366281	-2431.74
816	0.371687	-2499.11
817	0.375936	-2509.58
818	0.364257	-2359.36
819	0.363579	-2379.09
820	0.365726	-2386.53
821	0.356697	-2292.46
822	0.358202	-2280.11
823	0.354185	-2228.83
824	0.370918	-2459.34
825	0.365683	-2398.25
826	0.366212	-2414.2
827	0.371813	-2495.5
828	0.359377	-2319.72
829	0.367396	-2420.52
830	0.363429	-2372.01
831	0.372477	-2504.67
832	0.368764	-2501.47
833	0.367612	-2389.63
834	0.368112	-2395.01
835	0.369179	-2449.99
836	0.371595	-2465.25
837	0.364258	-2392.02
838	0.362655	-2333.15
839	0.362421	-2356.85
840	0.369882	-2459.96
841	0.368346	-2429.77
842	0.366454	-2367.19
843	0.360376	-2326.02
844	0.367014	-2440.33
845	0.362711	-2373.39
846	0.365039	-2386.54
847	0.355721	-2273.79
848	0.366198	-2430.11
849	0.37207	-2491.52
850	0.357141	-2300.56
851	0.369811	-2472.12
852	0.3694	-2476.22
853	0.35999	-2305.14
854	0.371246	-2484.59
855	0.362747	-2358.51
856	0.366443	-2410.31
857	0.36866	-2422.3
858	0.362188	-2372.47
859	0.360276	-2327.45
860	0.370439	-2470.01
861	0.366239	-2413.87
862	0.371372	-2475.3
863	0.36782	-2433.28
864	0.366682	-2393.86
865	0.368305	-2444.99
866	0.369543	-2536.88
867	0.365217	-2354.75
868	0.365785	-2390.64
869	0.36343	-2420.12
870	0.365904	-2406.64
871	0.364739	-2379.97
872	0.371911	-2500.68
873	0.371431	-2476.83
874	0.36641	-2421.12
875	0.365943	-2459.26
876	0.366789	-2439.1
877	0.361065	-2324.03
878	0.351879	-2221.11
879	0.361979	-2362.96
880	0.363174	-2345.94
881	0.35741	-2271.93
882	0.370798	-2486.4
883	0.365999	-2415.12
884	0.362084	-2331.16
885	0.358733	-2327.58
886	0.36752	-2437.05
887	0.363927	-2398.9
888	0.365813	-2391.93
889	0.367857	-2403.18
890	0.36795	-2412.05
891	0.365086	-2429.32
892	0.365032	-2358.76
893	0.371132	-2447.49
894	0.369956	-2438.13
895	0.373798	-2530.49
896	0.369795	-2478.03
897	0.368	-2433.3
898	0.36511	-2406.76
899	0.371579	-2497.2
900	0.369637	-2458.92
901	0.360703	-2362.56
902	0.358683	-2270.55
903	0.371647	-2500.19
904	0.368016	-2447.26
905	0.357373	-2338.97
906	0.371391	-2484.59
907	0.359888	-2340.96
908	0.376507	-2538.95
909	0.366645	-2397.59
910	0.366018	-2384.58
911	0.359829	-2382.74
912	0.370806	-2505.56
913	0.357526	-2293.99
914	0.367467	-2445.57
915	0.358726	-2295.35
916	0.35786	-2293.25
917	0.370767	-2505.18
918	0.362906	-2304.37
919	0.367216	-2398.37
920	0.366396	-2395.89
921	0.362545	-2370.64
922	0.364687	-2402.64
923	0.372028	-2503.69
924	0.371152	-2477.18
925	0.36928	-2415.65
926	0.366438	-2428.78
927	0.370024	-2473.43
928	0.368412	-2439.57
929	0.366861	-2426.1
930	0.369256	-2434.16
931	0.373169	-2501.1
932	0.368133	-2469.02
933	0.37168	-2459.06
934	0.361358	-2362.55
935	0.368459	-2434.75
936	0.369347	-2467.69
937	0.368298	-2476.69
938	0.360995	-2344.2
939	0.366718	-2415.85
940	0.367861	-2425.32
941	0.359426	-2296.47
942	0.363194	-2361.13
943	0.36066	-2307.21
944	0.354706	-2250.96
945	0.365598	-2415.55
946	0.372051	-2487.93
947	0.360101	-2333.57
948	0.368842	-2439.21
949	0.362944	-2321.99
950	0.356645	-2262.27
951	0.369796	-2453.6
952	0.366758	-2422.75
953	0.370963	-2510.82
954	0.37008	-2483.15
955	0.373767	-2487.59
956	0.367184	-2437.82
957	0.363463	-2376.89
958	0.361092	-2364.31
959	0.372257	-2480.43
960	0.371742	-2524.68
961	0.360482	-2353.3
962	0.368766	-2472.92
963	0.376383	-2561.7
964	0.365601	-2410.38
965	0.369836	-2458.97
966	0.362162	-2375.36
967	0.365189	-2405.12
968	0.359452	-2251.38
969	0.358961	-2300.99
970	0.370975	-2492.84
971	0.365229	-2371.66
972	0.369078	-2428.97
973	0.372203	-2493.53
974	0.360534	-2340.56
975	0.365603	-2461.64
976	0.365674	-2379.06
977	0.36433	-2407.12
978	0.365153	-2373.06
979	0.358773	-2321.7
980	0.370815	-2497.02
981	0.365861	-2411.74
982	0.361004	-2348.71
983	0.371819	-2514.44
984	0.375422	-2518.63
985	0.370484	-2445.42
986	0.36355	-2363.06
987	0.367253	-2396.85
988	0.364586	-2401.9
989	0.360236	-2366.25
990	0.371234	-2497.76
991	0.377605	-2580.12
992	0.369129	-2406.87
993	0.378883	-2620.91
994	0.363038	-2393.67
995	0.365636	-2386.28
996	0.361249	-2343.33
997	0.3688	-2470.27
998	0.369658	-2459.43
999	0.35836	-2341.67
1000	0.372225	-2483.3
1001	0.374417	-2547.51
1002	0.362125	-2345.14
1003	0.366617	-2418.47
1004	0.359644	-2345.66
1005	0.374083	-2526.29
1006	0.36339	-2343.62
1007	0.37257	-2468.31
1008	0.359602	-2318.79
1009	0.361204	-2341.24
1010	0.36118	-2327.8
1011	0.366878	-2438.3
1012	0.358265	-2285.07
1013	0.35897	-2278.04
1014	0.365369	-2371.12
1015	0.365954	-2380.88
1016	0.363737	-2354.98
1017	0.370337	-2440.58
1018	0.358433	-2342.74
1019	0.372341	-2539.12
1020	0.361779	-2343.95
1021	0.361872	-2374.97
1022	0.366971	-2383.17
1023	0.369392	-2409.44
1024	0.368979	-2437.22
1025	0.371523	-2480.34
1026	0.367106	-2400.66
1027	0.369577	-2439.1
1028	0.361853	-2325.62
1029	0.364071	-2378.36
1030	0.370981	-2462.64
1031	0.362857	-2353.54
1032	0.363358	-2410.02
1033	0.369465	-2437.63
1034	0.372817	-2505.57
1035	0.361618	-2298.64
1036	0.371513	-2482.39
1037	0.364453	-2379.4
1038	0.370274	-2431.6
1039	0.360636	-2294.09
1040	0.365798	-2358.59
1041	0.366905	-2436.15
1042	0.371099	-2450.43
1043	0.361525	-2343.02
1044	0.367573	-2441.25
1045	0.365761	-2414.74
1046	0.367995	-2438.59
1047	0.37371	-2522.23
1048	0.369751	-2451.28
1049	0.375598	-2559.63
1050	0.364175	-2411.35
1051	0.366066	-2399.9
1052	0.360691	-2392.74
1053	0.366239	-2412.16
1054	0.368057	-2439.78
1055	0.372537	-2476.79
1056	0.372693	-2468.25
1057	0.366383	-2420.41
1058	0.368151	-2433.7
1059	0.372547	-2539.12
1060	0.372184	-2458.09
1061	0.363582	-2403.29
1062	0.357735	-2275.9
1063	0.373019	-2515.04
1064	0.373443	-2495.87
1065	0.353979	-2234.55
1066	0.362748	-2405.36
1067	0.37083	-2468.8
1068	0.355704	-2274.95
1069	0.373701	-2519.75
1070	0.361904	-2331.25
1071	0.367241	-2415.96
1072	0.367881	-2396.27
1073	0.37193	-2465.22
1074	0.363342	-2406.48
1075	0.367489	-2450.49
1076	0.372677	-2535.8
1077	0.372348	-2532.51
1078	0.361448	-2356.2
1079	0.365321	-2433.23
1080	0.37081	-2486.42
1081	0.370858	-2457.13
1082	0.374758	-2519.51
1083	0.365918	-2390.96
1084	0.360379	-2311.13
1085	0.368665	-2454.68
1086	0.36762	-2427.5
1087	0.365189	-2406.81
1088	0.366349	-2402.63
1089	0.362707	-2338.3
1090	0.369791	-2430.33
1091	0.368899	-2431.94
1092	0.370401	-2459.05
1093	0.364813	-2420.96
1094	0.369516	-2481.69
1095	0.364971	-2420.66
1096	0.363836	-2303.06
1097	0.359684	-2338.16
1098	0.365765	-2409.3
1099	0.374795	-2524.68
1100	0.367485	-2447.31
1101	0.373859	-2494.46
1102	0.367865	-2413
1103	0.366842	-2456.13
1104	0.368462	-2505.56
1105	0.369103	-2477.3
1106	0.373358	-2539.03
1107	0.365681	-2417.27
1108	0.363529	-2410.35
1109	0.361739	-2316.45
1110	0.36549	-2416.53
1111	0.375036	-2522.65
1112	0.362913	-2346.07
1113	0.370198	-2477.19
1114	0.365971	-2401.78
1115	0.366326	-2389.45
1116	0.363988	-2387.44
1117	0.372553	-2486.63
1118	0.36894	-2438.74
1119	0.360908	-2349.46
1120	0.374341	-2494.31
1121	0.367944	-2412.43
1122	0.371427	-2494.28
1123	0.367712	-2485.17
1124	0.37411	-2483.68
1125	0.366143	-2412.02
1126	0.355915	-2324.42
1127	0.364738	-2354.03
1128	0.36894	-2480.67
1129	0.363331	-2415.11
1130	0.374386	-2490.47
1131	0.371668	-2509.35
1132	0.368903	-2477.54
1133	0.367834	-2415.77
1134	0.365357	-2443.65
1135	0.364755	-2391.73
1136	0.369091	-2476.55
1137	0.362824	-2391.53
1138	0.363661	-2420.16
1139	0.367018	-2350.81
1140	0.370591	-2457.93
1141	0.363341	-2360.66
1142	0.366708	-2419.61
1143	0.373843	-2520.69
1144	0.364313	-2347.75
1145	0.359797	-2323
1146	0.364055	-2393.23
1147	0.368609	-2410.42
1148	0.373533	-2489.55
1149	0.373844	-2547.96
1150	0.367526	-2443.64
1151	0.367105	-2416.97
1152	0.358526	-2315.92
1153	0.361383	-2358.28
1154	0.367108	-2429.27
1155	0.360305	-2285.87
1156	0.372648	-2504.89
1157	0.375873	-2578.04
1158	0.370008	-2446.56
1159	0.36339	-2406.17
1160	0.368294	-2396.93
1161	0.366526	-2391.87
1162	0.366596	-2436.21
1163	0.367496	-2451.65
1164	0.361479	-2361.49
1165	0.370602	-2514.08
1166	0.360712	-2339.64
1167	0.367391	-2407.39
1168	0.373459	-2503.45
1169	0.370369	-2466.57
1170	0.369411	-2442.45
1171	0.364484	-2333.98
1172	0.365307	-2402.04
1173	0.366276	-2420.59
1174	0.366184	-2397.39
1175	0.370912	-2493.19
1176	0.366693	-2387.43
1177	0.363858	-2363.67
1178	0.376157	-2539.05
1179	0.368071	-2467.85
1180	0.365287	-2462.91
1181	0.369501	-2464.93
1182	0.358265	-2293.33
1183	0.363526	-2377.13
1184	0.357771	-2344.93
1185	0.369527	-2415.51
1186	0.36871	-2392.99
1187	0.36163	-2330.38
1188	0.369263	-2472.96
1189	0.363338	-2376.38
1190	0.363872	-2383.66
1191	0.360182	-2354.5
1192	0.363875	-2392.68
1193	0.375306	-2542.18
1194	0.36476	-2395.84
1195	0.368491	-2440.25
1196	0.366314	-2427.81
1197	0.368849	-2428.99
1198	0.377265	-2555.67
1199	0.361302	-2349.45
1200	0.360162	-2333.72
1201	0.363558	-2359.65
1202	0.371719	-2517.49
1203	0.36372	-2402.41
1204	0.367544	-2408.96
1205	0.378367	-2561.44
1206	0.368227	-2467.49
1207	0.363461	-2401.95
1208	0.371	-2493.61
1209	0.377205	-2573.1
1210	0.366095	-2415.31
1211	0.365034	-2398.09
1212	0.370201	-2503.14
1213	0.365295	-2424.86
1214	0.367762	-2385.5
1215	0.360913	-2341.53
1216	0.366886	-2438.2
1217	0.364586	-2397.84
1218	0.363402	-2396.59
1219	0.37096	-2451.57
1220	0.382409	-2644.3
1221	0.366594	-2433.18
1222	0.35972	-2305.19
1223	0.367847	-2403.56
1224	0.367648	-2454.87
1225	0.361679	-2367.92
1226	0.368648	-2401.92
1227	0.367278	-2435.69
1228	0.361523	-2338.89
1229	0.371897	-2467.62
1230	0.376126	-2579.69
1231	0.375213	-2504.51
1232	0.366448	-2399.26
1233	0.358292	-2321.57
1234	0.366198	-2405.96
1235	0.374512	-2549.71
1236	0.370363	-2469.29
1237	0.367442	-2438.45
1238	0.364898	-2411.68
1239	0.367556	-2442.48
1240	0.363097	-2403.23
1241	0.367935	-2418.03
1242	0.373712	-2486.95
1243	0.368692	-2448.03
1244	0.368232	-2420.57
1245	0.358388	-2352.83
1246	0.364158	-2418.92
1247	0.364186	-2354.34
1248	0.368304	-2409.14
1249	0.367437	-2487.03
1250	0.369158	-2433.65
1251	0.369072	-2446.74
1252	0.360386	-2361.23
1253	0.369104	-2455.4
1254	0.359386	-2342.77
1255	0.3688	-2475.72
1256	0.375063	-2530.99
1257	0.373215	-2511.53
1258	0.369942	-2461.09
1259	0.367226	-2446.49
1260	0.368935	-2418.68
1261	0.3622	-2326.68
1262	0.372697	-2495.23
1263	0.367685	-2433.4
1264	0.3587	-2332.81
1265	0.371557	-2500.48
1266	0.371021	-2457.57
1267	0.357547	-2338.81
1268	0.369191	-2436.32
1269	0.363467	-2367.04
1270	0.362561	-2350.83
1271	0.361404	-2352.28
1272	0.364097	-2402.86
1273	0.365606	-2415.33
1274	0.352981	-2277.92
1275	0.362263	-2336.5
1276	0.36634	-2454.48
1277	0.36719	-2410.19
1278	0.362805	-2426.37
1279	0.361521	-2381.5
1280	0.370755	-2432.01
1281	0.368628	-2462.51
1282	0.373804	-2512.19
1283	0.36259	-2374.73
1284	0.36047	-2362.68
1285	0.353728	-2297.76
1286	0.367734	-2432.63
1287	0.363677	-2373.45
1288	0.36696	-2409.13
1289	0.371573	-2495.85
1290	0.373281	-2462.37
1291	0.369945	-2464.01
1292	0.366135	-2423.8
1293	0.370601	-2470.27
1294	0.366393	-2421.38
1295	0.364832	-2385.27
1296	0.358407	-2298.7
1297	0.366731	-2416.75
1298	0.364087	-2397.1
1299	0.362097	-2341.26
1300	0.370679	-2469.26
1301	0.374691	-2519.69
1302	0.373263	-2487.43
1303	0.366256	-2416.41
1304	0.360757	-2354.04
1305	0.370367	-2450.5
1306	0.368217	-2407.29
1307	0.36602	-2382.53
1308	0.373101	-2471.58
1309	0.372966	-2498.37
1310	0.355959	-2248.91
1311	0.356668	-2315.49
1312	0.369957	-2466.95
1313	0.369644	-2403.99
1314	0.364916	-2429.36
1315	0.366873	-2432.2
1316	0.36567	-2401.04
1317	0.366029	-2414.67
1318	0.362998	-2376.16
1319	0.364833	-2440.91
1320	0.371495	-2471.42
1321	0.355461	-2257.06
1322	0.368262	-2466.61
1323	0.3622	-2380.42
1324	0.366864	-2413.97
1325	0.368805	-2444.37
1326	0.37044	-2482.13
1327	0.367507	-2450.63
1328	0.366819	-2392.71
1329	0.357979	-2302.35
1330	0.372646	-2506.32
1331	0.367698	-2442.37
1332	0.363469	-2420.96
1333	0.368748	-2428.14
1334	0.371704	-2506.87
1335	0.367989	-2398.1
1336	0.367881	-2432.74
1337	0.360394	-2318.74
1338	0.362308	-2392.62
1339	0.372884	-2534.44
1340	0.366871	-2412.18
1341	0.359276	-2297.29
1342	0.366398	-2403.67
1343	0.362728	-2336.45
1344	0.361312	-2332.93
1345	0.363514	-2438.37
1346	0.37293	-2537
1347	0.35612	-2272.89
1348	0.374906	-2504.25
1349	0.372735	-2509.15
1350	0.364954	-2400.37
1351	0.367843	-2442.11
1352	0.367641	-2404.39
1353	0.375927	-2585.66
1354	0.366055	-2437.13
1355	0.367275	-2448.52
1356	0.365391	-2400.89
1357	0.370154	-2492.61
1358	0.363054	-2350.42
1359	0.371349	-2497.19
1360	0.36577	-2361.44
1361	0.368013	-2443.5
1362	0.361531	-2377.07
1363	0.362807	-2380.3
1364	0.366892	-2432.82
1365	0.362561	-2367.64
1366	0.36314	-2331
1367	0.368849	-2451.51
1368	0.363581	-2366.07
1369	0.363252	-2355.47
1370	0.364439	-2378.42
1371	0.369637	-2419.57
1372	0.365593	-2434.97
1373	0.37049	-2490.43
1374	0.372071	-2484.61
1375	0.368576	-2422.26
1376	0.363383	-2375.59
1377	0.363439	-2357.88
1378	0.366459	-2393.32
1379	0.367388	-2425.42
1380	0.355383	-2224.92
1381	0.36331	-2385.29
1382	0.358119	-2303.78
1383	0.363163	-2384.27
1384	0.367172	-2423.75
1385	0.371059	-2498.08
1386	0.373128	-2543.97
1387	0.360618	-2289.12
1388	0.365114	-2394.24
1389	0.36501	-2409.46
1390	0.360825	-2327.19
1391	0.365094	-2375.73
1392	0.365423	-2393.25
1393	0.376414	-2517.88
1394	0.370581	-2465.75
1395	0.367362	-2443.46
1396	0.378482	-2546.12
1397	0.363838	-2340.08
1398	0.376201	-2511.92
1399	0.366061	-2408.4
1400	0.363327	-2376.21
1401	0.365016	-2394.12
1402	0.372511	-2472.7
1403	0.364651	-2410.59
1404	0.371006	-2474.38
1405	0.365657	-2370.55
1406	0.353515	-2212.67
1407	0.361822	-2356.96
1408	0.360517	-2305.16
1409	0.375004	-2538.03
1410	0.366194	-2427.36
1411	0.367287	-2391.95
1412	0.362071	-2396.54
1413	0.361127	-2308.06
1414	0.369165	-2472.26
1415	0.36845	-2470.73
1416	0.361998	-2370.25
1417	0.367522	-2397.68
1418	0.364903	-2369.09
1419	0.361763	-2352.96
1420	0.362117	-2350.88
1421	0.362005	-2371.41
1422	0.368295	-2467.47
1423	0.363944	-2414.52
1424	0.368651	-2443.44
1425	0.36308	-2360.23
1426	0.373948	-2478.36
1427	0.368453	-2399.06
1428	0.36668	-2405.47
1429	0.371995	-2468.04
1430	0.368903	-2443.87
1431	0.364722	-2411.16
1432	0.366867	-2364.5
1433	0.365977	-2390.18
1434	0.372919	-2467.79
1435	0.363999	-2390.19
1436	0.365836	-2394.23
1437	0.36795	-2453.27
1438	0.357017	-2288.14
1439	0.370938	-2503.45
1440	0.359421	-2314.03
1441	0.368644	-2458.49
1442	0.366332	-2417.79
1443	0.372318	-2501.03
1444	0.36511	-2357.28
1445	0.373173	-2490.33
1446	0.37019	-2505.08
1447	0.371056	-2454.93
1448	0.369733	-2427.85
1449	0.370116	-2470.22
1450	0.36739	-2416.71
1451	0.373144	-2517.36
1452	0.361913	-2358.23
1453	0.36931	-2421.96
1454	0.368429	-2397.44
1455	0.365211	-2371.24
1456	0.370395	-2439.61
1457	0.371881	-2488.28
1458	0.362613	-2395.54
1459	0.369806	-2416.64
1460	0.368076	-2407.39
1461	0.368284	-2447.28
1462	0.364469	-2378.48
1463	0.368848	-2421.84
1464	0.361072	-2351.63
1465	0.352252	-2210.15
1466	0.367913	-2429.32
1467	0.369792	-2415.58
1468	0.372039	-2475.82
1469	0.360756	-2390.22
1470	0.364888	-2342.55
1471	0.363609	-2390.18
1472	0.365361	-2415.29
1473	0.363558	-2361.14
1474	0.365513	-2429.08
1475	0.375855	-2557.49
1476	0.370718	-2529.97
1477	0.370269	-2494.94
1478	0.362412	-2393.35
1479	0.365373	-2393.86
1480	0.374729	-2510.28
1481	0.364469	-2375.48
1482	0.365067	-2401.03
1483	0.36829	-2449.75
1484	0.361359	-2324.2
1485	0.355387	-2267.74
1486	0.372138	-2466.67
1487	0.368633	-2441.63
1488	0.36287	-2372
1489	0.362944	-2416.2
1490	0.359057	-2283.56
1491	0.369257	-2475.36
1492	0.364972	-2393.1
1493	0.369846	-2483.85
1494	0.369891	-2457.34
1495	0.369662	-2466.18
1496	0.37264	-2485.42
1497	0.365643	-2453.17
1498	0.364198	-2403.49
1499	0.368919	-2435.08
1500	0.377044	-2530.43
1501	0.369824	-2489.49
1502	0.363976	-2375.13
1503	0.361774	-2353.54
1504	0.368901	-2451.19
1505	0.363553	-2368.71
1506	0.367306	-2474.54
1507	0.369585	-2423.27
1508	0.374961	-2528.24
1509	0.373231	-2509.71
1510	0.366543	-2407.52
1511	0.365101	-2391.44
1512	0.377312	-2588.86
1513	0.370487	-2429.84
1514	0.367954	-2408.69
1515	0.361217	-2392.68
1516	0.361527	-2350.59
1517	0.362829	-2356.39
1518	0.364941	-2340.91
1519	0.37246	-2498.82
1520	0.370625	-2463.71
1521	0.357773	-2308.51
1522	0.367649	-2413.84
1523	0.359308	-2291.96
1524	0.374102	-2501.3
1525	0.364975	-2397.59
1526	0.364403	-2377.16
1527	0.361087	-2322.21
1528	0.364369	-2386.75
1529	0.366945	-2421.71
1530	0.36533	-2397.72
1531	0.36238	-2368.77
1532	0.364466	-2411.52
1533	0.357125	-2271.53
1534	0.378812	-2541.36
1535	0.370153	-2497.98
1536	0.376159	-2547.4
1537	0.370629	-2480.27
1538	0.36754	-2379.75
1539	0.355133	-2272.21
1540	0.370277	-2483.01
1541	0.362233	-2343.35
1542	0.368942	-2441.07
1543	0.373518	-2489.77
1544	0.367612	-2468.15
1545	0.358665	-2343.46
1546	0.370328	-2453.2
1547	0.367957	-2390.42
1548	0.36947	-2411.99
1549	0.366274	-2415.4
1550	0.367855	-2426.74
1551	0.367697	-2468.16
1552	0.367043	-2425.63
1553	0.358604	-2277.53
1554	0.365751	-2397.29
1555	0.366289	-2435.54
1556	0.363375	-2353.6
1557	0.369002	-2457.31
1558	0.362565	-2346.65
1559	0.364305	-2362.8
1560	0.367908	-2417.74
1561	0.370471	-2463.16
1562	0.372186	-2455
1563	0.366415	-2405.62
1564	0.360918	-2372.39
1565	0.365373	-2368.65
1566	0.368029	-2418.15
1567	0.373597	-2537.97
1568	0.365586	-2367.31
1569	0.372158	-2523.32
1570	0.376288	-2577.88
1571	0.364144	-2365.36
1572	0.362627	-2375.86
1573	0.361471	-2355.48
1574	0.369873	-2404.99
1575	0.364019	-2375.49
1576	0.373988	-2491.48
1577	0.368588	-2428.21
1578	0.36034	-2292.36
1579	0.373861	-2502.83
1580	0.373012	-2521.21
1581	0.362589	-2330.95
1582	0.364899	-2396.22
1583	0.366386	-2359.07
1584	0.373493	-2524.68
1585	0.365474	-2421.87
1586	0.368361	-2410.42
1587	0.359143	-2253.22
1588	0.366241	-2382.74
1589	0.368871	-2469.36
1590	0.370986	-2448.35
1591	0.370175	-2472.48
1592	0.360148	-2346.51
1593	0.361589	-2356.07
1594	0.366496	-2401.47
1595	0.369001	-2448.18
1596	0.362588	-2361.03
1597	0.367651	-2456.03
1598	0.368511	-2444.8
1599	0.36015	-2367.98
1600	0.367151	-2457.78
1601	0.363233	-2377.47
1602	0.367882	-2438.05
1603	0.370671	-2478.38
1604	0.369892	-2434.78
1605	0.362336	-2390.22
1606	0.366095	-2436.65
1607	0.36739	-2440.79
1608	0.36164	-2355.22
1609	0.361202	-2344.79
1610	0.364887	-2393.12
1611	0.370942	-2457.92
1612	0.356933	-2271.68
1613	0.359703	-2335.48
1614	0.360631	-2319.66
1615	0.371725	-2491.36
1616	0.369998	-2481.78
1617	0.371197	-2489.19
1618	0.369844	-2439.71
1619	0.367059	-2414.49
1620	0.376606	-2512.75
1621	0.367383	-2452
1622	0.364741	-2376.69
1623	0.365396	-2390.93
1624	0.369284	-2439.03
1625	0.362881	-2339.25
1626	0.369354	-2452.72
1627	0.362771	-2343.46
1628	0.372592	-2468.45
1629	0.360066	-2297.24
1630	0.365996	-2404.24
1631	0.36031	-2336.53
1632	0.360025	-2360.74
1633	0.369371	-2454.29
1634	0.377601	-2558.29
1635	0.377615	-2565.62
1636	0.364453	-2385.42
1637	0.367552	-2377.3
1638	0.367069	-2444.95
1639	0.364053	-2410.42
1640	0.3765	-2549.5
1641	0.35854	-2302.09
1642	0.362885	-2398.73
1643	0.358812	-2306.42
1644	0.3662	-2408.64
1645	0.363606	-2395.15
1646	0.365177	-2392.2
1647	0.361494	-2343.91
1648	0.365237	-2387.03
1649	0.372835	-2473.27
1650	0.353122	-2200.06
1651	0.367668	-2409.67
1652	0.370204	-2499.68
1653	0.367719	-2437.09
1654	0.365252	-2402.79
1655	0.366034	-2402.36
1656	0.3617	-2343.68
1657	0.359856	-2277.26
1658	0.368503	-2452.73
1659	0.366297	-2388.36
1660	0.368527	-2448.37
1661	0.363839	-2384.66
1662	0.363989	-2377.92
1663	0.35867	-2314.23
1664	0.362981	-2368.73
1665	0.370039	-2472.41
1666	0.370474	-2462.49
1667	0.363496	-2361.76
1668	0.369383	-2457.95
1669	0.369491	-2463.22
1670	0.364143	-2372.07
1671	0.36514	-2405.99
1672	0.352429	-2265.44
1673	0.373147	-2538.05
1674	0.369364	-2485.83
1675	0.376678	-2526.25
1676	0.365776	-2392.57
1677	0.367969	-2471.33
1678	0.365602	-2377.01
1679	0.366599	-2443.75
1680	0.363887	-2334.6
1681	0.368141	-2391.97
1682	0.356404	-2296.59
1683	0.362876	-2391.38
1684	0.373756	-2512.03
1685	0.371433	-2488.22
1686	0.360856	-2327.6
1687	0.364976	-2405.79
1688	0.362272	-2357.31
1689	0.368835	-2481.19
1690	0.363808	-2388.93
1691	0.360124	-2331.4
1692	0.365313	-2355.28
1693	0.370672	-2468.95
1694	0.367873	-2426.03
1695	0.367059	-2423.19
1696	0.368558	-2413.34
1697	0.36922	-2426.24
1698	0.368877	-2415.2
1699	0.364866	-2432.58
1700	0.370888	-2451.22
1701	0.368248	-2471.02
1702	0.365338	-2396.06
1703	0.368104	-2382.1
1704	0.368393	-2477.03
1705	0.371686	-2504.97
1706	0.356021	-2316.25
1707	0.372801	-2500.88
1708	0.35992	-2307.81
1709	0.372948	-2507.78
1710	0.368018	-2427.43
1711	0.373261	-2505.17
1712	0.363524	-2392.09
1713	0.362508	-2401.7
1714	0.374908	-2532.79
1715	0.354906	-2278.25
1716	0.363346	-2353.52
1717	0.358798	-2295.08
1718	0.363815	-2383.3
1719	0.368747	-2478.78
1720	0.363635	-2392.97
1721	0.359156	-2319.4
1722	0.3627	-2376.99
1723	0.370443	-2457.29
1724	0.36506	-2374.46
1725	0.368621	-2474.01
1726	0.377236	-2563.99
1727	0.368109	-2447.21
1728	0.373021	-2515.44
1729	0.362609	-2348.6
1730	0.357927	-2298.93
1731	0.372283	-2487.38
1732	0.362531	-2402.21
1733	0.369912	-2486.27
1734	0.365859	-2426.65
1735	0.37412	-2522.03
1736	0.360236	-2303.73
1737	0.365615	-2402.3
1738	0.382428	-2639
1739	0.3638	-2359.92
1740	0.369845	-2415.04
1741	0.363292	-2419.41
1742	0.36634	-2409.46
1743	0.373335	-2505.62
1744	0.366596	-2419.84
1745	0.370463	-2472.69
1746	0.360742	-2308.71
1747	0.368136	-2446.66
1748	0.372149	-2514.11
1749	0.363069	-2327.07
1750	0.360254	-2338.07
1751	0.373412	-2466.64
1752	0.366713	-2448.26
1753	0.368644	-2446.49
1754	0.369043	-2449.49
1755	0.365493	-2369.15
1756	0.367052	-2401.67
1757	0.374524	-2596.33
1758	0.367847	-2414.19
1759	0.369735	-2473.47
1760	0.360002	-2341.62
1761	0.373634	-2525.71
1762	0.358986	-2334.82
1763	0.359357	-2301.54
1764	0.357946	-2298.47
1765	0.369224	-2450.74
1766	0.364738	-2397.43
1767	0.367712	-2453.52
1768	0.374761	-2524.01
1769	0.372706	-2488.55
1770	0.368437	-2438.4
1771	0.352909	-2218.45
1772	0.37508	-2598.89
1773	0.363277	-2401.59
1774	0.361586	-2365.63
1775	0.369718	-2455.33
1776	0.368205	-2420.03
1777	0.365818	-2388.53
1778	0.370407	-2491.79
1779	0.370174	-2456.12
1780	0.365295	-2402.54
1781	0.373305	-2473.22
1782	0.383086	-2643.86
1783	0.372482	-2490.29
1784	0.366375	-2403.33
1785	0.363577	-2320.3
1786	0.36801	-2415.41
1787	0.372561	-2529.48
1788	0.370389	-2493.93
1789	0.367887	-2431.26
1790	0.361297	-2345.54
1791	0.365003	-2407.14
1792	0.362727	-2371.73
1793	0.361764	-2341.45
1794	0.380299	-2604.14
1795	0.366833	-2392.31
1796	0.374825	-2527.97
1797	0.363269	-2349.67
1798	0.362872	-2387.98
1799	0.36917	-2469.45
1800	0.366724	-2414.4
1801	0.373553	-2526.91
1802	0.367905	-2444.25
1803	0.361052	-2321.27
1804	0.371565	-2466.03
1805	0.365436	-2382.22
1806	0.368784	-2460.89
1807	0.361585	-2346.4
1808	0.369034	-2488.59
1809	0.372487	-2504.89
1810	0.371324	-2481.46
1811	0.365271	-2415.85
1812	0.377066	-2507.71
1813	0.360687	-2317.1
1814	0.365316	-2389.63
1815	0.362041	-2343.9
1816	0.371918	-2514.28
1817	0.366066	-2448.39
1818	0.366181	-2424.52
1819	0.364555	-2415
1820	0.367828	-2441.13
1821	0.366259	-2399.73
1822	0.36952	-2436.12
1823	0.367838	-2397.74
1824	0.367549	-2439
1825	0.373485	-2501.06
1826	0.359575	-2305.79
1827	0.356227	-2267.44
1828	0.363919	-2381.24
1829	0.360263	-2322.88
1830	0.360268	-2296.35
1831	0.365495	-2408.36
1832	0.360436	-2305.32
1833	0.373602	-2459.67
1834	0.362826	-2397.89
1835	0.371424	-2452.85
1836	0.365824	-2381.04
1837	0.361432	-2311.86
1838	0.365374	-2395.78
1839	0.36105	-2306.83
1840	0.36079	-2306.72
1841	0.367893	-2450.74
1842	0.361245	-2309.38
1843	0.369745	-2444.16
1844	0.355312	-2279.11
1845	0.364276	-2384.16
1846	0.369832	-2484.39
1847	0.358984	-2318.55
1848	0.360655	-2372.33
1849	0.369365	-2472.75
1850	0.363641	-2362.56
1851	0.377492	-2516.44
1852	0.36632	-2396.01
1853	0.358955	-2338.19
1854	0.368716	-2462.73
1855	0.365867	-2442.02
1856	0.364422	-2401.98
1857	0.355227	-2285.31
1858	0.363903	-2400.27
1859	0.366923	-2454.87
1860	0.374943	-2496.53
1861	0.371387	-2521.28
1862	0.376105	-2536.92
1863	0.366773	-2432.74
1864	0.361836	-2300.57
1865	0.364427	-2380.43
1866	0.364991	-2395.2
1867	0.367165	-2357.72
1868	0.36301	-2359.93
1869	0.368047	-2438
1870	0.364183	-2351.48
1871	0.363489	-2354.32
1872	0.376067	-2516.38
1873	0.363223	-2357.28
1874	0.352368	-2244.13
1875	0.362946	-2374.55
1876	0.379028	-2585.58
1877	0.362277	-2387.14
1878	0.360557	-2346.96
1879	0.362911	-2407.11
1880	0.366123	-2436.56
1881	0.368491	-2460.74
1882	0.36582	-2358
1883	0.352892	-2211.1
1884	0.365853	-2415.69
1885	0.367368	-2397.9
1886	0.367876	-2375.4
1887	0.367281	-2370.32
1888	0.360553	-2358.93
1889	0.364596	-2421.32
1890	0.36527	-2375.29
1891	0.357042	-2282.09
1892	0.367131	-2424.55
1893	0.367245	-2420.34
1894	0.364279	-2386.73
1895	0.370111	-2481.86
1896	0.371933	-2523.54
1897	0.365436	-2380.79
1898	0.37172	-2531.78
1899	0.363733	-2378.37
1900	0.364627	-2390.62
1901	0.362527	-2371.47
1902	0.36976	-2482.15
1903	0.369164	-2426.25
1904	0.366192	-2425.53
1905	0.36672	-2393.58
1906	0.366636	-2382.16
1907	0.362973	-2357.24
1908	0.368177	-2450.93
1909	0.357908	-2323.61
1910	0.36048	-2361.2
1911	0.359877	-2339.76
1912	0.371109	-2534.97
1913	0.361853	-2339.83
1914	0.367605	-2410.94
1915	0.371725	-2486.63
1916	0.37937	-2587.24
1917	0.369893	-2487.78
1918	0.369513	-2458.89
1919	0.36149	-2322.43
1920	0.365744	-2367.03
1921	0.366164	-2424.67
1922	0.363596	-2344.65
1923	0.369282	-2454.25
1924	0.367511	-2400.45
1925	0.365029	-2398.58
1926	0.367914	-2430.58
1927	0.372621	-2480.54
1928	0.373881	-2498.32
1929	0.366417	-2422.52
1930	0.364652	-2409.1
1931	0.363546	-2355.5
1932	0.366083	-2401.5
1933	0.377429	-2548.11
1934	0.36472	-2364.61
1935	0.370331	-2409.77
1936	0.364786	-2344.8
1937	0.366104	-2430.93
1938	0.361502	-2325.46
1939	0.362761	-2329.34
1940	0.364493	-2342.01
1941	0.363404	-2362.42
1942	0.362399	-2337.4
1943	0.36391	-2370.94
1944	0.365652	-2419.58
1945	0.368507	-2435.2
1946	0.368274	-2449.07
1947	0.359362	-2336.76
1948	0.36151	-2338.45
1949	0.366383	-2373.18
1950	0.37336	-2517.3
1951	0.362998	-2342.72
1952	0.370144	-2458.03
1953	0.374658	-2498.35
1954	0.364088	-2352.86
1955	0.364831	-2370.7
1956	0.360874	-2327.03
1957	0.370772	-2467.45
1958	0.365667	-2370.01
1959	0.368022	-2421.56
1960	0.369253	-2467.53
1961	0.360158	-2333.23
1962	0.364506	-2392.95
1963	0.372829	-2499.12
1964	0.363185	-2369.22
1965	0.371793	-2491.68
1966	0.36932	-2467.56
1967	0.362282	-2334.19
1968	0.361815	-2376.94
1969	0.367008	-2433.41
1970	0.363955	-2338.72
1971	0.36066	-2343.35
1972	0.363611	-2343.86
1973	0.367748	-2463.43
1974	0.367682	-2407.36
1975	0.369512	-2477.14
1976	0.363115	-2347.31
1977	0.362721	-2324.12
1978	0.368059	-2445.23
1979	0.367675	-2440.85
1980	0.362657	-2365.13
1981	0.367503	-2459
1982	0.37236	-2470.3
1983	0.37156	-2469.85
1984	0.367753	-2450.6
1985	0.364242	-2404.26
1986	0.36285	-2349.35
1987	0.364728	-2408.06
1988	0.365264	-2392.31
1989	0.375516	-2509.71
1990	0.36948	-2468.27
1991	0.36037	-2324.14
1992	0.360535	-2366.69
1993	0.360306	-2312.38
1994	0.358087	-2286.36
1995	0.366475	-2433.23
1996	0.372596	-2489.55
1997	0.370288	-2453.06
1998	0.373246	-2484.34
1999	0.364807	-2407.16
2000	0.362611	-2392.25
2001	0.364392	-2427.39
2002	0.366039	-2394.1
2003	0.361021	-2321.99
2004	0.359816	-2345.06
2005	0.364656	-2379.25
2006	0.362289	-2367.73
2007	0.362708	-2344.47
2008	0.368068	-2415.83
2009	0.372138	-2459.96
2010	0.36984	-2454.5
2011	0.359311	-2347.03
2012	0.368712	-2474.38
2013	0.363262	-2318.3
2014	0.363898	-2400.5
2015	0.361502	-2340.39
2016	0.371865	-2453.99
2017	0.371419	-2474.97
2018	0.360106	-2298.36
2019	0.374495	-2520.43
2020	0.368869	-2466.05
2021	0.370218	-2440.26
2022	0.367754	-2415.26
2023	0.367502	-2426.41
2024	0.367574	-2434.41
2025	0.373473	-2531.75
2026	0.369542	-2476.22
2027	0.37466	-2512.69
2028	0.373661	-2533.04
2029	0.365029	-2400.66
2030	0.370922	-2474.81
2031	0.364512	-2364.07
2032	0.368282	-2458.94
2033	0.367741	-2441.85
2034	0.360926	-2361.57
2035	0.375736	-2550.62
2036	0.363609	-2394.84
2037	0.371797	-2457.11
2038	0.37154	-2480.56
2039	0.36038	-2345.32
2040	0.368028	-2454.69
2041	0.366239	-2397.34
2042	0.373657	-2512.75
2043	0.369492	-2472.78
2044	0.365392	-2390.29
2045	0.355201	-2235.5
2046	0.372075	-2479.2
2047	0.371976	-2509.39
2048	0.364275	-2409.16
2049	0.365716	-2396.37
2050	0.357125	-2303.82
2051	0.358408	-2313.15
2052	0.376547	-2585.46
2053	0.36141	-2322.39
2054	0.370604	-2446.45
2055	0.363647	-2382.77
2056	0.361714	-2352.7
2057	0.364064	-2362.27
2058	0.367506	-2404.73
2059	0.362778	-2348.35
2060	0.371024	-2471.2
2061	0.370169	-2452.38
2062	0.370039	-2447.23
2063	0.36301	-2396.51
2064	0.367508	-2433.65
2065	0.369376	-2471.58
2066	0.363731	-2382.65
2067	0.369072	-2485.15
2068	0.368476	-2459.56
2069	0.368857	-2397.44
2070	0.368494	-2426.46
2071	0.363333	-2380.77
2072	0.371283	-2496.14
2073	0.370732	-2460.15
2074	0.368554	-2419.17
2075	0.368147	-2448.06
2076	0.36701	-2435.3
2077	0.357896	-2298.47
2078	0.358015	-2299.77
2079	0.362799	-2300.69
2080	0.362547	-2332.54
2081	0.376838	-2550.48
2082	0.36587	-2419.93
2083	0.365832	-2389.81
2084	0.370562	-2446.47
2085	0.366192	-2376.33
2086	0.355489	-2282.94
2087	0.361386	-2359.07
2088	0.370027	-2434.04
2089	0.361879	-2363.46
2090	0.374626	-2507.47
2091	0.370573	-2434.96
2092	0.360188	-2367.12
2093	0.364404	-2407.53
2094	0.368284	-2428.17
2095	0.3771	-2547.75
2096	0.374624	-2531.11
2097	0.362027	-2302.66
2098	0.369039	-2449.06
2099	0.370383	-2499.03
2100	0.357147	-2291.13
2101	0.367428	-2430.58
2102	0.363678	-2363.58
2103	0.36487	-2349.53
2104	0.36971	-2468.79
2105	0.36888	-2440.66
2106	0.363925	-2408.63
2107	0.372281	-2505.07
2108	0.369342	-2459.35
2109	0.359026	-2274.38
2110	0.367084	-2394.18
2111	0.364709	-2368.63
2112	0.369607	-2445.94
2113	0.369638	-2446.94
2114	0.364842	-2380.8
2115	0.371905	-2496.16
2116	0.370186	-2469.21
2117	0.362921	-2378.02
2118	0.369567	-2469.22
2119	0.37001	-2475.8
2120	0.371951	-2480.27
2121	0.366955	-2439.5
2122	0.370991	-2462.72
2123	0.366019	-2428.03
2124	0.373566	-2466.02
2125	0.360169	-2348.53
2126	0.366963	-2406.26
2127	0.370474	-2482.06
2128	0.367371	-2464.54
2129	0.361357	-2337.81
2130	0.370194	-2443.7
2131	0.36798	-2454.36
2132	0.367599	-2450.45
2133	0.368535	-2430.15
2134	0.369807	-2455.14
2135	0.366061	-2431.32
2136	0.367628	-2413.12
2137	0.369695	-2482.39
2138	0.367208	-2479.47
2139	0.369708	-2488.07
2140	0.367379	-2363.48
2141	0.368562	-2448.9
2142	0.366649	-2388.56
2143	0.371322	-2470.27
2144	0.367056	-2401.05
2145	0.360286	-2334.83
2146	0.367497	-2408.14
2147	0.371444	-2476.89
2148	0.363273	-2407.08
2149	0.372506	-2498.18
2150	0.370196	-2455.47
2151	0.367114	-2428.63
2152	0.375227	-2529.66
2153	0.369537	-2547.71
2154	0.36187	-2345.49
2155	0.367208	-2403.49
2156	0.365033	-2403.92
2157	0.362737	-2378.46
2158	0.370468	-2497.32
2159	0.371106	-2470.69
2160	0.362507	-2345.82
2161	0.365132	-2396.47
2162	0.368347	-2385.16
2163	0.361808	-2357.77
2164	0.366095	-2401.43
2165	0.361743	-2358.74
2166	0.372524	-2460.9
2167	0.367088	-2436.65
2168	0.369384	-2465.08
2169	0.362304	-2352.15
2170	0.361979	-2378.34
2171	0.370754	-2458.98
2172	0.357075	-2270.71
2173	0.36306	-2419.39
2174	0.369328	-2449.07
2175	0.368216	-2427.7
2176	0.36788	-2442.51
2177	0.360785	-2288.24
2178	0.368855	-2438.86
2179	0.372124	-2484.29
2180	0.36028	-2305.06
2181	0.366074	-2361.81
2182	0.373618	-2478.14
2183	0.362002	-2330.87
2184	0.368658	-2410.14
2185	0.357113	-2310.63
2186	0.363372	-2373.01
2187	0.364846	-2395.04
2188	0.370535	-2493.85
2189	0.369391	-2470.25
2190	0.370374	-2473.17
2191	0.368671	-2437.36
2192	0.370948	-2486.72
2193	0.364054	-2334.97
2194	0.359478	-2279.43
2195	0.374577	-2570.1
2196	0.366499	-2373.69
2197	0.354396	-2239.33
2198	0.370406	-2477.78
2199	0.364935	-2377.25
2200	0.377063	-2575.11
2201	0.370706	-2496.17
2202	0.360567	-2369.72
2203	0.361264	-2338.53
2204	0.359933	-2305.79
2205	0.36727	-2461.47
2206	0.371412	-2487.71
2207	0.368961	-2440.1
2208	0.367327	-2431.3
2209	0.370505	-2497.51
2210	0.365369	-2425.1
2211	0.372009	-2483.46
2212	0.365581	-2416.93
2213	0.368567	-2444.28
2214	0.369498	-2425.82
2215	0.363805	-2377.35
2216	0.361566	-2353.84
2217	0.364251	-2361.56
2218	0.361313	-2360.76
2219	0.36235	-2361.26
2220	0.371245	-2501.34
2221	0.365858	-2413.78
2222	0.352491	-2230.69
2223	0.359661	-2358.65
2224	0.362937	-2357.46
2225	0.366168	-2423.17
2226	0.360023	-2327.93
2227	0.364924	-2393.46
2228	0.369927	-2492.78
2229	0.359496	-2330.48
2230	0.363118	-2354.53
2231	0.361127	-2384.15
2232	0.3659	-2389.7
2233	0.365235	-2404.25
2234	0.377081	-2545.26
2235	0.369836	-2475.22
2236	0.369536	-2439.1
2237	0.36754	-2448.35
2238	0.372149	-2508.35
2239	0.369179	-2449.25
2240	0.365027	-2368
2241	0.362396	-2408.18
2242	0.356754	-2220.14
2243	0.367909	-2423.59
2244	0.359811	-2267.92
2245	0.370972	-2483.19
2246	0.354169	-2270.14
2247	0.364422	-2359.33
2248	0.368313	-2455.72
2249	0.367928	-2432.44
2250	0.366406	-2404.45
2251	0.368748	-2440.43
2252	0.373973	-2510.71
2253	0.362199	-2386.8
2254	0.367423	-2426.48
2255	0.36253	-2381.36
2256	0.367416	-2447.16
2257	0.3655	-2378
2258	0.368147	-2397.77
2259	0.373289	-2524.51
2260	0.369649	-2439.09
2261	0.373402	-2505.36
2262	0.362453	-2340.47
2263	0.365501	-2382.73
2264	0.372275	-2541.84
2265	0.369495	-2484.79
2266	0.366642	-2376.37
2267	0.374012	-2473.28
2268	0.361933	-2353.47
2269	0.36686	-2421.67
2270	0.36314	-2358
2271	0.364627	-2368.17
2272	0.367417	-2419.85
2273	0.361332	-2334.92
2274	0.362671	-2337.21
2275	0.359776	-2350.32
2276	0.375853	-2557.98
2277	0.363811	-2397.1
2278	0.361543	-2357.31
2279	0.365055	-2365.29
2280	0.363801	-2370.53
2281	0.366125	-2414.11
2282	0.371208	-2503.7
2283	0.370279	-2459.86
2284	0.35828	-2334.24
2285	0.367617	-2461.63
2286	0.36126	-2296.2
2287	0.372173	-2478.4
2288	0.367044	-2414.86
2289	0.373599	-2506.79
2290	0.370421	-2470.75
2291	0.370661	-2455.3
2292	0.364376	-2403.17
2293	0.370305	-2430.95
2294	0.366019	-2431.81
2295	0.358	-2289.72
2296	0.363603	-2397.66
2297	0.356521	-2287.14
2298	0.359456	-2334.41
2299	0.366307	-2465.17
2300	0.365993	-2408.49
2301	0.358131	-2307.29
2302	0.36044	-2296.7
2303	0.360279	-2322.51
2304	0.376938	-2543.46
2305	0.366739	-2374.41
2306	0.35945	-2279.82
2307	0.366875	-2408.7
2308	0.364869	-2434.89
2309	0.369074	-2466.63
2310	0.36688	-2410.37
2311	0.365559	-2396.04
2312	0.362869	-2384.41
2313	0.371086	-2487.2
2314	0.372796	-2521.09
2315	0.368257	-2428.63
2316	0.369119	-2411.41
2317	0.366431	-2366.97
2318	0.36667	-2413.03
2319	0.372012	-2499.42
2320	0.365669	-2372
2321	0.365354	-2420
2322	0.37268	-2478.6
2323	0.367389	-2433.88
2324	0.356917	-2285.48
2325	0.367755	-2464.55
2326	0.362151	-2328.74
2327	0.36781	-2366.16
2328	0.366417	-2411.99
2329	0.37097	-2473.41
2330	0.367085	-2418.2
2331	0.365228	-2384.19
2332	0.364683	-2393.43
2333	0.369296	-2459.81
2334	0.360825	-2284.61
2335	0.364212	-2381.36
2336	0.368968	-2465.87
2337	0.36703	-2467.31
2338	0.363296	-2394.19
2339	0.365327	-2388.57
2340	0.365607	-2411.31
2341	0.357359	-2318.93
2342	0.363064	-2379.29
2343	0.372273	-2506.29
2344	0.367379	-2432.21
2345	0.367122	-2379.6
2346	0.365507	-2389.08
2347	0.378767	-2557.94
2348	0.360148	-2333.82
2349	0.3664	-2389.31
2350	0.362891	-2372.33
2351	0.369649	-2453.04
2352	0.367128	-2386.51
2353	0.36307	-2377.99
2354	0.364261	-2382.82
2355	0.36525	-2425.38
2356	0.363035	-2345.43
2357	0.363913	-2387
2358	0.369937	-2484.34
2359	0.366951	-2454.5
2360	0.371518	-2472.9
2361	0.372344	-2480.33
2362	0.378553	-2562.59
2363	0.368597	-2414.47
2364	0.363852	-2418.88
2365	0.369089	-2435.01
2366	0.371125	-2462.22
2367	0.366508	-2441.62
2368	0.36802	-2454.79
2369	0.367049	-2427.8
2370	0.363678	-2366.34
2371	0.371796	-2492.25
2372	0.358069	-2328.44
2373	0.358994	-2338.08
2374	0.369573	-2431.65
2375	0.367801	-2446.68
2376	0.373466	-2526.66
2377	0.366626	-2414.14
2378	0.361269	-2313.54
2379	0.369652	-2448.4
2380	0.369376	-2487.24
2381	0.368212	-2394.34
2382	0.357974	-2282.95
2383	0.371846	-2507.52
2384	0.368571	-2449.71
2385	0.370141	-2471.65
2386	0.360544	-2368.32
2387	0.365863	-2382.9
2388	0.371179	-2492.06
2389	0.373503	-2495.76
2390	0.366843	-2437.13
2391	0.359645	-2324.67
2392	0.37197	-2432.74
2393	0.366356	-2432.3
2394	0.369555	-2489.74
2395	0.370075	-2497.26
2396	0.363234	-2407.88
2397	0.369683	-2448.88
2398	0.363129	-2363.61
2399	0.371785	-2474.71
2400	0.372343	-2516.67
2401	0.364323	-2443.33
2402	0.369994	-2495.65
2403	0.365892	-2449.24
2404	0.368164	-2411.49
2405	0.371736	-2548.21
2406	0.373182	-2530.75
2407	0.368627	-2446.03
2408	0.364973	-2414.65
2409	0.361347	-2339.54
2410	0.365735	-2418.74
2411	0.362539	-2355.73
2412	0.365134	-2390.15
2413	0.368421	-2454.34
2414	0.361064	-2369.88
2415	0.369939	-2487.67
2416	0.363752	-2405.42
2417	0.374063	-2489.02
2418	0.366211	-2449.44
2419	0.37085	-2419.69
2420	0.371995	-2490.73
2421	0.371221	-2527.23
2422	0.3688	-2449.75
2423	0.369988	-2433.12
2424	0.368701	-2424.53
2425	0.361254	-2317.35
2426	0.367037	-2396.09
2427	0.361731	-2338.65
2428	0.36763	-2469.51
2429	0.369945	-2442.63
2430	0.36894	-2409.35
2431	0.368259	-2425.99
2432	0.373739	-2532.44
2433	0.365977	-2417.64
2434	0.366718	-2379.22
2435	0.364141	-2375.8
2436	0.364182	-2399.76
2437	0.374755	-2581.49
2438	0.36551	-2376.25
2439	0.364033	-2327.34
2440	0.363659	-2375.93
2441	0.36966	-2448.96
2442	0.369384	-2469.92
2443	0.357635	-2333.6
2444	0.364579	-2360.85
2445	0.362223	-2350.24
2446	0.366253	-2398.11
2447	0.368851	-2486.91
2448	0.367866	-2416.12
2449	0.371853	-2464.09
2450	0.363912	-2329.91
2451	0.360171	-2317.32
2452	0.364847	-2375.63
2453	0.360264	-2331.32
2454	0.365324	-2392.93
2455	0.366492	-2403.96
2456	0.365955	-2352.15
2457	0.365025	-2377.16
2458	0.368307	-2453.57
2459	0.368838	-2467.34
2460	0.36813	-2391.86
2461	0.370805	-2475.81
2462	0.359211	-2333.39
2463	0.36868	-2419.99
2464	0.369712	-2488.64
2465	0.370462	-2447.43
2466	0.36302	-2368.31
2467	0.361912	-2354.73
2468	0.365823	-2439.53
2469	0.364429	-2358.14
2470	0.368731	-2428.07
2471	0.372843	-2469.15
2472	0.364115	-2431.81
2473	0.36168	-2331.87
2474	0.372156	-2475.51
2475	0.366134	-2420.97
2476	0.370887	-2486.39
2477	0.362699	-2399.14
2478	0.368368	-2430.51
2479	0.367982	-2451.11
2480	0.371498	-2420.51
2481	0.36282	-2350.84
2482	0.369585	-2385.14
2483	0.36064	-2357.77
2484	0.368288	-2442.24
2485	0.358091	-2282.99
2486	0.366672	-2416.19
2487	0.361579	-2331.37
2488	0.361129	-2360.26
2489	0.361712	-2341.3
2490	0.37536	-2545.6
2491	0.36702	-2423.99
2492	0.372958	-2513.56
2493	0.366558	-2427.15
2494	0.363168	-2396.59
2495	0.360928	-2328.31
2496	0.368998	-2387.81
2497	0.363312	-2366.5
2498	0.367173	-2436.06
2499	0.369034	-2430.17
2500	0.358515	-2331.45
2501	0.3602	-2330.7
2502	0.37033	-2449.2
2503	0.367759	-2419.78
2504	0.365559	-2367.56
2505	0.371637	-2493.34
2506	0.366437	-2446.38
2507	0.366589	-2366.36
2508	0.372929	-2470.82
2509	0.361866	-2353.66
2510	0.365136	-2365.03
2511	0.371085	-2509.68
2512	0.368428	-2391.44
2513	0.365665	-2366.61
2514	0.362261	-2385.93
2515	0.37285	-2518.22
2516	0.360506	-2334.52
2517	0.365274	-2429.25
2518	0.355384	-2280.42
2519	0.362787	-2307.08
2520	0.36228	-2356.12
2521	0.363318	-2339.15
2522	0.370195	-2493.57
2523	0.370883	-2459.84
2524	0.372789	-2511.7
2525	0.362221	-2399.31
2526	0.370361	-2474.82
2527	0.377797	-2542.93
2528	0.373927	-2509.13
2529	0.366265	-2412.19
2530	0.364394	-2382.2
2531	0.372112	-2471.77
2532	0.372624	-2478.39
2533	0.367797	-2456.73
2534	0.363947	-2377.68
2535	0.363613	-2357.99
2536	0.365172	-2416.85
2537	0.364038	-2348.23
2538	0.362396	-2364.96
2539	0.368917	-2441.48
2540	0.358118	-2298.65
2541	0.355862	-2297.93
2542	0.361018	-2348.21
2543	0.366252	-2413.36
2544	0.367724	-2459.11
2545	0.369679	-2435.34
2546	0.361845	-2324.1
2547	0.360306	-2354.06
2548	0.367961	-2379.46
2549	0.365729	-2411.14
2550	0.36135	-2291.88
2551	0.369972	-2492.14
2552	0.365977	-2395.46
2553	0.360316	-2331.98
2554	0.360648	-2289.45
2555	0.364201	-2401.74
2556	0.371431	-2476.68
2557	0.364364	-2403.73
2558	0.364673	-2409.56
2559	0.374403	-2417.82
2560	0.369248	-2460.19
2561	0.359222	-2322.06
2562	0.367503	-2430.09
2563	0.356613	-2276.13
2564	0.375088	-2557.98
2565	0.364935	-2375.43
2566	0.365799	-2431.32
2567	0.361247	-2328.58
2568	0.36423	-2364.38
2569	0.37021	-2438.67
2570	0.360358	-2292.97
2571	0.359918	-2324.27
2572	0.36627	-2420.67
2573	0.372879	-2468.65
2574	0.36711	-2379.86
2575	0.361255	-2379.84
2576	0.358458	-2285.13
2577	0.370783	-2475.75
2578	0.369538	-2450.25
2579	0.367479	-2439.23
2580	0.36506	-2392.76
2581	0.365418	-2425.06
2582	0.364434	-2391.59
2583	0.377819	-2597.53
2584	0.367875	-2446.75
2585	0.375763	-2532.87
2586	0.35884	-2327.93
2587	0.368698	-2485.24
2588	0.364067	-2381.57
2589	0.361768	-2348.11
2590	0.36897	-2422.06
2591	0.360175	-2377.22
2592	0.370233	-2487.55
2593	0.365584	-2365.72
2594	0.358854	-2330.7
2595	0.361456	-2322.88
2596	0.365231	-2419.2
2597	0.362196	-2327.6
2598	0.365289	-2411.37
2599	0.360919	-2310.78
2600	0.376027	-2531.13
2601	0.371889	-2475.21
2602	0.366473	-2414.55
2603	0.364832	-2383.56
2604	0.371502	-2495.74
2605	0.36416	-2398.24
2606	0.364955	-2438.74
2607	0.370402	-2462.12
2608	0.367625	-2386.51
2609	0.366716	-2413.28
2610	0.368485	-2470.28
2611	0.360766	-2358.07
2612	0.364793	-2389.44
2613	0.358549	-2321.85
2614	0.359336	-2375.32
2615	0.359464	-2338.72
2616	0.374052	-2470.04
2617	0.368884	-2464.78
2618	0.371461	-2499.51
2619	0.367388	-2431.1
2620	0.373124	-2520.27
2621	0.368065	-2471.1
2622	0.365434	-2383.37
2623	0.369134	-2447.05
2624	0.371823	-2492.95
2625	0.363823	-2358.03
2626	0.361987	-2390.49
2627	0.373469	-2465.85
2628	0.363763	-2388.84
2629	0.361945	-2319.72
2630	0.373051	-2514.21
2631	0.366378	-2382.48
2632	0.369834	-2472.19
2633	0.367566	-2418.96
2634	0.362513	-2362.66
2635	0.365816	-2364.34
2636	0.357558	-2261.99
2637	0.362781	-2399.22
2638	0.366979	-2381.66
2639	0.352688	-2235.61
2640	0.366135	-2397.84
2641	0.371264	-2506.65
2642	0.366458	-2415.83
2643	0.362492	-2395.42
2644	0.366567	-2374.54
2645	0.371218	-2450.48
2646	0.374082	-2505.84
2647	0.366422	-2437.99
2648	0.37135	-2457.14
2649	0.363759	-2380.04
2650	0.363031	-2377.34
2651	0.369887	-2462.85
2652	0.375668	-2518.38
2653	0.370528	-2505.97
2654	0.363676	-2406.06
2655	0.370503	-2454.62
2656	0.368543	-2464.5
2657	0.366762	-2440.05
2658	0.364926	-2412.71
2659	0.37573	-2530.04
2660	0.357769	-2272.99
2661	0.360224	-2327.14
2662	0.362893	-2397.99
2663	0.371334	-2499.41
2664	0.364629	-2408.72
2665	0.369616	-2450.23
2666	0.362132	-2371.72
2667	0.360983	-2349.21
2668	0.364473	-2457.97
2669	0.356927	-2287.42
2670	0.370091	-2414.18
2671	0.366054	-2426.61
2672	0.361938	-2349.33
2673	0.365538	-2416.27
2674	0.367304	-2432.69
2675	0.375421	-2491.72
2676	0.364659	-2405.27
2677	0.360529	-2393.33
2678	0.371536	-2498.31
2679	0.374892	-2549.28
2680	0.356525	-2273.87
2681	0.360838	-2332.99
2682	0.359626	-2302.71
2683	0.36567	-2409.26
2684	0.370132	-2461.27
2685	0.364208	-2366.97
2686	0.371758	-2460.68
2687	0.358039	-2294.42
2688	0.381858	-2599.13
2689	0.370924	-2484.56
2690	0.369991	-2500.21
2691	0.371025	-2455.78
2692	0.3629	-2368.38
2693	0.360151	-2330.6
2694	0.364107	-2381.29
2695	0.362218	-2335.4
2696	0.364564	-2380.67
2697	0.358797	-2339.87
2698	0.3691	-2461.98
2699	0.365803	-2391.16
2700	0.35859	-2325.55
2701	0.365495	-2395.98
2702	0.367249	-2374.26
2703	0.363799	-2402.58
2704	0.358188	-2303.07
2705	0.367474	-2451.31
2706	0.365995	-2462.17
2707	0.366401	-2430.68
2708	0.371986	-2478.63
2709	0.368043	-2436.73
2710	0.365145	-2403.25
2711	0.363946	-2369.85
2712	0.362474	-2388.24
2713	0.368103	-2428.06
2714	0.360535	-2318.75
2715	0.364262	-2389.44
2716	0.363026	-2382.16
2717	0.368401	-2451.72
2718	0.366746	-2447.35
2719	0.372748	-2494.51
2720	0.367661	-2401.12
2721	0.361732	-2264.1
2722	0.363399	-2409.09
2723	0.371524	-2476.61
2724	0.359364	-2285.32
2725	0.369262	-2501.44
2726	0.363607	-2374.1
2727	0.372105	-2511.43
2728	0.366463	-2409.9
2729	0.360383	-2333.28
2730	0.367808	-2393.58
2731	0.367171	-2407.45
2732	0.370033	-2446.56
2733	0.362413	-2364.94
2734	0.365069	-2410.14
2735	0.366626	-2411.68
2736	0.362105	-2362.21
2737	0.367388	-2428.38
2738	0.364859	-2379.89
2739	0.36844	-2468.85
2740	0.363753	-2397.39
2741	0.365139	-2419.47
2742	0.366327	-2413.59
2743	0.359596	-2336.66
2744	0.361137	-2347.21
2745	0.36562	-2414.09
2746	0.357629	-2317.26
2747	0.371479	-2509.55
2748	0.367588	-2494.56
2749	0.370393	-2475.81
2750	0.369395	-2461
2751	0.365607	-2372
2752	0.369031	-2431.47
2753	0.363755	-2401.81
2754	0.366906	-2406.07
2755	0.360547	-2338.36
2756	0.36868	-2448.1
2757	0.373158	-2517.3
2758	0.370027	-2489.84
2759	0.361457	-2366.8
2760	0.370647	-2453.41
2761	0.352815	-2238.16
2762	0.36121	-2363.54
2763	0.357296	-2267.13
2764	0.369259	-2464.81
2765	0.358887	-2304.56
2766	0.357486	-2305.52
2767	0.363765	-2353.3
2768	0.363932	-2375.94
2769	0.365641	-2378.14
2770	0.377942	-2559.66
2771	0.36623	-2421.6
2772	0.370191	-2473.32
2773	0.372793	-2486.4
2774	0.367019	-2404.11
2775	0.364165	-2355.17
2776	0.362501	-2330.31
2777	0.378739	-2571.91
2778	0.36673	-2417.73
2779	0.366236	-2401.96
2780	0.369439	-2454.85
2781	0.376899	-2579.47
2782	0.361527	-2367.72
2783	0.355927	-2273.29
2784	0.360958	-2353
2785	0.374331	-2510.15
2786	0.376436	-2544.26
2787	0.374	-2549.34
2788	0.363608	-2336.04
2789	0.366327	-2422.61
2790	0.362153	-2398.77
2791	0.367688	-2442.03
2792	0.37161	-2478.53
2793	0.366396	-2407.48
2794	0.367949	-2448.11
2795	0.367693	-2450.75
2796	0.37228	-2508.67
2797	0.369633	-2472.98
2798	0.372084	-2513.57
2799	0.365954	-2407.12
2800	0.376997	-2571.23
2801	0.366773	-2398.61
2802	0.369264	-2480.24
2803	0.374411	-2518.51
2804	0.361614	-2377.34
2805	0.363452	-2395.91
2806	0.364289	-2373.56
2807	0.372655	-2483.17
2808	0.362198	-2338.42
2809	0.365583	-2394.29
2810	0.365059	-2372.03
2811	0.365541	-2424.68
2812	0.369304	-2450.25
2813	0.361641	-2332.04
2814	0.368361	-2457.64
2815	0.369506	-2433.93
2816	0.363577	-2365.19
2817	0.362544	-2355.5
2818	0.363973	-2366.05
2819	0.362684	-2370.2
2820	0.378114	-2519.84
2821	0.356594	-2272.19
2822	0.364741	-2415.78
2823	0.363571	-2371.57
2824	0.364979	-2401.62
2825	0.36933	-2448.46
2826	0.360322	-2355.51
2827	0.364921	-2389.36
2828	0.35979	-2355.93
2829	0.368793	-2419.13
2830	0.37081	-2487.83
2831	0.362008	-2333.09
2832	0.365423	-2354.76
2833	0.366081	-2373.36
2834	0.366278	-2375.38
2835	0.361873	-2353.47
2836	0.361496	-2354.74
2837	0.366697	-2413.27
2838	0.35946	-2314.09
2839	0.372921	-2506.26
2840	0.373782	-2540.78
2841	0.367272	-2391.97
2842	0.362894	-2348.05
2843	0.378733	-2584.04
2844	0.360866	-2352.58
2845	0.365256	-2374.71
2846	0.369948	-2464.13
2847	0.366031	-2446.52
2848	0.375956	-2551.13
2849	0.368064	-2421.62
2850	0.366762	-2381
2851	0.364457	-2396.67
2852	0.373607	-2481.32
2853	0.366226	-2431.97
2854	0.365567	-2407.95
2855	0.36655	-2436.18
2856	0.366613	-2388.47
2857	0.363443	-2387.01
2858	0.36639	-2382.79
2859	0.368077	-2364.99
2860	0.3685	-2420.21
2861	0.365456	-2412.92
2862	0.369612	-2475.55
2863	0.371473	-2468.96
2864	0.359995	-2355.11
2865	0.36352	-2381.94
2866	0.361228	-2355.71
2867	0.35639	-2294.68
2868	0.365151	-2401.92
2869	0.361983	-2364.22
2870	0.368347	-2450.99
2871	0.370082	-2454.99
2872	0.367955	-2450.79
2873	0.377023	-2515.09
2874	0.362657	-2377.1
2875	0.36217	-2371.87
2876	0.372953	-2544.01
2877	0.365013	-2359.21
2878	0.369147	-2457.57
2879	0.366303	-2426.26
2880	0.36706	-2407.01
2881	0.367467	-2419.69
2882	0.370896	-2548.92
2883	0.3638	-2381.76
2884	0.371296	-2481.83
2885	0.374506	-2516.56
2886	0.359053	-2367.52
2887	0.365033	-2326.92
2888	0.358998	-2336.17
2889	0.363259	-2399.81
2890	0.365386	-2348.75
2891	0.366453	-2425.57
2892	0.360014	-2334.1
2893	0.363406	-2364.29
2894	0.3609	-2336.66
2895	0.363202	-2367.03
2896	0.364322	-2403.67
2897	0.365863	-2411.01
2898	0.360373	-2391.84
2899	0.376987	-2564.56
2900	0.36923	-2501.54
2901	0.369173	-2465.35
2902	0.358304	-2351.86
2903	0.357317	-2378.94
2904	0.365679	-2427.19
2905	0.369191	-2407.76
2906	0.369382	-2471.26
2907	0.373031	-2480.88
2908	0.365216	-2430.23
2909	0.372331	-2477.81
2910	0.366989	-2404.6
2911	0.375438	-2585.91
2912	0.366846	-2427.09
2913	0.362245	-2331.87
2914	0.35936	-2319.2
2915	0.378916	-2578.25
2916	0.374646	-2538.38
2917	0.365192	-2381.21
2918	0.36949	-2458.26
2919	0.367099	-2430.72
2920	0.37405	-2552.46
2921	0.364852	-2404.09
2922	0.36945	-2451.18
2923	0.373025	-2514.2
2924	0.363048	-2395.25
2925	0.370403	-2469.31
2926	0.371664	-2510.52
2927	0.363339	-2404.36
2928	0.367867	-2435.3
2929	0.368149	-2408.87
2930	0.36964	-2451.36
2931	0.36905	-2463.98
2932	0.375345	-2554.18
2933	0.369161	-2437.33
2934	0.371181	-2493.2
2935	0.360737	-2353.23
2936	0.362174	-2369.8
2937	0.370706	-2432.38
2938	0.367145	-2401.68
2939	0.362559	-2327.84
2940	0.369238	-2474.21
2941	0.369535	-2426.83
2942	0.359342	-2336.77
2943	0.363569	-2382.53
2944	0.366201	-2343.02
2945	0.372707	-2484.21
2946	0.365214	-2391.5
2947	0.365496	-2418.26
2948	0.367206	-2455.33
2949	0.366622	-2430.4
2950	0.362666	-2347.23
2951	0.364778	-2397.08
2952	0.368414	-2450.06
2953	0.362837	-2385.12
2954	0.357058	-2278.64
2955	0.367707	-2480.09
2956	0.368992	-2466.89
2957	0.372351	-2488.9
2958	0.36695	-2413.62
2959	0.356732	-2327.98
2960	0.364129	-2389.77
2961	0.356009	-2289.1
2962	0.362554	-2341.73
2963	0.367572	-2419.99
2964	0.371847	-2469.57
2965	0.367865	-2439.88
2966	0.369574	-2439.87
2967	0.364331	-2399.67
2968	0.361494	-2366.97
2969	0.363138	-2408.97
2970	0.371522	-2474.89
2971	0.367324	-2447.71
2972	0.364564	-2365.46
2973	0.369035	-2497.51
2974	0.371909	-2514.5
2975	0.371478	-2507.07
2976	0.364296	-2472.35
2977	0.368837	-2463.24
2978	0.369805	-2443.11
2979	0.371363	-2490.5
2980	0.370781	-2494.95
2981	0.369992	-2454.91
2982	0.360893	-2359.9
2983	0.36747	-2401.04
2984	0.369396	-2478.5
2985	0.370207	-2424.37
2986	0.364817	-2334.84
2987	0.372208	-2476.61
2988	0.363162	-2358.71
2989	0.370665	-2420.63
2990	0.369148	-2446.84
2991	0.370031	-2463.38
2992	0.364349	-2383.88
2993	0.364331	-2344.19
2994	0.357347	-2278.23
2995	0.360611	-2368.87
2996	0.361875	-2371.69
2997	0.366198	-2404.77
2998	0.366021	-2401.04
2999	0.36499	-2404.16
