0	0.361057	-2414.11
1	0.365987	-2424.3
2	0.363041	-2371.25
3	0.363916	-2360.23
4	0.369435	-2436.1
5	0.362079	-2321.86
6	0.36595	-2393.92
7	0.362126	-2339.29
8	0.370294	-2487.78
9	0.355301	-2259.74
10	0.368368	-2456.62
11	0.360613	-2339.8
12	0.362162	-2399.24
13	0.361383	-2370.75
14	0.365957	-2407.83
15	0.369757	-2436.31
16	0.360572	-2348.87
17	0.363778	-2381.76
18	0.350683	-2189.23
19	0.363813	-2406.15
20	0.370209	-2475.62
21	0.364849	-2393.16
22	0.357146	-2331.72
23	0.359539	-2288.89
24	0.366357	-2465.75
25	0.366328	-2403.6
26	0.368196	-2435.39
27	0.375579	-2553.42
28	0.365437	-2389.07
29	0.365477	-2437.29
30	0.358408	-2310.89
31	0.356501	-2313.9
32	0.375911	-2482.64
33	0.372205	-2463.09
34	0.373956	-2491.73
35	0.36188	-2352.52
36	0.358356	-2332.21
37	0.371472	-2501.76
38	0.36011	-2265.56
39	0.364999	-2396.38
40	0.367233	-2392.18
41	0.363245	-2361.73
42	0.364943	-2406.23
43	0.360585	-2343.48
44	0.362968	-2378.23
45	0.369261	-2445.27
46	0.36524	-2416.51
47	0.366549	-2395.89
48	0.357101	-2290.49
49	0.363387	-2348.13
50	0.360907	-2364.85
51	0.363831	-2347.13
52	0.366895	-2458.62
53	0.376657	-2576.13
54	0.362922	-2356.92
55	0.361433	-2377.18
56	0.364688	-2385.18
57	0.360201	-2341.06
58	0.361768	-2349.59
59	0.371148	-2557.58
60	0.360484	-2327.77
61	0.368601	-2511.51
62	0.357412	-2289.67
63	0.359647	-2347.36
64	0.356498	-2295.86
65	0.364399	-2433.71
66	0.36494	-2441.27
67	0.3607	-2329.77
68	0.361746	-2373.51
69	0.366266	-2421.53
70	0.364762	-2402.47
71	0.367426	-2428.79
72	0.363692	-2419.41
73	0.354725	-2257.11
74	0.377951	-2587.7
75	0.363927	-2360.04
76	0.37056	-2468.3
77	0.366307	-2400.59
78	0.362415	-2332.92
79	0.367616	-2479.22
80	0.37066	-2496.95
81	0.369777	-2437.76
82	0.366314	-2433.55
83	0.367214	-2412.24
84	0.362133	-2328.82
85	0.360856	-2376.1
86	0.372842	-2533.22
87	0.355114	-2266.32
88	0.355501	-2241.76
89	0.368313	-2453.66
90	0.3633	-2393.4
91	0.368856	-2406.73
92	0.370578	-2468.27
93	0.36737	-2447.61
94	0.364041	-2391.31
95	0.363057	-2346.88
96	0.367485	-2418.07
97	0.364946	-2397.42
98	0.355743	-2255.62
99	0.373945	-2550.3
100	0.371675	-2460.31
101	0.370702	-2460.04
102	0.356512	-2277.2
103	0.372896	-2514.24
104	0.35468	-2263.78
105	0.369093	-2460.15
106	0.365381	-2374.3
107	0.359224	-2333.86
108	0.367983	-2436.83
109	0.370696	-2427.97
110	0.361359	-2349.27
111	0.374092	-2515.69
112	0.361706	-2376.03
113	0.368597	-2458.8
114	0.361805	-2361.95
115	0.366991	-2388.41
116	0.366232	-2376.33
117	0.366369	-2425.54
118	0.362386	-2366.88
119	0.366051	-2417.52
120	0.366319	-2412.57
121	0.369364	-2441.58
122	0.367191	-2412.64
123	0.365069	-2369.3
124	0.364335	-2368.28
125	0.364645	-2403.93
126	0.370579	-2468.69
127	0.367752	-2424.51
128	0.359578	-2326.54
129	0.366931	-2440.92
130	0.365941	-2421.63
131	0.369915	-2467.05
132	0.361858	-2305.77
133	0.366483	-2429.23
134	0.366481	-2336.25
135	0.357369	-2334.35
136	0.366814	-2422.64
137	0.354038	-2254.09
138	0.370401	-2478.16
139	0.367843	-2468.97
140	0.368323	-2446.12
141	0.363958	-2410.33
142	0.356414	-2277.82
143	0.362508	-2353.41
144	0.361929	-2346.89
145	0.363418	-2421.29
146	0.359181	-2279.57
147	0.361111	-2322.36
148	0.362336	-2377.28
149	0.369794	-2459.81
150	0.360527	-2364.43
151	0.362743	-2364.12
152	0.369969	-2462.28
153	0.370182	-2494.63
154	0.36976	-2478.03
155	0.361384	-2313.73
156	0.368048	-2434
157	0.362477	-2390.65
158	0.359556	-2319.97
159	0.367625	-2453
160	0.371249	-2483.66
161	0.368807	-2470.92
162	0.368943	-2438.77
163	0.363971	-2401.97
164	0.360219	-2301.86
165	0.359972	-2345.99
166	0.364572	-2374.13
167	0.366712	-2445.3
168	0.361166	-2339.44
169	0.366345	-2427.94
170	0.366169	-2456.72
171	0.365022	-2387.21
172	0.368458	-2428.77
173	0.369825	-2458.1
174	0.365369	-2390.05
175	0.371168	-2501.61
176	0.359669	-2335.39
177	0.362525	-2373.64
178	0.37752	-2522.78
179	0.353962	-2247.74
180	0.364756	-2368.26
181	0.364349	-2396.37
182	0.363112	-2383.39
183	0.360924	-2305.83
184	0.366744	-2401.3
185	0.359398	-2310.94
186	0.370275	-2470.61
187	0.36387	-2351.04
188	0.357628	-2309.72
189	0.368375	-2453.8
190	0.367517	-2428.74
191	0.360174	-2347.23
192	0.361903	-2351.06
193	0.358623	-2303.56
194	0.366195	-2414.56
195	0.370309	-2480.22
196	0.363058	-2423.39
197	0.362968	-2375.56
198	0.366457	-2428.13
199	0.364068	-2408.35
200	0.35806	-2297.39
201	0.359162	-2319.34
202	0.362374	-2349.28
203	0.3622	-2398.21
204	0.366137	-2401.77
205	0.361281	-2335.87
206	0.363224	-2401.17
207	0.366299	-2398.84
208	0.367889	-2398.33
209	0.360159	-2352.33
210	0.360752	-2367.33
211	0.359916	-2318.32
212	0.367472	-2448.03
213	0.360519	-2389.7
214	0.368081	-2430.64
215	0.363465	-2404.38
216	0.363251	-2354.93
217	0.365173	-2387.75
218	0.362378	-2373.56
219	0.364998	-2433.35
220	0.365575	-2418.83
221	0.363552	-2348.34
222	0.357322	-2281.26
223	0.362464	-2354.83
224	0.363821	-2417.12
225	0.370076	-2415.53
226	0.359064	-2301.21
227	0.368083	-2435.93
228	0.357099	-2286.68
229	0.354743	-2297
230	0.369242	-2449.93
231	0.361152	-2346.14
232	0.361812	-2314.05
233	0.371221	-2482.62
234	0.366804	-2454.18
235	0.368425	-2460.56
236	0.368107	-2423.47
237	0.366268	-2393.31
238	0.357792	-2246.36
239	0.367694	-2407.52
240	0.356097	-2262.53
241	0.366053	-2381.36
242	0.356168	-2258.34
243	0.366068	-2400.21
244	0.356618	-2226
245	0.359715	-2340.46
246	0.360944	-2334.13
247	0.365177	-2399
248	0.364612	-2342.95
249	0.374037	-2504.32
250	0.362005	-2355.94
251	0.353601	-2231.37
252	0.365183	-2388.66
253	0.368462	-2443.54
254	0.366668	-2405.66
255	0.364788	-2382.79
256	0.361012	-2319.4
257	0.372442	-2448.04
258	0.362133	-2379.78
259	0.370453	-2471.44
260	0.359628	-2323.45
261	0.364511	-2351.63
262	0.363399	-2364.52
263	0.368442	-2415.38
264	0.36014	-2323.87
265	0.361856	-2418.87
266	0.368021	-2440.9
267	0.368208	-2439.92
268	0.356832	-2333.47
269	0.354582	-2273.89
270	0.368393	-2412.61
271	0.364002	-2386.24
272	0.363939	-2351.52
273	0.3616	-2366.52
274	0.365205	-2457.16
275	0.365523	-2379.29
276	0.361745	-2360.95
277	0.36297	-2376.46
278	0.370264	-2516
279	0.360002	-2329.33
280	0.367499	-2411.78
281	0.363175	-2366.55
282	0.363497	-2330.9
283	0.36374	-2361.05
284	0.36132	-2342.34
285	0.36459	-2377.67
286	0.364719	-2375.1
287	0.366314	-2357.86
288	0.365004	-2383.36
289	0.364027	-2393.89
290	0.369113	-2470.09
291	0.363198	-2388.85
292	0.354741	-2228.43
293	0.367235	-2440.82
294	0.357194	-2301.59
295	0.361955	-2364.16
296	0.372811	-2507.44
297	0.356447	-2232.79
298	0.357841	-2297.98
299	0.364692	-2363.83
300	0.369449	-2472.05
301	0.361912	-2354.48
302	0.377714	-2536.61
303	0.364	-2349.95
304	0.362271	-2330.28
305	0.366276	-2447.6
306	0.363696	-2418.82
307	0.36955	-2424.5
308	0.364976	-2381.23
309	0.360181	-2334.29
310	0.360457	-2305.27
311	0.368109	-2445.84
312	0.353659	-2216.71
313	0.369474	-2451.52
314	0.364876	-2399.16
315	0.361836	-2346.66
316	0.368508	-2440.02
317	0.361869	-2365.22
318	0.363915	-2357.56
319	0.36363	-2392.75
320	0.361313	-2312.19
321	0.362046	-2325.37
322	0.361389	-2350.83
323	0.363361	-2358.5
324	0.361511	-2336.06
325	0.370905	-2498.31
326	0.360668	-2315.69
327	0.374044	-2533.79
328	0.362497	-2359.09
329	0.355635	-2315.64
330	0.36686	-2419.51
331	0.36486	-2395.62
332	0.35523	-2282.02
333	0.368008	-2386.36
334	0.364024	-2348.17
335	0.365329	-2387.97
336	0.366765	-2401.51
337	0.364692	-2414.02
338	0.366014	-2431.42
339	0.35814	-2345.14
340	0.355691	-2240.97
341	0.359439	-2362.97
342	0.366389	-2406.91
343	0.359688	-2344.52
344	0.365965	-2342.14
345	0.371354	-2477.99
346	0.361644	-2395.06
347	0.363708	-2372.27
348	0.358023	-2312.25
349	0.364158	-2354.12
350	0.364557	-2379.59
351	0.36473	-2389.45
352	0.366365	-2382.17
353	0.364545	-2389.98
354	0.362278	-2356.45
355	0.369727	-2462.45
356	0.368426	-2440.05
357	0.358671	-2313.53
358	0.357001	-2289.88
359	0.367126	-2440.83
360	0.36717	-2414.67
361	0.36499	-2400.29
362	0.36238	-2324.51
363	0.361664	-2331.9
364	0.361505	-2348.03
365	0.373005	-2480.88
366	0.374169	-2483.11
367	0.360923	-2364.35
368	0.366514	-2433.2
369	0.358526	-2325.83
370	0.367854	-2440.92
371	0.374057	-2521.42
372	0.363265	-2407.56
373	0.369987	-2410.52
374	0.362469	-2294.21
375	0.368027	-2474.02
376	0.362799	-2361.1
377	0.370632	-2478.35
378	0.365041	-2410.27
379	0.35978	-2336.7
380	0.349823	-2203.03
381	0.353365	-2208.03
382	0.36556	-2418.89
383	0.368374	-2409.27
384	0.366556	-2402.85
385	0.360729	-2361.56
386	0.36799	-2432.06
387	0.356085	-2299.75
388	0.368193	-2384.78
389	0.362701	-2356.95
390	0.363048	-2350.13
391	0.357966	-2303.87
392	0.372346	-2518.67
393	0.362319	-2316.66
394	0.366043	-2386.78
395	0.364096	-2401.86
396	0.356773	-2295.87
397	0.365516	-2403.63
398	0.35884	-2324.01
399	0.370239	-2456.92
400	0.360469	-2325.78
401	0.366019	-2388
402	0.376193	-2523.54
403	0.371206	-2457.93
404	0.36583	-2418.86
405	0.366823	-2426.22
406	0.358681	-2250.66
407	0.371745	-2520.7
408	0.366276	-2390.98
409	0.364508	-2387.55
410	0.369379	-2494.47
411	0.365675	-2374.37
412	0.374802	-2560.08
413	0.369119	-2434.49
414	0.378258	-2584.93
415	0.367002	-2426.48
416	0.362807	-2354.46
417	0.372802	-2500.89
418	0.361994	-2341.24
419	0.368317	-2423.28
420	0.36427	-2455.36
421	0.357237	-2277.37
422	0.358931	-2320.68
423	0.362669	-2359.15
424	0.358901	-2305.27
425	0.366954	-2446.4
426	0.378234	-2587.51
427	0.372168	-2516
428	0.361976	-2365.85
429	0.364795	-2397.21
430	0.369906	-2449.72
431	0.36478	-2407.45
432	0.364751	-2318.69
433	0.363665	-2398.23
434	0.372364	-2515.62
435	0.371562	-2495.77
436	0.358913	-2350.47
437	0.359825	-2332.86
438	0.36752	-2437.21
439	0.367616	-2432.25
440	0.365265	-2394.93
441	0.362382	-2382.45
442	0.362229	-2342.53
443	0.367125	-2443.37
444	0.366823	-2391.97
445	0.362462	-2380.14
446	0.365579	-2382.83
447	0.35613	-2250.19
448	0.360716	-2301.07
449	0.361138	-2334.42
450	0.367019	-2434.19
451	0.35841	-2269.29
452	0.358005	-2281.25
453	0.369958	-2459.46
454	0.364062	-2396.89
455	0.36492	-2396.07
456	0.368875	-2411.28
457	0.365333	-2395.77
458	0.370762	-2480.91
459	0.368268	-2417.64
460	0.362808	-2374.1
461	0.360577	-2350.9
462	0.356611	-2297.34
463	0.358984	-2310.96
464	0.362675	-2379.41
465	0.37548	-2541.11
466	0.364981	-2383.01
467	0.36596	-2411.32
468	0.360688	-2334.91
469	0.353933	-2256.53
470	0.366779	-2419.71
471	0.363002	-2375.39
472	0.36503	-2386.32
473	0.353635	-2284.12
474	0.360115	-2315.11
475	0.368473	-2436.55
476	0.364513	-2403.91
477	0.366945	-2413.57
478	0.370497	-2452.65
479	0.371483	-2456.75
480	0.356993	-2272.54
481	0.362131	-2311.88
482	0.35809	-2304.87
483	0.36021	-2348.31
484	0.364868	-2347.98
485	0.365223	-2401.64
486	0.364038	-2402.64
487	0.356489	-2323.08
488	0.358158	-2348.63
489	0.361078	-2344.85
490	0.374466	-2502.07
491	0.361228	-2334.42
492	0.370746	-2455.31
493	0.375087	-2491.26
494	0.368564	-2370.86
495	0.360495	-2344.67
496	0.361334	-2352.62
497	0.36859	-2452.26
498	0.357577	-2298.12
499	0.357082	-2299.22
500	0.36207	-2334.47
501	0.355947	-2269.25
502	0.366612	-2385.52
503	0.369436	-2444.3
504	0.359567	-2313.67
505	0.358209	-2362.57
506	0.359582	-2336.03
507	0.37049	-2453.8
508	0.3756	-2519.86
509	0.361081	-2391.08
510	0.360893	-2344.66
511	0.370777	-2437.17
512	0.360947	-2359.66
513	0.372785	-2476.84
514	0.368526	-2444.79
515	0.3677	-2441.96
516	0.372749	-2516.25
517	0.361503	-2334.98
518	0.371183	-2460.06
519	0.364139	-2363.65
520	0.360516	-2320.41
521	0.364365	-2420.36
522	0.372913	-2513.22
523	0.358604	-2315.55
524	0.361299	-2313.05
525	0.366329	-2359.92
526	0.364304	-2335.75
527	0.370478	-2451.79
528	0.364891	-2406.35
529	0.367493	-2435.23
530	0.361565	-2370.01
531	0.371451	-2516.15
532	0.361812	-2340.91
533	0.374109	-2508.68
534	0.369677	-2419.38
535	0.3632	-2347.19
536	0.366184	-2422.26
537	0.3633	-2347.59
538	0.373215	-2533.81
539	0.362914	-2391.97
540	0.369326	-2469.85
541	0.368997	-2499.98
542	0.366353	-2449.33
543	0.362148	-2317.5
544	0.36295	-2331.88
545	0.370048	-2505.76
546	0.368457	-2414.17
547	0.357506	-2305.69
548	0.365682	-2444.69
549	0.373663	-2526.2
550	0.36458	-2402.39
551	0.359466	-2353.58
552	0.36514	-2352.38
553	0.375658	-2544.38
554	0.370333	-2404.98
555	0.36409	-2354.23
556	0.364352	-2377.82
557	0.360573	-2307.86
558	0.367776	-2436.66
559	0.369579	-2466.42
560	0.370405	-2438.26
561	0.363114	-2351.94
562	0.368699	-2448.82
563	0.361642	-2309.02
564	0.36429	-2379.04
565	0.363242	-2383.79
566	0.357019	-2281.06
567	0.364117	-2401.93
568	0.37199	-2513.34
569	0.371261	-2443.2
570	0.362091	-2309.68
571	0.365739	-2395.24
572	0.365682	-2410.9
573	0.362831	-2364.08
574	0.362643	-2370.6
575	0.360942	-2394.07
576	0.359696	-2303.94
577	0.366654	-2390.96
578	0.364472	-2369.3
579	0.367803	-2402.6
580	0.362249	-2329.05
581	0.370188	-2460.15
582	0.362763	-2357.89
583	0.367529	-2377.86
584	0.370234	-2470.84
585	0.357247	-2332.58
586	0.361555	-2375.2
587	0.357714	-2258.04
588	0.366167	-2380.84
589	0.368	-2456.09
590	0.361094	-2320.5
591	0.367169	-2397.48
592	0.362162	-2379.66
593	0.360539	-2306.82
594	0.369735	-2451.99
595	0.363626	-2375.84
596	0.365453	-2443.89
597	0.373003	-2494.32
598	0.360174	-2380.93
599	0.367014	-2405.64
600	0.361105	-2312.41
601	0.361578	-2365.07
602	0.360308	-2355.83
603	0.367068	-2436.27
604	0.371035	-2497.37
605	0.366309	-2442.62
606	0.366209	-2412.9
607	0.364804	-2378.73
608	0.372184	-2503.18
609	0.365546	-2399.75
610	0.363507	-2410.76
611	0.361128	-2322.58
612	0.364688	-2391.99
613	0.364448	-2343.49
614	0.358688	-2323.24
615	0.374913	-2543.6
616	0.360849	-2340.33
617	0.358655	-2322.99
618	0.371245	-2449.95
619	0.362985	-2378.45
620	0.360615	-2339.17
621	0.368996	-2434.47
622	0.352936	-2242.01
623	0.368665	-2463.34
624	0.370569	-2466.86
625	0.367199	-2424.9
626	0.365599	-2403.38
627	0.362618	-2344.2
628	0.371952	-2510.55
629	0.361773	-2359.28
630	0.36576	-2397.92
631	0.361261	-2348.01
632	0.361725	-2353.98
633	0.371169	-2465.75
634	0.353614	-2214.46
635	0.375541	-2493.66
636	0.370662	-2483.89
637	0.360513	-2312.91
638	0.365496	-2378.82
639	0.36867	-2423.25
640	0.363912	-2395.25
641	0.367857	-2459.31
642	0.367411	-2407.96
643	0.361746	-2359.11
644	0.371904	-2489.86
645	0.369732	-2433.65
646	0.36378	-2364.22
647	0.355403	-2286.29
648	0.367185	-2453.79
649	0.356853	-2287.43
650	0.362218	-2396.33
651	0.366588	-2393.67
652	0.359873	-2326.67
653	0.361997	-2311.66
654	0.367441	-2435.95
655	0.3757	-2559.33
656	0.366059	-2392.5
657	0.360588	-2312.89
658	0.35921	-2327.79
659	0.358299	-2262.15
660	0.362954	-2361.73
661	0.356752	-2283.55
662	0.366935	-2443.84
663	0.365249	-2418.63
664	0.366419	-2399.16
665	0.366249	-2377.48
666	0.368071	-2403.3
667	0.365033	-2392.74
668	0.359986	-2339.35
669	0.360308	-2254.86
670	0.366395	-2413.69
671	0.367279	-2485.43
672	0.36026	-2313.31
673	0.371555	-2518.38
674	0.367557	-2427.52
675	0.364386	-2366.78
676	0.359645	-2340.76
677	0.369087	-2479.33
678	0.368846	-2448.96
679	0.362271	-2389.53
680	0.360335	-2347.77
681	0.364568	-2392.5
682	0.371183	-2485.66
683	0.366031	-2463.86
684	0.369408	-2436.04
685	0.36398	-2406.35
686	0.367379	-2420.47
687	0.365192	-2381.02
688	0.362843	-2352.13
689	0.362337	-2358.7
690	0.35922	-2326.09
691	0.366044	-2424.45
692	0.365342	-2406.23
693	0.359279	-2329.23
694	0.356182	-2284.82
695	0.368427	-2396.92
696	0.362711	-2395.42
697	0.372586	-2536.9
698	0.362718	-2377.95
699	0.35966	-2342.35
700	0.35546	-2240.74
701	0.361403	-2357.74
702	0.364395	-2385.99
703	0.367735	-2432.97
704	0.368341	-2432.42
705	0.358247	-2306.36
706	0.363967	-2357.38
707	0.374673	-2513.95
708	0.36384	-2324.85
709	0.370576	-2465.54
710	0.358194	-2299.31
711	0.357144	-2278.59
712	0.362061	-2388.41
713	0.364143	-2341.62
714	0.369834	-2483.63
715	0.363807	-2303.24
716	0.365358	-2395.63
717	0.356397	-2306.55
718	0.369256	-2449.78
719	0.361019	-2334.18
720	0.368927	-2431.77
721	0.364458	-2366.21
722	0.35913	-2363.17
723	0.358853	-2300.25
724	0.361838	-2343.34
725	0.359825	-2333.94
726	0.375143	-2511.72
727	0.369	-2460.43
728	0.378051	-2622.3
729	0.364785	-2355.69
730	0.362868	-2379.28
731	0.36345	-2376.59
732	0.356909	-2264.09
733	0.365628	-2418.53
734	0.358579	-2334.58
735	0.365189	-2381.17
736	0.366202	-2421.81
737	0.365568	-2402.74
738	0.370061	-2451.42
739	0.353562	-2296.02
740	0.36116	-2385.28
741	0.368769	-2438.34
742	0.368104	-2438.72
743	0.363297	-2397.52
744	0.367498	-2416.78
745	0.361224	-2372.01
746	0.366396	-2416.77
747	0.369173	-2449.92
748	0.368736	-2401.88
749	0.362747	-2403.88
750	0.36773	-2422.4
751	0.367099	-2406.56
752	0.365779	-2375.41
753	0.359862	-2287.87
754	0.369698	-2450.18
755	0.365859	-2426.76
756	0.368103	-2406.67
757	0.366522	-2408.66
758	0.365312	-2373.8
759	0.358296	-2283.08
760	0.368519	-2411.79
761	0.369761	-2432.25
762	0.362004	-2355.82
763	0.362041	-2342.9
764	0.361487	-2353.59
765	0.369284	-2441.81
766	0.366835	-2421.36
767	0.365861	-2413.47
768	0.367872	-2428.72
769	0.370833	-2495.73
770	0.366047	-2390.77
771	0.373523	-2441.82
772	0.360636	-2324.31
773	0.361519	-2307.42
774	0.354402	-2241.54
775	0.367205	-2431.47
776	0.372005	-2527.08
777	0.359279	-2323.2
778	0.364261	-2384.71
779	0.373609	-2504.86
780	0.365428	-2384.59
781	0.371985	-2501.58
782	0.365534	-2423.6
783	0.357694	-2316.64
784	0.367037	-2471.26
785	0.366016	-2366.98
786	0.369463	-2434.88
787	0.362211	-2360.65
788	0.373147	-2486.26
789	0.366634	-2404.23
790	0.361443	-2372.41
791	0.367024	-2402.93
792	0.357379	-2312
793	0.366496	-2381.83
794	0.362358	-2337.7
795	0.36189	-2307.07
796	0.372984	-2487.78
797	0.365127	-2407.4
798	0.367648	-2439.84
799	0.365759	-2431.52
800	0.369241	-2445.37
801	0.365992	-2394.58
802	0.364382	-2440.28
803	0.371706	-2485.21
804	0.359863	-2355.99
805	0.359787	-2289.01
806	0.363913	-2396.81
807	0.365082	-2385.37
808	0.359183	-2302.32
809	0.371502	-2431.06
810	0.366862	-2423.03
811	0.364156	-2383.45
812	0.365633	-2418.67
813	0.367363	-2393.19
814	0.364857	-2402.81
815	0.362296	-2370.03
816	0.366158	-2403.32
817	0.363192	-2362.57
818	0.363308	-2390.71
819	0.373113	-2509.45
820	0.364482	-2405.13
821	0.3654	-2404.37
822	0.364179	-2378.89
823	0.359607	-2295.26
824	0.359679	-2311.52
825	0.360209	-2336.83
826	0.366659	-2396.39
827	0.367129	-2421.77
828	0.364959	-2369.85
829	0.355797	-2265.71
830	0.365492	-2397.91
831	0.36976	-2437.81
832	0.366356	-2391.41
833	0.372154	-2522.24
834	0.361875	-2380.27
835	0.367641	-2394.91
836	0.366938	-2414.6
837	0.364191	-2363.24
838	0.364676	-2427.31
839	0.358973	-2323.58
840	0.361879	-2335.91
841	0.368205	-2418.63
842	0.365991	-2406.79
843	0.357076	-2268.62
844	0.37292	-2484.12
845	0.359505	-2375.31
846	0.361147	-2346.83
847	0.373451	-2533.22
848	0.367321	-2418.29
849	0.366252	-2367.43
850	0.366648	-2428.51
851	0.368008	-2387.87
852	0.360982	-2338.09
853	0.359702	-2350.36
854	0.361705	-2348.65
855	0.363645	-2355.6
856	0.359444	-2321.14
857	0.367584	-2409.83
858	0.359738	-2320.74
859	0.362012	-2359.5
860	0.364813	-2366.34
861	0.364081	-2386.22
862	0.365647	-2418.8
863	0.370963	-2482.74
864	0.360732	-2377.16
865	0.3639	-2395.5
866	0.361889	-2343.26
867	0.359659	-2315.84
868	0.369345	-2486.03
869	0.366387	-2415.98
870	0.36377	-2373.65
871	0.375784	-2518.06
872	0.371702	-2511.95
873	0.372717	-2468.37
874	0.36089	-2342.44
875	0.369132	-2414.89
876	0.365615	-2425.45
877	0.369948	-2428.28
878	0.367436	-2430.04
879	0.366689	-2416.42
880	0.364084	-2386.7
881	0.366749	-2452.53
882	0.368998	-2493.84
883	0.357336	-2328.53
884	0.360604	-2357.31
885	0.359907	-2343.45
886	0.370502	-2447.5
887	0.364312	-2394
888	0.362064	-2317.78
889	0.356403	-2292.93
890	0.368797	-2453.83
891	0.355776	-2262.23
892	0.3521	-2258.3
893	0.362235	-2341.98
894	0.362341	-2403.82
895	0.362849	-2384.43
896	0.374036	-2467.54
897	0.362117	-2363.6
898	0.372918	-2513.46
899	0.363296	-2351.86
900	0.362052	-2353.88
901	0.362212	-2436.35
902	0.362526	-2326.9
903	0.359207	-2314.4
904	0.366321	-2386.4
905	0.363993	-2430.95
906	0.367262	-2385.31
907	0.356457	-2311.91
908	0.364668	-2389.69
909	0.367002	-2409.56
910	0.360697	-2371.92
911	0.367603	-2377.64
912	0.361076	-2327.84
913	0.363116	-2342.8
914	0.367833	-2412.78
915	0.359927	-2297.78
916	0.372887	-2478.22
917	0.36781	-2472.78
918	0.360693	-2293.49
919	0.365139	-2436.01
920	0.366106	-2423.69
921	0.364515	-2410.75
922	0.368805	-2461.87
923	0.357854	-2300.93
924	0.365626	-2379.37
925	0.366076	-2416.85
926	0.360937	-2341.76
927	0.364333	-2391.06
928	0.365043	-2417.58
929	0.358772	-2343.09
930	0.365882	-2390.26
931	0.371298	-2521.91
932	0.371348	-2483.52
933	0.364969	-2430.86
934	0.366536	-2430.54
935	0.362278	-2400.04
936	0.362663	-2387.19
937	0.372182	-2503.66
938	0.362799	-2339.68
939	0.358041	-2308.04
940	0.360043	-2333.23
941	0.364576	-2387.77
942	0.365536	-2392.37
943	0.359657	-2314.34
944	0.363133	-2340.62
945	0.355899	-2275.99
946	0.359604	-2318.05
947	0.35744	-2258.12
948	0.361517	-2363.35
949	0.364225	-2372.52
950	0.362102	-2393.39
951	0.367106	-2428.74
952	0.367457	-2408.43
953	0.371179	-2534.36
954	0.365276	-2375.27
955	0.357046	-2289.04
956	0.366957	-2421.94
957	0.363678	-2379.76
958	0.367558	-2426.69
959	0.364893	-2421.65
960	0.366646	-2467.08
961	0.369858	-2467.32
962	0.365505	-2446.33
963	0.364492	-2398.81
964	0.369286	-2420.63
965	0.364574	-2369.73
966	0.358848	-2330.81
967	0.375279	-2544.94
968	0.366053	-2417
969	0.365351	-2432.8
970	0.361884	-2371.52
971	0.358108	-2333.83
972	0.366536	-2421.56
973	0.368564	-2428.48
974	0.356417	-2334.99
975	0.368224	-2454.64
976	0.367742	-2400.34
977	0.364562	-2310.83
978	0.365778	-2394.55
979	0.362166	-2361.43
980	0.365928	-2410.64
981	0.363206	-2317.98
982	0.360674	-2343.96
983	0.365148	-2422.07
984	0.357664	-2300.4
985	0.363341	-2376.04
986	0.361695	-2368.5
987	0.371854	-2517.8
988	0.361546	-2387.48
989	0.363897	-2397.26
990	0.365854	-2451.78
991	0.370703	-2489.78
992	0.363126	-2365.27
993	0.367852	-2418.37
994	0.374371	-2549.89
995	0.363577	-2394.96
996	0.369133	-2447.12
997	0.371322	-2473.27
998	0.3583	-2319.58
999	0.366772	-2422.92
1000	0.36465	-2375.33
1001	0.37157	-2443.3
1002	0.365345	-2361.99
1003	0.370347	-2484.92
1004	0.370767	-2473.16
1005	0.363407	-2377.28
1006	0.366431	-2464.37
1007	0.363802	-2382.65
1008	0.353972	-2229.76
1009	0.371346	-2469.79
1010	0.360619	-2344.37
1011	0.35877	-2249.16
1012	0.369991	-2439.41
1013	0.362124	-2399.9
1014	0.361378	-2371.92
1015	0.363303	-2407.56
1016	0.364502	-2389
1017	0.36939	-2478.53
1018	0.37052	-2458.68
1019	0.359707	-2346.41
1020	0.368592	-2428.75
1021	0.361898	-2339.32
1022	0.363598	-2429.46
1023	0.36694	-2416.35
1024	0.360898	-2309.9
1025	0.370901	-2468.49
1026	0.356781	-2270.7
1027	0.357897	-2344.59
1028	0.360293	-2317.45
1029	0.368056	-2399
1030	0.372622	-2505.2
1031	0.363833	-2407.42
1032	0.359435	-2328.07
1033	0.357446	-2307.37
1034	0.365682	-2382.74
1035	0.361981	-2342.09
1036	0.368069	-2440.2
1037	0.368346	-2386.79
1038	0.362443	-2343.98
1039	0.367952	-2454.67
1040	0.36304	-2381.12
1041	0.363149	-2341.69
1042	0.35502	-2253.58
1043	0.367203	-2441.77
1044	0.361347	-2361.98
1045	0.367878	-2395.66
1046	0.369326	-2456.39
1047	0.362371	-2394.18
1048	0.370864	-2496.22
1049	0.369303	-2455.9
1050	0.371088	-2480.56
1051	0.368312	-2475.27
1052	0.359736	-2315.8
1053	0.363715	-2331.11
1054	0.366565	-2391.61
1055	0.369934	-2475.3
1056	0.366408	-2378.9
1057	0.366311	-2360.22
1058	0.37203	-2506.74
1059	0.367919	-2444.13
1060	0.358691	-2278.83
1061	0.368759	-2430.36
1062	0.364893	-2376.62
1063	0.376759	-2554.98
1064	0.359794	-2323.02
1065	0.370041	-2427.69
1066	0.364035	-2400.4
1067	0.369798	-2425.81
1068	0.373291	-2533.71
1069	0.365196	-2384.56
1070	0.362782	-2365.52
1071	0.363426	-2382.65
1072	0.36786	-2440.04
1073	0.370124	-2421.45
1074	0.363991	-2361.71
1075	0.371388	-2498.45
1076	0.360483	-2306.83
1077	0.362109	-2399.01
1078	0.35927	-2380.44
1079	0.360928	-2359.82
1080	0.367508	-2405.36
1081	0.364576	-2421.84
1082	0.365745	-2409.46
1083	0.358527	-2331.52
1084	0.358582	-2287.88
1085	0.36749	-2440.13
1086	0.353858	-2246.43
1087	0.36108	-2341.65
1088	0.366477	-2409.09
1089	0.362651	-2375.38
1090	0.377823	-2533.89
1091	0.371606	-2542.2
1092	0.359127	-2274.47
1093	0.365589	-2343.26
1094	0.359117	-2324.58
1095	0.364715	-2409.69
1096	0.358537	-2290.27
1097	0.366296	-2420.06
1098	0.365013	-2381.62
1099	0.350859	-2214.6
1100	0.366191	-2439.97
1101	0.365478	-2413.46
1102	0.361352	-2341.86
1103	0.365922	-2421.77
1104	0.367146	-2443.38
1105	0.368925	-2454.99
1106	0.366943	-2394.8
1107	0.360451	-2351.93
1108	0.367769	-2450.64
1109	0.369407	-2454.83
1110	0.365842	-2406.84
1111	0.361421	-2349.45
1112	0.358863	-2297.72
1113	0.366699	-2422.55
1114	0.358681	-2320.14
1115	0.369046	-2403.62
1116	0.371371	-2459.84
1117	0.367869	-2440.3
1118	0.359315	-2285.85
1119	0.377801	-2536.64
1120	0.357099	-2290.45
1121	0.369035	-2443.25
1122	0.370027	-2485.61
1123	0.358013	-2300.75
1124	0.357506	-2338.64
1125	0.360899	-2318.14
1126	0.370807	-2483.75
1127	0.362551	-2393.46
1128	0.369104	-2468.72
1129	0.364564	-2418.57
1130	0.358886	-2322.62
1131	0.366219	-2421.16
1132	0.366365	-2426.25
1133	0.359653	-2284.94
1134	0.366177	-2369.78
1135	0.375041	-2495.13
1136	0.366638	-2382.97
1137	0.361112	-2363.24
1138	0.35633	-2251.37
1139	0.370415	-2442.13
1140	0.363225	-2328.15
1141	0.363347	-2362.37
1142	0.36593	-2456.56
1143	0.368504	-2433.61
1144	0.358093	-2279.67
1145	0.366283	-2398.51
1146	0.370211	-2466.84
1147	0.356239	-2299.68
1148	0.363141	-2372.38
1149	0.365077	-2417.98
1150	0.367878	-2415.06
1151	0.371528	-2446.72
1152	0.361839	-2349.83
1153	0.359997	-2336.97
1154	0.369196	-2480.59
1155	0.366557	-2412.24
1156	0.366985	-2439.12
1157	0.370251	-2483.82
1158	0.366257	-2406.1
1159	0.359283	-2344.07
1160	0.373943	-2497.28
1161	0.356875	-2313.46
1162	0.364862	-2415.99
1163	0.36177	-2336.89
1164	0.365745	-2412.38
1165	0.357186	-2292.95
1166	0.369428	-2393.93
1167	0.363361	-2374.51
1168	0.360484	-2342.2
1169	0.364692	-2431.07
1170	0.363192	-2405.85
1171	0.364868	-2378.39
1172	0.367077	-2403.9
1173	0.356342	-2312.4
1174	0.360955	-2368.82
1175	0.361349	-2364.37
1176	0.361247	-2341.36
1177	0.364532	-2384.67
1178	0.359605	-2323.38
1179	0.366767	-2384.61
1180	0.360585	-2372.76
1181	0.367225	-2383.16
1182	0.356916	-2312.07
1183	0.362955	-2355.74
1184	0.363957	-2323.99
1185	0.366729	-2422.25
1186	0.363272	-2380.97
1187	0.369853	-2472.32
1188	0.374629	-2526.33
1189	0.364387	-2421.66
1190	0.370533	-2432.89
1191	0.368279	-2447.32
1192	0.364667	-2414
1193	0.365644	-2358.11
1194	0.360651	-2395.31
1195	0.3645	-2381.03
1196	0.36339	-2383.17
1197	0.356263	-2293.57
1198	0.359589	-2355.12
1199	0.37777	-2569.43
1200	0.363302	-2376.11
1201	0.361215	-2347.14
1202	0.361778	-2370.4
1203	0.362514	-2367.01
1204	0.36174	-2341.07
1205	0.36623	-2442.75
1206	0.365135	-2420.27
1207	0.365024	-2392.83
1208	0.367177	-2469.96
1209	0.370697	-2462.82
1210	0.368876	-2449.67
1211	0.368567	-2447.95
1212	0.363853	-2384.03
1213	0.362708	-2393.17
1214	0.363358	-2328.45
1215	0.363234	-2369.31
1216	0.362618	-2392.84
1217	0.364354	-2330.82
1218	0.366518	-2389.31
1219	0.368733	-2480.77
1220	0.367315	-2400.19
1221	0.366795	-2414.86
1222	0.361199	-2277.17
1223	0.365078	-2411.06
1224	0.362181	-2328.25
1225	0.368875	-2474.64
1226	0.367409	-2394.03
1227	0.362838	-2377.4
1228	0.359838	-2375.29
1229	0.360644	-2331.2
1230	0.365156	-2393.77
1231	0.368729	-2445.07
1232	0.359229	-2334.62
1233	0.370749	-2465.47
1234	0.371196	-2486.92
1235	0.357666	-2237.01
1236	0.360541	-2314.94
1237	0.367204	-2460.52
1238	0.358258	-2353.21
1239	0.36335	-2423.86
1240	0.370026	-2486.3
1241	0.368556	-2456.67
1242	0.36656	-2425.56
1243	0.367331	-2433.36
1244	0.366833	-2410.11
1245	0.364397	-2381.98
1246	0.36003	-2349.29
1247	0.362885	-2374.21
1248	0.366588	-2377.58
1249	0.365306	-2417.52
1250	0.370059	-2488.17
1251	0.363893	-2377.25
1252	0.359101	-2337.09
1253	0.373781	-2505.48
1254	0.359369	-2345
1255	0.364692	-2384.2
1256	0.361486	-2321.92
1257	0.357073	-2283.82
1258	0.36137	-2328.06
1259	0.361547	-2362.92
1260	0.36209	-2358.92
1261	0.370325	-2465.11
1262	0.359888	-2318.88
1263	0.359681	-2322.67
1264	0.362039	-2411.14
1265	0.368838	-2470.21
1266	0.368808	-2437.53
1267	0.365821	-2393.19
1268	0.363334	-2372.26
1269	0.36287	-2355.18
1270	0.370382	-2485.49
1271	0.363248	-2390.73
1272	0.362714	-2340.72
1273	0.359731	-2300.46
1274	0.364079	-2389.65
1275	0.364424	-2421.14
1276	0.371896	-2525.84
1277	0.369149	-2473.19
1278	0.358823	-2340.49
1279	0.361817	-2368.85
1280	0.365401	-2415.67
1281	0.363869	-2356.85
1282	0.368321	-2463.97
1283	0.364691	-2392.09
1284	0.369008	-2446.75
1285	0.359947	-2316.35
1286	0.360589	-2323.46
1287	0.357844	-2310.02
1288	0.363281	-2371.54
1289	0.367848	-2419.38
1290	0.366356	-2387.97
1291	0.370538	-2500.26
1292	0.368963	-2455.16
1293	0.362446	-2375.27
1294	0.368093	-2463.83
1295	0.362179	-2363.75
1296	0.365025	-2411.54
1297	0.363728	-2387.01
1298	0.366383	-2416
1299	0.362988	-2351.98
1300	0.372504	-2475.59
1301	0.362484	-2363.05
1302	0.364187	-2379.44
1303	0.363806	-2361.21
1304	0.375566	-2534.35
1305	0.365762	-2436.26
1306	0.368972	-2438.54
1307	0.371189	-2453.43
1308	0.367279	-2410.73
1309	0.365818	-2375.62
1310	0.354731	-2276.8
1311	0.366955	-2460.25
1312	0.368215	-2424.6
1313	0.365074	-2416.03
1314	0.372207	-2463.68
1315	0.363795	-2399.74
1316	0.367731	-2448.23
1317	0.362729	-2357.21
1318	0.354391	-2301.74
1319	0.364459	-2386.59
1320	0.364035	-2412.08
1321	0.362596	-2319.38
1322	0.363885	-2414.07
1323	0.368175	-2445.69
1324	0.364677	-2432.55
1325	0.356626	-2308.78
1326	0.368224	-2426.61
1327	0.363196	-2377.05
1328	0.357989	-2307.42
1329	0.35883	-2314.07
1330	0.362846	-2355.08
1331	0.371254	-2448.58
1332	0.370761	-2480.31
1333	0.366597	-2385.36
1334	0.362385	-2352.41
1335	0.36413	-2382.74
1336	0.369248	-2452.29
1337	0.364994	-2463.29
1338	0.370134	-2468.04
1339	0.367841	-2427.31
1340	0.361116	-2349.82
1341	0.365469	-2392.46
1342	0.371962	-2467.18
1343	0.363097	-2355.07
1344	0.368629	-2444.29
1345	0.361081	-2327.63
1346	0.35751	-2297.94
1347	0.3583	-2349.35
1348	0.370653	-2452.19
1349	0.369684	-2487.53
1350	0.361171	-2300.45
1351	0.374268	-2516.43
1352	0.364181	-2422.4
1353	0.372729	-2506.2
1354	0.370858	-2467.61
1355	0.36589	-2386.18
1356	0.360596	-2343.09
1357	0.375308	-2515.14
1358	0.366178	-2445.07
1359	0.36287	-2358.38
1360	0.361831	-2368.38
1361	0.368742	-2426.01
1362	0.369665	-2485.23
1363	0.36357	-2403.44
1364	0.362812	-2355.27
1365	0.365508	-2374.05
1366	0.358987	-2296.68
1367	0.360487	-2343.75
1368	0.356318	-2306.7
1369	0.363449	-2317.84
1370	0.365303	-2391.55
1371	0.3629	-2385.42
1372	0.360652	-2366.56
1373	0.362718	-2370.72
1374	0.372739	-2499.51
1375	0.359173	-2355.73
1376	0.356287	-2285.75
1377	0.367731	-2423.87
1378	0.360249	-2361.28
1379	0.362179	-2362.36
1380	0.361859	-2324.04
1381	0.364816	-2389.15
1382	0.368953	-2474.42
1383	0.364499	-2367.44
1384	0.364056	-2395.94
1385	0.362855	-2381
1386	0.365703	-2415.42
1387	0.369963	-2448.3
1388	0.362803	-2350.41
1389	0.369188	-2461.27
1390	0.370722	-2471.87
1391	0.366106	-2360.1
1392	0.365241	-2398.08
1393	0.373319	-2524.07
1394	0.363204	-2389.74
1395	0.369518	-2419.84
1396	0.37112	-2438.73
1397	0.363115	-2358.41
1398	0.376992	-2569.45
1399	0.373536	-2529.79
1400	0.352979	-2248.89
1401	0.36428	-2356.3
1402	0.364461	-2330.14
1403	0.361246	-2330.4
1404	0.355664	-2227.98
1405	0.367328	-2402.37
1406	0.367022	-2448.68
1407	0.368805	-2433.44
1408	0.367193	-2453.07
1409	0.361756	-2358.15
1410	0.361812	-2341.54
1411	0.356801	-2288.01
1412	0.362773	-2369.07
1413	0.366424	-2456.09
1414	0.356722	-2271.23
1415	0.360405	-2366.2
1416	0.368533	-2443.76
1417	0.368413	-2438.13
1418	0.36732	-2379.89
1419	0.365793	-2416.97
1420	0.364216	-2362.63
1421	0.363966	-2385.7
1422	0.364369	-2364.56
1423	0.363987	-2408.5
1424	0.361343	-2327.28
1425	0.368315	-2479.78
1426	0.367996	-2465.83
1427	0.362119	-2360.09
1428	0.358269	-2292.28
1429	0.370324	-2432.57
1430	0.368889	-2452.6
1431	0.362909	-2387.86
1432	0.355465	-2314.36
1433	0.361223	-2363.11
1434	0.368148	-2478.77
1435	0.374534	-2517.43
1436	0.367835	-2441.47
1437	0.362744	-2356.56
1438	0.372752	-2490.92
1439	0.370952	-2425.56
1440	0.368648	-2451.49
1441	0.359463	-2321.84
1442	0.36794	-2442.62
1443	0.36518	-2396.64
1444	0.367258	-2444.54
1445	0.372793	-2499.5
1446	0.374552	-2482.38
1447	0.36394	-2390.4
1448	0.367105	-2400.89
1449	0.359734	-2341
1450	0.36402	-2386.04
1451	0.366965	-2421.26
1452	0.35726	-2291.53
1453	0.368229	-2461.44
1454	0.368265	-2448.55
1455	0.35932	-2332.04
1456	0.358882	-2371.78
1457	0.363432	-2372.54
1458	0.364133	-2361.14
1459	0.368445	-2432.54
1460	0.370354	-2446.91
1461	0.36621	-2401.02
1462	0.359726	-2321.77
1463	0.370225	-2415.08
1464	0.365378	-2419.09
1465	0.372902	-2515.69
1466	0.360753	-2352.72
1467	0.366444	-2395.22
1468	0.359505	-2347.43
1469	0.362505	-2353.48
1470	0.370589	-2420.06
1471	0.374546	-2509.44
1472	0.364424	-2395.12
1473	0.367134	-2436.93
1474	0.375709	-2535.24
1475	0.358611	-2287.96
1476	0.364616	-2418.16
1477	0.358502	-2247.27
1478	0.360172	-2298.25
1479	0.36637	-2451.57
1480	0.361972	-2368.45
1481	0.362457	-2409.51
1482	0.365155	-2373.98
1483	0.365598	-2443.92
1484	0.362997	-2400.23
1485	0.356693	-2305.32
1486	0.37184	-2514.55
1487	0.371606	-2523.59
1488	0.363233	-2355.81
1489	0.369321	-2472.78
1490	0.362692	-2379.51
1491	0.360769	-2324.7
1492	0.363135	-2344.11
1493	0.375274	-2583.84
1494	0.365604	-2455.19
1495	0.361485	-2352.55
1496	0.362581	-2359.64
1497	0.369593	-2493.2
1498	0.356841	-2277.54
1499	0.370487	-2468.53
1500	0.355525	-2282.25
1501	0.363865	-2364.74
1502	0.362046	-2355.43
1503	0.363551	-2386.66
1504	0.363491	-2411.44
1505	0.375413	-2566.73
1506	0.366697	-2420.47
1507	0.367476	-2466.06
1508	0.36878	-2437.77
1509	0.363403	-2358.79
1510	0.366177	-2362.84
1511	0.35952	-2293.5
1512	0.373745	-2496.67
1513	0.365607	-2440.6
1514	0.370018	-2443.19
1515	0.369217	-2413.17
1516	0.36071	-2365.14
1517	0.362881	-2339.22
1518	0.365904	-2409.61
1519	0.365353	-2431.82
1520	0.367144	-2416.56
1521	0.364989	-2419.89
1522	0.371242	-2468.85
1523	0.371769	-2484.09
1524	0.363778	-2395.91
1525	0.364165	-2377.11
1526	0.36486	-2392.88
1527	0.358282	-2319.61
1528	0.361037	-2336.96
1529	0.366465	-2390.51
1530	0.359641	-2286.2
1531	0.36233	-2327.28
1532	0.364215	-2396.66
1533	0.364942	-2402.68
1534	0.369863	-2495.5
1535	0.367129	-2383.56
1536	0.35507	-2264.79
1537	0.361459	-2346.07
1538	0.36726	-2408.43
1539	0.365065	-2377.39
1540	0.366557	-2403.71
1541	0.3649	-2383.73
1542	0.360441	-2363.87
1543	0.365935	-2415.51
1544	0.365825	-2383.46
1545	0.372309	-2526.28
1546	0.363983	-2378.61
1547	0.369361	-2463.66
1548	0.362051	-2358.12
1549	0.367116	-2440.77
1550	0.361055	-2302.2
1551	0.369645	-2455.62
1552	0.366705	-2429.28
1553	0.365659	-2412.49
1554	0.363826	-2330.56
1555	0.365208	-2381.81
1556	0.370949	-2498.05
1557	0.369911	-2465.79
1558	0.355446	-2285.96
1559	0.369253	-2428.9
1560	0.366928	-2415.02
1561	0.350723	-2228.05
1562	0.364494	-2345.94
1563	0.369389	-2468.93
1564	0.365159	-2371.25
1565	0.363537	-2391.59
1566	0.36523	-2369.19
1567	0.36609	-2455.87
1568	0.359025	-2332.96
1569	0.373755	-2503.86
1570	0.356487	-2307.98
1571	0.366102	-2449.78
1572	0.374595	-2558.87
1573	0.36989	-2421.56
1574	0.363166	-2404.15
1575	0.367995	-2444.32
1576	0.364083	-2368.76
1577	0.362579	-2360.02
1578	0.358325	-2289.58
1579	0.358204	-2293.44
1580	0.36285	-2386.23
1581	0.374112	-2516.31
1582	0.354821	-2267.72
1583	0.371793	-2493.15
1584	0.360709	-2293.98
1585	0.364289	-2416.37
1586	0.367973	-2437.04
1587	0.36659	-2406.21
1588	0.36745	-2448.5
1589	0.37922	-2656.66
1590	0.362886	-2393.08
1591	0.367446	-2396.99
1592	0.366864	-2403.73
1593	0.357225	-2329.6
1594	0.371657	-2447.34
1595	0.366728	-2381.14
1596	0.365639	-2382.74
1597	0.365364	-2446.45
1598	0.360677	-2312.9
1599	0.360001	-2339.32
1600	0.363794	-2377.39
1601	0.359218	-2305.32
1602	0.369756	-2423.11
1603	0.362136	-2331.73
1604	0.371084	-2480.34
1605	0.358219	-2307.36
1606	0.360993	-2330.4
1607	0.364434	-2381.5
1608	0.363689	-2355.81
1609	0.366797	-2446.02
1610	0.361398	-2340.97
1611	0.354118	-2248.69
1612	0.368129	-2469.53
1613	0.361337	-2354.87
1614	0.367986	-2407.55
1615	0.364247	-2386.28
1616	0.36441	-2400.72
1617	0.364164	-2362.87
1618	0.361411	-2334.25
1619	0.366142	-2406.04
1620	0.369942	-2459.6
1621	0.361922	-2349.41
1622	0.361697	-2345.54
1623	0.372425	-2510.88
1624	0.364734	-2416.34
1625	0.36871	-2423.58
1626	0.367306	-2416.9
1627	0.364516	-2399.41
1628	0.369605	-2503.8
1629	0.375437	-2537.64
1630	0.361717	-2379.87
1631	0.366322	-2407.01
1632	0.368395	-2461.37
1633	0.369619	-2442.96
1634	0.370773	-2411.71
1635	0.372663	-2502.38
1636	0.363442	-2391.22
1637	0.374494	-2522.18
1638	0.363677	-2409.23
1639	0.369193	-2431.56
1640	0.364048	-2375.3
1641	0.363908	-2403.48
1642	0.361518	-2354.91
1643	0.364274	-2368.67
1644	0.366097	-2375.93
1645	0.360476	-2351.79
1646	0.36425	-2374.29
1647	0.367589	-2452.4
1648	0.359751	-2311.52
1649	0.368886	-2435.9
1650	0.364347	-2374.42
1651	0.369108	-2460.74
1652	0.37029	-2486.25
1653	0.369854	-2430.53
1654	0.368038	-2398.57
1655	0.36306	-2364.97
1656	0.366589	-2422.8
1657	0.363389	-2377.93
1658	0.368285	-2472.48
1659	0.373506	-2506.65
1660	0.361003	-2342.23
1661	0.367369	-2393.8
1662	0.366288	-2454.94
1663	0.363852	-2323.34
1664	0.361887	-2339.61
1665	0.370586	-2446.61
1666	0.365097	-2406.43
1667	0.362761	-2367.87
1668	0.357077	-2314.38
1669	0.364605	-2356.57
1670	0.369727	-2395.31
1671	0.356655	-2274.47
1672	0.372356	-2465.03
1673	0.37179	-2499.5
1674	0.360208	-2335.06
1675	0.359923	-2333.37
1676	0.362168	-2360.42
1677	0.368156	-2417.68
1678	0.366666	-2420.22
1679	0.357771	-2278.1
1680	0.372848	-2457.16
1681	0.353284	-2230.09
1682	0.360574	-2287.11
1683	0.373517	-2497.51
1684	0.373691	-2526.77
1685	0.365563	-2444.16
1686	0.354038	-2255.33
1687	0.358845	-2340.55
1688	0.36564	-2413.1
1689	0.362303	-2323.88
1690	0.362017	-2337.18
1691	0.37779	-2513.15
1692	0.364324	-2365.84
1693	0.357561	-2250.5
1694	0.365357	-2419.51
1695	0.358266	-2311.69
1696	0.364674	-2407.55
1697	0.375794	-2522.14
1698	0.360981	-2340.23
1699	0.357543	-2307.82
1700	0.355375	-2242.26
1701	0.359425	-2354.75
1702	0.365951	-2409.73
1703	0.357309	-2283.95
1704	0.362836	-2373.12
1705	0.362294	-2383.27
1706	0.364223	-2358.69
1707	0.36674	-2425.29
1708	0.364882	-2398.92
1709	0.369765	-2443.7
1710	0.360511	-2338.49
1711	0.363179	-2369.76
1712	0.366187	-2358.5
1713	0.364381	-2367.27
1714	0.37062	-2482.09
1715	0.367727	-2423.9
1716	0.373246	-2465.83
1717	0.372017	-2529.89
1718	0.361665	-2391.22
1719	0.370996	-2478.8
1720	0.359593	-2345.76
1721	0.369509	-2428.73
1722	0.36899	-2470.12
1723	0.356118	-2277.41
1724	0.368404	-2392.4
1725	0.364002	-2383.09
1726	0.359693	-2336.4
1727	0.359992	-2355.05
1728	0.372179	-2484.27
1729	0.36555	-2389.93
1730	0.3632	-2409.49
1731	0.365586	-2442.65
1732	0.365839	-2399.25
1733	0.369189	-2470.43
1734	0.35884	-2303.98
1735	0.359749	-2312.04
1736	0.356159	-2262.07
1737	0.358628	-2313.96
1738	0.364338	-2369.04
1739	0.365907	-2359.92
1740	0.363589	-2393.19
1741	0.366228	-2410.64
1742	0.370313	-2463.88
1743	0.364013	-2368.63
1744	0.365213	-2419.1
1745	0.360556	-2366.67
1746	0.367732	-2450.83
1747	0.367623	-2442.14
1748	0.363009	-2349.6
1749	0.362002	-2371.32
1750	0.359523	-2382.84
1751	0.370289	-2433.98
1752	0.355612	-2241.39
1753	0.367642	-2454.57
1754	0.359051	-2335.4
1755	0.363337	-2366.25
1756	0.365815	-2396.72
1757	0.366569	-2383.42
1758	0.366272	-2381.09
1759	0.370909	-2480.35
1760	0.369746	-2476.83
1761	0.368202	-2418.42
1762	0.367917	-2454.71
1763	0.368855	-2465.58
1764	0.36522	-2366.56
1765	0.374025	-2477.23
1766	0.370505	-2461.92
1767	0.364911	-2372.17
1768	0.365463	-2390.84
1769	0.363397	-2388.31
1770	0.364212	-2404.21
1771	0.366428	-2409.6
1772	0.370536	-2460.32
1773	0.363506	-2349.32
1774	0.372928	-2523.74
1775	0.360934	-2349.56
1776	0.367917	-2435.97
1777	0.368028	-2454.35
1778	0.363332	-2374.04
1779	0.363667	-2323.59
1780	0.372718	-2493.52
1781	0.362296	-2348.13
1782	0.363172	-2399.34
1783	0.371623	-2513.33
1784	0.364459	-2387.19
1785	0.368501	-2431.03
1786	0.371088	-2481.4
1787	0.368763	-2450.94
1788	0.359617	-2307.13
1789	0.366864	-2432.74
1790	0.361537	-2353.08
1791	0.365554	-2393.1
1792	0.363339	-2404.09
1793	0.370192	-2449.12
1794	0.370829	-2497.53
1795	0.35817	-2301.41
1796	0.359867	-2339.36
1797	0.359507	-2313.96
1798	0.357104	-2281.85
1799	0.357367	-2275.89
1800	0.365409	-2443.92
1801	0.37033	-2464.12
1802	0.36114	-2336.66
1803	0.372586	-2460.81
1804	0.363638	-2376.22
1805	0.370393	-2477.83
1806	0.366609	-2445.37
1807	0.365138	-2370.9
1808	0.364904	-2356.66
1809	0.365071	-2392.15
1810	0.355675	-2287.38
1811	0.365937	-2399.28
1812	0.366842	-2413.88
1813	0.356424	-2239.18
1814	0.373488	-2525.98
1815	0.372202	-2520.05
1816	0.368096	-2426
1817	0.366244	-2458.12
1818	0.365224	-2384.4
1819	0.361841	-2318.31
1820	0.368686	-2408.95
1821	0.366276	-2418.06
1822	0.358625	-2262.93
1823	0.367804	-2423.32
1824	0.36597	-2351.68
1825	0.364088	-2377.07
1826	0.362274	-2382.54
1827	0.366171	-2429.45
1828	0.360286	-2339.9
1829	0.363656	-2392.89
1830	0.37078	-2464.75
1831	0.361136	-2321.38
1832	0.361475	-2313.35
1833	0.362794	-2358.8
1834	0.370523	-2443.94
1835	0.361721	-2334.12
1836	0.35731	-2337.93
1837	0.368407	-2415.36
1838	0.36113	-2340.87
1839	0.354191	-2247.54
1840	0.364953	-2363.41
1841	0.359679	-2303.29
1842	0.363024	-2330.74
1843	0.362843	-2379.5
1844	0.361251	-2351.54
1845	0.363899	-2404.08
1846	0.359457	-2363.48
1847	0.366227	-2395.99
1848	0.364687	-2390.3
1849	0.359371	-2198.34
1850	0.374243	-2512.16
1851	0.356825	-2258.43
1852	0.366387	-2419.81
1853	0.364403	-2362.15
1854	0.367166	-2435.38
1855	0.3654	-2410.14
1856	0.358528	-2365.24
1857	0.355419	-2272.15
1858	0.365269	-2412.2
1859	0.363548	-2356.02
1860	0.370837	-2485.1
1861	0.361372	-2321.94
1862	0.365701	-2410.39
1863	0.365649	-2383.05
1864	0.372523	-2508.38
1865	0.359587	-2280.11
1866	0.36508	-2336.85
1867	0.359565	-2309.36
1868	0.359637	-2327.15
1869	0.37233	-2474.48
1870	0.364124	-2360.3
1871	0.369695	-2454.05
1872	0.359663	-2306.03
1873	0.367272	-2400.76
1874	0.369839	-2481.18
1875	0.371862	-2531.61
1876	0.358726	-2313.11
1877	0.366013	-2417.1
1878	0.373922	-2534.05
1879	0.378839	-2545.39
1880	0.367082	-2402.5
1881	0.362503	-2401.93
1882	0.376543	-2547.89
1883	0.367371	-2417.23
1884	0.366021	-2397.9
1885	0.358598	-2333.42
1886	0.362705	-2359.38
1887	0.375053	-2520.66
1888	0.366714	-2418.83
1889	0.369576	-2445.08
1890	0.359952	-2346.33
1891	0.356585	-2299.48
1892	0.367833	-2431.12
1893	0.365099	-2382.92
1894	0.364946	-2455.88
1895	0.366005	-2437
1896	0.36082	-2363.13
1897	0.369054	-2466.93
1898	0.364888	-2388.09
1899	0.358495	-2313.25
1900	0.366747	-2426.2
1901	0.361338	-2364.61
1902	0.366047	-2377.62
1903	0.365147	-2415.35
1904	0.361064	-2331.52
1905	0.356087	-2264.26
1906	0.364201	-2345.63
1907	0.364961	-2422.73
1908	0.371206	-2494.63
1909	0.358852	-2338.99
1910	0.361529	-2364.65
1911	0.362407	-2398.87
1912	0.376656	-2507.72
1913	0.372124	-2451.11
1914	0.372469	-2500.77
1915	0.370081	-2394.56
1916	0.371202	-2437.64
1917	0.362342	-2390.34
1918	0.358732	-2306.62
1919	0.374366	-2496.66
1920	0.367545	-2456.22
1921	0.372134	-2509.68
1922	0.359987	-2318.24
1923	0.361053	-2344.32
1924	0.36161	-2369.09
1925	0.360521	-2278.29
1926	0.370258	-2496.64
1927	0.356783	-2277.38
1928	0.369895	-2434.37
1929	0.374584	-2502.96
1930	0.363589	-2345.52
1931	0.364902	-2384.9
1932	0.366518	-2439.12
1933	0.373432	-2535.26
1934	0.364638	-2396.15
1935	0.359091	-2291.81
1936	0.371999	-2478.26
1937	0.364108	-2401.33
1938	0.367372	-2371.41
1939	0.374643	-2583.47
1940	0.369348	-2438.22
1941	0.364518	-2377.9
1942	0.375497	-2538.26
1943	0.357933	-2303.05
1944	0.353821	-2250.49
1945	0.362489	-2366.52
1946	0.360842	-2354.37
1947	0.366507	-2382.07
1948	0.361528	-2344.58
1949	0.365282	-2373.76
1950	0.364577	-2395.89
1951	0.363076	-2344.73
1952	0.367734	-2453.88
1953	0.35347	-2217.82
1954	0.358973	-2310.57
1955	0.367868	-2482.97
1956	0.361304	-2371.99
1957	0.369888	-2424.28
1958	0.368754	-2426.76
1959	0.36284	-2349.02
1960	0.368775	-2427.26
1961	0.363237	-2373.29
1962	0.353437	-2236.48
1963	0.364687	-2370.5
1964	0.366059	-2382.24
1965	0.358258	-2293.77
1966	0.372377	-2463.71
1967	0.369941	-2443.68
1968	0.366593	-2381.22
1969	0.356329	-2253.02
1970	0.367045	-2441.28
1971	0.361779	-2347.1
1972	0.375117	-2578.31
1973	0.362056	-2341.87
1974	0.362527	-2386.19
1975	0.36596	-2367.95
1976	0.363751	-2347.63
1977	0.356992	-2315.69
1978	0.364095	-2419.34
1979	0.363338	-2400.42
1980	0.357455	-2290.9
1981	0.370071	-2469.69
1982	0.366191	-2408.88
1983	0.366313	-2406.75
1984	0.36337	-2417.25
1985	0.365418	-2415.98
1986	0.364188	-2362.56
1987	0.368083	-2435.5
1988	0.359321	-2289.06
1989	0.361718	-2349.23
1990	0.367068	-2446.09
1991	0.366203	-2397.69
1992	0.372821	-2491.53
1993	0.364996	-2382.49
1994	0.367868	-2408.61
1995	0.366303	-2412.99
1996	0.367332	-2384.66
1997	0.371171	-2474.37
1998	0.369398	-2480.07
1999	0.36746	-2414.38
2000	0.369471	-2470.34
2001	0.37105	-2483.47
2002	0.366909	-2434.22
2003	0.354694	-2247.51
2004	0.363054	-2327.68
2005	0.371378	-2485.65
2006	0.370329	-2448.76
2007	0.361886	-2313.29
2008	0.368396	-2440.66
2009	0.368495	-2399.24
2010	0.364515	-2401.57
2011	0.359351	-2379.49
2012	0.367361	-2386.67
2013	0.368946	-2424
2014	0.363366	-2359.39
2015	0.369175	-2435.89
2016	0.356149	-2221.27
2017	0.360248	-2319.26
2018	0.360347	-2321
2019	0.36878	-2466.16
2020	0.363933	-2363.01
2021	0.362371	-2356.53
2022	0.362869	-2351.07
2023	0.362873	-2334.76
2024	0.365518	-2335.93
2025	0.365572	-2373.63
2026	0.364431	-2429.54
2027	0.362529	-2390.14
2028	0.366161	-2407.92
2029	0.360733	-2362.63
2030	0.36026	-2255.63
2031	0.368425	-2419.89
2032	0.360359	-2349.17
2033	0.371236	-2459.03
2034	0.361405	-2353.83
2035	0.367118	-2431.21
2036	0.363974	-2351.44
2037	0.360459	-2308.87
2038	0.367342	-2407.75
2039	0.369291	-2443.4
2040	0.366444	-2439.54
2041	0.368828	-2446.63
2042	0.372054	-2470.82
2043	0.360438	-2327.43
2044	0.359541	-2354.02
2045	0.371021	-2459.62
2046	0.364083	-2343.08
2047	0.36244	-2373.59
2048	0.359348	-2321
2049	0.357373	-2313.43
2050	0.36202	-2376.4
2051	0.366138	-2417.03
2052	0.362414	-2332.37
2053	0.36692	-2428.33
2054	0.367936	-2463.03
2055	0.36227	-2396.79
2056	0.364996	-2401.64
2057	0.359299	-2282.58
2058	0.361052	-2370.87
2059	0.370959	-2476.29
2060	0.366786	-2429.13
2061	0.364926	-2412.86
2062	0.365373	-2379.92
2063	0.361709	-2355.02
2064	0.363082	-2359.23
2065	0.361626	-2355.97
2066	0.367698	-2425.04
2067	0.358156	-2287.05
2068	0.356893	-2273.05
2069	0.360505	-2283.1
2070	0.361107	-2335.11
2071	0.362709	-2333.81
2072	0.367187	-2416.02
2073	0.364419	-2392.42
2074	0.37121	-2515.14
2075	0.368161	-2454.26
2076	0.366869	-2470.51
2077	0.362832	-2414.57
2078	0.365762	-2420.05
2079	0.366415	-2424.84
2080	0.360148	-2319.29
2081	0.360126	-2339.66
2082	0.365265	-2403.62
2083	0.357775	-2337.9
2084	0.357947	-2355.42
2085	0.361663	-2389.89
2086	0.363287	-2378.91
2087	0.367618	-2443.14
2088	0.370055	-2495.67
2089	0.360479	-2326.53
2090	0.369116	-2432.29
2091	0.351643	-2220.35
2092	0.360181	-2345.56
2093	0.365929	-2432.52
2094	0.369177	-2487.71
2095	0.372301	-2504.34
2096	0.357043	-2332.8
2097	0.370209	-2440.48
2098	0.367367	-2399.37
2099	0.364661	-2375.09
2100	0.360058	-2317.27
2101	0.364845	-2415.74
2102	0.371864	-2471.95
2103	0.36718	-2469.01
2104	0.362003	-2350.74
2105	0.363601	-2372.42
2106	0.364699	-2378.17
2107	0.361586	-2383
2108	0.35898	-2306.91
2109	0.358998	-2282.31
2110	0.36272	-2385.52
2111	0.360091	-2369.96
2112	0.367569	-2426.65
2113	0.366361	-2412.69
2114	0.366166	-2377.15
2115	0.362332	-2340.56
2116	0.368191	-2458.6
2117	0.364243	-2360.18
2118	0.357712	-2320.26
2119	0.363364	-2395.9
2120	0.363666	-2382.85
2121	0.366824	-2425.5
2122	0.361912	-2378.65
2123	0.366566	-2390.24
2124	0.365678	-2412.54
2125	0.372771	-2526.22
2126	0.361474	-2330.59
2127	0.367259	-2424.67
2128	0.365612	-2360.14
2129	0.359024	-2320.72
2130	0.367363	-2430.37
2131	0.369379	-2429.36
2132	0.369073	-2440.46
2133	0.362374	-2334.14
2134	0.372607	-2483.59
2135	0.364029	-2359.09
2136	0.362984	-2356.81
2137	0.366462	-2429.62
2138	0.367177	-2447.49
2139	0.353698	-2218.89
2140	0.36957	-2482.36
2141	0.362308	-2377.57
2142	0.374744	-2529.62
2143	0.366668	-2424.26
2144	0.359799	-2289.04
2145	0.374065	-2483.33
2146	0.369142	-2489.73
2147	0.364481	-2367.49
2148	0.363882	-2381.35
2149	0.361441	-2324.32
2150	0.373939	-2538.19
2151	0.366784	-2420.7
2152	0.364228	-2396.75
2153	0.359953	-2353.64
2154	0.361974	-2368.96
2155	0.369535	-2450.07
2156	0.362191	-2365.72
2157	0.360706	-2362.36
2158	0.360666	-2358.13
2159	0.363255	-2376.86
2160	0.368958	-2447.51
2161	0.360114	-2352.33
2162	0.356914	-2284.38
2163	0.372148	-2480.06
2164	0.368572	-2457.62
2165	0.363239	-2324.87
2166	0.361231	-2322.34
2167	0.358435	-2348.21
2168	0.363999	-2373.32
2169	0.367313	-2411.47
2170	0.364344	-2439.72
2171	0.362078	-2346.25
2172	0.375432	-2535.18
2173	0.374332	-2517.43
2174	0.363069	-2380.42
2175	0.374876	-2539.49
2176	0.361279	-2333.08
2177	0.373409	-2504.49
2178	0.365502	-2427.95
2179	0.366708	-2405.75
2180	0.374471	-2570.03
2181	0.35487	-2242.09
2182	0.367373	-2418.71
2183	0.364473	-2399.99
2184	0.369887	-2434.28
2185	0.366315	-2426.97
2186	0.366301	-2438.69
2187	0.364765	-2407.45
2188	0.369238	-2453.93
2189	0.366465	-2414.8
2190	0.369862	-2464.58
2191	0.371757	-2504.45
2192	0.362167	-2358.72
2193	0.364476	-2391.07
2194	0.372242	-2492.78
2195	0.362339	-2384.52
2196	0.359044	-2265.45
2197	0.360808	-2354.73
2198	0.36116	-2334.11
2199	0.366921	-2406.6
2200	0.370202	-2452.02
2201	0.371497	-2505.65
2202	0.360831	-2321.02
2203	0.358375	-2325.6
2204	0.365499	-2452.16
2205	0.367162	-2414.7
2206	0.35938	-2260.57
2207	0.363898	-2344.99
2208	0.3565	-2294.55
2209	0.362642	-2358.76
2210	0.369611	-2466.7
2211	0.367291	-2405.07
2212	0.367434	-2429.87
2213	0.365042	-2384.13
2214	0.370505	-2448.26
2215	0.366911	-2381.29
2216	0.368946	-2455.41
2217	0.363262	-2349.47
2218	0.371093	-2484.05
2219	0.359658	-2358.57
2220	0.368544	-2438.63
2221	0.361975	-2378.01
2222	0.364203	-2368.6
2223	0.363716	-2372.75
2224	0.370881	-2479.48
2225	0.371835	-2540.48
2226	0.368486	-2411.98
2227	0.368486	-2442.46
2228	0.366219	-2382.59
2229	0.365191	-2391.57
2230	0.36811	-2444.88
2231	0.361439	-2365.91
2232	0.367069	-2438.21
2233	0.362572	-2364.17
2234	0.359748	-2301.93
2235	0.358616	-2293.24
2236	0.374036	-2487.54
2237	0.359909	-2324.55
2238	0.358845	-2328.26
2239	0.361444	-2333.31
2240	0.367594	-2447.51
2241	0.371669	-2449.25
2242	0.364389	-2391.51
2243	0.365541	-2398.63
2244	0.365369	-2427.31
2245	0.364093	-2381.12
2246	0.362082	-2361.67
2247	0.363973	-2345.89
2248	0.362806	-2345.42
2249	0.355529	-2262.51
2250	0.362515	-2344.65
2251	0.379974	-2584.86
2252	0.364365	-2353.24
2253	0.369516	-2494.29
2254	0.362354	-2397.27
2255	0.365796	-2422.87
2256	0.361169	-2338.82
2257	0.365026	-2368.81
2258	0.369996	-2482.72
2259	0.352992	-2245.85
2260	0.359265	-2311.57
2261	0.360435	-2338
2262	0.371912	-2493.57
2263	0.364977	-2406.77
2264	0.371233	-2477.69
2265	0.361685	-2347.6
2266	0.373466	-2501.83
2267	0.361663	-2367.77
2268	0.359703	-2306.84
2269	0.368328	-2413.68
2270	0.364237	-2413.69
2271	0.359539	-2297.59
2272	0.368341	-2462.72
2273	0.374141	-2557.19
2274	0.356485	-2277.21
2275	0.367614	-2413.43
2276	0.371442	-2508.43
2277	0.360513	-2297.29
2278	0.364645	-2422.16
2279	0.369898	-2473.15
2280	0.363716	-2385.24
2281	0.364709	-2379.64
2282	0.367174	-2424.85
2283	0.367523	-2427.67
2284	0.367527	-2446.66
2285	0.366719	-2455.29
2286	0.367168	-2418.21
2287	0.370445	-2459.8
2288	0.368634	-2453.46
2289	0.361416	-2373.54
2290	0.364899	-2363.39
2291	0.372747	-2489.71
2292	0.358977	-2329.96
2293	0.360085	-2316.95
2294	0.371538	-2497.27
2295	0.369633	-2525.13
2296	0.361541	-2359.92
2297	0.360301	-2348.32
2298	0.369268	-2426.57
2299	0.361408	-2345.61
2300	0.370307	-2430.82
2301	0.364056	-2365.2
2302	0.364245	-2396.85
2303	0.354154	-2218.72
2304	0.367123	-2404.97
2305	0.368228	-2386.89
2306	0.376381	-2538.1
2307	0.362099	-2335.04
2308	0.368887	-2429.38
2309	0.359623	-2291.15
2310	0.361204	-2351.62
2311	0.363032	-2366.8
2312	0.362921	-2358.52
2313	0.363309	-2374.8
2314	0.359803	-2301.51
2315	0.365722	-2410.98
2316	0.356665	-2288.37
2317	0.375994	-2525.27
2318	0.364411	-2374.08
2319	0.362465	-2362.75
2320	0.363436	-2332.69
2321	0.365781	-2391.49
2322	0.363167	-2411.57
2323	0.371121	-2451.87
2324	0.367462	-2400.35
2325	0.360709	-2345.75
2326	0.368046	-2389.26
2327	0.375975	-2554.2
2328	0.368635	-2473.5
2329	0.356435	-2299.1
2330	0.364027	-2383.67
2331	0.360028	-2368.98
2332	0.374622	-2509.35
2333	0.370339	-2451.06
2334	0.372865	-2492.92
2335	0.357892	-2318.91
2336	0.362344	-2390.34
2337	0.355564	-2288.87
2338	0.361572	-2344.99
2339	0.362988	-2383.68
2340	0.368499	-2422.69
2341	0.366838	-2431.53
2342	0.361657	-2325.94
2343	0.360635	-2319.59
2344	0.367838	-2424.72
2345	0.367236	-2439.05
2346	0.353991	-2285.96
2347	0.363921	-2378.96
2348	0.366121	-2454.75
2349	0.357463	-2302.32
2350	0.368005	-2441.88
2351	0.364568	-2353.22
2352	0.361584	-2341.33
2353	0.360078	-2275.5
2354	0.362137	-2292.23
2355	0.367074	-2379.21
2356	0.363265	-2398.44
2357	0.365579	-2369.04
2358	0.361742	-2324.67
2359	0.360194	-2348.8
2360	0.35932	-2293.35
2361	0.368727	-2442.35
2362	0.360098	-2335.59
2363	0.365917	-2413.6
2364	0.365009	-2405.44
2365	0.364587	-2404.16
2366	0.370656	-2502.62
2367	0.3682	-2432.72
2368	0.374254	-2482.71
2369	0.36789	-2415.57
2370	0.36338	-2345.77
2371	0.363053	-2347.25
2372	0.35951	-2301.02
2373	0.374758	-2517.46
2374	0.358452	-2291.46
2375	0.363545	-2413.68
2376	0.364093	-2411.64
2377	0.368934	-2414.24
2378	0.365996	-2395.08
2379	0.363948	-2379.97
2380	0.365413	-2388.89
2381	0.361115	-2335.6
2382	0.36783	-2431.04
2383	0.366971	-2412.89
2384	0.352209	-2236.44
2385	0.361936	-2412.4
2386	0.366154	-2367.76
2387	0.347922	-2182.84
2388	0.357077	-2325.63
2389	0.361478	-2341.36
2390	0.360604	-2374.35
2391	0.351418	-2214.14
2392	0.369222	-2501.78
2393	0.366221	-2419.04
2394	0.359	-2316
2395	0.366935	-2422.76
2396	0.369728	-2476.23
2397	0.376994	-2554.02
2398	0.362573	-2345.1
2399	0.365707	-2376.73
2400	0.365125	-2356.46
2401	0.35733	-2287.39
2402	0.37739	-2580.59
2403	0.365116	-2417.98
2404	0.37071	-2481.25
2405	0.367455	-2428
2406	0.35644	-2286.64
2407	0.356017	-2312.8
2408	0.362998	-2331.49
2409	0.360482	-2314.7
2410	0.369261	-2445.28
2411	0.363058	-2385.89
2412	0.364104	-2396.17
2413	0.361236	-2352.58
2414	0.369406	-2471.32
2415	0.362168	-2356.91
2416	0.366458	-2404.24
2417	0.37847	-2522.82
2418	0.363579	-2409.78
2419	0.37249	-2457.74
2420	0.37051	-2458.53
2421	0.36462	-2398.78
2422	0.367531	-2465.81
2423	0.361844	-2337.92
2424	0.36066	-2368.04
2425	0.364872	-2394.58
2426	0.371981	-2507.79
2427	0.365978	-2414.21
2428	0.364706	-2397.57
2429	0.366046	-2435.19
2430	0.355541	-2283.34
2431	0.366869	-2448.43
2432	0.369811	-2401.46
2433	0.358034	-2302.56
2434	0.357986	-2281.67
2435	0.360239	-2356.81
2436	0.368945	-2481.89
2437	0.368518	-2395.05
2438	0.366908	-2417.3
2439	0.358976	-2353.75
2440	0.366009	-2448.5
2441	0.366961	-2405.37
2442	0.370958	-2450.73
2443	0.368683	-2444.93
2444	0.358432	-2280.96
2445	0.357341	-2303.91
2446	0.365559	-2417.37
2447	0.367279	-2471.42
2448	0.363911	-2328.24
2449	0.361594	-2326.59
2450	0.363862	-2359.9
2451	0.367337	-2419.21
2452	0.377321	-2592.44
2453	0.373127	-2478.74
2454	0.372203	-2487.9
2455	0.366596	-2400.22
2456	0.357879	-2291.36
2457	0.366872	-2416.17
2458	0.370038	-2426.37
2459	0.361556	-2360.85
2460	0.365059	-2379.14
2461	0.369152	-2435.65
2462	0.37305	-2434.19
2463	0.362187	-2343.89
2464	0.368087	-2435.67
2465	0.367843	-2478.58
2466	0.36413	-2381.86
2467	0.359308	-2287.32
2468	0.365171	-2398.25
2469	0.359026	-2310.37
2470	0.360805	-2304.01
2471	0.363282	-2389.68
2472	0.354473	-2245.44
2473	0.368827	-2421.19
2474	0.368884	-2444.97
2475	0.371593	-2504.71
2476	0.363499	-2399.99
2477	0.363925	-2389.42
2478	0.367112	-2415
2479	0.366512	-2412.37
2480	0.359249	-2291.33
2481	0.364832	-2396.6
2482	0.36388	-2366.6
2483	0.362487	-2300.45
2484	0.36868	-2484.62
2485	0.367241	-2393.86
2486	0.375947	-2509.92
2487	0.36513	-2384.71
2488	0.365191	-2370.49
2489	0.353849	-2235.77
2490	0.357881	-2300.32
2491	0.356851	-2290.32
2492	0.366758	-2475.83
2493	0.365499	-2395.31
2494	0.364015	-2378.16
2495	0.368839	-2456.08
2496	0.356918	-2276.57
2497	0.365879	-2449.67
2498	0.369755	-2447.62
2499	0.367952	-2421.02
2500	0.358577	-2284.4
2501	0.359911	-2329.45
2502	0.362884	-2361.79
2503	0.368172	-2458.73
2504	0.367776	-2421.51
2505	0.362754	-2390.22
2506	0.360123	-2313.76
2507	0.374077	-2553.49
2508	0.368206	-2451.13
2509	0.366352	-2365.78
2510	0.355449	-2294.86
2511	0.366226	-2417.16
2512	0.35648	-2245.43
2513	0.353179	-2216.8
2514	0.370153	-2424.12
2515	0.366801	-2416.36
2516	0.365681	-2405.62
2517	0.360069	-2312.51
2518	0.362863	-2316.85
2519	0.363719	-2394.14
2520	0.370568	-2469.66
2521	0.36552	-2417.1
2522	0.359882	-2344.68
2523	0.35991	-2342.12
2524	0.368161	-2432.91
2525	0.368095	-2391.96
2526	0.366511	-2393.61
2527	0.368302	-2415.38
2528	0.359282	-2330.48
2529	0.362644	-2364.34
2530	0.353015	-2228.35
2531	0.364186	-2433.29
2532	0.363176	-2387.72
2533	0.364204	-2351.51
2534	0.363076	-2356.54
2535	0.359028	-2296.34
2536	0.370917	-2517.84
2537	0.367764	-2422.94
2538	0.364192	-2393.05
2539	0.363314	-2367.8
2540	0.359219	-2313.47
2541	0.365584	-2393.46
2542	0.367773	-2426.22
2543	0.365417	-2380.57
2544	0.369773	-2427.02
2545	0.367708	-2492.71
2546	0.360123	-2316.9
2547	0.363266	-2357.69
2548	0.357147	-2296.3
2549	0.366616	-2367.39
2550	0.363748	-2339.18
2551	0.362991	-2372.3
2552	0.357295	-2289.29
2553	0.36581	-2437.02
2554	0.371365	-2453.24
2555	0.369154	-2451.38
2556	0.368231	-2435.99
2557	0.37174	-2506.59
2558	0.368689	-2422.43
2559	0.377749	-2562.26
2560	0.356091	-2283.32
2561	0.352338	-2271.34
2562	0.37709	-2535.25
2563	0.363566	-2418.34
2564	0.363324	-2343.38
2565	0.371886	-2507.2
2566	0.365358	-2410.22
2567	0.373058	-2488.78
2568	0.371314	-2469.69
2569	0.359591	-2354.43
2570	0.368674	-2431.84
2571	0.363212	-2372.27
2572	0.356717	-2263.79
2573	0.36743	-2383.74
2574	0.365176	-2359.39
2575	0.363135	-2372.57
2576	0.368457	-2434.37
2577	0.362579	-2332.53
2578	0.362153	-2336.68
2579	0.365441	-2435.1
2580	0.367353	-2444.16
2581	0.359727	-2337.16
2582	0.36268	-2402.56
2583	0.366905	-2406.73
2584	0.365168	-2438.14
2585	0.357777	-2328.35
2586	0.371085	-2473.98
2587	0.363654	-2414.38
2588	0.374037	-2528.84
2589	0.357816	-2309.16
2590	0.366581	-2426.63
2591	0.359017	-2287.15
2592	0.355424	-2292.75
2593	0.359513	-2309.88
2594	0.368258	-2428.37
2595	0.36188	-2344.9
2596	0.361686	-2328.35
2597	0.366999	-2383.83
2598	0.365548	-2414.73
2599	0.367955	-2447.73
2600	0.365598	-2409.91
2601	0.364038	-2394.89
2602	0.366069	-2389.3
2603	0.364866	-2375.57
2604	0.362881	-2351.99
2605	0.36676	-2400.67
2606	0.369588	-2471.68
2607	0.364993	-2382.39
2608	0.363684	-2428.11
2609	0.362882	-2362.03
2610	0.363122	-2374.84
2611	0.36973	-2474.18
2612	0.366391	-2433.58
2613	0.369844	-2420.21
2614	0.365393	-2367.47
2615	0.37515	-2529.99
2616	0.359977	-2322.91
2617	0.366841	-2425.6
2618	0.363375	-2389.26
2619	0.37333	-2496.61
2620	0.363209	-2380.69
2621	0.364587	-2427.98
2622	0.366956	-2377.79
2623	0.362609	-2370.06
2624	0.364779	-2391.14
2625	0.374475	-2530.88
2626	0.365687	-2408.72
2627	0.364157	-2370.04
2628	0.360271	-2340.03
2629	0.365224	-2426.09
2630	0.37376	-2478.21
2631	0.366871	-2438.54
2632	0.371203	-2455.21
2633	0.37301	-2536.78
2634	0.359182	-2259.62
2635	0.368193	-2469.01
2636	0.360657	-2333.69
2637	0.372526	-2560.43
2638	0.364053	-2368.1
2639	0.358375	-2320.48
2640	0.365385	-2379.32
2641	0.373155	-2470.14
2642	0.370772	-2436.86
2643	0.363841	-2415.67
2644	0.364219	-2438.13
2645	0.374339	-2496.53
2646	0.360846	-2349.44
2647	0.354035	-2255.45
2648	0.364283	-2404.15
2649	0.368847	-2396.41
2650	0.364383	-2419.12
2651	0.360389	-2352.92
2652	0.362627	-2344.64
2653	0.355667	-2311.06
2654	0.363106	-2379.87
2655	0.358242	-2277.59
2656	0.356082	-2217.67
2657	0.359873	-2340.75
2658	0.360024	-2339.93
2659	0.362904	-2328.39
2660	0.361539	-2316.14
2661	0.359845	-2301.21
2662	0.365236	-2367.83
2663	0.356004	-2297.4
2664	0.36558	-2375.73
2665	0.374117	-2542.81
2666	0.358241	-2270.18
2667	0.366761	-2422.62
2668	0.371261	-2517
2669	0.355753	-2258.59
2670	0.366297	-2459.33
2671	0.361093	-2358.24
2672	0.35856	-2366.64
2673	0.360765	-2358.62
2674	0.363487	-2402.35
2675	0.366487	-2442.26
2676	0.361593	-2333.79
2677	0.368566	-2426.62
2678	0.369558	-2437.86
2679	0.364226	-2390.35
2680	0.35207	-2223.35
2681	0.351304	-2210.91
2682	0.366832	-2366.52
2683	0.356003	-2274.94
2684	0.364142	-2371.85
2685	0.36406	-2366.48
2686	0.369033	-2466.1
2687	0.368546	-2442.53
2688	0.35794	-2297.35
2689	0.356662	-2248.01
2690	0.3626	-2343.41
2691	0.365263	-2428.86
2692	0.364134	-2389.93
2693	0.359701	-2344.96
2694	0.361084	-2344.13
2695	0.361149	-2315.86
2696	0.371805	-2485.63
2697	0.362397	-2365.95
2698	0.360212	-2361.47
2699	0.367857	-2451.27
2700	0.36336	-2392.3
2701	0.368214	-2427.09
2702	0.363315	-2352.24
2703	0.369107	-2463.78
2704	0.36899	-2447.26
2705	0.362227	-2361.07
2706	0.363596	-2382.27
2707	0.367006	-2416.51
2708	0.367543	-2448.59
2709	0.369123	-2469.33
2710	0.366224	-2401.16
2711	0.365499	-2391.61
2712	0.367896	-2444.1
2713	0.363691	-2317.05
2714	0.361916	-2359.81
2715	0.356405	-2292.56
2716	0.363643	-2361.42
2717	0.36278	-2371.11
2718	0.366821	-2431.1
2719	0.364736	-2403.59
2720	0.367188	-2412.52
2721	0.365868	-2402.18
2722	0.367992	-2452.31
2723	0.356997	-2284.13
2724	0.363213	-2386.51
2725	0.367138	-2400.62
2726	0.359007	-2306.39
2727	0.367513	-2409.91
2728	0.358402	-2277.7
2729	0.375217	-2513.26
2730	0.361501	-2351.06
2731	0.369961	-2446.63
2732	0.377384	-2570.19
2733	0.36641	-2424.88
2734	0.36408	-2407.52
2735	0.363983	-2399.36
2736	0.370174	-2425.85
2737	0.366321	-2418.39
2738	0.367267	-2425.36
2739	0.366212	-2405.19
2740	0.37093	-2516.27
2741	0.369519	-2502.23
2742	0.357681	-2253.55
2743	0.359228	-2309.92
2744	0.362207	-2347.59
2745	0.361548	-2352.94
2746	0.367257	-2456.81
2747	0.364203	-2385.3
2748	0.364169	-2363.92
2749	0.370223	-2461.62
2750	0.361953	-2387.53
2751	0.363312	-2390.54
2752	0.356767	-2287.1
2753	0.367333	-2399.85
2754	0.36148	-2317.13
2755	0.371936	-2500.94
2756	0.373957	-2490.12
2757	0.372634	-2558.7
2758	0.357949	-2339.15
2759	0.359962	-2330.29
2760	0.361428	-2336.75
2761	0.363792	-2414.79
2762	0.369319	-2461.92
2763	0.368407	-2430.16
2764	0.363835	-2392.6
2765	0.365529	-2354.61
2766	0.362187	-2366.08
2767	0.364138	-2393.37
2768	0.361998	-2372.04
2769	0.359744	-2362.73
2770	0.368141	-2461.85
2771	0.357611	-2307.21
2772	0.361059	-2342.53
2773	0.367413	-2441.13
2774	0.366267	-2432.48
2775	0.361541	-2348.42
2776	0.369093	-2422.2
2777	0.362724	-2366.88
2778	0.356294	-2271.02
2779	0.362479	-2364.98
2780	0.368315	-2445.52
2781	0.361482	-2356.69
2782	0.368133	-2440.6
2783	0.362906	-2373.49
2784	0.355047	-2281.41
2785	0.370173	-2427.49
2786	0.368354	-2442.06
2787	0.365895	-2403.75
2788	0.36726	-2378
2789	0.366795	-2392.11
2790	0.376966	-2579.64
2791	0.373883	-2542.02
2792	0.358223	-2289.75
2793	0.375034	-2531.51
2794	0.363816	-2394.22
2795	0.367665	-2429.32
2796	0.361028	-2301.09
2797	0.362213	-2386.31
2798	0.363022	-2382.58
2799	0.377316	-2543.87
2800	0.367295	-2424.05
2801	0.363092	-2322.19
2802	0.361826	-2383.85
2803	0.374243	-2495.4
2804	0.365388	-2391.38
2805	0.363165	-2352.09
2806	0.363859	-2381.31
2807	0.365156	-2411.56
2808	0.370664	-2433.49
2809	0.363107	-2325.26
2810	0.370266	-2463.22
2811	0.363464	-2403.63
2812	0.370166	-2453.48
2813	0.366062	-2383.41
2814	0.357915	-2358.42
2815	0.362101	-2342.67
2816	0.357229	-2230.17
2817	0.363329	-2366.86
2818	0.366714	-2418.29
2819	0.362759	-2323.7
2820	0.364299	-2375.44
2821	0.358578	-2312.72
2822	0.366011	-2410.39
2823	0.362223	-2334.78
2824	0.366567	-2404.74
2825	0.363868	-2376.42
2826	0.359573	-2300.61
2827	0.362861	-2385.86
2828	0.366088	-2376.72
2829	0.375248	-2511.49
2830	0.360665	-2333.61
2831	0.37042	-2446.13
2832	0.363126	-2394.67
2833	0.360519	-2298.35
2834	0.365489	-2441.36
2835	0.363806	-2348.71
2836	0.362598	-2379.95
2837	0.368182	-2408.88
2838	0.369156	-2458.01
2839	0.366348	-2385.34
2840	0.366166	-2386.38
2841	0.362024	-2362.07
2842	0.366657	-2433.49
2843	0.364781	-2399.99
2844	0.366785	-2427.63
2845	0.360142	-2352.33
2846	0.359262	-2310.86
2847	0.358972	-2321.02
2848	0.363382	-2377.36
2849	0.365449	-2453.78
2850	0.364871	-2382.92
2851	0.368027	-2405.68
2852	0.354246	-2217.02
2853	0.35937	-2308.02
2854	0.365454	-2349.84
2855	0.367832	-2440.9
2856	0.366734	-2377.76
2857	0.365113	-2441.37
2858	0.366112	-2425.61
2859	0.361692	-2340.12
2860	0.354149	-2260.5
2861	0.369816	-2480.14
2862	0.369426	-2472.78
2863	0.367077	-2422.97
2864	0.372102	-2441.13
2865	0.367952	-2425.12
2866	0.363413	-2404.41
2867	0.364996	-2422
2868	0.361687	-2373.09
2869	0.367138	-2433.52
2870	0.366493	-2425.76
2871	0.368446	-2431.86
2872	0.361244	-2358.92
2873	0.365479	-2428.11
2874	0.361736	-2278.97
2875	0.365408	-2472.19
2876	0.364791	-2371.9
2877	0.365978	-2392.64
2878	0.363717	-2389.63
2879	0.365249	-2369.24
2880	0.361492	-2311.31
2881	0.363155	-2385.05
2882	0.369888	-2468.15
2883	0.370821	-2408.12
2884	0.362562	-2356.7
2885	0.366186	-2405.25
2886	0.364732	-2379.96
2887	0.362306	-2374.28
2888	0.362088	-2356.25
2889	0.365745	-2414.8
2890	0.363184	-2385.72
2891	0.365525	-2356.47
2892	0.358639	-2254.98
2893	0.36862	-2420.49
2894	0.375557	-2508.21
2895	0.363966	-2364.34
2896	0.356298	-2321.36
2897	0.360847	-2327
2898	0.370733	-2522.48
2899	0.364512	-2407.2
2900	0.363458	-2375.81
2901	0.361485	-2310.49
2902	0.361653	-2296.54
2903	0.36653	-2435.8
2904	0.360991	-2352.75
2905	0.373327	-2503.63
2906	0.364023	-2417.52
2907	0.357682	-2319.25
2908	0.373671	-2528.04
2909	0.359106	-2349.58
2910	0.360456	-2297.9
2911	0.356162	-2242.9
2912	0.358237	-2324.17
2913	0.366261	-2454.11
2914	0.356211	-2371.49
2915	0.363692	-2430.03
2916	0.363441	-2384.63
2917	0.374115	-2475.6
2918	0.357527	-2344.68
2919	0.365396	-2428.71
2920	0.368209	-2468.44
2921	0.357175	-2285.65
2922	0.364146	-2416.31
2923	0.371521	-2486.25
2924	0.371694	-2455.18
2925	0.369977	-2451.69
2926	0.372402	-2487.46
2927	0.373573	-2526.14
2928	0.365327	-2404.07
2929	0.36753	-2423.59
2930	0.360628	-2335.45
2931	0.369602	-2441.44
2932	0.357526	-2332.83
2933	0.367266	-2430.44
2934	0.365192	-2431.82
2935	0.358995	-2347.66
2936	0.365612	-2395.85
2937	0.363267	-2362.85
2938	0.367361	-2413.34
2939	0.362591	-2332.87
2940	0.360406	-2344.02
2941	0.363318	-2396.77
2942	0.35493	-2224.05
2943	0.367526	-2410.71
2944	0.369534	-2471.67
2945	0.363852	-2370
2946	0.374262	-2490.03
2947	0.363106	-2368.33
2948	0.373109	-2518.8
2949	0.366623	-2419.99
2950	0.367741	-2415.96
2951	0.367163	-2409.63
2952	0.360016	-2316.85
2953	0.357646	-2316.39
2954	0.369163	-2446.53
2955	0.368176	-2455.04
2956	0.375163	-2514.29
2957	0.365373	-2443.77
2958	0.364513	-2385.43
2959	0.361276	-2344.56
2960	0.369211	-2467.2
2961	0.3689	-2402.61
2962	0.369115	-2419.2
2963	0.357338	-2322.24
2964	0.354229	-2268.6
2965	0.365431	-2462.94
2966	0.364183	-2402.39
2967	0.365919	-2442.57
2968	0.36592	-2410.9
2969	0.36818	-2451.58
2970	0.36277	-2393
2971	0.355594	-2244.33
2972	0.365194	-2395.8
2973	0.3623	-2323.44
2974	0.362573	-2371.78
2975	0.357228	-2316.61
2976	0.35426	-2265.05
2977	0.367611	-2424.4
2978	0.367437	-2422.75
2979	0.368547	-2471.1
2980	0.366618	-2434.67
2981	0.360298	-2290.8
2982	0.361771	-2373.34
2983	0.365918	-2400.98
2984	0.372436	-2481.76
2985	0.363309	-2353.19
2986	0.372665	-2487.38
2987	0.362075	-2369.75
2988	0.370094	-2505.59
2989	0.3623	-2378.48
2990	0.365651	-2410.2
2991	0.368355	-2404.92
2992	0.362398	-2371.73
2993	0.362863	-2365.48
2994	0.359847	-2294.33
2995	0.375118	-2534.95
2996	0.365697	-2408.76
2997	0.362881	-2398.24
2998	0.366115	-2430.31
2999	0.360286	-2312.57
