1300	0.0160613	5.00491e-05	0.000308047	7.46758e-08	-0.338366	0.130425	0.245004	0.0937635	8.62392e-14	2.00611e-12	1.69619e-07	1.29688e-13	0.404176	0.000769231
1300	0.0162074	4.23309e-05	0.000305037	5.79468e-08	-0.320122	0.124711	0.227272	0.0846445	7.294e-14	1.91822e-12	1.51033e-07	7.01442e-14	0.45894	0.000769231
1300	0.0227876	9.22423e-05	0.000611579	2.3993e-07	-16414.2	2.37961e+06	2.71806e+08	2.58357e+15	0.00328568	582.026	6.14119e-07	1.08675e-12	0.4527
1200	0.023707	0.000100878	0.000662968	2.94655e-07	-18333	2.74951e+06	3.38849e+08	3.72344e+15	0.00421711	926.273	7.34379e-07	1.6808e-12	0.443054
1100	0.0255614	0.000109922	0.000763383	3.62106e-07	-20683.3	2.67597e+06	4.30475e+08	4.62078e+15	0.00546868	1276.79	9.45102e-07	2.44947e-12	0.459405
1000	0.0275382	0.000128546	0.000886986	5.06263e-07	-23593.4	2.9702e+06	5.59622e+08	6.63669e+15	0.00773823	2074.89	1.29335e-06	4.8475e-12	0.452027
900	0.0305883	0.000158723	0.00109447	7.57613e-07	-27805.9	3.31305e+06	7.76485e+08	1.02519e+16	0.0117961	3527.5	1.95598e-06	1.128e-11	0.455703
800	0.0357231	0.000238989	0.00151529	1.64303e-06	-33830.8	3.91554e+06	1.14844e+09	1.80364e+16	0.0224791	6677.92	3.94022e-06	5.26465e-11	0.427981
700	0.0511941	0.000435602	0.00305673	5.6213e-06	-43672.9	5.37205e+06	1.91269e+09	4.12326e+16	0.053515	15629.9	1.49687e-05	6.1079e-10	0.465993
600	0.170656	0.00305108	0.0321766	0.000360367	-67326.5	1.66428e+07	4.54952e+09	3.06834e+17	0.510191	89707.6	0.00139594	2.36118e-06	0.550567
500	0.545047	0.000243611	0.29732	0.000287388	-134283	1.20679e+07	1.8044e+10	8.68632e+17	0.0586595	134884	0.0886869	0.000100795	0.665582
400	0.693176	8.55386e-05	0.480578	0.000164354	-184055	6.16509e+06	3.38825e+10	8.34551e+17	0.0321828	168232	0.23112	0.000151917	0.666429
300	0.793319	3.16214e-05	0.629386	7.95182e-05	-224682	2.85811e+06	5.04846e+10	5.77103e+17	0.0211505	246492	0.396206	0.000125775	0.6666
200	0.872656	1.12518e-05	0.76154	3.42398e-05	-260136	1.13043e+06	6.76721e+10	3.05912e+17	0.0169333	493552	0.579978	7.92782e-05	0.666647
1300	0.000769231	0.0714921	0.00086458	0.00597614	2.31359e-05	-103398	2.99747e+07	1.07211e+10	1.29267e+18	0.0410551	2.04573e-10	5.88617e-05	1.13832e-08	0.450623
1200	0.000833333	0.173973	0.0029514	0.0332193	0.000348704	-135126	6.73536e+07	1.83265e+10	5.0074e+18	0.16448	6.33146e-10	0.0014524	2.21264e-06	0.561283
1100	0.000909091	0.422621	0.000622386	0.179231	0.000435882	-206559	7.13143e+07	4.27381e+10	1.21175e+19	0.0412784	9.49454e-10	0.0325599	5.52409e-05	0.662141
1000	0.001	0.545161	0.000236285	0.297437	0.000279706	-268401	4.70455e+07	7.20859e+10	1.35463e+19	0.018962	9.17035e-10	0.0887488	9.87187e-05	0.665612
900	0.00111111	0.628723	0.000136135	0.395429	0.000214352	-321202	3.4583e+07	1.03205e+11	1.42621e+19	0.0134875	1.02745e-09	0.156578	0.000133295	0.666209
800	0.00125	0.692905	7.83744e-05	0.480196	0.00015011	-367949	2.37411e+07	1.35411e+11	1.28495e+19	0.00982749	1.12982e-09	0.230738	0.000137883	0.66645
700	0.00142857	0.746589	5.50888e-05	0.55745	0.000122571	-410306	1.75963e+07	1.68369e+11	1.18337e+19	0.00902227	1.42856e-09	0.310874	0.000151826	0.666535
600	0.00166667	0.793598	3.24995e-05	0.62983	8.17392e-05	-449342	1.14393e+07	2.01919e+11	9.23188e+18	0.00724473	1.72053e-09	0.396767	0.000129323	0.666598
500	0.002	0.835007	1.98421e-05	0.697256	5.52866e-05	-485872	7.118e+06	2.36078e+11	6.72244e+18	0.00636936	2.21996e-09	0.486221	0.000107334	0.666629
400	0.0025	0.872545	1.20909e-05	0.761348	3.67946e-05	-520228	4.5417e+06	2.70641e+11	4.91611e+18	0.0060644	3.45817e-09	0.579687	8.51986e-05	0.666645
300	0.00333333	0.907305	5.68693e-06	0.823209	1.87133e-05	-553314	2.53837e+06	3.06159e+11	3.10819e+18	0.00507088	6.10854e-09	0.677692	5.06597e-05	0.666657
200	0.005	0.939977	2.64541e-06	0.883559	9.34682e-06	-585230	1.09795e+06	3.42495e+11	1.50417e+18	0.0053074	1.33762e-08	0.780686	2.91714e-05	0.666663
100	0.01	0.970787	5.88292e-07	0.942428	2.21755e-06	-616100	251827	3.7958e+11	3.82332e+17	0.00472108	4.90874e-08	0.888173	7.87727e-06	0.666666
0	inf	0.999562	2.77801e-09	0.999123	1.1102e-08	-646205	212.183	4.17581e+11	3.5441e+14	inf	inf	0.998248	4.43279e-08	0.666667
0	inf	0.999696	1.84196e-10	0.999392	7.36334e-10	-646237	6.79684	4.17622e+11	1.1354e+13	inf	inf	0.998784	2.94175e-09	0.666667
1300	6.86658e-06	0.0713564	0.000841273	0.00593343	2.13615e-05	-103801	2.97116e+07	1.08043e+10	1.28918e+18	0.0399483	2.02778e-10	5.65777e-05	9.06152e-09	0.46431
1200	8.0587e-06	0.176429	0.00300989	0.0341386	0.000359187	-135202	6.59341e+07	1.83454e+10	4.87343e+18	0.16774	6.19802e-10	0.00152481	2.34752e-06	0.563883
1100	9.59051e-06	0.422098	0.000627853	0.178795	0.000438881	-206616	6.99872e+07	4.27602e+10	1.19289e+19	0.041641	9.31785e-10	0.0324068	5.53949e-05	0.662088
1000	1.16045e-05	0.544957	0.000244446	0.297223	0.000288734	-268559	4.79502e+07	7.21721e+10	1.38068e+19	0.019617	9.34671e-10	0.0886305	0.000101483	0.665577
900	1.43266e-05	0.628302	0.000135157	0.394898	0.000212738	-321290	3.57255e+07	1.03263e+11	1.47514e+19	0.0133907	1.06139e-09	0.156157	0.00013218	0.666212
800	1.81321e-05	0.693654	8.77501e-05	0.481244	0.000168393	-368322	2.423e+07	1.35685e+11	1.31399e+19	0.0110031	1.15309e-09	0.231764	0.000155291	0.666424
700	2.36827e-05	0.747172	4.98123e-05	0.558316	0.000110915	-410543	1.61288e+07	1.68562e+11	1.08663e+19	0.0081581	1.30942e-09	0.311827	0.000137593	0.666548
600	3.22348e-05	0.793557	3.38637e-05	0.629767	8.52472e-05	-449306	1.21022e+07	2.01888e+11	9.76802e+18	0.00754883	1.82023e-09	0.396692	0.000135118	0.666595
500	4.64181e-05	0.835035	2.05619e-05	0.697304	5.7285e-05	-485823	7.8797e+06	2.36032e+11	7.43933e+18	0.00660043	2.45752e-09	0.48629	0.000111187	0.666627
400	7.25283e-05	0.872445	1.17401e-05	0.761173	3.57178e-05	-520304	4.69173e+06	2.70721e+11	5.07706e+18	0.00588845	3.57241e-09	0.57942	8.26625e-05	0.666646
300	0.000128939	0.907337	6.17616e-06	0.823267	2.03329e-05	-553300	2.57299e+06	3.06143e+11	3.15009e+18	0.00550712	6.19186e-09	0.677788	5.50971e-05	0.666657
200	0.000290113	0.940094	2.57859e-06	0.88378	9.11278e-06	-585206	1.11744e+06	3.42468e+11	1.53093e+18	0.00517333	1.36136e-08	0.781076	2.84539e-05	0.666663
100	0.00116045	0.970731	5.50513e-07	0.94232	2.07483e-06	-616105	287297	3.79586e+11	4.36218e+17	0.0044179	5.60015e-08	0.887969	7.36805e-06	0.666666
0	inf	0.999529	2.86519e-09	0.999058	1.14497e-08	-646202	218.816	4.17577e+11	3.65484e+14	inf	inf	0.998116	4.571e-08	0.666667
0	inf	0.99967	1.94789e-10	0.99934	7.78639e-10	-646234	6.65004	4.17619e+11	1.11087e+13	inf	inf	0.99868	3.11043e-09	0.666667
