0.00000 0.00000 0.00000
0.00000 0.33333 0.00000
0.00000 0.66667 0.00000
0.33333 0.00000 0.00000
0.33333 0.33333 0.00000
0.33333 0.66667 0.00000
0.66667 0.00000 0.00000
0.66667 0.33333 0.00000
0.66667 0.66667 0.00000
0.16667 0.16667 0.50000
0.16667 0.50000 0.50000
0.16667 0.83333 0.50000
0.50000 0.16667 0.50000
0.50000 0.50000 0.50000
0.50000 0.83333 0.50000
0.83333 0.16667 0.50000
0.83333 0.50000 0.50000
0.83333 0.83333 0.50000
0.16667 0.16667 0.84032
0.16667 0.50000 0.84032
0.16667 0.83333 0.84032
0.50000 0.16667 0.84032
0.50000 0.50000 0.84032
0.50000 0.83333 0.84032
0.83333 0.16667 0.84032
0.83333 0.50000 0.84032
0.83333 0.83333 0.84032
0.16667 0.16667 0.15968
0.16667 0.50000 0.15968
0.16667 0.83333 0.15968
0.50000 0.16667 0.15968
0.50000 0.50000 0.15968
0.50000 0.83333 0.15968
0.83333 0.16667 0.15968
0.83333 0.50000 0.15968
0.83333 0.83333 0.15968
0.00000 0.00000 0.34032
0.00000 0.33333 0.34032
0.00000 0.66667 0.34032
0.33333 0.00000 0.34032
0.33333 0.33333 0.34032
0.33333 0.66667 0.34032
0.66667 0.00000 0.34032
0.66667 0.33333 0.34032
0.66667 0.66667 0.34032
0.00000 0.00000 0.65968
0.00000 0.33333 0.65968
0.00000 0.66667 0.65968
0.33333 0.00000 0.65968
0.33333 0.33333 0.65968
0.33333 0.66667 0.65968
0.66667 0.00000 0.65968
0.66667 0.33333 0.65968
0.66667 0.66667 0.65968
