0	0.398556	-750.542
1	0.448297	-953.459
2	0.452371	-964.971
3	0.436067	-895.255
4	0.443642	-935.333
5	0.611153	-1768.21
6	0.466428	-1044.66
7	0.443936	-917.79
8	0.437317	-905.161
9	0.445303	-903.163
10	0.46098	-988.122
11	0.454823	-987.964
12	0.451818	-975.113
13	0.44088	-906.851
14	0.427827	-856.167
15	0.468642	-1000.09
16	0.443874	-946.636
17	0.44539	-914.212
18	0.446499	-961.516
19	0.467898	-993.859
20	0.460066	-989.517
21	0.467015	-1030.1
22	0.459823	-1002.86
23	0.472256	-1049.92
24	0.461131	-1012.86
25	0.468792	-1017.25
26	0.443454	-934.312
27	0.45083	-949.549
28	0.445779	-933.644
29	0.445291	-936.39
30	0.471866	-1037.11
31	0.466517	-1015.19
32	0.470763	-1086
33	0.502721	-1157.55
34	0.457458	-999.213
35	0.428017	-870.972
36	0.43468	-897.942
37	0.437307	-886.314
38	0.438385	-922.994
39	0.462561	-1024.48
40	0.458976	-974.553
41	0.459557	-1021.02
42	0.433244	-867.197
43	0.464293	-994.261
44	0.478475	-1068.82
45	0.4555	-984.732
46	0.470972	-1043.54
47	0.444313	-931.68
48	0.450991	-991.749
49	0.444143	-943.638
50	0.527468	-1346.01
51	0.441355	-926.443
52	0.451921	-964.283
53	0.457154	-998.072
54	0.479902	-1100.15
55	0.441723	-924.92
56	0.550433	-1432.18
57	0.443642	-929.174
58	0.470502	-1058.09
59	0.440354	-924.155
60	0.436151	-881.888
61	0.482442	-1129.32
62	0.45529	-1005.96
63	0.449869	-955.191
64	0.44081	-918.349
65	0.459599	-1006.3
66	0.440693	-902.596
67	0.444275	-930.104
68	0.458979	-1016.5
69	0.461161	-999.631
70	0.437053	-894.158
71	0.438812	-908.835
72	0.451311	-959.656
73	0.430786	-886.971
74	0.448178	-955.11
75	0.447876	-945.965
76	0.444548	-917.312
77	0.429718	-882.314
78	0.439419	-900.393
79	0.48297	-1078.68
80	0.473559	-1095.99
81	0.446947	-950.957
82	0.439196	-902.621
83	0.477645	-1067.59
84	0.444929	-946.29
85	0.448735	-931.666
86	0.742084	-2610.34
87	0.813271	-3150.27
88	0.633551	-1890.97
89	0.664635	-2032.97
90	0.686253	-2201.67
91	0.725224	-2526.28
92	0.627507	-1836.03
93	0.723318	-2423.69
94	0.506102	-1221.98
95	0.439449	-916.17
96	0.444332	-925.456
97	0.47152	-1039.59
98	0.458704	-968.09
99	0.431764	-876.876
100	0.462865	-998.508
101	0.601584	-1666.18
102	0.441673	-945.679
103	0.443081	-934.066
104	0.455909	-979.741
105	0.443961	-931.65
106	0.453148	-983.403
107	0.465574	-1055.07
108	0.430538	-876.536
109	0.456342	-976.256
110	0.446817	-945.37
111	0.503411	-1199.15
112	0.51314	-1244.34
113	0.47413	-1023.21
114	0.440714	-911.675
115	0.468501	-1066.38
116	0.457579	-985.965
117	0.462735	-1010.63
118	0.45212	-953.932
119	0.48169	-1131.02
120	0.438229	-912.968
121	0.462116	-986.443
122	0.464493	-1020.3
123	0.466396	-1009.91
124	0.440909	-933.54
125	0.456136	-964.734
126	0.521509	-1265.68
127	0.478764	-1092.76
128	0.452656	-959.029
129	0.453073	-980.588
130	0.468263	-1017.96
131	0.444572	-918.401
132	0.48689	-1127.83
133	0.514523	-1243
134	0.490273	-1168.19
135	0.444056	-945.787
136	0.473981	-1046.96
137	0.424261	-867.885
138	0.450073	-906.796
139	0.467657	-1079.97
140	0.443023	-951.392
141	0.482322	-1102.93
142	0.458525	-1006.51
143	0.453693	-984.007
144	0.461378	-1004.66
145	0.501081	-1179.21
146	0.446571	-938.066
147	0.49726	-1159.46
148	0.524875	-1298.85
149	0.452698	-970.636
150	0.448416	-962.5
151	0.511506	-1230.72
152	0.470407	-1026.52
153	0.453622	-967.27
154	0.446827	-945.169
155	0.478716	-1089.82
156	0.463426	-1008.23
157	0.4328	-883.181
158	0.432039	-875.874
159	0.436236	-899.776
160	0.448572	-948.416
161	0.545419	-1407.42
162	0.430957	-878.661
163	0.439783	-913.441
164	0.450194	-949.013
165	0.549993	-1451.93
166	0.447014	-942.132
167	0.453559	-961.504
168	0.452885	-971.604
169	0.457746	-1010.77
170	0.427162	-861.151
171	0.457413	-1023.16
172	0.611008	-1729.28
173	0.465678	-991.369
174	0.472997	-1029.72
175	0.465673	-994.99
176	0.456184	-977.662
177	0.450439	-970.946
178	0.449771	-930.435
179	0.437093	-909.509
180	0.450161	-947.317
181	0.447845	-937.933
182	0.432676	-891.173
183	0.443783	-930.924
184	0.461578	-1030.4
185	0.456092	-973.393
186	0.44717	-951.507
187	0.450635	-990.287
188	0.472928	-1060.69
189	0.442201	-919.14
190	0.480522	-1080.2
191	0.449488	-950.708
192	0.45107	-977.029
193	0.45557	-989.623
194	0.44876	-951.548
195	0.445886	-939.508
196	0.454033	-965.472
197	0.45439	-989.526
198	0.43677	-889.581
199	0.446286	-942.739
200	0.532693	-1347.87
201	0.48952	-1139.5
202	0.444773	-925.793
203	0.434249	-881.54
204	0.47882	-1078
205	0.459577	-1009.73
206	0.44899	-949.357
207	0.512115	-1281.93
208	0.711564	-2367.98
209	0.740278	-2645.86
210	0.734887	-2550.61
211	0.756002	-2714.97
212	0.54935	-1394.29
213	0.61589	-1713.36
214	0.49087	-1128.78
215	0.442833	-922.058
216	0.467108	-1029.38
217	0.461899	-1005.28
218	0.433621	-902.815
219	0.472779	-1035.78
220	0.451155	-948.1
221	0.462079	-1022.13
222	0.44256	-940.643
223	0.437323	-910.625
224	0.455265	-971.092
225	0.473117	-1074.21
226	0.451244	-962.278
227	0.452576	-959.561
228	0.474798	-1075.33
229	0.456701	-961.408
230	0.434642	-897.155
231	0.454205	-983.303
232	0.455498	-964.579
233	0.452329	-974.633
234	0.486786	-1122.88
235	0.563934	-1489.09
236	0.444138	-940.246
237	0.504298	-1165.7
238	0.435516	-893.033
239	0.441848	-939.271
240	0.475614	-1040.21
241	0.663599	-2105.29
242	0.491549	-1139.37
243	0.461657	-1014.6
244	0.468918	-1013.28
245	0.456501	-969.218
246	0.46626	-1022.3
247	0.44131	-942.078
248	0.469955	-1057.73
249	0.446426	-953.337
250	0.46311	-1022.83
251	0.470721	-1059.52
252	0.442766	-927.203
253	0.435724	-888.721
254	0.510734	-1239.27
255	0.459463	-1013.15
256	0.463244	-989.497
257	0.440713	-921.198
258	0.465161	-1010.74
259	0.445619	-920.447
260	0.439496	-921.625
261	0.451813	-990.484
262	0.448513	-942.665
263	0.455133	-979.642
264	0.451401	-980.418
265	0.440821	-931.461
266	0.485389	-1080.22
267	0.445088	-929.823
268	0.44757	-950.557
269	0.437412	-897.644
270	0.454281	-976.382
271	0.457851	-997.501
272	0.430912	-888.625
273	0.463311	-1012.33
274	0.448524	-959.343
275	0.529395	-1320.47
276	0.55241	-1448.38
277	0.469656	-1044.4
278	0.469246	-1056.66
279	0.457069	-980.187
280	0.48614	-1089.68
281	0.461764	-1021.39
282	0.474046	-1070.14
283	0.444961	-917.365
284	0.471344	-1033.83
285	0.452852	-985.759
286	0.471811	-1013.22
287	0.452798	-977.298
288	0.478279	-1098.4
289	0.44286	-938.437
290	0.437674	-929.731
291	0.463876	-1001.29
292	0.442095	-934.005
293	0.472144	-1068.9
294	0.430411	-875.33
295	0.495211	-1135.36
296	0.464155	-1004.88
297	0.438862	-919.605
298	0.441646	-922.535
299	0.453302	-977.173
300	0.448014	-958.835
301	0.611926	-1756.77
302	0.458164	-981.776
303	0.592638	-1601.88
304	0.537693	-1368.93
305	0.457603	-974.933
306	0.458308	-985.71
307	0.446163	-945.307
308	0.469746	-1051.53
309	0.438974	-912.315
310	0.486361	-1120.1
311	0.442518	-938.63
312	0.436564	-895.81
313	0.447176	-920.823
314	0.448383	-953.045
315	0.454544	-965.788
316	0.454192	-974.294
317	0.446805	-939.052
318	0.437997	-909.932
319	0.430628	-876.863
320	0.469723	-1028.75
321	0.458599	-985.884
322	0.517866	-1178.73
323	0.469313	-1036.21
324	0.431744	-892.664
325	0.436856	-901.609
326	0.439712	-892.466
327	0.506755	-1229.61
328	0.471115	-1042.2
329	0.432933	-894.887
330	0.470448	-1074.43
331	0.442166	-915.669
332	0.502972	-1196
333	0.428743	-876.218
334	0.460028	-988.241
335	0.452198	-946.889
336	0.492709	-1136.49
337	0.439903	-901.708
338	0.501579	-1171.31
339	0.451714	-958.796
340	0.481918	-1100.73
341	0.431148	-882.364
342	0.445349	-919.391
343	0.487712	-1115.21
344	0.449544	-970.157
345	0.432225	-886.911
346	0.445042	-940.532
347	0.437532	-901.605
348	0.462167	-977.934
349	0.467872	-1045.27
350	0.443939	-946.207
351	0.437271	-905.588
352	0.453104	-982.883
353	0.440698	-925.049
354	0.460642	-1009.63
355	0.460657	-1009.46
356	0.69478	-2273.81
357	0.641218	-2001.04
358	0.733929	-2467.31
359	0.801936	-3028.12
360	0.730636	-2465.96
361	0.724257	-2545.38
362	0.74955	-2685.4
363	0.727978	-2576.01
364	0.744136	-2583.34
365	0.698096	-2291.99
366	0.710716	-2357.94
367	0.667442	-2064.7
368	0.681198	-2152.91
369	0.613962	-1870.13
370	0.679477	-2172.89
371	0.715118	-2393.01
372	0.751399	-2627.41
373	0.454602	-980.972
374	0.445505	-935.603
375	0.439249	-901.29
376	0.489561	-1133.6
377	0.516135	-1269.62
378	0.462681	-1023.15
379	0.466425	-1026.04
380	0.486417	-1136.76
381	0.439246	-901.021
382	0.478681	-1097.67
383	0.48152	-1086.37
384	0.434712	-866.877
385	0.448596	-948.685
386	0.453952	-970.587
387	0.44474	-938.873
388	0.473436	-1067.87
389	0.493929	-1161.85
390	0.45282	-937.418
391	0.582349	-1615.71
392	0.607219	-1740.21
393	0.539983	-1381.13
394	0.453389	-974.743
395	0.436848	-906.124
396	0.482719	-1087.12
397	0.452681	-984.744
398	0.439774	-885.728
399	0.497838	-1152.39
400	0.464248	-994.443
401	0.446329	-933.4
402	0.459291	-996.935
403	0.441919	-936.347
404	0.454309	-968.033
405	0.623991	-1843.08
406	0.6436	-1877.57
407	0.43809	-931.133
408	0.470581	-1070.66
409	0.444461	-937.249
410	0.446962	-958.6
411	0.451205	-955.41
412	0.454706	-981.002
413	0.447916	-953.234
414	0.461288	-1009.92
415	0.453268	-990.209
416	0.499066	-1214.61
417	0.463277	-1045.78
418	0.4751	-1097.54
419	0.447832	-965.719
420	0.449279	-988.092
421	0.440542	-910.993
422	0.452443	-946.863
423	0.496783	-1160.19
424	0.675878	-2124.44
425	0.7063	-2342.84
426	0.847544	-3395.33
427	0.742014	-2659.52
428	0.826617	-3262.64
429	0.781912	-2879.89
430	0.718606	-2430.12
431	0.789421	-2978.95
432	0.74224	-2561.33
433	0.747864	-2693.36
434	0.728006	-2471.29
435	0.67423	-2105.79
436	0.654484	-2047.26
437	0.486561	-1059.79
438	0.434475	-893.828
439	0.445178	-941.814
440	0.437375	-909.458
441	0.481725	-1092.53
442	0.511426	-1266.23
443	0.45053	-933.629
444	0.437493	-900.939
445	0.461426	-1042.96
446	0.453102	-963.422
447	0.446053	-936.297
448	0.474956	-1063.17
449	0.447102	-936.487
450	0.442984	-930.744
451	0.454436	-969.763
452	0.508737	-1213.15
453	0.529412	-1334.44
454	0.60597	-1654.84
455	0.624014	-1854.62
456	0.44623	-938.332
457	0.470722	-1041.66
458	0.530331	-1327.84
459	0.438784	-903.631
460	0.447063	-927.19
461	0.451055	-972.96
462	0.451654	-941.56
463	0.447885	-961.733
464	0.434637	-880.167
465	0.625495	-1888.02
466	0.449098	-968.372
467	0.488428	-1110.65
468	0.445229	-928.325
469	0.440181	-911.994
470	0.445142	-916.971
471	0.435203	-882.976
472	0.492283	-1193.28
473	0.498737	-1156.98
474	0.446977	-932.216
475	0.462293	-1024.86
476	0.44476	-924.952
477	0.437969	-920.819
478	0.520431	-1285.51
479	0.489699	-1117.18
480	0.447057	-940.586
481	0.53814	-1415.17
482	0.47052	-1027.77
483	0.446297	-936.263
484	0.451168	-970.396
485	0.446983	-928.901
486	0.44267	-919.648
487	0.434511	-871.925
488	0.457807	-985.495
489	0.480712	-1079.74
490	0.458267	-1008.85
491	0.442586	-917.526
492	0.567144	-1503.85
493	0.457845	-1000.94
494	0.466299	-1031.5
495	0.449056	-947.74
496	0.456211	-981.511
497	0.441711	-919.585
498	0.447886	-944.337
499	0.475688	-1066.65
500	0.470751	-1044.72
501	0.455136	-997.269
502	0.447799	-961.661
503	0.464236	-1022.57
504	0.493093	-1152.11
505	0.464487	-1017.22
506	0.452618	-989.157
507	0.446633	-945.84
508	0.554076	-1431.53
509	0.43521	-901.508
510	0.491825	-1122.83
511	0.430019	-862.083
512	0.463915	-1004.36
513	0.447281	-952.229
514	0.441827	-893.443
515	0.478411	-1102.3
516	0.442495	-929.934
517	0.477091	-1070.54
518	0.452174	-960.474
519	0.448277	-956.827
520	0.463598	-993.6
521	0.608809	-1729.55
522	0.458457	-1022.52
523	0.436847	-887.047
524	0.45491	-973.97
525	0.562813	-1495.35
526	0.47227	-1007.97
527	0.446454	-915.094
528	0.572824	-1539.25
529	0.578094	-1591.34
530	0.44682	-952.787
531	0.456712	-975.981
532	0.437976	-904.679
533	0.415452	-806.31
534	0.472557	-1072.69
535	0.467129	-999.869
536	0.440859	-912.856
537	0.537494	-1298.65
538	0.442327	-930.343
539	0.438342	-926.312
540	0.452308	-938.596
541	0.454959	-970.612
542	0.447722	-948.99
543	0.438001	-897.077
544	0.467906	-1012.23
545	0.508617	-1192.25
546	0.436096	-894.544
547	0.441498	-932.117
548	0.444223	-914.854
549	0.465666	-1039.11
550	0.449667	-914.11
551	0.45269	-969.528
552	0.473084	-1079.29
553	0.439864	-907.85
554	0.444578	-921.14
555	0.470237	-1042.09
556	0.458682	-984.325
557	0.475126	-1049.72
558	0.452898	-965.46
559	0.499485	-1208.1
560	0.441075	-935.337
561	0.451645	-968.157
562	0.442164	-901.488
563	0.466197	-1003.48
564	0.44141	-903.662
565	0.470856	-1047.13
566	0.455886	-985.405
567	0.451533	-991.571
568	0.472121	-1043.75
569	0.447687	-961.538
570	0.563152	-1446.03
571	0.641806	-1888.33
572	0.743371	-2598.69
573	0.809183	-3122.74
574	0.74519	-2607.41
575	0.792069	-3015.98
576	0.738226	-2563.31
577	0.443701	-931.136
578	0.439485	-922.206
579	0.453732	-967.884
580	0.453422	-986.234
581	0.438301	-907.924
582	0.440657	-894.907
583	0.445242	-928.001
584	0.429968	-880.362
585	0.436314	-912.955
586	0.49815	-1215.8
587	0.456121	-1025.71
588	0.501327	-1189.02
589	0.538555	-1338.12
590	0.457443	-974.749
591	0.442883	-929.375
592	0.477025	-1062.7
593	0.443145	-933.395
594	0.430902	-862.995
595	0.428906	-854.154
596	0.443977	-922.768
597	0.431488	-892.424
598	0.450911	-953.49
599	0.487827	-1149.49
600	0.482454	-1096.26
601	0.47672	-1088.65
602	0.429458	-872.292
603	0.443952	-926.809
604	0.4647	-1015.1
605	0.479835	-1120.47
606	0.464385	-1065.28
607	0.445004	-941.781
608	0.438854	-906
609	0.450713	-952.386
610	0.47227	-1058.07
611	0.441792	-915.344
612	0.43766	-909.651
613	0.456595	-1000.63
614	0.441107	-928.765
615	0.448021	-949.098
616	0.431696	-861.015
617	0.490955	-1178.27
618	0.46983	-1032.38
619	0.442575	-925.784
620	0.451606	-958.501
621	0.450579	-981.799
622	0.445812	-927.19
623	0.477199	-1077.87
624	0.449548	-921.475
625	0.450207	-964.374
626	0.444033	-945.163
627	0.476895	-1039.46
628	0.455304	-1029.26
629	0.446586	-948.628
630	0.46271	-1000.78
631	0.503872	-1174.75
632	0.440929	-919.967
633	0.444355	-934.121
634	0.448706	-949.936
635	0.455786	-997.485
636	0.434696	-899.005
637	0.456531	-990.717
638	0.446145	-943.325
639	0.436013	-875.385
640	0.437119	-908.177
641	0.443158	-928.973
642	0.465918	-1041.99
643	0.455511	-979.732
644	0.641893	-1943.2
645	0.687971	-2214.26
646	0.504543	-1163.75
647	0.444053	-953.032
648	0.470046	-1058.19
649	0.428026	-876.39
650	0.460182	-996.068
651	0.464412	-995.788
652	0.438757	-897.375
653	0.444123	-909.42
654	0.466036	-1027.59
655	0.488673	-1159.35
656	0.489739	-1113.3
657	0.461018	-998.427
658	0.455472	-955.801
659	0.430191	-881.528
660	0.460555	-985.581
661	0.443398	-935.736
662	0.45356	-975.704
663	0.427675	-864.262
664	0.45589	-1001.1
665	0.44939	-934.402
666	0.446138	-952.942
667	0.459982	-996.026
668	0.448217	-936.023
669	0.464403	-1035.67
670	0.438587	-906.502
671	0.460935	-1011.62
672	0.440271	-927.987
673	0.4594	-1017.79
674	0.439765	-922.192
675	0.452545	-954.38
676	0.449113	-968.028
677	0.534093	-1349.32
678	0.451903	-922.242
679	0.449792	-942.662
680	0.477334	-1080.42
681	0.449778	-970.98
682	0.552806	-1471.18
683	0.464737	-1062.8
684	0.487808	-1085.21
685	0.437545	-911.559
686	0.434477	-883.411
687	0.446885	-939.11
688	0.444238	-930.512
689	0.495686	-1164.58
690	0.462222	-1009.26
691	0.500589	-1217.44
692	0.43589	-903.103
693	0.432345	-882.765
694	0.432887	-887.78
695	0.435528	-890.653
696	0.457735	-999.985
697	0.439225	-923.623
698	0.447998	-959.4
699	0.492672	-1167.21
700	0.452769	-963.598
701	0.500078	-1222.39
702	0.446694	-943.217
703	0.447265	-969.368
704	0.442646	-930.119
705	0.44821	-947.794
706	0.442347	-923.575
707	0.430547	-862.253
708	0.44862	-948.264
709	0.447	-948.058
710	0.446231	-941.748
711	0.441714	-922.684
712	0.442366	-933.48
713	0.448353	-926.737
714	0.441113	-914.727
715	0.450821	-961.773
716	0.463968	-1006.04
717	0.460663	-1032.89
718	0.438632	-902.22
719	0.456678	-998.099
720	0.452425	-947.292
721	0.457716	-995.66
722	0.464405	-998.139
723	0.439768	-912.583
724	0.470674	-1035.81
725	0.443637	-928.8
726	0.482193	-1121.94
727	0.532995	-1334.91
728	0.50571	-1212.28
729	0.423796	-849.002
730	0.448351	-973.347
731	0.438629	-914.847
732	0.445801	-943.941
733	0.460506	-979.756
734	0.449752	-971.99
735	0.462093	-1013.32
736	0.439581	-910.137
737	0.456938	-969.451
738	0.43455	-902.419
739	0.434319	-906.291
740	0.456098	-985.099
741	0.484132	-1113.65
742	0.426065	-845.321
743	0.464984	-1027.67
744	0.453995	-957.247
745	0.468586	-1084.5
746	0.444869	-897.283
747	0.443093	-929.879
748	0.49139	-1188.45
749	0.452519	-972
750	0.465873	-1036.04
751	0.428271	-860.158
752	0.450264	-998.077
753	0.448947	-943.915
754	0.452924	-959.047
755	0.447249	-971.453
756	0.513972	-1197.56
757	0.440889	-915.445
758	0.452816	-972.21
759	0.487827	-1116.48
760	0.456488	-993.539
761	0.439198	-900.502
762	0.446395	-959.098
763	0.428697	-879.863
764	0.460358	-1002.86
765	0.427714	-864.151
766	0.438026	-911.795
767	0.466656	-1041.4
768	0.430315	-890.997
769	0.435242	-883.707
770	0.524568	-1318.22
771	0.444509	-923.346
772	0.453558	-998.375
773	0.54434	-1372.06
774	0.444115	-956.173
775	0.457482	-989.899
776	0.475579	-1097.36
777	0.438187	-884.959
778	0.432169	-887.915
779	0.431858	-892.597
780	0.473279	-1107.49
781	0.439069	-900.488
782	0.459704	-1004.16
783	0.479772	-1075.28
784	0.452142	-979.533
785	0.438498	-897.409
786	0.469693	-1038.28
787	0.434119	-900.685
788	0.465236	-1011.7
789	0.443989	-939.761
790	0.458904	-1006.54
791	0.506107	-1203.41
792	0.442687	-926.574
793	0.437051	-905.072
794	0.458752	-992.265
795	0.431862	-864.936
796	0.479731	-1105.55
797	0.456824	-980.124
798	0.427339	-861.414
799	0.453455	-973.247
800	0.447995	-930.858
801	0.4651	-1022.79
802	0.474671	-1077.78
803	0.521164	-1241.86
804	0.423837	-853.602
805	0.437981	-951.571
806	0.461648	-1003.3
807	0.470754	-1053.79
808	0.454599	-971.235
809	0.448045	-957.184
810	0.46137	-993.234
811	0.451759	-966.879
812	0.46053	-995.503
813	0.481841	-1102.3
814	0.425313	-838.084
815	0.417416	-816.143
816	0.472452	-1020.46
817	0.49486	-1146.43
818	0.443995	-943.444
819	0.460759	-987.782
820	0.441002	-915.797
821	0.442384	-920.034
822	0.425821	-864.521
823	0.444136	-936.206
824	0.474805	-1011.49
825	0.428762	-866.001
826	0.474438	-1043.16
827	0.449462	-954.177
828	0.619097	-1807.41
829	0.512287	-1221.24
830	0.444213	-927.343
831	0.445818	-943.719
832	0.446589	-901.624
833	0.459818	-1000.36
834	0.444206	-949.077
835	0.431328	-861.561
836	0.447661	-959.3
837	0.447991	-953.127
838	0.506981	-1210.3
839	0.447366	-929.726
840	0.442557	-951.212
841	0.476008	-1070.73
842	0.460314	-991.818
843	0.458028	-978.126
844	0.465611	-1022.22
845	0.43888	-931.382
846	0.450971	-962.248
847	0.432801	-874.879
848	0.468164	-1037.01
849	0.444101	-939.471
850	0.440172	-895.328
851	0.440069	-908.582
852	0.454681	-968.899
853	0.441508	-920.292
854	0.433542	-883.74
855	0.537768	-1398.61
856	0.445118	-955.492
857	0.465865	-1001.67
858	0.504641	-1242.71
859	0.454785	-978.691
860	0.451307	-963.473
861	0.463615	-1008.32
862	0.449742	-961.539
863	0.468449	-1030.94
864	0.431581	-878.92
865	0.548158	-1440.5
866	0.440034	-923.912
867	0.435776	-882.1
868	0.455926	-965.303
869	0.456588	-975.616
870	0.447477	-935.38
871	0.43293	-902.891
872	0.472954	-1048.66
873	0.440649	-914.754
874	0.460316	-978.979
875	0.450574	-952.633
876	0.449724	-945.492
877	0.531061	-1298.96
878	0.424498	-835.306
879	0.456264	-1005.5
880	0.435738	-879.021
881	0.498655	-1175.92
882	0.441132	-920.467
883	0.432623	-877.244
884	0.446957	-945.631
885	0.463214	-1024.37
886	0.451047	-955.067
887	0.433484	-886.951
888	0.449599	-946.015
889	0.496869	-1157.65
890	0.462798	-1007.79
891	0.436934	-898.729
892	0.588716	-1677.65
893	0.460132	-1002.56
894	0.436368	-892.571
895	0.439426	-927.368
896	0.452759	-960.829
897	0.505425	-1181.76
898	0.446988	-946.502
899	0.441476	-901.066
900	0.420739	-844.409
901	0.436437	-896.171
902	0.49458	-1177.14
903	0.55401	-1422.23
904	0.434028	-898.04
905	0.437613	-901.56
906	0.482393	-1119.64
907	0.470918	-1058.49
908	0.43878	-913.48
909	0.479029	-1068.91
910	0.450753	-951.993
911	0.473698	-1061.85
912	0.465025	-1009.36
913	0.473449	-1076.74
914	0.466802	-1057.24
915	0.452956	-973.606
916	0.43825	-893.392
917	0.436352	-891.906
918	0.450277	-969.063
919	0.440573	-916.417
920	0.457804	-1008.89
921	0.465634	-1024
922	0.430936	-889.042
923	0.437312	-917.091
924	0.432961	-893.105
925	0.451002	-977.434
926	0.472803	-1052.89
927	0.459602	-985.968
928	0.429922	-884.389
929	0.449965	-964.478
930	0.433594	-882.466
931	0.461936	-1026.8
932	0.461784	-986.018
933	0.460402	-1001.48
934	0.456336	-1008.94
935	0.514169	-1256.57
936	0.443312	-912.502
937	0.523948	-1308.28
938	0.442896	-937.551
939	0.460178	-993.577
940	0.467753	-1043.62
941	0.444314	-913.224
942	0.44234	-916.996
943	0.456094	-948.751
944	0.456164	-1011
945	0.473809	-1097.03
946	0.438365	-914.927
947	0.486572	-1037.29
948	0.602929	-1710.51
949	0.441601	-931.5
950	0.465451	-1012.52
951	0.461478	-1014.31
952	0.454686	-992.048
953	0.456688	-998.37
954	0.45932	-991.917
955	0.445313	-948.971
956	0.462241	-1012.57
957	0.486138	-1104.38
958	0.457106	-978.679
959	0.430422	-874.697
960	0.467606	-1018.68
961	0.460835	-1009.42
962	0.437837	-911.295
963	0.537772	-1358.92
964	0.458127	-974.051
965	0.504528	-1233.21
966	0.440194	-925.711
967	0.4571	-1008.03
968	0.565419	-1479.15
969	0.445441	-931.425
970	0.481933	-1090.11
971	0.443745	-928.888
972	0.476534	-1060.22
973	0.443627	-923.48
974	0.458633	-978.937
975	0.512292	-1242.65
976	0.447662	-939.041
977	0.452631	-958.066
978	0.489031	-1144.7
979	0.432264	-881.78
980	0.435846	-906.038
981	0.427487	-870.339
982	0.45894	-995.843
983	0.44075	-904.668
984	0.440891	-918.236
985	0.465167	-1016.24
986	0.461523	-1015.9
987	0.443301	-926.169
988	0.438135	-897.087
989	0.44984	-938.762
990	0.431124	-878.444
991	0.430316	-864.007
992	0.452118	-971.029
993	0.455431	-988.349
994	0.453409	-976.85
995	0.476597	-1046.39
996	0.449351	-943.757
997	0.431931	-881.575
998	0.477009	-1090.9
999	0.46895	-1016.95
