0	0.401572	-774.045
1	0.771923	-2792.27
2	0.822644	-3220.85
3	0.904541	-3846.16
4	0.912098	-3913.33
5	0.881287	-3672.29
6	0.879269	-3631.33
7	0.905789	-3887.79
8	0.899777	-3799.59
9	0.90597	-3894.29
10	0.901953	-3828
11	0.899518	-3815.73
12	0.895372	-3809.47
13	0.888468	-3739.53
14	0.857105	-3435.67
15	0.862025	-3532.42
16	0.790183	-2937.36
17	0.883651	-3642.58
18	0.834072	-3309.31
19	0.889607	-3733.76
20	0.907274	-3894.61
21	0.892347	-3724.64
22	0.884113	-3651.84
23	0.873347	-3621.53
24	0.906005	-3874.91
25	0.914728	-3977.2
26	0.878353	-3658.64
27	0.857373	-3514.4
28	0.843045	-3357.98
29	0.861148	-3526.4
30	0.902472	-3831.27
31	0.915108	-3943.16
32	0.910289	-3926.67
33	0.89267	-3792.6
34	0.900863	-3834.39
35	0.901197	-3818.53
36	0.897625	-3817.8
37	0.905589	-3879.32
38	0.902103	-3853.75
39	0.901054	-3838.88
40	0.894902	-3782.74
41	0.85478	-3418.72
42	0.879058	-3669.84
43	0.896841	-3798.55
44	0.885482	-3674.93
45	0.89106	-3759.38
46	0.890617	-3754.77
47	0.898954	-3839.08
48	0.908047	-3882.73
49	0.897167	-3803.71
50	0.889704	-3763.73
51	0.895135	-3760.3
52	0.898017	-3813.75
53	0.901317	-3832.75
54	0.879658	-3652.69
55	0.909894	-3918.41
56	0.90979	-3906.99
57	0.908406	-3898.86
58	0.889933	-3783.46
59	0.891982	-3749.6
60	0.904077	-3854.68
61	0.905343	-3858.88
62	0.898187	-3823.45
63	0.905415	-3867.7
64	0.877829	-3687.36
65	0.887612	-3712.76
66	0.915984	-3976.88
67	0.899278	-3826.43
68	0.904558	-3849.27
69	0.884558	-3677.16
70	0.896843	-3813.2
71	0.889516	-3732.99
72	0.910822	-3923.2
73	0.903028	-3857.61
74	0.903386	-3876.66
75	0.908804	-3900.87
76	0.882107	-3661.72
77	0.900284	-3835.34
78	0.891067	-3768.46
79	0.896924	-3822.01
80	0.877561	-3670.78
81	0.841028	-3289.48
82	0.865232	-3523.21
83	0.905292	-3898.41
84	0.915099	-3961.54
85	0.894006	-3767.39
86	0.904361	-3845.94
87	0.888632	-3737.27
88	0.818154	-3100.41
89	0.839243	-3339.34
90	0.841399	-3359.28
91	0.850905	-3441.58
92	0.874422	-3614.8
93	0.90018	-3804.61
94	0.902673	-3845.41
95	0.848702	-3355.77
96	0.896048	-3809.53
97	0.880879	-3672.31
98	0.899247	-3838.66
99	0.883798	-3719.37
100	0.890171	-3768.14
101	0.90296	-3861.1
102	0.906295	-3873.72
103	0.908616	-3905.18
104	0.870157	-3601.28
105	0.907395	-3904.22
106	0.875628	-3637.86
107	0.900394	-3834.49
108	0.905629	-3878.86
109	0.903694	-3852.65
110	0.889893	-3741.72
111	0.899299	-3806.86
112	0.89226	-3744.11
113	0.891505	-3746.17
114	0.902423	-3859.01
115	0.906417	-3862.91
116	0.884598	-3677.27
117	0.897346	-3819.28
118	0.837263	-3284.65
119	0.915106	-3936.29
120	0.91112	-3903.56
121	0.902892	-3846.13
122	0.882009	-3704.15
123	0.873099	-3623.58
124	0.878212	-3658.23
125	0.827725	-3191.11
126	0.876448	-3670.7
127	0.892551	-3762.71
128	0.887367	-3693.71
129	0.922351	-4017.44
130	0.899964	-3816.17
131	0.873693	-3597.23
132	0.874259	-3618.23
133	0.902977	-3866.23
134	0.873831	-3642.55
135	0.903513	-3856.06
136	0.899603	-3849.63
137	0.88694	-3707.17
138	0.894966	-3800.8
139	0.924556	-4020.6
140	0.896824	-3816.13
141	0.896472	-3790.42
142	0.888383	-3741.37
143	0.911258	-3928.51
144	0.893017	-3770.17
145	0.883186	-3719.15
146	0.90705	-3887.2
147	0.889763	-3750.03
148	0.898449	-3824.47
149	0.882435	-3728.68
150	0.891435	-3734.76
151	0.883487	-3707.04
152	0.84472	-3392.41
153	0.851487	-3468.49
154	0.853446	-3482.82
155	0.851874	-3417.58
156	0.882524	-3681.37
157	0.876686	-3624.96
158	0.893956	-3766.37
159	0.886413	-3732.86
160	0.870436	-3587.9
161	0.829111	-3296.51
162	0.834158	-3301.22
163	0.901009	-3849.07
164	0.910195	-3915.16
165	0.888105	-3752.92
166	0.897203	-3812.46
167	0.895684	-3791.69
168	0.888811	-3783.91
169	0.883678	-3701.77
170	0.855179	-3442.01
171	0.88984	-3714
172	0.904093	-3895.16
173	0.885321	-3728.27
174	0.862932	-3499.86
175	0.911375	-3948.13
176	0.915843	-3981.88
177	0.875345	-3595.58
178	0.879968	-3653.75
179	0.896509	-3807.02
180	0.896689	-3792.56
181	0.90225	-3852.69
182	0.867755	-3566.04
183	0.89034	-3783.81
184	0.906954	-3885.41
185	0.851029	-3358.4
186	0.811939	-3107.12
187	0.884021	-3678.41
188	0.894659	-3773.75
189	0.896726	-3805.74
190	0.89516	-3791
191	0.889809	-3764.09
192	0.903471	-3837.49
193	0.883985	-3716.52
194	0.884665	-3683.14
195	0.871854	-3602.01
196	0.795393	-3022.17
197	0.859953	-3458.95
198	0.885091	-3748.98
199	0.898691	-3827.63
200	0.904508	-3847.55
201	0.898588	-3825.27
202	0.891085	-3763.84
203	0.896938	-3807.89
204	0.87524	-3610.89
205	0.888965	-3758.84
206	0.898833	-3821.07
207	0.895591	-3813.21
208	0.897007	-3813.41
209	0.897467	-3810.09
210	0.85484	-3445.55
211	0.88697	-3704.38
212	0.904144	-3863.81
213	0.89269	-3773.6
214	0.895117	-3800.69
215	0.876995	-3652.23
216	0.816942	-3215.57
217	0.881765	-3650.34
218	0.88829	-3729.29
219	0.918073	-3980.61
220	0.881862	-3698.43
221	0.899159	-3817.33
222	0.898003	-3826.28
223	0.896873	-3828.34
224	0.878245	-3588.8
225	0.877842	-3627.95
226	0.899819	-3851.91
227	0.902951	-3869.82
228	0.902834	-3888.14
229	0.89439	-3773.59
230	0.911113	-3921.56
231	0.898037	-3841.49
232	0.893431	-3771.57
233	0.808343	-3093.95
234	0.876915	-3657.82
235	0.895679	-3787.31
236	0.900341	-3837.92
237	0.916348	-3965.21
238	0.916878	-3959.36
239	0.896046	-3779.42
240	0.893717	-3799.53
241	0.896261	-3818.06
242	0.885678	-3701.6
243	0.89829	-3822.22
244	0.884363	-3697.54
245	0.869079	-3582.05
246	0.877583	-3659.71
247	0.900333	-3831.44
248	0.901161	-3817.35
249	0.909907	-3921.4
250	0.910016	-3910.75
251	0.902715	-3812.45
252	0.884134	-3730.62
253	0.899211	-3821
254	0.821517	-3209.82
255	0.826137	-3171.88
256	0.867112	-3549.84
257	0.909527	-3925.43
258	0.89416	-3766.73
259	0.890002	-3760.26
260	0.899414	-3870.35
261	0.904776	-3883.37
262	0.889774	-3756.44
263	0.894135	-3768.68
264	0.896013	-3772.35
265	0.889975	-3787.17
266	0.898999	-3824.95
267	0.894701	-3778.35
268	0.896065	-3770.37
269	0.889605	-3750.85
270	0.894876	-3799.97
271	0.870379	-3619.2
272	0.881825	-3668.03
273	0.883337	-3699.43
274	0.909436	-3921.79
275	0.866268	-3546.36
276	0.887242	-3743.08
277	0.898521	-3839.05
278	0.898154	-3826.9
279	0.893222	-3759.96
280	0.886369	-3702.85
281	0.901753	-3845.17
282	0.898479	-3823.19
283	0.888401	-3692.67
284	0.88897	-3785.58
285	0.898689	-3830.08
286	0.891251	-3773.66
287	0.907839	-3904.79
288	0.913024	-3955.41
289	0.910124	-3932.91
290	0.896712	-3825.41
291	0.847063	-3374.74
292	0.887963	-3698.45
293	0.894933	-3764.95
294	0.907824	-3881.96
295	0.902432	-3870.05
296	0.863262	-3510.35
297	0.827993	-3275.88
298	0.87924	-3709.26
299	0.892931	-3737.87
300	0.916412	-3983.58
301	0.803759	-3025.87
302	0.839307	-3311.9
303	0.881192	-3666.76
304	0.766771	-2793.05
305	0.836815	-3351.2
306	0.838553	-3418.32
307	0.897655	-3794.43
308	0.85326	-3454.9
309	0.877566	-3657.31
310	0.881386	-3640.53
311	0.897414	-3811.77
312	0.892217	-3750.42
313	0.893206	-3786.47
314	0.905217	-3885.34
315	0.924069	-4033.31
316	0.907181	-3894.04
317	0.896141	-3811.9
318	0.89804	-3829.16
319	0.901793	-3844.29
320	0.903691	-3886.89
321	0.899546	-3818.83
322	0.890795	-3757.44
323	0.882238	-3701.29
324	0.884832	-3734.95
325	0.887762	-3739.28
326	0.910778	-3918.44
327	0.894147	-3783.46
328	0.891708	-3779.79
329	0.882699	-3668.64
330	0.903188	-3846.34
331	0.900661	-3854.32
332	0.904561	-3881.69
333	0.895944	-3816.89
334	0.872706	-3566.14
335	0.912525	-3932.87
336	0.902914	-3850.47
337	0.91796	-3970.22
338	0.887351	-3741.32
339	0.909627	-3902.53
340	0.900358	-3844.29
341	0.890696	-3760.05
342	0.899778	-3832.45
343	0.889417	-3705.81
344	0.870397	-3572.1
345	0.816478	-3142.52
346	0.881717	-3662.26
347	0.896772	-3809.57
348	0.899439	-3843.07
349	0.884757	-3664
350	0.864279	-3542.64
351	0.875098	-3612.76
352	0.889535	-3788.17
353	0.898889	-3814.24
354	0.913462	-3917.57
355	0.90763	-3940.22
356	0.904956	-3880.86
357	0.895346	-3770.3
358	0.888275	-3749.26
359	0.876227	-3674.31
360	0.894446	-3823.93
361	0.899251	-3786.63
362	0.899533	-3845.72
363	0.917916	-3976.52
364	0.863799	-3522.76
365	0.887869	-3753.05
366	0.895966	-3792.86
367	0.877288	-3636.34
368	0.898238	-3837.07
369	0.91155	-3949.51
370	0.882265	-3671.02
371	0.907286	-3888.71
372	0.890129	-3738.94
373	0.902719	-3826.04
374	0.907189	-3887.54
375	0.904214	-3874.61
376	0.895469	-3775.32
377	0.905648	-3870.1
378	0.893605	-3769.43
379	0.909695	-3902.08
380	0.907964	-3916.36
381	0.889008	-3717.82
382	0.880311	-3666.13
383	0.885776	-3710.75
384	0.901815	-3846.87
385	0.905844	-3886.42
386	0.888476	-3749.72
387	0.891114	-3765.62
388	0.903783	-3866.18
389	0.898804	-3833.05
390	0.896248	-3787.41
391	0.876364	-3634.62
392	0.875499	-3670.82
393	0.848677	-3441.12
394	0.897022	-3820.36
395	0.891543	-3735.01
396	0.894713	-3801.06
397	0.877835	-3658.77
398	0.904502	-3889.65
399	0.901723	-3843.82
400	0.890582	-3775.46
401	0.886675	-3737.28
402	0.896203	-3805.25
403	0.903077	-3864.33
404	0.895158	-3805.17
405	0.893284	-3799.89
406	0.889842	-3768.32
407	0.888675	-3738.76
408	0.907985	-3906.17
409	0.900312	-3825.8
410	0.893023	-3777.3
411	0.887425	-3715.37
412	0.884021	-3721.74
413	0.898578	-3809.41
414	0.880358	-3706.21
415	0.888952	-3760.95
416	0.916338	-3995.6
417	0.906564	-3912.83
418	0.895564	-3833.72
419	0.911703	-3912.61
420	0.880029	-3670.78
421	0.909569	-3896.96
422	0.91113	-3918.57
423	0.910826	-3936.02
424	0.890071	-3756.06
425	0.888071	-3731.47
426	0.910154	-3915.15
427	0.895683	-3788.96
428	0.85102	-3442.1
429	0.873834	-3582.77
430	0.898018	-3803.38
431	0.884434	-3665.27
432	0.869764	-3612.86
433	0.920638	-4016.41
434	0.896931	-3756.11
435	0.910845	-3957.24
436	0.81162	-3072.72
437	0.893372	-3766.92
438	0.899346	-3859.5
439	0.913579	-3945.35
440	0.900626	-3830.06
441	0.865489	-3562.95
442	0.887021	-3720.1
443	0.879645	-3649.61
444	0.900848	-3829.42
445	0.877276	-3650.87
446	0.909003	-3892.97
447	0.906238	-3860.78
448	0.910133	-3917.27
449	0.894944	-3771.47
450	0.900047	-3829.56
451	0.893435	-3769.88
452	0.877574	-3644.43
453	0.89968	-3798.37
454	0.88325	-3680.07
455	0.84894	-3451.41
456	0.894281	-3754.35
457	0.884543	-3692.66
458	0.886314	-3721.42
459	0.8792	-3673.38
460	0.891721	-3763.14
461	0.874179	-3630.08
462	0.887568	-3756.69
463	0.906414	-3883.83
464	0.910967	-3921.08
465	0.908819	-3916.9
466	0.878737	-3639.65
467	0.881216	-3645.63
468	0.888886	-3717.2
469	0.898583	-3826.27
470	0.914836	-3947.72
471	0.886585	-3716.84
472	0.891623	-3785.96
473	0.893988	-3768.44
474	0.905836	-3870.36
475	0.886855	-3710.56
476	0.876069	-3675.3
477	0.788091	-2925.62
478	0.872055	-3582.42
479	0.840959	-3399.05
480	0.866693	-3543.26
481	0.878028	-3668.42
482	0.854809	-3477.6
483	0.889879	-3748.7
484	0.879188	-3653.32
485	0.90056	-3823.66
486	0.904518	-3877.87
487	0.910068	-3911.95
488	0.915727	-3961.6
489	0.89908	-3812.19
490	0.868107	-3561.78
491	0.86213	-3536.01
492	0.910672	-3921.65
493	0.907682	-3870.95
494	0.894714	-3762.73
495	0.903551	-3844.06
496	0.900461	-3857.55
497	0.874102	-3646.47
498	0.88696	-3752.82
499	0.893355	-3778.41
500	0.904128	-3858.38
501	0.897284	-3794.84
502	0.916187	-3984.29
503	0.89187	-3754.31
504	0.868167	-3562
505	0.866578	-3572.52
506	0.80278	-2994.92
507	0.879717	-3645.02
508	0.906492	-3888.28
509	0.881614	-3685.92
510	0.902372	-3831.71
511	0.897973	-3760.21
512	0.881294	-3687.54
513	0.886049	-3692.7
514	0.906714	-3891.78
515	0.903704	-3847.79
516	0.908433	-3876.94
517	0.902068	-3865.34
518	0.879786	-3679.29
519	0.857177	-3483.43
520	0.904073	-3869.37
521	0.908507	-3891.88
522	0.904189	-3862.88
523	0.901833	-3829.6
524	0.884097	-3692.33
525	0.891082	-3755.67
526	0.818266	-3174.2
527	0.859059	-3493.22
528	0.881692	-3675.76
529	0.893605	-3773.02
530	0.888082	-3740.04
531	0.900469	-3843.62
532	0.898715	-3831.47
533	0.892228	-3781.48
534	0.910841	-3907.79
535	0.877013	-3626.74
536	0.873924	-3607.87
537	0.877362	-3669.33
538	0.897962	-3805.73
539	0.897199	-3820.03
540	0.912052	-3910.52
541	0.838315	-3302.19
542	0.831622	-3282.47
543	0.895606	-3772.73
544	0.889805	-3718.87
545	0.887837	-3704.5
546	0.89474	-3795.98
547	0.901852	-3859.18
548	0.889868	-3767.39
549	0.893937	-3778.12
550	0.900512	-3818.43
551	0.88325	-3720.82
552	0.891443	-3771.06
553	0.873639	-3616.81
554	0.796882	-2940.92
555	0.82109	-3186.75
556	0.780726	-2907.07
557	0.801794	-3073.23
558	0.887995	-3741.07
559	0.903663	-3869.45
560	0.861742	-3516.39
561	0.895844	-3807.88
562	0.840799	-3354.91
563	0.90351	-3846.56
564	0.888186	-3722.01
565	0.908261	-3908.49
566	0.895213	-3768.64
567	0.890672	-3747.56
568	0.89516	-3789.23
569	0.905757	-3877.03
570	0.900731	-3849.66
571	0.874902	-3585.07
572	0.900532	-3840.83
573	0.898619	-3817.48
574	0.901007	-3852.02
575	0.895388	-3809.01
576	0.90845	-3899.91
577	0.899689	-3842.98
578	0.890804	-3741.5
579	0.901947	-3871.15
580	0.896542	-3813.58
581	0.904019	-3867.52
582	0.892875	-3744.63
583	0.910272	-3939.68
584	0.907808	-3868.68
585	0.886811	-3727.91
586	0.903894	-3900.78
587	0.894745	-3833.24
588	0.907047	-3853.21
589	0.884947	-3709.52
590	0.910134	-3929.05
591	0.901729	-3836.5
592	0.910684	-3914.1
593	0.894638	-3781.9
594	0.906084	-3886.02
595	0.894989	-3792.71
596	0.912823	-3902.42
597	0.913498	-3942.24
598	0.902672	-3870.57
599	0.870668	-3518.71
600	0.860816	-3529.54
601	0.910898	-3919.09
602	0.8814	-3669.77
603	0.888905	-3755.72
604	0.88613	-3702.13
605	0.894466	-3773.35
606	0.866363	-3511.04
607	0.89307	-3739.16
608	0.902612	-3832.64
609	0.900216	-3818.63
610	0.907234	-3902.29
611	0.908357	-3900.74
612	0.893503	-3764.79
613	0.906919	-3926.72
614	0.844648	-3355.56
615	0.882096	-3656.39
616	0.887047	-3717.01
617	0.904799	-3869.91
618	0.898498	-3838.97
619	0.897051	-3800.04
620	0.898639	-3842.44
621	0.887305	-3736.91
622	0.88843	-3721.24
623	0.905069	-3862.41
624	0.910314	-3953.46
625	0.911606	-3925.22
626	0.911178	-3913.05
627	0.885646	-3735.02
628	0.879509	-3635.97
629	0.884136	-3717.87
630	0.874152	-3624.36
631	0.896995	-3784.42
632	0.906213	-3859.53
633	0.872889	-3630.19
634	0.906348	-3884.25
635	0.905843	-3891.43
636	0.902336	-3878.13
637	0.847866	-3384.8
638	0.894693	-3807.25
639	0.860315	-3452.23
640	0.900431	-3847.43
641	0.904506	-3880.44
642	0.885613	-3694.31
643	0.89832	-3816.89
644	0.903327	-3880.39
645	0.903996	-3864.33
646	0.863467	-3530.62
647	0.872114	-3605.66
648	0.882998	-3663.74
649	0.85047	-3397.22
650	0.842593	-3339.61
651	0.908692	-3915.14
652	0.900296	-3846.3
653	0.890688	-3758.39
654	0.89239	-3785.79
655	0.88153	-3645.26
656	0.887484	-3740.69
657	0.891034	-3744.72
658	0.85379	-3401.36
659	0.889594	-3734.49
660	0.89693	-3818.06
661	0.886188	-3722.75
662	0.896221	-3810.42
663	0.872482	-3608.2
664	0.901274	-3836.47
665	0.895263	-3779.03
666	0.868345	-3544.6
667	0.851307	-3404.31
668	0.785219	-2945.86
669	0.891843	-3762.57
670	0.903237	-3867.25
671	0.888821	-3716.77
672	0.89335	-3772.76
673	0.901189	-3836.42
674	0.892821	-3772.83
675	0.848234	-3457.97
676	0.909588	-3929.55
677	0.827782	-3270.45
678	0.912537	-3942.44
679	0.89254	-3770.25
680	0.913601	-3956.05
681	0.893682	-3783.31
682	0.869248	-3566.22
683	0.876679	-3662.41
684	0.883145	-3694.45
685	0.817561	-3161.45
686	0.773818	-2879.59
687	0.814668	-3119.17
688	0.88143	-3672.76
689	0.798133	-2978.6
690	0.835647	-3304.95
691	0.890193	-3763.07
692	0.887537	-3717.16
693	0.915219	-3961.7
694	0.886415	-3727.35
695	0.910532	-3940.63
696	0.903605	-3883.71
697	0.901377	-3852.65
698	0.906934	-3918.22
699	0.899121	-3838.26
700	0.881176	-3658.36
701	0.862606	-3506.99
702	0.868566	-3565.91
703	0.899027	-3817.65
704	0.89974	-3843
705	0.903063	-3877.66
706	0.898588	-3835.41
707	0.891758	-3777.94
708	0.911559	-3941.03
709	0.886259	-3714.75
710	0.917164	-3951.87
711	0.894152	-3793.08
712	0.890774	-3756.67
713	0.902664	-3882.31
714	0.891382	-3764.1
715	0.906973	-3900.91
716	0.892635	-3771.9
717	0.909389	-3906.34
718	0.920278	-3995.02
719	0.909608	-3920.88
720	0.890321	-3748.98
721	0.907131	-3926.08
722	0.894354	-3780.11
723	0.870679	-3578.88
724	0.907612	-3891.38
725	0.877525	-3638.13
726	0.862536	-3516.5
727	0.878549	-3639.08
728	0.881875	-3689.35
729	0.895681	-3772.63
730	0.895951	-3820.31
731	0.849324	-3359.75
732	0.881607	-3636.13
733	0.884218	-3729.67
734	0.889836	-3776.71
735	0.885908	-3681.36
736	0.90342	-3819.35
737	0.86215	-3533.24
738	0.79314	-3005.8
739	0.878238	-3624.31
740	0.891547	-3787.12
741	0.901304	-3862.27
742	0.888569	-3731.02
743	0.895879	-3778.87
744	0.885165	-3718.7
745	0.891837	-3751.48
746	0.894135	-3804.36
747	0.898102	-3829.99
748	0.901165	-3830.52
749	0.89858	-3820.29
750	0.887433	-3740.29
751	0.906886	-3899.11
752	0.887521	-3761.62
753	0.869565	-3560.2
754	0.894009	-3774.63
755	0.905296	-3870.51
756	0.897644	-3786.08
757	0.87399	-3625.56
758	0.890936	-3760.64
759	0.895761	-3768.2
760	0.893184	-3781.67
761	0.911764	-3910.05
762	0.892026	-3756.4
763	0.836342	-3328.01
764	0.797225	-3012.04
765	0.797911	-3054.72
766	0.780404	-2834.1
767	0.835485	-3250.39
768	0.851995	-3424.95
769	0.874526	-3600.58
770	0.884031	-3706.23
771	0.886073	-3676.08
772	0.874888	-3635.15
773	0.87551	-3638.26
774	0.881927	-3675.94
775	0.860079	-3515.79
776	0.893225	-3773.64
777	0.886796	-3705.94
778	0.873519	-3601.93
779	0.886547	-3700.41
780	0.887601	-3717.25
781	0.911237	-3905.74
782	0.881632	-3674.04
783	0.894907	-3795.21
784	0.89847	-3831.61
785	0.897585	-3816.53
786	0.893617	-3763.7
787	0.900665	-3836.59
788	0.88269	-3699.56
789	0.894807	-3769.43
790	0.881014	-3659.84
791	0.858635	-3457.79
792	0.920897	-4023.38
793	0.897436	-3790.14
794	0.911228	-3929.48
795	0.897214	-3796.51
796	0.897059	-3809.2
797	0.893237	-3774.67
798	0.906792	-3904.07
799	0.904583	-3883.43
800	0.913076	-3950.04
801	0.902211	-3857.69
802	0.876198	-3644.45
803	0.874034	-3634.24
804	0.898742	-3839.72
805	0.855931	-3499.11
806	0.8842	-3706.16
807	0.882871	-3675.22
808	0.884258	-3691.66
809	0.898745	-3825.35
810	0.862431	-3506.22
811	0.785172	-2885.23
812	0.805348	-3101.18
813	0.835706	-3240.8
814	0.890746	-3720.35
815	0.898923	-3814.73
816	0.881171	-3683.31
817	0.89286	-3735.99
818	0.882353	-3674.92
819	0.895154	-3812.9
820	0.859757	-3510.43
821	0.893514	-3787.41
822	0.909739	-3881.49
823	0.894336	-3762.16
824	0.889113	-3730.6
825	0.89548	-3775.98
826	0.891956	-3758.61
827	0.897411	-3821.33
828	0.910317	-3929.22
829	0.901281	-3819.43
830	0.898228	-3810.46
831	0.875972	-3635.35
832	0.900058	-3843.1
833	0.907498	-3877.9
834	0.891186	-3739.37
835	0.892138	-3776.64
836	0.897165	-3800.81
837	0.898256	-3844.97
838	0.915406	-3935.68
839	0.902571	-3848.04
840	0.89832	-3819.03
841	0.899069	-3819.87
842	0.897824	-3810.84
843	0.906838	-3884.96
844	0.895829	-3785.79
845	0.894993	-3795.15
846	0.900056	-3831.66
847	0.829751	-3262.91
848	0.81048	-3110.07
849	0.894608	-3782.68
850	0.896637	-3788.01
851	0.912976	-3941.42
852	0.890459	-3746.32
853	0.897664	-3805.05
854	0.896735	-3829.03
855	0.899336	-3836.95
856	0.906346	-3876.07
857	0.905774	-3855.43
858	0.896971	-3804.52
859	0.877413	-3621.55
860	0.906532	-3891.13
861	0.895912	-3793.37
862	0.852478	-3447.01
863	0.875767	-3610.93
864	0.897467	-3801.98
865	0.896766	-3790.7
866	0.904777	-3878.27
867	0.8884	-3733.5
868	0.902785	-3872.61
869	0.896798	-3804.72
870	0.89727	-3831.98
871	0.896465	-3800.81
872	0.891175	-3750.57
873	0.898069	-3801.24
874	0.890916	-3734.47
875	0.825158	-3222.1
876	0.886894	-3665.69
877	0.895063	-3785.41
878	0.906541	-3889.86
879	0.880219	-3645.8
880	0.868738	-3537.2
881	0.881117	-3685.47
882	0.890087	-3732.81
883	0.888726	-3765.67
884	0.900712	-3862.52
885	0.895392	-3800.96
886	0.907161	-3880.8
887	0.890301	-3752.09
888	0.916851	-3963.21
889	0.897098	-3808.96
890	0.899781	-3834.32
891	0.89894	-3861.75
892	0.86245	-3524.66
893	0.893572	-3750.42
894	0.849884	-3434.3
895	0.843786	-3333.53
896	0.825048	-3184.97
897	0.874275	-3611.09
898	0.832606	-3287.06
899	0.889987	-3743.85
900	0.890137	-3777.83
901	0.877158	-3644.72
902	0.89158	-3768.4
903	0.902692	-3852.15
904	0.871713	-3578.69
905	0.895367	-3816.68
906	0.877204	-3624.6
907	0.881993	-3688.48
908	0.893987	-3782.02
909	0.885142	-3731.86
910	0.897101	-3802.17
911	0.904943	-3858.91
912	0.906025	-3918.9
913	0.895512	-3799.12
914	0.903161	-3842.7
915	0.900005	-3809.05
916	0.885598	-3722.39
917	0.894275	-3803.08
918	0.903666	-3849.28
919	0.891779	-3762.36
920	0.886267	-3689.26
921	0.905939	-3866.29
922	0.916098	-3974.38
923	0.905497	-3867.24
924	0.883376	-3697.66
925	0.801507	-3021.25
926	0.812331	-3131.35
927	0.811161	-3132
928	0.879291	-3639
929	0.892024	-3768.81
930	0.894876	-3802.33
931	0.859493	-3535.6
932	0.870173	-3615.6
933	0.904536	-3859.13
934	0.904683	-3867.32
935	0.889986	-3749.87
936	0.887698	-3724.3
937	0.88704	-3716.19
938	0.868205	-3597.25
939	0.873685	-3571.43
940	0.880217	-3655.95
941	0.896688	-3777.82
942	0.896901	-3821.2
943	0.883149	-3716.63
944	0.856863	-3513.04
945	0.782878	-2893.79
946	0.743312	-2596.19
947	0.791884	-3005.89
948	0.80448	-3084.22
949	0.879147	-3687.61
950	0.91082	-3912.01
951	0.892654	-3759.88
952	0.901575	-3833.18
953	0.882635	-3713.23
954	0.872448	-3573.51
955	0.892542	-3758.19
956	0.904784	-3873.77
957	0.892182	-3736.77
958	0.900342	-3815.88
959	0.908855	-3909.64
960	0.918919	-3977.19
961	0.879951	-3664.87
962	0.894722	-3794.06
963	0.894415	-3770.02
964	0.892886	-3771.7
965	0.903106	-3846.99
966	0.870295	-3593.3
967	0.85663	-3495.1
968	0.894644	-3803.67
969	0.88123	-3687.78
970	0.896161	-3774.79
971	0.881942	-3660.3
972	0.896114	-3769.08
973	0.835269	-3266.59
974	0.864725	-3544.64
975	0.87267	-3636.2
976	0.887159	-3708.19
977	0.895445	-3786.48
978	0.909051	-3910.49
979	0.892329	-3773.26
980	0.904062	-3869.25
981	0.917553	-3984.57
982	0.889343	-3723.17
983	0.892888	-3789.7
984	0.891281	-3762.32
985	0.900058	-3813.64
986	0.869626	-3535.9
987	0.875788	-3636.11
988	0.886255	-3745.24
989	0.856388	-3480.06
990	0.913418	-3965.17
991	0.913499	-3948.92
992	0.893741	-3778.76
993	0.888511	-3741.74
994	0.905709	-3883.6
995	0.907893	-3923.91
996	0.894883	-3792.9
997	0.889807	-3719.48
998	0.904711	-3913.47
999	0.890477	-3749.21
