2000
0	0.42154	-0.471612	0.774523
1	-0.28405	0.503649	0.815876
2	-0.803575	0.231994	0.548129
3	-0.58193	-0.693199	-0.425243
4	0.056434	0.995908	0.0705849
5	0.121747	0.0337872	-0.991986
6	0.193343	-0.120429	-0.973712
7	0.306112	-0.858262	0.411925
8	-0.585996	0.465801	-0.663052
9	-0.384398	0.414274	-0.824994
10	0.460951	-0.652561	0.601405
11	0.887284	0.315072	-0.336832
12	-0.56636	-0.00139427	-0.824157
13	0.281524	-0.377468	0.882192
14	0.790778	0.44724	-0.417907
15	-0.441552	-0.812141	-0.38139
16	-0.501109	0.0328873	0.864759
17	0.937147	-0.114908	0.329473
18	0.687684	0.716063	0.119766
19	0.833145	-0.17447	0.524814
20	0.648285	-0.00643133	0.76137
21	0.709626	-0.0113876	-0.704487
22	0.923239	0.032547	0.382845
23	-0.556645	-0.0506929	0.829203
24	0.438299	-0.853042	-0.28322
25	-0.515729	0.572222	-0.637641
26	0.928394	0.0992758	-0.358092
27	-0.858587	0.485322	-0.165199
28	-0.175139	0.535953	0.825882
29	-0.514842	-0.000171247	0.857285
30	-0.363088	-0.917562	-0.16201
31	0.263561	-0.00268877	0.964639
32	0.885659	-0.286914	0.365088
33	0.816762	-0.538496	0.207175
34	-0.603801	0.789143	-0.112597
35	0.657432	-0.266547	-0.704795
36	-0.753511	-0.472494	-0.457133
37	-0.984495	0.0458687	0.169307
38	-0.601665	0.633274	0.48679
39	0.760529	-0.597235	-0.254767
40	0.0130271	0.299317	-0.954065
41	0.380617	0.912304	-0.151099
42	0.163345	0.906213	0.389995
43	0.305767	-0.762081	0.570735
44	0.295433	0.955135	0.0209037
45	-0.136318	0.986899	0.0863046
46	-0.847452	0.352239	-0.397182
47	-0.511508	0.821921	-0.250611
48	-0.307811	-0.218207	0.926088
49	-0.22664	-0.829767	-0.51002
50	0.30613	-0.930409	0.201551
51	-0.484298	0.398639	0.778809
52	0.0257565	0.999144	-0.0323731
53	-0.145812	0.854792	-0.498066
54	-0.174869	0.331067	-0.927262
55	-0.823765	-0.302552	0.479451
56	-0.540112	-0.064955	-0.839083
57	-0.340496	-0.215579	0.915198
58	-0.0317022	-0.999398	-0.014121
59	0.93228	0.0140201	-0.361465
60	0.824212	0.534915	0.18585
61	-0.0260667	-0.0753389	-0.996817
62	0.750283	-0.240001	-0.616015
63	-0.234322	-0.924348	-0.301122
64	-0.814795	-0.0197294	0.579414
65	0.81461	-0.508385	0.279205
66	0.178934	0.842084	0.5088
67	-0.0545965	0.117896	-0.991524
68	-0.0767735	0.994829	0.0664864
69	0.775591	0.630826	-0.0227359
70	0.750047	0.0141438	0.661233
71	-0.287221	-0.937178	-0.197995
72	0.0866681	0.62341	0.777077
73	0.548512	-0.0260071	0.835738
74	0.341822	-0.695276	-0.632257
75	0.242462	0.775462	0.582985
76	0.836852	0.00735045	0.547381
77	-0.635332	-0.740342	0.21965
78	0.531144	-0.526433	-0.663893
79	-0.0895632	-0.130731	-0.987364
80	0.625749	-0.714173	-0.31368
81	0.356488	0.766932	-0.533602
82	-0.884635	0.380291	0.269814
83	0.853268	-0.520766	-0.0271334
84	0.98492	-0.171174	0.0251517
85	0.963909	0.217712	-0.153238
86	0.082671	0.667962	-0.73959
87	-0.208989	-0.426099	-0.880206
88	0.330287	-0.221665	0.917483
89	0.659298	0.642685	-0.390233
90	0.687558	-0.499707	-0.526837
91	0.144155	0.771551	0.61962
92	-0.66964	0.473964	0.571787
93	-0.385647	-0.104757	0.91668
94	-0.890043	-0.385834	-0.242809
95	-0.644258	-0.0256283	0.764379
96	-0.32755	0.554704	-0.764862
97	-0.229533	-0.909117	0.347594
98	-0.518568	0.803895	-0.291272
99	0.992816	-0.0932111	0.0750239
100	0.0630035	-0.387334	0.919784
101	-0.106807	0.954212	0.279413
102	0.584049	0.727315	0.360415
103	-0.392557	-0.0462519	0.918564
104	0.134441	-0.68849	-0.712676
105	0.0767129	0.530021	0.844508
106	0.682313	0.319615	0.657491
107	-0.498368	0.267128	0.824786
108	-0.191805	0.735138	0.650218
109	0.970173	0.128434	-0.205594
110	0.869744	-0.473072	0.140526
111	-0.841785	-0.185469	0.506952
112	-0.0378848	-0.54483	0.83769
113	-0.779097	-0.148732	0.609005
114	-0.129714	0.799169	-0.586944
115	0.436843	0.660601	0.610552
116	0.0675559	0.0810265	-0.99442
117	0.97459	-0.180628	0.132467
118	0.755264	0.194583	-0.625871
119	0.198776	-0.905917	0.373903
120	-0.622945	0.401158	0.671574
121	0.188359	-0.821415	0.538329
122	-0.651034	0.211831	-0.728891
123	-0.767795	-0.536902	-0.34961
124	0.161054	-0.318806	0.934037
125	0.446682	0.863143	-0.235497
126	0.0901489	0.778391	0.621274
127	0.995159	-0.0211544	-0.0959699
128	0.407042	-0.912961	0.0286015
129	0.415844	-0.865192	-0.280208
130	0.417904	0.526102	-0.740657
131	-0.167683	-0.720858	-0.672493
132	0.444378	-0.886891	-0.126307
133	0.435974	0.740415	0.511578
134	0.724498	-0.673745	0.145497
135	0.573995	-0.817606	-0.0452779
136	0.187398	-0.982212	0.0119411
137	-0.0518509	0.931163	-0.360896
138	0.939593	-0.149784	-0.307783
139	0.787506	0.61016	-0.0868293
140	-0.704171	-0.28132	-0.651922
141	-0.00563276	0.436907	0.899489
142	0.0645448	-0.163616	-0.98441
143	-0.699761	0.700279	-0.14122
144	-0.360139	0.666517	-0.65273
145	-0.896977	-0.253423	-0.362228
146	-0.830092	0.433943	-0.350201
147	-0.617225	-0.638602	0.459588
148	-0.633236	0.107303	0.766484
149	0.0425814	0.935968	0.349502
150	-0.381176	0.598399	0.704715
151	-0.291667	-0.580065	-0.760563
152	0.72238	0.33552	-0.604643
153	-0.809268	0.574005	0.124915
154	-0.186453	-0.162731	-0.968893
155	0.374483	0.876472	-0.302588
156	-0.101848	-0.202019	-0.974072
157	-0.463656	0.816919	0.343025
158	0.539434	0.808617	-0.234838
159	-0.916283	0.29501	-0.270914
160	-0.544974	-0.704041	0.455334
161	0.460641	0.789336	-0.405904
162	0.322364	0.926685	-0.193226
163	0.494773	-0.353955	0.793672
164	-0.0859796	0.981208	0.172738
165	0.0910162	-0.359531	-0.928684
166	-0.379462	0.846617	-0.37316
167	-0.508784	-0.732932	0.451607
168	-0.150458	0.740933	0.654508
169	-0.550965	-0.83428	-0.020336
170	-0.629498	0.596726	0.497645
171	0.243024	-0.969261	0.0383591
172	0.966148	0.128653	0.223622
173	0.218064	0.111879	0.9695
174	-0.452333	0.891795	-0.00980189
175	0.0176557	0.956054	0.29266
176	0.746529	0.425139	0.511812
177	0.309969	0.807659	-0.501604
178	0.779093	-0.579272	-0.239704
179	0.251943	0.768488	-0.588177
180	-0.132532	0.196727	-0.97146
181	0.285875	0.193318	0.938565
182	-0.137152	0.108417	0.984599
183	0.55762	-0.583562	-0.590352
184	0.356126	0.4043	0.842446
185	0.422992	-0.661885	0.618859
186	0.324339	0.901845	0.285446
187	-0.470642	0.863508	0.181247
188	0.36931	-0.620792	0.69154
189	-0.961981	0.135147	-0.237333
190	0.749242	0.029191	-0.661653
191	0.264911	-0.730208	0.629777
192	0.629785	0.398853	0.666548
193	0.689961	0.357309	-0.629511
194	0.738351	-0.290733	0.608532
195	0.917039	-0.185944	0.352796
196	-0.867684	-0.327441	-0.37404
197	0.0140859	0.37087	0.928578
198	-0.116027	0.670341	0.732926
199	0.471664	-0.881771	0.00350871
200	0.522101	0.158371	0.838051
201	0.904731	-0.112922	-0.410745
202	-0.533665	-0.801254	-0.270542
203	-0.0471291	-0.946217	-0.320082
204	-0.355639	0.773913	-0.524004
205	0.459222	-0.715833	-0.526021
206	0.959845	0.260872	-0.103164
207	0.23616	-0.377127	0.895546
208	-0.506744	-0.0723228	0.859058
209	-0.0531578	-0.987213	0.150284
210	-0.730954	-0.0744922	-0.678349
211	0.448638	0.677071	-0.583352
212	0.23881	-0.161094	0.957611
213	0.675703	0.406528	0.614948
214	-0.136609	0.902269	-0.40896
215	0.137283	0.921268	0.363894
216	0.491814	0.83961	0.230593
217	0.603977	0.796969	-0.00722234
218	-0.587262	0.809353	0.00843875
219	0.779989	0.600949	-0.174577
220	0.827816	0.557852	-0.059351
221	-0.539549	-0.463525	-0.702874
222	-0.148691	0.834279	-0.530914
223	0.23559	-0.908094	0.346212
224	0.540147	-0.487897	0.68571
225	0.412339	0.22083	-0.883861
226	-0.0955687	0.0368936	0.994739
227	-0.232492	0.635045	0.736659
228	0.477047	0.254312	0.84128
229	-0.714791	0.526847	-0.459898
230	-0.210755	-0.671589	0.710317
231	0.215817	-0.117033	0.969395
232	0.965547	-0.194353	-0.173049
233	-0.525053	-0.844166	-0.108179
234	0.232929	0.511483	-0.827121
235	-0.258131	0.855159	0.449524
236	-0.667696	-0.713981	0.210745
237	0.476903	-0.849114	0.227089
238	0.666007	0.650782	-0.364579
239	-0.361295	-0.439915	0.822156
240	-0.0846734	-0.996093	0.0250929
241	0.660735	0.345344	-0.666458
242	0.21595	-0.576496	0.788047
243	-0.273705	0.493797	0.825379
244	-0.998683	-0.0477802	-0.0186836
245	-0.732863	-0.218926	-0.644192
246	-0.14244	-0.155333	-0.977539
247	-0.770685	-0.0301174	-0.636504
248	-0.23682	0.950593	0.200719
249	-0.619604	-0.784387	0.028779
250	-0.832242	-0.0619233	0.550943
251	0.83004	-0.340739	-0.441509
252	-0.609429	0.534477	-0.585603
253	-0.047976	-0.634893	-0.771109
254	0.735273	-0.355874	0.576825
255	-0.645496	0.547284	0.532744
256	-0.0565519	0.198627	-0.978442
257	-0.272118	0.355795	-0.89407
258	0.150879	0.60909	-0.778617
259	0.174992	-0.621549	0.76358
260	0.765698	-0.429495	0.478791
261	0.717203	-0.690238	0.0958672
262	-0.186437	-0.927201	0.324868
263	0.246074	-0.32226	0.914109
264	-0.0357892	0.468825	0.882566
265	-0.787393	-0.105098	-0.607427
266	0.884195	-0.424974	-0.1939
267	-0.640554	0.759832	0.111116
268	0.967711	0.0144356	0.251647
269	-0.55384	-0.272171	0.786883
270	0.528963	0.232841	0.816078
271	-0.699007	0.702406	0.134221
272	0.0800762	-0.994128	0.0727787
273	-0.0352713	0.445166	-0.894753
274	0.469539	0.722497	-0.507475
275	-0.502064	-0.00940057	0.86478
276	-0.197684	0.911486	-0.360713
277	0.976795	0.156944	-0.145739
278	-0.522222	-0.843656	-0.124611
279	0.959264	0.282242	0.0122868
280	0.228893	0.97324	0.0202973
281	0.219313	0.96091	-0.168979
282	-0.918458	-0.161385	-0.361095
283	-0.738566	0.495303	0.457378
284	-0.424642	-0.406014	-0.809217
285	0.0519369	0.640585	-0.766129
286	-0.62387	0.475467	-0.620256
287	0.660414	-0.588363	-0.466564
288	-0.378708	-0.58373	0.71822
289	-0.867923	0.418577	-0.2674
290	-0.165912	-0.765627	0.621521
291	0.932405	-0.0695772	-0.354654
292	0.312736	0.115784	0.942757
293	-0.514144	-0.328209	0.792423
294	0.248925	0.740037	-0.624805
295	-0.238332	-0.465474	0.852369
296	0.262543	-0.932818	-0.246823
297	0.594648	-0.746569	0.298378
298	-0.437198	0.898997	-0.0257141
299	-0.810056	-0.377067	-0.449032
300	0.112414	0.991417	0.0667447
301	-0.887005	0.0213331	0.461267
302	0.978099	-0.194007	0.075388
303	-0.111661	0.734619	-0.669229
304	0.902211	-0.33128	-0.276168
305	-0.869992	-0.333074	-0.363561
306	-0.463143	0.680485	-0.567837
307	0.456979	-0.565323	0.686717
308	-0.867435	0.487508	-0.0994645
309	-0.790823	-0.51447	0.331542
310	0.206448	-0.0342467	0.977858
311	-0.334256	-0.0489283	0.941211
312	-0.150904	0.757291	-0.635405
313	0.204808	-0.54308	0.81432
314	0.122546	-0.966834	-0.224086
315	0.798005	0.507236	-0.325421
316	-0.628811	-0.490841	-0.603052
317	0.218818	-0.589597	-0.777492
318	-0.118591	0.873615	0.471946
319	-0.142367	0.471476	-0.870312
320	0.82676	-0.553712	-0.0993562
321	-0.718458	-0.651779	0.242903
322	-0.41941	-0.678499	0.603104
323	-0.164678	-0.294062	0.941493
324	-0.362858	0.905354	-0.220611
325	-0.678325	-0.00193539	-0.73476
326	-0.0491821	-0.363051	0.93047
327	-0.524697	0.767727	-0.367816
328	-0.652291	0.729994	0.204024
329	0.704045	0.690052	0.167776
330	-0.624354	0.196232	0.756092
331	-0.0806826	0.44308	-0.892844
332	-0.111859	0.810743	0.574616
333	-0.373134	0.273282	-0.886616
334	0.97912	-0.140159	-0.147243
335	0.139779	-0.773992	-0.617574
336	-0.000148175	0.859472	0.511183
337	0.322832	-0.100573	0.941098
338	0.487737	0.0334258	-0.87235
339	-0.496402	0.855017	-0.150105
340	-0.00597156	-0.975058	-0.221869
341	-0.546671	-0.825661	-0.139409
342	0.593377	-0.207846	-0.777627
343	0.145076	-0.522225	-0.840377
344	-0.0842244	-0.766462	-0.636744
345	-0.49237	-0.145426	0.858151
346	-0.557757	0.689029	-0.462759
347	-0.553629	-0.598068	0.579492
348	-0.316336	-0.921053	-0.227141
349	0.26868	0.0961275	0.958421
350	-0.203222	-0.689283	0.695406
351	-0.773139	-0.540602	-0.331671
352	0.804546	-0.472877	-0.359295
353	-0.680904	0.730741	0.0488482
354	-0.261162	-0.90957	-0.32323
355	0.183607	-0.886149	-0.425475
356	-0.428571	0.307227	-0.849669
357	-0.726394	0.685121	-0.0544237
358	0.669793	-0.573864	-0.471229
359	-0.546808	-0.109967	0.830005
360	-0.701339	0.271284	-0.659188
361	0.99574	0.084223	-0.0375156
362	-0.338621	0.816506	-0.467603
363	-0.312898	0.895181	0.317404
364	0.887374	-0.427111	0.173622
365	0.758937	0.646593	-0.0770211
366	0.846986	-0.124756	0.516769
367	-0.334743	0.727448	0.598972
368	0.952804	-0.177175	0.246524
369	-0.0073127	-0.999929	0.00945528
370	-0.24285	0.1035	0.964527
371	0.875133	-0.0963795	-0.474186
372	0.853048	-0.209827	0.477788
373	0.342848	0.935584	0.0844834
374	0.692464	0.442098	-0.570126
375	0.783195	0.42025	-0.458252
376	0.704979	-0.239875	-0.667432
377	-0.614698	-0.754861	-0.228761
378	0.723934	-0.431681	0.538118
379	0.34736	0.924911	0.154533
380	-0.182752	-0.816349	0.547884
381	-0.233041	0.972313	0.0173043
382	0.013933	-0.99711	0.0746776
383	0.634972	0.248736	-0.731397
384	0.255596	-0.687959	-0.679252
385	0.641307	0.145228	0.753415
386	0.418798	0.83983	-0.345389
387	-0.578695	-0.785409	0.219645
388	-0.27253	-0.938499	-0.212006
389	0.259967	-0.872462	-0.413795
390	0.306982	-0.945833	-0.105645
391	-0.219819	0.316139	0.922895
392	0.40948	0.746685	-0.524203
393	0.0332133	-0.695832	-0.717436
394	0.256983	-0.876228	0.407657
395	-0.836256	0.338079	0.431715
396	0.555954	-0.627498	0.545125
397	-0.741135	0.425074	-0.519646
398	0.451481	-0.742194	-0.49529
399	-0.586401	0.740056	0.32932
400	-0.28602	0.953176	-0.0982223
401	-0.114073	-0.19634	0.973878
402	-0.919507	-0.0181331	0.392656
403	0.0206764	-0.737839	0.67466
404	-0.302166	-0.487195	-0.819351
405	0.974087	0.00553551	-0.226104
406	0.852902	-0.207587	-0.479027
407	0.10247	0.681781	-0.724345
408	0.988133	0.0830015	0.129244
409	0.75295	0.299009	-0.586226
410	-0.39284	0.00620594	0.919586
411	-0.950546	0.139437	-0.277525
412	-0.997381	-0.0429391	0.0582034
413	0.45307	0.806312	-0.380248
414	-0.0172943	-0.567672	0.823073
415	-0.0571049	0.857511	0.511287
416	-0.775251	-0.574538	-0.262473
417	0.477445	-0.728499	0.491259
418	0.141267	-0.762838	0.63097
419	-0.99045	0.135633	-0.0247357
420	0.12379	0.330312	0.935719
421	-0.936086	0.322243	-0.141078
422	0.884073	-0.226913	-0.408566
423	-0.59245	-0.61359	-0.522025
424	0.71564	0.566591	-0.408453
425	0.953903	-0.299598	0.0176302
426	-0.256065	-0.436416	-0.862538
427	0.57769	0.603562	-0.549534
428	0.128226	-0.109783	0.98565
429	0.208182	-0.752484	-0.624843
430	-0.577167	-0.799631	0.165739
431	0.57451	-0.263874	-0.774796
432	0.0613741	-0.99092	0.119629
433	-0.411672	-0.283599	-0.866082
434	0.174094	0.150366	-0.973181
435	-0.911404	-0.194409	0.362694
436	0.0295976	0.767233	-0.640685
437	0.799487	0.597062	-0.0658566
438	0.476041	-0.465798	0.745934
439	0.463815	0.460439	0.756883
440	0.577338	-0.81436	0.0591451
441	-0.499465	-0.263628	-0.825248
442	-0.569822	0.315597	0.75875
443	-0.101286	0.605123	0.789663
444	-0.801698	0.5661	0.191864
445	0.0356756	-0.954812	0.295061
446	0.717211	-0.695968	-0.0351635
447	-0.523943	0.0684844	0.848995
448	0.100299	0.733831	-0.671887
449	-0.531036	-0.846602	0.035586
450	-0.12967	-0.0168641	-0.991414
451	0.315563	-0.550029	-0.773232
452	-0.754901	-0.439079	0.487169
453	0.602055	0.752589	-0.26672
454	-0.887745	0.396008	-0.234707
455	0.0525289	-0.844548	0.532896
456	-0.448839	-0.866294	-0.219265
457	0.698971	-0.193483	-0.688479
458	-0.40963	-0.865168	0.289287
459	0.109556	-0.461363	-0.880421
460	-0.217005	0.0921709	0.971809
461	-0.25883	-0.693799	0.67205
462	0.571376	0.188101	0.798841
463	-0.279898	0.952093	0.123188
464	0.215735	-0.972552	-0.0871822
465	-0.937787	-0.339576	0.0724149
466	0.296035	-0.208578	0.932126
467	0.629224	-0.774164	-0.0688954
468	-0.779193	0.623998	-0.0590305
469	-0.423281	-0.880969	0.211486
470	0.806081	-0.574891	-0.14048
471	0.979083	-0.115705	0.16736
472	0.361856	0.878798	-0.311085
473	0.357371	0.552745	-0.752834
474	0.243716	0.965421	0.0925496
475	-0.12672	0.941223	0.313116
476	0.483741	0.401816	-0.777521
477	0.758399	0.305379	0.575825
478	0.319124	-0.641992	-0.697141
479	-0.892395	-0.313205	-0.32486
480	-0.03047	0.905821	0.422563
481	0.435064	0.378001	-0.817211
482	0.955997	0.0923718	0.278455
483	0.018423	-0.30632	0.95175
484	0.898529	-0.250935	-0.360108
485	-0.959416	-0.275075	-0.0620782
486	0.598658	0.217835	0.770815
487	-0.926187	-0.196451	0.321844
488	0.564918	0.186684	-0.803751
489	0.732747	0.553442	0.395958
490	-0.968222	-0.11577	-0.221685
491	0.721693	-0.65537	0.222821
492	-0.784066	-0.263649	0.561899
493	0.250795	0.061643	0.966075
494	-0.209454	0.946283	0.246328
495	-0.606292	-0.49175	-0.624974
496	-0.130818	0.923285	0.361154
497	-0.00774444	-0.912769	-0.408402
498	0.755051	-0.214395	-0.619623
499	-0.772548	0.128226	-0.621874
500	0.515813	-0.584051	0.626755
501	-0.86544	0.418789	0.275008
502	0.739142	0.594952	0.315754
503	-0.769647	0.205181	-0.604603
504	-0.829637	-0.51146	-0.223855
505	-0.840514	0.533886	0.0922068
506	-0.507118	-0.0691232	-0.8591
507	-0.545691	0.211437	-0.810873
508	-0.261436	0.665882	-0.698751
509	-0.379345	0.390582	0.838775
510	-0.220825	-0.253828	-0.941705
511	0.641007	0.570363	-0.513611
512	-0.0603682	0.815961	-0.574946
513	0.505076	0.4505	-0.736171
514	-0.211499	-0.585616	-0.78251
515	-0.115276	-0.68478	-0.719575
516	-0.394634	-0.844041	-0.363122
517	-0.352088	-0.287533	-0.890707
518	-0.367247	-0.26635	0.891172
519	0.43617	-0.312407	0.843894
520	-0.428378	-0.4435	0.787274
521	-0.574789	-0.671603	-0.467512
522	-0.798558	-0.474266	-0.370643
523	-0.0553937	0.792588	0.607236
524	-0.421324	-0.900954	0.103768
525	0.130399	-0.666143	0.734336
526	0.330865	-0.93578	-0.121836
527	-0.578118	-0.8153	0.032653
528	0.302434	0.0502203	-0.951846
529	-0.194904	-0.80227	-0.564248
530	0.487563	-0.0656867	-0.870613
531	0.935537	-0.346223	0.069998
532	-0.252575	0.938501	0.23542
533	0.255315	0.93485	-0.246719
534	-0.499168	0.826307	-0.260858
535	0.67363	-0.60751	0.420897
536	0.857882	0.36488	0.361803
537	-0.759613	0.290048	0.582117
538	-0.247084	0.312247	0.917307
539	0.391538	-0.870349	-0.29865
540	-0.95523	-0.208196	-0.210216
541	-0.718584	0.570986	0.397003
542	-0.74336	0.664064	0.0802229
543	0.791549	0.565064	0.232708
544	0.416982	-0.90741	-0.0522889
545	-0.0273058	-0.81998	-0.571741
546	0.387775	-0.918757	-0.0742751
547	-0.277606	-0.931179	0.236307
548	0.779084	0.550483	0.299994
549	0.129649	-0.241079	-0.961807
550	-0.436547	0.265197	0.859708
551	-0.951238	-0.045489	-0.305084
552	-0.479014	0.154925	0.864028
553	0.290539	-0.81089	-0.507981
554	0.255718	-0.956229	0.142247
555	0.245799	0.551668	-0.797023
556	-0.597142	0.288695	-0.748383
557	0.971237	-0.187717	-0.146492
558	-0.70667	-0.693168	0.141901
559	0.64589	0.349419	0.678773
560	-0.935954	0.34368	-0.0766506
561	0.387039	-0.521696	-0.760285
562	0.440497	-0.897749	0.00297951
563	-0.886039	-0.407883	0.220379
564	-0.367472	-0.617175	-0.695744
565	0.411284	0.831434	-0.373581
566	0.215215	0.164816	0.962558
567	-0.27262	0.599549	0.752476
568	-0.227899	-0.556792	0.798777
569	-0.37921	-0.921342	-0.0856082
570	-0.0778134	0.818458	-0.569273
571	-0.127336	-0.177806	0.975792
572	0.849575	-0.520038	0.0882181
573	-0.790735	-0.459992	0.403912
574	-0.65973	0.0475324	-0.749998
575	0.568254	0.672674	-0.473917
576	-0.803852	-0.307877	0.508954
577	-0.255744	0.923274	-0.286634
578	-0.468179	0.444511	-0.763687
579	0.276828	0.261307	-0.924708
580	0.664164	0.663204	-0.345032
581	0.0618222	-0.0368538	0.997407
582	-0.08428	-0.996385	0.0106508
583	0.983347	-0.181374	-0.0115135
584	0.296095	0.515568	-0.804063
585	0.00590807	0.996034	-0.0887745
586	-0.186511	-0.325076	-0.927113
587	0.137259	0.778834	-0.612028
588	-0.148859	-0.309486	-0.93918
589	-0.208824	-0.949114	0.235746
590	0.269005	-0.689393	-0.672587
591	-0.693247	-0.329456	-0.640989
592	-0.208165	0.866677	-0.453363
593	-0.834735	-0.49002	0.251194
594	-0.369337	0.872674	-0.319422
595	0.589032	0.463108	0.662247
596	0.33819	0.479621	-0.809686
597	-0.827215	0.367577	-0.424973
598	-0.576789	0.444277	-0.685516
599	0.988724	-0.149178	0.0130363
600	0.516574	0.569601	0.639301
601	0.903004	-0.428872	0.0255566
602	-0.134998	-0.643573	0.753385
603	-0.191847	-0.861009	0.471019
604	0.203212	0.877124	-0.435153
605	0.330436	-0.446737	-0.831407
606	0.32019	-0.766883	-0.556209
607	-0.148407	-0.925789	-0.347693
608	-0.19541	0.439764	0.876597
609	-0.934087	-0.168788	0.31463
610	0.69757	0.252493	0.670554
611	0.0848982	-0.152897	-0.984589
612	0.00542683	-0.352613	0.935754
613	-0.136278	0.545541	0.82693
614	0.123477	-0.98333	-0.133478
615	0.386337	-0.738656	-0.552387
616	-0.641847	0.577221	-0.504826
617	-0.568827	0.821557	0.0384688
618	0.120462	-0.523557	-0.843432
619	-0.469031	0.477801	-0.742776
620	0.996898	0.0706305	0.0347375
621	0.171061	0.166784	-0.971041
622	0.779102	-0.308637	-0.545659
623	0.928196	-0.249195	-0.276321
624	0.890425	-0.350801	-0.289968
625	-0.950718	-0.303638	-0.0627586
626	0.647645	-0.436065	-0.624823
627	-0.86748	-0.231177	-0.440495
628	-0.741662	0.395898	-0.541482
629	0.0513425	-0.251245	0.966561
630	-0.182193	0.948948	0.257496
631	-0.94565	0.0897562	0.312553
632	0.381412	-0.921482	0.0734539
633	-0.626422	-0.734798	0.260128
634	0.211663	0.340269	-0.916196
635	0.688759	0.49342	-0.531176
636	-0.390174	-0.491998	0.778268
637	0.99402	-0.106472	0.0242617
638	-0.434181	-0.851738	-0.293305
639	-0.284004	0.18704	-0.940403
640	0.502016	-0.0347594	0.86416
641	-0.472928	0.343203	0.811511
642	0.750287	0.628586	-0.204813
643	-0.965848	0.258037	-0.0235524
644	-0.423754	-0.857773	0.290959
645	0.844308	-0.253417	0.472149
646	-0.737971	-0.592881	0.322321
647	-0.0873491	-0.314345	0.945282
648	0.603819	-0.469695	-0.644041
649	-0.685147	-0.0363277	0.727498
650	0.583188	-0.528728	0.616716
651	-0.812647	0.286961	0.507206
652	-0.307516	-0.818026	-0.486074
653	-0.790977	-0.611796	0.0078191
654	-0.996753	0.073787	0.0322233
655	0.833998	-0.0254508	-0.55118
656	-0.158497	0.460249	0.873527
657	-0.39697	-0.800122	0.449688
658	0.511732	0.449203	0.732357
659	0.689663	-0.72261	-0.0468924
660	0.625653	-0.739805	0.247482
661	-0.377091	-0.453656	-0.807465
662	-0.126827	-0.895115	0.427416
663	-0.0253383	-0.798115	0.601972
664	-0.703924	-0.0969561	0.703627
665	0.539469	0.138912	0.830468
666	-0.45229	-0.736099	-0.50358
667	0.058775	-0.906591	-0.417897
668	0.83202	0.532187	-0.15659
669	-0.794377	-0.550776	0.256145
670	0.549353	0.134012	-0.824774
671	0.239141	0.0239165	-0.97069
672	0.788628	-0.558751	0.256637
673	-0.349814	-0.683654	0.640505
674	-0.364064	-0.206023	0.908302
675	-0.725847	-0.413542	0.549662
676	0.480017	0.876696	-0.0314198
677	-0.875076	0.285077	0.391118
678	-0.17518	-0.213053	-0.961208
679	0.344998	0.424899	0.836921
680	0.570079	-0.227625	-0.789428
681	0.933354	0.013886	-0.35869
682	0.599237	-0.659676	0.453589
683	-0.0154775	-0.943264	0.331682
684	0.629266	-0.754637	-0.185868
685	0.115878	0.723445	0.680587
686	0.601615	-0.618109	0.505965
687	-0.360009	-0.0301396	-0.932462
688	0.512632	0.654927	0.555229
689	0.724698	-0.682322	-0.0961717
690	-0.886974	0.436856	-0.14978
691	-0.0160423	0.110729	0.993721
692	0.723407	0.66646	0.180318
693	-0.328999	0.355057	0.87504
694	-0.853415	-0.190121	0.485321
695	0.654472	0.682165	0.326064
696	0.0790342	-0.991267	0.105562
697	0.00910906	0.0154536	0.999839
698	-0.642058	0.208179	0.73785
699	0.530445	-0.182094	-0.827931
700	0.751835	-0.141642	-0.643957
701	-0.785833	0.178913	0.591993
702	0.837997	-0.246168	0.486993
703	-0.175886	0.611171	-0.771708
704	0.631228	0.770315	-0.0903719
705	0.418536	-0.450246	-0.788737
706	-0.705848	-0.192712	-0.681646
707	0.362645	-0.652339	-0.665539
708	-0.445144	0.598047	0.666474
709	-0.471572	0.715276	-0.515752
710	0.435611	-0.328689	0.837977
711	0.232002	-0.520202	-0.821927
712	0.5853	0.63841	0.499856
713	-0.208087	0.860267	-0.465447
714	-0.823391	0.472959	0.313587
715	0.0876071	0.383333	-0.919446
716	-0.674626	0.317999	-0.66615
717	-0.628439	-0.366385	-0.686168
718	-0.249414	0.4648	0.849561
719	-0.992435	-0.0281439	0.1195
720	-0.860731	0.46195	0.213879
721	0.227601	-0.969292	-0.0931154
722	-0.671963	-0.306067	0.674381
723	0.446457	-0.0344166	0.894143
724	0.11475	-0.337501	0.934305
725	0.292552	-0.827699	0.478881
726	0.173187	-0.950382	0.258419
727	-0.89272	0.450536	-0.00824247
728	0.875463	-0.317338	-0.364501
729	0.943727	0.316658	-0.095433
730	-0.770083	-0.584187	0.256314
731	0.00216597	0.501416	0.865203
732	0.0157909	0.609345	-0.792748
733	0.679144	0.481148	0.55431
734	-0.338379	0.81069	-0.477789
735	-0.180815	-0.106907	0.97769
736	0.799067	0.422077	-0.428186
737	0.599091	-0.603812	-0.525834
738	-0.790168	0.569172	-0.227325
739	0.412379	-0.0639143	0.908768
740	0.73117	0.378932	0.567275
741	0.312485	0.199169	0.928808
742	0.851118	-0.0726608	0.519922
743	-0.141657	0.545164	-0.826274
744	-0.30729	0.653772	0.691487
745	0.632861	0.181281	0.752744
746	0.264526	0.606527	-0.749768
747	0.932872	0.35843	-0.0357505
748	0.464775	0.827981	-0.313737
749	0.153778	0.29843	0.941962
750	0.748311	-0.592388	-0.298509
751	0.944888	-0.200795	-0.258587
752	0.772344	-0.104867	0.626489
753	0.314849	0.857451	-0.406999
754	0.136627	0.890133	-0.434736
755	0.308447	-0.941445	-0.136167
756	0.615464	0.662981	-0.426215
757	0.351001	0.763191	-0.54253
758	0.0537832	-0.99268	0.108138
759	0.728743	0.355218	0.585452
760	-0.598126	0.795519	-0.0969254
761	-0.178579	-0.366521	-0.913111
762	0.254167	0.390999	-0.884601
763	-0.750377	0.650935	0.114966
764	0.595067	0.0145411	-0.803545
765	0.617958	-0.0905126	0.780983
766	0.346453	0.653512	-0.672972
767	0.181185	0.909706	0.373639
768	0.809054	-0.513	-0.286814
769	0.123694	-0.963859	-0.235958
770	-0.126081	0.991423	0.0344167
771	0.343963	-0.313271	0.885184
772	-0.293063	0.55406	-0.779187
773	-0.118144	0.16015	-0.979997
774	-0.789185	-0.537014	-0.297998
775	0.367835	-0.868543	0.332162
776	0.61015	0.552563	0.567795
777	-0.685071	0.675192	0.273486
778	0.797725	-0.143175	0.585778
779	0.705792	-0.193982	-0.681343
780	-0.0455841	0.54753	0.835544
781	0.855611	-0.258343	0.448541
782	-0.564308	-0.0394079	0.824624
783	-0.626174	-0.533555	0.568529
784	-0.238341	-0.288469	0.927351
785	-0.911634	-0.344042	0.224853
786	0.862998	0.234535	-0.447468
787	-0.000969154	0.110907	0.99383
788	-0.720067	0.0450378	-0.692442
789	0.401379	-0.636929	0.658192
790	0.0524503	0.528256	-0.847463
791	-0.720029	0.484491	0.496817
792	-0.401787	-0.593428	0.697432
793	-0.453196	0.834841	-0.312498
794	0.63187	0.434268	-0.641991
795	-0.0716893	0.523934	0.848736
796	-0.809835	0.228322	0.540404
797	-0.67951	0.657205	0.326112
798	0.51319	0.774482	-0.369884
799	0.807225	0.535463	0.248331
800	-0.756317	0.648667	0.0849452
801	0.768892	0.571687	-0.28632
802	-0.59828	0.000472236	0.801287
803	0.127868	0.950979	0.281583
804	0.277351	0.0978707	-0.955771
805	0.671126	0.677235	0.301567
806	-0.0310548	0.145421	-0.988882
807	-0.394215	0.918609	0.0274234
808	-0.729491	-0.64664	0.222933
809	-0.96473	-0.175663	-0.19606
810	-0.0342046	0.335813	0.941307
811	0.273565	0.833966	-0.479231
812	-0.437553	-0.3081	0.844761
813	0.494713	0.140115	-0.857687
814	-0.0121421	0.803053	0.595784
815	0.535445	0.574199	-0.61935
816	-0.294376	0.897945	-0.327167
817	-0.294507	0.664787	0.68653
818	0.534307	0.711781	-0.455943
819	0.967682	-0.244752	0.0607282
820	0.0363208	-0.543764	-0.838452
821	-0.971852	0.228905	0.0557392
822	0.994392	0.0962649	0.0437904
823	0.161415	0.595601	0.786895
824	0.47776	-0.505524	0.718465
825	0.460221	-0.0964586	-0.882549
826	-0.929469	0.0784965	0.360452
827	0.568634	-0.624421	0.535494
828	0.662278	-0.62619	0.41143
829	0.430215	0.898948	0.0825015
830	-0.341475	0.0949334	0.935084
831	0.459533	-0.162659	-0.873139
832	0.420115	-0.90695	0.0307584
833	-0.917731	0.177134	0.355518
834	0.427329	0.702276	-0.569384
835	0.797761	-0.0992114	-0.594756
836	-0.58549	-0.293366	-0.755737
837	0.879924	0.398264	0.259075
838	-0.359692	-0.788635	0.498675
839	-0.388671	-0.0335931	0.920764
840	-0.997796	0.0404748	-0.05259
841	0.538613	0.622453	0.567845
842	-0.856645	0.433536	-0.279651
843	0.533281	-0.842392	-0.0773846
844	-0.625453	0.778792	-0.0478783
845	0.437065	0.683705	0.584398
846	0.405606	-0.707323	0.578946
847	0.190875	0.0967181	0.976838
848	0.392462	0.198283	-0.898141
849	0.683958	0.696805	-0.21602
850	-0.899491	0.0303103	0.435887
851	-0.28165	-0.586004	-0.759785
852	-0.0920824	-0.229362	0.968976
853	-0.763632	0.44795	-0.464981
854	0.806136	-0.178542	-0.564152
855	-0.675893	0.736791	0.0175313
856	0.251033	0.443267	-0.860521
857	-0.313384	0.108201	-0.943442
858	-0.950631	-0.197784	-0.239126
859	-0.50169	-0.763821	0.406061
860	0.905785	-0.405888	-0.121691
861	0.618029	0.767091	0.17208
862	0.87072	0.0317077	-0.490756
863	-0.379945	0.485789	0.787179
864	0.993016	0.00225868	0.117959
865	-0.486723	0.720279	-0.494266
866	0.700066	-0.685696	-0.199319
867	0.991607	0.0254416	-0.126758
868	-0.945102	0.280119	-0.168273
869	-0.16319	-0.165768	-0.972569
870	-0.206464	0.0917383	-0.974144
871	-0.678363	0.563237	-0.471792
872	-0.2249	0.764426	0.604213
873	-0.114161	0.749438	0.652158
874	0.0813457	0.883517	-0.461281
875	0.664372	-0.443018	0.601951
876	-0.0189861	-0.949175	-0.314177
877	-0.579202	-0.227753	0.782722
878	-0.229864	-0.915116	0.331249
879	-0.907377	-0.00650631	0.420267
880	-0.0480369	0.0201378	-0.998643
881	-0.276469	0.614402	0.738969
882	0.539589	0.663111	-0.518775
883	0.87726	-0.441251	-0.188978
884	0.153859	0.690007	0.707261
885	0.102775	0.991336	-0.0817883
886	-0.653276	-0.638787	0.406425
887	-0.249125	-0.443399	0.861008
888	0.681911	-0.68735	-0.250094
889	-0.994405	0.0251753	-0.102593
890	-0.0200964	-0.992784	0.118222
891	0.825045	-0.56036	-0.0727829
892	-0.0195904	-0.127321	-0.991668
893	0.168492	0.269814	-0.948056
894	0.873492	-0.34077	0.347688
895	-0.46281	-0.244643	-0.852031
896	-0.744696	0.130872	-0.654447
897	-0.411739	-0.0546682	-0.909661
898	0.368063	0.590141	0.718515
899	0.684155	0.39874	0.610687
900	0.0237131	0.0054032	-0.999704
901	0.686833	-0.430592	0.585534
902	-0.968583	0.173553	-0.178119
903	0.691539	0.452391	-0.56313
904	-0.858601	-0.442248	0.259272
905	0.399824	-0.49086	0.774078
906	-0.257301	-0.574829	-0.776767
907	0.381958	-0.637662	0.668951
908	-0.736947	0.337552	0.585634
909	0.598138	0.629374	0.496105
910	-0.650756	-0.273998	0.708125
911	-0.0906934	0.989397	0.11344
912	-0.13107	-0.487814	-0.863051
913	0.873914	0.378392	-0.305114
914	-0.00483746	-0.470732	-0.882263
915	0.859049	0.385403	0.336896
916	-0.5872	-0.742803	0.321622
917	-0.0303304	-0.493184	0.869396
918	-0.316105	0.526299	0.789359
919	0.684636	0.514196	-0.5166
920	0.322505	0.654741	-0.683597
921	-0.776994	-0.310041	-0.547864
922	0.751841	-0.363	-0.550424
923	-0.405935	-0.474935	0.780803
924	-0.359577	0.120823	-0.92526
925	0.391021	0.789497	-0.473071
926	0.646946	0.255048	-0.718618
927	0.264023	0.173556	-0.948773
928	-0.439195	-0.143591	0.886842
929	0.438671	0.529288	0.726238
930	-0.321409	0.0548068	-0.945353
931	0.472301	-0.757052	-0.451447
932	-0.923125	-0.0794623	-0.376199
933	-0.257837	-0.946665	-0.193251
934	0.030659	0.844636	0.534463
935	-0.992608	0.119442	0.0215299
936	0.698914	0.529498	-0.480782
937	0.377791	0.14951	-0.91374
938	-0.750164	0.534321	-0.389557
939	-0.973773	0.226212	-0.0243838
940	-0.136697	-0.961174	0.239707
941	-0.326939	-0.344058	-0.88019
942	-0.0790106	-0.322325	0.943326
943	0.489939	0.0652858	0.869309
944	0.731506	-0.351326	0.584354
945	-0.148967	0.778429	-0.6098
946	-0.461218	-0.0726771	0.884306
947	-0.141687	-0.707952	0.691902
948	0.891675	0.42191	0.164035
949	0.0963424	-0.812707	-0.574653
950	0.0339816	0.926115	-0.375707
951	0.6338	0.000240543	-0.773497
952	-0.156623	0.454493	-0.876873
953	-0.241234	0.957541	-0.157863
954	0.634006	-0.081883	-0.768981
955	-0.702322	-0.590691	-0.397276
956	-0.248575	-0.0615273	-0.966656
957	0.870081	-0.0539392	-0.489949
958	-0.614944	0.214332	0.758885
959	0.494543	-0.829769	-0.25867
960	0.207208	-0.970588	-0.122571
961	0.98863	0.147564	0.0289004
962	-0.35289	-0.935374	-0.023329
963	-0.445301	-0.569814	0.690666
964	0.0106138	0.91922	0.393602
965	-0.846854	-0.0194185	0.53147
966	0.101541	-0.175541	0.979221
967	0.357934	0.00473284	-0.933735
968	-0.0471694	0.673841	-0.737369
969	-0.144438	0.322401	-0.935519
970	0.949854	-0.251829	-0.185362
971	0.767803	-0.638756	-0.0496891
972	-0.077368	0.965248	0.249619
973	-0.217703	-0.279699	0.93508
974	0.890535	0.359964	-0.278161
975	-0.523443	0.267384	0.80902
976	-0.788007	0.0707044	0.611593
977	0.480139	0.870308	0.109681
978	-0.521134	0.406611	-0.750392
979	0.934521	0.348762	-0.0709594
980	-0.840316	-0.216943	-0.496794
981	-0.972605	-0.231517	-0.0209728
982	0.346225	-0.617782	0.706027
983	-0.209065	-0.740836	0.638321
984	0.83897	0.250967	-0.482851
985	-0.877747	-0.283006	0.386611
986	-0.960854	0.134402	-0.242272
987	0.300547	0.944586	-0.132019
988	-0.454691	0.135541	0.880275
989	0.808682	-0.339653	-0.48028
990	0.222827	0.804858	-0.550048
991	-0.320426	0.932921	0.164272
992	0.0187426	0.891784	0.452073
993	0.962274	0.0628475	0.264726
994	-0.176486	-0.913369	-0.366892
995	-0.446166	-0.572222	0.688112
996	-0.663216	0.67885	0.315131
997	0.00420739	0.309725	-0.950817
998	-0.372049	0.905503	0.20407
999	0.138066	-0.470615	-0.871469
1000	-0.0156201	-0.237636	0.971229
1001	0.466349	0.558607	0.685913
1002	0.25824	0.96513	-0.042837
1003	-0.413533	-0.738663	0.532324
1004	0.290869	0.101995	-0.951311
1005	0.580745	0.483501	0.654952
1006	-0.830835	-0.00802878	-0.556461
1007	-0.940828	0.328608	0.0828222
1008	0.104967	0.361527	-0.926434
1009	0.00957823	-0.84724	0.531124
1010	-0.000361594	0.00633598	-0.99998
1011	-0.794606	-0.180987	-0.579521
1012	0.465148	-0.142561	0.873678
1013	0.134611	0.519328	-0.843906
1014	-0.30163	-0.609505	0.733159
1015	-0.208202	-0.738246	-0.641595
1016	0.642765	-0.291288	-0.708523
1017	0.748804	0.204036	0.630604
1018	-0.058679	0.97887	0.195884
1019	0.271018	-0.623447	0.733392
1020	-0.264153	0.345184	0.900595
1021	-0.99672	0.0771746	0.0243518
1022	-0.0941174	-0.981301	-0.1679
1023	-0.0384951	-0.546056	0.836864
1024	0.194776	-0.845078	0.497902
1025	-0.222072	-0.880109	-0.419633
1026	0.0799572	0.939091	-0.334238
1027	0.959558	0.232924	0.158096
1028	0.773517	-0.602558	0.196456
1029	-0.466996	0.178818	0.86599
1030	0.627203	-0.668106	0.400312
1031	-0.761244	0.184432	0.621685
1032	0.654171	-0.756248	0.0122272
1033	0.685702	0.683441	-0.25044
1034	0.384247	-0.823973	-0.41644
1035	0.394385	-0.734962	-0.551626
1036	0.949034	0.019262	-0.314586
1037	0.706444	-0.706787	0.0372677
1038	-0.614264	0.226293	-0.755957
1039	0.0862514	0.233219	-0.968591
1040	0.157028	0.308786	-0.93808
1041	0.430928	0.880717	0.196567
1042	0.326782	0.667601	0.668971
1043	0.807608	0.341699	0.480637
1044	0.33215	-0.29368	0.896342
1045	0.45445	-0.885583	-0.0960136
1046	-0.736736	0.675844	-0.0213208
1047	-0.40353	-0.906238	0.12608
1048	-0.0573753	-0.913319	0.403184
1049	0.906479	-0.213595	0.364244
1050	0.705668	0.0357832	-0.707638
1051	0.119894	-0.712368	0.691489
1052	0.0716488	0.692949	-0.717417
1053	0.018664	0.848527	-0.528823
1054	-0.904331	-0.397214	-0.156227
1055	-0.277243	0.414293	-0.86689
1056	-0.342169	0.358844	-0.868419
1057	-0.0817521	-0.957207	0.277618
1058	-0.723126	-0.685031	-0.0884348
1059	-0.602719	-0.0204262	0.797692
1060	0.117357	0.840092	0.529596
1061	-0.966992	-0.193982	-0.16522
1062	-0.894468	0.234376	0.380782
1063	0.769612	0.533351	0.351046
1064	-0.43338	0.170624	-0.884912
1065	0.273412	0.300415	-0.913782
1066	-0.10473	-0.698596	-0.70781
1067	0.87397	-0.456514	-0.16665
1068	-0.901701	-0.25621	0.34827
1069	0.135267	-0.977152	-0.163941
1070	0.851813	0.205716	0.481762
1071	0.546129	0.832244	-0.0954607
1072	-0.0127985	0.412097	-0.91105
1073	-0.0447372	0.991261	0.124095
1074	0.886301	0.374714	-0.27214
1075	-0.293781	0.111254	0.949376
1076	-0.735395	-0.639833	-0.223176
1077	0.709341	0.582069	0.397532
1078	-0.395615	-0.459545	-0.795177
1079	0.136753	0.396473	-0.907804
1080	-0.318949	-0.902273	0.290129
1081	-0.0318571	-0.218412	0.975336
1082	-0.6578	-0.12774	0.742281
1083	0.154236	0.84108	-0.518454
1084	0.905836	-0.106613	-0.409993
1085	-0.950539	0.208017	0.23066
1086	-0.570657	0.0185322	0.820979
1087	0.179232	-0.787448	-0.589747
1088	-0.532942	0.60375	0.592839
1089	0.222725	-0.515107	0.827683
1090	-0.261157	0.382228	-0.886396
1091	-0.0236796	-0.630071	-0.776176
1092	0.0960425	-0.417271	-0.903693
1093	0.955697	0.0894116	0.280443
1094	0.361742	0.0599601	0.930348
1095	-0.497975	0.23964	0.833423
1096	0.515764	0.240842	0.822182
1097	0.738543	0.15804	-0.655422
1098	-0.524207	0.777569	0.347265
1099	0.519551	-0.380466	-0.765057
1100	-0.992661	0.0725282	0.0967657
1101	-0.951329	0.17903	-0.25084
1102	-0.918897	-0.268159	0.289343
1103	-0.535316	-0.437869	-0.722293
1104	-0.0660051	0.977025	-0.202646
1105	0.0449046	0.802294	0.595237
1106	0.447867	-0.724484	-0.523964
1107	-0.777306	-0.199882	-0.596525
1108	0.87552	-0.218024	0.431196
1109	-0.599009	-0.698628	0.39129
1110	0.264638	-0.825803	-0.498012
1111	-0.803823	0.585325	0.10613
1112	0.246559	-0.187128	0.95089
1113	-0.12109	0.247566	0.961274
1114	0.369119	0.829665	0.418816
1115	0.906737	-0.405548	-0.11558
1116	-0.30448	-0.424776	0.852559
1117	-0.93849	-0.0870079	0.334166
1118	-0.19528	-0.888081	-0.416148
1119	-0.7459	-0.0376757	-0.664992
1120	0.359547	-0.718535	-0.595343
1121	0.541846	0.207884	-0.814363
1122	-0.983072	-0.12532	0.133658
1123	0.0493998	0.588378	-0.807076
1124	0.439667	0.891428	0.10977
1125	0.534774	0.806542	-0.252007
1126	-0.543722	0.779682	0.310583
1127	-0.844883	0.207	-0.493279
1128	0.618228	0.678152	0.397371
1129	-0.649153	0.339115	-0.680883
1130	-0.898814	0.0116845	0.438175
1131	0.305973	0.544291	-0.781107
1132	-0.601427	0.380542	-0.702477
1133	-0.124469	-0.0902339	0.988112
1134	-0.912931	-0.114722	-0.391657
1135	-0.153434	0.953138	-0.260742
1136	-0.414047	-0.736322	0.535159
1137	-0.487852	0.737721	-0.466656
1138	-0.307577	0.950815	-0.0367081
1139	-0.232478	-0.0637071	0.970513
1140	-0.196659	0.64123	-0.74172
1141	-0.864465	-0.279951	0.417526
1142	0.282502	-0.780656	0.557466
1143	0.833404	-0.486022	0.263098
1144	0.0473524	0.800597	-0.597329
1145	-0.164913	0.477186	0.86319
1146	-0.744453	-0.305592	0.593635
1147	-0.872627	0.164968	-0.459683
1148	-0.57128	-0.0521645	-0.819096
1149	0.955869	-0.13435	-0.261276
1150	-0.4589	0.427688	-0.778778
1151	-0.150449	-0.932703	-0.327765
1152	-0.622996	0.197442	0.756897
1153	-0.92686	-0.349057	-0.138168
1154	0.0732419	0.543287	0.836346
1155	0.779945	-0.0393684	0.624608
1156	-0.577383	-0.167264	0.799157
1157	-0.239038	0.453602	-0.858549
1158	-0.213625	-0.364536	0.906354
1159	0.0040556	-0.435115	0.900366
1160	0.896826	-0.417728	-0.145624
1161	0.164833	-0.132854	-0.977333
1162	-0.441141	-0.891432	-0.103651
1163	0.535787	0.0697726	0.841465
1164	0.997127	0.00984143	0.0751013
1165	-0.969125	0.235122	0.0742596
1166	-0.400895	0.893805	-0.200989
1167	0.81032	-0.09058	-0.578944
1168	0.89274	-0.381948	0.239022
1169	-0.0769925	-0.135273	-0.987812
1170	-0.327872	0.0265467	0.944349
1171	0.0481587	-0.116195	0.992058
1172	-0.384471	0.173581	-0.906671
1173	0.458358	0.827734	0.323673
1174	0.234862	0.528264	0.815952
1175	-0.532395	0.298354	0.792174
1176	-0.919853	-0.376813	0.109004
1177	0.905962	-0.375841	-0.194875
1178	0.796868	-0.464106	0.386791
1179	-0.425243	0.0516999	0.903601
1180	0.255153	-0.404901	-0.878039
1181	0.378078	0.0804092	0.922275
1182	0.400979	-0.893592	-0.201766
1183	0.0682541	-0.993182	0.0945006
1184	-0.830323	-0.543738	0.122117
1185	-0.591315	-0.280629	-0.756038
1186	0.913795	0.405814	0.0171402
1187	-0.401605	0.771929	-0.492788
1188	-0.0637563	-0.997619	-0.0262954
1189	-0.628157	-0.664158	-0.405355
1190	-0.694863	-0.566577	0.442896
1191	-0.306368	-0.0454127	0.950829
1192	-0.632288	0.767985	-0.102034
1193	-0.290919	0.953761	0.075536
1194	-0.438661	-0.820078	-0.36749
1195	-0.566864	0.357502	-0.742197
1196	-0.509337	-0.473646	0.718496
1197	0.01977	0.856601	0.5156
1198	-0.559459	-0.230383	0.796197
1199	0.0323893	-0.626781	-0.778522
1200	0.173776	-0.913196	-0.368611
1201	0.481681	-0.740286	-0.468999
1202	0.989224	-0.0183352	0.145259
1203	0.583872	-0.554258	0.593205
1204	0.0106475	-0.181481	-0.983337
1205	0.594139	0.560789	0.576641
1206	-0.593931	-0.0785516	-0.800672
1207	-0.544307	0.727672	0.417401
1208	0.614606	0.779667	-0.119912
1209	-0.828876	-0.503467	0.243898
1210	-0.0319458	0.376909	-0.925699
1211	-0.970143	-0.0731892	0.231228
1212	0.489593	-0.779219	0.3913
1213	-0.376677	0.565051	-0.734052
1214	-0.267536	0.408717	-0.872568
1215	0.817821	0.0885598	0.568618
1216	0.632035	0.123904	0.76497
1217	-0.261541	0.636216	0.725828
1218	0.244038	-0.867728	0.433006
1219	-0.910134	-0.404924	-0.087713
1220	-0.729759	0.417391	-0.541514
1221	-0.871492	-0.490237	-0.0130266
1222	-0.117818	0.699442	-0.704911
1223	-0.0133748	-0.142387	-0.989721
1224	0.650666	0.467501	-0.598395
1225	0.485841	-0.670073	0.561214
1226	-0.677745	-0.55626	-0.480871
1227	-0.540139	-0.695124	0.474397
1228	0.0278953	-0.942129	-0.334087
1229	0.450743	0.692896	0.562784
1230	-0.142696	0.496398	-0.856287
1231	-0.459171	0.38381	0.801157
1232	0.452988	0.448688	-0.770377
1233	0.426393	-0.701298	0.571288
1234	-0.383363	0.259477	-0.8864
1235	-0.783193	0.550926	-0.288251
1236	0.931161	0.277291	-0.236747
1237	0.329464	-0.943828	0.0253436
1238	0.980354	-0.191807	-0.0460092
1239	-0.920452	-0.380519	0.0892902
1240	0.686565	-0.534225	-0.493185
1241	0.366575	-0.674377	-0.640967
1242	-0.442285	-0.424674	0.78996
1243	0.378361	-0.920233	-0.100068
1244	-0.198932	-0.845885	-0.494878
1245	0.992905	0.110352	0.0443001
1246	0.129724	0.761545	-0.634997
1247	-0.404422	0.544357	0.734927
1248	0.257175	0.0312461	0.96586
1249	-0.192366	-0.0228666	0.981057
1250	0.397788	0.916506	0.0421985
1251	-0.400211	-0.203537	0.893535
1252	-0.400855	-0.475852	0.782867
1253	-0.349925	-0.00874	-0.936737
1254	-0.000492211	0.034718	-0.999397
1255	-0.651315	-0.748019	0.127499
1256	0.924169	-0.314607	-0.216644
1257	-0.793285	0.536858	-0.287199
1258	0.789055	0.459651	-0.407569
1259	0.928285	-0.013009	0.371642
1260	-0.605047	0.629061	-0.488058
1261	0.453115	0.586428	0.671408
1262	0.188556	-0.628931	0.75425
1263	-0.23967	0.632197	-0.736807
1264	-0.838065	0.485537	-0.2488
1265	0.167304	-0.904794	-0.391609
1266	-0.442059	-0.46405	-0.767621
1267	0.376706	0.81537	0.439618
1268	0.260951	0.372757	-0.890481
1269	-0.727207	-0.495638	0.474881
1270	-0.43086	0.6646	0.610464
1271	0.564966	-0.540304	-0.623607
1272	0.50231	0.366886	-0.782994
1273	-0.768632	0.0457626	-0.638052
1274	0.595863	0.706108	0.382569
1275	-0.111377	0.802016	0.586826
1276	-0.457004	0.888803	-0.0342976
1277	-0.301582	0.880505	-0.365732
1278	0.378384	-0.706889	0.597607
1279	0.783828	0.569375	0.24784
1280	0.0603151	-0.315738	0.946927
1281	0.620394	-0.372203	0.690345
1282	-0.433202	-0.898355	-0.0727666
1283	0.817258	0.539671	-0.2021
1284	-0.84823	-0.120601	0.515714
1285	-0.375093	0.672071	-0.638455
1286	-0.993451	-0.112874	0.0177602
1287	-0.220853	-0.570072	-0.791355
1288	-0.500154	0.426485	-0.753629
1289	-0.397838	0.214032	-0.892141
1290	-0.348312	-0.937294	0.0126343
1291	0.191069	0.911953	-0.36309
1292	0.555558	0.784717	0.274908
1293	-0.127994	0.199867	0.971427
1294	0.179876	0.96916	-0.168445
1295	-0.0974773	-0.791714	0.603065
1296	0.868896	0.398044	-0.294245
1297	-0.55102	-0.679076	0.485007
1298	0.193371	0.457604	0.867875
1299	0.0956325	0.919728	0.380728
1300	-0.370992	0.924813	0.084178
1301	-0.963149	-0.069986	0.259702
1302	-0.462126	-0.617939	-0.636075
1303	-0.485724	0.452981	0.747583
1304	0.00040625	0.75986	-0.650087
1305	-0.420528	0.873471	-0.245367
1306	0.863234	-0.13726	0.485784
1307	-0.328244	0.339667	-0.881409
1308	-0.553943	-0.520415	0.649859
1309	-0.919673	-0.387465	0.0638139
1310	0.426732	0.731238	-0.532156
1311	-0.771997	-0.528633	0.352942
1312	-0.903559	-0.425954	-0.0463086
1313	0.252199	-0.96765	0.00707552
1314	0.783084	0.576848	-0.232435
1315	0.528795	0.268402	0.805193
1316	-0.167493	-0.356594	-0.919123
1317	-0.528065	0.836902	0.144024
1318	-0.123326	-0.112822	0.985932
1319	-0.713909	0.607776	-0.347767
1320	0.277376	0.63218	-0.723472
1321	0.590857	0.799954	0.104695
1322	0.81901	-0.572422	0.0394476
1323	0.00851786	-0.977829	-0.20923
1324	0.81756	0.0118056	-0.575723
1325	-0.329189	-0.905465	-0.267895
1326	0.417085	-0.368037	0.831017
1327	-0.0327308	0.613361	0.789124
1328	0.506951	0.772072	-0.383282
1329	0.312036	-0.671404	0.672198
1330	-0.210198	-0.839885	0.500409
1331	-0.519391	0.846136	-0.11953
1332	0.473039	-0.363147	-0.802719
1333	-0.469395	-0.880335	0.0684034
1334	-0.791581	-0.609299	0.0464148
1335	-0.934755	-0.242677	-0.2595
1336	0.241576	0.87423	0.421146
1337	-0.297551	-0.695092	0.654454
1338	-0.943342	0.307376	-0.125
1339	0.192476	0.153676	-0.969194
1340	0.685044	0.60916	-0.399549
1341	-0.531099	0.846608	-0.034468
1342	0.232303	0.803898	-0.547525
1343	0.935315	0.0682264	-0.347176
1344	-0.145923	-0.406541	-0.901904
1345	-0.0880116	-0.70792	-0.700787
1346	0.101431	-0.434269	-0.895054
1347	0.400509	-0.619436	0.675197
1348	-0.750614	0.649194	0.122987
1349	0.408419	-0.874918	0.260216
1350	-0.753663	-0.606071	-0.254302
1351	0.540133	-0.31177	0.781701
1352	0.500411	-0.864286	-0.0509786
1353	0.394926	-0.546416	-0.738555
1354	-0.330465	-0.603527	-0.725637
1355	0.970504	-0.140242	-0.196098
1356	0.424221	-0.820125	-0.383968
1357	-0.970973	0.239121	-0.00576166
1358	0.292559	-0.0821915	-0.952709
1359	-0.8255	-0.154953	-0.542715
1360	0.993844	-0.110332	-0.0100754
1361	0.624921	-0.780663	-0.00628798
1362	0.32565	-0.932763	-0.154615
1363	-0.122662	-0.38898	0.913044
1364	0.537081	0.534897	-0.652249
1365	0.034314	-0.965109	-0.259589
1366	0.279803	-0.588266	-0.758719
1367	-0.913522	0.374692	0.158378
1368	0.651887	0.749293	-0.116633
1369	-0.797315	0.545759	-0.25775
1370	0.838381	-0.319055	-0.441953
1371	-0.103247	-0.817257	-0.566949
1372	0.349637	0.909113	0.226424
1373	-0.339932	-0.722553	0.601966
1374	0.387903	-0.921558	-0.0161938
1375	-0.993739	0.0391681	-0.104635
1376	0.98258	-0.119227	-0.142551
1377	0.085365	-0.26769	0.959716
1378	-0.843894	-0.509927	0.166783
1379	-0.452866	-0.177302	-0.873772
1380	0.565389	0.568064	0.598029
1381	-0.0726267	0.848099	0.524836
1382	0.430916	-0.437964	-0.788986
1383	-0.339852	0.861232	-0.377863
1384	0.748843	-0.256298	-0.611184
1385	0.134916	0.500012	0.855445
1386	-0.241507	0.944159	-0.224137
1387	-0.717516	-0.112229	-0.687441
1388	0.0726157	0.67139	0.737538
1389	-0.791937	0.555313	0.253896
1390	0.858467	-0.510806	-0.0459529
1391	0.0126032	-0.999914	0.00371428
1392	0.529508	-0.100982	0.842273
1393	-0.788642	0.143947	-0.597764
1394	-0.249538	0.893904	0.37238
1395	-0.0125307	0.588853	-0.808143
1396	0.905572	0.419849	0.0605455
1397	0.668365	-0.594202	0.447452
1398	0.656589	-0.658819	0.367218
1399	0.405702	-0.910648	-0.0782747
1400	-0.708972	0.704232	0.0376217
1401	-0.625122	-0.454253	0.634725
1402	-0.363148	-0.408577	-0.83737
1403	0.774043	-0.0382091	0.631979
1404	0.255687	0.915152	0.311641
1405	0.0576887	0.827002	0.559231
1406	0.696673	0.121523	-0.707021
1407	0.97579	-0.0249019	-0.217287
1408	-0.804183	-0.023299	0.593925
1409	-0.52788	0.70474	0.474008
1410	0.563006	0.0253785	-0.826063
1411	-0.0191235	0.397467	-0.917417
1412	0.624125	-0.473657	0.621383
1413	-0.203195	-0.334713	0.920152
1414	0.340628	-0.106019	-0.934201
1415	0.855332	-0.216303	-0.470765
1416	0.218688	-0.232299	-0.947741
1417	-0.979183	0.188122	0.0762229
1418	0.423253	0.669702	0.61021
1419	-0.795587	0.112417	0.595318
1420	0.950534	0.266305	-0.159898
1421	-0.79822	0.283146	-0.53167
1422	-0.770242	-0.227879	0.59565
1423	0.636335	0.769164	-0.0588593
1424	-0.492844	0.853001	0.171738
1425	-0.453878	0.103018	-0.885089
1426	0.721012	0.137602	-0.679123
1427	0.446423	-0.000850408	-0.894821
1428	0.457228	-0.444452	-0.770328
1429	0.0162526	-0.00328899	-0.999863
1430	0.118652	0.766224	0.631525
1431	-0.752571	0.0193811	-0.658226
1432	-0.572167	0.443378	0.689957
1433	-0.0745972	0.389329	-0.918073
1434	-0.079643	-0.221166	-0.971979
1435	0.468462	0.179336	-0.865091
1436	-0.828727	0.188578	-0.526925
1437	0.270828	-0.905147	0.32766
1438	-0.159216	-0.800626	-0.577623
1439	-0.145956	-0.779314	0.609399
1440	0.0510802	0.120916	0.991348
1441	0.615385	0.764138	-0.193377
1442	0.148345	0.182535	0.971944
1443	0.317814	-0.415698	-0.852167
1444	0.324969	-0.879368	0.348003
1445	-0.20481	0.0253554	0.978473
1446	-0.734449	0.534145	0.418657
1447	0.264157	-0.795176	-0.545816
1448	0.542366	-0.0811937	0.83621
1449	0.906826	-0.0534462	0.418103
1450	0.829006	-0.37126	-0.418229
1451	0.0465515	-0.930058	0.364451
1452	-0.738474	-0.169272	0.652689
1453	-0.649272	-0.669413	-0.361015
1454	-0.737786	0.20643	-0.642696
1455	0.568709	0.173152	-0.804107
1456	-0.413207	0.78963	0.453592
1457	0.680128	0.178756	-0.710966
1458	-0.773761	0.428855	0.466238
1459	0.776912	-0.101848	0.621317
1460	0.0756055	-0.947188	-0.311638
1461	0.738648	0.132647	0.660911
1462	0.950003	0.0569217	0.307007
1463	-0.783784	0.350921	0.512383
1464	-0.0707088	-0.615252	0.785153
1465	0.377383	0.122824	0.917876
1466	0.822929	0.170733	0.541884
1467	-0.327015	-0.931411	-0.159799
1468	0.318466	0.824524	0.467697
1469	0.867	-0.42423	0.26142
1470	-0.787132	-0.398661	-0.47063
1471	-0.402427	-0.878571	0.257229
1472	0.360289	0.85226	-0.379268
1473	-0.114815	-0.534747	-0.837175
1474	-0.313458	-0.208401	0.926452
1475	-0.822903	-0.505449	0.259524
1476	0.431894	0.431572	-0.791968
1477	0.156113	0.630559	-0.760279
1478	0.541786	0.239581	0.805648
1479	0.897176	-0.292882	0.330597
1480	0.15768	-0.883915	-0.440263
1481	0.0538877	-0.0813615	-0.995227
1482	0.422681	-0.803484	0.419231
1483	0.710019	-0.118275	0.694178
1484	-0.323349	0.27711	-0.904796
1485	-0.545956	-0.81332	0.2011
1486	0.709053	-0.301022	-0.637675
1487	-0.611501	-0.5927	-0.524188
1488	0.721285	-0.498601	-0.480776
1489	0.257657	0.586629	0.767775
1490	-0.990294	-0.138664	0.0095328
1491	0.697314	0.454221	0.554469
1492	0.887112	0.245427	0.390893
1493	-0.431887	0.785646	0.442983
1494	-0.786411	-0.607328	-0.112738
1495	-0.654218	0.745807	-0.12558
1496	-0.404226	-0.461375	0.789769
1497	0.958015	-0.224673	0.178126
1498	0.532028	0.209395	0.820427
1499	0.821268	-0.423038	0.382829
1500	-0.364786	-0.282431	0.887223
1501	-0.423123	0.310594	-0.851175
1502	-0.420418	-0.899013	0.122573
1503	-0.385894	-0.62516	-0.678425
1504	-0.508082	-0.60149	0.616491
1505	-0.259868	0.138094	0.955719
1506	-0.652786	0.740906	0.157886
1507	0.809548	-0.472607	-0.348246
1508	-0.264153	-0.486322	0.832895
1509	0.667201	0.65942	-0.346423
1510	-0.626764	-0.552518	-0.549446
1511	-0.964387	0.0872547	0.24969
1512	-0.482615	-0.782977	-0.392467
1513	-0.202098	-0.777294	-0.595794
1514	0.283511	-0.711952	-0.642453
1515	0.527443	0.0294472	-0.84908
1516	0.939233	0.0195358	-0.342723
1517	0.222802	-0.971891	0.0760691
1518	0.498	-0.447085	-0.743042
1519	0.460829	-0.591501	0.661637
1520	-0.197764	0.357341	-0.912796
1521	0.808901	-0.573181	0.130932
1522	-0.676345	0.616059	-0.403768
1523	0.900871	-0.293055	0.320234
1524	0.365327	0.131558	0.921536
1525	-0.704716	0.408179	-0.580315
1526	-0.511854	-0.745406	0.427055
1527	0.566976	-0.81431	0.12425
1528	-0.867405	0.0145761	-0.497389
1529	0.582439	-0.226805	0.780592
1530	0.311284	-0.286228	0.906188
1531	-0.969833	0.2077	-0.127612
1532	-0.620748	-0.107744	0.776571
1533	-0.179091	-0.385364	0.905219
1534	0.241703	-0.269634	0.932136
1535	-0.515473	0.322229	0.794013
1536	0.303135	0.247313	-0.920296
1537	0.430778	-0.321533	0.843236
1538	-0.73464	0.526797	0.427538
1539	-0.481682	-0.340341	-0.807558
1540	-0.527669	0.802511	-0.278464
1541	0.387158	0.111832	0.915206
1542	0.531963	0.843755	0.0713635
1543	-0.169689	0.462846	-0.870045
1544	-0.361534	0.649287	-0.669118
1545	-0.675352	-0.735291	-0.0569809
1546	0.868212	0.386583	0.311065
1547	0.659463	-0.318136	-0.6811
1548	0.925989	-0.30073	0.228267
1549	0.935852	-0.259619	0.238282
1550	-0.677138	-0.46489	0.570405
1551	0.660185	0.251566	0.707722
1552	0.319593	0.495255	-0.807826
1553	0.470117	0.881405	0.0460014
1554	0.326956	0.627284	0.706834
1555	0.529241	0.515134	0.674197
1556	0.254463	-0.715491	0.650632
1557	0.385935	0.377507	-0.841749
1558	-0.0703895	-0.674031	-0.735342
1559	-0.186534	0.545608	0.817017
1560	-0.247011	0.141597	-0.958612
1561	0.847526	0.42692	-0.31534
1562	0.849115	0.44401	-0.286109
1563	0.312831	0.664121	-0.679029
1564	0.956508	0.198107	-0.214116
1565	0.370905	-0.91838	-0.137869
1566	-0.854992	-0.257162	-0.450395
1567	0.968641	0.128883	-0.212423
1568	-0.768506	-0.397381	-0.501485
1569	0.870777	0.441868	0.215639
1570	0.0982527	-0.978902	0.179155
1571	-0.217305	0.868515	-0.445489
1572	-0.14557	0.680873	-0.717789
1573	-0.595255	0.509504	-0.621352
1574	0.13492	0.321073	-0.937395
1575	0.888143	-0.228114	0.398956
1576	-0.952628	0.0146862	-0.303784
1577	0.411033	-0.440243	-0.798272
1578	-0.369665	0.801604	0.469872
1579	-0.684507	0.191159	0.703498
1580	-0.504205	0.121636	-0.854975
1581	-0.00245236	-0.488961	0.872302
1582	0.579395	0.799796	-0.156932
1583	0.228785	0.276781	-0.9333
1584	0.487217	-0.44417	-0.751886
1585	-0.990401	0.101426	-0.0939117
1586	0.0482153	-0.856646	0.513647
1587	-0.381732	-0.915772	0.125068
1588	-0.959115	-0.185895	-0.213403
1589	-0.844761	-0.160794	-0.510415
1590	0.983551	0.180615	-0.00219492
1591	0.173913	0.0990999	0.979762
1592	-0.621101	-0.764473	-0.172668
1593	-0.87273	-0.401217	-0.278149
1594	0.778059	-0.624604	0.0670409
1595	-0.604426	-0.252017	-0.755749
1596	0.807432	0.17807	-0.562446
1597	-0.124135	0.429614	0.89444
1598	0.119375	0.948249	0.294233
1599	0.324981	0.937492	-0.124485
1600	-0.894639	-0.21509	-0.391609
1601	-0.736676	0.580947	0.346133
1602	0.866168	0.266353	-0.422859
1603	-0.212425	-0.460327	-0.86196
1604	0.600163	-0.648728	-0.467927
1605	0.813282	-0.556382	0.170329
1606	-0.807995	-0.160983	-0.56677
1607	-0.0426717	0.15473	-0.987035
1608	-0.279058	0.167134	-0.945618
1609	0.163415	-0.878301	0.449313
1610	-0.870237	-0.486346	0.0784544
1611	-0.153637	0.893969	-0.420969
1612	0.417861	-0.467769	0.778835
1613	-0.328515	-0.0922501	0.939983
1614	-0.930933	0.239871	-0.275366
1615	-0.584647	0.0216444	0.810999
1616	-0.748642	-0.662324	0.0293491
1617	0.839055	0.383559	0.385836
1618	0.561873	-0.795581	0.226603
1619	-0.127623	0.648687	-0.750278
1620	0.356668	0.929696	-0.0919398
1621	0.221308	0.671715	0.70698
1622	0.0339388	0.602211	-0.797615
1623	-0.584791	-0.511459	-0.629626
1624	0.0723505	-0.577226	-0.813373
1625	0.631425	0.758689	0.160293
1626	0.472261	0.375937	-0.797271
1627	-0.601154	0.0599839	0.796879
1628	0.0350171	-0.869132	0.493339
1629	0.820628	-0.51288	0.252039
1630	-0.181595	-0.978865	-0.0940579
1631	-0.628934	-0.604501	0.488897
1632	0.668632	0.130998	-0.731964
1633	-0.609136	-0.399301	0.68521
1634	-0.456103	-0.564009	-0.688377
1635	-0.597727	-0.647648	-0.47252
1636	-0.219464	0.754943	-0.617978
1637	0.236131	-0.729319	-0.642134
1638	0.135484	-0.61119	-0.779802
1639	-0.295318	0.354571	-0.887168
1640	0.658867	0.172849	-0.732132
1641	-0.931437	-0.325844	-0.162019
1642	0.510822	0.779856	-0.36178
1643	0.758214	0.613808	-0.219888
1644	-0.859698	0.371932	-0.350123
1645	-0.849528	0.388686	-0.356686
1646	0.255593	0.855724	-0.449898
1647	0.668088	0.595991	-0.44548
1648	0.576383	0.646411	-0.499935
1649	-0.380042	0.350679	-0.855916
1650	0.906042	-0.267293	-0.328089
1651	-0.20571	0.976831	0.0590276
1652	0.00726606	0.63122	0.77557
1653	-0.1819	0.685002	0.705468
1654	0.10999	-0.089762	0.989871
1655	0.363578	-0.926014	-0.101536
1656	-0.7211	0.0180936	-0.692595
1657	0.602234	-0.450784	-0.658868
1658	-0.677036	0.630588	-0.379447
1659	0.315667	-0.759542	0.568727
1660	0.426101	0.899834	-0.0934675
1661	0.462953	0.199504	-0.863639
1662	-0.61806	-0.729632	-0.29264
1663	0.743506	0.432507	-0.510035
1664	-0.79737	-0.175821	-0.577311
1665	-0.588165	0.301731	0.750347
1666	0.309281	-0.94902	0.0608802
1667	0.259511	0.946072	-0.193911
1668	0.415705	-0.227769	-0.880517
1669	0.593481	0.150921	-0.790571
1670	-0.874366	-0.45486	-0.169077
1671	0.00121937	-0.925579	-0.378552
1672	0.0816364	-0.56902	0.818261
1673	-0.616117	-0.777095	-0.128543
1674	-0.14524	-0.972233	-0.18349
1675	-0.346414	0.207511	0.914842
1676	0.510574	-0.846176	0.152645
1677	0.375138	0.0958391	-0.922001
1678	0.253369	-0.871913	-0.419013
1679	-0.314494	-0.547358	0.77556
1680	-0.498599	0.178651	-0.848223
1681	-0.141157	-0.987535	0.0696354
1682	0.911036	-0.0758866	-0.405284
1683	-0.0823607	-0.522365	0.848735
1684	-0.643193	0.0862517	0.760831
1685	0.793329	0.330063	0.511554
1686	0.937188	-0.316968	0.145634
1687	0.984509	-0.148661	0.0929567
1688	-0.233386	-0.968605	-0.0856461
1689	0.358246	-0.887417	0.290086
1690	-0.624439	0.727519	0.284241
1691	-0.169252	-0.635399	-0.753407
1692	-0.637459	-0.633	0.43927
1693	-0.249905	-0.965221	0.0767896
1694	0.950089	0.0177462	0.311473
1695	-0.15776	-0.779842	0.605771
1696	0.466544	-0.727384	0.503239
1697	0.161103	-0.383735	-0.909282
1698	-0.807967	0.303511	-0.505046
1699	-0.202354	-0.252919	-0.946089
1700	0.408413	-0.200007	0.890616
1701	0.914205	-0.258771	-0.311876
1702	0.266678	0.811196	0.520427
1703	0.83776	-0.485636	0.24963
1704	0.743082	-0.513259	0.429412
1705	-0.0783859	0.00478043	0.996912
1706	0.0820499	-0.455049	0.886678
1707	0.0872431	0.983822	-0.156471
1708	-0.497793	0.867254	-0.00855467
1709	0.960395	-0.207	-0.186528
1710	-0.589362	0.656633	0.470623
1711	-0.282443	-0.230652	0.931142
1712	0.501601	-0.292666	0.81409
1713	0.62554	0.120222	-0.770873
1714	-0.653191	0.0973287	-0.750912
1715	0.458887	-0.819155	0.344104
1716	-0.655367	0.119923	0.745729
1717	0.208637	-0.761151	-0.614101
1718	0.496683	0.0538882	0.866258
1719	0.859691	-0.50831	0.0505225
1720	-0.522472	-0.28213	0.804628
1721	-0.76267	0.123556	0.634877
1722	0.785346	-0.267258	0.558395
1723	-0.0463782	0.995467	0.0830303
1724	-0.312051	-0.0901623	0.945777
1725	0.135981	-0.377513	-0.915966
1726	0.0735617	0.44136	-0.89431
1727	-0.653789	0.0243544	-0.756284
1728	-0.606384	0.0333216	-0.794473
1729	0.00508553	-0.90594	-0.423375
1730	-0.836203	-0.305157	-0.455679
1731	-0.518932	-0.826383	-0.218635
1732	0.942885	0.135202	0.304449
1733	0.834001	0.175884	-0.52298
1734	-0.531324	-0.559296	-0.636304
1735	0.867389	-0.174348	0.466089
1736	-0.565634	0.789896	-0.236903
1737	0.586928	0.451422	0.672112
1738	-0.447388	0.86358	-0.232536
1739	0.0539273	0.734697	-0.676249
1740	-0.175427	0.862154	-0.475307
1741	0.263839	0.903769	0.337031
1742	-0.0809694	-0.153518	0.984823
1743	0.467645	-0.39278	-0.791854
1744	-0.385788	0.873422	0.297155
1745	0.70148	0.704874	-0.105258
1746	-0.6292	0.77337	0.0774974
1747	0.426923	0.888461	0.168449
1748	0.961249	0.259473	-0.0931372
1749	-0.654216	0.730998	-0.19402
1750	0.575485	0.667706	-0.472213
1751	-0.887077	-0.111804	0.447878
1752	-0.665297	0.246831	0.704595
1753	-0.670413	-0.599894	0.436663
1754	0.579108	-0.577367	0.57557
1755	-0.595354	-0.213567	-0.774559
1756	0.773423	0.0497222	0.631938
1757	0.101428	0.994323	-0.0321511
1758	0.700383	0.517467	-0.491621
1759	-0.933688	0.33063	-0.137517
1760	0.92739	0.291416	0.234572
1761	-0.370503	-0.631954	0.680707
1762	0.768906	-0.514217	0.379953
1763	0.370414	-0.609656	-0.700795
1764	0.146728	-0.95273	-0.266038
1765	0.656772	-0.754005	-0.0112639
1766	-0.820678	0.108912	-0.560915
1767	0.790618	-0.495239	0.360086
1768	0.686854	0.236034	0.687401
1769	0.836838	0.291157	0.463605
1770	0.346506	-0.748217	0.565778
1771	0.427	0.171944	0.887754
1772	0.654166	0.260763	-0.709978
1773	-0.624115	-0.337051	0.704895
1774	0.628002	-0.273821	0.728447
1775	0.251594	-0.573488	0.779623
1776	0.666445	-0.744471	0.0401889
1777	0.900648	-0.400005	-0.169792
1778	0.390678	-0.86611	-0.311809
1779	-0.753151	-0.640197	-0.151366
1780	0.417468	0.88168	-0.219913
1781	-0.553814	0.0365772	0.831837
1782	0.407699	0.792815	-0.453019
1783	0.273208	-0.305128	0.912279
1784	-0.729374	0.186984	0.658066
1785	0.883962	0.466642	0.0292744
1786	-0.504304	0.0321584	-0.862927
1787	0.640643	0.665337	-0.38328
1788	0.830147	-0.327796	0.451006
1789	0.157488	-0.526228	-0.835632
1790	-0.840379	0.331859	-0.428524
1791	0.073002	0.769476	-0.63449
1792	0.68056	-0.73167	0.0386774
1793	-0.0949755	-0.0097404	-0.995432
1794	-0.374068	-0.188673	-0.908006
1795	0.347553	0.915139	0.204272
1796	0.384578	0.901323	0.199288
1797	-0.477415	-0.878566	0.014041
1798	0.818845	-0.195299	-0.53977
1799	0.182257	0.0332524	0.982689
1800	0.0222113	-0.941766	-0.335536
1801	-0.137202	-0.45679	0.87893
1802	0.516042	0.172315	-0.839052
1803	0.373481	-0.609578	-0.699233
1804	-0.923207	0.368091	0.110443
1805	0.78932	0.0759671	-0.609264
1806	-0.431024	0.88709	0.165196
1807	0.791306	0.562664	-0.239257
1808	-0.367002	-0.781418	-0.504673
1809	0.578839	-0.681281	0.448108
1810	0.563695	0.0346422	0.825256
1811	0.921359	0.386169	-0.0443962
1812	0.933091	0.170121	0.316861
1813	0.926579	-0.375983	0.00936809
1814	-0.354332	-0.243048	-0.902982
1815	-0.232709	0.845858	0.479969
1816	-0.435763	0.356733	-0.826349
1817	-0.928904	-0.364667	-0.064466
1818	0.409417	0.911786	0.0320091
1819	-0.66966	0.19947	0.715379
1820	-0.793571	0.542107	-0.276341
1821	0.473277	-0.683693	-0.555494
1822	-0.863725	-0.259156	-0.432223
1823	-0.916667	-0.100738	-0.386747
1824	-0.124091	-0.428731	0.894869
1825	0.210558	-0.313851	-0.925831
1826	0.80307	-0.51886	0.293024
1827	0.0521397	0.767269	-0.639203
1828	0.997008	-0.0524745	0.056755
1829	-0.036764	0.974067	-0.223253
1830	0.598437	0.229409	0.767623
1831	0.795541	-0.00268667	0.605894
1832	-0.57828	0.590153	-0.563304
1833	-0.670001	0.732212	-0.122326
1834	0.537383	-0.837164	-0.101861
1835	0.965034	-0.148197	0.21621
1836	0.37165	-0.509945	0.775778
1837	0.168899	0.980835	-0.0971372
1838	-0.400741	0.874746	0.272446
1839	0.0805014	0.88705	0.4546
1840	0.0113897	-0.878155	0.47824
1841	0.709907	0.685022	0.16364
1842	0.442564	0.391349	0.806835
1843	0.246513	0.265498	0.932063
1844	-0.845233	0.459169	0.273394
1845	-0.877075	-0.468053	-0.108009
1846	0.0657556	0.906822	0.416353
1847	0.188719	-0.832875	0.520293
1848	0.647816	0.584045	0.489108
1849	-0.654567	0.580964	0.483758
1850	0.503451	-0.780256	0.37113
1851	0.584895	0.718565	-0.376248
1852	0.340457	-0.43721	0.832428
1853	-0.173149	-0.574747	0.799803
1854	-0.888917	-0.263323	0.374816
1855	0.56442	-0.421498	-0.709767
1856	-0.729974	-0.425132	-0.535164
1857	0.573895	-0.197117	-0.794852
1858	0.149779	-0.323466	-0.93431
1859	0.24355	0.331472	0.911488
1860	0.656518	0.746874	0.105655
1861	-0.470941	-0.608886	0.638336
1862	-0.163228	-0.734508	0.658677
1863	-0.93113	0.350113	0.102067
1864	-0.020991	-0.998074	0.0583672
1865	-0.479386	-0.877595	-0.00403402
1866	0.616547	-0.303015	-0.726671
1867	0.523912	0.54179	0.657252
1868	-0.795882	-0.0705585	-0.601326
1869	-0.350256	0.936559	0.0133669
1870	0.278052	-0.925471	0.257275
1871	0.935955	-0.139681	0.32323
1872	-0.876296	-0.469277	0.109018
1873	-0.363007	0.927171	-0.0926311
1874	0.763759	0.350736	-0.541901
1875	0.250267	0.836755	-0.48704
1876	0.137474	-0.329009	-0.934267
1877	0.495669	-0.455587	-0.739427
1878	-0.929373	-0.320969	0.182329
1879	0.835378	-0.346151	0.426993
1880	-0.819212	-0.423484	-0.38672
1881	-0.974491	0.136455	-0.178178
1882	-0.58519	0.74421	-0.32203
1883	-0.801642	-0.502596	-0.323676
1884	-0.191786	-0.86806	-0.457919
1885	0.598412	-0.617542	0.510436
1886	0.0329743	0.937009	0.347745
1887	0.291632	-0.432912	0.852959
1888	-0.475953	-0.540748	0.693585
1889	0.136536	0.600306	-0.78803
1890	0.12298	-0.14809	0.981298
1891	0.978004	0.087197	0.189487
1892	-0.0390857	0.993216	0.109518
1893	0.143581	-0.594752	0.790983
1894	-0.0529578	-0.883143	-0.466105
1895	-0.271831	-0.0612237	0.960396
1896	0.666796	-0.279271	-0.690935
1897	0.814682	0.565955	0.126445
1898	-0.504891	-0.000324642	-0.863183
1899	0.824695	-0.564976	-0.0260757
1900	-0.874569	-0.232352	0.425608
1901	-0.354113	0.0461403	0.934064
1902	0.773751	-0.103661	0.624952
1903	0.396222	0.0819323	-0.914492
1904	0.330806	0.607813	-0.721894
1905	0.433252	0.885113	0.169905
1906	-0.862926	0.382714	0.329982
1907	0.437958	0.815545	-0.378258
1908	0.772723	0.348203	-0.530711
1909	0.164665	0.90017	-0.403211
1910	-0.203712	0.599292	0.774177
1911	0.840829	0.228644	0.49064
1912	0.13092	-0.972279	0.193734
1913	-0.697397	-0.100534	-0.709599
1914	-0.966081	0.0432997	0.254581
1915	-0.458768	-0.299122	-0.836695
1916	-0.965835	0.241536	-0.0939309
1917	0.0681591	-0.155419	-0.985494
1918	0.619447	-0.777971	-0.105102
1919	-0.891911	-0.374641	0.253258
1920	0.340154	-0.252121	0.905942
1921	-0.0317184	0.901991	-0.430589
1922	-0.076048	0.0653719	-0.994959
1923	-0.639224	-0.768689	-0.022572
1924	-0.482951	0.731552	-0.481238
1925	0.838037	-0.0370735	0.544352
1926	-0.0399346	-0.182391	0.982415
1927	0.836775	-0.0811065	-0.541506
1928	0.530045	0.317162	0.786423
1929	-0.119652	0.660747	-0.741011
1930	0.445437	-0.779549	0.440328
1931	-0.397057	-0.221641	-0.890629
1932	0.509734	0.596778	0.619699
1933	-0.557152	0.0774255	-0.826793
1934	-0.455093	0.55994	0.692357
1935	0.352011	-0.437787	-0.827303
1936	0.249948	0.838245	-0.484635
1937	0.476652	-0.862262	-0.171195
1938	0.124121	-0.0550919	-0.990737
1939	0.988543	0.128513	-0.0791639
1940	0.0477183	-0.256683	-0.965317
1941	-0.795828	0.604959	0.0261264
1942	0.978367	-0.206444	0.0133427
1943	-0.268437	0.949187	-0.164271
1944	-0.476788	-0.39565	0.784942
1945	-0.621623	-0.478815	-0.619936
1946	0.48577	-0.842853	0.231573
1947	0.236891	-0.970168	-0.0515454
1948	-0.0866773	0.197701	0.976423
1949	-0.9739	-0.213654	0.0766233
1950	-0.68396	0.47755	-0.551494
1951	0.971347	0.0683245	0.227633
1952	0.675311	-0.711265	-0.195081
1953	-0.392666	0.501647	0.77082
1954	-0.415822	-0.909317	0.0152975
1955	-0.62992	-0.776277	0.0243851
1956	0.173951	0.605497	-0.776605
1957	-0.999805	0.0124946	0.0152943
1958	-0.610633	-0.511332	0.604704
1959	0.277579	0.73858	-0.614369
1960	-0.101564	-0.993661	0.0481922
1961	0.0394279	0.766998	0.640436
1962	-0.696944	-0.510073	0.504077
1963	0.759693	0.58614	-0.281615
1964	-0.797531	0.48459	-0.359328
1965	0.62211	0.656372	-0.426797
1966	-0.740909	-0.252562	-0.622307
1967	-0.557116	-0.126893	-0.820683
1968	-0.727504	-0.468184	-0.50154
1969	-0.439271	0.896003	0.0649562
1970	0.0168642	0.855454	0.517605
1971	0.262983	-0.847705	-0.460691
1972	0.651983	-0.671285	-0.352556
1973	0.0981682	0.994666	0.0316598
1974	0.700109	-0.0166939	-0.713841
1975	0.0408839	0.997922	-0.0498062
1976	0.352433	0.299421	0.886644
1977	-0.00715163	0.726791	0.686822
1978	-0.739417	0.182592	-0.648015
1979	-0.196497	-0.670108	0.715783
1980	-0.378199	0.659315	0.649822
1981	0.0319535	-0.451203	0.891849
1982	-0.971165	-0.235395	0.0377901
1983	0.144223	-0.748009	-0.647829
1984	0.222054	-0.509148	-0.831541
1985	0.661722	-0.320673	0.677711
1986	0.37591	0.60112	-0.705228
1987	0.450863	0.872594	0.187891
1988	0.778548	-0.0857644	0.621697
1989	-0.498651	-0.616814	0.609006
1990	0.223687	0.0322151	-0.974128
1991	0.417136	-0.113411	0.90174
1992	-0.186806	-0.850999	-0.49082
1993	-0.684764	0.409878	0.602576
1994	-0.380999	-0.267791	-0.884945
1995	-0.209552	-0.277974	0.937453
1996	0.220559	-0.221047	0.949996
1997	0.45996	0.438473	0.772125
1998	0.679361	-0.681433	-0.272246
1999	-0.0336577	0.997544	-0.0614188
