500
12 6
145
149
250
254
350
354
375
395
475
495
1
4
5
20
25
100
125
126
145
146
250
251
350
351
376
396
476
496
0
2
6
21
26
101
126
127
146
147
251
252
351
352
377
397
477
497
1
3
7
22
27
102
127
128
147
148
252
253
352
353
378
398
478
498
2
4
8
23
28
103
128
129
148
149
253
254
353
354
379
399
479
499
0
3
9
24
29
104
125
129
130
134
255
259
355
359
375
380
475
480
0
6
9
10
30
105
125
126
130
131
255
256
355
356
376
381
476
481
1
5
7
11
31
106
126
127
131
132
256
257
356
357
377
382
477
482
2
6
8
12
32
107
127
128
132
133
257
258
357
358
378
383
478
483
3
7
9
13
33
108
128
129
133
134
258
259
358
359
379
384
479
484
4
5
8
14
34
109
130
134
135
139
260
264
360
364
380
385
480
485
5
11
14
15
35
110
130
131
135
136
260
261
360
361
381
386
481
486
6
10
12
16
36
111
131
132
136
137
261
262
361
362
382
387
482
487
7
11
13
17
37
112
132
133
137
138
262
263
362
363
383
388
483
488
8
12
14
18
38
113
133
134
138
139
263
264
363
364
384
389
484
489
9
10
13
19
39
114
135
139
140
144
265
269
365
369
385
390
485
490
10
16
19
20
40
115
135
136
140
141
265
266
365
366
386
391
486
491
11
15
17
21
41
116
136
137
141
142
266
267
366
367
387
392
487
492
12
16
18
22
42
117
137
138
142
143
267
268
367
368
388
393
488
493
13
17
19
23
43
118
138
139
143
144
268
269
368
369
389
394
489
494
14
15
18
24
44
119
140
144
145
149
270
274
370
374
390
395
490
495
0
15
21
24
45
120
140
141
145
146
270
271
370
371
391
396
491
496
1
16
20
22
46
121
141
142
146
147
271
272
371
372
392
397
492
497
2
17
21
23
47
122
142
143
147
148
272
273
372
373
393
398
493
498
3
18
22
24
48
123
143
144
148
149
273
274
373
374
394
399
494
499
4
19
20
23
49
124
150
154
170
174
250
254
275
279
375
395
400
420
0
26
29
30
45
50
150
151
170
171
250
251
275
276
376
396
401
421
1
25
27
31
46
51
151
152
171
172
251
252
276
277
377
397
402
422
2
26
28
32
47
52
152
153
172
173
252
253
277
278
378
398
403
423
3
27
29
33
48
53
153
154
173
174
253
254
278
279
379
399
404
424
4
25
28
34
49
54
150
154
155
159
255
259
280
284
375
380
400
405
5
25
31
34
35
55
150
151
155
156
255
256
280
281
376
381
401
406
6
26
30
32
36
56
151
152
156
157
256
257
281
282
377
382
402
407
7
27
31
33
37
57
152
153
157
158
257
258
282
283
378
383
403
408
8
28
32
34
38
58
153
154
158
159
258
259
283
284
379
384
404
409
9
29
30
33
39
59
155
159
160
164
260
264
285
289
380
385
405
410
10
30
36
39
40
60
155
156
160
161
260
261
285
286
381
386
406
411
11
31
35
37
41
61
156
157
161
162
261
262
286
287
382
387
407
412
12
32
36
38
42
62
157
158
162
163
262
263
287
288
383
388
408
413
13
33
37
39
43
63
158
159
163
164
263
264
288
289
384
389
409
414
14
34
35
38
44
64
160
164
165
169
265
269
290
294
385
390
410
415
15
35
41
44
45
65
160
161
165
166
265
266
290
291
386
391
411
416
16
36
40
42
46
66
161
162
166
167
266
267
291
292
387
392
412
417
17
37
41
43
47
67
162
163
167
168
267
268
292
293
388
393
413
418
18
38
42
44
48
68
163
164
168
169
268
269
293
294
389
394
414
419
19
39
40
43
49
69
165
169
170
174
270
274
295
299
390
395
415
420
20
25
40
46
49
70
165
166
170
171
270
271
295
296
391
396
416
421
21
26
41
45
47
71
166
167
171
172
271
272
296
297
392
397
417
422
22
27
42
46
48
72
167
168
172
173
272
273
297
298
393
398
418
423
23
28
43
47
49
73
168
169
173
174
273
274
298
299
394
399
419
424
24
29
44
45
48
74
175
179
195
199
275
279
300
304
400
420
425
445
25
51
54
55
70
75
175
176
195
196
275
276
300
301
401
421
426
446
26
50
52
56
71
76
176
177
196
197
276
277
301
302
402
422
427
447
27
51
53
57
72
77
177
178
197
198
277
278
302
303
403
423
428
448
28
52
54
58
73
78
178
179
198
199
278
279
303
304
404
424
429
449
29
50
53
59
74
79
175
179
180
184
280
284
305
309
400
405
425
430
30
50
56
59
60
80
175
176
180
181
280
281
305
306
401
406
426
431
31
51
55
57
61
81
176
177
181
182
281
282
306
307
402
407
427
432
32
52
56
58
62
82
177
178
182
183
282
283
307
308
403
408
428
433
33
53
57
59
63
83
178
179
183
184
283
284
308
309
404
409
429
434
34
54
55
58
64
84
180
184
185
189
285
289
310
314
405
410
430
435
35
55
61
64
65
85
180
181
185
186
285
286
310
311
406
411
431
436
36
56
60
62
66
86
181
182
186
187
286
287
311
312
407
412
432
437
37
57
61
63
67
87
182
183
187
188
287
288
312
313
408
413
433
438
38
58
62
64
68
88
183
184
188
189
288
289
313
314
409
414
434
439
39
59
60
63
69
89
185
189
190
194
290
294
315
319
410
415
435
440
40
60
66
69
70
90
185
186
190
191
290
291
315
316
411
416
436
441
41
61
65
67
71
91
186
187
191
192
291
292
316
317
412
417
437
442
42
62
66
68
72
92
187
188
192
193
292
293
317
318
413
418
438
443
43
63
67
69
73
93
188
189
193
194
293
294
318
319
414
419
439
444
44
64
65
68
74
94
190
194
195
199
295
299
320
324
415
420
440
445
45
50
65
71
74
95
190
191
195
196
295
296
320
321
416
421
441
446
46
51
66
70
72
96
191
192
196
197
296
297
321
322
417
422
442
447
47
52
67
71
73
97
192
193
197
198
297
298
322
323
418
423
443
448
48
53
68
72
74
98
193
194
198
199
298
299
323
324
419
424
444
449
49
54
69
70
73
99
200
204
220
224
300
304
325
329
425
445
450
470
50
76
79
80
95
100
200
201
220
221
300
301
325
326
426
446
451
471
51
75
77
81
96
101
201
202
221
222
301
302
326
327
427
447
452
472
52
76
78
82
97
102
202
203
222
223
302
303
327
328
428
448
453
473
53
77
79
83
98
103
203
204
223
224
303
304
328
329
429
449
454
474
54
75
78
84
99
104
200
204
205
209
305
309
330
334
425
430
450
455
55
75
81
84
85
105
200
201
205
206
305
306
330
331
426
431
451
456
56
76
80
82
86
106
201
202
206
207
306
307
331
332
427
432
452
457
57
77
81
83
87
107
202
203
207
208
307
308
332
333
428
433
453
458
58
78
82
84
88
108
203
204
208
209
308
309
333
334
429
434
454
459
59
79
80
83
89
109
205
209
210
214
310
314
335
339
430
435
455
460
60
80
86
89
90
110
205
206
210
211
310
311
335
336
431
436
456
461
61
81
85
87
91
111
206
207
211
212
311
312
336
337
432
437
457
462
62
82
86
88
92
112
207
208
212
213
312
313
337
338
433
438
458
463
63
83
87
89
93
113
208
209
213
214
313
314
338
339
434
439
459
464
64
84
85
88
94
114
210
214
215
219
315
319
340
344
435
440
460
465
65
85
91
94
95
115
210
211
215
216
315
316
340
341
436
441
461
466
66
86
90
92
96
116
211
212
216
217
316
317
341
342
437
442
462
467
67
87
91
93
97
117
212
213
217
218
317
318
342
343
438
443
463
468
68
88
92
94
98
118
213
214
218
219
318
319
343
344
439
444
464
469
69
89
90
93
99
119
215
219
220
224
320
324
345
349
440
445
465
470
70
75
90
96
99
120
215
216
220
221
320
321
345
346
441
446
466
471
71
76
91
95
97
121
216
217
221
222
321
322
346
347
442
447
467
472
72
77
92
96
98
122
217
218
222
223
322
323
347
348
443
448
468
473
73
78
93
97
99
123
218
219
223
224
323
324
348
349
444
449
469
474
74
79
94
95
98
124
225
229
245
249
325
329
350
354
450
470
475
495
0
75
101
104
105
120
225
226
245
246
325
326
350
351
451
471
476
496
1
76
100
102
106
121
226
227
246
247
326
327
351
352
452
472
477
497
2
77
101
103
107
122
227
228
247
248
327
328
352
353
453
473
478
498
3
78
102
104
108
123
228
229
248
249
328
329
353
354
454
474
479
499
4
79
100
103
109
124
225
229
230
234
330
334
355
359
450
455
475
480
5
80
100
106
109
110
225
226
230
231
330
331
355
356
451
456
476
481
6
81
101
105
107
111
226
227
231
232
331
332
356
357
452
457
477
482
7
82
102
106
108
112
227
228
232
233
332
333
357
358
453
458
478
483
8
83
103
107
109
113
228
229
233
234
333
334
358
359
454
459
479
484
9
84
104
105
108
114
230
234
235
239
335
339
360
364
455
460
480
485
10
85
105
111
114
115
230
231
235
236
335
336
360
361
456
461
481
486
11
86
106
110
112
116
231
232
236
237
336
337
361
362
457
462
482
487
12
87
107
111
113
117
232
233
237
238
337
338
362
363
458
463
483
488
13
88
108
112
114
118
233
234
238
239
338
339
363
364
459
464
484
489
14
89
109
110
113
119
235
239
240
244
340
344
365
369
460
465
485
490
15
90
110
116
119
120
235
236
240
241
340
341
365
366
461
466
486
491
16
91
111
115
117
121
236
237
241
242
341
342
366
367
462
467
487
492
17
92
112
116
118
122
237
238
242
243
342
343
367
368
463
468
488
493
18
93
113
117
119
123
238
239
243
244
343
344
368
369
464
469
489
494
19
94
114
115
118
124
240
244
245
249
345
349
370
374
465
470
490
495
20
95
100
115
121
124
240
241
245
246
345
346
370
371
466
471
491
496
21
96
101
116
120
122
241
242
246
247
346
347
371
372
467
472
492
497
22
97
102
117
121
123
242
243
247
248
347
348
372
373
468
473
493
498
23
98
103
118
122
124
243
244
248
249
348
349
373
374
469
474
494
499
24
99
104
119
120
123
0
1
5
6
250
255
350
355
375
376
475
476
126
129
130
145
150
225
1
2
6
7
251
256
351
356
376
377
476
477
125
127
131
146
151
226
2
3
7
8
252
257
352
357
377
378
477
478
126
128
132
147
152
227
3
4
8
9
253
258
353
358
378
379
478
479
127
129
133
148
153
228
0
4
5
9
254
259
354
359
375
379
475
479
125
128
134
149
154
229
5
6
10
11
255
260
355
360
380
381
480
481
125
131
134
135
155
230
6
7
11
12
256
261
356
361
381
382
481
482
126
130
132
136
156
231
7
8
12
13
257
262
357
362
382
383
482
483
127
131
133
137
157
232
8
9
13
14
258
263
358
363
383
384
483
484
128
132
134
138
158
233
5
9
10
14
259
264
359
364
380
384
480
484
129
130
133
139
159
234
10
11
15
16
260
265
360
365
385
386
485
486
130
136
139
140
160
235
11
12
16
17
261
266
361
366
386
387
486
487
131
135
137
141
161
236
12
13
17
18
262
267
362
367
387
388
487
488
132
136
138
142
162
237
13
14
18
19
263
268
363
368
388
389
488
489
133
137
139
143
163
238
10
14
15
19
264
269
364
369
385
389
485
489
134
135
138
144
164
239
15
16
20
21
265
270
365
370
390
391
490
491
135
141
144
145
165
240
16
17
21
22
266
271
366
371
391
392
491
492
136
140
142
146
166
241
17
18
22
23
267
272
367
372
392
393
492
493
137
141
143
147
167
242
18
19
23
24
268
273
368
373
393
394
493
494
138
142
144
148
168
243
15
19
20
24
269
274
369
374
390
394
490
494
139
140
143
149
169
244
0
1
20
21
250
270
350
370
395
396
495
496
125
140
146
149
170
245
1
2
21
22
251
271
351
371
396
397
496
497
126
141
145
147
171
246
2
3
22
23
252
272
352
372
397
398
497
498
127
142
146
148
172
247
3
4
23
24
253
273
353
373
398
399
498
499
128
143
147
149
173
248
0
4
20
24
254
274
354
374
395
399
495
499
129
144
145
148
174
249
25
26
30
31
250
255
275
280
375
376
400
401
125
151
154
155
170
175
26
27
31
32
251
256
276
281
376
377
401
402
126
150
152
156
171
176
27
28
32
33
252
257
277
282
377
378
402
403
127
151
153
157
172
177
28
29
33
34
253
258
278
283
378
379
403
404
128
152
154
158
173
178
25
29
30
34
254
259
279
284
375
379
400
404
129
150
153
159
174
179
30
31
35
36
255
260
280
285
380
381
405
406
130
150
156
159
160
180
31
32
36
37
256
261
281
286
381
382
406
407
131
151
155
157
161
181
32
33
37
38
257
262
282
287
382
383
407
408
132
152
156
158
162
182
33
34
38
39
258
263
283
288
383
384
408
409
133
153
157
159
163
183
30
34
35
39
259
264
284
289
380
384
405
409
134
154
155
158
164
184
35
36
40
41
260
265
285
290
385
386
410
411
135
155
161
164
165
185
36
37
41
42
261
266
286
291
386
387
411
412
136
156
160
162
166
186
37
38
42
43
262
267
287
292
387
388
412
413
137
157
161
163
167
187
38
39
43
44
263
268
288
293
388
389
413
414
138
158
162
164
168
188
35
39
40
44
264
269
289
294
385
389
410
414
139
159
160
163
169
189
40
41
45
46
265
270
290
295
390
391
415
416
140
160
166
169
170
190
41
42
46
47
266
271
291
296
391
392
416
417
141
161
165
167
171
191
42
43
47
48
267
272
292
297
392
393
417
418
142
162
166
168
172
192
43
44
48
49
268
273
293
298
393
394
418
419
143
163
167
169
173
193
40
44
45
49
269
274
294
299
390
394
415
419
144
164
165
168
174
194
25
26
45
46
250
270
275
295
395
396
420
421
145
150
165
171
174
195
26
27
46
47
251
271
276
296
396
397
421
422
146
151
166
170
172
196
27
28
47
48
252
272
277
297
397
398
422
423
147
152
167
171
173
197
28
29
48
49
253
273
278
298
398
399
423
424
148
153
168
172
174
198
25
29
45
49
254
274
279
299
395
399
420
424
149
154
169
170
173
199
50
51
55
56
275
280
300
305
400
401
425
426
150
176
179
180
195
200
51
52
56
57
276
281
301
306
401
402
426
427
151
175
177
181
196
201
52
53
57
58
277
282
302
307
402
403
427
428
152
176
178
182
197
202
53
54
58
59
278
283
303
308
403
404
428
429
153
177
179
183
198
203
50
54
55
59
279
284
304
309
400
404
425
429
154
175
178
184
199
204
55
56
60
61
280
285
305
310
405
406
430
431
155
175
181
184
185
205
56
57
61
62
281
286
306
311
406
407
431
432
156
176
180
182
186
206
57
58
62
63
282
287
307
312
407
408
432
433
157
177
181
183
187
207
58
59
63
64
283
288
308
313
408
409
433
434
158
178
182
184
188
208
55
59
60
64
284
289
309
314
405
409
430
434
159
179
180
183
189
209
60
61
65
66
285
290
310
315
410
411
435
436
160
180
186
189
190
210
61
62
66
67
286
291
311
316
411
412
436
437
161
181
185
187
191
211
62
63
67
68
287
292
312
317
412
413
437
438
162
182
186
188
192
212
63
64
68
69
288
293
313
318
413
414
438
439
163
183
187
189
193
213
60
64
65
69
289
294
314
319
410
414
435
439
164
184
185
188
194
214
65
66
70
71
290
295
315
320
415
416
440
441
165
185
191
194
195
215
66
67
71
72
291
296
316
321
416
417
441
442
166
186
190
192
196
216
67
68
72
73
292
297
317
322
417
418
442
443
167
187
191
193
197
217
68
69
73
74
293
298
318
323
418
419
443
444
168
188
192
194
198
218
65
69
70
74
294
299
319
324
415
419
440
444
169
189
190
193
199
219
50
51
70
71
275
295
300
320
420
421
445
446
170
175
190
196
199
220
51
52
71
72
276
296
301
321
421
422
446
447
171
176
191
195
197
221
52
53
72
73
277
297
302
322
422
423
447
448
172
177
192
196
198
222
53
54
73
74
278
298
303
323
423
424
448
449
173
178
193
197
199
223
50
54
70
74
279
299
304
324
420
424
445
449
174
179
194
195
198
224
75
76
80
81
300
305
325
330
425
426
450
451
175
201
204
205
220
225
76
77
81
82
301
306
326
331
426
427
451
452
176
200
202
206
221
226
77
78
82
83
302
307
327
332
427
428
452
453
177
201
203
207
222
227
78
79
83
84
303
308
328
333
428
429
453
454
178
202
204
208
223
228
75
79
80
84
304
309
329
334
425
429
450
454
179
200
203
209
224
229
80
81
85
86
305
310
330
335
430
431
455
456
180
200
206
209
210
230
81
82
86
87
306
311
331
336
431
432
456
457
181
201
205
207
211
231
82
83
87
88
307
312
332
337
432
433
457
458
182
202
206
208
212
232
83
84
88
89
308
313
333
338
433
434
458
459
183
203
207
209
213
233
80
84
85
89
309
314
334
339
430
434
455
459
184
204
205
208
214
234
85
86
90
91
310
315
335
340
435
436
460
461
185
205
211
214
215
235
86
87
91
92
311
316
336
341
436
437
461
462
186
206
210
212
216
236
87
88
92
93
312
317
337
342
437
438
462
463
187
207
211
213
217
237
88
89
93
94
313
318
338
343
438
439
463
464
188
208
212
214
218
238
85
89
90
94
314
319
339
344
435
439
460
464
189
209
210
213
219
239
90
91
95
96
315
320
340
345
440
441
465
466
190
210
216
219
220
240
91
92
96
97
316
321
341
346
441
442
466
467
191
211
215
217
221
241
92
93
97
98
317
322
342
347
442
443
467
468
192
212
216
218
222
242
93
94
98
99
318
323
343
348
443
444
468
469
193
213
217
219
223
243
90
94
95
99
319
324
344
349
440
444
465
469
194
214
215
218
224
244
75
76
95
96
300
320
325
345
445
446
470
471
195
200
215
221
224
245
76
77
96
97
301
321
326
346
446
447
471
472
196
201
216
220
222
246
77
78
97
98
302
322
327
347
447
448
472
473
197
202
217
221
223
247
78
79
98
99
303
323
328
348
448
449
473
474
198
203
218
222
224
248
75
79
95
99
304
324
329
349
445
449
470
474
199
204
219
220
223
249
100
101
105
106
325
330
350
355
450
451
475
476
125
200
226
229
230
245
101
102
106
107
326
331
351
356
451
452
476
477
126
201
225
227
231
246
102
103
107
108
327
332
352
357
452
453
477
478
127
202
226
228
232
247
103
104
108
109
328
333
353
358
453
454
478
479
128
203
227
229
233
248
100
104
105
109
329
334
354
359
450
454
475
479
129
204
225
228
234
249
105
106
110
111
330
335
355
360
455
456
480
481
130
205
225
231
234
235
106
107
111
112
331
336
356
361
456
457
481
482
131
206
226
230
232
236
107
108
112
113
332
337
357
362
457
458
482
483
132
207
227
231
233
237
108
109
113
114
333
338
358
363
458
459
483
484
133
208
228
232
234
238
105
109
110
114
334
339
359
364
455
459
480
484
134
209
229
230
233
239
110
111
115
116
335
340
360
365
460
461
485
486
135
210
230
236
239
240
111
112
116
117
336
341
361
366
461
462
486
487
136
211
231
235
237
241
112
113
117
118
337
342
362
367
462
463
487
488
137
212
232
236
238
242
113
114
118
119
338
343
363
368
463
464
488
489
138
213
233
237
239
243
110
114
115
119
339
344
364
369
460
464
485
489
139
214
234
235
238
244
115
116
120
121
340
345
365
370
465
466
490
491
140
215
235
241
244
245
116
117
121
122
341
346
366
371
466
467
491
492
141
216
236
240
242
246
117
118
122
123
342
347
367
372
467
468
492
493
142
217
237
241
243
247
118
119
123
124
343
348
368
373
468
469
493
494
143
218
238
242
244
248
115
119
120
124
344
349
369
374
465
469
490
494
144
219
239
240
243
249
100
101
120
121
325
345
350
370
470
471
495
496
145
220
225
240
246
249
101
102
121
122
326
346
351
371
471
472
496
497
146
221
226
241
245
247
102
103
122
123
327
347
352
372
472
473
497
498
147
222
227
242
246
248
103
104
123
124
328
348
353
373
473
474
498
499
148
223
228
243
247
249
100
104
120
124
329
349
354
374
470
474
495
499
149
224
229
244
245
248
0
1
25
26
125
145
150
170
375
376
395
396
251
254
255
270
275
350
1
2
26
27
126
146
151
171
376
377
396
397
250
252
256
271
276
351
2
3
27
28
127
147
152
172
377
378
397
398
251
253
257
272
277
352
3
4
28
29
128
148
153
173
378
379
398
399
252
254
258
273
278
353
0
4
25
29
129
149
154
174
375
379
395
399
250
253
259
274
279
354
5
6
30
31
125
130
150
155
375
376
380
381
250
256
259
260
280
355
6
7
31
32
126
131
151
156
376
377
381
382
251
255
257
261
281
356
7
8
32
33
127
132
152
157
377
378
382
383
252
256
258
262
282
357
8
9
33
34
128
133
153
158
378
379
383
384
253
257
259
263
283
358
5
9
30
34
129
134
154
159
375
379
380
384
254
255
258
264
284
359
10
11
35
36
130
135
155
160
380
381
385
386
255
261
264
265
285
360
11
12
36
37
131
136
156
161
381
382
386
387
256
260
262
266
286
361
12
13
37
38
132
137
157
162
382
383
387
388
257
261
263
267
287
362
13
14
38
39
133
138
158
163
383
384
388
389
258
262
264
268
288
363
10
14
35
39
134
139
159
164
380
384
385
389
259
260
263
269
289
364
15
16
40
41
135
140
160
165
385
386
390
391
260
266
269
270
290
365
16
17
41
42
136
141
161
166
386
387
391
392
261
265
267
271
291
366
17
18
42
43
137
142
162
167
387
388
392
393
262
266
268
272
292
367
18
19
43
44
138
143
163
168
388
389
393
394
263
267
269
273
293
368
15
19
40
44
139
144
164
169
385
389
390
394
264
265
268
274
294
369
20
21
45
46
140
145
165
170
390
391
395
396
250
265
271
274
295
370
21
22
46
47
141
146
166
171
391
392
396
397
251
266
270
272
296
371
22
23
47
48
142
147
167
172
392
393
397
398
252
267
271
273
297
372
23
24
48
49
143
148
168
173
393
394
398
399
253
268
272
274
298
373
20
24
45
49
144
149
169
174
390
394
395
399
254
269
270
273
299
374
25
26
50
51
150
170
175
195
400
401
420
421
250
276
279
280
295
300
26
27
51
52
151
171
176
196
401
402
421
422
251
275
277
281
296
301
27
28
52
53
152
172
177
197
402
403
422
423
252
276
278
282
297
302
28
29
53
54
153
173
178
198
403
404
423
424
253
277
279
283
298
303
25
29
50
54
154
174
179
199
400
404
420
424
254
275
278
284
299
304
30
31
55
56
150
155
175
180
400
401
405
406
255
275
281
284
285
305
31
32
56
57
151
156
176
181
401
402
406
407
256
276
280
282
286
306
32
33
57
58
152
157
177
182
402
403
407
408
257
277
281
283
287
307
33
34
58
59
153
158
178
183
403
404
408
409
258
278
282
284
288
308
30
34
55
59
154
159
179
184
400
404
405
409
259
279
280
283
289
309
35
36
60
61
155
160
180
185
405
406
410
411
260
280
286
289
290
310
36
37
61
62
156
161
181
186
406
407
411
412
261
281
285
287
291
311
37
38
62
63
157
162
182
187
407
408
412
413
262
282
286
288
292
312
38
39
63
64
158
163
183
188
408
409
413
414
263
283
287
289
293
313
35
39
60
64
159
164
184
189
405
409
410
414
264
284
285
288
294
314
40
41
65
66
160
165
185
190
410
411
415
416
265
285
291
294
295
315
41
42
66
67
161
166
186
191
411
412
416
417
266
286
290
292
296
316
42
43
67
68
162
167
187
192
412
413
417
418
267
287
291
293
297
317
43
44
68
69
163
168
188
193
413
414
418
419
268
288
292
294
298
318
40
44
65
69
164
169
189
194
410
414
415
419
269
289
290
293
299
319
45
46
70
71
165
170
190
195
415
416
420
421
270
275
290
296
299
320
46
47
71
72
166
171
191
196
416
417
421
422
271
276
291
295
297
321
47
48
72
73
167
172
192
197
417
418
422
423
272
277
292
296
298
322
48
49
73
74
168
173
193
198
418
419
423
424
273
278
293
297
299
323
45
49
70
74
169
174
194
199
415
419
420
424
274
279
294
295
298
324
50
51
75
76
175
195
200
220
425
426
445
446
275
301
304
305
320
325
51
52
76
77
176
196
201
221
426
427
446
447
276
300
302
306
321
326
52
53
77
78
177
197
202
222
427
428
447
448
277
301
303
307
322
327
53
54
78
79
178
198
203
223
428
429
448
449
278
302
304
308
323
328
50
54
75
79
179
199
204
224
425
429
445
449
279
300
303
309
324
329
55
56
80
81
175
180
200
205
425
426
430
431
280
300
306
309
310
330
56
57
81
82
176
181
201
206
426
427
431
432
281
301
305
307
311
331
57
58
82
83
177
182
202
207
427
428
432
433
282
302
306
308
312
332
58
59
83
84
178
183
203
208
428
429
433
434
283
303
307
309
313
333
55
59
80
84
179
184
204
209
425
429
430
434
284
304
305
308
314
334
60
61
85
86
180
185
205
210
430
431
435
436
285
305
311
314
315
335
61
62
86
87
181
186
206
211
431
432
436
437
286
306
310
312
316
336
62
63
87
88
182
187
207
212
432
433
437
438
287
307
311
313
317
337
63
64
88
89
183
188
208
213
433
434
438
439
288
308
312
314
318
338
60
64
85
89
184
189
209
214
430
434
435
439
289
309
310
313
319
339
65
66
90
91
185
190
210
215
435
436
440
441
290
310
316
319
320
340
66
67
91
92
186
191
211
216
436
437
441
442
291
311
315
317
321
341
67
68
92
93
187
192
212
217
437
438
442
443
292
312
316
318
322
342
68
69
93
94
188
193
213
218
438
439
443
444
293
313
317
319
323
343
65
69
90
94
189
194
214
219
435
439
440
444
294
314
315
318
324
344
70
71
95
96
190
195
215
220
440
441
445
446
295
300
315
321
324
345
71
72
96
97
191
196
216
221
441
442
446
447
296
301
316
320
322
346
72
73
97
98
192
197
217
222
442
443
447
448
297
302
317
321
323
347
73
74
98
99
193
198
218
223
443
444
448
449
298
303
318
322
324
348
70
74
95
99
194
199
219
224
440
444
445
449
299
304
319
320
323
349
75
76
100
101
200
220
225
245
450
451
470
471
300
326
329
330
345
350
76
77
101
102
201
221
226
246
451
452
471
472
301
325
327
331
346
351
77
78
102
103
202
222
227
247
452
453
472
473
302
326
328
332
347
352
78
79
103
104
203
223
228
248
453
454
473
474
303
327
329
333
348
353
75
79
100
104
204
224
229
249
450
454
470
474
304
325
328
334
349
354
80
81
105
106
200
205
225
230
450
451
455
456
305
325
331
334
335
355
81
82
106
107
201
206
226
231
451
452
456
457
306
326
330
332
336
356
82
83
107
108
202
207
227
232
452
453
457
458
307
327
331
333
337
357
83
84
108
109
203
208
228
233
453
454
458
459
308
328
332
334
338
358
80
84
105
109
204
209
229
234
450
454
455
459
309
329
330
333
339
359
85
86
110
111
205
210
230
235
455
456
460
461
310
330
336
339
340
360
86
87
111
112
206
211
231
236
456
457
461
462
311
331
335
337
341
361
87
88
112
113
207
212
232
237
457
458
462
463
312
332
336
338
342
362
88
89
113
114
208
213
233
238
458
459
463
464
313
333
337
339
343
363
85
89
110
114
209
214
234
239
455
459
460
464
314
334
335
338
344
364
90
91
115
116
210
215
235
240
460
461
465
466
315
335
341
344
345
365
91
92
116
117
211
216
236
241
461
462
466
467
316
336
340
342
346
366
92
93
117
118
212
217
237
242
462
463
467
468
317
337
341
343
347
367
93
94
118
119
213
218
238
243
463
464
468
469
318
338
342
344
348
368
90
94
115
119
214
219
239
244
460
464
465
469
319
339
340
343
349
369
95
96
120
121
215
220
240
245
465
466
470
471
320
325
340
346
349
370
96
97
121
122
216
221
241
246
466
467
471
472
321
326
341
345
347
371
97
98
122
123
217
222
242
247
467
468
472
473
322
327
342
346
348
372
98
99
123
124
218
223
243
248
468
469
473
474
323
328
343
347
349
373
95
99
120
124
219
224
244
249
465
469
470
474
324
329
344
345
348
374
0
1
100
101
125
145
225
245
475
476
495
496
250
325
351
354
355
370
1
2
101
102
126
146
226
246
476
477
496
497
251
326
350
352
356
371
2
3
102
103
127
147
227
247
477
478
497
498
252
327
351
353
357
372
3
4
103
104
128
148
228
248
478
479
498
499
253
328
352
354
358
373
0
4
100
104
129
149
229
249
475
479
495
499
254
329
350
353
359
374
5
6
105
106
125
130
225
230
475
476
480
481
255
330
350
356
359
360
6
7
106
107
126
131
226
231
476
477
481
482
256
331
351
355
357
361
7
8
107
108
127
132
227
232
477
478
482
483
257
332
352
356
358
362
8
9
108
109
128
133
228
233
478
479
483
484
258
333
353
357
359
363
5
9
105
109
129
134
229
234
475
479
480
484
259
334
354
355
358
364
10
11
110
111
130
135
230
235
480
481
485
486
260
335
355
361
364
365
11
12
111
112
131
136
231
236
481
482
486
487
261
336
356
360
362
366
12
13
112
113
132
137
232
237
482
483
487
488
262
337
357
361
363
367
13
14
113
114
133
138
233
238
483
484
488
489
263
338
358
362
364
368
10
14
110
114
134
139
234
239
480
484
485
489
264
339
359
360
363
369
15
16
115
116
135
140
235
240
485
486
490
491
265
340
360
366
369
370
16
17
116
117
136
141
236
241
486
487
491
492
266
341
361
365
367
371
17
18
117
118
137
142
237
242
487
488
492
493
267
342
362
366
368
372
18
19
118
119
138
143
238
243
488
489
493
494
268
343
363
367
369
373
15
19
115
119
139
144
239
244
485
489
490
494
269
344
364
365
368
374
20
21
120
121
140
145
240
245
490
491
495
496
270
345
350
365
371
374
21
22
121
122
141
146
241
246
491
492
496
497
271
346
351
366
370
372
22
23
122
123
142
147
242
247
492
493
497
498
272
347
352
367
371
373
23
24
123
124
143
148
243
248
493
494
498
499
273
348
353
368
372
374
20
24
120
124
144
149
244
249
490
494
495
499
274
349
354
369
370
373
0
5
25
30
125
129
150
154
250
254
255
259
376
379
380
395
400
475
1
6
26
31
125
126
150
151
250
251
255
256
375
377
381
396
401
476
2
7
27
32
126
127
151
152
251
252
256
257
376
378
382
397
402
477
3
8
28
33
127
128
152
153
252
253
257
258
377
379
383
398
403
478
4
9
29
34
128
129
153
154
253
254
258
259
375
378
384
399
404
479
5
10
30
35
130
134
155
159
255
259
260
264
375
381
384
385
405
480
6
11
31
36
130
131
155
156
255
256
260
261
376
380
382
386
406
481
7
12
32
37
131
132
156
157
256
257
261
262
377
381
383
387
407
482
8
13
33
38
132
133
157
158
257
258
262
263
378
382
384
388
408
483
9
14
34
39
133
134
158
159
258
259
263
264
379
380
383
389
409
484
10
15
35
40
135
139
160
164
260
264
265
269
380
386
389
390
410
485
11
16
36
41
135
136
160
161
260
261
265
266
381
385
387
391
411
486
12
17
37
42
136
137
161
162
261
262
266
267
382
386
388
392
412
487
13
18
38
43
137
138
162
163
262
263
267
268
383
387
389
393
413
488
14
19
39
44
138
139
163
164
263
264
268
269
384
385
388
394
414
489
15
20
40
45
140
144
165
169
265
269
270
274
385
391
394
395
415
490
16
21
41
46
140
141
165
166
265
266
270
271
386
390
392
396
416
491
17
22
42
47
141
142
166
167
266
267
271
272
387
391
393
397
417
492
18
23
43
48
142
143
167
168
267
268
272
273
388
392
394
398
418
493
19
24
44
49
143
144
168
169
268
269
273
274
389
390
393
399
419
494
0
20
25
45
145
149
170
174
250
254
270
274
375
390
396
399
420
495
1
21
26
46
145
146
170
171
250
251
270
271
376
391
395
397
421
496
2
22
27
47
146
147
171
172
251
252
271
272
377
392
396
398
422
497
3
23
28
48
147
148
172
173
252
253
272
273
378
393
397
399
423
498
4
24
29
49
148
149
173
174
253
254
273
274
379
394
395
398
424
499
25
30
50
55
150
154
175
179
275
279
280
284
375
401
404
405
420
425
26
31
51
56
150
151
175
176
275
276
280
281
376
400
402
406
421
426
27
32
52
57
151
152
176
177
276
277
281
282
377
401
403
407
422
427
28
33
53
58
152
153
177
178
277
278
282
283
378
402
404
408
423
428
29
34
54
59
153
154
178
179
278
279
283
284
379
400
403
409
424
429
30
35
55
60
155
159
180
184
280
284
285
289
380
400
406
409
410
430
31
36
56
61
155
156
180
181
280
281
285
286
381
401
405
407
411
431
32
37
57
62
156
157
181
182
281
282
286
287
382
402
406
408
412
432
33
38
58
63
157
158
182
183
282
283
287
288
383
403
407
409
413
433
34
39
59
64
158
159
183
184
283
284
288
289
384
404
405
408
414
434
35
40
60
65
160
164
185
189
285
289
290
294
385
405
411
414
415
435
36
41
61
66
160
161
185
186
285
286
290
291
386
406
410
412
416
436
37
42
62
67
161
162
186
187
286
287
291
292
387
407
411
413
417
437
38
43
63
68
162
163
187
188
287
288
292
293
388
408
412
414
418
438
39
44
64
69
163
164
188
189
288
289
293
294
389
409
410
413
419
439
40
45
65
70
165
169
190
194
290
294
295
299
390
410
416
419
420
440
41
46
66
71
165
166
190
191
290
291
295
296
391
411
415
417
421
441
42
47
67
72
166
167
191
192
291
292
296
297
392
412
416
418
422
442
43
48
68
73
167
168
192
193
292
293
297
298
393
413
417
419
423
443
44
49
69
74
168
169
193
194
293
294
298
299
394
414
415
418
424
444
25
45
50
70
170
174
195
199
275
279
295
299
395
400
415
421
424
445
26
46
51
71
170
171
195
196
275
276
295
296
396
401
416
420
422
446
27
47
52
72
171
172
196
197
276
277
296
297
397
402
417
421
423
447
28
48
53
73
172
173
197
198
277
278
297
298
398
403
418
422
424
448
29
49
54
74
173
174
198
199
278
279
298
299
399
404
419
420
423
449
50
55
75
80
175
179
200
204
300
304
305
309
400
426
429
430
445
450
51
56
76
81
175
176
200
201
300
301
305
306
401
425
427
431
446
451
52
57
77
82
176
177
201
202
301
302
306
307
402
426
428
432
447
452
53
58
78
83
177
178
202
203
302
303
307
308
403
427
429
433
448
453
54
59
79
84
178
179
203
204
303
304
308
309
404
425
428
434
449
454
55
60
80
85
180
184
205
209
305
309
310
314
405
425
431
434
435
455
56
61
81
86
180
181
205
206
305
306
310
311
406
426
430
432
436
456
57
62
82
87
181
182
206
207
306
307
311
312
407
427
431
433
437
457
58
63
83
88
182
183
207
208
307
308
312
313
408
428
432
434
438
458
59
64
84
89
183
184
208
209
308
309
313
314
409
429
430
433
439
459
60
65
85
90
185
189
210
214
310
314
315
319
410
430
436
439
440
460
61
66
86
91
185
186
210
211
310
311
315
316
411
431
435
437
441
461
62
67
87
92
186
187
211
212
311
312
316
317
412
432
436
438
442
462
63
68
88
93
187
188
212
213
312
313
317
318
413
433
437
439
443
463
64
69
89
94
188
189
213
214
313
314
318
319
414
434
435
438
444
464
65
70
90
95
190
194
215
219
315
319
320
324
415
435
441
444
445
465
66
71
91
96
190
191
215
216
315
316
320
321
416
436
440
442
446
466
67
72
92
97
191
192
216
217
316
317
321
322
417
437
441
443
447
467
68
73
93
98
192
193
217
218
317
318
322
323
418
438
442
444
448
468
69
74
94
99
193
194
218
219
318
319
323
324
419
439
440
443
449
469
50
70
75
95
195
199
220
224
300
304
320
324
420
425
440
446
449
470
51
71
76
96
195
196
220
221
300
301
320
321
421
426
441
445
447
471
52
72
77
97
196
197
221
222
301
302
321
322
422
427
442
446
448
472
53
73
78
98
197
198
222
223
302
303
322
323
423
428
443
447
449
473
54
74
79
99
198
199
223
224
303
304
323
324
424
429
444
445
448
474
75
80
100
105
200
204
225
229
325
329
330
334
425
451
454
455
470
475
76
81
101
106
200
201
225
226
325
326
330
331
426
450
452
456
471
476
77
82
102
107
201
202
226
227
326
327
331
332
427
451
453
457
472
477
78
83
103
108
202
203
227
228
327
328
332
333
428
452
454
458
473
478
79
84
104
109
203
204
228
229
328
329
333
334
429
450
453
459
474
479
80
85
105
110
205
209
230
234
330
334
335
339
430
450
456
459
460
480
81
86
106
111
205
206
230
231
330
331
335
336
431
451
455
457
461
481
82
87
107
112
206
207
231
232
331
332
336
337
432
452
456
458
462
482
83
88
108
113
207
208
232
233
332
333
337
338
433
453
457
459
463
483
84
89
109
114
208
209
233
234
333
334
338
339
434
454
455
458
464
484
85
90
110
115
210
214
235
239
335
339
340
344
435
455
461
464
465
485
86
91
111
116
210
211
235
236
335
336
340
341
436
456
460
462
466
486
87
92
112
117
211
212
236
237
336
337
341
342
437
457
461
463
467
487
88
93
113
118
212
213
237
238
337
338
342
343
438
458
462
464
468
488
89
94
114
119
213
214
238
239
338
339
343
344
439
459
460
463
469
489
90
95
115
120
215
219
240
244
340
344
345
349
440
460
466
469
470
490
91
96
116
121
215
216
240
241
340
341
345
346
441
461
465
467
471
491
92
97
117
122
216
217
241
242
341
342
346
347
442
462
466
468
472
492
93
98
118
123
217
218
242
243
342
343
347
348
443
463
467
469
473
493
94
99
119
124
218
219
243
244
343
344
348
349
444
464
465
468
474
494
75
95
100
120
220
224
245
249
325
329
345
349
445
450
465
471
474
495
76
96
101
121
220
221
245
246
325
326
345
346
446
451
466
470
472
496
77
97
102
122
221
222
246
247
326
327
346
347
447
452
467
471
473
497
78
98
103
123
222
223
247
248
327
328
347
348
448
453
468
472
474
498
79
99
104
124
223
224
248
249
328
329
348
349
449
454
469
470
473
499
0
5
100
105
125
129
225
229
350
354
355
359
375
450
476
479
480
495
1
6
101
106
125
126
225
226
350
351
355
356
376
451
475
477
481
496
2
7
102
107
126
127
226
227
351
352
356
357
377
452
476
478
482
497
3
8
103
108
127
128
227
228
352
353
357
358
378
453
477
479
483
498
4
9
104
109
128
129
228
229
353
354
358
359
379
454
475
478
484
499
5
10
105
110
130
134
230
234
355
359
360
364
380
455
475
481
484
485
6
11
106
111
130
131
230
231
355
356
360
361
381
456
476
480
482
486
7
12
107
112
131
132
231
232
356
357
361
362
382
457
477
481
483
487
8
13
108
113
132
133
232
233
357
358
362
363
383
458
478
482
484
488
9
14
109
114
133
134
233
234
358
359
363
364
384
459
479
480
483
489
10
15
110
115
135
139
235
239
360
364
365
369
385
460
480
486
489
490
11
16
111
116
135
136
235
236
360
361
365
366
386
461
481
485
487
491
12
17
112
117
136
137
236
237
361
362
366
367
387
462
482
486
488
492
13
18
113
118
137
138
237
238
362
363
367
368
388
463
483
487
489
493
14
19
114
119
138
139
238
239
363
364
368
369
389
464
484
485
488
494
15
20
115
120
140
144
240
244
365
369
370
374
390
465
485
491
494
495
16
21
116
121
140
141
240
241
365
366
370
371
391
466
486
490
492
496
17
22
117
122
141
142
241
242
366
367
371
372
392
467
487
491
493
497
18
23
118
123
142
143
242
243
367
368
372
373
393
468
488
492
494
498
19
24
119
124
143
144
243
244
368
369
373
374
394
469
489
490
493
499
0
20
100
120
145
149
245
249
350
354
370
374
395
470
475
490
496
499
1
21
101
121
145
146
245
246
350
351
370
371
396
471
476
491
495
497
2
22
102
122
146
147
246
247
351
352
371
372
397
472
477
492
496
498
3
23
103
123
147
148
247
248
352
353
372
373
398
473
478
493
497
499
4
24
104
124
148
149
248
249
353
354
373
374
399
474
479
494
495
498
