0	1.78972	3.74765	-0.802281	-0.556037	-0.217183
1	1.27921	5.8817	0.881625	-0.374293	0.287475
2	2.75433	5.39897	0.239397	-0.292086	-0.925945
3	2.39629	4.30872	-0.26639	-0.623688	-0.734881
4	1.15694	3.51765	-0.851598	-0.336251	0.402139
5	1.55542	3.31294	-0.98524	-0.170488	0.0153747
6	1.51131	4.39644	-0.310165	-0.948822	0.0594502
7	2.55246	3.05439	-0.553533	0.0483901	-0.83142
8	0.777794	2.81525	-0.664674	0.224954	0.712463
9	1.22933	5.74549	0.809303	-0.48259	0.334866
10	1.08147	3.956	-0.605763	-0.641967	0.470031
11	1.01753	5.15942	0.367797	-0.76721	0.525466
12	0.92833	0.886702	0.505969	0.620475	0.599172
13	1.44617	4.32576	-0.374144	-0.919002	0.124302
14	2.16731	4.47402	-0.195343	-0.803906	-0.561762
15	2.71781	4.22668	-0.191971	-0.363656	-0.911538
16	1.32107	3.39882	-0.9371	-0.246505	0.24714
17	1.74268	4.51028	-0.197773	-0.965211	-0.171039
18	1.11934	4.64509	-0.0605063	-0.897774	0.436281
19	1.11945	0.928085	0.539348	0.720315	0.436177
20	1.04706	3.89114	-0.633877	-0.589981	0.500123
21	1.78004	3.59018	-0.881407	-0.424235	-0.207719
22	1.38033	5.58362	0.751287	-0.632241	0.189312
23	2.7755	0.621365	0.291058	0.208389	-0.933734
24	2.49589	0.15224	0.5948	0.0912585	-0.798677
25	2.16465	2.99644	-0.820076	0.119878	-0.559558
26	0.377917	0.797678	0.257688	0.264096	0.929435
27	2.19369	5.35741	0.488301	-0.649015	-0.583388
28	1.10389	4.16184	-0.467161	-0.761015	0.45013
29	2.05511	5.81607	0.790187	-0.398524	-0.465601
30	1.38381	4.16012	-0.515473	-0.836499	0.185895
31	2.68007	2.1162	-0.231014	0.380705	-0.895375
32	1.7274	4.76984	0.0567169	-0.986133	-0.155965
33	1.28085	3.75261	-0.784879	-0.549753	0.285896
34	1.30336	5.43762	0.639727	-0.721745	0.264261
35	0.66031	4.23773	-0.280326	-0.545555	0.789802
36	1.66996	5.62019	0.78428	-0.612456	-0.0990037
37	3.03953	1.93486	-0.0362776	0.0952044	-0.994796
38	1.48636	6.22341	0.994658	-0.0595223	0.0843398
39	2.43534	4.71331	0.000594968	-0.648988	-0.760798
40	1.14778	3.35988	-0.890215	-0.197471	0.410514
41	1.34606	4.74341	0.0302329	-0.974384	0.222847
42	1.9838	4.64923	-0.0578084	-0.914092	-0.401365
43	2.09679	5.03408	0.273429	-0.82046	-0.502077
44	1.91697	4.15038	-0.501273	-0.79599	-0.3393
45	1.04002	4.9341	0.189645	-0.841303	0.506205
46	2.18093	5.83668	0.739225	-0.353902	-0.572974
47	0.845732	5.6549	0.60553	-0.43991	0.663184
48	1.10664	5.96809	0.850172	-0.277121	0.447673
49	1.19159	4.44775	-0.242976	-0.89662	0.370182
50	2.30717	4.8037	0.0675601	-0.737823	-0.671605
51	1.51669	4.67539	-0.0369333	-0.997853	0.0540819
52	1.43631	3.90991	-0.71259	-0.68865	0.134076
53	2.36247	4.64193	-0.0494674	-0.700912	-0.711531
54	2.23474	5.13401	0.322306	-0.718601	-0.616224
55	1.57853	6.10333	0.98384	-0.178881	-0.00773458
56	2.23727	4.47113	-0.187795	-0.763244	-0.618217
57	1.71246	0.215768	0.967027	0.211953	-0.141186
58	2.25833	4.65328	-0.0456531	-0.771467	-0.63463
59	1.93452	4.71873	0.00592221	-0.93456	-0.355757
60	1.41154	5.92057	0.923142	-0.350229	0.158582
61	2.27778	2.55497	-0.633208	0.420879	-0.649545
62	2.83602	2.75655	-0.278811	0.112996	-0.953675
63	2.1629	2.78486	-0.777526	0.289767	-0.558111
64	1.14483	4.8004	0.0800418	-0.907116	0.4132
65	1.05689	5.4056	0.556473	-0.669842	0.491579
66	1.36812	4.1005	-0.562659	-0.801809	0.201291
67	1.98161	3.89443	-0.669035	-0.62682	-0.39936
68	2.20632	4.17386	-0.412737	-0.690857	-0.593603
69	1.59344	3.94249	-0.695887	-0.717794	-0.0226464
70	1.77213	4.05873	-0.595814	-0.777827	-0.199975
71	0.425322	6.07505	0.403709	-0.0852612	0.910906
72	1.82503	5.48419	0.675011	-0.693619	-0.2515
73	1.90958	5.06924	0.32947	-0.883741	-0.332342
74	1.2914	4.52583	-0.178286	-0.944542	0.27578
75	1.3733	3.99205	-0.646814	-0.736974	0.196217
76	0.820514	3.66127	-0.634925	-0.363259	0.681845
77	0.933217	5.67039	0.657331	-0.462159	0.595252
78	1.72715	4.84241	0.128078	-0.979463	-0.155721
79	1.51778	1.35681	0.212061	0.975819	0.0529868
80	2.46966	5.00932	0.182138	-0.595257	-0.782621
81	1.67116	4.01724	-0.637278	-0.764093	-0.100195
82	0.211349	3.2757	-0.207895	-0.0280478	0.977749
83	1.00128	3.99436	-0.554063	-0.634234	0.539223
84	1.29046	2.62309	-0.834657	0.47623	0.276682
85	1.03643	0.218372	0.840153	0.186439	0.509297
86	1.77921	6.15577	0.970429	-0.124318	-0.206912
87	2.17377	4.3462	-0.294913	-0.769045	-0.567095
88	2.64456	2.24792	-0.298754	0.371627	-0.878999
89	0.448407	4.75663	0.0191716	-0.433106	0.901139
90	0.560317	1.71503	-0.0763875	0.525937	0.847087
91	1.81574	5.17498	0.432948	-0.868187	-0.242502
92	1.23941	5.24417	0.47948	-0.815013	0.32535
93	0.982762	5.69628	0.692798	-0.46077	0.554727
94	2.26372	4.17518	-0.39372	-0.661007	-0.638791
95	2.25396	4.33193	-0.288011	-0.720118	-0.631253
96	1.81692	5.07089	0.340299	-0.908202	-0.24365
97	2.39219	3.28926	-0.673786	-0.100223	-0.732099
98	0.231845	0.98543	0.126951	0.191519	0.973244
99	1.03216	4.66254	-0.0427693	-0.857344	0.512964
100	0.843109	5.51115	0.535014	-0.520906	0.665145
101	1.29114	6.19063	0.957037	-0.0888336	0.276022
102	0.470109	5.56757	0.341861	-0.297195	0.891519
103	1.43732	3.61432	-0.882412	-0.451263	0.133084
104	0.566812	4.32082	-0.204919	-0.496305	0.843617
105	0.654815	3.40948	-0.587289	-0.161205	0.793161
106	1.82394	3.5107	-0.902923	-0.349288	-0.250453
107	2.31311	5.35546	0.441889	-0.589718	-0.675993
108	1.98357	4.49533	-0.197271	-0.894518	-0.40115
109	1.44548	5.53994	0.730502	-0.671377	0.124984
110	1.68625	5.35298	0.593691	-0.796405	-0.115196
111	1.09763	4.35208	-0.313824	-0.832973	0.455709
112	0.639892	4.15085	-0.317952	-0.505416	0.80216
113	1.59361	2.90525	-0.971947	0.234092	-0.0228111
114	0.952847	4.06351	-0.492542	-0.649414	0.579365
115	0.480796	3.84056	-0.354036	-0.297575	0.886627
116	2.15548	3.88166	-0.615759	-0.562323	-0.551936
117	1.65828	3.70886	-0.840149	-0.535271	-0.0873709
118	1.77654	2.61562	-0.846598	0.491463	-0.204294
119	1.5013	4.55192	-0.159396	-0.98477	0.0694358
120	1.96851	4.77876	0.0611471	-0.91992	-0.38731
121	2.30002	4.42147	-0.213892	-0.71436	-0.666288
122	2.96104	5.57737	0.136668	-0.116479	-0.983745
123	2.45152	3.92514	-0.450976	-0.449306	-0.771197
124	2.11213	4.23352	-0.394899	-0.760621	-0.515276
125	1.48945	4.51488	-0.19558	-0.977316	0.0812575
126	2.81175	2.75129	-0.299538	0.123231	-0.946092
127	2.87696	4.9327	0.0571572	-0.255229	-0.96519
128	1.69357	5.05704	0.335328	-0.934108	-0.122468
129	2.24149	4.52104	-0.148987	-0.769093	-0.621529
130	2.07069	3.47874	-0.828225	-0.290318	-0.479331
131	2.05785	4.13414	-0.483001	-0.740041	-0.468027
132	1.52586	4.02314	-0.635316	-0.770945	0.0449251
133	2.27219	3.56675	-0.695931	-0.3151	-0.645284
134	2.22324	4.68643	-0.0206275	-0.794333	-0.607132
135	1.25509	4.28634	-0.392851	-0.8656	0.31049
136	1.14067	4.70398	-0.00764409	-0.90888	0.416989
137	2.89857	1.89206	-0.0759852	0.228326	-0.970615
138	2.50806	3.5817	-0.535578	-0.252213	-0.805943
139	2.87553	4.74368	0.00822565	-0.262809	-0.964813
140	2.07673	5.0894	0.322025	-0.813288	-0.484627
141	1.44962	5.9472	0.937162	-0.327286	0.120881
142	1.05847	4.29955	-0.349699	-0.798379	0.490205
143	1.56646	4.54113	-0.170421	-0.985362	0.00433935
144	2.21021	3.58808	-0.723784	-0.346493	-0.596724
145	1.52856	4.6722	-0.040145	-0.998301	0.0422208
146	1.84835	3.77382	-0.775838	-0.568329	-0.274003
147	0.966806	3.79715	-0.652461	-0.501746	0.567931
148	0.525235	1.10081	0.227079	0.44705	0.865206
149	1.32221	5.92397	0.907396	-0.340734	0.246036
150	0.990438	5.51252	0.599974	-0.582556	0.548324
151	2.22082	3.66461	-0.68965	-0.397633	-0.605203
152	1.83026	2.91845	-0.942565	0.213887	-0.256559
153	1.4196	4.52817	-0.181091	-0.971864	0.150617
154	1.97016	0.58845	0.766346	0.511392	-0.388835
155	1.6873	6.2455	0.992517	-0.0374164	-0.116236
156	1.78423	5.33851	0.572711	-0.79192	-0.211815
157	1.68529	5.32122	0.568163	-0.814948	-0.114244
158	1.74491	1.16107	0.392336	0.903362	-0.173233
159	1.20636	4.75451	0.0393466	-0.933495	0.356425
160	1.56201	3.37969	-0.971751	-0.235845	0.0087883
161	1.75837	4.25099	-0.437388	-0.879727	-0.186472
162	0.506109	3.55488	-0.443962	-0.194698	0.874637
163	1.94802	3.47774	-0.877659	-0.306664	-0.368336
164	1.76191	5.21386	0.471965	-0.860911	-0.18995
165	1.95527	4.71133	-0.000979692	-0.926995	-0.375071
166	1.06802	5.51556	0.630515	-0.608491	0.48186
167	1.44783	5.19754	0.462823	-0.877923	0.122661
168	0.484447	5.22843	0.229805	-0.405073	0.884933
169	0.911275	4.05396	-0.483558	-0.625078	0.612738
170	1.33183	3.46031	-0.922653	-0.304446	0.236695
171	0.92041	4.38279	-0.257588	-0.753011	0.605494
172	1.19402	5.56007	0.697159	-0.615308	0.36792
173	1.53884	5.93846	0.940689	-0.337762	0.031954
174	1.8204	5.39139	0.608553	-0.754085	-0.247022
175	0.502959	5.19688	0.224506	-0.426545	0.87616
176	1.05874	2.76065	-0.809249	0.324111	0.489967
177	1.37654	4.46935	-0.236125	-0.952357	0.193032
178	2.01379	4.05311	-0.553418	-0.714135	-0.428649
179	1.19558	5.10233	0.353685	-0.860583	0.366475
180	1.38747	4.16329	-0.513172	-0.838702	0.182301
181	1.60736	6.13941	0.98902	-0.143186	-0.0365585
182	1.29188	5.11726	0.378679	-0.883632	0.275312
183	1.5181	4.62113	-0.0910093	-0.994456	0.052668
184	2.34252	5.0344	0.226818	-0.679873	-0.697371
185	2.26672	6.18172	0.763517	-0.0777363	-0.641091
186	2.87217	3.6161	-0.236767	-0.121615	-0.963925
187	1.59325	0.0662086	0.997557	0.0661436	-0.022453
188	2.11312	0.0951749	0.852636	0.0813955	-0.516126
189	2.83144	2.3585	-0.216307	0.215311	-0.952288
190	2.20279	4.09487	-0.46718	-0.65784	-0.590753
191	2.27417	4.03954	-0.475303	-0.59644	-0.646797
192	1.35349	4.66409	-0.0471416	-0.975343	0.2156
193	2.27223	4.66451	-0.0365601	-0.76304	-0.645316
194	2.04854	3.75475	-0.726267	-0.511022	-0.459775
195	0.895374	4.88839	0.136651	-0.768386	0.625227
196	1.98988	5.73173	0.778052	-0.478591	-0.406922
197	1.58639	3.44364	-0.954612	-0.297444	-0.0155971
198	1.60112	4.78093	0.0684566	-0.997193	-0.0303231
199	2.57931	5.0033	0.152912	-0.510722	-0.846039
200	1.78135	4.93938	0.220073	-0.95283	-0.209004
201	2.40021	5.03307	0.212866	-0.640879	-0.737538
202	2.29044	4.26039	-0.328464	-0.67652	-0.659115
203	2.4084	4.86175	0.0995882	-0.661797	-0.743039
204	2.43552	4.84868	0.0881578	-0.642833	-0.760916
205	2.14348	4.06269	-0.508426	-0.669223	-0.541889
206	2.13799	5.26419	0.442138	-0.718233	-0.537267
207	1.70784	4.6858	-0.0263404	-0.990274	-0.136615
208	2.64836	3.32807	-0.465265	-0.0877813	-0.880808
209	2.15172	5.31604	0.47453	-0.688217	-0.548797
210	1.42568	4.99854	0.279296	-0.949254	0.144605
211	1.56405	4.95363	0.238905	-0.971019	0.00674694
212	2.66385	4.37635	-0.151612	-0.434062	-0.888034
213	1.13339	5.48855	0.634593	-0.646425	0.423587
214	0.846539	5.08528	0.272866	-0.697519	0.662579
215	2.54652	3.18998	-0.559912	-0.0271113	-0.828108
216	1.3062	3.60399	-0.86384	-0.430568	0.261517
217	1.35982	5.00888	0.285684	-0.935162	0.209418
218	1.70942	4.71545	0.00303145	-0.990403	-0.138179
219	1.8223	5.51027	0.693356	-0.676259	-0.248858
220	1.17394	5.9915	0.883324	-0.265214	0.386523
221	0.710111	5.13469	0.267195	-0.594646	0.75829
222	0.689878	5.49103	0.446983	-0.453063	0.771324
223	0.769482	6.01545	0.670974	-0.184066	0.718271
224	2.32654	5.11255	0.28351	-0.67027	-0.685828
225	2.43831	3.74307	-0.533226	-0.365955	-0.762724
226	0.576002	3.03974	-0.541852	0.0553826	0.838647
227	1.89091	3.61765	-0.843655	-0.435	-0.314675
228	1.36688	6.26599	0.979137	-0.0168411	0.202502
229	0.583925	3.50494	-0.515309	-0.195937	0.834305
230	0.571225	4.33607	-0.198692	-0.50283	0.84124
231	0.705392	4.84308	0.0844872	-0.642803	0.761358
232	1.8705	4.16151	-0.500104	-0.814084	-0.295234
233	2.30124	5.30277	0.414661	-0.618792	-0.667198
234	1.2345	3.94943	-0.652351	-0.682308	0.329992
235	1.48884	5.44235	0.664601	-0.7427	0.0818676
236	0.634897	0.0580901	0.592094	0.0344336	0.805133
237	1.55514	5.50144	0.709595	-0.704436	0.0156595
238	1.49534	4.89355	0.179658	-0.980836	0.0753857
239	1.69547	2.42587	-0.748763	0.65107	-0.124348
240	1.44644	4.10346	-0.567574	-0.813926	0.124033
241	2.30494	4.5176	-0.143698	-0.728363	-0.669954
242	1.67229	5.08829	0.365221	-0.92539	-0.101323
243	1.80709	4.72762	0.0148066	-0.972099	-0.234105
244	1.53273	6.12481	0.98677	-0.157596	0.038056
245	2.31292	6.06307	0.719252	-0.160929	-0.675854
246	2.12368	4.88337	0.144803	-0.838602	-0.525147
247	1.4456	5.26446	0.520346	-0.844777	0.12487
248	2.31251	5.13719	0.303879	-0.671779	-0.675552
249	1.47738	5.45225	0.671243	-0.735345	0.0932757
250	2.03773	4.63839	-0.0660175	-0.890508	-0.450152
251	0.844784	0.187086	0.734778	0.139094	0.663893
252	1.71905	6.18382	0.984152	-0.0981121	-0.147711
253	1.33171	4.83014	0.114138	-0.964828	0.236811
254	2.67767	4.11767	-0.2507	-0.370635	-0.894303
255	1.22708	4.56631	-0.13705	-0.93148	0.336989
256	2.23234	4.55496	-0.123707	-0.779286	-0.614337
257	1.09784	3.59635	-0.799748	-0.39103	0.455521
258	2.46296	4.02973	-0.396011	-0.487055	-0.77843
259	1.8648	5.26867	0.505375	-0.812784	-0.289789
260	1.90066	4.62914	-0.0786655	-0.94281	-0.323916
261	1.94114	4.52992	-0.169156	-0.916726	-0.36194
262	1.56554	4.87363	0.160542	-0.987015	0.00525195
263	2.9329	3.6238	-0.183554	-0.0960746	-0.978303
264	1.87209	3.99847	-0.625304	-0.721757	-0.296752
265	0.778948	4.16923	-0.3631	-0.601422	0.711653
266	1.96516	5.32724	0.532556	-0.754161	-0.38422
267	1.34451	3.34535	-0.954348	-0.197188	0.224358
268	2.72338	4.74358	0.0126674	-0.405927	-0.913818
269	1.50473	5.38757	0.623673	-0.778892	0.0660227
270	2.35953	4.59237	-0.0843776	-0.699675	-0.709462
271	1.554	4.70823	-0.00416306	-0.99985	0.0167979
272	0.481603	4.03561	-0.290095	-0.361108	0.886254
273	1.46378	4.44729	-0.260507	-0.959545	0.106812
274	2.06325	4.70065	-0.0103438	-0.881116	-0.472787
275	2.00755	3.40851	-0.874042	-0.238997	-0.423003
276	2.4596	3.23545	-0.627569	-0.0590726	-0.776316
277	0.546557	6.11716	0.512602	-0.0858937	0.854319
278	1.03475	4.99539	0.24007	-0.825535	0.510743
279	1.45583	5.2773	0.53181	-0.839059	0.114711
280	1.19749	5.92575	0.872278	-0.325777	0.364692
281	1.95802	3.54986	-0.849854	-0.367629	-0.377621
282	1.57376	4.41041	-0.297408	-0.954746	-0.00295909
283	1.52652	3.82598	-0.774049	-0.631576	0.0442636
284	2.42932	3.64776	-0.571608	-0.316861	-0.756877
285	1.29719	4.30356	-0.382746	-0.883456	0.270207
286	1.2447	4.09403	-0.549146	-0.771889	0.320352
287	2.25738	5.32364	0.44386	-0.633376	-0.633895
288	1.80479	5.747	0.836236	-0.496938	-0.231866
289	1.14214	4.79961	0.0792336	-0.906067	0.415649
290	1.05575	5.32061	0.497278	-0.714199	0.492579
291	1.02659	4.41726	-0.248841	-0.818549	0.517741
292	2.26985	5.13689	0.315261	-0.697512	-0.643497
293	1.61913	5.59711	0.772836	-0.632764	-0.0483159
294	1.76132	4.07516	-0.584207	-0.789202	-0.189374
295	1.92599	4.54347	-0.157619	-0.924236	-0.347769
296	1.51254	4.33392	-0.368869	-0.927656	0.0582201
297	1.91611	3.71831	-0.788774	-0.513087	-0.338492
298	2.57754	4.92545	0.113044	-0.52253	-0.845094
299	1.03669	5.08256	0.311391	-0.802424	0.509068
300	0.999514	4.08882	-0.49121	-0.682894	0.540711
301	1.2229	4.78079	0.0642566	-0.937895	0.340917
302	0.616682	3.30257	-0.570855	-0.0926978	0.815802
303	2.10316	0.627828	0.697306	0.5061	-0.50757
304	2.28134	4.10559	-0.432242	-0.622686	-0.652249
305	2.34215	4.20749	-0.346813	-0.627508	-0.697105
306	0.209658	3.33743	-0.204147	-0.0404994	0.978102
307	2.35875	0.196035	0.691791	0.13738	-0.708909
308	1.45098	5.20012	0.465263	-0.877065	0.119534
309	0.646881	4.97307	0.155338	-0.582338	0.797968
310	2.3162	3.66126	-0.63781	-0.3649	-0.678267
311	2.19029	4.15366	-0.431601	-0.690358	-0.580625
312	2.87215	3.97029	-0.179907	-0.196202	-0.963918
313	1.4732	4.32493	-0.376043	-0.921464	0.097445
314	1.59623	4.53301	-0.178365	-0.983636	-0.0254283
315	1.96588	3.38235	-0.896343	-0.220069	-0.384888
316	1.61424	6.17365	0.993069	-0.109216	-0.0434341
317	1.02756	4.26172	-0.372864	-0.770568	0.516911
318	2.61441	5.08726	0.184211	-0.468159	-0.86423
319	2.86162	1.6991	-0.0353571	0.274063	-0.961062
320	1.13829	3.65042	-0.792902	-0.442292	0.419148
321	1.36854	3.96133	-0.668503	-0.716067	0.20088
322	2.6232	3.51792	-0.460813	-0.182095	-0.868615
323	1.21208	5.5264	0.68077	-0.642884	0.351073
324	1.08542	4.26464	-0.382931	-0.797308	0.466545
325	2.35573	4.21215	-0.339309	-0.620754	-0.706777
326	1.61597	4.62646	-0.0857383	-0.995294	-0.0451569
327	1.56395	3.75745	-0.816257	-0.577649	0.00684594
328	2.56698	3.64632	-0.47574	-0.262828	-0.839401
329	1.43813	3.7266	-0.826382	-0.547353	0.132278
330	1.77815	3.97028	-0.661369	-0.721255	-0.205867
331	1.09789	4.83483	0.108727	-0.883583	0.455477
332	1.77021	4.12399	-0.544029	-0.815347	-0.198092
333	2.34335	4.785	0.0519558	-0.714242	-0.697967
334	2.50461	4.42528	-0.16843	-0.570428	-0.803892
335	1.28167	5.69671	0.798322	-0.530461	0.285118
336	1.71343	4.75212	0.0393218	-0.989064	-0.142146
337	1.28979	3.86048	-0.723025	-0.632714	0.277323
338	0.874818	4.43235	-0.212109	-0.737532	0.641136
339	0.819121	3.38586	-0.708859	-0.176682	0.682864
340	2.06742	2.41165	-0.655192	0.586269	-0.476457
341	2.21825	4.46149	-0.19803	-0.77265	-0.603155
342	1.58795	4.56256	-0.149243	-0.988652	-0.017148
343	1.80589	3.31615	-0.957715	-0.16889	-0.232935
344	1.47385	3.53124	-0.920699	-0.378079	0.0967957
345	1.72994	4.33936	-0.359836	-0.91946	-0.158468
346	1.04421	3.00253	-0.856183	0.119833	0.502584
347	1.47358	4.01749	-0.637282	-0.764494	0.0970611
348	2.34814	3.36962	-0.694329	-0.16113	-0.701388
349	2.08365	4.29411	-0.353929	-0.796229	-0.490667
350	0.905279	5.57389	0.596889	-0.512308	0.617466
351	1.98708	4.6188	-0.0854739	-0.910593	-0.404368
352	1.49074	5.62066	0.785914	-0.613142	0.0799755
353	1.41416	5.66685	0.806014	-0.570969	0.155998
354	1.1621	4.34522	-0.329408	-0.856479	0.397409
355	1.09447	4.40836	-0.266045	-0.847926	0.458521
356	1.22847	4.12084	-0.525293	-0.78191	0.335683
357	0.626546	5.10739	0.225631	-0.5412	0.810058
358	2.71904	4.28627	-0.169506	-0.373422	-0.912044
359	1.90779	4.35327	-0.331683	-0.883548	-0.330651
360	1.14766	5.92908	0.855233	-0.316174	0.410622
361	0.302619	4.72604	0.0040694	-0.297994	0.954559
362	1.50953	4.74069	0.0282411	-0.997724	0.0612247
363	1.2737	4.48595	-0.214673	-0.93178	0.292749
364	2.4385	4.39786	-0.200034	-0.61486	-0.762845
365	1.33222	5.11333	0.37923	-0.894615	0.236324
366	2.73597	5.96276	0.374509	-0.124287	-0.918856
367	1.88567	1.16801	0.372712	0.874743	-0.309695
368	0.686645	0.121199	0.629296	0.0766458	0.773377
369	0.864367	5.16159	0.330326	-0.68522	0.649122
370	2.02205	4.63293	-0.0714263	-0.897064	-0.43609
371	2.06398	4.43456	-0.241587	-0.847054	-0.473429
372	1.82178	3.95731	-0.663876	-0.705399	-0.248354
373	0.995607	5.86426	0.766532	-0.34132	0.543994
374	1.8171	4.62711	-0.0826054	-0.966297	-0.243817
375	2.40182	0.891098	0.423723	0.524304	-0.738623
376	1.35417	2.53764	-0.803859	0.55463	0.214933
377	1.64672	5.32971	0.577183	-0.813084	-0.0758511
378	2.50963	4.45657	-0.149475	-0.571502	-0.806872
379	1.31063	3.49339	-0.907163	-0.332991	0.257239
380	2.81038	5.90134	0.301772	-0.121177	-0.945648
381	2.43813	4.88604	0.111765	-0.637133	-0.762607
382	2.08122	2.50772	-0.703037	0.516778	-0.488549
383	2.28193	3.59555	-0.680889	-0.332237	-0.652694
384	2.23559	5.61404	0.617318	-0.488219	-0.616896
385	1.2356	5.15213	0.402015	-0.854502	0.328954
386	2.01323	4.35404	-0.316957	-0.846308	-0.428137
387	1.68133	3.09567	-0.99285	0.0456214	-0.110306
388	2.3508	4.60631	-0.0752699	-0.706916	-0.703281
389	0.450546	4.33911	-0.158799	-0.40547	0.900209
390	2.2543	3.46843	-0.734315	-0.248933	-0.631517
391	2.10455	2.04179	-0.390651	0.767169	-0.508766
392	1.46219	4.43556	-0.271693	-0.956261	0.108388
393	2.13909	4.1811	-0.42701	-0.726644	-0.538193
394	2.07996	3.99626	-0.573199	-0.658664	-0.487447
395	2.8926	4.89291	0.0442429	-0.242422	-0.969162
396	1.53406	4.67726	-0.0350976	-0.998709	0.0367258
397	1.07426	4.28345	-0.36568	-0.799584	0.476386
398	2.06562	5.02172	0.267906	-0.838283	-0.474878
399	0.752295	2.96945	-0.673217	0.117049	0.730122
400	2.0001	4.33344	-0.336375	-0.844747	-0.416239
401	1.82933	3.63681	-0.850624	-0.459433	-0.255659
402	1.00178	4.42306	-0.240353	-0.807416	0.538804
403	2.31313	4.62288	-0.0658737	-0.733943	-0.676009
404	2.03809	4.1633	-0.465953	-0.761553	-0.450472
405	2.06361	5.70639	0.738471	-0.480444	-0.473111
406	2.50009	4.80887	0.0576467	-0.59562	-0.801195
407	1.38404	5.37898	0.607558	-0.772269	0.185673
408	1.61536	3.6941	-0.850368	-0.5243	-0.0445479
409	1.08257	2.66103	-0.783135	0.408272	0.469056
410	0.692384	6.12945	0.630845	-0.0977542	0.769726
411	0.80945	1.10722	0.323694	0.647507	0.689896
412	1.73325	5.44908	0.662997	-0.73094	-0.161743
413	2.41163	6.13608	0.659643	-0.0977418	-0.745196
414	2.31363	4.58644	-0.0925246	-0.730719	-0.676379
415	2.20091	4.87752	0.132813	-0.796971	-0.589235
416	1.175	4.04391	-0.57188	-0.724094	0.385541
417	2.14195	2.73866	-0.773902	0.329882	-0.540605
418	1.2877	4.52767	-0.176358	-0.943861	0.279329
419	1.25099	4.15801	-0.499725	-0.807116	0.314385
420	1.27373	4.42794	-0.268335	-0.917776	0.292718
421	0.661499	4.7638	0.0315649	-0.613489	0.789072
422	1.85712	4.98506	0.258339	-0.92385	-0.282423
423	0.888464	5.61783	0.610559	-0.479119	0.630605
424	1.81811	4.30663	-0.382704	-0.890848	-0.244803
425	2.37951	4.5602	-0.104668	-0.682451	-0.723398
426	2.20812	3.63575	-0.707543	-0.381182	-0.595049
427	1.6749	4.53897	-0.171613	-0.979668	-0.103918
428	1.27225	4.7785	0.0631392	-0.953676	0.294135
429	0.105931	4.06326	-0.0639154	-0.084228	0.994395
430	1.63804	0.0968391	0.993065	0.0964693	-0.0671937
431	2.56939	0.492232	0.4772	0.255903	-0.84071
432	1.93357	4.62429	-0.0822617	-0.931292	-0.354865
433	2.09168	4.61234	-0.0866367	-0.86304	-0.49765
434	2.12875	4.05366	-0.519279	-0.670842	-0.529453
435	2.28281	3.87322	-0.563309	-0.505771	-0.653359
436	1.87487	4.7604	0.0457942	-0.953026	-0.299407
437	2.07435	5.32947	0.506829	-0.714338	-0.48254
438	2.60941	4.60351	-0.0551369	-0.50441	-0.861702
439	2.17786	4.41608	-0.239817	-0.785533	-0.570461
440	2.62772	5.59613	0.380029	-0.311774	-0.870847
441	1.68513	0.378104	0.923298	0.366749	-0.114085
442	2.68633	3.14343	-0.439695	-0.000807836	-0.898147
443	2.12195	5.67729	0.700273	-0.485163	-0.523674
444	2.19669	5.62848	0.642863	-0.4935	-0.58582
445	1.84176	2.57649	-0.813719	0.515967	-0.267656
446	2.5687	4.82915	0.0631503	-0.538378	-0.840334
447	2.6638	4.5196	-0.0880983	-0.451301	-0.888012
448	2.71689	4.05757	-0.250947	-0.326823	-0.91116
449	2.42378	4.72956	0.0112934	-0.657641	-0.753247
450	2.43406	3.92742	-0.459396	-0.45979	-0.759966
451	2.3767	5.15198	0.29469	-0.626622	-0.721459
452	2.75787	1.69872	-0.0477587	0.371312	-0.927279
453	0.818697	3.849	-0.555029	-0.474571	0.683173
454	1.13171	3.57376	-0.821924	-0.379107	0.42511
455	2.01135	2.98114	-0.892897	0.144512	-0.42644
456	1.70376	3.24542	-0.985836	-0.102723	-0.132574
457	1.27834	4.23262	-0.441975	-0.849432	0.288309
458	1.68072	3.45139	-0.946646	-0.303028	-0.109704
459	1.70616	4.67341	-0.0386148	-0.990099	-0.134953
460	1.56214	5.01278	0.29588	-0.955186	0.00865282
461	0.979062	5.49125	0.58303	-0.590706	0.557802
462	1.92401	4.30571	-0.371142	-0.861741	-0.345913
463	2.25944	3.55304	-0.70767	-0.308792	-0.635493
464	1.69912	4.86689	0.15262	-0.979964	-0.127976
465	1.52349	3.31124	-0.984541	-0.168647	0.0472887
466	2.24141	4.42932	-0.218817	-0.752264	-0.621465
467	2.21576	6.16579	0.793623	-0.0935976	-0.601167
468	1.64734	4.85277	0.139515	-0.987263	-0.0764672
469	1.38165	5.01247	0.290325	-0.938276	0.188016
470	2.1716	4.22956	-0.382979	-0.730583	-0.56531
471	2.30565	4.31866	-0.284629	-0.685164	-0.670475
472	2.09506	5.73878	0.740543	-0.448354	-0.500574
473	2.08145	3.3842	-0.846874	-0.209587	-0.488751
474	0.792237	4.47855	-0.164964	-0.69255	0.702254
475	0.967598	4.46352	-0.202838	-0.798155	0.567279
476	2.52482	4.75176	0.0227641	-0.57796	-0.815748
477	2.10918	5.09075	0.317139	-0.797815	-0.512752
478	2.17437	4.97432	0.213192	-0.795233	-0.567586
479	2.20758	4.1833	-0.405822	-0.694078	-0.594613
480	1.34181	0.171511	0.959608	0.166216	0.226989
481	1.58733	3.78314	-0.801062	-0.598353	-0.0165312
482	1.88804	4.94823	0.222002	-0.923797	-0.311952
483	1.40202	5.28431	0.533557	-0.828915	0.16798
484	1.12914	4.5673	-0.130705	-0.894547	0.427436
485	0.905549	4.474	-0.185788	-0.764513	0.617254
486	1.76529	4.99525	0.273839	-0.942156	-0.193271
487	1.60528	5.2422	0.505067	-0.862391	-0.0344728
488	1.75498	0.552164	0.836992	0.515659	-0.18314
489	1.27075	4.64667	-0.0627411	-0.95326	0.295566
490	2.59665	2.38479	-0.376872	0.35591	-0.855158
491	2.08757	5.86214	0.793482	-0.355347	-0.49408
492	1.2946	4.96715	0.242466	-0.931045	0.2727
493	2.47149	3.85283	-0.470492	-0.405414	-0.783758
494	2.31294	4.48978	-0.162714	-0.718837	-0.675867
495	1.4718	5.71528	0.838899	-0.535238	0.0988391
496	1.28153	0.0784925	0.955501	0.0751541	0.285254
497	0.260219	5.86521	0.235142	-0.104439	0.966334
498	1.27188	5.24763	0.48743	-0.822004	0.294484
499	2.25002	4.81498	0.0796812	-0.77397	-0.628189
500	1.57023	5.29035	0.546317	-0.837578	0.000564217
501	2.4428	4.79733	0.0545763	-0.640977	-0.765618
502	2.38243	4.90265	0.130171	-0.67589	-0.725416
503	2.62957	4.4629	-0.120969	-0.47477	-0.871757
504	0.668408	3.07898	-0.618522	0.0387795	0.78481
505	2.35861	5.85628	0.64209	-0.292075	-0.708811
506	1.24105	5.64894	0.762122	-0.560646	0.323799
507	1.45319	4.62267	-0.0889801	-0.989098	0.117339
508	2.33089	4.60991	-0.0741435	-0.72097	-0.688988
509	1.69152	3.56048	-0.906893	-0.403782	-0.120435
510	2.67462	0.82713	0.304773	0.331334	-0.892934
511	2.63787	3.46261	-0.458031	-0.152301	-0.875792
512	2.20544	4.58964	-0.0985986	-0.799224	-0.59289
513	1.68384	4.07048	-0.594902	-0.795843	-0.112806
514	1.99207	4.73335	0.0191311	-0.912368	-0.408923
515	0.483404	4.84203	0.0600861	-0.460896	0.885418
516	2.64741	5.04347	0.154183	-0.448556	-0.880355
517	1.40652	4.31558	-0.381274	-0.909881	0.163542
518	2.36924	3.9394	-0.48727	-0.499521	-0.716273
519	1.97598	4.28806	-0.378376	-0.837523	-0.394191
520	1.19653	4.12608	-0.51499	-0.775326	0.365589
521	1.65341	3.82166	-0.774881	-0.626697	-0.0825183
522	0.876047	5.23993	0.386728	-0.663772	0.640193
523	1.58353	3.92981	-0.705054	-0.709039	-0.0127311
524	0.68645	4.2004	-0.310504	-0.552524	0.773501
525	0.579412	0.0113309	0.547496	0.00620389	0.836785
526	2.62629	3.37619	-0.479302	-0.11455	-0.870142
527	2.49041	4.77412	0.037394	-0.604972	-0.795368
528	1.7095	4.37202	-0.330626	-0.933579	-0.138264
529	1.49574	5.64342	0.799975	-0.595329	0.0749896
530	1.81774	4.67283	-0.0383462	-0.968906	-0.244438
531	0.206974	5.71172	0.172848	-0.111146	0.978657
532	0.900427	5.26379	0.410509	-0.667458	0.621275
533	1.4554	5.75084	0.855887	-0.504182	0.115142
534	1.43734	2.3762	-0.714697	0.686661	0.133063
535	2.33144	1.22916	0.242693	0.682525	-0.689391
536	1.42479	0.614005	0.808651	0.570016	0.145484
537	2.42215	5.40905	0.422834	-0.50542	-0.752172
538	1.10094	2.49283	-0.710483	0.538722	0.452761
539	1.54755	5.25699	0.517941	-0.8551	0.0232485
540	0.52149	5.00207	0.142303	-0.477416	0.867078
541	1.86288	6.01566	0.92358	-0.253149	-0.287951
542	0.658534	3.45942	-0.581309	-0.191239	0.79089
543	2.34551	3.08206	-0.713355	0.0425167	-0.699512
544	1.08514	3.77545	-0.712577	-0.523773	0.466792
545	1.45057	0.529267	0.856947	0.501256	0.119932
546	1.78462	6.0064	0.940034	-0.267039	-0.212194
547	1.9347	5.56973	0.70659	-0.611594	-0.355927
548	1.14129	5.03453	0.287845	-0.862402	0.416422
549	0.827213	5.00834	0.214668	-0.704048	0.67693
550	1.05278	4.49275	-0.189293	-0.847931	0.495157
551	1.37083	4.49394	-0.212399	-0.956782	0.198632
552	0.425336	2.68847	-0.370987	0.180636	0.9109
553	1.20234	5.15323	0.39806	-0.843695	0.360175
554	1.68546	5.91759	0.927779	-0.355157	-0.11441
555	1.3541	4.54988	-0.158008	-0.963745	0.215009
556	1.51015	4.47868	-0.231166	-0.971025	0.0606066
557	1.66509	6.17871	0.990129	-0.103826	-0.0941543
558	1.58318	5.20321	0.471311	-0.88188	-0.0123833
559	1.45633	3.16188	-0.993252	-0.0201483	0.114212
560	0.227909	4.22931	-0.104952	-0.200086	0.974141
561	1.87998	4.87542	0.154615	-0.939952	-0.304277
562	1.90558	4.23041	-0.437801	-0.836885	-0.328565
563	1.37354	4.34377	-0.353343	-0.914735	0.195982
564	1.44728	4.65684	-0.0550928	-0.990851	0.123204
565	2.29558	2.97367	-0.73811	0.125126	-0.662976
566	1.16855	4.25187	-0.408942	-0.824321	0.391486
567	1.499	3.49307	-0.936445	-0.343401	0.0717359
568	1.9765	5.33539	0.53611	-0.746207	-0.394665
569	2.59146	4.60846	-0.0542368	-0.519981	-0.852454
570	2.04839	4.61688	-0.084689	-0.884055	-0.459646
571	1.66266	3.92044	-0.708719	-0.699501	-0.0917387
572	2.20171	4.08121	-0.476499	-0.651912	-0.58988
573	1.58732	3.44541	-0.95407	-0.299129	-0.0165211
574	2.12078	4.24917	-0.380936	-0.762694	-0.522672
575	2.74829	2.88365	-0.370564	0.0977612	-0.923648
576	2.09879	4.12673	-0.477472	-0.719865	-0.503801
577	2.18265	4.82875	0.0950398	-0.813047	-0.574388
578	2.10502	4.47359	-0.203578	-0.83624	-0.509175
579	2.50135	2.24238	-0.371713	0.467657	-0.801952
580	2.0299	4.78232	0.0626425	-0.894259	-0.443145
581	0.752395	4.86996	0.107236	-0.674923	0.730054
582	1.76279	3.85696	-0.740984	-0.64384	-0.190821
583	1.19208	4.64032	-0.0669003	-0.926729	0.369728
584	1.48245	4.80666	0.0937631	-0.991677	0.0882325
585	2.07321	3.61181	-0.781302	-0.397093	-0.481543
586	1.81688	4.44179	-0.259251	-0.934581	-0.243611
587	1.68209	3.89538	-0.724592	-0.680171	-0.111063
588	0.702264	6.22131	0.644712	-0.03994	0.763382
589	0.869495	4.45526	-0.194288	-0.738886	0.645213
590	2.74614	4.39386	-0.120643	-0.365849	-0.922822
591	1.44305	4.20157	-0.48491	-0.865234	0.127403
592	2.34611	4.42486	-0.202537	-0.684885	-0.699937
593	1.43642	3.91949	-0.705967	-0.695458	0.133976
594	0.866688	4.3019	-0.304157	-0.698871	0.647354
595	1.34752	4.6038	-0.105689	-0.969434	0.221423
596	0.735005	5.17108	0.296918	-0.601275	0.741827
597	0.543797	5.75159	0.445989	-0.262269	0.85575
598	1.17139	1.63095	-0.0553834	0.919624	0.388875
599	1.4015	4.41092	-0.292682	-0.941249	0.168489
600	1.33776	4.15161	-0.51747	-0.823949	0.230937
601	2.171	1.59605	-0.0208351	0.824955	-0.564814
602	0.409458	5.57411	0.302153	-0.259223	0.917337
603	1.08391	3.7877	-0.70565	-0.532121	0.467873
604	1.44485	5.18667	0.453083	-0.882574	0.125614
605	2.75904	6.06454	0.364401	-0.0809671	-0.927716
606	1.37954	6.06912	0.959357	-0.208562	0.190093
607	2.17761	5.96484	0.780192	-0.257112	-0.570257
608	0.860508	4.48387	-0.171752	-0.738464	0.652052
609	0.290751	0.223718	0.279528	0.0636	0.958029
610	1.51203	4.87314	0.15978	-0.985404	0.0587324
611	0.869853	4.74315	0.0235042	-0.763873	0.644939
612	1.2661	4.68404	-0.0270376	-0.953554	0.300006
613	1.55477	6.18695	0.995245	-0.0960778	0.0160262
614	1.41087	5.19419	0.457462	-0.874854	0.159246
615	0.633344	5.06157	0.202486	-0.556128	0.806053
616	0.462153	3.97182	-0.300835	-0.329096	0.895095
617	0.686881	2.52374	-0.516894	0.367341	0.773227
618	1.5434	5.7457	0.858678	-0.511783	0.027395
619	1.02165	4.47914	-0.197153	-0.829875	0.521956
620	2.06978	6.18605	0.873929	-0.0851599	-0.478535
621	0.611103	0.144965	0.567753	0.0828859	0.819016
622	1.45783	5.73977	0.85049	-0.51377	0.112726
623	1.48403	4.66705	-0.0451572	-0.995214	0.0866544
624	1.20472	3.31032	-0.920479	-0.156799	0.357957
625	2.79852	3.66088	-0.292036	-0.166934	-0.941726
626	3.05688	1.57738	-0.000556916	0.0846117	-0.996414
627	1.38903	5.99031	0.941646	-0.28395	0.180762
628	0.496739	2.76838	-0.443755	0.173758	0.879141
629	1.1627	5.16669	0.402798	-0.824777	0.396859
630	1.92904	3.80788	-0.736212	-0.578833	-0.350634
631	1.71629	2.60581	-0.850783	0.505123	-0.144979
632	1.62036	5.11651	0.392729	-0.918319	-0.0495406
633	1.88494	4.76526	0.0502648	-0.949732	-0.309002
634	1.68444	5.63091	0.789581	-0.603078	-0.113398
635	2.50705	4.43221	-0.163929	-0.569689	-0.805346
636	2.32697	2.68926	-0.654307	0.31795	-0.686141
637	1.95638	5.81826	0.828228	-0.415437	-0.3761
638	1.55801	3.79495	-0.793982	-0.607807	0.0127886
639	2.04733	3.90547	-0.641705	-0.614663	-0.458698
640	1.88176	4.62132	-0.0865811	-0.948095	-0.305973
641	2.3546	4.4296	-0.19762	-0.680102	-0.70598
642	2.4898	5.55602	0.453175	-0.40325	-0.794998
643	2.54398	4.35858	-0.194951	-0.527816	-0.826683
644	1.78693	4.04254	-0.606425	-0.765674	-0.21446
645	1.47106	3.92797	-0.702902	-0.704283	0.0995704
646	1.63345	4.53672	-0.174429	-0.982677	-0.0626122
647	0.536344	4.9741	0.132214	-0.493596	0.859583
648	1.15659	3.77475	-0.737989	-0.541659	0.402465
649	1.44014	5.16987	0.437921	-0.889523	0.130282
650	1.67129	3.12526	-0.994822	0.0162467	-0.100327
651	1.03317	4.99409	0.238776	-0.825069	0.512101
652	1.45043	5.2864	0.539074	-0.833655	0.120076
653	2.2887	4.89681	0.138115	-0.740415	-0.657807
654	0.420355	5.28231	0.220188	-0.343584	0.912944
655	1.73045	4.67024	-0.0415994	-0.986405	-0.158977
656	1.03673	5.23934	0.432864	-0.743979	0.509042
657	1.91685	5.66393	0.766039	-0.546017	-0.33919
658	2.63152	4.5224	-0.0922018	-0.479455	-0.872709
659	0.861976	5.09622	0.284278	-0.703893	0.650939
660	0.946721	5.62209	0.640537	-0.498248	0.584347
661	1.66728	5.23196	0.494196	-0.863997	-0.0963363
662	0.714454	0.250438	0.634765	0.162378	0.755451
663	1.57624	4.46157	-0.248194	-0.968695	-0.00544551
664	1.58267	5.09781	0.375918	-0.926577	-0.0118693
665	1.49543	4.62983	-0.0822345	-0.993765	0.0752903
666	2.56881	4.40364	-0.164687	-0.516341	-0.840399
667	1.90606	4.50453	-0.194876	-0.923997	-0.329019
668	0.925442	3.64584	-0.699457	-0.385979	0.601481
669	2.02925	6.07658	0.877667	-0.183958	-0.442561
670	0.96951	5.4908	0.578996	-0.587148	0.565703
671	1.06678	4.66707	-0.0396672	-0.874749	0.48295
672	0.64058	3.82286	-0.464248	-0.376394	0.801749
673	1.29189	3.42829	-0.922119	-0.271858	0.275301
674	2.23838	4.46117	-0.195222	-0.760668	-0.619091
675	3.00605	4.96076	0.033218	-0.130981	-0.990828
676	1.25103	4.69171	-0.0196247	-0.949105	0.314347
677	1.29845	5.43708	0.638467	-0.721111	0.268996
678	1.62525	4.93955	0.224883	-0.972865	-0.0544257
679	1.61766	4.60469	-0.10737	-0.993115	-0.046847
680	0.774949	4.169	-0.361759	-0.5989	0.714457
681	2.18117	4.97997	0.216658	-0.79027	-0.573177
682	2.24441	4.89426	0.141359	-0.768681	-0.623816
683	0.864573	0.0897354	0.757757	0.0681807	0.648965
684	1.55442	5.43617	0.662135	-0.749206	0.0163763
685	1.96597	4.38926	-0.293065	-0.875164	-0.384968
686	2.27927	5.66372	0.618256	-0.440882	-0.650679
687	0.993046	4.60983	-0.0857607	-0.833292	0.546141
688	2.5616	5.2514	0.281293	-0.47032	-0.836465
689	2.5089	5.32308	0.33908	-0.484439	-0.806439
690	2.74819	0.136689	0.379758	0.0522345	-0.92361
691	1.93952	5.83712	0.841516	-0.402421	-0.360427
692	1.60193	4.65438	-0.0579489	-0.997834	-0.0311329
693	2.44171	6.04045	0.625243	-0.154819	-0.764919
694	0.178869	3.61235	-0.158563	-0.0806968	0.984046
695	0.364905	5.97174	0.339693	-0.109355	0.934158
696	1.75398	4.95775	0.238845	-0.953819	-0.182163
697	2.43821	3.29549	-0.639159	-0.0991518	-0.762656
698	1.74635	4.49602	-0.211384	-0.961673	-0.174649
699	1.97552	4.29326	-0.374084	-0.839648	-0.393767
700	1.98058	4.70639	-0.00550556	-0.917189	-0.398415
701	2.45214	1.76276	-0.121364	0.624427	-0.771597
702	1.65456	4.44081	-0.267316	-0.95997	-0.0836673
703	1.84395	4.93824	0.215638	-0.93847	-0.269767
704	1.16995	4.69816	-0.0131049	-0.920638	0.390197
705	1.5888	2.99557	-0.989197	0.14548	-0.0180051
706	1.63195	4.58354	-0.128254	-0.989857	-0.0611137
707	2.24192	5.45323	0.528538	-0.577867	-0.621866
708	2.20437	4.51097	-0.161232	-0.789622	-0.592031
709	1.72484	3.54237	-0.909854	-0.385519	-0.153432
710	2.04224	6.079	0.872406	-0.180653	-0.454171
711	2.81128	6.00121	0.31153	-0.0902494	-0.945941
712	0.904144	4.74486	0.0255153	-0.785482	0.618359
713	1.73269	4.18838	-0.493809	-0.854501	-0.161188
714	1.49626	3.78572	-0.797402	-0.598836	0.0744677
715	2.1375	4.70838	-0.00338518	-0.843666	-0.536857
716	1.75318	5.19406	0.455579	-0.871523	-0.18137
717	1.57517	4.93163	0.21749	-0.976053	-0.00436998
718	1.8391	4.67537	-0.035683	-0.963561	-0.265099
719	2.34755	4.3395	-0.259825	-0.664182	-0.700966
720	1.22132	5.98356	0.897694	-0.277319	0.342404
721	1.74327	4.27297	-0.419101	-0.891571	-0.171623
722	1.73038	3.65989	-0.857627	-0.489106	-0.158906
723	1.01218	4.68461	-0.0235542	-0.847661	0.530015
724	0.761321	5.16803	0.303575	-0.619495	0.723925
725	1.86251	6.02862	0.926889	-0.241182	-0.287589
726	1.28623	5.55042	0.713435	-0.642025	0.280739
727	0.431141	4.39596	-0.130042	-0.39716	0.90849
728	1.73186	4.15522	-0.521941	-0.837771	-0.160367
729	2.3652	4.64895	-0.0444222	-0.699303	-0.713444
730	1.85551	3.76235	-0.78069	-0.558236	-0.280884
731	1.10938	4.71705	0.00417439	-0.895413	0.445217
732	1.41816	4.50383	-0.204643	-0.966955	0.152048
733	1.63325	5.93157	0.936986	-0.343748	-0.0624102
734	0.942101	5.14928	0.342219	-0.732827	0.58809
735	1.52565	4.52755	-0.183605	-0.981963	0.0451349
736	0.832448	5.87532	0.678913	-0.293356	0.673067
737	2.09101	4.79539	0.0719384	-0.864726	-0.497065
738	2.13045	3.8484	-0.644428	-0.550332	-0.530893
739	1.89262	4.18585	-0.476746	-0.820165	-0.316294
740	1.70567	5.07726	0.353588	-0.925685	-0.13447
741	1.03609	5.34252	0.507002	-0.695172	0.509593
742	1.24753	3.78171	-0.760483	-0.56635	0.317668
743	1.16234	4.10833	-0.521263	-0.755328	0.397196
744	2.27712	5.01926	0.229803	-0.725214	-0.649042
745	1.65823	5.99487	0.955061	-0.283254	-0.0873191
746	1.49279	4.89536	0.181397	-0.980317	0.07793
747	2.14378	4.79805	0.0718879	-0.837204	-0.542146
748	1.57987	4.13966	-0.541903	-0.840392	-0.00907545
749	1.38353	5.36133	0.593776	-0.782796	0.186173
750	2.57122	5.12223	0.215148	-0.495234	-0.841697
751	2.38747	3.69119	-0.583823	-0.357622	-0.728874
752	2.31687	5.03401	0.232136	-0.696701	-0.678764
753	2.12763	5.32105	0.485394	-0.696475	-0.528503
754	1.69501	5.6159	0.779455	-0.614085	-0.123897
755	1.91375	5.96971	0.895872	-0.290412	-0.336266
756	1.65769	5.88514	0.918344	-0.386151	-0.086788
757	1.46067	5.26296	0.520009	-0.847061	0.109901
758	2.49356	2.74327	-0.556365	0.234128	-0.797272
759	2.20669	4.72405	0.00938368	-0.804486	-0.593898
760	2.70955	4.36847	-0.141188	-0.394209	-0.908111
761	2.44511	4.33584	-0.235896	-0.59658	-0.767102
762	1.34062	4.30532	-0.385478	-0.894066	0.228152
763	1.56502	4.77169	0.0592604	-0.998226	0.00577875
764	1.5684	4.54326	-0.168326	-0.985728	0.00239289
765	2.07326	4.064	-0.529256	-0.698542	-0.481589
766	2.91058	4.87218	0.0364297	-0.226042	-0.973436
767	2.47892	4.58049	-0.0809132	-0.609879	-0.788353
768	1.40883	4.73416	0.0214819	-0.986678	0.161263
769	2.22201	4.47765	-0.184988	-0.773538	-0.606151
770	1.85241	4.26003	-0.419871	-0.863989	-0.277904
771	1.77541	4.01236	-0.630802	-0.748869	-0.203185
772	2.06242	5.86326	0.804976	-0.359408	-0.472059
773	1.5761	4.3709	-0.334883	-0.942245	-0.00529932
774	2.74006	5.13504	0.160312	-0.356441	-0.920462
775	1.59763	3.8151	-0.781356	-0.623509	-0.0268307
776	2.25501	4.14558	-0.416085	-0.653731	-0.632067
777	2.09775	5.16483	0.377859	-0.777373	-0.502905
778	1.39727	4.06263	-0.59591	-0.784272	0.172653
779	1.26065	3.7194	-0.797695	-0.520129	0.305202
780	2.29849	4.64341	-0.0514645	-0.744938	-0.665146
781	1.99247	4.40801	-0.273446	-0.870468	-0.409284
782	2.16376	4.14188	-0.447865	-0.697953	-0.558818
783	2.35832	0.160272	0.696562	0.112605	-0.708606
784	1.17669	4.9368	0.20547	-0.900189	0.383982
785	0.65221	4.21901	-0.287451	-0.534559	0.794744
786	1.5138	3.75893	-0.8141	-0.577923	0.0569678
787	2.2079	3.75133	-0.658969	-0.460313	-0.59487
788	2.24558	3.52858	-0.7231	-0.294688	-0.624728
789	2.0713	4.64477	-0.0592829	-0.875335	-0.47987
790	1.57883	4.25705	-0.439757	-0.898081	-0.00802924
791	2.33483	4.29645	-0.291745	-0.660485	-0.691842
792	1.3402	5.7084	0.817091	-0.529268	0.228557
793	1.17174	5.64546	0.740322	-0.548588	0.388553
794	1.93491	3.7113	-0.786855	-0.504023	-0.356119
795	2.11846	3.63494	-0.751939	-0.404312	-0.520691
796	2.34903	4.77375	0.0436738	-0.710812	-0.702025
797	2.22082	5.11569	0.312423	-0.732204	-0.605202
798	1.54439	4.81732	0.104705	-0.994153	0.0264045
799	0.671614	5.44781	0.417468	-0.461429	0.782818
800	0.935281	0.490798	0.709769	0.37931	0.593593
801	1.87431	2.73093	-0.87495	0.380967	-0.298875
802	1.98993	4.59376	-0.108105	-0.907022	-0.40697
803	0.960962	4.35164	-0.289349	-0.766978	0.572732
804	1.31784	5.10741	0.372585	-0.893615	0.250265
805	1.80777	4.27302	-0.413477	-0.879729	-0.234763
806	1.40451	4.77365	0.0603827	-0.984356	0.165519
807	1.30224	5.84628	0.873589	-0.407966	0.265342
808	1.2762	4.76301	0.0484224	-0.955693	0.290354
809	2.44849	4.98775	0.17372	-0.614857	-0.769267
810	2.87354	4.73117	0.00497367	-0.264806	-0.964289
811	1.18571	4.88986	0.163612	-0.912209	0.37564
812	0.996498	3.9116	-0.602736	-0.58446	0.543246
813	0.771242	4.4206	-0.200511	-0.667563	0.717046
814	2.71695	1.3941	0.0724181	0.405579	-0.911187
815	2.22429	0.0892475	0.790802	0.0707651	-0.607967
816	1.96624	3.86179	-0.693666	-0.608631	-0.385222
817	2.1388	5.25531	0.435512	-0.72176	-0.537952
818	2.81601	3.81597	-0.249844	-0.199727	-0.947464
819	1.69267	5.53909	0.730243	-0.672284	-0.121569
820	1.19345	5.45547	0.628961	-0.684581	0.368452
821	1.81951	4.70548	-0.00669347	-0.969208	-0.246154
822	2.39696	4.29013	-0.277737	-0.618173	-0.73534
823	1.76754	5.26851	0.517713	-0.832923	-0.195478
824	1.34379	4.50738	-0.198351	-0.953941	0.225062
825	0.495237	3.78173	-0.381149	-0.283865	0.879856
826	2.0874	2.73396	-0.798258	0.344703	-0.493928
827	0.301793	3.91491	-0.212699	-0.20762	0.954805
828	0.664241	4.63627	-0.0468783	-0.614677	0.787385
829	1.69538	4.24813	-0.44429	-0.887223	-0.124263
830	1.57877	3.70396	-0.845967	-0.533175	-0.00797029
831	2.2658	4.11651	-0.431057	-0.635686	-0.640385
832	1.62947	4.56523	-0.14638	-0.987489	-0.058644
833	1.82897	3.8201	-0.752707	-0.606834	-0.255313
834	1.8891	4.21119	-0.45634	-0.832955	-0.312953
835	1.7824	4.16598	-0.508034	-0.835339	-0.210024
836	1.70773	4.87495	0.160329	-0.977579	-0.136505
837	1.27537	4.94899	0.224248	-0.930023	0.291152
838	0.960174	0.322851	0.776963	0.259938	0.573377
839	1.03243	4.82642	0.0976932	-0.852973	0.512731
840	1.81545	4.10391	-0.5546	-0.796082	-0.242224
841	1.79415	3.94855	-0.674519	-0.704247	-0.221497
842	1.97207	4.30373	-0.365814	-0.844757	-0.390595
843	1.60342	3.99473	-0.657273	-0.752946	-0.0326162
844	2.67679	4.74635	0.015218	-0.447985	-0.893911
845	2.65034	4.33058	-0.175766	-0.437764	-0.881742
846	2.11382	3.96992	-0.578853	-0.630811	-0.516727
847	1.33143	4.90192	0.183031	-0.95409	0.237089
848	1.15023	3.98128	-0.609513	-0.679564	0.408274
849	0.79781	4.88639	0.123928	-0.70502	0.698276
850	1.77626	4.78354	0.0695974	-0.976489	-0.204021
851	1.39934	3.63342	-0.868545	-0.465317	0.170615
852	0.342255	1.12054	0.146058	0.302164	0.942
853	2.11957	5.06989	0.298553	-0.799223	-0.521641
854	1.53124	1.36579	0.203416	0.978293	0.0395456
855	2.52436	4.72181	0.00545167	-0.578754	-0.815484
856	1.17068	5.06884	0.321389	-0.863121	0.389528
857	1.94713	2.83201	-0.885804	0.283343	-0.367515
858	0.518553	4.39092	-0.156598	-0.470234	0.868537
859	1.67223	4.65956	-0.0525328	-0.993472	-0.101263
860	1.72266	4.90041	0.184768	-0.971069	-0.151281
861	1.8742	4.54521	-0.158799	-0.941021	-0.298769
862	1.12611	3.80452	-0.71154	-0.555571	0.430177
863	1.54352	4.33081	-0.372248	-0.927732	0.0272706
864	1.48397	4.09618	-0.575771	-0.812999	0.0867197
865	0.988972	2.33878	-0.580382	0.600959	0.549549
866	1.07889	4.11169	-0.498204	-0.727128	0.472311
867	2.12784	4.05684	-0.517438	-0.672874	-0.528676
868	0.864377	3.67611	-0.654586	-0.387515	0.649114
869	1.72226	4.78829	0.0749586	-0.985705	-0.150889
870	2.88155	4.71538	0.000768491	-0.257117	-0.96638
871	1.13249	4.71739	0.00452551	-0.905458	0.424411
872	0.574064	5.32573	0.312579	-0.444068	0.839701
873	1.91099	4.18378	-0.475432	-0.814022	-0.333666
874	1.478	4.00646	-0.645947	-0.757737	0.0926631
875	2.18231	3.08773	-0.817593	0.0440772	-0.574107
876	1.49829	5.63769	0.796706	-0.60001	0.0724422
877	0.876668	6.10083	0.755867	-0.139386	0.639716
878	1.87457	5.08774	0.349815	-0.887779	-0.299128
879	1.22588	2.84685	-0.900521	0.273388	0.338114
880	2.15505	3.98261	-0.556114	-0.621688	-0.55158
881	2.65787	0.82282	0.316328	0.340936	-0.885268
882	1.59512	3.8533	-0.757024	-0.652935	-0.024323
883	1.84816	4.31054	-0.37617	-0.885166	-0.273821
884	1.11976	5.72073	0.761348	-0.479939	0.435898
885	2.43929	0.0667955	0.644537	0.0431163	-0.763357
886	2.11419	2.59909	-0.733058	0.441919	-0.517043
887	2.25125	1.78955	-0.168679	0.758764	-0.629145
888	2.35293	4.25401	-0.313913	-0.636177	-0.704796
889	2.48505	4.40859	-0.182595	-0.582432	-0.792106
890	1.46957	5.16903	0.438683	-0.892942	0.101055
891	1.73373	1.99745	-0.40835	0.898296	-0.162216
892	0.803675	4.61226	-0.0719617	-0.716306	0.694066
893	2.59126	4.01212	-0.337016	-0.3999	-0.85235
894	1.31179	3.55628	-0.884715	-0.389465	0.256119
895	2.365	5.90559	0.651485	-0.258394	-0.713302
896	2.04042	3.81973	-0.694433	-0.559426	-0.452555
897	2.25793	4.49766	-0.164728	-0.755311	-0.634327
898	1.7853	5.36824	0.595857	-0.774366	-0.212866
899	2.26084	4.4718	-0.183766	-0.749007	-0.636567
900	2.4763	3.92994	-0.435201	-0.437778	-0.786734
901	2.06015	1.44286	0.112613	0.875425	-0.470052
902	1.79387	3.52367	-0.904901	-0.363611	-0.221227
903	2.4901	4.08616	-0.355392	-0.491313	-0.795178
904	2.15661	4.89989	0.155324	-0.818659	-0.552876
905	1.37938	3.62217	-0.870533	-0.453845	0.190252
906	2.08963	2.55462	-0.723047	0.480953	-0.495871
907	1.52204	4.83982	0.126938	-0.990713	0.0487322
908	1.56317	5.12925	0.404884	-0.914336	0.00762308
909	1.98021	5.29137	0.501947	-0.767846	-0.398073
910	2.58378	3.17416	-0.52905	-0.0172362	-0.848415
911	0.305082	5.14309	0.125406	-0.27294	0.953822
912	0.893099	3.61255	-0.694209	-0.353475	0.627001
913	0.290302	4.02581	-0.181447	-0.221385	0.958157
914	1.33025	2.16521	-0.543896	0.804626	0.238232
915	1.42321	4.89527	0.179883	-0.972635	0.147048
916	2.34084	0.886115	0.454006	0.556084	-0.696168
917	2.14556	4.75343	0.0344368	-0.838616	-0.543633
918	2.99259	5.31619	0.0842895	-0.122207	-0.988919
919	1.80273	3.29793	-0.961355	-0.151531	-0.229859
920	0.452415	5.14552	0.183472	-0.396773	0.899394
921	1.65639	5.76833	0.867176	-0.49061	-0.0854864
922	0.963355	3.71311	-0.69062	-0.444148	0.570769
923	0.450189	2.3465	-0.30469	0.310656	0.900365
924	1.78254	5.58512	0.748977	-0.628381	-0.210169
925	1.51351	5.10293	0.380061	-0.923187	0.0572596
926	1.50724	5.51426	0.717211	-0.693956	0.0635111
927	0.828767	5.34076	0.433288	-0.596302	0.675785
928	0.826792	3.76617	-0.596856	-0.430243	0.67724
929	1.69024	4.518	-0.191787	-0.974176	-0.119162
930	2.2077	4.23937	-0.366259	-0.715663	-0.594711
931	0.59546	4.71396	0.000880976	-0.560889	0.827891
932	1.58822	4.35564	-0.349176	-0.936895	-0.0174207
933	2.45614	4.01519	-0.406448	-0.4853	-0.774135
934	1.81234	4.20068	-0.475454	-0.846596	-0.239203
935	1.4674	4.13018	-0.546931	-0.830792	0.103209
936	1.46719	4.24948	-0.444155	-0.889961	0.103423
937	2.49384	4.01582	-0.38713	-0.462831	-0.797444
938	2.7552	2.33514	-0.260804	0.272026	-0.926274
939	2.62597	3.91368	-0.353268	-0.343985	-0.869986
940	2.31543	5.54996	0.54637	-0.492137	-0.677703
941	1.91432	5.34905	0.559775	-0.757107	-0.336809
942	2.31651	5.37198	0.450161	-0.580512	-0.678499
943	0.450804	1.33323	0.102533	0.423453	0.900097
944	1.57196	6.27956	0.999993	-0.00362824	-0.00116545
945	1.57165	4.90839	0.194752	-0.980852	-0.00085504
946	2.12365	5.6392	0.680579	-0.510947	-0.525114
947	1.81918	4.50862	-0.196154	-0.949256	-0.24584
948	1.80099	5.48056	0.676495	-0.700211	-0.228165
949	2.01981	2.95391	-0.885057	0.168084	-0.434076
950	2.65025	3.76674	-0.382578	-0.276108	-0.881702
951	1.14733	3.48978	-0.856962	-0.311054	0.410927
952	1.10357	6.11394	0.880064	-0.150385	0.450413
953	3.07607	4.67312	-0.0025703	-0.0654217	-0.997854
954	2.1205	4.63693	-0.0642785	-0.850252	-0.522436
955	2.48996	1.13363	0.256773	0.549452	-0.795092
956	1.02414	5.38474	0.532065	-0.668344	0.51983
957	2.33083	2.6103	-0.624899	0.367222	-0.688947
958	1.9561	3.39732	-0.89655	-0.234402	-0.375838
959	2.14797	4.48249	-0.190964	-0.815959	-0.545659
960	2.24446	3.01802	-0.775582	0.0963287	-0.623854
961	1.37101	3.98422	-0.652269	-0.731544	0.198463
962	0.784053	4.18118	-0.357723	-0.608842	0.708057
963	1.44783	4.30359	-0.394505	-0.910671	0.122659
964	1.86657	4.19063	-0.476762	-0.829298	-0.291482
965	1.93277	5.29308	0.513053	-0.781906	-0.354117
966	1.85918	3.58346	-0.866625	-0.409972	-0.284399
967	2.00275	4.873	0.145235	-0.896461	-0.418647
968	1.68463	3.79362	-0.789712	-0.602871	-0.113583
969	2.41284	4.50024	-0.140221	-0.651013	-0.746003
970	0.795142	0.115741	0.709186	0.0824505	0.700183
971	1.5281	6.11764	0.98543	-0.164639	0.0426823
972	1.3493	4.98488	0.262559	-0.939574	0.219688
973	1.39545	5.21613	0.475307	-0.862352	0.174448
974	2.7907	4.69738	-0.00515928	-0.343702	-0.939065
975	1.59668	4.94177	0.227294	-0.973482	-0.0258771
976	1.78499	3.59407	-0.878814	-0.427207	-0.212557
977	1.25326	3.57029	-0.864039	-0.394907	0.312227
978	1.00811	4.56732	-0.122273	-0.836941	0.533459
979	0.728029	5.22423	0.325903	-0.580124	0.746488
980	2.20151	4.83612	0.0996699	-0.801434	-0.589719
981	2.0885	0.375287	0.80848	0.318507	-0.494886
982	2.23782	0.702086	0.599854	0.507392	-0.618651
983	2.79929	4.69118	-0.00711743	-0.335584	-0.941983
984	1.65499	4.60074	-0.111027	-0.990253	-0.0840977
985	1.65695	5.73453	0.850061	-0.519607	-0.0860479
986	0.545324	5.18391	0.235615	-0.462093	0.854959
987	1.41547	3.92174	-0.702251	-0.694918	0.154701
988	1.88469	5.05956	0.323616	-0.894393	-0.308763
989	2.3616	5.73298	0.599485	-0.367716	-0.710917
990	1.63499	6.07088	0.975535	-0.210276	-0.0641525
991	2.48003	3.62842	-0.542974	-0.287405	-0.789036
992	1.1849	5.658	0.751224	-0.542208	0.376393
993	1.93561	4.65601	-0.0526445	-0.932707	-0.356772
994	1.7884	4.87226	0.155437	-0.963967	-0.215887
995	1.92329	5.59669	0.725912	-0.59486	-0.345243
996	2.33955	4.10657	-0.409297	-0.59086	-0.695241
997	2.37973	4.66256	-0.0343789	-0.689415	-0.723551
998	2.22484	5.93841	0.746927	-0.268231	-0.608402
999	2.20663	6.13619	0.795898	-0.117842	-0.593852
1000	1.54065	2.01269	-0.427461	0.903531	0.0301462
1001	0.767696	4.55001	-0.112273	-0.685344	0.719513
1002	1.9656	4.60741	-0.0967287	-0.91799	-0.384627
1003	1.91362	5.39352	0.59303	-0.731655	-0.336149
1004	2.6462	5.67761	0.39084	-0.270598	-0.879784
1005	1.8839	5.623	0.751474	-0.58345	-0.308014
1006	1.95672	5.06163	0.317018	-0.870523	-0.376417
1007	2.3178	2.60934	-0.632227	0.372346	-0.679446
1008	0.129738	0.712327	0.0979163	0.0845588	0.991596
1009	0.892129	5.43169	0.512863	-0.585571	0.627756
1010	1.53245	5.97706	0.952808	-0.301143	0.0383354
1011	1.97291	4.13037	-0.505868	-0.768721	-0.391364
1012	2.08202	4.32728	-0.32763	-0.808268	-0.489246
1013	2.53662	6.15785	0.564278	-0.0710961	-0.822518
1014	2.35572	0.194627	0.694084	0.136819	-0.706773
1015	2.29338	4.84727	0.100865	-0.743287	-0.661325
1016	1.58661	3.72485	-0.834571	-0.550674	-0.0158157
1017	2.12349	4.1132	-0.480006	-0.702845	-0.524979
1018	2.24964	4.39343	-0.244058	-0.739041	-0.627897
1019	1.60212	4.26359	-0.433675	-0.900525	-0.0313168
1020	2.63856	4.35591	-0.168236	-0.451774	-0.876126
1021	1.90122	4.31968	-0.361991	-0.8739	-0.324439
1022	2.15705	3.5295	-0.771126	-0.315091	-0.553247
1023	2.28345	4.22841	-0.352067	-0.669732	-0.653841
