3456
0	2.17137	6.20341
1	1.26334	1.89285
2	0.46972	4.16892
3	2.82273	3.39032
4	1.18462	6.13526
5	0.816207	5.87064
6	0.67395	1.85762
7	0.806636	3.05219
8	0.979136	5.61558
9	1.52735	3.60811
10	1.9532	2.64898
11	2.64279	5.06489
12	1.97208	2.28339
13	1.68251	1.58239
14	1.3815	5.27195
15	1.62373	0.840883
16	2.17	2.79715
17	2.24356	2.46266
18	1.79487	1.72666
19	1.60884	2.05559
20	0.46241	3.60441
21	1.20958	0.727251
22	1.57475	1.58282
23	2.01856	1.17143
24	0.977886	1.43137
25	0.451781	3.42294
26	0.470447	0.905383
27	2.58278	2.91933
28	0.449016	5.43085
29	1.18418	6.08539
30	1.41759	1.8363
31	2.16005	3.17854
32	2.07891	3.17318
33	2.63902	4.10701
34	1.04968	1.76656
35	1.44656	3.17823
36	1.04023	0.214421
37	1.5168	2.19861
38	0.645119	6.14985
39	0.259294	5.17135
40	0.99544	2.89086
41	1.32385	1.27191
42	1.00245	5.03461
43	2.35546	5.278
44	1.79485	4.73109
45	2.14942	4.45035
46	2.80326	3.87588
47	0.423127	2.36894
48	2.35277	4.28563
49	1.50934	2.7983
50	1.04807	3.58293
51	1.40245	1.99699
52	0.588602	2.47141
53	1.68103	1.85332
54	2.7443	4.2286
55	2.27543	5.0497
56	0.443434	1.50897
57	2.44134	0.663555
58	0.705432	2.82268
59	1.96047	4.28566
60	1.93181	4.54986
61	1.58679	0.0474868
62	1.91483	4.00863
63	1.21779	4.47721
64	2.90074	4.39099
65	1.75737	0.842176
66	1.65168	3.93679
67	2.05214	0.56057
68	1.8267	0.609062
69	0.485211	5.91918
70	0.387932	0.408584
71	1.09111	1.20661
72	0.64102	6.04493
73	2.29597	0.170949
74	2.37884	4.48982
75	1.72149	0.49404
76	1.07481	4.74185
77	1.96786	0.850735
78	1.41219	5.31459
79	1.98286	5.40145
80	1.5831	4.43444
81	2.30211	4.07856
82	2.35988	5.76749
83	2.24928	5.71657
84	1.4606	0.62272
85	2.28267	5.00701
86	1.48276	3.56624
87	1.44987	6.12148
88	1.53846	2.18116
89	1.58763	1.62731
90	1.51179	5.44407
91	1.00427	3.13262
92	1.44802	0.958531
93	0.977698	6.02232
94	0.517653	5.89116
95	0.342682	0.710654
96	0.977807	2.84436
97	0.249051	1.96477
98	1.33277	5.50401
99	1.07325	3.93834
100	0.722753	5.30668
101	2.81017	2.37948
102	1.25474	5.99738
103	2.26884	3.92771
104	0.442987	6.21388
105	1.91069	3.22056
106	2.82443	6.16249
107	0.51451	0.572638
108	1.33934	2.59131
109	2.92577	1.83335
110	1.56189	4.22535
111	1.15021	5.75585
112	2.12889	3.57949
113	2.76148	0.120802
114	0.99725	4.08699
115	1.11282	2.61592
116	1.48064	1.67888
117	1.6538	0.042669
118	0.355359	3.59822
119	2.52671	0.121007
120	0.78199	3.20064
121	1.74624	2.60227
122	0.855617	1.48686
123	2.25751	0.153251
124	1.65835	4.38881
125	1.67083	5.20793
126	1.66085	4.64721
127	0.411028	2.42589
128	1.75336	0.11751
129	2.81848	0.796132
130	2.39068	5.95867
131	0.812861	1.57092
132	1.37872	1.22587
133	1.21797	5.77436
134	1.16759	1.42414
135	1.74358	0.438806
136	1.39808	4.93375
137	1.07499	5.43595
138	1.00813	4.89266
139	2.02646	2.29678
140	1.8738	2.1919
141	1.99632	2.08061
142	2.06533	4.28039
143	0.97241	0.726541
144	1.63881	3.67486
145	2.61057	1.62658
146	1.75142	5.03165
147	2.18818	3.02419
148	1.99189	5.19491
149	1.73057	2.05751
150	1.96824	0.0173149
151	2.34405	5.02246
152	2.44133	4.08842
153	0.663241	3.35577
154	2.94958	5.89188
155	1.90794	4.94706
156	2.42882	1.34339
157	0.781497	2.68454
158	0.0780514	2.75553
159	0.773941	0.323408
160	2.08157	0.14512
161	1.99232	0.569187
162	2.24732	2.12096
163	2.52535	4.01992
164	1.19284	0.686713
165	1.17339	2.22282
166	2.53531	2.18402
167	1.80683	0.619306
168	0.451983	4.89372
169	1.90398	0.671293
170	1.37783	4.0455
171	1.6286	6.21666
172	1.34541	5.82335
173	1.04789	3.49865
174	1.92816	5.17792
175	1.77455	6.09023
176	2.57532	2.58402
177	0.961129	4.94328
178	0.911506	0.859707
179	0.930515	5.89006
180	0.289556	6.17597
181	1.71718	3.75987
182	1.67234	0.639476
183	2.55909	1.41715
184	0.90349	3.64792
185	0.990206	3.5527
186	1.72552	5.16166
187	0.951227	2.12632
188	0.997277	0.596988
189	2.36001	2.05469
190	0.239546	0.0835759
191	1.59981	0.095758
192	1.58019	0.239644
193	2.10353	4.06443
194	2.67132	3.53939
195	1.42888	5.68575
196	2.6655	0.128031
197	1.2186	4.61777
198	1.25937	2.11157
199	0.944623	4.76204
200	1.57116	6.02736
201	1.95882	5.62693
202	2.01806	5.43314
203	0.942454	1.03275
204	2.28664	4.05601
205	0.3374	2.99656
206	2.3187	5.58062
207	1.45452	3.14546
208	0.679237	1.44112
209	1.58837	3.31634
210	1.42308	3.12083
211	1.6925	3.14041
212	2.43323	4.78878
213	1.54625	4.39352
214	2.18999	1.72788
215	2.06706	4.95546
216	1.23733	3.90184
217	1.94797	3.73918
218	1.54682	2.46545
219	1.99827	1.31365
220	1.56295	3.13307
221	1.23578	1.30215
222	1.89297	4.4036
223	1.66529	2.53237
224	2.02621	5.15252
225	1.45245	1.72965
226	2.22017	4.81005
227	2.645	0.200385
228	1.63912	2.42603
229	1.10306	0.84216
230	1.40117	3.83007
231	0.0667332	2.47365
232	0.347298	5.9758
233	1.40444	2.33303
234	2.40892	1.5448
235	1.73147	0.55775
236	1.55567	4.14426
237	0.484583	2.26003
238	2.03781	2.1346
239	0.785451	0.186911
240	1.51301	3.01103
241	2.0851	3.68761
242	0.452699	5.82075
243	1.72253	3.8617
244	2.20306	5.0846
245	0.541813	1.20451
246	0.529576	6.22258
247	0.823723	5.32815
248	0.788571	4.89457
249	2.66539	1.24593
250	1.35761	2.30475
251	1.38258	4.04579
252	1.52791	3.51215
253	0.963497	1.6962
254	1.53197	5.84451
255	1.91825	5.41103
256	2.66004	1.3455
257	2.49061	1.19537
258	1.2382	2.93946
259	1.83163	6.02891
260	1.37726	5.81401
261	2.21114	4.61862
262	0.65199	4.4601
263	1.70603	2.0344
264	2.49841	5.46957
265	0.453616	5.50273
266	2.29351	6.07197
267	0.408749	2.21837
268	1.95955	1.77748
269	0.595674	2.18773
270	1.4004	1.46863
271	1.96043	3.31539
272	2.12592	1.09793
273	0.0379068	5.44233
274	1.98624	3.66005
275	1.36135	2.89198
276	0.840708	1.93916
277	1.62769	4.76941
278	1.05201	5.60491
279	2.52788	1.49691
280	0.921633	4.92997
281	1.05508	3.62407
282	1.22505	5.21097
283	1.32933	5.83658
284	0.241251	5.28943
285	2.38066	1.39639
286	1.35458	1.00777
287	1.76944	4.47973
288	1.82532	5.87274
289	1.0527	0.992996
290	1.82541	5.36569
291	1.05227	3.3191
292	0.76707	1.08841
293	1.48806	5.63763
294	0.665538	3.28461
295	0.973438	5.37781
296	0.871688	3.47878
297	2.46683	3.22586
298	1.36638	4.98341
299	2.02171	3.25631
300	1.12317	0.539451
301	1.41109	6.153
302	1.41998	4.59391
303	3.07048	3.8589
304	2.60224	4.16385
305	0.32701	0.991666
306	0.644272	4.59752
307	0.997572	2.62693
308	2.01486	4.41264
309	0.58584	4.90116
310	0.46625	5.17935
311	0.556325	4.75475
312	1.49646	5.30818
313	1.1555	2.32116
314	1.3815	5.44882
315	1.93829	5.42262
316	1.82448	5.16534
317	0.312334	5.75152
318	1.57092	0.98747
319	1.33211	5.42449
320	1.38962	5.60139
321	2.19558	2.71192
322	0.513142	2.65961
323	2.02723	1.32897
324	2.14101	2.94567
325	2.1917	4.5794
326	1.45705	1.25498
327	0.564558	2.45914
328	1.25176	3.52181
329	1.07008	4.42959
330	0.540821	6.02819
331	1.38137	1.30912
332	0.597653	3.30925
333	1.8502	0.163587
334	1.74016	0.530384
335	1.06916	0.763113
336	1.32786	2.16239
337	0.685932	0.292351
338	0.804394	1.30884
339	1.56183	5.74999
340	2.06767	0.531503
341	2.21358	5.06874
342	1.92843	5.45038
343	0.578304	1.19111
344	1.86297	6.0274
345	1.92631	0.226518
346	0.8808	5.92765
347	1.22772	5.09469
348	1.88458	2.35641
349	2.52786	4.50788
350	0.422512	1.57721
351	2.56946	3.75176
352	1.04131	5.08962
353	1.92227	1.38752
354	2.98459	3.4663
355	0.435168	4.95845
356	1.79552	3.57583
357	0.482986	5.0526
358	2.16416	4.34636
359	1.61094	4.80855
360	1.00809	4.57984
361	2.37764	5.6576
362	0.890544	1.3426
363	1.67422	5.81281
364	1.8237	0.815186
365	0.216167	1.53689
366	1.44186	1.03439
367	1.17488	1.00746
368	1.26308	3.09396
369	2.00013	2.843
370	1.92163	0.166939
371	1.22322	3.01516
372	1.47282	2.0566
373	1.16829	0.302105
374	2.11262	3.01164
375	1.08962	2.24152
376	1.94215	6.21553
377	0.652137	4.75593
378	1.53598	0.371951
379	1.97606	3.63488
380	1.27546	2.76648
381	1.00599	1.35636
382	0.944565	3.17027
383	2.01934	0.252458
384	1.13897	1.10826
385	0.970552	5.4888
386	1.01561	1.90267
387	0.876284	1.72152
388	1.96971	1.6502
389	1.76019	4.0812
390	0.793229	3.46179
391	0.96002	0.949171
392	2.93344	2.16604
393	0.702275	1.01331
394	1.97496	2.43394
395	0.541747	3.48496
396	0.260506	5.52858
397	2.27851	4.9755
398	0.57625	1.75029
399	1.97543	2.96133
400	1.55453	0.449842
401	1.95413	0.296194
402	0.793166	1.1594
403	1.65829	5.24429
404	0.294192	5.17945
405	1.69191	1.72607
406	1.54761	4.14473
407	1.32172	5.01039
408	1.38511	3.55232
409	1.75492	1.05115
410	2.61497	1.50466
411	2.45043	4.41987
412	2.57732	3.15333
413	0.683537	0.878875
414	1.02652	1.41882
415	1.86387	2.70026
416	2.15576	3.52736
417	1.64017	5.35453
418	2.03196	4.82018
419	0.980545	4.69912
420	2.96698	2.1187
421	1.85476	2.97482
422	2.35795	1.08747
423	1.51591	1.00405
424	2.74943	4.99279
425	1.97627	1.16252
426	0.365803	3.85228
427	2.67807	2.33919
428	1.77275	4.06936
429	0.927586	0.206538
430	1.32168	3.92578
431	0.816676	5.17869
432	0.654606	4.62399
433	2.59637	5.5084
434	0.616182	2.89381
435	1.51466	1.56282
436	0.992573	4.98352
437	2.29201	2.9257
438	1.52357	3.22267
439	0.744447	4.01842
440	1.90797	5.59116
441	0.833826	1.60961
442	1.62713	4.194
443	0.702177	4.34907
444	1.04601	3.51814
445	2.45221	3.42761
446	0.909487	1.92273
447	2.47588	3.13231
448	2.1248	3.24769
449	1.31488	3.87704
450	2.16926	0.227704
451	0.29022	1.64229
452	0.410475	1.56903
453	0.989992	5.07654
454	0.859341	3.65917
455	2.21163	5.19405
456	2.16046	6.06616
457	2.67469	5.42535
458	2.62103	1.70806
459	2.13433	0.311696
460	0.746319	4.69098
461	2.04761	2.01736
462	0.255832	0.532945
463	2.54107	2.49779
464	1.37695	1.09441
465	2.0742	0.913049
466	1.75333	5.70043
467	1.61829	6.07208
468	1.73417	3.57251
469	0.373556	5.7317
470	1.39976	0.957753
471	2.77817	1.94796
472	2.04683	4.95893
473	2.39077	1.58043
474	1.26688	5.55444
475	1.85256	3.56009
476	0.398097	2.2535
477	0.284051	0.0577452
478	1.03282	3.4559
479	2.33538	3.09932
480	0.504247	5.79122
481	1.62523	6.12376
482	0.515756	4.1056
483	2.04861	3.22919
484	2.60376	3.32883
485	0.907405	3.80628
486	0.94972	0.455194
487	2.42536	5.73833
488	2.59964	1.03708
489	0.748168	3.41275
490	2.49877	6.00117
491	1.20293	3.74425
492	1.72189	2.93868
493	2.34297	2.33339
494	1.65588	5.72195
495	1.43213	4.3098
496	1.24406	0.459025
497	1.37994	1.67118
498	1.31646	0.82902
499	1.58502	4.30707
500	2.34125	2.05037
501	0.705601	0.71941
502	2.01683	5.88991
503	2.62548	4.73074
504	0.615304	3.20213
505	1.12802	1.90218
506	2.6974	1.36885
507	0.758056	2.53415
508	0.308696	4.64899
509	2.45313	2.62965
510	1.82354	1.73735
511	1.74082	2.9092
512	1.30273	6.26788
513	2.03101	2.94279
514	2.55418	0.413145
515	2.50031	0.227747
516	1.74727	1.11776
517	2.07799	0.793089
518	2.6251	0.038679
519	1.01542	1.45735
520	1.62225	4.95837
521	0.822292	5.59229
522	1.48009	3.6083
523	0.901555	0.963968
524	1.56791	2.80471
525	1.59927	2.91403
526	1.48931	3.24673
527	2.06045	4.89486
528	1.53368	0.655117
529	1.50498	2.55149
530	1.57731	0.779598
531	0.860959	2.29885
532	1.8548	1.66775
533	1.44357	3.71566
534	1.45338	5.63461
535	1.55146	2.19037
536	1.2982	1.46173
537	1.04182	5.05251
538	1.05697	3.85619
539	1.2139	2.74916
540	1.23613	3.85656
541	2.08617	4.67225
542	2.04296	2.8275
543	1.67644	2.70361
544	1.78262	1.33687
545	1.79779	2.67164
546	2.12747	3.57431
547	2.3013	4.95518
548	2.02611	0.521692
549	1.14408	0.723
550	0.969464	5.76845
551	1.66968	3.13271
552	2.65374	2.07204
553	3.00451	2.1521
554	1.09041	2.26373
555	2.34249	6.21609
556	1.23109	5.14189
557	2.43725	6.27556
558	2.35762	0.645084
559	1.81576	0.714989
560	1.82335	4.27435
561	0.97063	0.568793
562	0.238029	5.56759
563	0.364598	0.463103
564	1.01993	5.82293
565	0.905704	2.53465
566	0.742418	2.82605
567	2.16146	2.52514
568	1.02748	2.07459
569	1.97221	6.16297
570	2.16341	0.894388
571	1.74393	0.147771
572	2.06408	3.08692
573	2.2117	0.606089
574	2.43402	4.02658
575	1.84936	5.79325
576	1.31004	1.99527
577	2.20806	2.49415
578	1.16856	2.6103
579	1.34795	6.0479
580	2.17801	0.824523
581	0.914863	1.1039
582	0.524649	6.15196
583	1.58922	4.34562
584	0.786411	0.131927
585	1.85318	0.713516
586	1.47484	2.75382
587	2.25336	3.29361
588	1.71322	1.26635
589	1.18092	1.54629
590	1.45811	3.20575
591	1.33229	1.72864
592	1.16663	4.05067
593	0.880848	1.16998
594	1.75577	4.35691
595	1.39794	3.05726
596	2.10805	5.21309
597	2.51491	0.159781
598	1.66887	3.30143
599	1.93225	0.486887
600	3.04596	4.80452
601	1.70118	5.36485
602	1.00846	4.4985
603	1.77056	3.80937
604	0.998077	1.96347
605	0.593921	1.5782
606	2.84428	3.68582
607	0.890421	3.83987
608	2.9117	3.92359
609	0.753752	2.86167
610	1.49339	0.412034
611	2.87585	6.01605
612	1.25001	0.728998
613	1.89689	1.53646
614	0.296605	1.55077
615	1.55622	4.12101
616	1.19886	5.90986
617	0.912114	5.34747
618	0.717841	4.61619
619	1.79489	5.6484
620	1.11125	4.72175
621	2.37396	3.22543
622	1.03951	1.49113
623	0.557328	4.23696
624	2.63666	5.99915
625	1.89123	0.891725
626	0.229026	2.85494
627	0.824743	5.04226
628	1.08813	1.91787
629	2.40255	5.66518
630	2.68568	0.643432
631	1.72666	0.689339
632	1.88494	6.24963
633	1.44411	3.98095
634	1.33344	3.70662
635	1.0229	0.306179
636	0.303371	3.71475
637	2.20093	4.96015
638	1.41134	1.04798
639	1.32335	6.00037
640	2.27544	4.6044
641	0.882264	0.50209
642	2.03896	4.41504
643	0.725819	1.87828
644	0.164523	2.47555
645	1.88017	0.80546
646	1.34898	3.78716
647	2.11964	0.542436
648	2.56834	3.68942
649	1.36761	1.00545
650	1.85497	1.97996
651	1.90969	6.24888
652	0.583198	5.32855
653	1.86111	4.09411
654	0.28614	4.12084
655	2.36581	3.97231
656	1.90717	3.70574
657	2.50875	6.14065
658	2.65929	2.93268
659	2.61224	1.2994
660	2.07686	3.40632
661	2.17612	5.6262
662	1.21786	5.53486
663	2.22187	3.39477
664	1.55651	3.49632
665	2.79042	5.49149
666	1.05645	1.84745
667	1.34627	0.0670739
668	2.70534	4.2768
669	0.557296	3.99307
670	2.57799	4.55468
671	2.42072	1.88857
672	0.742332	0.489699
673	0.919364	5.12241
674	2.87063	4.72148
675	0.530166	6.12941
676	2.50666	5.8639
677	1.24913	2.45889
678	0.719903	5.60227
679	1.37675	0.862801
680	2.42585	2.19441
681	0.768533	0.827829
682	1.96274	5.23702
683	1.31887	4.57399
684	1.70859	0.957375
685	2.09595	5.80092
686	2.49517	1.50785
687	1.94003	5.04683
688	1.96559	1.18687
689	2.29695	1.82848
690	1.33539	5.30704
691	1.00543	0.0358994
692	2.03801	4.49835
693	1.14439	4.85123
694	0.826371	1.43414
695	1.05192	0.567482
696	0.751971	3.16687
697	2.17605	2.04138
698	1.92355	4.89303
699	1.60334	2.91558
700	0.653846	4.78826
701	1.73211	4.296
702	1.66586	5.02637
703	0.619161	1.53986
704	1.17402	4.80815
705	1.21335	5.82874
706	0.751723	4.60287
707	0.765885	2.36921
708	1.45499	3.30214
709	2.26271	5.57452
710	2.31053	1.37463
711	2.26859	6.15717
712	1.41471	1.02045
713	1.83219	3.42625
714	2.42306	1.85895
715	2.33551	4.22821
716	1.33931	3.04409
717	2.36146	3.96522
718	2.12619	1.85331
719	1.67206	5.37078
720	2.14717	3.13205
721	1.19221	3.54109
722	1.7334	0.375749
723	2.57457	2.6926
724	1.66424	1.26564
725	0.467566	0.341813
726	1.52035	3.48147
727	1.90938	0.0576975
728	1.41435	2.79145
729	2.33228	6.06015
730	0.832469	1.04112
731	1.24087	2.79707
732	1.46428	0.384123
733	2.49533	3.06863
734	1.13214	1.37572
735	2.09364	4.88176
736	1.51653	2.90597
737	0.635	4.52516
738	1.44858	5.71646
739	0.275661	0.168334
740	2.17759	1.82342
741	2.10847	0.62482
742	1.94167	0.660748
743	1.26764	1.12285
744	1.59702	5.66701
745	2.17428	1.68858
746	1.82349	6.06836
747	1.25569	0.152365
748	1.5287	0.126995
749	1.12683	5.74513
750	0.349339	1.73751
751	1.66274	3.7914
752	1.71459	1.33749
753	1.74726	5.62365
754	2.73609	3.59192
755	1.50436	2.28861
756	2.51789	5.20192
757	2.41309	3.97975
758	2.16939	0.253175
759	2.51436	4.42599
760	1.95573	5.43025
761	0.897603	2.07087
762	2.04442	3.3458
763	1.40081	0.105426
764	2.39309	2.61321
765	1.31669	1.43091
766	1.43828	5.15803
767	2.43848	3.3158
768	1.46793	4.72498
769	0.860299	1.64434
770	1.54062	3.29085
771	0.821604	4.43502
772	2.63866	6.19751
773	0.542039	5.49982
774	2.06331	3.00776
775	1.4487	3.45503
776	1.7826	3.92541
777	1.0862	0.644666
778	2.51556	4.08114
779	1.45495	2.30617
780	1.55258	2.74999
781	2.18079	3.6814
782	1.78788	4.53108
783	1.65319	5.99025
784	1.43453	6.24935
785	2.34356	4.36918
786	1.61004	3.8361
787	2.01877	1.03067
788	0.386185	6.19435
789	2.03624	2.86401
790	0.668231	1.9537
791	1.13113	3.67483
792	0.906439	2.94895
793	1.18944	2.6266
794	1.85216	5.75428
795	1.63943	0.904599
796	0.376951	2.85992
797	0.167825	5.13331
798	0.752099	4.23697
799	1.86681	5.1352
800	1.87555	4.7829
801	1.23406	0.555519
802	1.23465	5.30834
803	2.87867	3.48414
804	0.597795	2.98005
805	2.21896	6.06447
806	2.18169	0.54105
807	1.76089	6.15862
808	2.0223	4.25618
809	2.45629	5.0208
810	1.97701	1.59947
811	1.02161	1.6393
812	1.66891	3.26151
813	1.7535	0.704897
814	0.607517	0.867136
815	2.73266	1.59187
816	1.601	2.31804
817	1.80388	4.79001
818	0.693042	4.22113
819	0.935905	3.61282
820	0.529688	3.94067
821	1.07845	2.20155
822	0.901913	4.70587
823	1.87207	3.96395
824	2.66335	6.04455
825	0.541808	6.05814
826	2.964	5.77569
827	1.79415	3.96279
828	1.82063	6.18612
829	1.5372	4.71803
830	1.49353	2.09792
831	1.49635	1.15403
832	1.44703	3.19937
833	1.68838	4.41476
834	2.30889	0.479805
835	0.748676	0.807852
836	1.89786	0.952155
837	2.6752	1.06167
838	1.22887	3.93219
839	1.6589	1.95623
840	0.833623	5.57555
841	2.07528	1.07819
842	1.24469	5.91395
843	1.79502	3.38206
844	0.136787	2.37623
845	2.18011	4.7977
846	1.59757	2.59182
847	2.37426	4.9591
848	1.15981	0.090435
849	2.43879	3.11183
850	1.75851	1.14908
851	0.974629	4.12119
852	1.18727	1.20303
853	2.60044	5.30595
854	2.02641	3.6431
855	1.70487	1.84821
856	1.88273	2.46522
857	1.17712	1.7176
858	1.24613	1.89062
859	0.971073	3.10245
860	1.12716	4.57086
861	1.12156	0.672932
862	1.3739	3.77391
863	2.53458	2.95096
864	2.16586	5.40859
865	1.46421	0.246169
866	1.66875	5.14173
867	1.01773	5.04497
868	1.86688	1.40833
869	2.85916	6.22687
870	2.39587	0.167906
871	1.01857	5.91683
872	1.27593	0.015171
873	1.73757	2.37632
874	1.98474	0.672476
875	2.57371	4.00698
876	1.3052	2.72854
877	0.859094	4.32423
878	2.277	1.41106
879	1.93837	5.73105
880	1.28972	5.58656
881	1.08404	3.83559
882	0.930102	4.85514
883	2.4941	5.00233
884	1.554	1.35635
885	2.1837	2.5025
886	0.826904	4.72575
887	1.23761	0.706488
888	2.0101	6.13227
889	1.69594	0.228205
890	1.83694	2.70888
891	1.15988	2.60006
892	0.396101	3.74161
893	0.644434	4.20998
894	1.32705	1.93236
895	0.399528	4.34326
896	1.10836	6.11722
897	1.75726	3.9754
898	1.43009	4.7923
899	0.467575	6.14729
900	1.41269	1.05046
901	0.98545	0.995913
902	0.761407	2.64546
903	1.42892	5.0236
904	1.62419	4.97487
905	1.00377	3.16847
906	2.27777	5.76377
907	2.20768	3.64588
908	2.29575	3.63669
909	1.79766	3.67609
910	1.76119	4.33387
911	0.696726	5.388
912	0.989101	2.55372
913	1.96542	4.91589
914	1.46256	2.22435
915	2.31682	5.97614
916	0.468603	2.77134
917	1.85012	3.11263
918	1.91491	2.00127
919	1.86256	3.45381
920	2.79423	4.51314
921	2.01179	1.60487
922	1.22905	5.47876
923	2.71835	5.18657
924	1.69092	5.29562
925	1.74113	3.15929
926	1.08504	5.49261
927	2.74575	0.707832
928	2.28948	2.47657
929	1.09257	4.87413
930	0.562348	3.83965
931	1.1998	3.24565
932	0.53755	0.746261
933	0.892131	4.81889
934	1.82747	2.11995
935	0.663387	3.39094
936	1.30636	4.50764
937	2.52473	5.82895
938	2.12606	0.274985
939	1.91458	1.01792
940	1.19004	0.0192207
941	1.48398	4.63815
942	2.04107	5.53213
943	1.75016	4.90353
944	1.74087	1.30158
945	2.76556	3.39866
946	1.3201	2.07812
947	1.72339	4.56176
948	1.5684	6.1548
949	0.893812	3.06525
950	0.926482	0.429818
951	0.902071	3.05671
952	2.35329	4.49565
953	0.428965	5.7102
954	0.450252	4.90988
955	0.982998	2.13125
956	1.50749	1.65927
957	1.54401	0.832936
958	1.88912	6.06186
959	1.98355	3.90015
960	1.92055	2.91167
961	1.38577	1.04632
962	1.46254	0.622797
963	0.614089	1.268
964	0.45902	1.63619
965	1.48059	3.7801
966	1.29591	2.73818
967	1.43024	4.81666
968	2.2076	0.403018
969	1.28521	5.29738
970	2.28972	0.583577
971	1.78714	4.95523
972	0.553565	4.65314
973	0.474052	4.85624
974	1.89915	1.18287
975	1.51631	1.89515
976	2.35209	2.87545
977	1.90151	4.58323
978	3.00581	5.43396
979	1.99731	4.98224
980	1.95059	2.661
981	1.20224	2.5822
982	0.28408	3.67366
983	1.59561	2.20439
984	0.264548	2.86143
985	2.26941	4.01328
986	2.16798	1.83245
987	1.14567	3.64296
988	0.693576	6.09725
989	1.24663	3.08081
990	1.05638	3.20615
991	1.39415	5.85956
992	1.09195	4.67932
993	1.74567	4.39242
994	2.7825	4.02073
995	0.227084	4.6634
996	0.851969	5.59781
997	0.843787	2.03343
998	1.56211	5.61796
999	1.376	4.48699
1000	1.43678	5.17665
1001	0.144522	4.848
1002	1.47908	1.46973
1003	1.61466	3.89651
1004	1.66898	5.04056
1005	1.06603	0.825367
1006	1.11208	0.911081
1007	1.21944	2.38217
1008	2.78132	0.781572
1009	0.753993	1.71156
1010	1.30259	6.04079
1011	0.99776	5.85819
1012	2.07416	4.08967
1013	2.2658	1.67576
1014	1.91136	0.205644
1015	0.17498	2.98871
1016	2.25434	0.133778
1017	1.83086	5.05809
1018	2.52655	0.0324095
1019	0.590582	5.34191
1020	1.6939	4.87562
1021	1.11204	0.918544
1022	1.26269	5.65012
1023	2.46396	3.04364
1024	2.31982	3.18091
1025	0.518718	3.06409
1026	0.538389	0.131894
1027	1.48384	2.81495
1028	0.505083	2.83526
1029	1.84709	1.7774
1030	1.47601	1.69462
1031	0.950008	4.89025
1032	1.24554	1.00018
1033	1.037	0.0893796
1034	1.41384	1.38417
1035	1.35124	0.387134
1036	2.88744	3.57024
1037	2.15484	3.19321
1038	2.12298	2.0894
1039	1.71368	0.543723
1040	1.18169	3.15645
1041	0.567647	4.3397
1042	2.51906	2.29898
1043	1.78785	1.63058
1044	2.05381	6.00217
1045	1.40157	1.61114
1046	1.07449	0.470891
1047	1.89815	2.48039
1048	3.06199	5.85442
1049	1.54049	3.19454
1050	1.49046	1.94928
1051	1.46525	5.0749
1052	1.39587	1.50086
1053	1.58183	1.43622
1054	2.55352	4.96686
1055	0.241667	3.40954
1056	2.15365	4.9099
1057	2.04949	2.7093
1058	3.01846	1.27742
1059	2.03756	0.954743
1060	2.63675	5.18733
1061	1.02948	2.68035
1062	1.13114	5.81287
1063	2.34423	3.10625
1064	0.865408	4.17534
1065	0.820437	3.34457
1066	1.81198	2.55299
1067	2.60874	2.05373
1068	1.43393	0.097049
1069	1.44131	1.51198
1070	0.74681	2.58451
1071	2.27443	3.03273
1072	1.57231	1.48072
1073	3.01779	1.18628
1074	2.14948	5.26984
1075	1.19244	0.466544
1076	1.49873	2.8844
1077	0.69727	1.33679
1078	1.07658	5.0336
1079	2.04225	5.88395
1080	1.96203	3.25094
1081	0.869494	4.7045
1082	1.08405	4.37788
1083	2.10623	6.08653
1084	1.3872	5.06111
1085	1.69611	3.522
1086	2.45276	5.25839
1087	0.907505	2.2704
1088	2.47004	1.44511
1089	1.0218	2.01682
1090	2.8764	5.64127
1091	1.95284	3.23578
1092	1.26626	1.86325
1093	1.23583	0.80755
1094	1.04242	3.30161
1095	1.44639	4.44414
1096	2.4701	5.46643
1097	1.80864	4.54381
1098	1.36793	2.36575
1099	1.41622	1.7241
1100	2.75459	3.89967
1101	1.32893	2.32791
1102	2.68834	5.20482
1103	2.32732	2.0859
1104	2.6037	3.67806
1105	1.2497	1.97149
1106	1.33751	0.662347
1107	2.62531	5.04124
1108	1.15131	3.80291
1109	2.44844	6.25325
1110	0.819149	0.107553
1111	1.34024	0.318932
1112	2.54249	5.86627
1113	0.842286	3.32832
1114	2.03523	3.37105
1115	2.39949	5.8948
1116	1.60795	2.43581
1117	1.50768	1.09965
1118	1.70941	2.05186
1119	0.877262	4.77764
1120	1.25226	5.34037
1121	1.21393	0.239427
1122	1.68584	4.86711
1123	0.819512	4.88559
1124	1.39153	1.7371
1125	1.04807	5.82453
1126	1.25948	5.80028
1127	2.93828	5.43789
1128	1.46671	3.82269
1129	0.470971	5.50556
1130	0.659632	3.01345
1131	0.886322	4.92862
1132	2.19432	6.15035
1133	1.44299	2.55226
1134	1.16741	5.87452
1135	1.1895	5.08578
1136	0.877861	3.88735
1137	0.876725	3.40649
1138	1.16364	1.11757
1139	1.56423	1.08401
1140	0.72322	3.12087
1141	1.62812	2.07266
1142	2.198	2.60581
1143	0.577527	4.88306
1144	1.17158	1.61818
1145	0.679899	0.809736
1146	0.956646	2.39515
1147	1.1315	0.270047
1148	0.427116	1.91693
1149	1.30488	1.21391
1150	1.44014	2.21599
1151	0.951636	3.55815
1152	0.93368	3.66336
1153	2.67296	0.989721
1154	0.581688	5.46734
1155	1.0967	4.86264
1156	2.10822	6.26409
1157	2.63173	1.93136
1158	0.758274	5.57822
1159	2.34873	5.1329
1160	0.954864	1.90207
1161	1.58203	3.51452
1162	1.88262	0.505031
1163	1.70857	3.4703
1164	2.06408	6.22643
1165	2.83521	1.39921
1166	1.7302	0.546397
1167	1.156	1.26331
1168	1.01546	5.69338
1169	2.53509	5.7017
1170	2.10569	3.63497
1171	1.34651	5.00789
1172	1.9877	5.29887
1173	1.65275	2.63915
1174	1.62255	4.17776
1175	1.03248	0.449937
1176	2.37664	3.5931
1177	2.07209	5.2055
1178	0.895535	3.37867
1179	1.49446	1.98735
1180	2.15411	2.0436
1181	1.23641	3.46793
1182	2.9219	3.43054
1183	1.84771	0.167771
1184	1.97199	4.81837
1185	1.17837	2.9469
1186	1.15643	1.19428
1187	2.47221	4.69057
1188	2.07613	5.81852
1189	1.1422	4.74666
1190	1.7835	6.15907
1191	2.83307	5.50787
1192	2.058	5.15943
1193	2.12765	3.17419
1194	2.20322	0.512955
1195	2.52496	5.61363
1196	0.435553	4.0358
1197	0.287743	5.30421
1198	1.71124	6.16928
1199	1.79918	2.59161
1200	2.63708	0.0818496
1201	2.78627	4.35103
1202	0.924163	5.061
1203	3.01754	4.43244
1204	2.32037	5.00901
1205	1.11389	3.98701
1206	2.57532	1.38036
1207	1.15489	0.875354
1208	2.2143	4.78208
1209	2.5448	1.6049
1210	2.49951	0.950532
1211	1.91399	5.86209
1212	0.229288	0.842103
1213	1.01845	0.991617
1214	1.09421	3.42888
1215	1.36367	0.493778
1216	2.22498	4.31877
1217	2.31217	0.425221
1218	1.36872	3.31811
1219	0.80323	4.42749
1220	0.750564	4.11494
1221	0.72555	4.45861
1222	1.38445	0.764714
1223	0.82537	4.27445
1224	0.553486	5.41745
1225	1.74751	1.19507
1226	1.37314	6.06704
1227	2.27312	1.05478
1228	1.33783	1.03531
1229	2.4974	2.71935
1230	2.21196	4.46562
1231	1.04384	5.21719
1232	1.46715	1.99827
1233	1.83482	4.01947
1234	2.74736	0.438046
1235	1.31877	5.57186
1236	1.77609	5.05394
1237	2.08148	4.60303
1238	1.54496	4.63189
1239	0.682912	4.24745
1240	1.53588	5.25334
1241	1.41801	3.9975
1242	0.80283	0.787317
1243	2.15271	0.650072
1244	1.55822	0.599743
1245	1.37703	2.18487
1246	1.2611	0.83086
1247	0.728355	5.17206
1248	2.66023	3.11555
1249	1.5967	2.87193
1250	0.888239	1.85395
1251	1.61114	5.95835
1252	1.7934	1.46272
1253	2.2497	5.67132
1254	2.44434	3.72725
1255	1.64245	1.06733
1256	1.715	2.37984
1257	1.00298	3.90045
1258	0.575918	4.72866
1259	1.46946	4.48033
1260	1.77613	6.15083
1261	2.16027	5.57975
1262	1.29662	6.21279
1263	2.29743	5.27476
1264	1.91309	4.05218
1265	1.86753	4.80742
1266	1.14881	5.39642
1267	2.395	1.21749
1268	2.71595	6.1259
1269	2.6387	0.644957
1270	2.30878	4.15216
1271	1.55584	1.04593
1272	0.74967	4.50901
1273	1.76373	0.0476582
1274	2.57966	2.07391
1275	1.28576	1.16483
1276	0.849107	5.97178
1277	1.88712	2.59814
1278	1.04742	0.933364
1279	0.481486	0.395434
1280	1.47695	5.37619
1281	0.564555	2.76362
1282	0.359344	1.46485
1283	0.558406	2.58667
1284	0.545193	4.6587
1285	0.870588	1.90765
1286	2.21773	2.32581
1287	1.64734	2.96708
1288	2.28626	5.47602
1289	2.23539	5.16643
1290	0.74087	3.72496
1291	1.0372	3.94522
1292	1.17222	2.17006
1293	1.98313	1.75315
1294	2.4461	3.58205
1295	1.63533	3.42766
1296	0.87002	3.82325
1297	1.86308	5.34868
1298	1.89284	2.1031
1299	2.09409	1.76449
1300	0.856869	5.79389
1301	1.91055	5.49415
1302	1.78699	3.8889
1303	2.58267	1.56298
1304	1.13026	2.82288
1305	2.70674	5.51383
1306	0.820337	0.838189
1307	2.78453	5.74558
1308	1.94587	5.43573
1309	2.50921	4.32496
1310	1.53094	5.40943
1311	1.19964	2.84372
1312	0.86758	0.188365
1313	2.03736	1.43
1314	0.802123	0.156109
1315	1.75591	1.94985
1316	1.75555	1.87798
1317	1.03986	3.42533
1318	2.65229	5.97393
1319	1.81707	5.52634
1320	1.33334	2.78362
1321	1.22429	3.87512
1322	2.45853	0.783613
1323	1.91895	4.59937
1324	1.55275	3.52994
1325	1.49956	4.0529
1326	1.34134	1.58726
1327	1.28632	0.552633
1328	1.44591	0.0783993
1329	0.884766	4.8904
1330	0.57399	4.26234
1331	0.812416	2.05961
1332	0.608121	0.877184
1333	2.38329	6.0204
1334	1.82515	0.151357
1335	1.70867	3.38411
1336	1.94394	0.99758
1337	0.471963	4.96704
1338	0.829571	4.1517
1339	0.535515	2.43901
1340	1.1253	2.6334
1341	2.31027	3.45128
1342	2.70401	0.892927
1343	0.600168	4.99539
1344	1.58775	1.97375
1345	1.06733	1.12603
1346	2.36036	3.84447
1347	1.18524	2.20114
1348	2.17294	3.56802
1349	0.609009	0.604187
1350	0.931105	0.441852
1351	1.78046	0.402458
1352	0.903467	1.83934
1353	1.29167	0.442868
1354	1.11739	1.88708
1355	2.42179	5.11764
1356	1.80003	6.13868
1357	0.716474	2.40123
1358	1.15993	1.19175
1359	0.640515	3.40033
1360	1.83596	5.21945
1361	0.758909	4.80775
1362	1.21278	1.49897
1363	1.71509	5.43256
1364	1.67314	2.41882
1365	0.842082	0.681028
1366	0.773694	4.00103
1367	2.36181	5.23719
1368	0.886002	2.51575
1369	1.58927	2.52492
1370	0.806191	5.52546
1371	1.14362	4.24643
1372	1.35157	6.07135
1373	0.495395	4.09601
1374	0.439867	3.52073
1375	0.79832	2.23179
1376	0.935598	5.96652
1377	0.602341	3.90796
1378	1.42436	4.36445
1379	1.98763	6.23499
1380	0.6037	1.06525
1381	2.48365	5.01489
1382	0.446684	2.06822
1383	0.365633	2.72529
1384	0.826032	1.93918
1385	1.74639	5.78748
1386	2.28889	2.30199
1387	1.90547	5.61639
1388	3.07408	4.35822
1389	1.97825	0.195131
1390	2.65966	0.145449
1391	1.63217	3.1334
1392	2.49803	3.38257
1393	2.21728	5.68192
1394	0.777597	3.60662
1395	2.01751	5.90344
1396	2.43174	4.58182
1397	1.14202	1.474
1398	1.61679	1.56061
1399	2.11622	5.08291
1400	2.20128	3.92295
1401	2.21264	4.05057
1402	1.3639	5.4466
1403	2.92087	1.38357
1404	0.820613	0.907452
1405	1.71718	6.08595
1406	1.55464	5.22326
1407	1.7395	4.32535
1408	1.85974	3.84217
1409	1.12511	2.761
1410	0.600896	5.37557
1411	0.879882	2.01006
1412	0.869198	0.469003
1413	2.59706	4.69937
1414	2.9371	5.16606
1415	1.29235	4.42571
1416	1.47903	4.28076
1417	1.56221	4.05314
1418	2.2011	2.48013
1419	0.761852	1.66106
1420	1.93167	1.34863
1421	0.649314	1.23119
1422	1.08968	0.646672
1423	2.04132	2.63165
1424	1.54046	2.51594
1425	1.73448	0.731378
1426	1.49856	5.92428
1427	0.506057	3.20664
1428	1.41563	4.77585
1429	1.86385	0.266595
1430	1.09484	6.12673
1431	2.05255	5.59454
1432	2.16145	2.13049
1433	2.1588	2.8288
1434	1.89142	4.72437
1435	0.779896	3.44043
1436	2.62116	0.0663955
1437	2.90674	0.886971
1438	2.81913	0.224633
1439	1.39381	0.230548
1440	2.20642	4.54017
1441	0.952971	5.9066
1442	1.46356	0.065325
1443	1.34347	5.49142
1444	1.16085	6.23334
1445	1.07166	5.70087
1446	1.89547	0.203368
1447	2.01501	1.2678
1448	0.736056	1.13465
1449	1.95134	0.209517
1450	1.81901	5.20485
1451	0.979198	1.45266
1452	0.382156	5.06805
1453	1.37191	5.58444
1454	0.200313	2.61684
1455	2.54085	4.07378
1456	2.32765	3.76764
1457	2.44315	0.026442
1458	2.5054	4.00545
1459	1.2112	2.37725
1460	1.59678	1.87141
1461	2.1796	2.03508
1462	1.84536	4.22502
1463	1.03244	2.47387
1464	2.2138	1.47831
1465	1.26876	3.3917
1466	2.20247	0.949484
1467	1.80702	2.59845
1468	2.92905	2.60321
1469	0.659408	4.41397
1470	2.27107	0.822523
1471	1.59773	3.15757
1472	1.49953	1.55851
1473	2.16419	0.616924
1474	2.97512	1.18032
1475	2.06836	4.48512
1476	2.75307	0.925983
1477	1.94831	4.48293
1478	1.21704	3.14695
1479	1.08139	0.657367
1480	0.797654	1.63638
1481	2.53998	6.25979
1482	0.0294037	4.74105
1483	1.282	5.92652
1484	1.69917	4.03892
1485	0.773532	0.219447
1486	2.90999	0.193817
1487	1.123	0.821439
1488	1.61868	2.08919
1489	0.844818	2.69767
1490	0.855192	4.38086
1491	1.74553	5.0302
1492	1.36485	1.63477
1493	2.48912	2.59644
1494	0.966026	0.842899
1495	1.80206	1.19377
1496	1.44956	0.68998
1497	1.50337	5.30744
1498	1.81535	2.671
1499	1.51112	2.26979
1500	2.2923	1.00049
1501	1.80958	2.50396
1502	1.52965	3.18899
1503	1.776	4.88918
1504	0.367863	4.99854
1505	2.89185	1.87623
1506	0.515576	1.54044
1507	1.45131	3.29286
1508	2.87875	0.711281
1509	2.79432	6.15505
1510	1.01388	4.46077
1511	2.67176	0.230571
1512	1.81704	6.27441
1513	0.800144	0.642197
1514	0.937527	2.66493
1515	1.11958	6.20716
1516	1.82715	4.76729
1517	2.74036	3.48959
1518	1.26929	5.1796
1519	1.65349	1.76695
1520	1.08731	0.382461
1521	0.68534	2.04069
1522	1.54497	5.77445
1523	2.38816	3.81604
1524	1.06428	2.2419
1525	1.2319	2.95481
1526	1.32883	5.64431
1527	2.73879	2.35992
1528	1.01723	2.3312
1529	2.81285	1.79845
1530	1.84159	4.97841
1531	0.772305	4.3341
1532	0.38771	0.742926
1533	1.13571	2.07613
1534	0.862755	0.0738689
1535	0.732893	4.71326
1536	2.63681	3.95401
1537	1.0813	2.55316
1538	0.250255	5.92679
1539	0.756742	3.32504
1540	1.71541	0.882229
1541	1.26855	5.7029
1542	1.11413	5.52932
1543	0.955935	4.05936
1544	1.84422	4.59859
1545	1.29659	4.73367
1546	1.20679	5.81531
1547	2.46877	4.65677
1548	2.69592	1.76235
1549	1.3128	2.28121
1550	1.18776	1.04591
1551	2.51379	2.33155
1552	0.30401	3.97812
1553	1.55481	1.66835
1554	0.876768	4.92442
1555	2.19905	2.99441
1556	1.50762	3.61878
1557	1.1352	4.25502
1558	1.4885	2.13919
1559	2.56506	4.68017
1560	0.993936	2.74481
1561	0.993889	2.60231
1562	1.51874	5.7282
1563	0.514002	1.01174
1564	0.482237	1.95587
1565	1.37652	0.613673
1566	1.4999	1.16933
1567	0.601157	3.16024
1568	0.88481	0.060201
1569	2.03046	0.160726
1570	0.487606	1.20813
1571	2.73144	2.62711
1572	1.73384	0.0353878
1573	0.490452	2.68565
1574	2.65028	5.2557
1575	2.67033	0.809991
1576	2.031	3.50097
1577	2.49524	2.70583
1578	1.29247	1.82265
1579	1.38841	4.00967
1580	2.24808	2.19393
1581	2.56036	4.50393
1582	1.16019	6.07658
1583	0.505488	5.15502
1584	2.13269	3.48891
1585	0.977711	0.773235
1586	2.44766	3.02277
1587	2.31201	4.10714
1588	2.25531	5.63157
1589	1.33564	0.267964
1590	0.946267	0.743672
1591	1.68385	2.37695
1592	1.25517	1.3812
1593	1.3849	4.82537
1594	2.01456	3.12062
1595	1.82308	1.53028
1596	1.3488	1.54553
1597	1.80438	3.58182
1598	1.0468	0.577576
1599	2.12265	6.1139
1600	2.38815	0.71134
1601	1.48748	0.895457
1602	1.31968	1.14604
1603	1.41958	0.755447
1604	2.37857	3.90976
1605	1.57588	6.14511
1606	2.2401	1.28477
1607	1.45583	1.89575
1608	1.53576	1.62453
1609	1.59542	0.897748
1610	2.30779	5.7471
1611	1.96916	4.54205
1612	2.42179	3.60791
1613	1.95364	0.71156
1614	0.503709	5.76364
1615	1.7392	4.64782
1616	0.943018	0.977488
1617	1.6408	4.86201
1618	0.243468	5.78248
1619	0.377348	0.349775
1620	2.49409	5.23819
1621	0.428189	5.93644
1622	0.42937	1.87963
1623	2.03866	2.99858
1624	2.56835	1.3743
1625	1.37658	1.82696
1626	1.49034	1.97202
1627	2.28911	3.10414
1628	1.6207	5.03965
1629	2.21524	6.11343
1630	1.2762	2.33188
1631	2.28932	1.15138
1632	1.08373	1.56015
1633	1.59704	3.19733
1634	2.17595	1.37918
1635	1.8577	0.788399
1636	1.93362	3.23326
1637	1.19362	0.709388
1638	0.33357	2.41912
1639	2.14582	2.06568
1640	1.29295	3.4799
1641	1.07873	4.8149
1642	1.24851	1.22515
1643	2.15474	4.41326
1644	2.28366	4.60251
1645	1.52578	2.25485
1646	2.19256	0.544619
1647	1.06586	0.591947
1648	2.00802	4.93065
1649	1.08631	1.14883
1650	2.1371	4.38269
1651	0.551925	1.27598
1652	0.189282	3.89243
1653	2.31924	5.04528
1654	2.10915	2.14322
1655	1.23247	4.39077
1656	1.74651	2.85097
1657	0.948283	1.32458
1658	1.92771	6.03582
1659	1.53111	1.1245
1660	1.43013	5.92898
1661	2.76178	1.94759
1662	1.20859	0.574666
1663	0.896146	3.00713
1664	0.751933	3.34181
1665	1.78415	5.15276
1666	1.46696	0.515032
1667	1.5213	3.7048
1668	1.30861	4.26427
1669	2.0493	1.12896
1670	2.50982	3.88593
1671	1.75868	5.62131
1672	0.274933	0.699353
1673	1.56406	5.30654
1674	2.25845	4.7798
1675	1.10775	0.889756
1676	1.71884	5.57317
1677	1.23055	1.08672
1678	0.185431	0.328135
1679	1.07155	1.39035
1680	0.262304	1.48188
1681	1.01805	4.1589
1682	2.12644	2.08554
1683	2.42622	4.65266
1684	2.73422	5.92262
1685	1.94461	6.07188
1686	1.70369	2.00607
1687	0.551623	2.53745
1688	1.27046	2.36321
1689	2.71953	0.0513775
1690	2.59702	3.32199
1691	1.37588	1.25519
1692	0.605607	0.884113
1693	2.35099	2.92002
1694	1.36487	4.68446
1695	2.18661	5.10051
1696	1.85753	5.6584
1697	1.5605	5.07782
1698	1.80471	2.94956
1699	2.65702	5.06276
1700	1.91733	1.57898
1701	1.7654	3.90053
1702	0.979541	0.392094
1703	2.31716	3.26653
1704	2.17346	2.88438
1705	2.95307	3.82476
1706	1.70967	4.94928
1707	2.04191	2.38728
1708	1.44538	0.105013
1709	1.65214	3.92975
1710	1.67196	2.70602
1711	0.805322	4.2202
1712	0.902262	3.73018
1713	1.01777	6.19875
1714	1.0711	1.43545
1715	2.33904	1.21537
1716	0.73376	4.58281
1717	2.89385	4.00184
1718	1.31529	4.62227
1719	2.40469	2.70496
1720	0.702269	4.37184
1721	2.07122	4.68856
1722	0.375786	4.59277
1723	1.30624	5.72907
1724	1.5407	4.544
1725	1.71705	0.702333
1726	1.71351	5.06491
1727	1.82447	0.178375
1728	1.75979	5.96541
1729	0.859435	4.9043
1730	1.69109	1.75351
1731	1.0846	2.3512
1732	2.32294	4.77934
1733	0.795786	0.0121184
1734	1.61189	1.78831
1735	1.68496	2.41387
1736	1.24553	5.83471
1737	1.48357	5.06437
1738	1.51096	0.181651
1739	2.70647	2.99355
1740	2.39713	5.23173
1741	1.41474	5.03392
1742	1.28484	0.933837
1743	2.32439	5.56608
1744	1.00056	1.41927
1745	2.11826	1.15328
1746	0.69978	1.55482
1747	0.56172	0.879141
1748	2.00024	2.58506
1749	1.44689	6.22152
1750	0.59603	0.0843594
1751	2.94596	4.33924
1752	0.879083	4.19268
1753	1.30638	3.8124
1754	1.82828	1.43349
1755	1.09318	4.02673
1756	1.91471	3.3662
1757	2.14274	1.83322
1758	2.3577	1.43025
1759	1.24873	5.66404
1760	2.31072	0.0984373
1761	0.50768	6.13989
1762	1.04207	0.947365
1763	3.09523	5.35214
1764	0.741303	0.0234116
1765	1.05663	6.01354
1766	2.10205	3.1413
1767	1.35218	5.71112
1768	2.55593	2.64822
1769	0.443172	5.76781
1770	0.91373	6.23125
1771	1.88675	4.35092
1772	2.39509	3.83887
1773	0.930708	0.628737
1774	1.63269	6.22496
1775	2.82555	5.02137
1776	1.67271	4.38254
1777	1.5224	3.3495
1778	0.99084	4.40671
1779	2.52208	4.9512
1780	0.498827	5.29788
1781	1.9809	2.32175
1782	2.41061	4.28457
1783	0.27141	1.46764
1784	0.911483	3.22805
1785	2.05153	1.98958
1786	1.95618	5.48839
1787	1.81551	4.22049
1788	2.89851	4.73402
1789	1.10672	4.63507
1790	1.0591	3.35274
1791	1.62629	1.22253
1792	2.49994	5.11129
1793	1.75862	0.0307289
1794	1.39839	4.97342
1795	1.82808	2.43376
1796	1.16417	3.04503
1797	1.29551	5.34842
1798	2.94298	1.47736
1799	0.717393	3.01729
1800	1.1495	3.38606
1801	2.19215	4.77454
1802	1.11224	2.59775
1803	0.730968	3.49748
1804	0.228463	5.67952
1805	1.80858	0.654171
1806	1.45786	5.02029
1807	2.78824	1.49677
1808	1.11855	1.75578
1809	1.38315	0.829918
1810	1.82942	3.43872
1811	1.01814	1.78667
1812	1.83692	1.62944
1813	0.868636	1.05679
1814	2.89208	2.26112
1815	0.0880161	3.57091
1816	2.4315	1.83793
1817	3.03471	4.45034
1818	1.79875	0.249988
1819	1.60414	4.77712
1820	1.69246	0.557768
1821	1.1261	0.715548
1822	0.67602	4.5555
1823	2.48771	5.68158
1824	0.956101	4.70142
1825	0.260214	1.08643
1826	1.99909	4.88693
1827	0.313857	0.0230175
1828	0.64816	6.10578
1829	1.90789	2.66361
1830	1.73875	3.17073
1831	0.794365	1.51652
1832	2.11032	0.505435
1833	1.3307	1.11302
1834	1.89575	2.59997
1835	0.575437	1.87854
1836	0.328018	1.54447
1837	2.68796	4.00818
1838	2.69194	2.67674
1839	2.74749	3.9856
1840	1.77595	5.16971
1841	2.37976	0.178872
1842	0.166795	2.68403
1843	2.25773	4.27907
1844	1.67761	5.98551
1845	2.44835	3.25955
1846	1.85046	3.16271
1847	2.64336	4.10033
1848	0.622325	5.93735
1849	0.438652	0.211737
1850	1.13036	0.142107
1851	1.43133	2.29651
1852	1.65391	2.91743
1853	0.701876	5.44348
1854	0.316756	3.80453
1855	1.90046	5.20753
1856	1.88514	3.59255
1857	1.38125	2.49046
1858	1.69327	2.73357
1859	2.67365	1.49247
1860	1.19295	0.646896
1861	1.70764	3.51139
1862	2.4003	1.8997
1863	1.90407	5.9144
1864	1.97741	3.66038
1865	2.44749	2.0453
1866	1.79929	1.51584
1867	1.72129	2.73543
1868	2.40346	3.01126
1869	2.42969	5.21395
1870	1.43379	5.81476
1871	2.5021	2.47413
1872	1.19073	5.07719
1873	1.03412	0.715653
1874	0.838446	2.92122
1875	0.591582	2.04832
1876	1.28899	5.62531
1877	2.91847	0.559405
1878	0.704203	1.86157
1879	2.45994	5.26875
1880	2.02433	4.46391
1881	1.57495	0.0633247
1882	1.15327	3.49459
1883	2.32132	0.922965
1884	1.22579	5.99195
1885	1.40934	1.40555
1886	1.79072	4.15814
1887	1.9634	0.203197
1888	1.35499	4.99721
1889	2.12953	0.331622
1890	2.27819	2.12303
1891	1.18347	3.89559
1892	1.88698	6.26565
1893	1.32367	4.70293
1894	2.70821	4.85713
1895	1.72386	1.80788
1896	0.837994	5.33908
1897	2.44252	3.80086
1898	2.29412	1.6731
1899	0.91436	1.43032
1900	0.549395	4.23893
1901	2.25488	2.65516
1902	2.15204	4.27814
1903	0.437239	4.56238
1904	1.92421	1.56655
1905	1.66548	1.39112
1906	2.972	3.371
1907	1.57827	4.78063
1908	1.39079	0.443589
1909	1.10831	3.94705
1910	0.87887	6.07203
1911	2.50617	0.494693
1912	0.873813	4.52782
1913	0.807959	0.927595
1914	1.2146	0.339613
1915	0.885193	5.30555
1916	0.976804	2.00009
1917	2.67055	1.15737
1918	2.07889	1.75894
1919	1.93744	0.677118
1920	2.27618	5.09837
1921	0.752654	1.56732
1922	1.54847	5.07203
1923	2.04735	0.191569
1924	1.95666	5.68868
1925	0.937177	6.16527
1926	1.96892	5.54429
1927	2.66832	3.30142
1928	0.946506	2.791
1929	2.26093	5.94378
1930	2.22451	1.10861
1931	1.37875	5.82167
1932	0.855218	5.95638
1933	2.21297	3.14961
1934	1.54554	2.7202
1935	2.92918	0.178191
1936	1.6598	3.27369
1937	1.30704	2.86798
1938	1.07056	0.825998
1939	1.55792	2.06612
1940	1.56921	3.73537
1941	1.58951	4.82299
1942	1.21737	3.86242
1943	1.15318	2.59744
1944	2.5215	2.75197
1945	1.71266	5.13405
1946	2.3994	0.444833
1947	2.51565	6.08541
1948	1.79777	3.96598
1949	2.06572	1.74829
1950	1.20112	1.26725
1951	0.900963	1.3628
1952	1.17191	2.64303
1953	2.20264	2.44232
1954	2.93463	6.18725
1955	2.40453	4.3513
1956	0.345466	1.45498
1957	0.397361	1.94863
1958	0.675886	5.39489
1959	1.83569	0.973822
1960	1.26448	0.607478
1961	2.28937	2.85274
1962	1.0387	4.91445
1963	0.550733	0.588613
1964	0.0903207	0.391173
1965	2.33012	5.96995
1966	1.48339	5.89514
1967	2.61241	3.64994
1968	2.16473	4.85174
1969	1.91278	2.82623
1970	0.654786	2.14993
1971	1.97972	5.13938
1972	1.76204	3.20683
1973	0.869168	4.63232
1974	0.879203	4.80806
1975	1.53103	5.51958
1976	0.950459	0.326858
1977	1.33208	1.36669
1978	1.20742	2.75439
1979	1.98482	0.961157
1980	0.689619	5.17711
1981	2.78488	2.98059
1982	2.48867	0.503953
1983	1.34796	0.897509
1984	0.850227	0.866614
1985	1.20561	0.265825
1986	1.61482	2.21556
1987	1.28032	5.71971
1988	0.690308	0.74743
1989	0.693517	4.32176
1990	1.13553	3.77271
1991	1.46709	1.99518
1992	1.50949	2.55879
1993	1.96647	2.00412
1994	1.61594	2.3446
1995	1.73882	5.91192
1996	2.11607	3.43707
1997	1.87471	4.33449
1998	2.00139	3.25692
1999	2.63002	4.01798
2000	1.55307	2.04054
2001	0.74245	5.09842
2002	2.56959	5.92758
2003	0.546911	1.70923
2004	2.06877	0.582078
2005	0.9603	2.96991
2006	0.236062	2.41945
2007	2.03944	4.88356
2008	2.83764	5.2124
2009	1.75895	5.11133
2010	0.971224	3.45055
2011	2.44164	1.56635
2012	1.23778	1.92639
2013	1.46282	5.27742
2014	0.904888	4.78682
2015	2.41211	4.59773
2016	0.18879	3.19829
2017	0.403081	3.98763
2018	2.31157	0.771425
2019	1.06778	4.19696
2020	2.21083	3.59769
2021	0.249427	4.59868
2022	1.46353	0.255066
2023	1.50245	0.790988
2024	1.07965	3.22939
2025	1.63941	5.49038
2026	1.85337	3.05506
2027	0.572946	5.08944
2028	1.50711	5.03281
2029	1.02755	0.806958
2030	1.092	5.2197
2031	1.98106	1.14197
2032	1.53184	0.185309
2033	0.812591	3.48341
2034	1.65605	0.317492
2035	2.13858	5.98914
2036	0.630319	3.13424
2037	1.38278	4.16304
2038	1.31818	4.99051
2039	1.89764	2.84346
2040	3.04404	5.63256
2041	1.31506	1.09753
2042	0.495648	2.15524
2043	1.59838	1.54564
2044	1.70577	3.30151
2045	0.227994	5.87262
2046	2.75949	5.46812
2047	2.25128	3.72402
2048	2.21275	2.34533
2049	1.3307	5.64199
2050	0.411624	0.707739
2051	1.41071	3.69066
2052	1.43035	0.731027
2053	0.848296	1.26358
2054	1.64222	2.75296
2055	1.30036	0.213313
2056	1.28473	2.81789
2057	2.85795	4.93998
2058	1.20797	3.26387
2059	1.4013	2.05119
2060	1.57113	0.503762
2061	1.1467	3.46719
2062	2.46099	4.91647
2063	1.48709	6.26908
2064	2.47374	3.39876
2065	1.76889	3.8012
2066	2.27169	3.76603
2067	0.971913	0.406059
2068	2.53411	4.92188
2069	0.570354	4.69505
2070	1.45645	3.07985
2071	1.86319	0.7743
2072	0.934703	3.20345
2073	2.60107	5.13678
2074	1.34632	0.109025
2075	0.484835	5.51427
2076	1.11484	3.83778
2077	1.47642	1.24269
2078	2.22016	0.372536
2079	2.27414	0.303152
2080	1.93163	3.54464
2081	1.08889	1.32775
2082	1.19229	0.10834
2083	2.19737	5.204
2084	1.91052	5.483
2085	2.36285	4.2212
2086	1.75822	3.17617
2087	1.57907	4.17426
2088	1.40028	4.66885
2089	1.81707	0.791785
2090	1.28502	5.60653
2091	2.04828	2.3149
2092	1.80878	2.50114
2093	2.67853	4.49201
2094	0.845207	5.16844
2095	1.3799	3.54281
2096	3.04086	1.92646
2097	1.09571	4.07443
2098	0.871304	5.87799
2099	2.83753	4.68289
2100	1.86809	3.33271
2101	1.87258	0.681522
2102	0.270062	0.513745
2103	0.849654	2.89035
2104	2.68965	2.6665
2105	2.23947	1.19177
2106	2.10631	5.41493
2107	2.51861	1.40107
2108	2.31069	2.4759
2109	0.879423	1.48573
2110	1.52774	5.75438
2111	2.36684	6.23042
2112	1.54475	4.23589
2113	1.42919	4.20525
2114	0.938167	2.33657
2115	1.20855	3.51183
2116	2.38188	1.03009
2117	1.73292	0.0469223
2118	2.01458	2.94355
2119	1.28756	6.01051
2120	1.53695	3.7374
2121	0.0895885	3.56207
2122	1.33681	4.25188
2123	0.834821	4.83387
2124	1.06324	5.74957
2125	0.293593	1.68927
2126	2.35004	5.21104
2127	0.971543	0.52646
2128	0.821658	5.99311
2129	2.03786	0.217387
2130	0.897461	5.92297
2131	1.76669	3.99561
2132	2.12017	0.851076
2133	0.429348	2.19971
2134	1.36549	6.04147
2135	0.672932	4.83168
2136	2.66379	1.23954
2137	1.15002	1.71372
2138	2.04668	5.01957
2139	0.55422	5.23693
2140	2.99629	4.32621
2141	1.46768	3.9189
2142	0.445821	2.47536
2143	1.30407	3.53321
2144	1.81125	1.92746
2145	0.877787	2.92117
2146	2.61104	6.18587
2147	1.12062	6.12738
2148	1.01515	5.32231
2149	0.553389	3.5164
2150	2.39177	4.24747
2151	1.31242	0.571441
2152	2.23791	6.05665
2153	1.30648	2.72485
2154	1.44048	4.71224
2155	1.67595	2.64776
2156	1.16522	5.48976
2157	2.54253	0.850538
2158	2.42962	5.29723
2159	1.16932	5.83218
2160	1.65476	1.03868
2161	1.74715	5.74043
2162	2.22623	2.30839
2163	2.45813	0.141662
2164	2.76136	4.80546
2165	1.07157	0.528557
2166	1.31432	4.06398
2167	1.50193	0.396088
2168	1.79788	4.57664
2169	1.38557	0.601475
2170	0.773791	4.17738
2171	1.40677	3.38228
2172	2.49923	0.716106
2173	2.35499	0.547555
2174	1.00007	1.00462
2175	1.76196	1.54317
2176	1.63896	1.51942
2177	0.614823	3.95327
2178	1.32204	2.49481
2179	1.40008	3.10396
2180	2.09849	3.79969
2181	1.59326	3.42721
2182	1.26491	6.01836
2183	2.74484	0.993874
2184	1.7291	4.52901
2185	2.36211	0.983868
2186	0.233208	1.8574
2187	1.88182	4.53365
2188	1.51093	1.23668
2189	1.29973	5.72359
2190	1.51901	1.87162
2191	2.75655	0.720827
2192	2.24851	5.52367
2193	0.979159	0.963434
2194	2.15343	5.51044
2195	1.25227	0.152549
2196	1.00611	4.17838
2197	2.78966	3.69254
2198	1.5186	4.74584
2199	2.22676	0.0372211
2200	1.06193	0.609104
2201	2.0628	0.718628
2202	1.54809	1.83054
2203	2.10248	0.846777
2204	1.04658	1.39683
2205	2.17558	3.29578
2206	0.728925	1.20031
2207	0.73459	5.17928
2208	2.69715	3.78876
2209	2.1236	5.08282
2210	1.33145	6.20814
2211	1.75015	0.0649936
2212	1.39748	1.08948
2213	2.17162	4.50941
2214	1.00046	1.29809
2215	0.986987	5.72604
2216	2.14458	0.500648
2217	1.19246	6.25009
2218	2.44056	4.86663
2219	1.73587	5.05575
2220	0.633482	2.50266
2221	1.65806	5.77106
2222	1.49324	3.2889
2223	0.894553	1.62778
2224	2.43362	1.38457
2225	1.39446	5.66934
2226	2.29713	0.990512
2227	2.37135	2.27011
2228	2.31161	0.8524
2229	2.20083	2.25772
2230	1.2357	3.1178
2231	0.602009	2.34168
2232	1.70412	2.09467
2233	0.783572	0.999262
2234	1.98997	5.14718
2235	2.42984	4.34255
2236	1.29192	0.246042
2237	0.585114	3.99327
2238	1.17035	2.40537
2239	1.1985	4.45675
2240	2.02289	0.911364
2241	1.4663	1.35613
2242	1.0606	3.11902
2243	2.79869	5.49559
2244	1.51204	2.08198
2245	1.17111	5.40195
2246	1.97923	6.17413
2247	2.26546	5.34296
2248	1.99263	5.21797
2249	0.389162	3.34088
2250	2.57537	5.23618
2251	2.66433	3.73897
2252	2.46575	1.28549
2253	0.395574	5.13851
2254	2.94831	5.82385
2255	2.24191	0.0122778
2256	1.58262	5.73739
2257	1.36031	4.7089
2258	1.11946	1.74129
2259	1.1261	1.27481
2260	2.49688	2.31601
2261	2.07119	0.62438
2262	0.981798	4.60975
2263	0.16155	0.780631
2264	2.72501	6.12707
2265	0.405832	1.12404
2266	2.61062	5.02306
2267	2.80615	5.20115
2268	1.84947	3.52619
2269	1.15707	3.83436
2270	1.08482	5.45621
2271	2.2631	5.48845
2272	0.780702	1.24016
2273	1.42392	4.03918
2274	1.15729	4.83179
2275	2.1353	3.01682
2276	1.52533	5.46354
2277	1.64832	4.41282
2278	0.487224	2.65612
2279	1.70602	5.32324
2280	0.622446	1.08204
2281	3.00451	5.11172
2282	1.46553	1.76549
2283	2.48939	5.40332
2284	1.66263	2.12486
2285	0.882744	5.88016
2286	1.18811	1.39212
2287	2.4395	3.68036
2288	1.9105	3.53165
2289	1.87087	6.11956
2290	1.51292	3.34602
2291	1.5384	4.78196
2292	2.0527	3.65498
2293	0.51527	5.54139
2294	2.27145	3.08028
2295	0.94294	1.71379
2296	1.58589	0.373304
2297	2.35604	5.39869
2298	1.07259	0.620755
2299	1.61856	3.18305
2300	1.86067	5.82543
2301	1.82948	4.09372
2302	0.350292	0.249808
2303	0.554284	3.34421
2304	1.87879	1.67504
2305	1.67807	1.34142
2306	1.26206	3.11571
2307	0.450307	5.19541
2308	1.44585	5.28188
2309	1.17543	3.46309
2310	0.813436	2.08759
2311	1.28016	2.81018
2312	0.680786	2.0305
2313	2.43722	5.08377
2314	0.617	2.71393
2315	1.34997	1.98991
2316	1.00128	1.02314
2317	2.33872	6.12462
2318	2.57265	4.89072
2319	0.968892	6.24412
2320	1.74378	3.43878
2321	1.61104	0.842133
2322	1.46426	3.95199
2323	0.275215	3.18211
2324	0.764883	0.775806
2325	0.402875	2.44252
2326	0.279781	2.69002
2327	1.53526	5.03564
2328	1.88457	5.70523
2329	1.54333	2.71249
2330	0.338839	3.53958
2331	0.845394	3.31816
2332	1.16944	0.22566
2333	2.17824	1.27305
2334	2.6934	2.50395
2335	1.9703	0.746231
2336	1.82239	1.60761
2337	1.44182	0.603819
2338	0.872821	4.95503
2339	1.15492	4.24029
2340	0.540672	3.89084
2341	0.116225	2.09567
2342	0.930005	0.842136
2343	0.959806	5.39079
2344	1.94678	4.67273
2345	1.70651	4.7966
2346	1.85072	0.404285
2347	1.84227	3.77679
2348	2.21975	3.79541
2349	1.23116	3.92017
2350	1.1644	2.85869
2351	1.94133	4.30183
2352	1.82194	3.71463
2353	0.221989	2.89014
2354	1.05763	2.4186
2355	1.52913	0.152909
2356	2.86371	4.14493
2357	0.112148	4.58472
2358	1.21252	0.506218
2359	1.81835	0.721997
2360	1.47265	4.17923
2361	2.78658	3.7454
2362	1.63209	2.66364
2363	1.91962	1.85176
2364	0.708068	5.46561
2365	1.42094	3.1059
2366	1.34214	0.578731
2367	0.349388	6.09579
2368	1.30087	3.28264
2369	1.37838	2.16461
2370	0.992626	3.77795
2371	0.739074	1.79553
2372	1.90013	2.27421
2373	2.52679	3.98488
2374	1.60539	5.18303
2375	1.16002	2.172
2376	2.64476	3.9076
2377	1.90014	3.20708
2378	2.0041	1.81787
2379	0.195935	3.9398
2380	2.60372	4.23926
2381	2.38614	5.02397
2382	1.14447	2.82394
2383	2.63203	2.80167
2384	1.35388	0.250686
2385	2.60395	2.51017
2386	2.44327	0.81587
2387	0.82682	6.00402
2388	2.13636	2.64688
2389	1.29456	5.67835
2390	2.02858	6.09096
2391	0.906146	0.506883
2392	1.50341	6.01432
2393	2.38514	1.65876
2394	0.653329	3.88726
2395	1.45087	2.31095
2396	1.54011	2.47579
2397	1.30857	1.69118
2398	1.51242	0.470602
2399	2.13645	3.91708
2400	2.34575	5.56435
2401	1.19428	4.3532
2402	1.04153	1.87971
2403	1.87356	5.78159
2404	2.21263	4.31176
2405	0.783329	0.753134
2406	1.95085	3.5057
2407	2.28436	3.67499
2408	1.95831	1.05483
2409	0.942735	0.913929
2410	1.58692	4.98937
2411	2.60486	6.23279
2412	1.52589	6.22455
2413	0.927513	1.81446
2414	1.07668	3.53082
2415	2.15742	3.56412
2416	2.58574	3.86852
2417	1.10211	3.84358
2418	2.49763	4.90238
2419	0.408514	4.86967
2420	0.865313	3.26129
2421	2.456	2.93871
2422	1.64963	0.276021
2423	2.61142	0.305184
2424	2.51519	5.72827
2425	2.21008	2.03225
2426	1.29732	2.90057
2427	0.257931	6.16133
2428	1.42718	4.41147
2429	0.77578	5.46768
2430	0.831231	3.30025
2431	1.8211	5.31469
2432	2.96254	3.44399
2433	2.08441	4.12003
2434	2.53294	6.25665
2435	0.685852	2.94771
2436	2.02243	1.69954
2437	0.851905	0.385406
2438	1.09872	2.01525
2439	2.50812	2.46377
2440	2.04799	1.10286
2441	1.22668	2.26796
2442	1.32308	1.73973
2443	0.714898	0.0464382
2444	0.357984	0.436452
2445	2.30712	2.71592
2446	1.34187	0.544907
2447	0.0546048	0.594153
2448	1.66863	1.94777
2449	2.55243	5.19008
2450	1.22791	5.84577
2451	1.70438	2.63564
2452	1.14883	1.05135
2453	0.632803	5.82576
2454	2.06173	5.8633
2455	1.84504	5.62832
2456	1.29344	2.74131
2457	1.91933	4.26675
2458	1.42463	1.20251
2459	0.992274	6.02626
2460	2.23111	3.33369
2461	1.97278	2.51408
2462	2.06394	2.2428
2463	0.0790813	3.14666
2464	1.03102	5.45086
2465	0.722311	1.32921
2466	1.75383	6.03824
2467	0.993598	1.17822
2468	1.80228	0.129615
2469	2.12534	5.87033
2470	1.06044	2.03773
2471	2.40214	3.46408
2472	1.17731	4.61994
2473	1.24288	1.67732
2474	0.439661	0.268949
2475	1.45474	5.39294
2476	0.963398	1.56635
2477	0.36785	4.39872
2478	0.731077	4.80259
2479	0.950266	3.64953
2480	2.41853	2.17097
2481	1.27911	2.97709
2482	2.3173	1.90536
2483	0.522228	5.21645
2484	0.64084	1.56068
2485	1.98012	2.75645
2486	0.885267	4.37669
2487	2.04295	0.35744
2488	1.71765	6.16161
2489	1.28984	5.7167
2490	1.37514	4.29127
2491	0.818621	0.395433
2492	1.92995	2.81276
2493	1.39683	1.13659
2494	1.09378	3.74235
2495	1.75337	0.552527
2496	2.90316	0.4424
2497	2.17451	2.53384
2498	1.94629	1.77653
2499	2.30967	0.177032
2500	0.167774	0.250147
2501	1.82721	2.85336
2502	2.64734	2.55926
2503	1.24262	5.67283
2504	1.82667	4.58806
2505	0.80962	0.363964
2506	0.342815	4.5586
2507	1.73161	0.0326547
2508	2.08413	3.82094
2509	1.4562	5.64696
2510	2.14679	4.27596
2511	0.633444	4.70454
2512	1.19821	3.36532
2513	1.85701	2.97473
2514	1.87216	5.62185
2515	1.72019	3.05717
2516	0.378024	2.2699
2517	0.404223	5.48401
2518	2.19911	2.55978
2519	2.19374	5.84266
2520	2.67	2.48313
2521	1.36316	3.14898
2522	1.6657	0.488691
2523	1.7757	0.181087
2524	2.09204	4.91265
2525	0.479186	0.46705
2526	2.44432	4.88755
2527	2.15935	0.874697
2528	1.19807	3.45594
2529	0.179423	1.00704
2530	1.44887	2.00426
2531	0.651358	2.69391
2532	1.041	0.183579
2533	1.64726	2.7203
2534	1.18311	5.06154
2535	2.95437	5.14046
2536	2.17323	4.32013
2537	1.25478	3.25055
2538	2.22949	1.82497
2539	1.09299	4.18188
2540	1.81385	4.64246
2541	1.63331	4.27445
2542	2.70846	0.803219
2543	1.59906	4.13189
2544	2.56781	0.195683
2545	0.287714	5.53645
2546	2.01532	5.85249
2547	1.77804	1.64646
2548	1.44703	0.63454
2549	0.839687	5.1415
2550	0.435658	5.57903
2551	1.97711	3.71483
2552	1.57379	1.98141
2553	1.50614	4.64932
2554	0.670334	5.95305
2555	2.02831	3.29227
2556	3.07363	5.40866
2557	1.90684	2.92552
2558	2.79517	5.79627
2559	1.68944	3.466
2560	2.01889	4.63626
2561	0.863734	0.360573
2562	1.63798	0.452435
2563	1.50001	1.32969
2564	2.81512	0.708394
2565	0.942257	2.20735
2566	1.42995	5.17241
2567	1.57778	2.24481
2568	2.80903	5.37955
2569	2.3352	0.420482
2570	2.80546	0.216364
2571	0.156655	2.45634
2572	2.60142	6.00507
2573	0.698523	0.201519
2574	0.716644	3.28797
2575	1.82132	5.83302
2576	2.80856	6.26971
2577	2.23787	4.67375
2578	1.77197	5.60711
2579	1.46907	1.42988
2580	1.26929	4.80009
2581	1.57111	0.698852
2582	0.868806	6.24254
2583	1.56418	4.12629
2584	2.33307	5.94422
2585	1.67331	1.82382
2586	2.50999	0.750537
2587	1.5452	1.62383
2588	0.956921	5.06372
2589	1.56241	5.93824
2590	0.620373	2.18107
2591	0.50671	5.67572
2592	2.46414	2.60461
2593	2.89652	1.54068
2594	2.9329	0.332409
2595	0.899047	6.02669
2596	1.57854	0.712025
2597	2.12122	3.44919
2598	1.74115	2.89132
2599	1.74799	3.6226
2600	0.355329	1.61249
2601	1.81757	2.41546
2602	1.21531	2.65907
2603	1.50593	4.62271
2604	1.32964	2.32945
2605	0.50776	4.6165
2606	1.60804	5.57033
2607	1.37119	3.75543
2608	1.66634	5.32429
2609	1.70546	1.02281
2610	1.55115	4.08281
2611	1.6304	5.77703
2612	1.97009	1.64512
2613	0.523839	3.12474
2614	2.14992	1.05033
2615	1.26833	0.965207
2616	0.814228	0.805986
2617	1.7531	4.19063
2618	1.91858	3.47365
2619	2.04833	4.42844
2620	0.159878	5.36375
2621	1.11834	3.3722
2622	2.09958	5.19573
2623	1.52834	4.69744
2624	0.764768	1.47004
2625	1.26465	3.54705
2626	2.18513	2.65834
2627	1.81022	4.34564
2628	1.38008	1.17849
2629	1.69304	5.30692
2630	1.11736	1.14152
2631	1.90925	0.992878
2632	0.831721	3.21709
2633	0.0923415	5.98224
2634	2.11242	0.141011
2635	1.00906	0.677758
2636	0.552615	4.20393
2637	1.14857	1.07346
2638	1.35373	1.27408
2639	1.55574	5.21945
2640	0.340529	2.71923
2641	0.642576	1.2426
2642	0.671041	6.00089
2643	2.84857	0.0523563
2644	1.73977	6.18668
2645	2.08652	1.76354
2646	1.37633	1.03653
2647	1.59647	5.19134
2648	1.32541	5.37468
2649	0.966207	5.88004
2650	0.788492	4.15616
2651	1.89974	4.43051
2652	0.744884	5.4536
2653	1.14208	5.1612
2654	0.9827	0.14565
2655	2.78925	1.51692
2656	1.75556	4.89584
2657	2.24464	0.498111
2658	1.33521	1.74423
2659	2.04768	1.055
2660	1.92676	4.2173
2661	2.46582	3.00721
2662	1.54561	1.47744
2663	2.26777	4.84165
2664	1.39762	4.53487
2665	2.07389	0.281965
2666	1.92897	0.705144
2667	2.47941	3.65318
2668	0.837141	1.0986
2669	2.33717	3.94993
2670	0.159679	5.94273
2671	2.24667	4.08161
2672	2.13097	4.10331
2673	0.529527	3.29699
2674	2.46818	0.542755
2675	1.73781	1.6209
2676	1.04124	2.27219
2677	2.00803	2.55222
2678	0.167866	0.932491
2679	1.63056	1.19845
2680	1.53993	3.15368
2681	1.32821	0.438188
2682	0.556733	2.03078
2683	1.60135	3.91801
2684	1.03343	3.74565
2685	1.12338	3.80249
2686	0.988326	0.293599
2687	1.79721	3.52229
2688	0.75981	1.73836
2689	2.34105	2.04551
2690	2.15644	4.89469
2691	2.49813	0.38102
2692	1.07766	1.91064
2693	0.287304	4.73104
2694	2.0301	0.941475
2695	1.02243	1.20253
2696	1.71523	2.21749
2697	1.24155	3.90154
2698	1.91411	1.36481
2699	1.42066	0.491735
2700	2.37736	1.76135
2701	2.8008	4.76013
2702	0.890651	3.61149
2703	0.459096	2.52227
2704	1.00201	1.79873
2705	1.40408	1.61985
2706	1.06194	2.12736
2707	1.40307	4.57474
2708	0.984596	1.51328
2709	2.14877	0.269877
2710	2.78586	5.84858
2711	1.21319	1.15447
2712	2.1021	1.98321
2713	1.30765	3.52081
2714	1.5361	3.61505
2715	2.9828	0.59335
2716	0.887041	0.816212
2717	1.0187	1.65947
2718	1.51815	4.84754
2719	1.73768	3.68394
2720	1.76901	2.96214
2721	1.14155	4.47013
2722	1.41297	1.57691
2723	1.66818	0.888504
2724	1.93584	4.4093
2725	0.963451	4.78609
2726	2.61752	1.09743
2727	2.15077	4.02367
2728	0.803005	3.72793
2729	1.74448	3.6029
2730	1.77974	3.4283
2731	1.65753	2.8494
2732	0.698935	1.035
2733	1.27166	2.28856
2734	2.57689	1.7124
2735	0.708226	4.95632
2736	1.48706	2.29343
2737	1.81061	5.40503
2738	1.59427	5.93214
2739	1.30543	1.4469
2740	1.00724	2.53712
2741	1.30668	5.45427
2742	1.35627	3.90479
2743	2.64303	4.91318
2744	0.5589	1.43797
2745	2.01916	4.69664
2746	1.10961	0.0194834
2747	1.21196	4.20602
2748	1.31653	0.625934
2749	2.65682	1.01236
2750	1.67968	4.83855
2751	2.84098	5.50055
2752	1.43494	2.27535
2753	1.42278	4.71693
2754	2.53286	4.52269
2755	1.18191	0.492857
2756	1.86457	2.19114
2757	2.19084	1.23864
2758	1.64368	0.0469993
2759	0.757403	0.293681
2760	1.87565	2.09508
2761	0.68935	0.364015
2762	1.3247	0.487577
2763	0.601857	4.06507
2764	1.74412	4.51095
2765	1.77649	5.30064
2766	2.62275	4.4899
2767	2.4751	0.595156
2768	0.434594	0.00973367
2769	1.43444	3.74072
2770	1.25981	3.5402
2771	0.587417	4.15145
2772	1.65038	2.334
2773	1.21738	5.12616
2774	2.36844	2.54853
2775	2.35381	3.6366
2776	1.67806	3.24436
2777	0.406084	1.48377
2778	2.57423	5.90844
2779	0.477358	2.52237
2780	0.833843	2.28923
2781	2.02303	1.11445
2782	1.62413	3.53908
2783	2.2049	2.18979
2784	2.17562	4.91942
2785	0.65165	1.11546
2786	0.851859	3.91556
2787	1.11103	2.66752
2788	1.37154	4.0038
2789	2.20444	4.94995
2790	0.327011	3.73663
2791	0.758594	5.76753
2792	2.58681	2.19645
2793	1.46334	1.48186
2794	1.63931	2.95038
2795	0.598373	4.80384
2796	1.07087	4.47581
2797	1.00221	6.09142
2798	0.721545	3.09707
2799	2.47478	2.22301
2800	0.768187	0.903021
2801	2.7653	4.9006
2802	1.28633	3.77249
2803	2.56821	5.50346
2804	2.35124	0.517479
2805	0.956085	1.83315
2806	2.8638	4.65411
2807	2.16931	3.78327
2808	1.86253	0.128587
2809	1.16411	5.19319
2810	1.815	1.13927
2811	1.67437	4.60079
2812	1.22399	1.87235
2813	1.50926	0.470054
2814	0.880941	1.50171
2815	1.06887	4.68401
2816	1.00539	5.65548
2817	1.93099	0.378826
2818	1.13073	0.5614
2819	1.62713	0.141059
2820	1.99702	0.328265
2821	1.48324	1.7724
2822	2.14377	1.50263
2823	1.86053	3.9385
2824	2.4174	0.250048
2825	1.89155	5.09497
2826	1.74239	1.1129
2827	1.32612	1.49144
2828	0.882996	4.49361
2829	0.793265	5.70476
2830	2.80681	3.55904
2831	1.57878	1.61382
2832	1.58329	1.42069
2833	2.59246	4.67156
2834	1.78003	2.57978
2835	1.38903	5.76326
2836	1.32478	3.55582
2837	2.8101	4.93676
2838	0.655934	1.99007
2839	1.04938	6.21803
2840	1.31199	0.747283
2841	2.10233	1.80892
2842	0.849373	5.39677
2843	1.0836	5.3184
2844	2.67378	4.24888
2845	2.09605	3.48366
2846	1.53604	4.094
2847	2.70555	6.17321
2848	1.50869	5.0813
2849	2.50774	6.13528
2850	1.87531	1.95498
2851	1.04415	2.8087
2852	1.81105	3.03778
2853	1.56695	3.09084
2854	1.07424	1.76218
2855	1.02339	0.322701
2856	1.92432	0.513872
2857	0.713593	2.87795
2858	1.30308	1.57577
2859	0.820536	4.8865
2860	0.813813	4.50284
2861	0.865185	0.907504
2862	0.917063	4.29567
2863	2.60029	0.161723
2864	1.55122	0.382911
2865	2.69904	5.30897
2866	2.30317	2.45627
2867	2.15644	0.594921
2868	1.55933	1.08364
2869	2.40413	4.65584
2870	2.22818	5.09054
2871	0.579009	5.12321
2872	1.894	5.85245
2873	2.13102	2.82376
2874	2.538	1.80414
2875	1.32514	3.09742
2876	1.17945	0.853963
2877	2.43581	3.07364
2878	2.16253	2.65216
2879	0.938249	4.5075
2880	2.27127	0.150295
2881	2.31455	3.65499
2882	2.04074	2.12988
2883	1.09439	6.09605
2884	0.781436	4.46878
2885	2.42114	1.87162
2886	2.0673	1.4427
2887	1.52763	4.43239
2888	1.75554	3.56042
2889	2.38336	1.10025
2890	1.89818	2.23853
2891	0.579153	5.69176
2892	1.50025	3.95009
2893	2.19662	4.32789
2894	2.92246	2.67935
2895	2.13446	3.29135
2896	1.97444	1.13503
2897	1.9268	3.44099
2898	0.94319	3.81708
2899	1.51303	3.26717
2900	2.5806	3.99832
2901	1.93089	3.90464
2902	1.12742	5.44948
2903	1.36071	1.18014
2904	2.81967	2.05316
2905	0.0833541	6.05106
2906	0.369037	1.07393
2907	0.704092	0.90677
2908	1.15727	4.80696
2909	1.9066	1.20891
2910	1.13058	3.13184
2911	1.05116	1.22888
2912	0.487051	2.48754
2913	1.87378	4.88017
2914	1.74827	6.20128
2915	1.27792	0.206084
2916	1.581	5.84811
2917	0.828469	4.38634
2918	1.75192	4.03089
2919	1.52762	5.80387
2920	0.282381	2.08319
2921	0.785733	2.4794
2922	2.72181	2.44659
2923	0.909415	0.564169
2924	2.15136	3.00023
2925	1.94199	5.16529
2926	2.4185	1.12398
2927	1.61624	0.101586
2928	1.57961	1.39224
2929	1.43177	1.30795
2930	2.03209	5.54314
2931	0.0895397	4.17418
2932	2.01581	6.1395
2933	1.07599	1.85165
2934	1.27721	0.471143
2935	1.91386	1.87186
2936	2.31662	5.20181
2937	1.26259	1.62273
2938	0.878044	4.29416
2939	0.54744	0.778126
2940	2.61648	0.676254
2941	1.25736	5.48231
2942	2.39495	0.327516
2943	2.50769	1.13208
2944	1.8123	3.41411
2945	1.85469	1.39676
2946	0.74257	5.79449
2947	1.37059	2.56068
2948	1.44477	1.79641
2949	1.36619	5.54512
2950	2.09516	2.50994
2951	2.49062	5.88903
2952	0.718167	3.32447
2953	2.50704	5.73309
2954	2.81552	2.97729
2955	2.58912	2.4218
2956	2.06858	0.331131
2957	1.82224	0.732937
2958	1.12136	3.39574
2959	1.44715	0.485021
2960	1.36149	3.51664
2961	2.05308	6.23951
2962	0.710642	4.49149
2963	0.751679	4.65412
2964	0.60165	2.788
2965	2.54402	3.38443
2966	1.70196	3.52436
2967	2.71076	5.07912
2968	1.07653	0.103075
2969	0.787732	0.0816886
2970	0.954814	2.38553
2971	1.81263	1.47727
2972	2.58153	2.56509
2973	1.17784	5.477
2974	0.267621	1.56337
2975	1.27386	1.57286
2976	0.552701	4.84036
2977	1.26766	1.74526
2978	0.719258	5.8547
2979	0.725067	4.79895
2980	1.21392	3.04003
2981	2.01686	4.90932
2982	1.31592	4.59738
2983	1.33708	2.09288
2984	0.311843	3.66251
2985	1.1645	6.12627
2986	0.781697	1.10431
2987	1.83468	0.524684
2988	1.15261	5.19529
2989	1.97288	3.91613
2990	2.60322	5.70567
2991	1.18128	1.97118
2992	0.848584	4.3787
2993	1.91103	3.15735
2994	1.32087	6.01141
2995	1.88056	4.54815
2996	0.683235	5.59328
2997	2.17534	4.00292
2998	1.12603	2.76927
2999	2.36864	2.78799
3000	1.35477	5.00025
3001	0.547917	2.75252
3002	1.96779	5.24968
3003	1.7849	5.05997
3004	2.17355	3.635
3005	0.668915	5.45145
3006	2.17242	0.365194
3007	1.34448	1.66664
3008	1.09013	0.360847
3009	1.9303	4.14236
3010	0.948361	1.62585
3011	1.43351	3.47708
3012	0.543739	4.32884
3013	0.709526	3.1417
3014	2.03551	3.68886
3015	1.09351	4.98894
3016	0.644632	5.01096
3017	1.14604	3.60066
3018	1.6446	4.16802
3019	2.29154	3.17736
3020	1.02987	4.323
3021	1.35778	0.158629
3022	1.01825	5.76478
3023	2.38564	3.44454
3024	1.45834	5.32409
3025	0.58579	1.27944
3026	2.25539	5.20399
3027	1.20203	2.79911
3028	2.90937	6.25205
3029	2.29686	0.406764
3030	2.59981	6.27933
3031	1.00979	0.670983
3032	0.612273	3.35261
3033	2.0614	0.828582
3034	1.39494	3.69459
3035	0.300557	2.71587
3036	2.23501	5.06587
3037	1.3061	5.75508
3038	1.43379	5.25113
3039	2.47244	0.755103
3040	2.1971	3.03148
3041	2.38099	5.27393
3042	2.52919	3.67419
3043	1.1165	4.66835
3044	2.20402	2.60705
3045	2.42236	4.54914
3046	2.3889	0.299008
3047	0.906059	2.45989
3048	1.00291	5.98504
3049	2.41618	3.30967
3050	2.38103	2.26454
3051	1.5779	2.56428
3052	2.23733	2.56859
3053	0.56174	0.847133
3054	2.34278	2.36379
3055	1.65386	0.948554
3056	1.75221	6.15456
3057	2.39873	6.00417
3058	1.8966	1.16673
3059	0.522053	5.76848
3060	1.26703	3.64659
3061	0.865458	2.91081
3062	0.75763	3.71264
3063	0.977342	0.88464
3064	1.9358	0.214164
3065	0.646997	1.2301
3066	1.79621	2.13175
3067	2.5945	1.64241
3068	2.33562	1.3132
3069	1.25811	3.45058
3070	1.69726	3.2476
3071	2.2331	4.33275
3072	1.0874	1.66747
3073	1.58195	2.30792
3074	1.77141	5.20693
3075	0.898047	5.40204
3076	1.65873	1.42063
3077	1.36605	0.942522
3078	1.61315	6.1973
3079	1.98759	1.48815
3080	1.83479	2.7252
3081	2.38506	3.13507
3082	2.76143	6.14541
3083	1.39396	0.656493
3084	1.91064	6.04235
3085	1.05735	1.70911
3086	0.538738	0.819385
3087	1.69542	0.254422
3088	0.623595	0.188956
3089	0.783314	2.82407
3090	2.52185	2.54243
3091	1.69496	2.72877
3092	1.50007	3.48491
3093	1.37388	5.3105
3094	1.99344	1.19583
3095	1.52015	5.30378
3096	0.96447	1.84722
3097	2.95404	6.13952
3098	0.679034	2.58366
3099	1.7948	0.0731057
3100	2.60131	3.59581
3101	2.55848	2.26514
3102	1.81492	5.72353
3103	2.02899	2.7838
3104	1.5353	0.55021
3105	2.12754	4.23507
3106	2.302	2.15721
3107	0.65149	1.45573
3108	0.697963	1.09531
3109	2.21455	3.16419
3110	1.86259	3.13724
3111	2.21547	0.260751
3112	1.64274	1.97404
3113	2.21138	0.725491
3114	2.47135	3.58155
3115	0.798862	3.87522
3116	1.33847	2.41409
3117	0.680404	1.67445
3118	1.19509	6.08859
3119	0.96042	3.54546
3120	1.32918	0.801013
3121	1.70932	1.08395
3122	0.582616	2.36514
3123	1.06458	2.54548
3124	1.29186	2.60906
3125	2.71434	5.11806
3126	0.291597	2.1466
3127	2.87645	2.55583
3128	1.65606	5.52868
3129	1.324	3.58228
3130	1.77058	5.24822
3131	0.325661	4.38709
3132	0.872383	2.01356
3133	1.67376	3.52695
3134	2.07224	2.10161
3135	1.68524	1.60912
3136	1.37588	5.72392
3137	0.823394	0.636733
3138	2.70386	2.35659
3139	1.25949	0.902278
3140	2.50515	3.38023
3141	1.45319	5.00726
3142	2.11384	3.19051
3143	1.4903	4.23204
3144	1.62643	3.63932
3145	0.20257	5.18248
3146	1.69997	1.91322
3147	1.32093	4.55425
3148	2.41124	0.231826
3149	1.77174	5.29522
3150	1.80638	1.22399
3151	1.33308	0.849063
3152	1.90005	3.94383
3153	2.56487	3.72264
3154	1.62926	3.84705
3155	1.1535	3.05335
3156	1.61578	4.34894
3157	2.24633	5.6779
3158	1.25817	5.61351
3159	2.2534	0.510553
3160	0.474431	3.33875
3161	2.10373	3.25
3162	1.62139	1.82153
3163	0.416867	2.85982
3164	1.20234	1.1506
3165	0.860192	2.69449
3166	0.821222	3.53274
3167	1.76909	0.169584
3168	2.34307	0.277921
3169	1.4965	6.15172
3170	0.972096	5.26266
3171	0.514288	5.59257
3172	2.24187	5.37538
3173	0.803805	0.493137
3174	2.48208	2.99345
3175	0.508612	5.57742
3176	2.11951	2.06287
3177	1.58103	5.68904
3178	2.51367	0.00016275
3179	2.17782	0.952668
3180	2.45659	6.25471
3181	1.04413	5.8085
3182	0.950065	3.61027
3183	1.29577	1.97498
3184	1.75291	0.90594
3185	0.755578	0.00467132
3186	1.43118	4.30786
3187	2.45888	4.30577
3188	1.76258	3.40115
3189	0.6795	4.65571
3190	2.4171	4.51016
3191	0.369828	3.35192
3192	0.680606	4.42597
3193	1.03281	2.16999
3194	1.87933	4.65965
3195	1.09481	5.81253
3196	1.90615	2.59276
3197	1.59761	3.52668
3198	2.9513	3.72955
3199	1.37806	3.08601
3200	1.50086	4.06063
3201	0.526358	5.4778
3202	2.50901	2.11998
3203	1.48605	1.59751
3204	2.57825	4.95704
3205	1.18523	3.90512
3206	0.837161	3.36993
3207	1.29076	1.52852
3208	1.25663	0.385515
3209	2.40389	0.156188
3210	0.229618	3.20045
3211	1.6858	3.59091
3212	0.480433	5.633
3213	1.17398	1.89022
3214	2.39507	4.06463
3215	2.89075	3.1216
3216	2.69409	1.31034
3217	1.29391	0.525153
3218	1.87937	2.12058
3219	2.20855	2.29016
3220	1.10976	1.10567
3221	2.22818	5.345
3222	2.55816	3.44528
3223	0.913758	2.85196
3224	1.23632	0.819175
3225	0.891363	5.54798
3226	0.611644	6.1403
3227	0.665455	1.77855
3228	0.528466	6.19386
3229	0.950027	3.37757
3230	0.614106	0.695413
3231	1.86964	2.49544
3232	0.490577	3.0814
3233	2.35708	1.6021
3234	1.06595	3.2397
3235	2.0447	3.63843
3236	2.18903	5.35475
3237	2.10108	2.02653
3238	1.39963	4.21301
3239	1.37258	2.74497
3240	1.78028	2.72688
3241	2.42956	4.12156
3242	1.02456	1.47585
3243	1.71302	1.28309
3244	1.2513	0.986056
3245	1.15703	3.21038
3246	2.03746	5.62136
3247	1.53558	3.29396
3248	1.91608	2.01944
3249	1.30292	6.24179
3250	1.51638	2.53855
3251	2.11195	3.79947
3252	0.332863	5.65371
3253	1.3343	0.415785
3254	1.44041	4.37251
3255	1.84313	3.7999
3256	2.71846	2.62465
3257	1.43364	4.28442
3258	1.65006	1.88359
3259	1.83541	5.99601
3260	2.02527	0.175681
3261	0.970055	5.17294
3262	1.00271	3.58055
3263	1.87469	0.7316
3264	1.4318	3.11068
3265	1.311	5.21037
3266	0.528348	5.4692
3267	2.17784	4.08746
3268	2.36127	3.42886
3269	1.26531	4.32372
3270	0.826527	4.73275
3271	1.1902	6.12588
3272	1.56509	5.67575
3273	2.06015	0.623958
3274	1.24801	1.27175
3275	1.45326	6.14249
3276	1.09471	3.60984
3277	0.554343	3.04577
3278	1.08718	6.21762
3279	2.14227	4.19181
3280	2.74858	1.3341
3281	1.403	5.65025
3282	1.7665	2.54198
3283	0.57633	2.63831
3284	0.273061	2.00123
3285	2.2886	4.96073
3286	2.0165	5.93788
3287	2.51173	1.78856
3288	1.51503	2.3317
3289	2.0766	0.889885
3290	2.08805	4.06165
3291	1.39066	6.02232
3292	0.771425	0.601229
3293	2.07349	0.918348
3294	1.67371	4.49508
3295	2.20046	3.16664
3296	1.39415	3.48391
3297	1.72809	2.53681
3298	2.69284	1.17812
3299	1.90343	1.37048
3300	1.44932	1.49799
3301	2.43503	0.895975
3302	2.83473	0.805659
3303	1.12852	4.52015
3304	1.92379	4.35748
3305	0.407302	2.49873
3306	2.45269	2.30317
3307	1.41443	5.73243
3308	1.99658	0.809448
3309	2.3385	3.10149
3310	2.11046	1.77302
3311	1.90758	0.341705
3312	1.15699	5.93566
3313	2.46277	4.77884
3314	1.49254	5.7595
3315	2.44688	1.88133
3316	2.52545	5.81345
3317	1.55563	3.08888
3318	0.178766	2.94561
3319	1.18623	3.29135
3320	2.47338	3.08171
3321	1.27706	3.4249
3322	0.632318	3.57643
3323	0.859178	4.0577
3324	2.72802	0.499712
3325	0.873863	2.28677
3326	1.32044	3.55242
3327	1.07803	1.52367
3328	0.466565	5.03407
3329	1.4291	3.79661
3330	0.772684	3.75655
3331	1.90611	4.81437
3332	1.74542	4.40729
3333	1.86993	4.67094
3334	1.99144	0.393968
3335	1.47073	3.57713
3336	1.61979	3.1925
3337	1.8683	4.17973
3338	0.995663	0.717489
3339	1.13041	0.786681
3340	1.91612	3.6862
3341	1.55193	5.6644
3342	1.96529	0.353307
3343	1.85836	5.38298
3344	1.89064	5.9443
3345	1.64256	2.10056
3346	1.19686	2.47728
3347	1.58303	3.34147
3348	2.32163	5.39768
3349	0.750588	4.46242
3350	0.833324	3.55611
3351	2.33879	3.62695
3352	2.38261	5.28313
3353	2.94155	1.74859
3354	1.67132	3.19147
3355	1.56632	5.36099
3356	2.03	1.20526
3357	1.03727	4.71561
3358	1.16644	2.73572
3359	2.62298	4.97127
3360	2.23114	0.379299
3361	1.58641	3.94888
3362	2.03405	4.0448
3363	0.582206	1.69559
3364	0.918811	2.81173
3365	0.643674	6.19687
3366	1.9705	1.75831
3367	2.47887	4.99086
3368	1.92599	2.53174
3369	1.993	4.54235
3370	1.40414	0.300601
3371	1.35181	3.44971
3372	0.961914	1.90787
3373	0.893382	1.78704
3374	1.25883	4.91218
3375	1.6768	5.99602
3376	1.37659	2.40886
3377	2.55101	2.60609
3378	1.67023	3.08697
3379	1.78125	3.69871
3380	1.894	3.66488
3381	1.12636	0.580636
3382	1.54135	3.91551
3383	1.07048	2.21895
3384	1.86486	0.43806
3385	1.57878	3.2874
3386	2.24652	2.47912
3387	2.16857	4.06651
3388	1.0426	4.35977
3389	1.07769	4.45103
3390	2.02686	3.93213
3391	2.25034	3.46337
3392	2.26964	5.07475
3393	1.45956	1.52955
3394	1.87226	2.02384
3395	1.73518	0.0137212
3396	0.521317	3.13509
3397	2.74642	1.62842
3398	2.04038	6.27809
3399	0.873707	0.312073
3400	2.20161	2.59704
3401	2.21902	4.15513
3402	0.57563	4.15539
3403	0.938525	4.4222
3404	2.59557	1.69877
3405	1.23301	2.40342
3406	0.313683	1.54552
3407	1.93585	5.87723
3408	2.49009	2.46443
3409	1.94576	2.10016
3410	1.45888	4.44655
3411	1.13652	5.5228
3412	1.16908	3.87064
3413	1.73262	2.7124
3414	1.89237	0.781901
3415	0.794559	4.30124
3416	0.937054	3.95828
3417	1.78813	6.18018
3418	0.874866	2.49539
3419	2.14826	0.0994518
3420	2.32195	0.828893
3421	1.66898	4.00406
3422	1.86033	4.1462
3423	1.87448	3.61178
3424	0.863577	2.59075
3425	1.67658	2.90681
3426	1.12993	1.73998
3427	2.53849	1.28946
3428	0.619106	4.88076
3429	2.18383	2.40344
3430	2.4176	5.79228
3431	1.55407	6.00903
3432	0.780031	1.13187
3433	0.69848	2.60592
3434	2.31852	2.94746
3435	0.945353	6.14808
3436	0.438687	0.494001
3437	2.1854	1.64735
3438	1.02151	2.02088
3439	0.154494	4.77131
3440	2.81704	4.63227
3441	0.746412	5.73716
3442	1.84115	0.582031
3443	0.92599	3.06356
3444	0.99362	0.358054
3445	1.24291	1.85841
3446	1.38739	3.17405
3447	0.69173	3.69241
3448	2.08208	2.32478
3449	1.34179	2.82227
3450	1.80804	4.92095
3451	2.18436	1.1362
3452	1.98745	4.67233
3453	0.384546	5.36149
3454	2.35524	5.19058
3455	1.46501	0.317511
