Mn  0.000000 0.000000 0.000000
Mn  0.000000 0.000000 0.250000
Mn  0.000000 0.000000 0.500000
Mn  0.000000 0.000000 0.750000
Mn  0.500000 0.000000 0.000000
Mn  0.500000 0.000000 0.250000
Mn  0.500000 0.000000 0.500000
Mn  0.500000 0.000000 0.750000
Mn  0.250000 0.500000 0.125000
Mn  0.250000 0.500000 0.375000
Mn  0.250000 0.500000 0.625000
Mn  0.250000 0.500000 0.875000
Mn  0.750000 0.500000 0.125000
Mn  0.750000 0.500000 0.375000
Mn  0.750000 0.500000 0.625000
Mn  0.750000 0.500000 0.875000
Au  0.250000 0.500000 0.210080
Au  0.250000 0.500000 0.460080
Au  0.250000 0.500000 0.710080
Au  0.250000 0.500000 0.960080
Au  0.750000 0.500000 0.210080
Au  0.750000 0.500000 0.460080
Au  0.750000 0.500000 0.710080
Au  0.750000 0.500000 0.960080
Au  0.250000 0.500000 0.039920
Au  0.250000 0.500000 0.289920
Au  0.250000 0.500000 0.539920
Au  0.250000 0.500000 0.789920
Au  0.750000 0.500000 0.039920
Au  0.750000 0.500000 0.289920
Au  0.750000 0.500000 0.539920
Au  0.750000 0.500000 0.789920
Au  0.000000 0.000000 0.085080
Au  0.000000 0.000000 0.335080
Au  0.000000 0.000000 0.585080
Au  0.000000 0.000000 0.835080
Au  0.500000 0.000000 0.085080
Au  0.500000 0.000000 0.335080
Au  0.500000 0.000000 0.585080
Au  0.500000 0.000000 0.835080
Au  0.000000 0.000000 0.164920
Au  0.000000 0.000000 0.414920
Au  0.000000 0.000000 0.664920
Au  0.000000 0.000000 0.914920
Au  0.500000 0.000000 0.164920
Au  0.500000 0.000000 0.414920
Au  0.500000 0.000000 0.664920
Au  0.500000 0.000000 0.914920
