0	0.391295	-2198.8
1	0.876449	-11097.1
2	0.951263	-13069.2
3	0.967943	-13492.8
4	0.975071	-13696.3
5	0.974067	-13673.5
6	0.978236	-13798
7	0.983451	-13959.4
8	0.983757	-13953.6
9	0.988104	-14079.6
10	0.990563	-14156.3
11	0.991045	-14160.8
12	0.99151	-14174.5
13	0.993449	-14229
14	0.993746	-14238
15	0.994857	-14270.3
16	0.995733	-14298.8
17	0.996024	-14305.2
18	0.997066	-14335.1
19	0.997067	-14334.1
20	0.997257	-14340
21	0.997547	-14348.3
22	0.997721	-14352.7
23	0.998047	-14361.9
24	0.998187	-14365.3
25	0.998354	-14370.9
26	0.998523	-14375.8
27	0.998687	-14380.9
28	0.998868	-14387.1
29	0.998806	-14384.8
30	0.998924	-14388.1
31	0.998952	-14388.6
32	0.999061	-14391.4
33	0.999043	-14390.5
34	0.998977	-14389
35	0.998879	-14386.8
36	0.999027	-14390.9
37	0.999096	-14392.7
38	0.999127	-14393.6
39	0.999161	-14394.5
40	0.999209	-14396
41	0.999241	-14397
42	0.999253	-14397.5
43	0.999205	-14396
44	0.999254	-14397.6
45	0.99923	-14396.5
46	0.999279	-14397.8
47	0.999321	-14399.4
48	0.999349	-14400.3
49	0.999407	-14401.7
50	0.999451	-14402.8
51	0.999479	-14404
52	0.999526	-14405.4
53	0.999556	-14406.3
54	0.99958	-14406.9
55	0.999588	-14407.2
56	0.999638	-14408.6
57	0.999663	-14409.2
58	0.999679	-14409.8
59	0.999715	-14410.8
60	0.999709	-14410.6
61	0.999722	-14410.9
62	0.99973	-14411.1
63	0.999741	-14411.4
64	0.999748	-14411.7
65	0.99977	-14412.3
66	0.99978	-14412.6
67	0.999778	-14412.6
68	0.999787	-14413
69	0.9998	-14413.3
70	0.999811	-14413.6
71	0.999808	-14413.4
72	0.999819	-14413.8
73	0.999822	-14413.8
74	0.999831	-14414.1
75	0.999828	-14414
76	0.99983	-14414
77	0.999837	-14414.2
78	0.999841	-14414.3
79	0.999846	-14414.5
80	0.999848	-14414.6
81	0.999852	-14414.8
82	0.999855	-14414.8
83	0.999854	-14414.8
84	0.999853	-14414.8
85	0.999856	-14414.8
86	0.999857	-14414.9
87	0.999861	-14414.9
88	0.999861	-14414.9
89	0.999865	-14415
90	0.999867	-14415
91	0.999868	-14415.1
92	0.999871	-14415.2
93	0.999866	-14415
94	0.999873	-14415.2
95	0.999874	-14415.2
96	0.999868	-14415.1
97	0.999871	-14415.2
98	0.999878	-14415.4
99	0.999881	-14415.5
100	0.999887	-14415.6
101	0.999897	-14416
102	0.999898	-14416
103	0.9999	-14416
104	0.999903	-14416.1
105	0.999907	-14416.2
106	0.999906	-14416.2
107	0.99991	-14416.3
108	0.999913	-14416.4
109	0.999922	-14416.7
110	0.999925	-14416.8
111	0.999928	-14416.8
112	0.99993	-14416.9
113	0.999936	-14417.1
114	0.99994	-14417.2
115	0.99994	-14417.2
116	0.999943	-14417.3
117	0.999945	-14417.3
118	0.999945	-14417.3
119	0.999948	-14417.4
120	0.99995	-14417.5
121	0.99995	-14417.5
122	0.999951	-14417.5
123	0.999953	-14417.6
124	0.999954	-14417.6
125	0.999955	-14417.7
126	0.999955	-14417.6
127	0.999954	-14417.6
128	0.999956	-14417.7
129	0.999956	-14417.7
130	0.999956	-14417.7
131	0.999957	-14417.7
132	0.999957	-14417.7
133	0.999956	-14417.7
134	0.999957	-14417.7
135	0.999958	-14417.7
136	0.999957	-14417.7
137	0.999956	-14417.7
138	0.999958	-14417.7
139	0.999958	-14417.7
140	0.999958	-14417.7
141	0.999958	-14417.7
142	0.99996	-14417.8
143	0.99996	-14417.8
144	0.99996	-14417.8
145	0.999961	-14417.9
146	0.999961	-14417.8
147	0.999961	-14417.8
148	0.999961	-14417.8
149	0.999962	-14417.9
150	0.999962	-14417.9
151	0.999962	-14417.9
152	0.999962	-14417.9
153	0.999964	-14417.9
154	0.999964	-14417.9
155	0.999965	-14418
156	0.999966	-14418
157	0.999967	-14418
158	0.999967	-14418
159	0.999967	-14418
160	0.999968	-14418
161	0.999967	-14418
162	0.999967	-14418
163	0.999967	-14418
164	0.999967	-14418
165	0.999968	-14418
166	0.999969	-14418.1
167	0.999968	-14418
168	0.999969	-14418.1
169	0.99997	-14418.1
170	0.999971	-14418.1
171	0.999971	-14418.1
172	0.999971	-14418.1
173	0.999971	-14418.1
174	0.999971	-14418.1
175	0.999971	-14418.1
176	0.999972	-14418.1
177	0.999971	-14418.1
178	0.999971	-14418.1
179	0.999972	-14418.1
180	0.999972	-14418.1
181	0.999972	-14418.1
182	0.999972	-14418.1
183	0.999973	-14418.2
184	0.999973	-14418.1
185	0.999973	-14418.2
186	0.999973	-14418.2
187	0.999973	-14418.1
188	0.999973	-14418.2
189	0.999974	-14418.2
190	0.999973	-14418.2
191	0.999973	-14418.2
192	0.999973	-14418.2
193	0.999973	-14418.2
194	0.999974	-14418.2
195	0.999975	-14418.2
196	0.999975	-14418.2
197	0.999975	-14418.2
198	0.999976	-14418.3
199	0.999976	-14418.3
200	0.999976	-14418.3
201	0.999977	-14418.3
202	0.999978	-14418.3
203	0.999979	-14418.3
204	0.999979	-14418.4
205	0.99998	-14418.4
206	0.999981	-14418.4
207	0.99998	-14418.4
208	0.999981	-14418.4
209	0.999981	-14418.4
210	0.999981	-14418.4
211	0.999982	-14418.4
212	0.999982	-14418.5
213	0.999982	-14418.5
214	0.999983	-14418.5
215	0.999984	-14418.5
216	0.999984	-14418.5
217	0.999984	-14418.5
218	0.999984	-14418.5
219	0.999984	-14418.5
220	0.999984	-14418.5
221	0.999984	-14418.5
222	0.999985	-14418.5
223	0.999985	-14418.5
224	0.999985	-14418.5
225	0.999985	-14418.5
226	0.999985	-14418.5
227	0.999986	-14418.5
228	0.999986	-14418.6
229	0.999987	-14418.6
230	0.999987	-14418.6
231	0.999987	-14418.6
232	0.999987	-14418.6
233	0.999988	-14418.6
234	0.999988	-14418.6
235	0.999988	-14418.6
236	0.999988	-14418.6
237	0.999987	-14418.6
238	0.999987	-14418.6
239	0.999987	-14418.6
240	0.999988	-14418.6
241	0.999988	-14418.6
242	0.999988	-14418.6
243	0.999988	-14418.6
244	0.999988	-14418.6
245	0.999988	-14418.6
246	0.999988	-14418.6
247	0.999988	-14418.6
248	0.999988	-14418.6
249	0.999988	-14418.6
250	0.999988	-14418.6
251	0.999988	-14418.6
252	0.999988	-14418.6
253	0.999989	-14418.6
254	0.999989	-14418.6
255	0.999988	-14418.6
256	0.999988	-14418.6
257	0.999989	-14418.6
258	0.999989	-14418.6
259	0.999989	-14418.6
260	0.999989	-14418.6
261	0.999989	-14418.6
262	0.999989	-14418.6
263	0.999989	-14418.6
264	0.999989	-14418.6
265	0.999988	-14418.6
266	0.999988	-14418.6
267	0.999988	-14418.6
268	0.999988	-14418.6
269	0.999988	-14418.6
270	0.999988	-14418.6
271	0.999988	-14418.6
272	0.999988	-14418.6
273	0.999988	-14418.6
274	0.999989	-14418.6
275	0.999988	-14418.6
276	0.999988	-14418.6
277	0.999989	-14418.6
278	0.999989	-14418.6
279	0.999989	-14418.6
280	0.999989	-14418.6
281	0.999989	-14418.6
282	0.999989	-14418.6
283	0.999989	-14418.7
284	0.999989	-14418.7
285	0.999989	-14418.7
286	0.99999	-14418.7
287	0.99999	-14418.7
288	0.999989	-14418.7
289	0.99999	-14418.7
290	0.99999	-14418.7
291	0.99999	-14418.7
292	0.99999	-14418.7
293	0.99999	-14418.7
294	0.99999	-14418.7
295	0.99999	-14418.7
296	0.99999	-14418.7
297	0.99999	-14418.6
298	0.99999	-14418.7
299	0.99999	-14418.6
300	0.99999	-14418.6
301	0.999989	-14418.6
302	0.999989	-14418.6
303	0.999989	-14418.6
304	0.999989	-14418.6
305	0.999989	-14418.6
306	0.999989	-14418.6
307	0.999989	-14418.6
308	0.999989	-14418.6
309	0.999989	-14418.6
310	0.99999	-14418.7
311	0.99999	-14418.7
312	0.99999	-14418.7
313	0.99999	-14418.7
314	0.99999	-14418.7
315	0.99999	-14418.7
316	0.99999	-14418.7
317	0.99999	-14418.7
318	0.99999	-14418.7
319	0.99999	-14418.7
320	0.99999	-14418.7
321	0.99999	-14418.7
322	0.99999	-14418.7
323	0.99999	-14418.7
324	0.99999	-14418.7
325	0.999991	-14418.7
326	0.999991	-14418.7
327	0.999991	-14418.7
328	0.99999	-14418.7
329	0.99999	-14418.7
330	0.99999	-14418.7
331	0.99999	-14418.7
332	0.99999	-14418.7
333	0.99999	-14418.7
334	0.99999	-14418.7
335	0.99999	-14418.7
336	0.999991	-14418.7
337	0.99999	-14418.7
338	0.999991	-14418.7
339	0.999991	-14418.7
340	0.999991	-14418.7
341	0.99999	-14418.7
342	0.999991	-14418.7
343	0.999991	-14418.7
344	0.999991	-14418.7
345	0.999991	-14418.7
346	0.999991	-14418.7
347	0.999991	-14418.7
348	0.999991	-14418.7
349	0.999991	-14418.7
350	0.999991	-14418.7
351	0.999991	-14418.7
352	0.999991	-14418.7
353	0.999991	-14418.7
354	0.999991	-14418.7
355	0.999991	-14418.7
356	0.999991	-14418.7
357	0.999991	-14418.7
358	0.999992	-14418.7
359	0.999991	-14418.7
360	0.999991	-14418.7
361	0.999992	-14418.7
362	0.999992	-14418.7
363	0.999992	-14418.7
364	0.999992	-14418.7
365	0.999992	-14418.7
366	0.999992	-14418.7
367	0.999992	-14418.7
368	0.999992	-14418.7
369	0.999992	-14418.7
370	0.999992	-14418.7
371	0.999992	-14418.7
372	0.999992	-14418.7
373	0.999992	-14418.7
374	0.999992	-14418.7
375	0.999992	-14418.7
376	0.999992	-14418.7
377	0.999992	-14418.7
378	0.999992	-14418.7
379	0.999991	-14418.7
380	0.999991	-14418.7
381	0.999992	-14418.7
382	0.999992	-14418.7
383	0.999991	-14418.7
384	0.999991	-14418.7
385	0.999991	-14418.7
386	0.999991	-14418.7
387	0.999991	-14418.7
388	0.999992	-14418.7
389	0.999992	-14418.7
390	0.999992	-14418.7
391	0.999992	-14418.7
392	0.999992	-14418.7
393	0.999992	-14418.7
394	0.999991	-14418.7
395	0.999991	-14418.7
396	0.999991	-14418.7
397	0.999991	-14418.7
398	0.999991	-14418.7
399	0.999991	-14418.7
400	0.999991	-14418.7
401	0.999991	-14418.7
402	0.999991	-14418.7
403	0.999991	-14418.7
404	0.999991	-14418.7
405	0.999991	-14418.7
406	0.999991	-14418.7
407	0.999992	-14418.7
408	0.999992	-14418.7
409	0.999991	-14418.7
410	0.999991	-14418.7
411	0.999991	-14418.7
412	0.999991	-14418.7
413	0.999991	-14418.7
414	0.999991	-14418.7
415	0.999991	-14418.7
416	0.999991	-14418.7
417	0.999991	-14418.7
418	0.999991	-14418.7
419	0.999991	-14418.7
420	0.999991	-14418.7
421	0.999991	-14418.7
422	0.999991	-14418.7
423	0.999991	-14418.7
424	0.999991	-14418.7
425	0.999991	-14418.7
426	0.999991	-14418.7
427	0.999991	-14418.7
428	0.999991	-14418.7
429	0.999991	-14418.7
430	0.999991	-14418.7
431	0.999991	-14418.7
432	0.999991	-14418.7
433	0.999991	-14418.7
434	0.999991	-14418.7
435	0.999991	-14418.7
436	0.999991	-14418.7
437	0.999991	-14418.7
438	0.999991	-14418.7
439	0.99999	-14418.7
440	0.999991	-14418.7
441	0.999991	-14418.7
442	0.999991	-14418.7
443	0.999991	-14418.7
444	0.999991	-14418.7
445	0.999991	-14418.7
446	0.999991	-14418.7
447	0.999991	-14418.7
448	0.999991	-14418.7
449	0.999991	-14418.7
450	0.999991	-14418.7
451	0.999991	-14418.7
452	0.999991	-14418.7
453	0.999991	-14418.7
454	0.999991	-14418.7
455	0.999991	-14418.7
456	0.999991	-14418.7
457	0.999991	-14418.7
458	0.999991	-14418.7
459	0.999991	-14418.7
460	0.999991	-14418.7
461	0.999991	-14418.7
462	0.999991	-14418.7
463	0.999991	-14418.7
464	0.999991	-14418.7
465	0.999991	-14418.7
466	0.999991	-14418.7
467	0.999991	-14418.7
468	0.999991	-14418.7
469	0.999991	-14418.7
470	0.999991	-14418.7
471	0.999991	-14418.7
472	0.999991	-14418.7
473	0.999991	-14418.7
474	0.999991	-14418.7
475	0.999992	-14418.7
476	0.999992	-14418.7
477	0.999992	-14418.7
478	0.999992	-14418.7
479	0.999992	-14418.7
480	0.999992	-14418.7
481	0.999992	-14418.7
482	0.999992	-14418.7
483	0.999992	-14418.7
484	0.999992	-14418.7
485	0.999993	-14418.7
486	0.999993	-14418.7
487	0.999993	-14418.7
488	0.999993	-14418.7
489	0.999992	-14418.7
490	0.999993	-14418.7
491	0.999993	-14418.7
492	0.999993	-14418.7
493	0.999992	-14418.7
494	0.999993	-14418.7
495	0.999992	-14418.7
496	0.999992	-14418.7
497	0.999992	-14418.7
498	0.999992	-14418.7
499	0.999992	-14418.7
500	0.999992	-14418.7
501	0.999992	-14418.7
502	0.999992	-14418.7
503	0.999992	-14418.7
504	0.999992	-14418.7
505	0.999993	-14418.7
506	0.999993	-14418.7
507	0.999993	-14418.7
508	0.999993	-14418.7
509	0.999993	-14418.7
510	0.999993	-14418.7
511	0.999992	-14418.7
512	0.999992	-14418.7
513	0.999993	-14418.7
514	0.999992	-14418.7
515	0.999992	-14418.7
516	0.999992	-14418.7
517	0.999992	-14418.7
518	0.999992	-14418.7
519	0.999992	-14418.7
520	0.999992	-14418.7
521	0.999993	-14418.7
522	0.999993	-14418.7
523	0.999993	-14418.7
524	0.999993	-14418.7
525	0.999993	-14418.7
526	0.999993	-14418.7
527	0.999993	-14418.7
528	0.999993	-14418.7
529	0.999993	-14418.7
530	0.999993	-14418.7
531	0.999993	-14418.7
532	0.999993	-14418.7
533	0.999993	-14418.7
534	0.999993	-14418.7
535	0.999993	-14418.7
536	0.999993	-14418.7
537	0.999993	-14418.7
538	0.999993	-14418.7
539	0.999993	-14418.7
540	0.999993	-14418.7
541	0.999992	-14418.7
542	0.999992	-14418.7
543	0.999993	-14418.7
544	0.999993	-14418.7
545	0.999993	-14418.7
546	0.999993	-14418.7
547	0.999992	-14418.7
548	0.999992	-14418.7
549	0.999992	-14418.7
550	0.999992	-14418.7
551	0.999992	-14418.7
552	0.999992	-14418.7
553	0.999992	-14418.7
554	0.999992	-14418.7
555	0.999992	-14418.7
556	0.999992	-14418.7
557	0.999992	-14418.7
558	0.999992	-14418.7
559	0.999992	-14418.7
560	0.999992	-14418.7
561	0.999992	-14418.7
562	0.999992	-14418.7
563	0.999992	-14418.7
564	0.999992	-14418.7
565	0.999992	-14418.7
566	0.999992	-14418.7
567	0.999992	-14418.7
568	0.999992	-14418.7
569	0.999992	-14418.7
570	0.999992	-14418.7
571	0.999992	-14418.7
572	0.999993	-14418.7
573	0.999993	-14418.7
574	0.999992	-14418.7
575	0.999992	-14418.7
576	0.999992	-14418.7
577	0.999992	-14418.7
578	0.999992	-14418.7
579	0.999992	-14418.7
580	0.999993	-14418.7
581	0.999993	-14418.7
582	0.999993	-14418.7
583	0.999993	-14418.7
584	0.999993	-14418.7
585	0.999993	-14418.7
586	0.999993	-14418.8
587	0.999993	-14418.8
588	0.999993	-14418.8
589	0.999993	-14418.8
590	0.999993	-14418.8
591	0.999993	-14418.8
592	0.999993	-14418.7
593	0.999993	-14418.7
594	0.999993	-14418.7
595	0.999993	-14418.7
596	0.999993	-14418.7
597	0.999993	-14418.7
598	0.999993	-14418.7
599	0.999993	-14418.7
600	0.999993	-14418.7
601	0.999993	-14418.7
602	0.999993	-14418.8
603	0.999993	-14418.8
604	0.999993	-14418.8
605	0.999993	-14418.8
606	0.999993	-14418.7
607	0.999993	-14418.7
608	0.999993	-14418.7
609	0.999993	-14418.7
610	0.999993	-14418.8
611	0.999993	-14418.8
612	0.999993	-14418.8
613	0.999993	-14418.8
614	0.999993	-14418.8
615	0.999993	-14418.8
616	0.999993	-14418.8
617	0.999993	-14418.8
618	0.999993	-14418.8
619	0.999993	-14418.8
620	0.999993	-14418.8
621	0.999993	-14418.8
622	0.999993	-14418.8
623	0.999993	-14418.8
624	0.999993	-14418.8
625	0.999993	-14418.8
626	0.999993	-14418.8
627	0.999993	-14418.8
628	0.999993	-14418.8
629	0.999993	-14418.8
630	0.999993	-14418.8
631	0.999993	-14418.8
632	0.999994	-14418.8
633	0.999994	-14418.8
634	0.999994	-14418.8
635	0.999994	-14418.8
636	0.999994	-14418.8
637	0.999994	-14418.8
638	0.999994	-14418.8
639	0.999994	-14418.8
640	0.999994	-14418.8
641	0.999994	-14418.8
642	0.999994	-14418.8
643	0.999994	-14418.8
644	0.999994	-14418.8
645	0.999994	-14418.8
646	0.999994	-14418.8
647	0.999994	-14418.8
648	0.999994	-14418.8
649	0.999994	-14418.8
650	0.999995	-14418.8
651	0.999995	-14418.8
652	0.999995	-14418.8
653	0.999995	-14418.8
654	0.999995	-14418.8
655	0.999995	-14418.8
656	0.999995	-14418.8
657	0.999995	-14418.8
658	0.999995	-14418.8
659	0.999995	-14418.8
660	0.999995	-14418.8
661	0.999995	-14418.8
662	0.999995	-14418.8
663	0.999995	-14418.8
664	0.999995	-14418.8
665	0.999995	-14418.8
666	0.999995	-14418.8
667	0.999995	-14418.8
668	0.999995	-14418.8
669	0.999995	-14418.8
670	0.999995	-14418.8
671	0.999995	-14418.8
672	0.999995	-14418.8
673	0.999995	-14418.8
674	0.999995	-14418.8
675	0.999995	-14418.8
676	0.999995	-14418.8
677	0.999995	-14418.8
678	0.999995	-14418.8
679	0.999995	-14418.8
680	0.999995	-14418.8
681	0.999995	-14418.8
682	0.999995	-14418.8
683	0.999995	-14418.8
684	0.999995	-14418.8
685	0.999995	-14418.8
686	0.999995	-14418.8
687	0.999995	-14418.8
688	0.999995	-14418.8
689	0.999995	-14418.8
690	0.999995	-14418.8
691	0.999995	-14418.8
692	0.999995	-14418.8
693	0.999995	-14418.8
694	0.999995	-14418.8
695	0.999995	-14418.8
696	0.999995	-14418.8
697	0.999995	-14418.8
698	0.999995	-14418.8
699	0.999995	-14418.8
700	0.999995	-14418.8
701	0.999995	-14418.8
702	0.999996	-14418.8
703	0.999996	-14418.8
704	0.999996	-14418.8
705	0.999996	-14418.8
706	0.999996	-14418.8
707	0.999996	-14418.8
708	0.999996	-14418.8
709	0.999996	-14418.8
710	0.999996	-14418.8
711	0.999996	-14418.8
712	0.999996	-14418.8
713	0.999996	-14418.8
714	0.999996	-14418.8
715	0.999996	-14418.8
716	0.999996	-14418.8
717	0.999996	-14418.8
718	0.999996	-14418.8
719	0.999996	-14418.8
720	0.999996	-14418.8
721	0.999996	-14418.8
722	0.999996	-14418.8
723	0.999996	-14418.8
724	0.999996	-14418.8
725	0.999996	-14418.8
726	0.999996	-14418.8
727	0.999996	-14418.8
728	0.999996	-14418.8
729	0.999996	-14418.8
730	0.999996	-14418.8
731	0.999996	-14418.8
732	0.999996	-14418.8
733	0.999996	-14418.8
734	0.999996	-14418.8
735	0.999996	-14418.8
736	0.999996	-14418.8
737	0.999996	-14418.8
738	0.999996	-14418.8
739	0.999996	-14418.8
740	0.999996	-14418.8
741	0.999996	-14418.8
742	0.999996	-14418.8
743	0.999996	-14418.8
744	0.999996	-14418.8
745	0.999996	-14418.8
746	0.999996	-14418.8
747	0.999996	-14418.8
748	0.999996	-14418.8
749	0.999996	-14418.8
750	0.999996	-14418.8
751	0.999996	-14418.8
752	0.999996	-14418.8
753	0.999996	-14418.9
754	0.999996	-14418.8
755	0.999996	-14418.8
756	0.999996	-14418.8
757	0.999996	-14418.8
758	0.999996	-14418.9
759	0.999996	-14418.9
760	0.999996	-14418.9
761	0.999996	-14418.9
762	0.999996	-14418.9
763	0.999996	-14418.9
764	0.999996	-14418.9
765	0.999996	-14418.9
766	0.999996	-14418.9
767	0.999997	-14418.9
768	0.999996	-14418.9
769	0.999996	-14418.9
770	0.999996	-14418.9
771	0.999997	-14418.9
772	0.999996	-14418.9
773	0.999997	-14418.9
774	0.999997	-14418.9
775	0.999997	-14418.9
776	0.999997	-14418.9
777	0.999997	-14418.9
778	0.999997	-14418.9
779	0.999997	-14418.9
780	0.999997	-14418.9
781	0.999997	-14418.9
782	0.999997	-14418.9
783	0.999997	-14418.9
784	0.999997	-14418.9
785	0.999997	-14418.9
786	0.999997	-14418.9
787	0.999997	-14418.9
788	0.999997	-14418.9
789	0.999997	-14418.9
790	0.999997	-14418.9
791	0.999997	-14418.9
792	0.999997	-14418.9
793	0.999997	-14418.9
794	0.999997	-14418.9
795	0.999997	-14418.9
796	0.999997	-14418.9
797	0.999997	-14418.9
798	0.999997	-14418.9
799	0.999997	-14418.9
800	0.999997	-14418.9
801	0.999997	-14418.9
802	0.999997	-14418.9
803	0.999997	-14418.9
804	0.999997	-14418.9
805	0.999997	-14418.9
806	0.999997	-14418.9
807	0.999997	-14418.9
808	0.999997	-14418.9
809	0.999997	-14418.9
810	0.999997	-14418.9
811	0.999997	-14418.9
812	0.999997	-14418.9
813	0.999997	-14418.9
814	0.999997	-14418.9
815	0.999997	-14418.9
816	0.999997	-14418.9
817	0.999997	-14418.9
818	0.999997	-14418.9
819	0.999997	-14418.9
820	0.999997	-14418.9
821	0.999997	-14418.9
822	0.999997	-14418.9
823	0.999997	-14418.9
824	0.999997	-14418.9
825	0.999997	-14418.9
826	0.999997	-14418.9
827	0.999997	-14418.9
828	0.999997	-14418.9
829	0.999997	-14418.9
830	0.999997	-14418.9
831	0.999997	-14418.9
832	0.999997	-14418.9
833	0.999997	-14418.9
834	0.999997	-14418.9
835	0.999997	-14418.9
836	0.999997	-14418.9
837	0.999997	-14418.9
838	0.999997	-14418.9
839	0.999997	-14418.9
840	0.999997	-14418.9
841	0.999997	-14418.9
842	0.999997	-14418.9
843	0.999997	-14418.9
844	0.999997	-14418.9
845	0.999997	-14418.9
846	0.999997	-14418.9
847	0.999997	-14418.9
848	0.999997	-14418.9
849	0.999997	-14418.9
850	0.999997	-14418.9
851	0.999997	-14418.9
852	0.999997	-14418.9
853	0.999997	-14418.9
854	0.999997	-14418.9
855	0.999997	-14418.9
856	0.999997	-14418.9
857	0.999997	-14418.9
858	0.999997	-14418.9
859	0.999997	-14418.9
860	0.999997	-14418.9
861	0.999997	-14418.9
862	0.999997	-14418.9
863	0.999997	-14418.9
864	0.999997	-14418.9
865	0.999997	-14418.9
866	0.999998	-14418.9
867	0.999997	-14418.9
868	0.999997	-14418.9
869	0.999997	-14418.9
870	0.999997	-14418.9
871	0.999997	-14418.9
872	0.999997	-14418.9
873	0.999997	-14418.9
874	0.999997	-14418.9
875	0.999997	-14418.9
876	0.999997	-14418.9
877	0.999997	-14418.9
878	0.999997	-14418.9
879	0.999997	-14418.9
880	0.999997	-14418.9
881	0.999997	-14418.9
882	0.999997	-14418.9
883	0.999997	-14418.9
884	0.999998	-14418.9
885	0.999998	-14418.9
886	0.999998	-14418.9
887	0.999998	-14418.9
888	0.999998	-14418.9
889	0.999998	-14418.9
890	0.999998	-14418.9
891	0.999998	-14418.9
892	0.999998	-14418.9
893	0.999998	-14418.9
894	0.999998	-14418.9
895	0.999998	-14418.9
896	0.999998	-14418.9
897	0.999998	-14418.9
898	0.999998	-14418.9
899	0.999998	-14418.9
900	0.999998	-14418.9
901	0.999998	-14418.9
902	0.999998	-14418.9
903	0.999998	-14418.9
904	0.999998	-14418.9
905	0.999998	-14418.9
906	0.999998	-14418.9
907	0.999998	-14418.9
908	0.999998	-14418.9
909	0.999998	-14418.9
910	0.999998	-14418.9
911	0.999998	-14418.9
912	0.999998	-14418.9
913	0.999998	-14418.9
914	0.999998	-14418.9
915	0.999998	-14418.9
916	0.999998	-14418.9
917	0.999998	-14418.9
918	0.999998	-14418.9
919	0.999998	-14418.9
920	0.999998	-14418.9
921	0.999998	-14418.9
922	0.999998	-14418.9
923	0.999998	-14418.9
924	0.999998	-14418.9
925	0.999998	-14418.9
926	0.999998	-14418.9
927	0.999998	-14418.9
928	0.999998	-14418.9
929	0.999998	-14418.9
930	0.999998	-14418.9
931	0.999998	-14418.9
932	0.999998	-14418.9
933	0.999998	-14418.9
934	0.999998	-14418.9
935	0.999998	-14418.9
936	0.999998	-14418.9
937	0.999998	-14418.9
938	0.999998	-14418.9
939	0.999998	-14418.9
940	0.999998	-14418.9
941	0.999998	-14418.9
942	0.999998	-14418.9
943	0.999998	-14418.9
944	0.999998	-14418.9
945	0.999998	-14418.9
946	0.999998	-14418.9
947	0.999998	-14418.9
948	0.999998	-14418.9
949	0.999998	-14418.9
950	0.999998	-14418.9
951	0.999998	-14418.9
952	0.999998	-14418.9
953	0.999998	-14418.9
954	0.999998	-14418.9
955	0.999998	-14418.9
956	0.999998	-14418.9
957	0.999998	-14418.9
958	0.999998	-14418.9
959	0.999998	-14418.9
960	0.999998	-14418.9
961	0.999998	-14418.9
962	0.999998	-14418.9
963	0.999998	-14418.9
964	0.999998	-14418.9
965	0.999998	-14418.9
966	0.999998	-14418.9
967	0.999998	-14418.9
968	0.999998	-14418.9
969	0.999998	-14418.9
970	0.999998	-14418.9
971	0.999998	-14418.9
972	0.999998	-14418.9
973	0.999998	-14418.9
974	0.999998	-14418.9
975	0.999998	-14418.9
976	0.999998	-14418.9
977	0.999998	-14418.9
978	0.999998	-14418.9
979	0.999998	-14418.9
980	0.999998	-14418.9
981	0.999998	-14418.9
982	0.999998	-14418.9
983	0.999998	-14418.9
984	0.999998	-14418.9
985	0.999998	-14418.9
986	0.999998	-14418.9
987	0.999998	-14418.9
988	0.999998	-14418.9
989	0.999998	-14418.9
990	0.999998	-14418.9
991	0.999998	-14418.9
992	0.999998	-14418.9
993	0.999998	-14418.9
994	0.999998	-14418.9
995	0.999999	-14418.9
996	0.999999	-14418.9
997	0.999999	-14418.9
998	0.999999	-14418.9
999	0.999999	-14418.9
1000	0.999999	-14418.9
1001	0.999999	-14418.9
1002	0.999999	-14418.9
1003	0.999999	-14418.9
1004	0.999999	-14418.9
1005	0.999999	-14418.9
1006	0.999999	-14418.9
1007	0.999999	-14418.9
1008	0.999999	-14418.9
1009	0.999999	-14418.9
1010	0.999999	-14418.9
1011	0.999999	-14418.9
1012	0.999999	-14418.9
1013	0.999999	-14418.9
1014	0.999999	-14418.9
1015	0.999999	-14418.9
1016	0.999999	-14418.9
1017	0.999999	-14418.9
1018	0.999999	-14418.9
1019	0.999999	-14418.9
1020	0.999999	-14418.9
1021	0.999999	-14418.9
1022	0.999999	-14418.9
1023	0.999999	-14418.9
1024	0.999999	-14418.9
1025	0.999999	-14418.9
1026	0.999999	-14418.9
1027	0.999999	-14418.9
1028	0.999999	-14418.9
1029	0.999999	-14418.9
1030	0.999999	-14418.9
1031	0.999999	-14418.9
1032	0.999999	-14418.9
1033	0.999999	-14418.9
1034	0.999999	-14418.9
1035	0.999999	-14418.9
1036	0.999999	-14418.9
1037	0.999999	-14418.9
1038	0.999999	-14418.9
1039	0.999999	-14418.9
1040	0.999999	-14418.9
1041	0.999999	-14418.9
1042	0.999999	-14418.9
1043	0.999999	-14418.9
1044	0.999999	-14418.9
1045	0.999999	-14418.9
1046	0.999999	-14418.9
1047	0.999999	-14418.9
1048	0.999999	-14418.9
1049	0.999999	-14418.9
1050	0.999999	-14418.9
1051	0.999999	-14418.9
1052	0.999999	-14418.9
1053	0.999999	-14418.9
1054	0.999999	-14418.9
1055	0.999999	-14418.9
1056	0.999999	-14418.9
1057	0.999999	-14418.9
1058	0.999999	-14418.9
1059	0.999999	-14418.9
1060	0.999999	-14418.9
1061	0.999999	-14418.9
1062	0.999999	-14418.9
1063	0.999999	-14418.9
1064	0.999999	-14418.9
1065	0.999999	-14418.9
1066	0.999999	-14418.9
1067	0.999999	-14418.9
1068	0.999999	-14418.9
1069	0.999999	-14418.9
1070	0.999999	-14418.9
1071	0.999999	-14418.9
1072	0.999999	-14418.9
1073	0.999999	-14418.9
1074	0.999999	-14418.9
1075	0.999999	-14418.9
1076	0.999999	-14418.9
1077	0.999999	-14418.9
1078	0.999999	-14418.9
1079	0.999999	-14418.9
1080	0.999999	-14418.9
1081	0.999999	-14418.9
1082	0.999999	-14418.9
1083	0.999999	-14418.9
1084	0.999999	-14418.9
1085	0.999999	-14418.9
1086	0.999999	-14418.9
1087	0.999999	-14418.9
1088	0.999999	-14418.9
1089	0.999999	-14418.9
1090	0.999999	-14418.9
1091	0.999999	-14418.9
1092	0.999999	-14418.9
1093	0.999999	-14418.9
1094	0.999999	-14418.9
1095	0.999999	-14418.9
1096	0.999999	-14418.9
1097	0.999999	-14418.9
1098	0.999999	-14418.9
1099	0.999999	-14418.9
1100	0.999999	-14418.9
1101	0.999999	-14418.9
1102	0.999999	-14418.9
1103	0.999999	-14418.9
1104	0.999999	-14418.9
1105	0.999999	-14418.9
1106	0.999999	-14418.9
1107	0.999999	-14418.9
1108	0.999999	-14418.9
1109	0.999999	-14418.9
1110	0.999999	-14418.9
1111	0.999999	-14418.9
1112	0.999999	-14418.9
1113	0.999999	-14418.9
1114	0.999999	-14418.9
1115	0.999999	-14418.9
1116	0.999999	-14418.9
1117	0.999999	-14418.9
1118	0.999999	-14418.9
1119	0.999999	-14418.9
1120	0.999999	-14418.9
1121	0.999999	-14418.9
1122	0.999999	-14418.9
1123	0.999999	-14418.9
1124	0.999999	-14418.9
1125	0.999999	-14418.9
1126	0.999999	-14418.9
1127	0.999999	-14418.9
1128	0.999999	-14418.9
1129	0.999999	-14418.9
1130	0.999999	-14418.9
1131	0.999999	-14418.9
1132	0.999999	-14418.9
1133	0.999999	-14418.9
1134	0.999999	-14418.9
1135	0.999999	-14418.9
1136	0.999999	-14418.9
1137	0.999999	-14418.9
1138	0.999999	-14418.9
1139	0.999999	-14418.9
1140	0.999999	-14418.9
1141	0.999999	-14418.9
1142	0.999999	-14418.9
1143	0.999999	-14418.9
1144	0.999999	-14418.9
1145	0.999999	-14418.9
1146	0.999999	-14418.9
1147	0.999999	-14418.9
1148	0.999999	-14418.9
1149	0.999999	-14418.9
1150	0.999999	-14418.9
1151	0.999999	-14418.9
1152	0.999999	-14418.9
1153	0.999999	-14418.9
1154	0.999999	-14418.9
1155	0.999999	-14418.9
1156	0.999999	-14418.9
1157	0.999999	-14418.9
1158	0.999999	-14418.9
1159	0.999999	-14418.9
1160	0.999999	-14418.9
1161	0.999999	-14418.9
1162	0.999999	-14418.9
1163	0.999999	-14418.9
1164	0.999999	-14418.9
1165	0.999999	-14418.9
1166	0.999999	-14418.9
1167	0.999999	-14418.9
1168	0.999999	-14418.9
1169	0.999999	-14418.9
1170	0.999999	-14418.9
1171	0.999999	-14418.9
1172	0.999999	-14418.9
1173	0.999999	-14418.9
1174	0.999999	-14418.9
1175	0.999999	-14418.9
1176	0.999999	-14418.9
1177	0.999999	-14418.9
1178	0.999999	-14418.9
1179	0.999999	-14418.9
1180	0.999999	-14418.9
1181	0.999999	-14418.9
1182	0.999999	-14418.9
1183	0.999999	-14418.9
1184	0.999999	-14418.9
1185	0.999999	-14418.9
1186	0.999999	-14418.9
1187	0.999999	-14418.9
1188	0.999999	-14418.9
1189	0.999999	-14418.9
1190	0.999999	-14418.9
1191	0.999999	-14418.9
1192	0.999999	-14418.9
1193	0.999999	-14418.9
1194	0.999999	-14418.9
1195	0.999999	-14418.9
1196	0.999999	-14418.9
1197	0.999999	-14418.9
1198	0.999999	-14418.9
1199	0.999999	-14418.9
1200	0.999999	-14418.9
1201	0.999999	-14418.9
1202	0.999999	-14418.9
1203	0.999999	-14418.9
1204	0.999999	-14418.9
1205	0.999999	-14418.9
1206	0.999999	-14418.9
1207	0.999999	-14418.9
1208	0.999999	-14418.9
1209	0.999999	-14418.9
1210	0.999999	-14418.9
1211	0.999999	-14418.9
1212	0.999999	-14418.9
1213	0.999999	-14418.9
1214	0.999999	-14418.9
1215	0.999999	-14418.9
1216	0.999999	-14418.9
1217	0.999999	-14418.9
1218	0.999999	-14418.9
1219	0.999999	-14418.9
1220	0.999999	-14418.9
1221	0.999999	-14418.9
1222	0.999999	-14418.9
1223	0.999999	-14418.9
1224	0.999999	-14418.9
1225	0.999999	-14418.9
1226	0.999999	-14418.9
1227	0.999999	-14418.9
1228	0.999999	-14418.9
1229	0.999999	-14418.9
1230	0.999999	-14418.9
1231	0.999999	-14418.9
1232	0.999999	-14418.9
1233	0.999999	-14418.9
1234	0.999999	-14418.9
1235	0.999999	-14418.9
1236	0.999999	-14418.9
1237	0.999999	-14418.9
1238	0.999999	-14418.9
1239	0.999999	-14418.9
1240	0.999999	-14418.9
1241	0.999999	-14418.9
1242	0.999999	-14418.9
1243	0.999999	-14418.9
1244	0.999999	-14418.9
1245	0.999999	-14418.9
1246	0.999999	-14418.9
1247	0.999999	-14418.9
1248	0.999999	-14418.9
1249	0.999999	-14418.9
1250	0.999999	-14418.9
1251	0.999999	-14418.9
1252	0.999999	-14418.9
1253	0.999999	-14418.9
1254	0.999999	-14418.9
1255	0.999999	-14418.9
1256	0.999999	-14418.9
1257	0.999999	-14418.9
1258	0.999999	-14418.9
1259	0.999999	-14418.9
1260	0.999999	-14418.9
1261	0.999999	-14418.9
1262	0.999999	-14418.9
1263	0.999999	-14418.9
1264	0.999999	-14418.9
1265	0.999999	-14418.9
1266	0.999999	-14418.9
1267	0.999999	-14418.9
1268	0.999999	-14418.9
1269	0.999999	-14418.9
1270	0.999999	-14418.9
1271	0.999999	-14418.9
1272	0.999999	-14418.9
1273	0.999999	-14418.9
1274	0.999999	-14418.9
1275	0.999999	-14418.9
1276	0.999999	-14418.9
1277	0.999999	-14418.9
1278	0.999999	-14418.9
1279	0.999999	-14418.9
1280	0.999999	-14418.9
1281	0.999999	-14418.9
1282	0.999999	-14418.9
1283	0.999999	-14418.9
1284	0.999999	-14418.9
1285	0.999999	-14418.9
1286	0.999999	-14418.9
1287	0.999999	-14418.9
1288	0.999999	-14418.9
1289	0.999999	-14418.9
1290	0.999999	-14418.9
1291	0.999999	-14418.9
1292	0.999999	-14418.9
1293	0.999999	-14418.9
1294	0.999999	-14418.9
1295	0.999999	-14418.9
1296	0.999999	-14418.9
1297	0.999999	-14418.9
1298	0.999999	-14418.9
1299	0.999999	-14418.9
1300	0.999999	-14418.9
1301	0.999999	-14418.9
1302	0.999999	-14418.9
1303	0.999999	-14418.9
1304	0.999999	-14418.9
1305	0.999999	-14418.9
1306	0.999999	-14418.9
1307	0.999999	-14418.9
1308	0.999999	-14418.9
1309	0.999999	-14418.9
1310	0.999999	-14418.9
1311	0.999999	-14418.9
1312	0.999999	-14418.9
1313	0.999999	-14418.9
1314	0.999999	-14418.9
1315	0.999999	-14418.9
1316	0.999999	-14418.9
1317	0.999999	-14418.9
1318	0.999999	-14418.9
1319	0.999999	-14418.9
1320	0.999999	-14418.9
1321	0.999999	-14418.9
1322	0.999999	-14418.9
1323	0.999999	-14418.9
1324	0.999999	-14418.9
1325	0.999999	-14418.9
1326	0.999999	-14418.9
1327	0.999999	-14418.9
1328	0.999999	-14418.9
1329	0.999999	-14418.9
1330	0.999999	-14418.9
1331	0.999999	-14418.9
1332	0.999999	-14418.9
1333	0.999999	-14418.9
1334	0.999999	-14418.9
1335	0.999999	-14418.9
1336	0.999999	-14418.9
1337	0.999999	-14418.9
1338	0.999999	-14418.9
1339	0.999999	-14418.9
1340	0.999999	-14418.9
1341	0.999999	-14418.9
1342	0.999999	-14418.9
1343	0.999999	-14418.9
1344	0.999999	-14418.9
1345	0.999999	-14418.9
1346	0.999999	-14418.9
1347	0.999999	-14418.9
1348	0.999999	-14418.9
1349	0.999999	-14418.9
1350	0.999999	-14418.9
1351	0.999999	-14418.9
1352	0.999999	-14418.9
1353	0.999999	-14418.9
1354	0.999999	-14418.9
1355	0.999999	-14418.9
1356	0.999999	-14418.9
1357	0.999999	-14418.9
1358	0.999999	-14418.9
1359	0.999999	-14418.9
1360	0.999999	-14418.9
1361	0.999999	-14418.9
1362	0.999999	-14418.9
1363	0.999999	-14418.9
1364	0.999999	-14418.9
1365	0.999999	-14418.9
1366	0.999999	-14418.9
1367	0.999999	-14418.9
1368	0.999999	-14418.9
1369	0.999999	-14418.9
1370	0.999999	-14418.9
1371	0.999999	-14418.9
1372	0.999999	-14418.9
1373	0.999999	-14418.9
1374	0.999999	-14418.9
1375	0.999999	-14418.9
1376	0.999999	-14418.9
1377	0.999999	-14418.9
1378	0.999999	-14418.9
1379	0.999999	-14418.9
1380	0.999999	-14418.9
1381	0.999999	-14418.9
1382	0.999999	-14418.9
1383	0.999999	-14418.9
1384	0.999999	-14418.9
1385	0.999999	-14418.9
1386	0.999999	-14418.9
1387	0.999999	-14418.9
1388	0.999999	-14418.9
1389	0.999999	-14418.9
1390	0.999999	-14418.9
1391	0.999999	-14418.9
1392	0.999999	-14418.9
1393	0.999999	-14418.9
1394	0.999999	-14418.9
1395	0.999999	-14418.9
1396	0.999999	-14418.9
1397	0.999999	-14418.9
1398	0.999999	-14418.9
1399	0.999999	-14418.9
1400	0.999999	-14418.9
1401	0.999999	-14418.9
1402	0.999999	-14418.9
1403	0.999999	-14418.9
1404	0.999999	-14418.9
1405	0.999999	-14418.9
1406	0.999999	-14418.9
1407	0.999999	-14418.9
1408	0.999999	-14418.9
1409	0.999999	-14418.9
1410	0.999999	-14418.9
1411	0.999999	-14418.9
1412	0.999999	-14418.9
1413	0.999999	-14418.9
1414	0.999999	-14418.9
1415	0.999999	-14418.9
1416	0.999999	-14418.9
1417	0.999999	-14418.9
1418	0.999999	-14418.9
1419	0.999999	-14418.9
1420	0.999999	-14418.9
1421	0.999999	-14418.9
1422	0.999999	-14418.9
1423	0.999999	-14418.9
1424	0.999999	-14418.9
1425	0.999999	-14418.9
1426	0.999999	-14418.9
1427	0.999999	-14418.9
1428	0.999999	-14418.9
1429	0.999999	-14418.9
1430	0.999999	-14418.9
1431	0.999999	-14418.9
1432	0.999999	-14418.9
1433	0.999999	-14418.9
1434	0.999999	-14418.9
1435	0.999999	-14418.9
1436	0.999999	-14418.9
1437	0.999999	-14418.9
1438	0.999999	-14418.9
1439	0.999999	-14418.9
1440	0.999999	-14418.9
1441	0.999999	-14418.9
1442	0.999999	-14418.9
1443	0.999999	-14418.9
1444	0.999999	-14418.9
1445	0.999999	-14418.9
1446	0.999999	-14418.9
1447	0.999999	-14418.9
1448	0.999999	-14418.9
1449	0.999999	-14418.9
1450	0.999999	-14418.9
1451	0.999999	-14418.9
1452	0.999999	-14418.9
1453	0.999999	-14418.9
1454	0.999999	-14418.9
1455	0.999999	-14418.9
1456	0.999999	-14418.9
1457	0.999999	-14418.9
1458	0.999999	-14418.9
1459	0.999999	-14418.9
1460	0.999999	-14418.9
1461	0.999999	-14418.9
1462	0.999999	-14418.9
1463	0.999999	-14418.9
1464	0.999999	-14418.9
1465	0.999999	-14418.9
1466	0.999999	-14418.9
1467	0.999999	-14418.9
1468	0.999999	-14418.9
1469	0.999999	-14418.9
1470	0.999999	-14418.9
1471	0.999999	-14418.9
1472	0.999999	-14418.9
1473	0.999999	-14418.9
1474	0.999999	-14418.9
1475	0.999999	-14418.9
1476	0.999999	-14418.9
1477	0.999999	-14418.9
1478	0.999999	-14418.9
1479	0.999999	-14418.9
1480	0.999999	-14418.9
1481	0.999999	-14418.9
1482	0.999999	-14418.9
1483	0.999999	-14418.9
1484	0.999999	-14418.9
1485	0.999999	-14418.9
1486	0.999999	-14418.9
1487	0.999999	-14418.9
1488	0.999999	-14418.9
1489	0.999999	-14418.9
1490	0.999999	-14418.9
1491	0.999999	-14418.9
1492	0.999999	-14418.9
1493	0.999999	-14418.9
1494	0.999999	-14418.9
1495	0.999999	-14418.9
1496	0.999999	-14418.9
1497	0.999999	-14418.9
1498	0.999999	-14418.9
1499	0.999999	-14418.9
1500	0.999999	-14418.9
1501	0.999999	-14418.9
1502	0.999999	-14418.9
1503	0.999999	-14418.9
1504	0.999999	-14418.9
1505	0.999999	-14418.9
1506	0.999999	-14418.9
1507	0.999999	-14418.9
1508	0.999999	-14418.9
1509	0.999999	-14418.9
1510	0.999999	-14418.9
1511	0.999999	-14418.9
1512	0.999999	-14418.9
1513	0.999999	-14418.9
1514	0.999999	-14418.9
1515	0.999999	-14418.9
1516	0.999999	-14418.9
1517	0.999999	-14418.9
1518	0.999999	-14418.9
1519	0.999999	-14418.9
1520	0.999999	-14418.9
1521	0.999999	-14418.9
1522	0.999999	-14418.9
1523	0.999999	-14418.9
1524	0.999999	-14418.9
1525	0.999999	-14418.9
1526	0.999999	-14418.9
1527	0.999999	-14418.9
1528	0.999999	-14418.9
1529	0.999999	-14418.9
1530	0.999999	-14418.9
1531	0.999999	-14418.9
1532	0.999999	-14418.9
1533	0.999999	-14418.9
1534	0.999999	-14418.9
1535	0.999999	-14418.9
1536	0.999999	-14418.9
1537	0.999999	-14418.9
1538	0.999999	-14418.9
1539	0.999999	-14418.9
1540	0.999999	-14418.9
1541	0.999999	-14418.9
1542	0.999999	-14418.9
1543	0.999999	-14418.9
1544	0.999999	-14418.9
1545	0.999999	-14418.9
1546	0.999999	-14418.9
1547	0.999999	-14418.9
1548	0.999999	-14418.9
1549	0.999999	-14418.9
1550	0.999999	-14418.9
1551	0.999999	-14418.9
1552	0.999999	-14418.9
1553	0.999999	-14418.9
1554	0.999999	-14418.9
1555	0.999999	-14418.9
1556	0.999999	-14418.9
1557	0.999999	-14418.9
1558	0.999999	-14418.9
1559	0.999999	-14418.9
1560	0.999999	-14418.9
1561	0.999999	-14418.9
1562	0.999999	-14418.9
1563	0.999999	-14418.9
1564	0.999999	-14418.9
1565	0.999999	-14418.9
1566	0.999999	-14418.9
1567	0.999999	-14418.9
1568	0.999999	-14418.9
1569	0.999999	-14418.9
1570	0.999999	-14418.9
1571	0.999999	-14418.9
1572	0.999999	-14418.9
1573	0.999999	-14418.9
1574	0.999999	-14418.9
1575	0.999999	-14418.9
1576	0.999999	-14418.9
1577	0.999999	-14418.9
1578	0.999999	-14418.9
1579	0.999999	-14418.9
1580	0.999999	-14418.9
1581	0.999999	-14418.9
1582	0.999999	-14418.9
1583	0.999999	-14418.9
1584	0.999999	-14418.9
1585	0.999999	-14418.9
1586	0.999999	-14418.9
1587	0.999999	-14418.9
1588	0.999999	-14418.9
1589	0.999999	-14418.9
1590	0.999999	-14418.9
1591	0.999999	-14418.9
1592	0.999999	-14418.9
1593	0.999999	-14418.9
1594	0.999999	-14418.9
1595	0.999999	-14418.9
1596	0.999999	-14418.9
1597	0.999999	-14418.9
1598	0.999999	-14418.9
1599	0.999999	-14418.9
1600	0.999999	-14418.9
1601	0.999999	-14418.9
1602	0.999999	-14418.9
1603	0.999999	-14418.9
1604	0.999999	-14418.9
1605	0.999999	-14418.9
1606	0.999999	-14418.9
1607	0.999999	-14418.9
1608	0.999999	-14418.9
1609	0.999999	-14418.9
1610	0.999999	-14418.9
1611	0.999999	-14418.9
1612	0.999999	-14418.9
1613	0.999999	-14418.9
1614	0.999999	-14418.9
1615	0.999999	-14418.9
1616	0.999999	-14418.9
1617	0.999999	-14418.9
1618	0.999999	-14418.9
1619	0.999999	-14418.9
1620	0.999999	-14418.9
1621	0.999999	-14418.9
1622	0.999999	-14418.9
1623	0.999999	-14418.9
1624	0.999999	-14418.9
1625	0.999999	-14418.9
1626	0.999999	-14418.9
1627	0.999999	-14418.9
1628	0.999999	-14418.9
1629	0.999999	-14418.9
1630	0.999999	-14418.9
1631	0.999999	-14418.9
1632	0.999999	-14418.9
1633	0.999999	-14418.9
1634	0.999999	-14418.9
1635	0.999999	-14418.9
1636	0.999999	-14418.9
1637	0.999999	-14418.9
1638	0.999999	-14418.9
1639	0.999999	-14418.9
1640	0.999999	-14418.9
1641	0.999999	-14418.9
1642	0.999999	-14418.9
1643	0.999999	-14418.9
1644	0.999999	-14418.9
1645	0.999999	-14418.9
1646	0.999999	-14418.9
1647	0.999999	-14418.9
1648	0.999999	-14418.9
1649	0.999999	-14418.9
1650	0.999999	-14418.9
1651	0.999999	-14418.9
1652	0.999999	-14418.9
1653	0.999999	-14418.9
1654	0.999999	-14418.9
1655	0.999999	-14418.9
1656	0.999999	-14418.9
1657	0.999999	-14418.9
1658	0.999999	-14418.9
1659	0.999999	-14418.9
1660	0.999999	-14418.9
1661	0.999999	-14418.9
1662	0.999999	-14418.9
1663	0.999999	-14418.9
1664	0.999999	-14418.9
1665	0.999999	-14418.9
1666	0.999999	-14418.9
1667	0.999999	-14418.9
1668	0.999999	-14418.9
1669	0.999999	-14418.9
1670	0.999999	-14418.9
1671	0.999999	-14418.9
1672	0.999999	-14418.9
1673	0.999999	-14418.9
1674	0.999999	-14418.9
1675	0.999999	-14418.9
1676	1	-14418.9
1677	1	-14418.9
1678	1	-14418.9
1679	0.999999	-14418.9
1680	0.999999	-14418.9
1681	0.999999	-14418.9
1682	0.999999	-14418.9
1683	0.999999	-14418.9
1684	0.999999	-14418.9
1685	0.999999	-14418.9
1686	0.999999	-14418.9
1687	0.999999	-14418.9
1688	0.999999	-14418.9
1689	0.999999	-14418.9
1690	0.999999	-14418.9
1691	0.999999	-14418.9
1692	0.999999	-14418.9
1693	0.999999	-14418.9
1694	0.999999	-14418.9
1695	0.999999	-14418.9
1696	0.999999	-14418.9
1697	1	-14418.9
1698	1	-14418.9
1699	1	-14418.9
1700	1	-14418.9
1701	0.999999	-14418.9
1702	0.999999	-14418.9
1703	0.999999	-14418.9
1704	0.999999	-14418.9
1705	0.999999	-14418.9
1706	0.999999	-14418.9
1707	0.999999	-14418.9
1708	0.999999	-14418.9
1709	0.999999	-14418.9
1710	0.999999	-14418.9
1711	0.999999	-14418.9
1712	0.999999	-14418.9
1713	0.999999	-14418.9
1714	0.999999	-14418.9
1715	1	-14418.9
1716	1	-14418.9
1717	1	-14418.9
1718	1	-14418.9
1719	1	-14418.9
1720	1	-14418.9
1721	1	-14418.9
1722	1	-14418.9
1723	1	-14418.9
1724	1	-14418.9
1725	1	-14418.9
1726	1	-14418.9
1727	1	-14418.9
1728	1	-14418.9
1729	1	-14418.9
1730	1	-14418.9
1731	1	-14418.9
1732	1	-14418.9
1733	1	-14418.9
1734	1	-14418.9
1735	1	-14418.9
1736	1	-14418.9
1737	1	-14418.9
1738	1	-14418.9
1739	1	-14418.9
1740	1	-14418.9
1741	1	-14418.9
1742	1	-14418.9
1743	1	-14418.9
1744	1	-14418.9
1745	1	-14418.9
1746	1	-14418.9
1747	1	-14418.9
1748	1	-14418.9
1749	1	-14418.9
1750	1	-14418.9
1751	1	-14418.9
1752	1	-14418.9
1753	1	-14418.9
1754	1	-14418.9
1755	1	-14418.9
1756	1	-14418.9
1757	1	-14418.9
1758	1	-14418.9
1759	1	-14418.9
1760	1	-14418.9
1761	1	-14418.9
1762	1	-14418.9
1763	1	-14418.9
1764	1	-14418.9
1765	0.999999	-14418.9
1766	0.999999	-14418.9
1767	1	-14418.9
1768	1	-14418.9
1769	1	-14418.9
1770	1	-14418.9
1771	0.999999	-14418.9
1772	0.999999	-14418.9
1773	0.999999	-14418.9
1774	0.999999	-14418.9
1775	0.999999	-14418.9
1776	0.999999	-14418.9
1777	0.999999	-14418.9
1778	0.999999	-14418.9
1779	0.999999	-14418.9
1780	0.999999	-14418.9
1781	0.999999	-14418.9
1782	0.999999	-14418.9
1783	0.999999	-14418.9
1784	0.999999	-14418.9
1785	0.999999	-14418.9
1786	0.999999	-14418.9
1787	0.999999	-14418.9
1788	0.999999	-14418.9
1789	0.999999	-14418.9
1790	0.999999	-14418.9
1791	0.999999	-14418.9
1792	0.999999	-14418.9
1793	0.999999	-14418.9
1794	0.999999	-14418.9
1795	0.999999	-14418.9
1796	0.999999	-14418.9
1797	0.999999	-14418.9
1798	0.999999	-14418.9
1799	0.999999	-14418.9
1800	0.999999	-14418.9
1801	0.999999	-14418.9
1802	0.999999	-14418.9
1803	0.999999	-14418.9
1804	0.999999	-14418.9
1805	0.999999	-14418.9
1806	0.999999	-14418.9
1807	0.999999	-14418.9
1808	0.999999	-14418.9
1809	0.999999	-14418.9
1810	0.999999	-14418.9
1811	0.999999	-14418.9
1812	0.999999	-14418.9
1813	0.999999	-14418.9
1814	0.999999	-14418.9
1815	0.999999	-14418.9
1816	0.999999	-14418.9
1817	0.999999	-14418.9
1818	0.999999	-14418.9
1819	0.999999	-14418.9
1820	0.999999	-14418.9
1821	0.999999	-14418.9
1822	0.999999	-14418.9
1823	0.999999	-14418.9
1824	0.999999	-14418.9
1825	0.999999	-14418.9
1826	0.999999	-14418.9
1827	0.999999	-14418.9
1828	0.999999	-14418.9
1829	0.999999	-14418.9
1830	0.999999	-14418.9
1831	0.999999	-14418.9
1832	0.999999	-14418.9
1833	0.999999	-14418.9
1834	0.999999	-14418.9
1835	0.999999	-14418.9
1836	0.999999	-14418.9
1837	0.999999	-14418.9
1838	0.999999	-14418.9
1839	0.999999	-14418.9
1840	0.999999	-14418.9
1841	0.999999	-14418.9
1842	0.999999	-14418.9
1843	0.999999	-14418.9
1844	0.999999	-14418.9
1845	0.999999	-14418.9
1846	0.999999	-14418.9
1847	0.999999	-14418.9
1848	0.999999	-14418.9
1849	0.999999	-14418.9
1850	0.999999	-14418.9
1851	0.999999	-14418.9
1852	0.999999	-14418.9
1853	0.999999	-14418.9
1854	0.999999	-14418.9
1855	0.999999	-14418.9
1856	0.999999	-14418.9
1857	0.999999	-14418.9
1858	0.999999	-14418.9
1859	0.999999	-14418.9
1860	0.999999	-14418.9
1861	0.999999	-14418.9
1862	0.999999	-14418.9
1863	0.999999	-14418.9
1864	0.999999	-14418.9
1865	0.999999	-14418.9
1866	0.999999	-14418.9
1867	0.999999	-14418.9
1868	0.999999	-14418.9
1869	0.999999	-14418.9
1870	0.999999	-14418.9
1871	0.999999	-14418.9
1872	0.999999	-14418.9
1873	0.999999	-14418.9
1874	0.999999	-14418.9
1875	0.999999	-14418.9
1876	0.999999	-14418.9
1877	0.999999	-14418.9
1878	0.999999	-14418.9
1879	1	-14418.9
1880	1	-14418.9
1881	1	-14418.9
1882	1	-14418.9
1883	1	-14418.9
1884	1	-14418.9
1885	1	-14418.9
1886	1	-14418.9
1887	1	-14418.9
1888	1	-14418.9
1889	1	-14418.9
1890	1	-14418.9
1891	1	-14418.9
1892	1	-14418.9
1893	1	-14418.9
1894	1	-14418.9
1895	1	-14418.9
1896	1	-14418.9
1897	1	-14418.9
1898	1	-14418.9
1899	1	-14418.9
1900	1	-14418.9
1901	1	-14418.9
1902	1	-14418.9
1903	1	-14418.9
1904	1	-14418.9
1905	1	-14418.9
1906	1	-14418.9
1907	1	-14418.9
1908	1	-14418.9
1909	1	-14418.9
1910	1	-14418.9
1911	1	-14418.9
1912	1	-14418.9
1913	1	-14418.9
1914	1	-14418.9
1915	1	-14418.9
1916	1	-14418.9
1917	1	-14418.9
1918	1	-14418.9
1919	1	-14418.9
1920	1	-14418.9
1921	1	-14418.9
1922	1	-14418.9
1923	1	-14418.9
1924	1	-14418.9
1925	1	-14418.9
1926	0.999999	-14418.9
1927	0.999999	-14418.9
1928	0.999999	-14418.9
1929	0.999999	-14418.9
1930	0.999999	-14418.9
1931	0.999999	-14418.9
1932	0.999999	-14418.9
1933	1	-14418.9
1934	0.999999	-14418.9
1935	1	-14418.9
1936	1	-14418.9
1937	1	-14418.9
1938	1	-14418.9
1939	1	-14418.9
1940	1	-14418.9
1941	0.999999	-14418.9
1942	1	-14418.9
1943	1	-14418.9
1944	1	-14418.9
1945	1	-14418.9
1946	1	-14418.9
1947	1	-14418.9
1948	0.999999	-14418.9
1949	0.999999	-14418.9
1950	1	-14418.9
1951	1	-14418.9
1952	1	-14418.9
1953	1	-14418.9
1954	1	-14418.9
1955	1	-14418.9
1956	1	-14418.9
1957	1	-14418.9
1958	1	-14418.9
1959	1	-14418.9
1960	1	-14418.9
1961	1	-14418.9
1962	1	-14418.9
1963	1	-14418.9
1964	1	-14418.9
1965	1	-14418.9
1966	1	-14418.9
1967	1	-14418.9
1968	1	-14418.9
1969	1	-14418.9
1970	1	-14418.9
1971	1	-14418.9
1972	1	-14418.9
1973	1	-14418.9
1974	1	-14418.9
1975	1	-14418.9
1976	1	-14418.9
1977	1	-14418.9
1978	1	-14418.9
1979	1	-14418.9
1980	1	-14418.9
1981	1	-14418.9
1982	1	-14418.9
1983	1	-14418.9
1984	1	-14418.9
1985	1	-14418.9
1986	1	-14418.9
1987	1	-14418.9
1988	1	-14418.9
1989	1	-14418.9
1990	1	-14418.9
1991	1	-14418.9
1992	1	-14418.9
1993	1	-14418.9
1994	1	-14418.9
1995	1	-14418.9
1996	1	-14418.9
1997	1	-14418.9
1998	1	-14418.9
1999	1	-14418.9
2000	1	-14418.9
2001	1	-14418.9
2002	1	-14418.9
2003	1	-14418.9
2004	1	-14418.9
2005	1	-14418.9
2006	1	-14418.9
2007	1	-14418.9
2008	1	-14418.9
2009	1	-14418.9
2010	1	-14418.9
2011	1	-14418.9
2012	1	-14418.9
2013	1	-14418.9
2014	1	-14418.9
2015	1	-14418.9
2016	1	-14418.9
2017	1	-14418.9
2018	1	-14418.9
2019	1	-14418.9
2020	1	-14418.9
2021	1	-14418.9
2022	1	-14418.9
2023	1	-14418.9
2024	1	-14418.9
2025	1	-14418.9
2026	1	-14418.9
2027	1	-14418.9
2028	1	-14418.9
2029	1	-14418.9
2030	1	-14418.9
2031	1	-14418.9
2032	1	-14418.9
2033	1	-14418.9
2034	1	-14418.9
2035	1	-14418.9
2036	1	-14418.9
2037	1	-14418.9
2038	1	-14418.9
2039	1	-14418.9
2040	1	-14418.9
2041	1	-14418.9
2042	1	-14418.9
2043	1	-14418.9
2044	1	-14418.9
2045	1	-14418.9
2046	1	-14418.9
2047	1	-14418.9
2048	1	-14418.9
2049	1	-14418.9
2050	1	-14418.9
2051	1	-14418.9
2052	1	-14418.9
2053	1	-14418.9
2054	1	-14418.9
2055	1	-14418.9
2056	1	-14418.9
2057	1	-14418.9
2058	1	-14418.9
2059	1	-14418.9
2060	1	-14418.9
2061	1	-14418.9
2062	1	-14418.9
2063	1	-14418.9
2064	1	-14418.9
2065	1	-14418.9
2066	1	-14418.9
2067	1	-14418.9
2068	1	-14418.9
2069	1	-14418.9
2070	1	-14418.9
2071	1	-14418.9
2072	1	-14418.9
2073	1	-14418.9
2074	1	-14418.9
2075	1	-14418.9
2076	1	-14418.9
2077	1	-14418.9
2078	1	-14418.9
2079	1	-14418.9
2080	1	-14418.9
2081	1	-14418.9
2082	1	-14418.9
2083	1	-14418.9
2084	1	-14418.9
2085	1	-14418.9
2086	1	-14418.9
2087	1	-14418.9
2088	1	-14418.9
2089	1	-14418.9
2090	1	-14418.9
2091	1	-14418.9
2092	1	-14418.9
2093	1	-14418.9
2094	1	-14418.9
2095	1	-14418.9
2096	1	-14418.9
2097	1	-14418.9
2098	1	-14418.9
2099	1	-14418.9
2100	1	-14418.9
2101	1	-14418.9
2102	1	-14418.9
2103	1	-14418.9
2104	1	-14418.9
2105	1	-14418.9
2106	1	-14418.9
2107	1	-14418.9
2108	1	-14418.9
2109	1	-14418.9
2110	1	-14418.9
2111	1	-14418.9
2112	1	-14418.9
2113	1	-14418.9
2114	1	-14418.9
2115	1	-14418.9
2116	1	-14418.9
2117	1	-14418.9
2118	1	-14418.9
2119	1	-14418.9
2120	1	-14418.9
2121	1	-14418.9
2122	1	-14418.9
2123	1	-14418.9
2124	1	-14418.9
2125	1	-14418.9
2126	1	-14418.9
2127	1	-14418.9
2128	1	-14418.9
2129	1	-14418.9
2130	1	-14418.9
2131	1	-14418.9
2132	1	-14418.9
2133	1	-14418.9
2134	1	-14418.9
2135	1	-14418.9
2136	1	-14418.9
2137	1	-14418.9
2138	1	-14418.9
2139	1	-14418.9
2140	1	-14418.9
2141	1	-14418.9
2142	1	-14418.9
2143	1	-14418.9
2144	1	-14418.9
2145	1	-14418.9
2146	1	-14418.9
2147	1	-14418.9
2148	1	-14418.9
2149	1	-14418.9
2150	1	-14418.9
2151	1	-14418.9
2152	1	-14418.9
2153	1	-14418.9
2154	1	-14418.9
2155	1	-14418.9
2156	1	-14418.9
2157	1	-14418.9
2158	1	-14418.9
2159	1	-14418.9
2160	1	-14418.9
2161	1	-14418.9
2162	1	-14418.9
2163	1	-14418.9
2164	1	-14418.9
2165	1	-14418.9
2166	1	-14418.9
2167	1	-14418.9
2168	1	-14418.9
2169	1	-14418.9
2170	1	-14418.9
2171	1	-14418.9
2172	1	-14418.9
2173	1	-14418.9
2174	1	-14418.9
2175	1	-14418.9
2176	1	-14418.9
2177	1	-14418.9
2178	1	-14418.9
2179	1	-14418.9
2180	1	-14418.9
2181	1	-14418.9
2182	1	-14418.9
2183	1	-14418.9
2184	1	-14418.9
2185	1	-14418.9
2186	1	-14418.9
2187	1	-14418.9
2188	1	-14418.9
2189	1	-14418.9
2190	1	-14418.9
2191	1	-14418.9
2192	1	-14418.9
2193	1	-14418.9
2194	1	-14418.9
2195	1	-14418.9
2196	1	-14418.9
2197	1	-14418.9
2198	1	-14418.9
2199	1	-14418.9
2200	1	-14418.9
2201	1	-14418.9
2202	1	-14418.9
2203	1	-14418.9
2204	1	-14418.9
2205	1	-14418.9
2206	1	-14418.9
2207	1	-14418.9
2208	1	-14418.9
2209	1	-14418.9
2210	1	-14418.9
2211	1	-14418.9
2212	1	-14418.9
2213	1	-14418.9
2214	1	-14418.9
2215	1	-14418.9
2216	1	-14418.9
2217	1	-14418.9
2218	1	-14418.9
2219	1	-14418.9
2220	1	-14418.9
2221	1	-14418.9
2222	1	-14418.9
2223	1	-14418.9
2224	1	-14418.9
2225	1	-14418.9
2226	1	-14418.9
2227	1	-14418.9
2228	1	-14418.9
2229	1	-14418.9
2230	1	-14418.9
2231	1	-14418.9
2232	1	-14418.9
2233	1	-14418.9
2234	1	-14418.9
2235	1	-14418.9
2236	1	-14418.9
2237	1	-14418.9
2238	1	-14418.9
2239	1	-14418.9
2240	1	-14418.9
2241	1	-14418.9
2242	1	-14418.9
2243	1	-14418.9
2244	1	-14418.9
2245	1	-14418.9
2246	1	-14418.9
2247	1	-14418.9
2248	1	-14418.9
2249	1	-14418.9
2250	1	-14418.9
2251	1	-14418.9
2252	1	-14418.9
2253	1	-14418.9
2254	1	-14418.9
2255	1	-14418.9
2256	1	-14418.9
2257	1	-14418.9
2258	1	-14418.9
2259	1	-14418.9
2260	1	-14418.9
2261	1	-14418.9
2262	1	-14418.9
2263	1	-14418.9
2264	1	-14418.9
2265	1	-14418.9
2266	1	-14418.9
2267	1	-14418.9
2268	1	-14418.9
2269	1	-14418.9
2270	1	-14418.9
2271	1	-14418.9
2272	1	-14418.9
2273	1	-14418.9
2274	1	-14418.9
2275	1	-14418.9
2276	1	-14418.9
2277	1	-14418.9
2278	1	-14418.9
2279	1	-14418.9
2280	1	-14418.9
2281	1	-14418.9
2282	1	-14418.9
2283	1	-14418.9
2284	1	-14418.9
2285	1	-14418.9
2286	1	-14418.9
2287	1	-14418.9
2288	1	-14418.9
2289	1	-14418.9
2290	1	-14418.9
2291	1	-14418.9
2292	1	-14418.9
2293	1	-14418.9
2294	1	-14418.9
2295	1	-14418.9
2296	1	-14418.9
2297	1	-14418.9
2298	1	-14418.9
2299	1	-14418.9
2300	1	-14418.9
2301	1	-14418.9
2302	1	-14418.9
2303	1	-14418.9
2304	1	-14418.9
2305	1	-14418.9
2306	1	-14418.9
2307	1	-14418.9
2308	1	-14418.9
2309	1	-14418.9
2310	1	-14418.9
2311	1	-14418.9
2312	1	-14418.9
2313	1	-14418.9
2314	1	-14418.9
2315	1	-14418.9
2316	1	-14418.9
2317	1	-14418.9
2318	1	-14418.9
2319	1	-14418.9
2320	1	-14418.9
2321	1	-14418.9
2322	1	-14418.9
2323	1	-14418.9
2324	1	-14418.9
2325	1	-14418.9
2326	1	-14418.9
2327	1	-14418.9
2328	1	-14418.9
2329	1	-14418.9
2330	1	-14418.9
2331	1	-14418.9
2332	1	-14418.9
2333	1	-14418.9
2334	1	-14418.9
2335	1	-14418.9
2336	1	-14418.9
2337	1	-14418.9
2338	1	-14418.9
2339	1	-14418.9
2340	1	-14418.9
2341	1	-14418.9
2342	1	-14418.9
2343	1	-14418.9
2344	1	-14418.9
2345	1	-14418.9
2346	1	-14418.9
2347	1	-14418.9
2348	1	-14418.9
2349	1	-14418.9
2350	1	-14418.9
2351	1	-14418.9
2352	1	-14418.9
2353	1	-14418.9
2354	1	-14418.9
2355	1	-14418.9
2356	1	-14418.9
2357	1	-14418.9
2358	1	-14418.9
2359	1	-14418.9
2360	1	-14418.9
2361	1	-14418.9
2362	1	-14418.9
2363	1	-14418.9
2364	1	-14418.9
2365	1	-14418.9
2366	1	-14418.9
2367	1	-14418.9
2368	1	-14418.9
2369	1	-14418.9
2370	1	-14418.9
2371	1	-14418.9
2372	1	-14418.9
2373	1	-14418.9
2374	1	-14418.9
2375	1	-14418.9
2376	1	-14418.9
2377	1	-14418.9
2378	1	-14418.9
2379	1	-14418.9
2380	1	-14418.9
2381	1	-14418.9
2382	1	-14418.9
2383	1	-14418.9
2384	1	-14418.9
2385	1	-14418.9
2386	1	-14418.9
2387	1	-14418.9
2388	1	-14418.9
2389	1	-14418.9
2390	1	-14418.9
2391	1	-14418.9
2392	1	-14418.9
2393	1	-14418.9
2394	1	-14418.9
2395	1	-14418.9
2396	1	-14418.9
2397	1	-14418.9
2398	1	-14418.9
2399	1	-14418.9
2400	1	-14418.9
2401	1	-14418.9
2402	1	-14418.9
2403	1	-14418.9
2404	1	-14418.9
2405	1	-14418.9
2406	1	-14418.9
2407	1	-14418.9
2408	1	-14418.9
2409	1	-14418.9
2410	1	-14418.9
2411	1	-14418.9
2412	1	-14418.9
2413	1	-14418.9
2414	1	-14418.9
2415	1	-14418.9
2416	1	-14418.9
2417	1	-14418.9
2418	1	-14418.9
2419	1	-14418.9
2420	1	-14418.9
2421	1	-14418.9
2422	1	-14418.9
2423	1	-14418.9
2424	1	-14418.9
2425	1	-14418.9
2426	1	-14418.9
2427	1	-14418.9
2428	1	-14418.9
2429	1	-14418.9
2430	1	-14418.9
2431	1	-14418.9
2432	1	-14418.9
2433	1	-14418.9
2434	1	-14418.9
2435	1	-14418.9
2436	1	-14418.9
2437	1	-14418.9
2438	1	-14418.9
2439	1	-14418.9
2440	1	-14418.9
2441	1	-14418.9
2442	1	-14418.9
2443	1	-14418.9
2444	1	-14418.9
2445	1	-14418.9
2446	1	-14418.9
2447	1	-14418.9
2448	1	-14418.9
2449	1	-14418.9
2450	1	-14418.9
2451	1	-14418.9
2452	1	-14418.9
2453	1	-14418.9
2454	1	-14418.9
2455	1	-14418.9
2456	1	-14418.9
2457	1	-14418.9
2458	1	-14418.9
2459	1	-14418.9
2460	1	-14418.9
2461	1	-14418.9
2462	1	-14418.9
2463	1	-14418.9
2464	1	-14418.9
2465	1	-14418.9
2466	1	-14418.9
2467	1	-14418.9
2468	1	-14418.9
2469	1	-14418.9
2470	1	-14418.9
2471	1	-14418.9
2472	1	-14418.9
2473	1	-14418.9
2474	1	-14418.9
2475	1	-14418.9
2476	1	-14418.9
2477	1	-14418.9
2478	1	-14418.9
2479	1	-14418.9
2480	1	-14418.9
2481	1	-14418.9
2482	1	-14418.9
2483	1	-14418.9
2484	1	-14418.9
2485	1	-14418.9
2486	1	-14418.9
2487	1	-14418.9
2488	1	-14418.9
2489	1	-14418.9
2490	1	-14418.9
2491	1	-14418.9
2492	1	-14418.9
2493	1	-14418.9
2494	1	-14418.9
2495	1	-14418.9
2496	1	-14418.9
2497	1	-14418.9
2498	1	-14418.9
2499	1	-14418.9
2500	1	-14418.9
2501	1	-14418.9
2502	1	-14418.9
2503	1	-14418.9
2504	1	-14418.9
2505	1	-14418.9
2506	1	-14418.9
2507	1	-14418.9
2508	1	-14418.9
2509	1	-14418.9
2510	1	-14418.9
2511	1	-14418.9
2512	1	-14418.9
2513	1	-14418.9
2514	1	-14418.9
2515	1	-14418.9
2516	1	-14418.9
2517	1	-14418.9
2518	1	-14418.9
2519	1	-14418.9
2520	1	-14418.9
2521	1	-14418.9
2522	1	-14418.9
2523	1	-14418.9
2524	1	-14418.9
2525	1	-14418.9
2526	1	-14418.9
2527	1	-14418.9
2528	1	-14418.9
2529	1	-14418.9
2530	1	-14418.9
2531	1	-14418.9
2532	1	-14418.9
2533	1	-14418.9
2534	1	-14418.9
2535	1	-14418.9
2536	1	-14418.9
2537	1	-14418.9
2538	1	-14418.9
2539	1	-14418.9
2540	1	-14418.9
2541	1	-14418.9
2542	1	-14418.9
2543	1	-14418.9
2544	1	-14418.9
2545	1	-14418.9
2546	1	-14418.9
2547	1	-14418.9
2548	1	-14418.9
2549	1	-14418.9
2550	1	-14418.9
2551	1	-14418.9
2552	1	-14418.9
2553	1	-14418.9
2554	1	-14418.9
2555	1	-14418.9
2556	1	-14418.9
2557	1	-14418.9
2558	1	-14418.9
2559	1	-14418.9
2560	1	-14418.9
2561	1	-14418.9
2562	1	-14418.9
2563	1	-14418.9
2564	1	-14418.9
2565	1	-14418.9
2566	1	-14418.9
2567	1	-14418.9
2568	1	-14418.9
2569	1	-14418.9
2570	1	-14418.9
2571	1	-14418.9
2572	1	-14418.9
2573	1	-14418.9
2574	1	-14418.9
2575	1	-14418.9
2576	1	-14418.9
2577	1	-14418.9
2578	1	-14418.9
2579	1	-14418.9
2580	1	-14418.9
2581	1	-14418.9
2582	1	-14418.9
2583	1	-14418.9
2584	1	-14418.9
2585	1	-14418.9
2586	1	-14418.9
2587	1	-14418.9
2588	1	-14418.9
2589	1	-14418.9
2590	1	-14418.9
2591	1	-14418.9
2592	1	-14418.9
2593	1	-14418.9
2594	1	-14418.9
2595	1	-14418.9
2596	1	-14418.9
2597	1	-14418.9
2598	1	-14418.9
2599	1	-14418.9
2600	1	-14418.9
2601	1	-14418.9
2602	1	-14418.9
2603	1	-14418.9
2604	1	-14418.9
2605	1	-14418.9
2606	1	-14418.9
2607	1	-14418.9
2608	1	-14418.9
2609	1	-14418.9
2610	1	-14418.9
2611	1	-14418.9
2612	1	-14418.9
2613	1	-14418.9
2614	1	-14418.9
2615	1	-14418.9
2616	1	-14418.9
2617	1	-14418.9
2618	1	-14418.9
2619	1	-14418.9
2620	1	-14418.9
2621	1	-14418.9
2622	1	-14418.9
2623	1	-14418.9
2624	1	-14418.9
2625	1	-14418.9
2626	1	-14418.9
2627	1	-14418.9
2628	1	-14418.9
2629	1	-14418.9
2630	1	-14418.9
2631	1	-14418.9
2632	1	-14418.9
2633	1	-14418.9
2634	1	-14418.9
2635	1	-14418.9
2636	1	-14418.9
2637	1	-14418.9
2638	1	-14418.9
2639	1	-14418.9
2640	1	-14418.9
2641	1	-14418.9
2642	1	-14418.9
2643	1	-14418.9
2644	1	-14418.9
2645	1	-14418.9
2646	1	-14418.9
2647	1	-14418.9
2648	1	-14418.9
2649	1	-14418.9
2650	1	-14418.9
2651	1	-14418.9
2652	1	-14418.9
2653	1	-14418.9
2654	1	-14418.9
2655	1	-14418.9
2656	1	-14418.9
2657	1	-14418.9
2658	1	-14418.9
2659	1	-14418.9
2660	1	-14418.9
2661	1	-14418.9
2662	1	-14418.9
2663	1	-14418.9
2664	1	-14418.9
2665	1	-14418.9
2666	1	-14418.9
2667	1	-14418.9
2668	1	-14418.9
2669	1	-14418.9
2670	1	-14418.9
2671	1	-14418.9
2672	1	-14418.9
2673	1	-14418.9
2674	1	-14418.9
2675	1	-14418.9
2676	1	-14418.9
2677	1	-14418.9
2678	1	-14418.9
2679	1	-14418.9
2680	1	-14418.9
2681	1	-14418.9
2682	1	-14418.9
2683	1	-14418.9
2684	1	-14418.9
2685	1	-14418.9
2686	1	-14418.9
2687	1	-14418.9
2688	1	-14418.9
2689	1	-14418.9
2690	1	-14418.9
2691	1	-14418.9
2692	1	-14418.9
2693	1	-14418.9
2694	1	-14418.9
2695	1	-14418.9
2696	1	-14418.9
2697	1	-14418.9
2698	1	-14418.9
2699	1	-14418.9
2700	1	-14418.9
2701	1	-14418.9
2702	1	-14418.9
2703	1	-14418.9
2704	1	-14418.9
2705	1	-14418.9
2706	1	-14418.9
2707	1	-14418.9
2708	1	-14418.9
2709	1	-14418.9
2710	1	-14418.9
2711	1	-14418.9
2712	1	-14418.9
2713	1	-14418.9
2714	1	-14418.9
2715	1	-14418.9
2716	1	-14418.9
2717	1	-14418.9
2718	1	-14418.9
2719	1	-14418.9
2720	1	-14418.9
2721	1	-14418.9
2722	1	-14418.9
2723	1	-14418.9
2724	1	-14418.9
2725	1	-14418.9
2726	1	-14418.9
2727	1	-14418.9
2728	1	-14418.9
2729	1	-14418.9
2730	1	-14418.9
2731	1	-14418.9
2732	1	-14418.9
2733	1	-14418.9
2734	1	-14418.9
2735	1	-14418.9
2736	1	-14418.9
2737	1	-14418.9
2738	1	-14418.9
2739	1	-14418.9
2740	1	-14418.9
2741	1	-14418.9
2742	1	-14418.9
2743	1	-14418.9
2744	1	-14418.9
2745	1	-14418.9
2746	1	-14418.9
2747	1	-14418.9
2748	1	-14418.9
2749	1	-14418.9
2750	1	-14418.9
2751	1	-14418.9
2752	1	-14418.9
2753	1	-14418.9
2754	1	-14418.9
2755	1	-14418.9
2756	1	-14418.9
2757	1	-14418.9
2758	1	-14418.9
2759	1	-14418.9
2760	1	-14418.9
2761	1	-14418.9
2762	1	-14418.9
2763	1	-14418.9
2764	1	-14418.9
2765	1	-14418.9
2766	1	-14418.9
2767	1	-14418.9
2768	1	-14418.9
2769	1	-14418.9
2770	1	-14418.9
2771	1	-14418.9
2772	1	-14418.9
2773	1	-14418.9
2774	1	-14418.9
2775	1	-14418.9
2776	1	-14418.9
2777	1	-14418.9
2778	1	-14418.9
2779	1	-14418.9
2780	1	-14418.9
2781	1	-14418.9
2782	1	-14418.9
2783	1	-14418.9
2784	1	-14418.9
2785	1	-14418.9
2786	1	-14418.9
2787	1	-14418.9
2788	1	-14418.9
2789	1	-14418.9
2790	1	-14418.9
2791	1	-14418.9
2792	1	-14418.9
2793	1	-14418.9
2794	1	-14418.9
2795	1	-14418.9
2796	1	-14418.9
2797	1	-14418.9
2798	1	-14418.9
2799	1	-14418.9
2800	1	-14418.9
2801	1	-14418.9
2802	1	-14418.9
2803	1	-14418.9
2804	1	-14418.9
2805	1	-14418.9
2806	1	-14418.9
2807	1	-14418.9
2808	1	-14418.9
2809	1	-14418.9
2810	1	-14418.9
2811	1	-14418.9
2812	1	-14418.9
2813	1	-14418.9
2814	1	-14418.9
2815	1	-14418.9
2816	1	-14418.9
2817	1	-14418.9
2818	1	-14418.9
2819	1	-14418.9
2820	1	-14418.9
2821	1	-14418.9
2822	1	-14418.9
2823	1	-14418.9
2824	1	-14418.9
2825	1	-14418.9
2826	1	-14418.9
2827	1	-14418.9
2828	1	-14418.9
2829	1	-14418.9
2830	1	-14418.9
2831	1	-14418.9
2832	1	-14418.9
2833	1	-14418.9
2834	1	-14418.9
2835	1	-14418.9
2836	1	-14418.9
2837	1	-14418.9
2838	1	-14418.9
2839	1	-14418.9
2840	1	-14418.9
2841	1	-14418.9
2842	1	-14418.9
2843	1	-14418.9
2844	1	-14418.9
2845	1	-14418.9
2846	1	-14418.9
2847	1	-14418.9
2848	1	-14418.9
2849	1	-14418.9
2850	1	-14418.9
2851	1	-14418.9
2852	1	-14418.9
2853	1	-14418.9
2854	1	-14418.9
2855	1	-14418.9
2856	1	-14418.9
2857	1	-14418.9
2858	1	-14418.9
2859	1	-14418.9
2860	1	-14418.9
2861	1	-14418.9
2862	1	-14418.9
2863	1	-14418.9
2864	1	-14418.9
2865	1	-14418.9
2866	1	-14418.9
2867	1	-14418.9
2868	1	-14418.9
2869	1	-14418.9
2870	1	-14418.9
2871	1	-14418.9
2872	1	-14418.9
2873	1	-14418.9
2874	1	-14418.9
2875	1	-14418.9
2876	1	-14418.9
2877	1	-14418.9
2878	1	-14418.9
2879	1	-14418.9
2880	1	-14418.9
2881	1	-14418.9
2882	1	-14418.9
2883	1	-14418.9
2884	1	-14418.9
2885	1	-14418.9
2886	1	-14418.9
2887	1	-14418.9
2888	1	-14418.9
2889	1	-14418.9
2890	1	-14418.9
2891	1	-14418.9
2892	1	-14418.9
2893	1	-14418.9
2894	1	-14418.9
2895	1	-14418.9
2896	1	-14418.9
2897	1	-14418.9
2898	1	-14418.9
2899	1	-14418.9
2900	1	-14418.9
2901	1	-14418.9
2902	1	-14418.9
2903	1	-14418.9
2904	1	-14418.9
2905	1	-14418.9
2906	1	-14418.9
2907	1	-14418.9
2908	1	-14418.9
2909	1	-14418.9
2910	1	-14418.9
2911	1	-14418.9
2912	1	-14418.9
2913	1	-14418.9
2914	1	-14418.9
2915	1	-14418.9
2916	1	-14418.9
2917	1	-14418.9
2918	1	-14418.9
2919	1	-14418.9
2920	1	-14418.9
2921	1	-14418.9
2922	1	-14418.9
2923	1	-14418.9
2924	1	-14418.9
2925	1	-14418.9
2926	1	-14418.9
2927	1	-14418.9
2928	1	-14418.9
2929	1	-14418.9
2930	1	-14418.9
2931	1	-14418.9
2932	1	-14418.9
2933	1	-14418.9
2934	1	-14418.9
2935	1	-14418.9
2936	1	-14418.9
2937	1	-14418.9
2938	1	-14418.9
2939	1	-14418.9
2940	1	-14418.9
2941	1	-14418.9
2942	1	-14418.9
2943	1	-14418.9
2944	1	-14418.9
2945	1	-14418.9
2946	1	-14418.9
2947	1	-14418.9
2948	1	-14418.9
2949	1	-14418.9
2950	1	-14418.9
2951	1	-14418.9
2952	1	-14418.9
2953	1	-14418.9
2954	1	-14418.9
2955	1	-14418.9
2956	1	-14418.9
2957	1	-14418.9
2958	1	-14418.9
2959	1	-14418.9
2960	1	-14418.9
2961	1	-14418.9
2962	1	-14418.9
2963	1	-14418.9
2964	1	-14418.9
2965	1	-14418.9
2966	1	-14418.9
2967	1	-14418.9
2968	1	-14418.9
2969	1	-14418.9
2970	1	-14418.9
2971	1	-14418.9
2972	1	-14418.9
2973	1	-14418.9
2974	1	-14418.9
2975	1	-14418.9
2976	1	-14418.9
2977	1	-14418.9
2978	1	-14418.9
2979	1	-14418.9
2980	1	-14418.9
2981	1	-14418.9
2982	1	-14418.9
2983	1	-14418.9
2984	1	-14418.9
2985	1	-14418.9
2986	1	-14418.9
2987	1	-14418.9
2988	1	-14418.9
2989	1	-14418.9
2990	1	-14418.9
2991	1	-14418.9
2992	1	-14418.9
2993	1	-14418.9
2994	1	-14418.9
2995	1	-14418.9
2996	1	-14418.9
2997	1	-14418.9
2998	1	-14418.9
2999	1	-14418.9
3000	1	-14418.9
3001	1	-14418.9
3002	1	-14418.9
3003	1	-14418.9
3004	1	-14418.9
3005	1	-14418.9
3006	1	-14418.9
3007	1	-14418.9
3008	1	-14418.9
3009	1	-14418.9
3010	1	-14418.9
3011	1	-14418.9
3012	1	-14418.9
3013	1	-14418.9
3014	1	-14418.9
3015	1	-14418.9
3016	1	-14418.9
3017	1	-14418.9
3018	1	-14418.9
3019	1	-14418.9
3020	1	-14418.9
3021	1	-14418.9
3022	1	-14418.9
3023	1	-14418.9
3024	1	-14418.9
3025	1	-14418.9
3026	1	-14418.9
3027	1	-14418.9
3028	1	-14418.9
3029	1	-14418.9
3030	1	-14418.9
3031	1	-14418.9
3032	1	-14418.9
3033	1	-14418.9
3034	1	-14418.9
3035	1	-14418.9
3036	1	-14418.9
3037	1	-14418.9
3038	1	-14418.9
3039	1	-14418.9
3040	1	-14418.9
3041	1	-14418.9
3042	1	-14418.9
3043	1	-14418.9
3044	1	-14418.9
3045	1	-14418.9
3046	1	-14418.9
3047	1	-14418.9
3048	1	-14418.9
3049	1	-14418.9
3050	1	-14418.9
3051	1	-14418.9
3052	1	-14418.9
3053	1	-14418.9
3054	1	-14418.9
3055	1	-14418.9
3056	1	-14418.9
3057	1	-14418.9
3058	1	-14418.9
3059	1	-14418.9
3060	1	-14418.9
3061	1	-14418.9
3062	1	-14418.9
3063	1	-14418.9
3064	1	-14418.9
3065	1	-14418.9
3066	1	-14418.9
3067	1	-14418.9
3068	1	-14418.9
3069	1	-14418.9
3070	1	-14418.9
3071	1	-14418.9
3072	1	-14418.9
3073	1	-14418.9
3074	1	-14418.9
3075	1	-14418.9
3076	1	-14418.9
3077	1	-14418.9
3078	1	-14418.9
3079	1	-14418.9
3080	1	-14418.9
3081	1	-14418.9
3082	1	-14418.9
3083	1	-14418.9
3084	1	-14418.9
3085	1	-14418.9
3086	1	-14418.9
3087	1	-14418.9
3088	1	-14418.9
3089	1	-14418.9
3090	1	-14418.9
3091	1	-14418.9
3092	1	-14418.9
3093	1	-14418.9
3094	1	-14418.9
3095	1	-14418.9
3096	1	-14418.9
3097	1	-14418.9
3098	1	-14418.9
3099	1	-14418.9
3100	1	-14418.9
3101	1	-14418.9
3102	1	-14418.9
3103	1	-14418.9
3104	1	-14418.9
3105	1	-14418.9
3106	1	-14418.9
3107	1	-14418.9
3108	1	-14418.9
3109	1	-14418.9
3110	1	-14418.9
3111	1	-14418.9
3112	1	-14418.9
3113	1	-14418.9
3114	1	-14418.9
3115	1	-14418.9
3116	1	-14418.9
3117	1	-14418.9
3118	1	-14418.9
3119	1	-14418.9
3120	1	-14418.9
3121	1	-14418.9
3122	1	-14418.9
3123	1	-14418.9
3124	1	-14418.9
3125	1	-14418.9
3126	1	-14418.9
3127	1	-14418.9
3128	1	-14418.9
3129	1	-14418.9
3130	1	-14418.9
3131	1	-14418.9
3132	1	-14418.9
3133	1	-14418.9
3134	1	-14418.9
3135	1	-14418.9
3136	1	-14418.9
3137	1	-14418.9
3138	1	-14418.9
3139	1	-14418.9
3140	1	-14418.9
3141	1	-14418.9
3142	1	-14418.9
3143	1	-14418.9
3144	1	-14418.9
3145	1	-14418.9
3146	1	-14418.9
3147	1	-14418.9
3148	1	-14418.9
3149	1	-14418.9
3150	1	-14418.9
3151	1	-14418.9
3152	1	-14418.9
3153	1	-14418.9
3154	1	-14418.9
3155	1	-14418.9
3156	1	-14418.9
3157	1	-14418.9
3158	1	-14418.9
3159	1	-14418.9
3160	1	-14418.9
3161	1	-14418.9
3162	1	-14418.9
3163	1	-14418.9
3164	1	-14418.9
3165	1	-14418.9
3166	1	-14418.9
3167	1	-14418.9
3168	1	-14418.9
3169	1	-14418.9
3170	1	-14418.9
3171	1	-14418.9
3172	1	-14418.9
3173	1	-14418.9
3174	1	-14418.9
3175	1	-14418.9
3176	1	-14418.9
3177	1	-14418.9
3178	1	-14418.9
3179	1	-14418.9
3180	1	-14418.9
3181	1	-14418.9
3182	1	-14418.9
3183	1	-14418.9
3184	1	-14418.9
3185	1	-14418.9
3186	1	-14418.9
3187	1	-14418.9
3188	1	-14418.9
3189	1	-14418.9
3190	1	-14418.9
3191	1	-14418.9
3192	1	-14418.9
3193	1	-14418.9
3194	1	-14418.9
3195	1	-14418.9
3196	1	-14418.9
3197	1	-14418.9
3198	1	-14418.9
3199	1	-14418.9
3200	1	-14418.9
3201	1	-14418.9
3202	1	-14418.9
3203	1	-14418.9
3204	1	-14418.9
3205	1	-14418.9
3206	1	-14418.9
3207	1	-14418.9
3208	1	-14418.9
3209	1	-14418.9
3210	1	-14418.9
3211	1	-14418.9
3212	1	-14418.9
3213	1	-14418.9
3214	1	-14418.9
3215	1	-14418.9
3216	1	-14418.9
3217	1	-14418.9
3218	1	-14418.9
3219	1	-14418.9
3220	1	-14418.9
3221	1	-14418.9
3222	1	-14418.9
3223	1	-14418.9
3224	1	-14418.9
3225	1	-14418.9
3226	1	-14418.9
3227	1	-14418.9
3228	1	-14418.9
3229	1	-14418.9
3230	1	-14418.9
3231	1	-14418.9
3232	1	-14418.9
3233	1	-14418.9
3234	1	-14418.9
3235	1	-14418.9
3236	1	-14418.9
3237	1	-14418.9
3238	1	-14418.9
3239	1	-14418.9
3240	1	-14418.9
3241	1	-14418.9
3242	1	-14418.9
3243	1	-14418.9
3244	1	-14418.9
3245	1	-14418.9
3246	1	-14418.9
3247	1	-14418.9
3248	1	-14418.9
3249	1	-14418.9
3250	1	-14418.9
3251	1	-14418.9
3252	1	-14418.9
3253	1	-14418.9
3254	1	-14418.9
3255	1	-14418.9
3256	1	-14418.9
3257	1	-14418.9
3258	1	-14418.9
3259	1	-14418.9
3260	1	-14418.9
3261	1	-14418.9
3262	1	-14418.9
3263	1	-14418.9
3264	1	-14418.9
3265	1	-14418.9
3266	1	-14418.9
3267	1	-14418.9
3268	1	-14418.9
3269	1	-14418.9
3270	1	-14418.9
3271	1	-14418.9
3272	1	-14418.9
3273	1	-14418.9
3274	1	-14418.9
3275	1	-14418.9
3276	1	-14418.9
3277	1	-14418.9
3278	1	-14418.9
3279	1	-14418.9
3280	1	-14418.9
3281	1	-14418.9
3282	1	-14418.9
3283	1	-14418.9
3284	1	-14418.9
3285	1	-14418.9
3286	1	-14418.9
3287	1	-14418.9
3288	1	-14418.9
3289	1	-14418.9
3290	1	-14418.9
3291	1	-14418.9
3292	1	-14418.9
3293	1	-14418.9
3294	1	-14418.9
3295	1	-14418.9
3296	1	-14418.9
3297	1	-14418.9
3298	1	-14418.9
3299	1	-14418.9
3300	1	-14418.9
3301	1	-14418.9
3302	1	-14419
3303	1	-14418.9
3304	1	-14419
3305	1	-14419
3306	1	-14419
3307	1	-14418.9
3308	1	-14419
3309	1	-14418.9
3310	1	-14418.9
3311	1	-14418.9
3312	1	-14418.9
3313	1	-14418.9
3314	1	-14418.9
3315	1	-14418.9
3316	1	-14418.9
3317	1	-14418.9
3318	1	-14418.9
3319	1	-14418.9
3320	1	-14418.9
3321	1	-14418.9
3322	1	-14418.9
3323	1	-14418.9
3324	1	-14418.9
3325	1	-14418.9
3326	1	-14418.9
3327	1	-14418.9
3328	1	-14418.9
3329	1	-14418.9
3330	1	-14418.9
3331	1	-14418.9
3332	1	-14418.9
3333	1	-14418.9
3334	1	-14418.9
3335	1	-14418.9
3336	1	-14418.9
3337	1	-14418.9
3338	1	-14418.9
3339	1	-14418.9
3340	1	-14418.9
3341	1	-14418.9
3342	1	-14418.9
3343	1	-14418.9
3344	1	-14418.9
3345	1	-14418.9
3346	1	-14418.9
3347	1	-14418.9
3348	1	-14418.9
3349	1	-14418.9
3350	1	-14418.9
3351	1	-14418.9
3352	1	-14419
3353	1	-14419
3354	1	-14419
3355	1	-14419
3356	1	-14419
3357	1	-14419
3358	1	-14419
3359	1	-14419
3360	1	-14419
3361	1	-14419
3362	1	-14419
3363	1	-14419
3364	1	-14419
3365	1	-14419
3366	1	-14419
3367	1	-14419
3368	1	-14419
3369	1	-14419
3370	1	-14419
3371	1	-14419
3372	1	-14419
3373	1	-14419
3374	1	-14419
3375	1	-14419
3376	1	-14419
3377	1	-14419
3378	1	-14419
3379	1	-14419
3380	1	-14419
3381	1	-14419
3382	1	-14419
3383	1	-14419
3384	1	-14419
3385	1	-14419
3386	1	-14419
3387	1	-14419
3388	1	-14419
3389	1	-14419
3390	1	-14419
3391	1	-14419
3392	1	-14419
3393	1	-14419
3394	1	-14419
3395	1	-14419
3396	1	-14419
3397	1	-14419
3398	1	-14419
3399	1	-14419
3400	1	-14419
3401	1	-14419
3402	1	-14419
3403	1	-14419
3404	1	-14419
3405	1	-14419
3406	1	-14419
3407	1	-14419
3408	1	-14419
3409	1	-14419
3410	1	-14419
3411	1	-14419
3412	1	-14419
3413	1	-14419
3414	1	-14419
3415	1	-14419
3416	1	-14419
3417	1	-14419
3418	1	-14419
3419	1	-14419
3420	1	-14419
3421	1	-14419
3422	1	-14419
3423	1	-14419
3424	1	-14419
3425	1	-14419
3426	1	-14419
3427	1	-14419
3428	1	-14419
3429	1	-14419
3430	1	-14419
3431	1	-14419
3432	1	-14419
3433	1	-14419
3434	1	-14419
3435	1	-14419
3436	1	-14419
3437	1	-14419
3438	1	-14419
3439	1	-14419
3440	1	-14419
3441	1	-14419
3442	1	-14419
3443	1	-14419
3444	1	-14419
3445	1	-14419
3446	1	-14419
3447	1	-14419
3448	1	-14419
3449	1	-14419
3450	1	-14419
3451	1	-14419
3452	1	-14419
3453	1	-14419
3454	1	-14419
3455	1	-14419
3456	1	-14419
3457	1	-14419
3458	1	-14419
3459	1	-14419
3460	1	-14419
3461	1	-14419
3462	1	-14419
3463	1	-14419
3464	1	-14419
3465	1	-14419
3466	1	-14419
3467	1	-14419
3468	1	-14419
3469	1	-14419
3470	1	-14419
3471	1	-14419
3472	1	-14419
3473	1	-14419
3474	1	-14419
3475	1	-14419
3476	1	-14419
3477	1	-14419
3478	1	-14419
3479	1	-14419
3480	1	-14419
3481	1	-14419
3482	1	-14419
3483	1	-14419
3484	1	-14419
3485	1	-14419
3486	1	-14419
3487	1	-14419
3488	1	-14419
3489	1	-14419
3490	1	-14419
3491	1	-14419
3492	1	-14419
3493	1	-14419
3494	1	-14419
3495	1	-14419
3496	1	-14419
3497	1	-14419
3498	1	-14419
3499	1	-14419
3500	1	-14419
3501	1	-14419
3502	1	-14419
3503	1	-14419
3504	1	-14419
3505	1	-14419
3506	1	-14419
3507	1	-14419
3508	1	-14419
3509	1	-14419
3510	1	-14419
3511	1	-14419
3512	1	-14419
3513	1	-14419
3514	1	-14419
3515	1	-14419
3516	1	-14419
3517	1	-14419
3518	1	-14419
3519	1	-14419
3520	1	-14419
3521	1	-14419
3522	1	-14419
3523	1	-14419
3524	1	-14419
3525	1	-14419
3526	1	-14419
3527	1	-14419
3528	1	-14419
3529	1	-14419
3530	1	-14419
3531	1	-14419
3532	1	-14419
3533	1	-14419
3534	1	-14419
3535	1	-14419
3536	1	-14419
3537	1	-14419
3538	1	-14419
3539	1	-14419
3540	1	-14419
3541	1	-14419
3542	1	-14419
3543	1	-14419
3544	1	-14419
3545	1	-14419
3546	1	-14419
3547	1	-14419
3548	1	-14419
3549	1	-14419
3550	1	-14419
3551	1	-14419
3552	1	-14419
3553	1	-14419
3554	1	-14419
3555	1	-14419
3556	1	-14419
3557	1	-14419
3558	1	-14419
3559	1	-14419
3560	1	-14419
3561	1	-14419
3562	1	-14419
3563	1	-14419
3564	1	-14419
3565	1	-14419
3566	1	-14419
3567	1	-14419
3568	1	-14419
3569	1	-14419
3570	1	-14419
3571	1	-14419
3572	1	-14419
3573	1	-14419
3574	1	-14419
3575	1	-14419
3576	1	-14419
3577	1	-14419
3578	1	-14419
3579	1	-14419
3580	1	-14419
3581	1	-14419
3582	1	-14419
3583	1	-14419
3584	1	-14419
3585	1	-14419
3586	1	-14419
3587	1	-14419
3588	1	-14419
3589	1	-14419
3590	1	-14419
3591	1	-14419
3592	1	-14419
3593	1	-14419
3594	1	-14419
3595	1	-14419
3596	1	-14419
3597	1	-14419
3598	1	-14419
3599	1	-14419
3600	1	-14419
3601	1	-14419
3602	1	-14419
3603	1	-14419
3604	1	-14419
3605	1	-14419
3606	1	-14419
3607	1	-14419
3608	1	-14419
3609	1	-14419
3610	1	-14419
3611	1	-14419
3612	1	-14419
3613	1	-14419
3614	1	-14419
3615	1	-14419
3616	1	-14419
3617	1	-14419
3618	1	-14419
3619	1	-14419
3620	1	-14419
3621	1	-14419
3622	1	-14419
3623	1	-14419
3624	1	-14419
3625	1	-14419
3626	1	-14419
3627	1	-14419
3628	1	-14419
3629	1	-14419
3630	1	-14419
3631	1	-14419
3632	1	-14419
3633	1	-14419
3634	1	-14419
3635	1	-14419
3636	1	-14419
3637	1	-14419
3638	1	-14419
3639	1	-14419
3640	1	-14419
3641	1	-14419
3642	1	-14419
3643	1	-14419
3644	1	-14419
3645	1	-14419
3646	1	-14419
3647	1	-14419
3648	1	-14419
3649	1	-14419
3650	1	-14419
3651	1	-14419
3652	1	-14419
3653	1	-14419
3654	1	-14419
3655	1	-14419
3656	1	-14419
3657	1	-14419
3658	1	-14419
3659	1	-14419
3660	1	-14419
3661	1	-14419
3662	1	-14419
3663	1	-14419
3664	1	-14419
3665	1	-14419
3666	1	-14419
3667	1	-14419
3668	1	-14419
3669	1	-14419
3670	1	-14419
3671	1	-14419
3672	1	-14419
3673	1	-14419
3674	1	-14419
3675	1	-14419
3676	1	-14419
3677	1	-14419
3678	1	-14419
3679	1	-14419
3680	1	-14419
3681	1	-14419
3682	1	-14419
3683	1	-14419
3684	1	-14419
3685	1	-14419
3686	1	-14419
3687	1	-14419
3688	1	-14419
3689	1	-14419
3690	1	-14419
3691	1	-14419
3692	1	-14419
3693	1	-14419
3694	1	-14419
3695	1	-14419
3696	1	-14419
3697	1	-14419
3698	1	-14419
3699	1	-14419
3700	1	-14419
3701	1	-14419
3702	1	-14419
3703	1	-14419
3704	1	-14419
3705	1	-14419
3706	1	-14419
3707	1	-14419
3708	1	-14419
3709	1	-14419
3710	1	-14419
3711	1	-14419
3712	1	-14419
3713	1	-14419
3714	1	-14419
3715	1	-14419
3716	1	-14419
3717	1	-14419
3718	1	-14419
3719	1	-14419
3720	1	-14419
3721	1	-14419
3722	1	-14419
3723	1	-14419
3724	1	-14419
3725	1	-14419
3726	1	-14419
3727	1	-14419
3728	1	-14419
3729	1	-14419
3730	1	-14419
3731	1	-14419
3732	1	-14419
3733	1	-14419
3734	1	-14419
3735	1	-14419
3736	1	-14419
3737	1	-14419
3738	1	-14419
3739	1	-14419
3740	1	-14419
3741	1	-14419
3742	1	-14419
3743	1	-14419
3744	1	-14419
3745	1	-14419
3746	1	-14419
3747	1	-14419
3748	1	-14419
3749	1	-14419
3750	1	-14419
3751	1	-14419
3752	1	-14419
3753	1	-14419
3754	1	-14419
3755	1	-14419
3756	1	-14419
3757	1	-14419
3758	1	-14419
3759	1	-14419
3760	1	-14419
3761	1	-14419
3762	1	-14419
3763	1	-14419
3764	1	-14419
3765	1	-14419
3766	1	-14419
3767	1	-14419
3768	1	-14419
3769	1	-14419
3770	1	-14419
3771	1	-14419
3772	1	-14419
3773	1	-14419
3774	1	-14419
3775	1	-14419
3776	1	-14419
3777	1	-14419
3778	1	-14419
3779	1	-14419
3780	1	-14419
3781	1	-14419
3782	1	-14419
3783	1	-14419
3784	1	-14419
3785	1	-14419
3786	1	-14419
3787	1	-14419
3788	1	-14419
3789	1	-14419
3790	1	-14419
3791	1	-14419
3792	1	-14419
3793	1	-14419
3794	1	-14419
3795	1	-14419
3796	1	-14419
3797	1	-14419
3798	1	-14419
3799	1	-14419
3800	1	-14419
3801	1	-14419
3802	1	-14419
3803	1	-14419
3804	1	-14419
3805	1	-14419
3806	1	-14419
3807	1	-14419
3808	1	-14419
3809	1	-14419
3810	1	-14419
3811	1	-14419
3812	1	-14419
3813	1	-14419
3814	1	-14419
3815	1	-14419
3816	1	-14419
3817	1	-14419
3818	1	-14419
3819	1	-14419
3820	1	-14419
3821	1	-14419
3822	1	-14419
3823	1	-14419
3824	1	-14419
3825	1	-14419
3826	1	-14419
3827	1	-14419
3828	1	-14419
3829	1	-14419
3830	1	-14419
3831	1	-14419
3832	1	-14419
3833	1	-14419
3834	1	-14419
3835	1	-14419
3836	1	-14419
3837	1	-14419
3838	1	-14419
3839	1	-14419
3840	1	-14419
3841	1	-14419
3842	1	-14419
3843	1	-14419
3844	1	-14419
3845	1	-14419
3846	1	-14419
3847	1	-14419
3848	1	-14419
3849	1	-14419
3850	1	-14419
3851	1	-14419
3852	1	-14419
3853	1	-14419
3854	1	-14419
3855	1	-14419
3856	1	-14419
3857	1	-14419
3858	1	-14419
3859	1	-14419
3860	1	-14419
3861	1	-14419
3862	1	-14419
3863	1	-14419
3864	1	-14419
3865	1	-14419
3866	1	-14419
3867	1	-14419
3868	1	-14419
3869	1	-14419
3870	1	-14419
3871	1	-14419
3872	1	-14419
3873	1	-14419
3874	1	-14419
3875	1	-14419
3876	1	-14419
3877	1	-14419
3878	1	-14419
3879	1	-14419
3880	1	-14419
3881	1	-14419
3882	1	-14419
3883	1	-14419
3884	1	-14419
3885	1	-14419
3886	1	-14419
3887	1	-14419
3888	1	-14419
3889	1	-14419
3890	1	-14419
3891	1	-14419
3892	1	-14419
3893	1	-14419
3894	1	-14419
3895	1	-14419
3896	1	-14419
3897	1	-14419
3898	1	-14419
3899	1	-14419
3900	1	-14419
3901	1	-14419
3902	1	-14419
3903	1	-14419
3904	1	-14419
3905	1	-14419
3906	1	-14419
3907	1	-14419
3908	1	-14419
3909	1	-14419
3910	1	-14419
3911	1	-14419
3912	1	-14419
3913	1	-14419
3914	1	-14419
3915	1	-14419
3916	1	-14419
3917	1	-14419
3918	1	-14419
3919	1	-14419
3920	1	-14419
3921	1	-14419
3922	1	-14419
3923	1	-14419
3924	1	-14419
3925	1	-14419
3926	1	-14419
3927	1	-14419
3928	1	-14419
3929	1	-14419
3930	1	-14419
3931	1	-14419
3932	1	-14419
3933	1	-14419
3934	1	-14419
3935	1	-14419
3936	1	-14419
3937	1	-14419
3938	1	-14419
3939	1	-14419
3940	1	-14419
3941	1	-14419
3942	1	-14419
3943	1	-14419
3944	1	-14419
3945	1	-14419
3946	1	-14419
3947	1	-14419
3948	1	-14419
3949	1	-14419
3950	1	-14419
3951	1	-14419
3952	1	-14419
3953	1	-14419
3954	1	-14419
3955	1	-14419
3956	1	-14419
3957	1	-14419
3958	1	-14419
3959	1	-14419
3960	1	-14419
3961	1	-14419
3962	1	-14419
3963	1	-14419
3964	1	-14419
3965	1	-14419
3966	1	-14419
3967	1	-14419
3968	1	-14419
3969	1	-14419
3970	1	-14419
3971	1	-14419
3972	1	-14419
3973	1	-14419
3974	1	-14419
3975	1	-14419
3976	1	-14419
3977	1	-14419
3978	1	-14419
3979	1	-14419
3980	1	-14419
3981	1	-14419
3982	1	-14419
3983	1	-14419
3984	1	-14419
3985	1	-14419
3986	1	-14419
3987	1	-14419
3988	1	-14419
3989	1	-14419
3990	1	-14419
3991	1	-14419
3992	1	-14419
3993	1	-14419
3994	1	-14419
3995	1	-14419
3996	1	-14419
3997	1	-14419
3998	1	-14419
3999	1	-14419
4000	1	-14419
4001	1	-14419
4002	1	-14419
4003	1	-14419
4004	1	-14419
4005	1	-14419
4006	1	-14419
4007	1	-14419
4008	1	-14419
4009	1	-14419
4010	1	-14419
4011	1	-14419
4012	1	-14419
4013	1	-14419
4014	1	-14419
4015	1	-14419
4016	1	-14419
4017	1	-14419
4018	1	-14419
4019	1	-14419
4020	1	-14419
4021	1	-14419
4022	1	-14419
4023	1	-14419
4024	1	-14419
4025	1	-14419
4026	1	-14419
4027	1	-14419
4028	1	-14419
4029	1	-14419
4030	1	-14419
4031	1	-14419
4032	1	-14419
4033	1	-14419
4034	1	-14419
4035	1	-14419
4036	1	-14419
4037	1	-14419
4038	1	-14419
4039	1	-14419
4040	1	-14419
4041	1	-14419
4042	1	-14419
4043	1	-14419
4044	1	-14419
4045	1	-14419
4046	1	-14419
4047	1	-14419
4048	1	-14419
4049	1	-14419
4050	1	-14419
4051	1	-14419
4052	1	-14419
4053	1	-14419
4054	1	-14419
4055	1	-14419
4056	1	-14419
4057	1	-14419
4058	1	-14419
4059	1	-14419
4060	1	-14419
4061	1	-14419
4062	1	-14419
4063	1	-14419
4064	1	-14419
4065	1	-14419
4066	1	-14419
4067	1	-14419
4068	1	-14419
4069	1	-14419
4070	1	-14419
4071	1	-14419
4072	1	-14419
4073	1	-14419
4074	1	-14419
4075	1	-14419
4076	1	-14419
4077	1	-14419
4078	1	-14419
4079	1	-14419
4080	1	-14419
4081	1	-14419
4082	1	-14419
4083	1	-14419
4084	1	-14419
4085	1	-14419
4086	1	-14419
4087	1	-14419
4088	1	-14419
4089	1	-14419
4090	1	-14419
4091	1	-14419
4092	1	-14419
4093	1	-14419
4094	1	-14419
4095	1	-14419
4096	1	-14419
4097	1	-14419
4098	1	-14419
4099	1	-14419
4100	1	-14419
4101	1	-14419
4102	1	-14419
4103	1	-14419
4104	1	-14419
4105	1	-14419
4106	1	-14419
4107	1	-14419
4108	1	-14419
4109	1	-14419
4110	1	-14419
4111	1	-14419
4112	1	-14419
4113	1	-14419
4114	1	-14419
4115	1	-14419
4116	1	-14419
4117	1	-14419
4118	1	-14419
4119	1	-14419
4120	1	-14419
4121	1	-14419
4122	1	-14419
4123	1	-14419
4124	1	-14419
4125	1	-14419
4126	1	-14419
4127	1	-14419
4128	1	-14419
4129	1	-14419
4130	1	-14419
4131	1	-14419
4132	1	-14419
4133	1	-14419
4134	1	-14419
4135	1	-14419
4136	1	-14419
4137	1	-14419
4138	1	-14419
4139	1	-14419
4140	1	-14419
4141	1	-14419
4142	1	-14419
4143	1	-14419
4144	1	-14419
4145	1	-14419
4146	1	-14419
4147	1	-14419
4148	1	-14419
4149	1	-14419
4150	1	-14419
4151	1	-14419
4152	1	-14419
4153	1	-14419
4154	1	-14419
4155	1	-14419
4156	1	-14419
4157	1	-14419
4158	1	-14419
4159	1	-14419
4160	1	-14419
4161	1	-14419
4162	1	-14419
4163	1	-14419
4164	1	-14419
4165	1	-14419
4166	1	-14419
4167	1	-14419
4168	1	-14419
4169	1	-14419
4170	1	-14419
4171	1	-14419
4172	1	-14419
4173	1	-14419
4174	1	-14419
4175	1	-14419
4176	1	-14419
4177	1	-14419
4178	1	-14419
4179	1	-14419
4180	1	-14419
4181	1	-14419
4182	1	-14419
4183	1	-14419
4184	1	-14419
4185	1	-14419
4186	1	-14419
4187	1	-14419
4188	1	-14419
4189	1	-14419
4190	1	-14419
4191	1	-14419
4192	1	-14419
4193	1	-14419
4194	1	-14419
4195	1	-14419
4196	1	-14419
4197	1	-14419
4198	1	-14419
4199	1	-14419
4200	1	-14419
4201	1	-14419
4202	1	-14419
4203	1	-14419
4204	1	-14419
4205	1	-14419
4206	1	-14419
4207	1	-14419
4208	1	-14419
4209	1	-14419
4210	1	-14419
4211	1	-14419
4212	1	-14419
4213	1	-14419
4214	1	-14419
4215	1	-14419
4216	1	-14419
4217	1	-14419
4218	1	-14419
4219	1	-14419
4220	1	-14419
4221	1	-14419
4222	1	-14419
4223	1	-14419
4224	1	-14419
4225	1	-14419
4226	1	-14419
4227	1	-14419
4228	1	-14419
4229	1	-14419
4230	1	-14419
4231	1	-14419
4232	1	-14419
4233	1	-14419
4234	1	-14419
4235	1	-14419
4236	1	-14419
4237	1	-14419
4238	1	-14419
4239	1	-14419
4240	1	-14419
4241	1	-14419
4242	1	-14419
4243	1	-14419
4244	1	-14419
4245	1	-14419
4246	1	-14419
4247	1	-14419
4248	1	-14419
4249	1	-14419
4250	1	-14419
4251	1	-14419
4252	1	-14419
4253	1	-14419
4254	1	-14419
4255	1	-14419
4256	1	-14419
4257	1	-14419
4258	1	-14419
4259	1	-14419
4260	1	-14419
4261	1	-14419
4262	1	-14419
4263	1	-14419
4264	1	-14419
4265	1	-14419
4266	1	-14419
4267	1	-14419
4268	1	-14419
4269	1	-14419
4270	1	-14419
4271	1	-14419
4272	1	-14419
4273	1	-14419
4274	1	-14419
4275	1	-14419
4276	1	-14419
4277	1	-14419
4278	1	-14419
4279	1	-14419
4280	1	-14419
4281	1	-14419
4282	1	-14419
4283	1	-14419
4284	1	-14419
4285	1	-14419
4286	1	-14419
4287	1	-14419
4288	1	-14419
4289	1	-14419
4290	1	-14419
4291	1	-14419
4292	1	-14419
4293	1	-14419
4294	1	-14419
4295	1	-14419
4296	1	-14419
4297	1	-14419
4298	1	-14419
4299	1	-14419
4300	1	-14419
4301	1	-14419
4302	1	-14419
4303	1	-14419
4304	1	-14419
4305	1	-14419
4306	1	-14419
4307	1	-14419
4308	1	-14419
4309	1	-14419
4310	1	-14419
4311	1	-14419
4312	1	-14419
4313	1	-14419
4314	1	-14419
4315	1	-14419
4316	1	-14419
4317	1	-14419
4318	1	-14419
4319	1	-14419
4320	1	-14419
4321	1	-14419
4322	1	-14419
4323	1	-14419
4324	1	-14419
4325	1	-14419
4326	1	-14419
4327	1	-14419
4328	1	-14419
4329	1	-14419
4330	1	-14419
4331	1	-14419
4332	1	-14419
4333	1	-14419
4334	1	-14419
4335	1	-14419
4336	1	-14419
4337	1	-14419
4338	1	-14419
4339	1	-14419
4340	1	-14419
4341	1	-14419
4342	1	-14419
4343	1	-14419
4344	1	-14419
4345	1	-14419
4346	1	-14419
4347	1	-14419
4348	1	-14419
4349	1	-14419
4350	1	-14419
4351	1	-14419
4352	1	-14419
4353	1	-14419
4354	1	-14419
4355	1	-14419
4356	1	-14419
4357	1	-14419
4358	1	-14419
4359	1	-14419
4360	1	-14419
4361	1	-14419
4362	1	-14419
4363	1	-14419
4364	1	-14419
4365	1	-14419
4366	1	-14419
4367	1	-14419
4368	1	-14419
4369	1	-14419
4370	1	-14419
4371	1	-14419
4372	1	-14419
4373	1	-14419
4374	1	-14419
4375	1	-14419
4376	1	-14419
4377	1	-14419
4378	1	-14419
4379	1	-14419
4380	1	-14419
4381	1	-14419
4382	1	-14419
4383	1	-14419
4384	1	-14419
4385	1	-14419
4386	1	-14419
4387	1	-14419
4388	1	-14419
4389	1	-14419
4390	1	-14419
4391	1	-14419
4392	1	-14419
4393	1	-14419
4394	1	-14419
4395	1	-14419
4396	1	-14419
4397	1	-14419
4398	1	-14419
4399	1	-14419
4400	1	-14419
4401	1	-14419
4402	1	-14419
4403	1	-14419
4404	1	-14419
4405	1	-14419
4406	1	-14419
4407	1	-14419
4408	1	-14419
4409	1	-14419
4410	1	-14419
4411	1	-14419
4412	1	-14419
4413	1	-14419
4414	1	-14419
4415	1	-14419
4416	1	-14419
4417	1	-14419
4418	1	-14419
4419	1	-14419
4420	1	-14419
4421	1	-14419
4422	1	-14419
4423	1	-14419
4424	1	-14419
4425	1	-14419
4426	1	-14419
4427	1	-14419
4428	1	-14419
4429	1	-14419
4430	1	-14419
4431	1	-14419
4432	1	-14419
4433	1	-14419
4434	1	-14419
4435	1	-14419
4436	1	-14419
4437	1	-14419
4438	1	-14419
4439	1	-14419
4440	1	-14419
4441	1	-14419
4442	1	-14419
4443	1	-14419
4444	1	-14419
4445	1	-14419
4446	1	-14419
4447	1	-14419
4448	1	-14419
4449	1	-14419
4450	1	-14419
4451	1	-14419
4452	1	-14419
4453	1	-14419
4454	1	-14419
4455	1	-14419
4456	1	-14419
4457	1	-14419
4458	1	-14419
4459	1	-14419
4460	1	-14419
4461	1	-14419
4462	1	-14419
4463	1	-14419
4464	1	-14419
4465	1	-14419
4466	1	-14419
4467	1	-14419
4468	1	-14419
4469	1	-14419
4470	1	-14419
4471	1	-14419
4472	1	-14419
4473	1	-14419
4474	1	-14419
4475	1	-14419
4476	1	-14419
4477	1	-14419
4478	1	-14419
4479	1	-14419
4480	1	-14419
4481	1	-14419
4482	1	-14419
4483	1	-14419
4484	1	-14419
4485	1	-14419
4486	1	-14419
4487	1	-14419
4488	1	-14419
4489	1	-14419
4490	1	-14419
4491	1	-14419
4492	1	-14419
4493	1	-14419
4494	1	-14419
4495	1	-14419
4496	1	-14419
4497	1	-14419
4498	1	-14419
4499	1	-14419
4500	1	-14419
4501	1	-14419
4502	1	-14419
4503	1	-14419
4504	1	-14419
4505	1	-14419
4506	1	-14419
4507	1	-14419
4508	1	-14419
4509	1	-14419
4510	1	-14419
4511	1	-14419
4512	1	-14419
4513	1	-14419
4514	1	-14419
4515	1	-14419
4516	1	-14419
4517	1	-14419
4518	1	-14419
4519	1	-14419
4520	1	-14419
4521	1	-14419
4522	1	-14419
4523	1	-14419
4524	1	-14419
4525	1	-14419
4526	1	-14419
4527	1	-14419
4528	1	-14419
4529	1	-14419
4530	1	-14419
4531	1	-14419
4532	1	-14419
4533	1	-14419
4534	1	-14419
4535	1	-14419
4536	1	-14419
4537	1	-14419
4538	1	-14419
4539	1	-14419
4540	1	-14419
4541	1	-14419
4542	1	-14419
4543	1	-14419
4544	1	-14419
4545	1	-14419
4546	1	-14419
4547	1	-14419
4548	1	-14419
4549	1	-14419
4550	1	-14419
4551	1	-14419
4552	1	-14419
4553	1	-14419
4554	1	-14419
4555	1	-14419
4556	1	-14419
4557	1	-14419
4558	1	-14419
4559	1	-14419
4560	1	-14419
4561	1	-14419
4562	1	-14419
4563	1	-14419
4564	1	-14419
4565	1	-14419
4566	1	-14419
4567	1	-14419
4568	1	-14419
4569	1	-14419
4570	1	-14419
4571	1	-14419
4572	1	-14419
4573	1	-14419
4574	1	-14419
4575	1	-14419
4576	1	-14419
4577	1	-14419
4578	1	-14419
4579	1	-14419
4580	1	-14419
4581	1	-14419
4582	1	-14419
4583	1	-14419
4584	1	-14419
4585	1	-14419
4586	1	-14419
4587	1	-14419
4588	1	-14419
4589	1	-14419
4590	1	-14419
4591	1	-14419
4592	1	-14419
4593	1	-14419
4594	1	-14419
4595	1	-14419
4596	1	-14419
4597	1	-14419
4598	1	-14419
4599	1	-14419
4600	1	-14419
4601	1	-14419
4602	1	-14419
4603	1	-14419
4604	1	-14419
4605	1	-14419
4606	1	-14419
4607	1	-14419
4608	1	-14419
4609	1	-14419
4610	1	-14419
4611	1	-14419
4612	1	-14419
4613	1	-14419
4614	1	-14419
4615	1	-14419
4616	1	-14419
4617	1	-14419
4618	1	-14419
4619	1	-14419
4620	1	-14419
4621	1	-14419
4622	1	-14419
4623	1	-14419
4624	1	-14419
4625	1	-14419
4626	1	-14419
4627	1	-14419
4628	1	-14419
4629	1	-14419
4630	1	-14419
4631	1	-14419
4632	1	-14419
4633	1	-14419
4634	1	-14419
4635	1	-14419
4636	1	-14419
4637	1	-14419
4638	1	-14419
4639	1	-14419
4640	1	-14419
4641	1	-14419
4642	1	-14419
4643	1	-14419
4644	1	-14419
4645	1	-14419
4646	1	-14419
4647	1	-14419
4648	1	-14419
4649	1	-14419
4650	1	-14419
4651	1	-14419
4652	1	-14419
4653	1	-14419
4654	1	-14419
4655	1	-14419
4656	1	-14419
4657	1	-14419
4658	1	-14419
4659	1	-14419
4660	1	-14419
4661	1	-14419
4662	1	-14419
4663	1	-14419
4664	1	-14419
4665	1	-14419
4666	1	-14419
4667	1	-14419
4668	1	-14419
4669	1	-14419
4670	1	-14419
4671	1	-14419
4672	1	-14419
4673	1	-14419
4674	1	-14419
4675	1	-14419
4676	1	-14419
4677	1	-14419
4678	1	-14419
4679	1	-14419
4680	1	-14419
4681	1	-14419
4682	1	-14419
4683	1	-14419
4684	1	-14419
4685	1	-14419
4686	1	-14419
4687	1	-14419
4688	1	-14419
4689	1	-14419
4690	1	-14419
4691	1	-14419
4692	1	-14419
4693	1	-14419
4694	1	-14419
4695	1	-14419
4696	1	-14419
4697	1	-14419
4698	1	-14419
4699	1	-14419
4700	1	-14419
4701	1	-14419
4702	1	-14419
4703	1	-14419
4704	1	-14419
4705	1	-14419
4706	1	-14419
4707	1	-14419
4708	1	-14419
4709	1	-14419
4710	1	-14419
4711	1	-14419
4712	1	-14419
4713	1	-14419
4714	1	-14419
4715	1	-14419
4716	1	-14419
4717	1	-14419
4718	1	-14419
4719	1	-14419
4720	1	-14419
4721	1	-14419
4722	1	-14419
4723	1	-14419
4724	1	-14419
4725	1	-14419
4726	1	-14419
4727	1	-14419
4728	1	-14419
4729	1	-14419
4730	1	-14419
4731	1	-14419
4732	1	-14419
4733	1	-14419
4734	1	-14419
4735	1	-14419
4736	1	-14419
4737	1	-14419
4738	1	-14419
4739	1	-14419
4740	1	-14419
4741	1	-14419
4742	1	-14419
4743	1	-14419
4744	1	-14419
4745	1	-14419
4746	1	-14419
4747	1	-14419
4748	1	-14419
4749	1	-14419
4750	1	-14419
4751	1	-14419
4752	1	-14419
4753	1	-14419
4754	1	-14419
4755	1	-14419
4756	1	-14419
4757	1	-14419
4758	1	-14419
4759	1	-14419
4760	1	-14419
4761	1	-14419
4762	1	-14419
4763	1	-14419
4764	1	-14419
4765	1	-14419
4766	1	-14419
4767	1	-14419
4768	1	-14419
4769	1	-14419
4770	1	-14419
4771	1	-14419
4772	1	-14419
4773	1	-14419
4774	1	-14419
4775	1	-14419
4776	1	-14419
4777	1	-14419
4778	1	-14419
4779	1	-14419
4780	1	-14419
4781	1	-14419
4782	1	-14419
4783	1	-14419
4784	1	-14419
4785	1	-14419
4786	1	-14419
4787	1	-14419
4788	1	-14419
4789	1	-14419
4790	1	-14419
4791	1	-14419
4792	1	-14419
4793	1	-14419
4794	1	-14419
4795	1	-14419
4796	1	-14419
4797	1	-14419
4798	1	-14419
4799	1	-14419
4800	1	-14419
4801	1	-14419
4802	1	-14419
4803	1	-14419
4804	1	-14419
4805	1	-14419
4806	1	-14419
4807	1	-14419
4808	1	-14419
4809	1	-14419
4810	1	-14419
4811	1	-14419
4812	1	-14419
4813	1	-14419
4814	1	-14419
4815	1	-14419
4816	1	-14419
4817	1	-14419
4818	1	-14419
4819	1	-14419
4820	1	-14419
4821	1	-14419
4822	1	-14419
4823	1	-14419
4824	1	-14419
4825	1	-14419
4826	1	-14419
4827	1	-14419
4828	1	-14419
4829	1	-14419
4830	1	-14419
4831	1	-14419
4832	1	-14419
4833	1	-14419
4834	1	-14419
4835	1	-14419
4836	1	-14419
4837	1	-14419
4838	1	-14419
4839	1	-14419
4840	1	-14419
4841	1	-14419
4842	1	-14419
4843	1	-14419
4844	1	-14419
4845	1	-14419
4846	1	-14419
4847	1	-14419
4848	1	-14419
4849	1	-14419
4850	1	-14419
4851	1	-14419
4852	1	-14419
4853	1	-14419
4854	1	-14419
4855	1	-14419
4856	1	-14419
4857	1	-14419
4858	1	-14419
4859	1	-14419
4860	1	-14419
4861	1	-14419
4862	1	-14419
4863	1	-14419
4864	1	-14419
4865	1	-14419
4866	1	-14419
4867	1	-14419
4868	1	-14419
4869	1	-14419
4870	1	-14419
4871	1	-14419
4872	1	-14419
4873	1	-14419
4874	1	-14419
4875	1	-14419
4876	1	-14419
4877	1	-14419
4878	1	-14419
4879	1	-14419
4880	1	-14419
4881	1	-14419
4882	1	-14419
4883	1	-14419
4884	1	-14419
4885	1	-14419
4886	1	-14419
4887	1	-14419
4888	1	-14419
4889	1	-14419
4890	1	-14419
4891	1	-14419
4892	1	-14419
4893	1	-14419
4894	1	-14419
4895	1	-14419
4896	1	-14419
4897	1	-14419
4898	1	-14419
4899	1	-14419
4900	1	-14419
4901	1	-14419
4902	1	-14419
4903	1	-14419
4904	1	-14419
4905	1	-14419
4906	1	-14419
4907	1	-14419
4908	1	-14419
4909	1	-14419
4910	1	-14419
4911	1	-14419
4912	1	-14419
4913	1	-14419
4914	1	-14419
4915	1	-14419
4916	1	-14419
4917	1	-14419
4918	1	-14419
4919	1	-14419
4920	1	-14419
4921	1	-14419
4922	1	-14419
4923	1	-14419
4924	1	-14419
4925	1	-14419
4926	1	-14419
4927	1	-14419
4928	1	-14419
4929	1	-14419
4930	1	-14419
4931	1	-14419
4932	1	-14419
4933	1	-14419
4934	1	-14419
4935	1	-14419
4936	1	-14419
4937	1	-14419
4938	1	-14419
4939	1	-14419
4940	1	-14419
4941	1	-14419
4942	1	-14419
4943	1	-14419
4944	1	-14419
4945	1	-14419
4946	1	-14419
4947	1	-14419
4948	1	-14419
4949	1	-14419
4950	1	-14419
4951	1	-14419
4952	1	-14419
4953	1	-14419
4954	1	-14419
4955	1	-14419
4956	1	-14419
4957	1	-14419
4958	1	-14419
4959	1	-14419
4960	1	-14419
4961	1	-14419
4962	1	-14419
4963	1	-14419
4964	1	-14419
4965	1	-14419
4966	1	-14419
4967	1	-14419
4968	1	-14419
4969	1	-14419
4970	1	-14419
4971	1	-14419
4972	1	-14419
4973	1	-14419
4974	1	-14419
4975	1	-14419
4976	1	-14419
4977	1	-14419
4978	1	-14419
4979	1	-14419
4980	1	-14419
4981	1	-14419
4982	1	-14419
4983	1	-14419
4984	1	-14419
4985	1	-14419
4986	1	-14419
4987	1	-14419
4988	1	-14419
4989	1	-14419
4990	1	-14419
4991	1	-14419
4992	1	-14419
4993	1	-14419
4994	1	-14419
4995	1	-14419
4996	1	-14419
4997	1	-14419
4998	1	-14419
4999	1	-14419
