0	0.389082	-12196
1	0.434413	-14909.5
2	0.434945	-15072
3	0.429397	-14542.6
4	0.436525	-15121.8
5	0.437487	-15185.2
6	0.434271	-14850.4
7	0.438657	-15283.4
8	0.432911	-14853.8
9	0.435714	-15018.8
10	0.426782	-14496.6
11	0.433725	-14817.9
12	0.43177	-14842.6
13	0.434336	-14780.8
14	0.428509	-14527.3
15	0.434995	-15071.5
16	0.431955	-14729.8
17	0.425381	-14356.8
18	0.425448	-14471.2
19	0.425055	-14242
20	0.431708	-14821.3
21	0.426347	-14509.6
22	0.434896	-14879.4
23	0.42772	-14612.5
24	0.438173	-15187.1
25	0.43878	-15116.3
26	0.438287	-15173
27	0.429524	-14647.8
28	0.427156	-14572.2
29	0.431347	-14644.5
30	0.436046	-15122.3
31	0.430061	-14601.3
32	0.432908	-14769
33	0.440482	-15464.4
34	0.437822	-15251.6
35	0.431156	-14745.8
36	0.434927	-14922.5
37	0.446548	-15630.4
38	0.435047	-15089.6
39	0.438375	-15149
40	0.432675	-14746.8
41	0.433926	-14863.2
42	0.431488	-14577
43	0.435983	-15013.7
44	0.433396	-14891.5
45	0.445237	-15438.5
46	0.435399	-15170.1
47	0.438787	-15359.9
48	0.439788	-15335
49	0.43356	-14936
50	0.431361	-14677.6
51	0.431209	-14627.7
52	0.441762	-15399.8
53	0.436994	-15189.3
54	0.435657	-14857.3
55	0.434863	-14868.5
56	0.427613	-14511.8
57	0.430618	-14602.2
58	0.437586	-15039.5
59	0.437444	-15068.4
60	0.42456	-14256.6
61	0.441104	-15324.2
62	0.433567	-14789.2
63	0.434132	-14903.1
64	0.435387	-15011.3
65	0.426676	-14462.9
66	0.438057	-15206.6
67	0.43489	-15039.4
68	0.430003	-14625.1
69	0.438924	-15318.8
70	0.431867	-14778.4
71	0.433555	-14869.8
72	0.432887	-14752.6
73	0.439292	-15340.9
74	0.443433	-15575.5
75	0.435542	-15267.1
76	0.435428	-14887.2
77	0.426645	-14376.9
78	0.438676	-15153.4
79	0.428703	-14747.3
80	0.43224	-14652.9
81	0.438784	-15276.5
82	0.441225	-15358.2
83	0.429487	-14740.8
84	0.429172	-14701.5
85	0.4424	-15452.3
86	0.43498	-15238.4
87	0.432654	-14805.1
88	0.441361	-15371.9
89	0.424584	-14434.2
90	0.435728	-14968.1
91	0.428737	-14519.3
92	0.443038	-15386
93	0.428078	-14630.5
94	0.436511	-15007.5
95	0.435712	-14989.3
96	0.438581	-15120.2
97	0.438799	-15130.6
98	0.424941	-14298.7
99	0.433141	-14970.4
100	0.430301	-14623.2
101	0.424337	-14181.5
102	0.445516	-15806.1
103	0.428545	-14469.2
104	0.429507	-14661.2
105	0.430865	-14848.8
106	0.43	-14648.7
107	0.426989	-14416.5
108	0.427579	-14451.7
109	0.432982	-14834.2
110	0.436861	-15054.8
111	0.436312	-15052.8
112	0.433929	-14877.4
113	0.430013	-14753.3
114	0.445959	-15851.6
115	0.432639	-14703.7
116	0.437501	-15128.6
117	0.431362	-14791.5
118	0.438301	-15244.8
119	0.425603	-14316
120	0.431503	-14650.2
121	0.42759	-14636.9
122	0.427999	-14414.6
123	0.432136	-14617.7
124	0.433428	-15030.8
125	0.436368	-15028.1
126	0.43263	-14816.4
127	0.4273	-14410.6
128	0.431208	-14674.5
129	0.43277	-14959.5
130	0.434294	-14918.4
131	0.429535	-14489.6
132	0.437763	-15110.3
133	0.438648	-15109.4
134	0.428939	-14531.9
135	0.434011	-14980.8
136	0.431366	-14774.1
137	0.429825	-14727.5
138	0.428995	-14403.8
139	0.426695	-14404.1
140	0.423333	-14158.8
141	0.433819	-14993.8
142	0.427419	-14377.6
143	0.429004	-14535.2
144	0.429372	-14545.6
145	0.430379	-14737.5
146	0.427149	-14396.5
147	0.427577	-14449.8
148	0.426279	-14367
149	0.42948	-14735.7
150	0.430137	-14705.1
151	0.434477	-14855.6
152	0.428738	-14669.5
153	0.433674	-14927.1
154	0.436501	-15144.1
155	0.430516	-14704.2
156	0.433384	-14938.8
157	0.426882	-14528.6
158	0.431899	-14782.1
159	0.428062	-14324.8
160	0.446058	-15744.4
161	0.437801	-15177.5
162	0.433649	-14898.5
163	0.433957	-15042.6
164	0.436805	-15109
165	0.429523	-14617.3
166	0.426343	-14382
167	0.429267	-14490.6
168	0.430796	-14655
169	0.431638	-14709.6
170	0.436049	-15073.9
171	0.434531	-14959.3
172	0.441743	-15457.8
173	0.425395	-14360.1
174	0.434837	-14882
175	0.433886	-15084.9
176	0.429431	-14503.6
177	0.427847	-14602
178	0.428251	-14571.4
179	0.436335	-15093.4
180	0.431732	-14801.7
181	0.429998	-14522.3
182	0.430362	-14679.1
183	0.433083	-14884.5
184	0.436383	-14999.3
185	0.432092	-14695
186	0.426431	-14443.1
187	0.428049	-14480.6
188	0.43538	-15033.5
189	0.436039	-15136.7
190	0.427841	-14375.4
191	0.432582	-14626.8
192	0.43976	-15554.6
193	0.427894	-14497.5
194	0.433739	-14860.7
195	0.429668	-14750.5
196	0.443375	-15523.9
197	0.435736	-15133.5
198	0.426968	-14350.7
199	0.432659	-14771.1
200	0.430936	-14831.5
201	0.432364	-14872
202	0.431994	-14826.6
203	0.433954	-14948.6
204	0.44383	-15532
205	0.435135	-15005.9
206	0.431436	-14808.1
207	0.433914	-15028.1
208	0.434801	-14953.1
209	0.425492	-14257.6
210	0.433021	-14905.5
211	0.426417	-14512.9
212	0.447146	-15789.2
213	0.433646	-14830.9
214	0.437101	-15180.4
215	0.43429	-14914.3
216	0.42633	-14487.3
217	0.431901	-14713.4
218	0.432893	-14843.6
219	0.432162	-14628.7
220	0.432736	-14899.2
221	0.436188	-15209
222	0.434519	-14875.4
223	0.430296	-14655.2
224	0.433111	-14734.9
225	0.43132	-14617.5
226	0.431692	-14845.1
227	0.442701	-15405.1
228	0.430765	-14695.8
229	0.437578	-15188.2
230	0.426491	-14453.4
231	0.43603	-15001.3
232	0.438125	-15142.1
233	0.433351	-14952
234	0.444039	-15676.4
235	0.434718	-14989.5
236	0.463646	-16868.6
237	0.425644	-14205.8
238	0.432726	-14781.9
239	0.434784	-15063.8
240	0.425118	-14262.6
241	0.432299	-14647.8
242	0.446771	-15688.7
243	0.430237	-14596.7
244	0.43208	-14660
245	0.429942	-14615.8
246	0.438138	-15225.5
247	0.430474	-14620.6
248	0.429365	-14477.2
249	0.433183	-14803.2
250	0.42616	-14319
251	0.433293	-14935.6
252	0.431101	-14689.7
253	0.434298	-14807.4
254	0.434038	-14938.1
255	0.429162	-14598.7
256	0.432539	-14772.6
257	0.445391	-15748.7
258	0.428126	-14570.3
259	0.434213	-15028.9
260	0.436112	-15122.8
261	0.43666	-15023.6
262	0.436816	-15001.1
263	0.432821	-14816.7
264	0.437438	-15147.7
265	0.436954	-15047.8
266	0.441106	-15495.9
267	0.441139	-15417.6
268	0.432897	-14749.6
269	0.425397	-14228.6
270	0.429257	-14614.4
271	0.438753	-15262.1
272	0.437517	-15127.6
273	0.440735	-15480
274	0.432556	-14915.9
275	0.440811	-15326.1
276	0.435665	-14918.3
277	0.433937	-14877.8
278	0.429616	-14543.1
279	0.43358	-15121
280	0.433296	-14960.9
281	0.43469	-14822
282	0.425104	-14286.5
283	0.44915	-15843.1
284	0.433391	-14923.8
285	0.448052	-15874.9
286	0.435948	-15050.8
287	0.431329	-14786.5
288	0.430185	-14565.8
289	0.432058	-14858.4
290	0.433317	-14801.4
291	0.433224	-14929.7
292	0.442533	-15296.5
293	0.429352	-14660.5
294	0.438943	-15195.7
295	0.434632	-14982.7
296	0.438365	-15201.1
297	0.428019	-14472.8
298	0.435887	-15059.6
299	0.431603	-14822
300	0.431437	-14702.2
301	0.438998	-15218.3
302	0.441401	-15461.5
303	0.431225	-14671.9
304	0.43169	-14912.6
305	0.429226	-14627.6
306	0.425537	-14281.9
307	0.423823	-14171.2
308	0.440005	-15437
309	0.435209	-14984.9
310	0.430654	-14701.6
311	0.436263	-15088.5
312	0.441113	-15451.1
313	0.427113	-14265.2
314	0.430457	-14608
315	0.440068	-15211.4
316	0.435415	-15024.6
317	0.438455	-15352.2
318	0.43156	-14681.2
319	0.427683	-14599.9
320	0.436852	-15157.5
321	0.432657	-14750.6
322	0.431373	-14743
323	0.43362	-14902.7
324	0.439633	-15567.4
325	0.433067	-14919.4
326	0.429528	-14519.6
327	0.43338	-14852.4
328	0.438688	-15007.5
329	0.435792	-15062
330	0.431893	-14645.2
331	0.427275	-14321.9
332	0.43235	-14711.5
333	0.431149	-14730.6
334	0.434033	-14879.8
335	0.437041	-15248.6
336	0.432368	-14789.7
337	0.43212	-14675.8
338	0.434315	-14835.5
339	0.436803	-14966.3
340	0.435686	-15165.7
341	0.427306	-14463.5
342	0.435264	-15081.6
343	0.44228	-15544.4
344	0.441227	-15434.9
345	0.438712	-15222.9
346	0.435583	-14923.7
347	0.430243	-14547.6
348	0.435092	-15058.7
349	0.43646	-15118.3
350	0.434897	-14953.4
351	0.430953	-14760.5
352	0.441902	-15449.1
353	0.429157	-14576
354	0.431064	-14790.9
355	0.425518	-14302.9
356	0.42579	-14327.2
357	0.435506	-15085.1
358	0.426474	-14395.4
359	0.424289	-14331.5
360	0.43658	-15149.8
361	0.433064	-14903.1
362	0.442933	-15712.6
363	0.441778	-15461.5
364	0.43121	-14726.3
365	0.428125	-14456.7
366	0.434156	-14895.2
367	0.429334	-14451.9
368	0.430436	-14720.4
369	0.429783	-14751.3
370	0.431637	-14749.1
371	0.431008	-14653
372	0.428432	-14330.5
373	0.437065	-15196.8
374	0.434615	-15160.3
375	0.439739	-15334.8
376	0.427794	-14404.4
377	0.438721	-15226.6
378	0.432688	-14632
379	0.431122	-14644.3
380	0.437895	-15184.8
381	0.4331	-14851.2
382	0.426964	-14436.1
383	0.4321	-14809.3
384	0.435712	-15002.8
385	0.43235	-14752.5
386	0.430845	-14543.4
387	0.434242	-15035.8
388	0.434501	-14894
389	0.436914	-15198.2
390	0.44281	-15419.9
391	0.432748	-14819.6
392	0.429241	-14544.6
393	0.432478	-14975.9
394	0.432658	-14830.1
395	0.43707	-15074.8
396	0.43597	-14986.1
397	0.432732	-14991.5
398	0.436943	-15198.5
399	0.442979	-15351
400	0.425317	-14326.7
401	0.432537	-14934.6
402	0.427898	-14518.4
403	0.434296	-14981
404	0.437179	-15051.9
405	0.436662	-15132.6
406	0.431091	-14915.2
407	0.433854	-14936.1
408	0.435711	-15091.4
409	0.426391	-14369.6
410	0.435381	-14851.6
411	0.425513	-14203.9
412	0.434922	-14973.1
413	0.423962	-14119.9
414	0.442083	-15378
415	0.435401	-14969
416	0.433032	-14815.3
417	0.441788	-15326.5
418	0.433142	-14905.4
419	0.439273	-15239.4
420	0.439053	-15119.7
421	0.435184	-15180
422	0.428623	-14567.2
423	0.429609	-14596.2
424	0.425074	-14366
425	0.42474	-14285
426	0.436371	-15056.9
427	0.436151	-15102
428	0.431294	-14628.4
429	0.428684	-14778.7
430	0.435235	-14965.4
431	0.429106	-14763.6
432	0.436869	-15029.9
433	0.433314	-14814.7
434	0.434142	-14922.3
435	0.432067	-14819.4
436	0.426136	-14520
437	0.440503	-15329.4
438	0.439352	-15127
439	0.435107	-14995.3
440	0.434176	-14934.3
441	0.423767	-14218.3
442	0.427387	-14429.3
443	0.435697	-14967.9
444	0.431612	-14769.3
445	0.43594	-15089.6
446	0.436081	-15025
447	0.435893	-15069.2
448	0.432175	-14838.9
449	0.432751	-14811.6
450	0.430643	-14690.3
451	0.422699	-14230.2
452	0.443735	-15758.8
453	0.427585	-14419.1
454	0.447017	-15766.4
455	0.436197	-14998
456	0.42695	-14390.4
457	0.436458	-15144.1
458	0.428905	-14547
459	0.429569	-14511.7
460	0.434695	-15014
461	0.432599	-14837.8
462	0.429388	-14585.4
463	0.432513	-14945.1
464	0.450752	-15869.5
465	0.434965	-15072.9
466	0.430653	-14642.3
467	0.4439	-15634.2
468	0.429014	-14678.3
469	0.428508	-14584.2
470	0.425812	-14289.3
471	0.437032	-15128.6
472	0.442465	-15566.5
473	0.434055	-14806.6
474	0.427387	-14686.6
475	0.428973	-14655.2
476	0.432731	-14781.5
477	0.43338	-14692.8
478	0.429564	-14514.4
479	0.442219	-15533
480	0.430853	-14630.9
481	0.439315	-15252.6
482	0.431408	-14794
483	0.427591	-14543
484	0.437603	-15203.3
485	0.436597	-14943.2
486	0.424808	-14254.9
487	0.442435	-15383.7
488	0.434652	-15027.7
489	0.431029	-14702.6
490	0.42911	-14497.7
491	0.436587	-14960.3
492	0.430661	-14725.9
493	0.427848	-14606.9
494	0.432533	-14993
495	0.432066	-14791.4
496	0.434472	-15106.8
497	0.426398	-14351.5
498	0.426014	-14441.4
499	0.431887	-14677.5
500	0.434466	-14784.1
501	0.432302	-14741.2
502	0.438148	-15274.6
503	0.43062	-14618.2
504	0.426469	-14476.4
505	0.444676	-15796
506	0.430743	-14683.1
507	0.431888	-14748.8
508	0.428225	-14451.6
509	0.432078	-14843.7
510	0.427721	-14521.3
511	0.433392	-14906.5
512	0.438953	-15278.2
513	0.435772	-15097.6
514	0.433987	-14938
515	0.433582	-14953.6
516	0.42205	-14048
517	0.431924	-14765.3
518	0.440453	-15286.4
519	0.430643	-14650.5
520	0.433533	-14704.7
521	0.440739	-15359.9
522	0.433064	-14903
523	0.440661	-15511.5
524	0.434349	-15051.8
525	0.430498	-14620.8
526	0.432774	-14782.3
527	0.434116	-14949.3
528	0.435518	-15087.4
529	0.435418	-14966.2
530	0.438833	-15166
531	0.431833	-14886.6
532	0.431215	-14810.1
533	0.426728	-14531.4
534	0.43381	-14987.8
535	0.430188	-14694.7
536	0.427918	-14517.6
537	0.440317	-15353.2
538	0.434123	-14931.1
539	0.438348	-15195.1
540	0.435909	-14844.6
541	0.427678	-14351.4
542	0.437209	-15075.4
543	0.430199	-14633.6
544	0.430158	-14762
545	0.430823	-14828.2
546	0.434604	-15003.3
547	0.435151	-15048.5
548	0.428654	-14585.1
549	0.438956	-15277.1
550	0.431894	-14836.6
551	0.436281	-15054.3
552	0.443346	-15547.4
553	0.42962	-14614.1
554	0.436734	-15108.5
555	0.432335	-14733.6
556	0.436129	-15108.7
557	0.439147	-15302.8
558	0.441159	-15452.3
559	0.436785	-15092
560	0.43454	-15019.7
561	0.439923	-15378.2
562	0.439454	-15275.3
563	0.434348	-15019.1
564	0.434763	-14903.5
565	0.426171	-14464.5
566	0.428579	-14532
567	0.44103	-15478
568	0.435548	-15060.9
569	0.435329	-15068.4
570	0.433175	-14988.9
571	0.4302	-14626.7
572	0.449883	-15905.4
573	0.429456	-14621.4
574	0.425664	-14415.8
575	0.43539	-15039.5
576	0.447488	-15798.3
577	0.437999	-15300.4
578	0.436917	-15062.5
579	0.4388	-15314.7
580	0.433893	-15012.8
581	0.43169	-14881
582	0.433801	-14854.3
583	0.439987	-15131.4
584	0.42847	-14553
585	0.432148	-14795.9
586	0.437776	-15148
587	0.435255	-14908.5
588	0.426375	-14363.5
589	0.436956	-15173.8
590	0.434449	-14894.9
591	0.43843	-15184.5
592	0.441382	-15340.5
593	0.439853	-15371.3
594	0.431769	-14636.2
595	0.434544	-14914.2
596	0.431605	-14807.2
597	0.440446	-15345
598	0.430441	-14754
599	0.432629	-14804.7
600	0.438019	-15175.4
601	0.436264	-14985.6
602	0.43055	-14683.6
603	0.430354	-14598.3
604	0.431035	-14810.6
605	0.432394	-14853.3
606	0.434226	-15013.4
607	0.43191	-14713.5
608	0.434665	-14915.6
609	0.432415	-14843.8
610	0.450163	-16148.4
611	0.436331	-15111.2
612	0.433264	-14915.2
613	0.439088	-15450
614	0.437513	-15056.4
615	0.434823	-15007.2
616	0.432717	-14944.2
617	0.434148	-14789.9
618	0.437371	-15283.4
619	0.434262	-14936.9
620	0.435172	-15039.4
621	0.431777	-14839.8
622	0.429854	-14592.6
623	0.437693	-15168.2
624	0.433096	-14780.8
625	0.431333	-14837.1
626	0.426967	-14198.2
627	0.434642	-15083.1
628	0.432457	-14759.5
629	0.42964	-14609.2
630	0.435546	-15071.7
631	0.43709	-15175
632	0.423402	-14182.2
633	0.431996	-14734.3
634	0.434753	-14983.7
635	0.432879	-14830
636	0.428815	-14518.3
637	0.430657	-14695.2
638	0.423896	-14244.9
639	0.442547	-15555
640	0.423755	-14290.9
641	0.427909	-14457.1
642	0.434424	-14918.7
643	0.431471	-14712.6
644	0.433899	-14994.7
645	0.431892	-14828.3
646	0.439603	-15313.6
647	0.426483	-14196.8
648	0.43481	-14990.2
649	0.425615	-14493.9
650	0.432571	-14752.8
651	0.435425	-15027
652	0.431872	-14864.1
653	0.437163	-15133
654	0.436206	-15010.6
655	0.429473	-14711.6
656	0.436723	-15203.6
657	0.430433	-14672.6
658	0.422213	-14047
659	0.43854	-15407.2
660	0.441434	-15482.5
661	0.436728	-15052.1
662	0.433021	-14932.7
663	0.437894	-15129
664	0.427215	-14509.4
665	0.438145	-15567.9
666	0.437754	-15115.9
667	0.442033	-15593.3
668	0.433789	-14960.9
669	0.427773	-14637.9
670	0.430606	-14686.3
671	0.434226	-15038.4
672	0.443465	-15549.7
673	0.442339	-15525.3
674	0.425121	-14275.4
675	0.428447	-14398.6
676	0.433703	-15026.3
677	0.428692	-14541.9
678	0.431908	-14906.8
679	0.426092	-14498.4
680	0.434686	-15015.9
681	0.437766	-15336.4
682	0.424975	-14331.7
683	0.430346	-14681.1
684	0.42711	-14487.6
685	0.437821	-15455.8
686	0.434231	-14797.5
687	0.438924	-15398.4
688	0.440362	-15395.9
689	0.433759	-14852.2
690	0.437226	-14945.8
691	0.425935	-14559.8
692	0.434045	-14994.1
693	0.432118	-14614.7
694	0.437546	-15235.1
695	0.436354	-15163.8
696	0.443189	-15521.3
697	0.43689	-15111.5
698	0.430693	-14627.5
699	0.43088	-14698.5
700	0.435991	-14914.6
701	0.436207	-15139
702	0.433487	-14999.6
703	0.443643	-15636.5
704	0.436456	-15206.3
705	0.431048	-14735
706	0.437949	-15120.6
707	0.431408	-14750.6
708	0.431943	-14815.4
709	0.428337	-14485.3
710	0.444997	-15522.2
711	0.422519	-14197.5
712	0.440986	-15374.8
713	0.433571	-15029.6
714	0.436843	-15099.3
715	0.435237	-15101.6
716	0.432629	-14714
717	0.428604	-14724.4
718	0.433481	-14773.1
719	0.434901	-14973.8
720	0.427594	-14476.1
721	0.434329	-14913.2
722	0.44434	-15469.9
723	0.437178	-15242.3
724	0.427023	-14515.7
725	0.438927	-15195.6
726	0.427574	-14472.9
727	0.431689	-14780.5
728	0.431145	-14735
729	0.430054	-14779.5
730	0.431438	-14752.7
731	0.427912	-14505.7
732	0.432072	-14855.4
733	0.437471	-15069.1
734	0.433531	-15029
735	0.429604	-14520
736	0.431628	-14666.6
737	0.438237	-15212.9
738	0.433498	-14829.1
739	0.436269	-15082.8
740	0.425728	-14368
741	0.430107	-14695.5
742	0.435502	-14972.4
743	0.451376	-16133.2
744	0.433621	-14896.8
745	0.435675	-15068.5
746	0.427787	-14652.2
747	0.433329	-14734.3
748	0.442203	-15538.7
749	0.429248	-14675.5
750	0.436093	-14819.6
751	0.430185	-14685.6
752	0.430218	-14748.6
753	0.430268	-14681.2
754	0.434815	-14900.6
755	0.430169	-14651.6
756	0.432812	-14976.3
757	0.425234	-14420.8
758	0.429044	-14660.3
759	0.430315	-14641.2
760	0.428701	-14488.1
761	0.434039	-14826.4
762	0.437994	-15101.1
763	0.426152	-14450.3
764	0.433388	-14998.5
765	0.439156	-15382.6
766	0.434158	-15024.2
767	0.4262	-14418.9
768	0.438023	-15138.7
769	0.43629	-14991.9
770	0.425847	-14430.1
771	0.428853	-14604.9
772	0.425993	-14464.1
773	0.436717	-15119.3
774	0.432335	-14703.3
775	0.4354	-14929.9
776	0.424931	-14299.5
777	0.43423	-14963.2
778	0.424431	-14040.1
779	0.445155	-15532.2
780	0.423336	-14153.3
781	0.435126	-15028.2
782	0.424564	-14309.8
783	0.43129	-14710.7
784	0.445706	-15881.6
785	0.433679	-14871.1
786	0.42621	-14377
787	0.44077	-15124.3
788	0.431779	-14850.8
789	0.436626	-15034.9
790	0.436757	-15017.7
791	0.432916	-14843.2
792	0.431573	-14708.3
793	0.438853	-15112.5
794	0.436228	-15111.3
795	0.426574	-14499.5
796	0.430635	-14676.2
797	0.435603	-15095.4
798	0.436219	-15116.3
799	0.441044	-15568.7
800	0.430994	-14794.8
801	0.434286	-14859.6
802	0.43484	-14953.1
803	0.432124	-14796.2
804	0.440485	-15472
805	0.426127	-14480.6
806	0.433657	-14884
807	0.428469	-14469.4
808	0.436299	-14985.8
809	0.430416	-14780.5
810	0.434196	-14789.9
811	0.435587	-15012.7
812	0.438742	-15217.5
813	0.440402	-15508.5
814	0.434529	-14966.7
815	0.430494	-14706.1
816	0.440779	-15269.2
817	0.437359	-14991.4
818	0.437578	-15128.1
819	0.435089	-14868.3
820	0.433282	-14820.5
821	0.437572	-15243.8
822	0.435534	-15071.1
823	0.433546	-14962.5
824	0.429188	-14392.2
825	0.425529	-14414.2
826	0.431492	-14722.4
827	0.432317	-14747.6
828	0.442029	-15502.4
829	0.428192	-14436.4
830	0.431714	-14731
831	0.43102	-14807.4
832	0.43147	-14852.8
833	0.433386	-15006.1
834	0.441917	-15648.9
835	0.439737	-15272.4
836	0.441033	-15465.2
837	0.428502	-14554.8
838	0.43191	-14768.7
839	0.430532	-14663
840	0.431637	-14838.8
841	0.433492	-14907.9
842	0.428196	-14533.9
843	0.435602	-15033.5
844	0.437259	-15162.2
845	0.436879	-15184.5
846	0.429478	-14481.4
847	0.435619	-15030.7
848	0.43692	-15084.8
849	0.43258	-14768.6
850	0.427055	-14468
851	0.44154	-15422
852	0.429667	-14661.2
853	0.43501	-14998
854	0.42805	-14516
855	0.440012	-15377.9
856	0.448748	-15858.6
857	0.434088	-15069.5
858	0.433976	-14881.7
859	0.4304	-14728.1
860	0.445191	-15731.9
861	0.434284	-14980.8
862	0.428511	-14670.5
863	0.428356	-14509.5
864	0.435751	-14989.8
865	0.433626	-14798.8
866	0.428973	-14637.9
867	0.434945	-15021.2
868	0.432762	-14904.2
869	0.433921	-14851.6
870	0.443438	-15585.8
871	0.430677	-14701.6
872	0.439133	-15203
873	0.435693	-14850
874	0.434339	-14809.8
875	0.426976	-14396.8
876	0.438675	-15311.8
877	0.436279	-15080.1
878	0.448184	-16028.8
879	0.432802	-14910.7
880	0.434607	-14837.2
881	0.435177	-14919.1
882	0.439151	-15220.5
883	0.428539	-14637.6
884	0.429848	-14619.8
885	0.435639	-15020
886	0.434117	-14942.7
887	0.428926	-14642.1
888	0.435549	-15114.8
889	0.433431	-14806.7
890	0.442195	-15686.5
891	0.431812	-14814.4
892	0.44145	-15686.4
893	0.434769	-15086.8
894	0.439981	-15394.2
895	0.439803	-15282.6
896	0.433853	-14824.3
897	0.434779	-15027.9
898	0.440058	-15342.6
899	0.441908	-15368.6
900	0.435723	-15022
901	0.434112	-14939.6
902	0.432396	-14843.4
903	0.437439	-15143.3
904	0.430472	-14714.9
905	0.433761	-14800.7
906	0.42853	-14499.3
907	0.432164	-14714.3
908	0.436288	-15131.5
909	0.434229	-14899.5
910	0.432722	-14949.5
911	0.435494	-15041.6
912	0.426687	-14482.2
913	0.436428	-15237.5
914	0.434819	-14767.5
915	0.430382	-14773.5
916	0.43495	-15039.4
917	0.437328	-15114.2
918	0.437012	-15082.8
919	0.4294	-14472.2
920	0.432867	-14882.4
921	0.434276	-14928.3
922	0.434236	-14949.6
923	0.433801	-14802.8
924	0.434358	-14881.8
925	0.430975	-14816.9
926	0.431628	-14729.9
927	0.435481	-14931.1
928	0.430731	-14623.7
929	0.434626	-15068.5
930	0.427617	-14453.7
931	0.433469	-15003.8
932	0.4416	-15400.1
933	0.429039	-14639.1
934	0.428247	-14511
935	0.42886	-14488
936	0.434447	-15057.6
937	0.422255	-14124
938	0.438644	-15205.5
939	0.439027	-15275.2
940	0.437886	-15268.7
941	0.438429	-15220.2
942	0.435053	-14868
943	0.43034	-14795.5
944	0.42998	-14549
945	0.438185	-15064.8
946	0.438076	-15117.9
947	0.437068	-15150.3
948	0.442174	-15449.1
949	0.433981	-15034.4
950	0.432754	-14823.5
951	0.436149	-15133.9
952	0.430344	-14736.1
953	0.43715	-15239.5
954	0.434771	-14956.8
955	0.437349	-15074.8
956	0.438233	-15288
957	0.43695	-14919.3
958	0.431393	-14629.5
959	0.427813	-14536.6
960	0.435151	-15179.3
961	0.434947	-15091
962	0.437997	-14996.5
963	0.431946	-14850.5
964	0.436889	-15124.2
965	0.432333	-14783.8
966	0.431697	-14820.1
967	0.429065	-14508.4
968	0.42972	-14669.6
969	0.426414	-14361.6
970	0.435918	-15042
971	0.429399	-14571.5
972	0.435829	-14989.1
973	0.426168	-14331.5
974	0.438787	-15308.6
975	0.431913	-14868.7
976	0.429975	-14687.7
977	0.437486	-15129.4
978	0.432714	-14768.6
979	0.430069	-14670.6
980	0.42801	-14526.7
981	0.431355	-14710.6
982	0.441832	-15496.1
983	0.430693	-14629.9
984	0.430377	-14723.6
985	0.42398	-14215.1
986	0.4461	-15650
987	0.435189	-15064.2
988	0.440046	-15252.5
989	0.435851	-15132.7
990	0.425666	-14411.6
991	0.437266	-15213.8
992	0.436454	-15014.4
993	0.443457	-15580.6
994	0.430966	-14740.4
995	0.429014	-14661.3
996	0.432147	-14683.5
997	0.434454	-14912.5
998	0.432199	-14866.7
999	0.430599	-14728
