0	0.389209	-12024.2
1	0.429515	-14607.3
2	0.429701	-14569.3
3	0.418349	-13916.7
4	0.424713	-14290.3
5	0.427052	-14319.1
6	0.435733	-15136.4
7	0.430931	-14830
8	0.428287	-14453.6
9	0.429046	-14512.7
10	0.429219	-14550.2
11	0.432818	-14833.9
12	0.425668	-14517.3
13	0.422564	-14083.6
14	0.424723	-14203.5
15	0.419799	-13977.8
16	0.434759	-14975
17	0.426737	-14398
18	0.424606	-14379.5
19	0.425694	-14265.6
20	0.425304	-14277.8
21	0.418896	-13912.5
22	0.427821	-14441.3
23	0.426397	-14329.1
24	0.427874	-14459.7
25	0.425581	-14176.5
26	0.421618	-14056.3
27	0.428687	-14672.2
28	0.423675	-14210.4
29	0.426809	-14501.4
30	0.420016	-13966.5
31	0.434097	-14935.1
32	0.431112	-14828.2
33	0.435964	-15061.7
34	0.427789	-14530.4
35	0.430042	-14616.9
36	0.429115	-14500.9
37	0.42267	-14080.9
38	0.430157	-14642.1
39	0.429627	-14640.5
40	0.428508	-14794
41	0.433448	-14782.4
42	0.436091	-15178.5
43	0.426389	-14531.1
44	0.436628	-15170.6
45	0.421489	-13961.3
46	0.433649	-14812.5
47	0.422368	-14164.2
48	0.418713	-13901.1
49	0.430226	-14747.5
50	0.425655	-14442
51	0.433767	-14740.1
52	0.423511	-14118.2
53	0.425309	-14331.4
54	0.429508	-14568.9
55	0.425666	-14279.3
56	0.430259	-14632.4
57	0.428285	-14507.9
58	0.42274	-14266
59	0.426206	-14280.2
60	0.42844	-14490.1
61	0.428495	-14665.2
62	0.433766	-15043.7
63	0.431083	-14664.2
64	0.430652	-14713.1
65	0.412585	-13380.8
66	0.433351	-14857
67	0.428815	-14527
68	0.432226	-14765.3
69	0.429714	-14681.6
70	0.415464	-13686
71	0.424542	-14422.1
72	0.420897	-13936
73	0.426245	-14428.7
74	0.425354	-14208.4
75	0.427922	-14373.9
76	0.423085	-14159.3
77	0.42794	-14547
78	0.42231	-14145.9
79	0.431067	-14842.3
80	0.43907	-15219.5
81	0.424203	-14344.3
82	0.425152	-14389.1
83	0.428165	-14579.2
84	0.435972	-15180.8
85	0.415998	-13819.7
86	0.422903	-14272.8
87	0.426075	-14372.5
88	0.432192	-14654
89	0.425561	-14463
90	0.426676	-14545.3
91	0.431336	-14745.7
92	0.427473	-14471.1
93	0.421674	-13944.2
94	0.43224	-14915.4
95	0.419602	-13847.9
96	0.426727	-14560.9
97	0.424401	-14277.9
98	0.432409	-14827.1
99	0.42361	-14113.6
100	0.422767	-14138.5
101	0.431723	-14706.8
102	0.428123	-14577.7
103	0.431619	-14653.2
104	0.434648	-14906.9
105	0.432474	-14880
106	0.428414	-14373.6
107	0.42697	-14451.9
108	0.424699	-14227.2
109	0.420545	-14045
110	0.419147	-13961.1
111	0.42542	-14263.2
112	0.428084	-14374.1
113	0.435979	-15141.4
114	0.437208	-15053.8
115	0.423827	-14300.7
116	0.427045	-14583.4
117	0.422501	-14111.7
118	0.426289	-14457.9
119	0.431182	-14822.6
120	0.429707	-14786
121	0.429514	-14716
122	0.424591	-14348.7
123	0.431679	-14784.9
124	0.420854	-13822.9
125	0.425292	-14490.5
126	0.431165	-14659.8
127	0.429998	-14683.4
128	0.420936	-14079.3
129	0.416593	-13694.2
130	0.421871	-14020
131	0.431941	-14822.4
132	0.426078	-14335.1
133	0.426835	-14323.6
134	0.42869	-14525.2
135	0.427737	-14455.5
136	0.430821	-14575.4
137	0.416795	-13812.5
138	0.42849	-14506.5
139	0.426784	-14455.7
140	0.426049	-14399
141	0.425602	-14406.7
142	0.429884	-14652.9
143	0.42661	-14358.6
144	0.424619	-14224.1
145	0.434545	-14832.2
146	0.434888	-14886.9
147	0.424168	-14365
148	0.427595	-14412.9
149	0.427589	-14575.8
150	0.432373	-15005.6
151	0.425697	-14352.7
152	0.427558	-14678.7
153	0.427362	-14366.4
154	0.424033	-14069
155	0.434785	-14962.2
156	0.422185	-14158.1
157	0.427547	-14513.5
158	0.435928	-14881.3
159	0.43365	-14813.7
160	0.447539	-15783.3
161	0.430432	-14622.8
162	0.425796	-14371.7
163	0.423183	-13947.6
164	0.437414	-15034.3
165	0.42807	-14619.1
166	0.430228	-14571.2
167	0.431456	-14815.9
168	0.430808	-14655.1
169	0.42321	-14219.1
170	0.417981	-13765
171	0.428064	-14471.7
172	0.426656	-14423.6
173	0.423748	-14236.8
174	0.429275	-14722.4
175	0.437548	-15201.4
176	0.430075	-14795.3
177	0.427345	-14564
178	0.428928	-14673.2
179	0.425325	-14291.8
180	0.422203	-14044.2
181	0.426709	-14404.2
182	0.431187	-14614.2
183	0.430481	-14796.7
184	0.430041	-14687.7
185	0.428656	-14645.4
186	0.421616	-14174.5
187	0.426626	-14337.8
188	0.420743	-13972.6
189	0.429484	-14670.8
190	0.419972	-14023.1
191	0.419963	-14042.4
192	0.427765	-14362.8
193	0.428787	-14428.2
194	0.423411	-14237.6
195	0.424401	-14302.1
196	0.429936	-14642.7
197	0.421967	-14189.3
198	0.428945	-14651.2
199	0.426385	-14269.7
200	0.428505	-14554
201	0.437194	-15141.9
202	0.425751	-14339.1
203	0.4332	-14815.5
204	0.419821	-13981.1
205	0.42941	-14618.8
206	0.428178	-14556.9
207	0.431003	-14736.7
208	0.427664	-14477.9
209	0.424821	-14259.8
210	0.416897	-13800
211	0.430758	-14593
212	0.432677	-14849
213	0.417734	-13718.3
214	0.418103	-13861
215	0.42698	-14275.9
216	0.421194	-14084.6
217	0.429204	-14645.3
218	0.428347	-14416.4
219	0.429206	-14547.4
220	0.427204	-14416.3
221	0.427814	-14439.2
222	0.422725	-14195.2
223	0.419897	-13973
224	0.424305	-14179.3
225	0.427041	-14597.1
226	0.432181	-14743.7
227	0.423045	-14333.5
228	0.4254	-14215.5
229	0.424272	-14256.2
230	0.432147	-14719
231	0.422313	-14064.8
232	0.426993	-14319.8
233	0.42622	-14380.1
234	0.422901	-14114.1
235	0.42537	-14338.6
236	0.425654	-14259.3
237	0.421564	-14029.5
238	0.427453	-14426.5
239	0.427098	-14489.5
240	0.426089	-14446
241	0.427364	-14435
242	0.421451	-14050.1
243	0.42585	-14426.6
244	0.425706	-14437
245	0.423855	-14337.1
246	0.436816	-15081.7
247	0.428174	-14535.4
248	0.433213	-14813.2
249	0.424184	-14294
250	0.419777	-13854.5
251	0.428795	-14483.3
252	0.428483	-14616.7
253	0.429346	-14671.8
254	0.430619	-14535.2
255	0.431498	-14681.3
256	0.418733	-13928.6
257	0.432935	-14916.9
258	0.434092	-15087.4
259	0.430453	-14734.3
260	0.43151	-14735.2
261	0.425054	-14242.6
262	0.43611	-15038.7
263	0.434067	-14887.9
264	0.420864	-14062
265	0.428242	-14489.5
266	0.429412	-14771.4
267	0.42408	-14094
268	0.437956	-15089.9
269	0.428195	-14413.7
270	0.427278	-14409.9
271	0.428279	-14651.5
272	0.426486	-14420.4
273	0.426761	-14468.5
274	0.420598	-13979.1
275	0.435997	-14915
276	0.427645	-14513.6
277	0.426103	-14502
278	0.424981	-14235.7
279	0.420065	-13802.4
280	0.42549	-14378.3
281	0.42694	-14370.3
282	0.427328	-14373.1
283	0.428202	-14516.1
284	0.426724	-14484.8
285	0.429223	-14605.5
286	0.419079	-13898.6
287	0.424914	-14315.3
288	0.434172	-14776.6
289	0.426797	-14435.6
290	0.431357	-14731.1
291	0.420753	-14122
292	0.426098	-14478.6
293	0.425648	-14392.4
294	0.430377	-14783.2
295	0.425604	-14342.3
296	0.428233	-14481.7
297	0.432566	-14665.9
298	0.432542	-14809.1
299	0.435882	-14954.5
300	0.430125	-14674
301	0.42576	-14346.9
302	0.428794	-14549.8
303	0.426037	-14413.5
304	0.429644	-14696.9
305	0.431604	-14720.8
306	0.434397	-14903.9
307	0.425507	-14258.5
308	0.423351	-14195.3
309	0.423923	-14144.3
310	0.431568	-14722.9
311	0.436875	-15153.1
312	0.429313	-14558.6
313	0.429794	-14652
314	0.424982	-14414.1
315	0.430872	-14677.2
316	0.428731	-14545.4
317	0.423896	-14109
318	0.427296	-14527.7
319	0.431448	-14489.6
320	0.43318	-14969.6
321	0.425683	-14370
322	0.421376	-13923.3
323	0.419727	-13880.9
324	0.427738	-14639.4
325	0.432388	-14910.1
326	0.419615	-14052.6
327	0.419809	-13876.1
328	0.429075	-14622.7
329	0.425281	-14210.3
330	0.427314	-14483.3
331	0.425404	-14343
332	0.425624	-14376.1
333	0.42566	-14294.5
334	0.434565	-14919
335	0.423973	-14320.5
336	0.427792	-14572.2
337	0.415746	-13671.9
338	0.426389	-14498.6
339	0.432878	-14795.8
340	0.432077	-14788.2
341	0.423399	-14262.7
342	0.431839	-14717.9
343	0.433454	-14902.8
344	0.424397	-14254.5
345	0.427596	-14595.6
346	0.435245	-15030.2
347	0.427504	-14511.3
348	0.424267	-14378.7
349	0.430503	-14673.7
350	0.424242	-14249.8
351	0.420139	-13968.4
352	0.427991	-14520.2
353	0.434734	-14930.1
354	0.441436	-15337.3
355	0.431045	-14671.1
356	0.422042	-14155.1
357	0.425961	-14375.7
358	0.423732	-14125.4
359	0.425397	-14397.4
360	0.436236	-15056.9
361	0.424253	-14264.9
362	0.430429	-14748
363	0.421423	-14047.8
364	0.4205	-14062.4
365	0.425336	-14317.5
366	0.425067	-14228.5
367	0.418919	-13938.5
368	0.422356	-14212.7
369	0.426195	-14233.2
370	0.43578	-15040.7
371	0.424089	-14127.5
372	0.434296	-15060.6
373	0.430324	-14698.1
374	0.422892	-14141.1
375	0.42579	-14459.9
376	0.431864	-14661.9
377	0.426499	-14475.4
378	0.425592	-14413.2
379	0.42586	-14382.4
380	0.429076	-14625.1
381	0.419679	-14048.1
382	0.435192	-15184.1
383	0.430654	-14788.1
384	0.422419	-14050.1
385	0.42695	-14461.8
386	0.42481	-14385.1
387	0.4219	-14196.2
388	0.430999	-14813.6
389	0.426782	-14430
390	0.424861	-14450.5
391	0.425709	-14307.3
392	0.43084	-14569.8
393	0.428359	-14436.6
394	0.434514	-14816
395	0.429955	-14663.2
396	0.429219	-14644.2
397	0.418844	-13939.4
398	0.414815	-13640.9
399	0.41837	-13867.2
400	0.432731	-14780.7
401	0.428658	-14505.8
402	0.419997	-13891.4
403	0.427306	-14403.6
404	0.423891	-14109.7
405	0.425246	-14472.3
406	0.421784	-14211.2
407	0.425027	-14315.5
408	0.423072	-14178.4
409	0.426272	-14316.9
410	0.427933	-14482.1
411	0.424241	-14248.5
412	0.425326	-14445
413	0.428462	-14654.9
414	0.427528	-14467.6
415	0.428313	-14572
416	0.419769	-13920.4
417	0.429717	-14527.1
418	0.427043	-14517.6
419	0.432971	-14803.4
420	0.432678	-14792.4
421	0.43345	-14848.9
422	0.421483	-14036.4
423	0.423816	-14100.6
424	0.419195	-13997.6
425	0.423778	-13981.9
426	0.42998	-14472.3
427	0.425291	-14343.1
428	0.427614	-14448.5
429	0.436246	-14882.1
430	0.433467	-14909.8
431	0.426202	-14398
432	0.422523	-14163.5
433	0.421339	-14205.2
434	0.422131	-14064.6
435	0.426139	-14331.6
436	0.424025	-14334.2
437	0.426986	-14392.8
438	0.420502	-13984
439	0.426036	-14301.5
440	0.437855	-15023.3
441	0.422519	-14096
442	0.422209	-14100.1
443	0.43039	-14688.3
444	0.429286	-14559.6
445	0.429632	-14656.6
446	0.435096	-14747.8
447	0.41965	-14019.8
448	0.432984	-14966.2
449	0.428049	-14478.4
450	0.428248	-14564.2
451	0.430896	-14714.3
452	0.428716	-14552.8
453	0.432263	-14913.2
454	0.424328	-14259.4
455	0.423127	-14088.4
456	0.427443	-14527.8
457	0.431009	-14657.8
458	0.43085	-14643.7
459	0.42676	-14416.2
460	0.421522	-14023.6
461	0.4504	-15932
462	0.419012	-13890.6
463	0.423757	-14130.7
464	0.428101	-14570.7
465	0.422689	-14162.8
466	0.424822	-14312.3
467	0.432316	-14798.6
468	0.423833	-14127.8
469	0.425542	-14375.6
470	0.430444	-14660.5
471	0.427356	-14501.7
472	0.43064	-14415
473	0.424955	-14277.5
474	0.420245	-13943.4
475	0.430006	-14772.6
476	0.434337	-14873.8
477	0.429889	-14726.7
478	0.425469	-14299.3
479	0.429091	-14533
480	0.425166	-14226.8
481	0.433204	-14733.2
482	0.423363	-14259.1
483	0.424239	-14293.1
484	0.428296	-14822.5
485	0.430342	-14577.7
486	0.427651	-14493.2
487	0.421749	-14018.1
488	0.427591	-14633.3
489	0.423341	-14227.8
490	0.429447	-14568.3
491	0.42568	-14230.2
492	0.431983	-14844.3
493	0.429181	-14634.7
494	0.423921	-14149.5
495	0.426391	-14373
496	0.432178	-14892
497	0.427123	-14419.4
498	0.427889	-14509.7
499	0.42787	-14391.7
500	0.429757	-14570.9
501	0.437165	-15119.4
502	0.42766	-14560.5
503	0.424769	-14258.9
504	0.428275	-14597.8
505	0.433768	-14766.2
506	0.424697	-14344.3
507	0.43119	-14690.2
508	0.426161	-14400.2
509	0.426416	-14548.7
510	0.423822	-14227.9
511	0.426814	-14421.1
512	0.429642	-14543.2
513	0.427248	-14453
514	0.426871	-14333.3
515	0.426329	-14412.2
516	0.436959	-15127.4
517	0.426021	-14298.4
518	0.434183	-14852.7
519	0.422572	-14056.1
520	0.419873	-14176.4
521	0.425021	-14291
522	0.429048	-14563.6
523	0.425457	-14397.2
524	0.425505	-14256.4
525	0.421772	-14043.1
526	0.435291	-15001.7
527	0.41701	-13883.3
528	0.429751	-14472.7
529	0.426365	-14399.7
530	0.415023	-13484.5
531	0.424932	-14356
532	0.424905	-14240
533	0.425187	-14217.3
534	0.420777	-13950.5
535	0.419665	-14162.3
536	0.422187	-14106.1
537	0.431964	-14758.3
538	0.421948	-14277.8
539	0.427836	-14486
540	0.431332	-14708.8
541	0.429317	-14771.6
542	0.431902	-14819.4
543	0.427657	-14524.5
544	0.427892	-14520.8
545	0.430295	-14839.7
546	0.429703	-14589.3
547	0.432487	-14830.9
548	0.427665	-14477.7
549	0.428922	-14606.6
550	0.427611	-14381.1
551	0.422486	-14277.6
552	0.430664	-14599.3
553	0.439195	-15249.4
554	0.42291	-14264.3
555	0.424397	-14127.6
556	0.432207	-14935.2
557	0.422316	-14211.7
558	0.428702	-14573.8
559	0.425279	-14313.9
560	0.430956	-14656.7
561	0.435854	-15182.3
562	0.427143	-14638.7
563	0.427004	-14425.5
564	0.427249	-14442.4
565	0.422314	-14196
566	0.428228	-14492
567	0.432247	-14647.4
568	0.421898	-14073.4
569	0.430019	-14614.5
570	0.427273	-14421
571	0.425012	-14339.8
572	0.429042	-14714.9
573	0.42531	-14516.6
574	0.426639	-14400
575	0.424576	-14264.1
576	0.428514	-14462
577	0.423053	-14145.7
578	0.429065	-14603.2
579	0.421581	-14239.6
580	0.427295	-14655.4
581	0.430135	-14731
582	0.422126	-14199.5
583	0.435005	-14984.7
584	0.433087	-14933.7
585	0.425156	-14317.2
586	0.431441	-14848.9
587	0.430287	-14604.9
588	0.431426	-14795.6
589	0.429795	-14487
590	0.428183	-14345.7
591	0.434896	-14989.3
592	0.418869	-13836.6
593	0.42847	-14553.4
594	0.426947	-14491.9
595	0.426528	-14250.3
596	0.423079	-14269.1
597	0.4307	-14603.4
598	0.435875	-15105
599	0.425396	-14267.4
600	0.44365	-15632.5
601	0.431622	-14768
602	0.430284	-14787
603	0.428179	-14440.4
604	0.432571	-15002.6
605	0.425811	-14405.8
606	0.423947	-14217.9
607	0.428985	-14677.9
608	0.426284	-14426.6
609	0.426883	-14393.7
610	0.422282	-14128.5
611	0.425229	-14410
612	0.418516	-13803.9
613	0.424673	-14268.9
614	0.423418	-14167.6
615	0.42673	-14461.6
616	0.424626	-14248.5
617	0.423578	-14332.7
618	0.432461	-14821.4
619	0.424733	-14416.1
620	0.425231	-14213.4
621	0.430514	-14654.2
622	0.429683	-14543.2
623	0.425632	-14315.8
624	0.429206	-14572.9
625	0.430555	-14621.8
626	0.422204	-14220.1
627	0.422042	-14070.2
628	0.429644	-14636.8
629	0.426976	-14433.7
630	0.429509	-14708
631	0.423925	-14330.7
632	0.421188	-13979.7
633	0.427341	-14432.5
634	0.426004	-14398.5
635	0.425499	-14519.1
636	0.428475	-14390.7
637	0.427027	-14368.8
638	0.430109	-14597.8
639	0.431758	-14932.1
640	0.426665	-14477
641	0.423729	-14272.9
642	0.425553	-14514
643	0.428818	-14484.6
644	0.433629	-14964.7
645	0.436522	-15012.8
646	0.424346	-14216.9
647	0.426562	-14381.1
648	0.426049	-14530.1
649	0.434193	-14971.2
650	0.429134	-14619.1
651	0.425174	-14314
652	0.418938	-13877.7
653	0.433232	-14969.1
654	0.421125	-14031
655	0.431722	-14765.9
656	0.423724	-14125.9
657	0.426582	-14358.1
658	0.422734	-14097.7
659	0.429844	-14699.5
660	0.429557	-14674.2
661	0.420486	-13939.7
662	0.421923	-13959.9
663	0.42968	-14650.2
664	0.422937	-13945.1
665	0.4254	-14298
666	0.427141	-14392.1
667	0.424926	-14388.5
668	0.430296	-14654.5
669	0.419569	-13902.4
670	0.425317	-14398.4
671	0.427415	-14632.7
672	0.424051	-14195.5
673	0.417846	-13925.2
674	0.426157	-14430.1
675	0.434708	-14784.6
676	0.430329	-14651.8
677	0.428422	-14547.4
678	0.424437	-14099.6
679	0.425901	-14507
680	0.42629	-14303.4
681	0.433301	-14831.1
682	0.423989	-14291.8
683	0.439461	-15415.6
684	0.426974	-14415.1
685	0.427548	-14408
686	0.430618	-14759.9
687	0.420969	-13992
688	0.426424	-14452.3
689	0.428615	-14537.8
690	0.432403	-14668.2
691	0.42714	-14404.6
692	0.418098	-13796.8
693	0.430625	-14716.9
694	0.426765	-14447.4
695	0.417009	-13860.2
696	0.425515	-14462
697	0.427566	-14452.7
698	0.42942	-14515.1
699	0.422638	-14210.6
700	0.422543	-14083.7
701	0.422536	-14269.2
702	0.424326	-14285
703	0.430879	-14675.7
704	0.425421	-14277.5
705	0.423166	-14111.4
706	0.429765	-14613.8
707	0.42783	-14568.2
708	0.42732	-14494.7
709	0.430732	-14633.2
710	0.440401	-15187.5
711	0.424804	-14299.5
712	0.428434	-14354.4
713	0.432309	-14626.8
714	0.424392	-14369.4
715	0.425563	-14324.3
716	0.426635	-14544
717	0.425268	-14273.9
718	0.423139	-14076.6
719	0.436026	-15147.2
720	0.430872	-14569.8
721	0.423953	-14139.2
722	0.434646	-15005.1
723	0.428868	-14692
724	0.427019	-14376.3
725	0.425566	-14306.1
726	0.426373	-14418.1
727	0.425507	-14276.1
728	0.425409	-14460.5
729	0.423431	-14280.7
730	0.426691	-14468.4
731	0.420091	-13976.5
732	0.433958	-14912.7
733	0.425873	-14267.9
734	0.422431	-14158.6
735	0.427568	-14520.4
736	0.424078	-14196.7
737	0.421647	-13951.9
738	0.420772	-14053.8
739	0.4285	-14453
740	0.427897	-14418.5
741	0.423133	-14339.6
742	0.427734	-14541.9
743	0.426118	-14414.8
744	0.432893	-14853.5
745	0.429993	-14741.4
746	0.426657	-14429.1
747	0.427532	-14405.2
748	0.425513	-14383
749	0.422952	-14237.2
750	0.420616	-14046.6
751	0.431185	-14715.1
752	0.43158	-14786.3
753	0.423004	-14169.4
754	0.432747	-14833
755	0.421254	-14069.8
756	0.426307	-14322.2
757	0.428664	-14514.9
758	0.425082	-14318.5
759	0.43106	-14653.5
760	0.422406	-14237.9
761	0.426214	-14257.2
762	0.419138	-13978.8
763	0.42878	-14503.6
764	0.437022	-15198.5
765	0.425739	-14252.2
766	0.418432	-13994.4
767	0.422482	-14089.1
768	0.428234	-14440.7
769	0.423454	-14313.6
770	0.423043	-14153.1
771	0.421053	-13955.7
772	0.425676	-14395.5
773	0.42416	-14219.9
774	0.418251	-13983.3
775	0.427463	-14477.1
776	0.421233	-14006.7
777	0.42825	-14550.4
778	0.429038	-14644.7
779	0.42964	-14590.5
780	0.426112	-14372.8
781	0.427396	-14512.6
782	0.425104	-14179.1
783	0.42569	-14320
784	0.429846	-14627.8
785	0.427423	-14387.3
786	0.424328	-14332.9
787	0.424934	-14478.1
788	0.426815	-14317.1
789	0.425636	-14359
790	0.426917	-14348.2
791	0.41799	-13780.3
792	0.423916	-14165.1
793	0.426968	-14489.6
794	0.42115	-14088.5
795	0.428539	-14649.6
796	0.433577	-14960.3
797	0.434591	-15182.9
798	0.425446	-14324.6
799	0.43031	-14666.6
800	0.424391	-14259.9
801	0.43197	-14656.8
802	0.427145	-14401.7
803	0.428092	-14566.7
804	0.427308	-14561.6
805	0.42125	-14092.2
806	0.421261	-14103.9
807	0.418744	-13868.6
808	0.427482	-14423.7
809	0.426248	-14285.6
810	0.433103	-14923.4
811	0.424001	-14333.1
812	0.422269	-14229.1
813	0.427477	-14415
814	0.417808	-13914.5
815	0.431738	-15025.4
816	0.427278	-14407
817	0.421236	-14133.1
818	0.424562	-14245.7
819	0.431831	-14645.4
820	0.425254	-14199.3
821	0.421946	-14010.1
822	0.419718	-13997.2
823	0.431421	-14679.9
824	0.425906	-14314.7
825	0.420101	-14032
826	0.422065	-13940.3
827	0.420427	-14023
828	0.427185	-14438
829	0.423871	-14402.8
830	0.426735	-14310.2
831	0.424452	-14191.7
832	0.431611	-14712.6
833	0.438139	-15143.2
834	0.422965	-14332.3
835	0.425904	-14356.1
836	0.419351	-13896.4
837	0.42194	-13979.1
838	0.429512	-14662.9
839	0.421775	-14180
840	0.424562	-14262.1
841	0.430711	-14663.2
842	0.4159	-13812.9
843	0.424145	-14160.7
844	0.427262	-14386.7
845	0.433628	-14790.5
846	0.426293	-14287
847	0.430695	-14715.1
848	0.423411	-14092.8
849	0.427962	-14574.4
850	0.430995	-14684.2
851	0.428014	-14455.3
852	0.424159	-14293.6
853	0.425179	-14287.1
854	0.429331	-14737.8
855	0.431999	-14656.8
856	0.415844	-13603.9
857	0.429393	-14506.9
858	0.428303	-14530.9
859	0.425037	-14368.7
860	0.437504	-14967.6
861	0.435275	-15057.6
862	0.422647	-14154
863	0.426407	-14376.4
864	0.429614	-14622.4
865	0.429959	-14531.6
866	0.431206	-14746.9
867	0.431804	-14755.1
868	0.433544	-14845.6
869	0.432666	-14730.9
870	0.423902	-14234.9
871	0.419975	-13963.8
872	0.425503	-14448.3
873	0.423175	-14202.6
874	0.417765	-13927.5
875	0.427991	-14597.8
876	0.426231	-14286
877	0.425376	-14248.8
878	0.419586	-13879.8
879	0.422482	-14096.1
880	0.424326	-14266.8
881	0.430558	-14735.8
882	0.422379	-14002.5
883	0.420248	-14047
884	0.431753	-14728.4
885	0.425564	-14393.6
886	0.430866	-14663.2
887	0.426693	-14368.3
888	0.426625	-14441.9
889	0.433806	-14833.3
890	0.423232	-14153.8
891	0.427227	-14415.8
892	0.428145	-14444.6
893	0.427629	-14465.1
894	0.429959	-14700.7
895	0.424679	-14366
896	0.427095	-14358.4
897	0.432934	-14926.1
898	0.420653	-13893.1
899	0.426733	-14420.7
900	0.426786	-14356.5
901	0.431917	-14796.8
902	0.424795	-14251.6
903	0.427814	-14563.2
904	0.424809	-14288.5
905	0.429219	-14660.8
906	0.43039	-14682.9
907	0.428349	-14476.9
908	0.43397	-14975.6
909	0.425908	-14360.7
910	0.431131	-14696.8
911	0.427235	-14355.6
912	0.428129	-14396.6
913	0.428476	-14514.6
914	0.434512	-14977.2
915	0.429497	-14572.5
916	0.429618	-14602.3
917	0.43823	-14953.8
918	0.428549	-14382.5
919	0.440109	-15265.8
920	0.425154	-14331.8
921	0.431553	-14780.7
922	0.422242	-14118.9
923	0.428033	-14675.9
924	0.425926	-14475
925	0.421018	-14050.8
926	0.429619	-14681.2
927	0.420309	-14002.2
928	0.426615	-14398.1
929	0.427108	-14531.4
930	0.421222	-14061.2
931	0.429709	-14516.8
932	0.438573	-15237.6
933	0.421443	-14080.8
934	0.419728	-13926.9
935	0.419293	-14080.8
936	0.423293	-14012.2
937	0.427129	-14478.7
938	0.429773	-14830.7
939	0.426092	-14345
940	0.43037	-14623.5
941	0.425411	-14231.7
942	0.423424	-14374.5
943	0.434535	-14849.3
944	0.424214	-14198.6
945	0.430788	-14847.3
946	0.423924	-14307.5
947	0.424152	-14253.1
948	0.420894	-14083.2
949	0.424921	-14131.4
950	0.422889	-14061
951	0.426268	-14181.6
952	0.42539	-14307
953	0.428717	-14591
954	0.429527	-14639.7
955	0.421859	-13955.7
956	0.427184	-14472.9
957	0.424441	-14257.6
958	0.42699	-14483.1
959	0.431326	-14819.3
960	0.411852	-13556.5
961	0.427494	-14527.8
962	0.419458	-13982.7
963	0.426361	-14327.8
964	0.42269	-14170.4
965	0.426849	-14279.8
966	0.430478	-14525.9
967	0.426592	-14467.8
968	0.424001	-14285.9
969	0.424484	-14242
970	0.427576	-14299.1
971	0.427763	-14464.2
972	0.426952	-14507.5
973	0.421506	-14121.7
974	0.421033	-14128.6
975	0.420504	-13936.3
976	0.43091	-14695.8
977	0.42098	-13965.4
978	0.427874	-14492
979	0.420258	-14077.8
980	0.422876	-14262
981	0.430036	-14621.6
982	0.423626	-14289
983	0.427083	-14377.6
984	0.425802	-14316.7
985	0.429603	-14665
986	0.430827	-14815.1
987	0.424517	-14168.8
988	0.429739	-14645.5
989	0.43215	-14788.8
990	0.42957	-14771
991	0.431172	-14727.5
992	0.426998	-14495.4
993	0.422421	-13991.5
994	0.42846	-14552.8
995	0.425438	-14297.5
996	0.427448	-14406.9
997	0.43152	-14834.1
998	0.434321	-14983.3
999	0.426123	-14482.1
