 &plot nbnd=  10, nks=   151 /
            0.500000  0.250000  0.865720
   23.520   51.078   52.208   53.406   82.631   86.307   87.787   88.679   93.150   96.185
            0.483333  0.241667  0.836863
   23.507   51.097   52.532   53.674   81.799   85.237   87.509   88.922   93.882   96.525
            0.466667  0.233333  0.808006
   23.505   51.111   52.828   53.989   81.189   84.300   87.341   89.151   94.377   96.746
            0.450000  0.225000  0.779148
   23.570   51.151   53.045   54.302   80.847   83.597   87.483   89.084   94.557   96.861
            0.433333  0.216667  0.750291
   23.630   51.234   53.190   54.548   80.719   83.170   87.932   88.715   94.436   96.710
            0.416667  0.208333  0.721434
   23.691   51.367   53.286   54.689   80.635   83.167   87.982   88.811   94.033   96.284
            0.400000  0.200000  0.692576
   23.717   51.552   53.361   54.725   80.461   83.456   87.443   89.734   93.385   95.710
            0.383333  0.191667  0.663719
   23.881   51.789   53.444   54.697   80.249   83.555   87.321   90.882   92.619   95.065
            0.366667  0.183333  0.634862
   23.993   52.073   53.554   54.654   80.036   83.026   87.637   91.685   92.235   94.203
            0.350000  0.175000  0.606004
   24.154   52.399   53.710   54.651   79.814   82.160   87.735   90.873   92.486   93.367
            0.333333  0.166667  0.577147
   24.337   52.765   53.914   54.727   79.413   81.383   87.182   89.761   90.715   93.228
            0.316667  0.158333  0.548290
   24.497   53.166   54.163   54.907   78.531   81.077   85.738   88.516   89.658   92.337
            0.300000  0.150000  0.519432
   24.732   53.596   54.451   55.192   77.294   81.211   83.674   87.727   88.890   91.205
            0.283333  0.141667  0.490575
   24.902   54.035   54.767   55.561   75.922   81.283   81.793   87.084   88.268   90.149
            0.266667  0.133333  0.461718
   25.082   54.451   55.094   55.983   74.538   79.443   82.136   86.299   87.950   89.430
            0.250000  0.125000  0.432860
   25.209   54.810   55.395   56.418   73.230   77.691   82.705   85.477   87.952   89.041
            0.233333  0.116667  0.404003
   25.248   55.096   55.599   56.818   72.046   76.267   83.167   85.032   88.175   88.917
            0.216667  0.108333  0.375146
   25.323   55.310   55.627   57.140   71.018   75.290   83.353   85.328   88.514   89.075
            0.200000  0.100000  0.346288
   25.368   55.339   55.548   57.351   70.098   74.880   83.567   86.082   88.792   89.569
            0.183333  0.091667  0.317431
   25.337   54.914   55.653   57.438   69.235   75.085   84.116   86.941   89.007   90.293
            0.166667  0.083333  0.288573
   25.265   54.294   55.764   57.410   68.442   75.849   85.047   87.629   89.300   91.147
            0.150000  0.075000  0.259716
   25.108   53.594   55.869   57.296   67.751   77.074   86.225   87.791   89.906   92.078
            0.133333  0.066667  0.230859
   24.908   52.900   55.972   57.135   67.190   78.648   86.738   88.184   90.794   93.058
            0.116667  0.058333  0.202001
   24.694   52.269   56.078   56.965   66.788   80.487   85.847   89.508   91.856   94.059
            0.100000  0.050000  0.173144
   24.443   51.734   56.184   56.814   66.549   82.506   84.534   90.538   93.204   95.061
            0.083333  0.041667  0.144287
   24.157   51.306   56.288   56.699   66.473   83.056   84.656   90.993   94.805   96.045
            0.066667  0.033333  0.115429
   23.824   50.981   56.384   56.626   66.542   81.580   86.851   91.014   96.362   96.987
            0.050000  0.025000  0.086572
   23.514   50.749   56.465   56.590   66.722   80.214   89.062   90.808   97.639   97.848
            0.033333  0.016667  0.057715
   23.251   50.594   56.528   56.579   66.954   79.103   90.536   91.230   98.461   98.554
            0.016667  0.008333  0.028857
   22.996   50.507   56.566   56.579   67.151   78.335   90.323   93.273   97.165   99.030
            0.000000  0.000000  0.000000
   22.894   50.479   56.579   56.579   67.229   78.033   90.236   94.702   95.952   99.203
            0.016667  0.000000  0.019238
   22.972   50.496   56.563   56.575   67.211   78.211   90.294   93.898   96.659   99.120
            0.033333  0.000000  0.038476
   23.069   50.550   56.512   56.563   67.165   78.612   90.417   92.620   97.630   98.870
            0.050000  0.000000  0.057715
   23.264   50.641   56.432   56.546   67.117   79.261   90.609   91.257   98.419   98.445
            0.066667  0.000000  0.076953
   23.520   50.770   56.329   56.528   67.095   80.078   89.859   90.832   97.831   98.020
            0.083333  0.000000  0.096191
   23.699   50.939   56.212   56.512   67.128   81.028   88.452   90.976   97.022   97.359
            0.100000  0.000000  0.115429
   23.916   51.151   56.087   56.504   67.236   82.037   87.061   91.020   96.034   96.582
            0.116667  0.000000  0.134668
   24.116   51.410   55.966   56.508   67.432   83.018   85.708   90.862   94.913   95.733
            0.133333  0.000000  0.153906
   24.291   51.718   55.854   56.526   67.727   83.796   84.512   90.428   93.741   94.846
            0.150000  0.000000  0.173144
   24.483   52.078   55.757   56.562   68.119   83.034   84.736   89.718   92.613   93.946
            0.166667  0.000000  0.192382
   24.739   52.490   55.679   56.615   68.609   81.900   85.163   88.739   91.598   93.053
            0.183333  0.000000  0.211621
   24.791   52.949   55.619   56.682   69.171   80.837   85.279   87.566   90.630   92.089
            0.200000  0.000000  0.230859
   24.923   53.450   55.575   56.761   69.795   79.933   85.117   86.362   89.714   91.111
            0.216667  0.000000  0.250097
   25.024   53.977   55.546   56.842   70.450   79.209   84.757   85.199   88.810   90.100
            0.233333  0.000000  0.269335
   25.052   54.506   55.528   56.918   71.098   78.703   84.134   84.259   87.912   89.084
            0.250000  0.000000  0.288573
   25.118   54.991   55.538   56.976   71.701   78.479   83.226   83.750   87.043   88.123
            0.266667  0.000000  0.307812
   25.090   55.270   55.698   57.006   72.218   78.562   82.470   83.239   86.175   87.272
            0.283333  0.000000  0.327050
   25.092   55.283   56.035   56.999   72.691   78.913   81.926   82.709   85.364   86.638
            0.300000  0.000000  0.346288
   25.022   55.212   56.332   56.944   73.148   79.457   81.580   82.132   84.610   86.307
            0.316667  0.000000  0.365526
   24.980   55.099   56.528   56.839   73.652   80.112   81.425   81.523   83.945   86.423
            0.333333  0.000000  0.384765
   24.927   54.951   56.612   56.685   74.232   80.794   80.919   81.375   83.478   86.935
            0.350000  0.000000  0.404003
   24.873   54.772   56.489   56.592   74.876   80.334   81.262   81.519   83.372   87.811
            0.366667  0.000000  0.423241
   24.792   54.567   56.262   56.490   75.513   79.900   80.959   82.265   83.729   88.954
            0.383333  0.000000  0.442479
   24.716   54.345   56.018   56.331   76.020   79.724   80.556   83.076   84.477   90.259
            0.400000  0.000000  0.461718
   24.694   54.115   55.772   56.143   76.277   79.928   80.145   83.961   85.539   91.654
            0.416667  0.000000  0.480956
   24.665   53.891   55.537   55.950   76.268   79.776   80.433   84.927   86.783   93.074
            0.433333  0.000000  0.500194
   24.618   53.683   55.326   55.771   76.113   79.460   81.076   85.926   88.198   94.389
            0.450000  0.000000  0.519432
   24.591   53.505   55.152   55.620   75.938   79.215   81.701   86.931   89.741   95.457
            0.466667  0.000000  0.538670
   24.622   53.369   55.021   55.506   75.810   79.038   82.209   87.871   91.333   96.128
            0.483333  0.000000  0.557909
   24.612   53.283   54.940   55.436   75.705   78.926   82.536   88.580   92.756   96.377
            0.500000  0.000000  0.577147
   24.581   53.254   54.912   55.412   75.661   78.886   82.648   88.838   93.440   96.412
            0.500000  0.008333  0.586766
   24.580   53.254   54.907   55.408   75.685   78.909   82.642   88.814   93.349   96.392
            0.500000  0.016667  0.596385
   24.618   53.256   54.890   55.394   75.759   78.986   82.622   88.758   93.100   96.358
            0.500000  0.025000  0.606004
   24.612   53.256   54.863   55.373   75.871   79.103   82.590   88.636   92.739   96.341
            0.500000  0.033333  0.615623
   24.572   53.252   54.829   55.346   76.021   79.259   82.543   88.454   92.314   96.356
            0.500000  0.041667  0.625243
   24.574   53.239   54.795   55.313   76.204   79.473   82.483   88.265   91.878   96.407
            0.500000  0.050000  0.634862
   24.557   53.212   54.764   55.276   76.416   79.736   82.409   88.004   91.462   96.487
            0.500000  0.058333  0.644481
   24.538   53.166   54.742   55.234   76.648   80.044   82.324   87.729   91.080   96.593
            0.500000  0.066667  0.654100
   24.543   53.100   54.734   55.187   76.903   80.395   82.237   87.442   90.750   96.726
            0.500000  0.075000  0.663719
   24.507   53.013   54.740   55.136   77.141   80.753   82.164   87.166   90.467   96.879
            0.500000  0.083333  0.673338
   24.480   52.907   54.758   55.079   77.404   81.078   82.160   86.879   90.235   97.056
            0.500000  0.091667  0.682957
   24.462   52.787   54.786   55.016   77.674   81.246   82.342   86.628   90.053   97.255
            0.500000  0.100000  0.692576
   24.454   52.659   54.816   54.947   77.945   81.242   82.725   86.415   89.928   97.474
            0.500000  0.108333  0.702195
   24.421   52.525   54.845   54.871   78.204   81.168   83.215   86.226   89.843   97.716
            0.500000  0.116667  0.711815
   24.396   52.391   54.788   54.868   78.454   81.087   83.747   86.090   89.814   97.973
            0.500000  0.125000  0.721434
   24.368   52.260   54.696   54.879   78.686   81.037   84.286   86.002   89.836   98.244
            0.500000  0.133333  0.731053
   24.300   52.134   54.596   54.876   78.881   81.041   84.805   85.957   89.907   98.535
            0.500000  0.141667  0.740672
   24.268   52.016   54.488   54.856   79.056   81.129   85.264   85.998   90.046   98.844
            0.500000  0.150000  0.750291
   24.192   51.906   54.370   54.816   79.199   81.294   85.580   86.171   90.227   99.162
            0.500000  0.158333  0.759910
   24.143   51.805   54.242   54.758   79.335   81.530   85.743   86.482   90.498   99.503
            0.500000  0.166667  0.769529
   24.105   51.714   54.103   54.680   79.480   81.827   85.861   86.815   90.833   99.834
            0.500000  0.175000  0.779148
   24.040   51.633   53.954   54.584   79.640   82.167   85.983   87.115   91.213   99.381
            0.500000  0.183333  0.788767
   23.973   51.560   53.792   54.474   79.830   82.544   86.124   87.373   91.623   98.792
            0.500000  0.191667  0.798387
   23.918   51.494   53.619   54.352   80.060   82.943   86.294   87.598   92.043   98.219
            0.500000  0.200000  0.808006
   23.863   51.435   53.434   54.221   80.325   83.378   86.478   87.794   92.437   97.685
            0.500000  0.208333  0.817625
   23.792   51.381   53.238   54.085   80.630   83.825   86.685   87.959   92.778   97.212
            0.500000  0.216667  0.827244
   23.734   51.328   53.033   53.947   80.975   84.298   86.906   88.105   93.038   96.836
            0.500000  0.225000  0.836863
   23.675   51.275   52.823   53.808   81.349   84.788   87.140   88.241   93.192   96.554
            0.500000  0.233333  0.846482
   23.615   51.218   52.613   53.671   81.752   85.292   87.374   88.371   93.240   96.375
            0.500000  0.241667  0.856101
   23.567   51.154   52.406   53.537   82.182   85.801   87.596   88.516   93.212   96.256
            0.500000  0.250000  0.865720
   23.520   51.078   52.208   53.406   82.631   86.307   87.787   88.679   93.150   96.185
            0.500000  0.258333  0.862514
   23.454   50.987   52.074   53.281   82.847   86.630   87.827   88.895   93.468   96.350
            0.500000  0.266667  0.859308
   23.388   50.902   51.942   53.150   83.059   86.944   87.809   89.142   93.828   96.516
            0.500000  0.275000  0.856101
   23.336   50.824   51.812   53.012   83.271   87.219   87.805   89.380   94.231   96.691
            0.500000  0.283333  0.852895
   23.268   50.750   51.686   52.868   83.477   87.362   87.917   89.590   94.670   96.859
            0.500000  0.291667  0.849689
   23.215   50.682   51.563   52.721   83.676   87.368   88.177   89.767   95.132   97.048
            0.500000  0.300000  0.846482
   23.136   50.619   51.445   52.569   83.865   87.309   88.470   89.911   95.619   97.248
            0.500000  0.308333  0.843276
   23.071   50.561   51.330   52.415   84.041   87.261   88.765   90.032   96.125   97.460
            0.500000  0.316667  0.840069
   23.006   50.506   51.221   52.259   84.200   87.214   89.039   90.161   96.646   97.686
            0.500000  0.325000  0.836863
   22.955   50.455   51.118   52.103   84.341   87.189   89.252   90.315   97.171   97.933
            0.500000  0.333333  0.833657
   22.878   50.406   51.021   51.947   84.448   87.193   89.368   90.523   97.700   98.176
            0.500000  0.341667  0.830450
   22.818   50.359   50.932   51.793   84.521   87.232   89.413   90.798   98.210   98.432
            0.500000  0.350000  0.827244
   22.758   50.312   50.851   51.641   84.563   87.306   89.392   91.113   98.619   98.789
            0.500000  0.358333  0.824038
   22.701   50.263   50.779   51.493   84.573   87.414   89.332   91.451   98.877   99.278
            0.500000  0.366667  0.820831
   22.659   50.213   50.717   51.349   84.556   87.551   89.252   91.803   99.114   99.771
            0.500000  0.375000  0.817625
   22.594   50.160   50.664   51.211   84.516   87.709   89.146   92.162   99.329  100.227
            0.500000  0.383333  0.814418
   22.530   50.105   50.621   51.080   84.455   87.881   89.037   92.518   99.527  100.656
            0.500000  0.391667  0.811212
   22.508   50.049   50.585   50.956   84.390   88.065   88.930   92.892   99.704  101.054
            0.500000  0.400000  0.808006
   22.463   49.992   50.555   50.843   84.315   88.249   88.819   93.257   99.854  101.399
            0.500000  0.408333  0.804799
   22.434   49.936   50.527   50.742   84.237   88.424   88.726   93.623   99.972  101.701
            0.500000  0.416667  0.801593
   22.396   49.881   50.494   50.658   84.155   88.526   88.700   93.993  100.056  101.946
            0.500000  0.425000  0.798387
   22.361   49.828   50.449   50.601   84.078   88.469   88.831   94.352  100.101  102.143
            0.500000  0.433333  0.795180
   22.316   49.778   50.391   50.569   83.996   88.383   88.986   94.694  100.104  102.297
            0.500000  0.441667  0.791974
   22.300   49.733   50.330   50.553   83.930   88.303   89.133   95.045  100.069  102.417
            0.500000  0.450000  0.788767
   22.275   49.692   50.273   50.544   83.869   88.229   89.267   95.377   99.995  102.506
            0.500000  0.458333  0.785561
   22.241   49.656   50.223   50.539   83.807   88.165   89.383   95.682   99.889  102.574
            0.500000  0.466667  0.782355
   22.224   49.626   50.182   50.536   83.761   88.112   89.480   95.971   99.764  102.625
            0.500000  0.475000  0.779148
   22.210   49.601   50.149   50.534   83.726   88.070   89.558   96.224   99.634  102.663
            0.500000  0.483333  0.775942
   22.214   49.584   50.126   50.533   83.700   88.042   89.614   96.430   99.517  102.690
            0.500000  0.491667  0.772736
   22.222   49.573   50.112   50.533   83.685   88.026   89.648   96.566   99.434  102.707
            0.500000  0.500000  0.769529
   22.234   49.570   50.108   50.533   83.680   88.023   89.659   96.617   99.403  102.714
            0.483333  0.483333  0.743878
   22.187   49.584   50.170   50.534   83.840   88.032   89.478   96.091   99.647  102.924
            0.466667  0.466667  0.718227
   22.243   49.607   50.367   50.542   84.319   88.086   89.006   95.135   99.669  103.686
            0.450000  0.450000  0.692576
   22.261   49.626   50.558   50.692   84.989   88.152   88.444   94.128   99.042  104.814
            0.433333  0.433333  0.666925
   22.327   49.656   50.594   51.097   85.646   88.192   88.206   93.218   97.960  103.749
            0.416667  0.416667  0.641274
   22.559   49.721   50.656   51.520   85.928   88.244   88.753   92.428   96.576  102.036
            0.400000  0.400000  0.615623
   22.670   49.840   50.752   51.900   86.004   88.188   89.921   91.679   94.946  100.221
            0.383333  0.383333  0.589972
   22.831   50.033   50.892   52.197   86.233   88.026   90.979   91.268   93.258   98.489
            0.366667  0.366667  0.564321
   23.067   50.309   51.079   52.403   86.598   87.721   90.200   91.941   92.531   96.899
            0.350000  0.350000  0.538670
   23.335   50.673   51.314   52.541   86.794   87.220   88.759   91.872   93.525   95.474
            0.333333  0.333333  0.513019
   23.645   51.121   51.594   52.656   86.313   86.477   87.389   92.522   94.276   94.402
            0.316667  0.316667  0.487369
   23.940   51.642   51.914   52.805   84.765   85.466   86.894   92.522   93.311   95.837
            0.300000  0.300000  0.461718
   24.203   52.217   52.263   53.037   83.055   84.199   86.602   91.542   92.553   94.403
            0.283333  0.283333  0.436067
   24.463   52.628   52.830   53.372   81.471   82.727   86.425   89.983   91.971   93.175
            0.266667  0.266667  0.410416
   24.674   52.995   53.474   53.782   80.090   81.116   86.348   88.171   91.534   92.224
            0.250000  0.250000  0.384765
   24.869   53.351   54.153   54.194   78.999   79.437   86.303   86.464   91.188   91.575
            0.233333  0.233333  0.359114
   25.001   53.686   54.512   54.861   77.749   78.223   84.748   86.605   90.960   91.165
            0.216667  0.216667  0.333463
   25.125   53.992   54.673   55.541   76.105   77.829   83.542   86.942   90.710   91.063
            0.200000  0.200000  0.307812
   25.119   54.270   54.630   56.127   74.537   77.822   82.830   87.409   90.362   91.242
            0.183333  0.183333  0.282161
   25.119   54.383   54.522   56.556   73.082   78.208   82.768   88.002   89.922   91.641
            0.166667  0.166667  0.256510
   25.100   53.966   54.757   56.797   71.758   78.943   83.376   88.693   89.306   92.227
            0.150000  0.150000  0.230859
   24.978   53.440   54.984   56.866   70.578   79.988   84.601   88.467   89.421   92.925
            0.133333  0.133333  0.205208
   24.792   52.868   55.211   56.813   69.559   81.272   86.325   87.368   90.172   93.725
            0.116667  0.116667  0.179557
   24.546   52.312   55.444   56.702   68.723   82.760   86.057   88.360   90.863   94.587
            0.100000  0.100000  0.153906
   24.318   51.812   55.681   56.587   68.062   84.411   84.573   90.246   91.803   95.480
            0.083333  0.083333  0.128255
   24.081   51.389   55.915   56.506   67.596   83.049   86.173   90.975   93.717   96.374
            0.066667  0.066667  0.102604
   23.777   51.050   56.132   56.475   67.310   81.559   88.006   91.021   95.844   97.224
            0.050000  0.050000  0.076953
   23.474   50.795   56.319   56.488   67.181   80.184   89.869   90.842   97.525   97.998
            0.033333  0.033333  0.051302
   23.226   50.617   56.462   56.527   67.169   79.087   90.559   91.723   98.138   98.632
            0.016667  0.016667  0.025651
   23.034   50.513   56.550   56.565   67.207   78.347   90.337   93.491   96.987   99.054
            0.000000  0.000000  0.000000
   22.894   50.479   56.579   56.579   67.229   78.033   90.236   94.702   95.952   99.203
