0	0.322479	90.5163
1	0.320211	90.2909
2	0.326561	91.0462
3	0.337758	98.4813
4	0.321664	90.4496
5	0.319581	88.6016
6	0.319981	91.2194
7	0.328965	93.9963
8	0.310713	84.4211
9	0.348284	103.836
10	0.31449	84.9738
11	0.313586	84.6293
12	0.33508	96.0175
13	0.318301	87.634
14	0.31719	87.004
15	0.312128	84.1045
16	0.33223	93.9794
17	0.329535	94.7001
18	0.324602	89.9022
19	0.336903	99.7851
20	0.327759	94.5448
21	0.32526	92.6919
22	0.319883	87.9055
23	0.330888	93.6346
24	0.322376	90.6259
25	0.334192	98.8567
26	0.33074	93.9798
27	0.324865	90.7678
28	0.338844	99.5375
29	0.327393	90.9666
30	0.335468	96.7168
31	0.301326	78.0778
32	0.318652	90.146
33	0.339954	99.4683
34	0.324022	90.4269
35	0.327089	95.3738
36	0.328055	91.0192
37	0.332415	92.7507
38	0.330852	96.0019
39	0.333747	91.1421
40	0.298889	77.0495
41	0.321361	90.7468
42	0.316796	84.773
43	0.314385	83.994
44	0.323742	91.8366
45	0.34049	99.5615
46	0.322497	89.0716
47	0.327558	90.0126
48	0.324012	90.2353
49	0.325349	89.647
50	0.342476	100.285
51	0.323313	90.2096
52	0.318262	87.6883
53	0.330208	93.7188
54	0.309415	85.1854
55	0.320447	88.7845
56	0.329659	91.7862
57	0.338316	99.5146
58	0.320558	87.9445
59	0.312961	85.3587
60	0.324323	88.5831
61	0.324585	92.2969
62	0.326893	89.6284
63	0.332122	93.5542
64	0.320188	87.676
65	0.326398	89.6573
66	0.320503	87.9942
67	0.339558	101.041
68	0.318144	82.841
69	0.330752	97.5664
70	0.308099	82.1875
71	0.316631	86.0914
72	0.337721	96.9106
73	0.321577	88.3848
74	0.341748	101.013
75	0.332299	98.1338
76	0.331968	93.6671
77	0.305572	81.3877
78	0.297317	76.7285
79	0.321651	88.9038
80	0.304947	82.755
81	0.322605	88.9193
82	0.335552	98.8648
83	0.323641	89.3701
84	0.328222	89.9419
85	0.341407	104.17
86	0.314794	84.918
87	0.330447	94.2637
88	0.335364	96.1988
89	0.31891	86.7877
90	0.304626	79.8739
91	0.318514	88.68
92	0.344831	99.6255
93	0.324876	91.1722
94	0.344445	99.1366
95	0.318634	86.3721
96	0.32631	91.1217
97	0.322165	88.9999
98	0.317373	84.9358
99	0.313261	84.3699
100	0.323873	89.0968
101	0.323851	94.0083
102	0.322731	88.492
103	0.321242	86.8496
104	0.328162	91.3588
105	0.323179	91.1031
106	0.312867	83.937
107	0.304983	80.3951
108	0.312203	82.5128
109	0.326516	90.8018
110	0.318628	85.5173
111	0.339242	99.5192
112	0.311201	82.7749
113	0.315682	85.0125
114	0.325061	87.6161
115	0.335683	98.6999
116	0.334651	97.0951
117	0.335947	96.8532
118	0.317207	87.6286
119	0.318798	89.3185
120	0.332571	97.3626
121	0.320334	87.1076
122	0.324274	90.818
123	0.326149	92.7368
124	0.334065	96.7948
125	0.33963	99.5598
126	0.33463	98.747
127	0.308545	83.2098
128	0.309604	82.3143
129	0.334215	96.0551
130	0.33176	95.8702
131	0.29531	76.1812
132	0.31552	84.3621
133	0.321095	89.7107
134	0.33664	94.5945
135	0.332893	94.4063
136	0.307178	81.4541
137	0.327051	92.5382
138	0.320571	89.8233
139	0.306712	79.2632
140	0.314907	86.7857
141	0.324912	90.7239
142	0.309818	82.6378
143	0.33946	98.9259
144	0.318164	86.9139
145	0.335209	93.6797
146	0.328669	91.2047
147	0.329431	91.5962
148	0.333498	93.9136
149	0.331689	92.6926
150	0.335724	97.3262
151	0.318086	87.441
152	0.344396	100.455
153	0.326547	94.5848
154	0.319498	87.1787
155	0.32473	92.1037
156	0.332986	95.8317
157	0.328482	91.9294
158	0.329344	90.6864
159	0.330723	93.6198
160	0.327025	93.7064
161	0.331431	94.4014
162	0.329605	92.2627
163	0.332799	96.8648
164	0.313871	83.6018
165	0.29705	76.7231
166	0.325991	89.7581
167	0.341779	101.657
168	0.325998	92.3454
169	0.315332	85.3148
170	0.335011	96.0618
171	0.32559	90.6475
172	0.327339	87.8393
173	0.307358	81.1053
174	0.321961	90.5529
175	0.329083	94.3385
176	0.340827	99.7245
177	0.326609	92.9466
178	0.311203	81.2448
179	0.313449	80.9446
180	0.330758	97.8303
181	0.346651	101.733
182	0.320461	83.4313
183	0.340348	98.5668
184	0.326843	92.0162
185	0.326521	92.1411
186	0.326734	92.7244
187	0.330606	93.6131
188	0.334783	96.3271
189	0.316139	84.5344
190	0.341086	98.3696
191	0.322157	87.8295
192	0.324177	89.0989
193	0.308291	82.9806
194	0.33119	94.1343
195	0.323345	91.2117
196	0.339258	99.1123
197	0.329467	95.5926
198	0.324746	88.669
199	0.320088	90.9584
200	0.299634	76.9074
201	0.310715	85.0279
202	0.315094	85.8817
203	0.32737	92.0941
204	0.316001	84.428
205	0.319055	87.9942
206	0.325399	93.3142
207	0.330165	91.8274
208	0.313616	84.0178
209	0.329961	91.2423
210	0.334341	97.1628
211	0.347093	102.889
212	0.312494	81.2786
213	0.319966	87.0222
214	0.336189	96.9143
215	0.316492	86.2477
216	0.320644	91.0216
217	0.329844	92.5423
218	0.310858	82.986
219	0.324974	91.0353
220	0.329066	94.4245
221	0.323446	91.2147
222	0.333102	93.6197
223	0.308767	84.185
224	0.322476	91.2877
225	0.32819	91.6773
226	0.327149	90.8006
227	0.324428	88.8735
228	0.334757	99.0569
229	0.330854	97.8574
230	0.319843	84.3437
231	0.326437	92.5088
232	0.319721	89.9785
233	0.314579	86.3952
234	0.329171	95.7725
235	0.328457	93.1151
236	0.332137	95.2832
237	0.320004	88.6307
238	0.345257	102.851
239	0.318365	87.018
240	0.31137	83.2025
241	0.30889	82.6087
242	0.33115	95.8006
243	0.33198	93.5476
244	0.319713	88.2946
245	0.312991	85.7024
246	0.329554	91.142
247	0.328671	89.1487
248	0.334989	97.0139
249	0.312105	86.4379
250	0.32026	90.4321
251	0.329902	91.5878
252	0.331763	96.4956
253	0.330578	94.7643
254	0.329861	92.3123
255	0.336659	99.9493
256	0.321133	90.0773
257	0.32503	89.2117
258	0.326671	88.8514
259	0.321192	90.6945
260	0.336204	96.9657
261	0.330007	93.5262
262	0.332885	97.4874
263	0.329861	92.1258
264	0.336331	95.5469
265	0.325059	93.6262
266	0.314191	85.5951
267	0.332397	92.7696
268	0.3197	88.4853
269	0.324352	89.7198
270	0.335598	94.1377
271	0.324214	89.34
272	0.332675	92.4287
273	0.332337	95.6939
274	0.318239	86.6972
275	0.328341	90.3696
276	0.331694	93.1787
277	0.316368	83.6964
278	0.312472	85.8454
279	0.304453	79.408
280	0.313019	84.6268
281	0.328651	93.2508
282	0.308316	82.8795
283	0.325236	92.9496
284	0.333487	95.7466
285	0.319903	89.0675
286	0.321128	87.4139
287	0.326936	89.8947
288	0.32932	92.0482
289	0.330692	91.5912
290	0.306168	80.6162
291	0.3455	100.395
292	0.318177	85.7865
293	0.33944	102.827
294	0.308152	81.4515
295	0.323194	91.6845
296	0.315208	85.2136
297	0.328403	96.5925
298	0.308953	85.6719
299	0.318848	89.1176
300	0.318086	87.2293
301	0.330518	93.0298
302	0.325027	93.9841
303	0.312727	85.1626
304	0.338015	99.5954
305	0.322587	92.2446
306	0.341629	101.283
307	0.329514	92.9308
308	0.325827	91.002
309	0.337119	98.1715
310	0.321835	90.3637
311	0.311519	85.589
312	0.320295	85.9768
313	0.30739	80.106
314	0.335163	97.4633
315	0.338062	98.7787
316	0.312137	84.5819
317	0.309801	80.0961
318	0.319331	87.4512
319	0.33061	94.8867
320	0.310485	83.2415
321	0.335568	99.6645
322	0.318088	88.2792
323	0.325047	91.0936
324	0.321702	91.4728
325	0.325712	92.6959
326	0.314242	84.5134
327	0.346659	105.027
328	0.323485	89.4015
329	0.31574	84.7432
330	0.316873	87.5529
331	0.330075	91.9007
332	0.334676	96.8564
333	0.327231	91.2302
334	0.316306	84.7097
335	0.326587	92.1753
336	0.300831	78.8822
337	0.33135	94.8092
338	0.3176	86.6752
339	0.333942	93.3427
340	0.330273	93.3718
341	0.323313	89.9657
342	0.318752	83.6287
343	0.316076	85.3228
344	0.312142	84.329
345	0.331106	97.211
346	0.311607	84.5377
347	0.324335	89.5792
348	0.308759	86.0326
349	0.320074	88.8432
350	0.34228	101.223
351	0.317541	86.1865
352	0.318842	87.1986
353	0.328465	92.0332
354	0.316611	84.7425
355	0.318201	87.2054
356	0.33142	94.0728
357	0.337789	98.5545
358	0.323121	87.5678
359	0.320085	85.9571
360	0.333576	97.942
361	0.324573	91.449
362	0.331686	92.6264
363	0.336738	96.9937
364	0.337691	95.9717
365	0.33013	91.8795
366	0.322018	87.9641
367	0.324648	89.8753
368	0.34763	102.049
369	0.33442	96.7505
370	0.344194	101.62
371	0.321295	88.3123
372	0.317486	87.1461
373	0.323171	88.3581
374	0.315355	88.0149
375	0.314766	86.6772
376	0.327784	97.098
377	0.321364	89.3391
378	0.325478	90.2997
379	0.330683	96.5294
380	0.348523	107.117
381	0.313474	86.9197
382	0.321314	87.3574
383	0.317318	87.8656
384	0.3272	92.2827
385	0.319215	88.3554
386	0.323462	91.7545
387	0.327511	91.3641
388	0.324461	89.1036
389	0.327327	87.3959
390	0.336589	98.3276
391	0.318972	85.0921
392	0.322789	92.3498
393	0.332654	94.0041
394	0.32259	92.5471
395	0.330144	94.3216
396	0.312411	87.2842
397	0.322998	88.9006
398	0.332827	96.1029
399	0.327643	89.0352
400	0.327218	93.4136
401	0.328338	91.3474
402	0.333808	97.9543
403	0.328577	91.8484
404	0.334953	96.1777
405	0.338436	96.012
406	0.318297	85.7302
407	0.352394	107.468
408	0.338458	97.5614
409	0.324836	93.8357
410	0.315785	83.7978
411	0.328874	98.1912
412	0.329579	90.7215
413	0.318166	86.6261
414	0.337871	98.749
415	0.32223	87.9637
416	0.320138	89.662
417	0.336701	103.146
418	0.315068	86.2263
419	0.335356	95.3756
420	0.310036	82.5545
421	0.317321	85.3493
422	0.331097	96.1572
423	0.3395	100.777
424	0.332812	95.2207
425	0.324252	89.2431
426	0.323107	89.3929
427	0.330337	95.2914
428	0.32599	89.5234
429	0.316865	83.2877
430	0.325616	91.0972
431	0.311739	84.8493
432	0.310606	86.0343
433	0.310529	81.1709
434	0.337785	98.6015
435	0.32378	92.6733
436	0.313794	81.726
437	0.331107	97.0567
438	0.318911	84.4663
439	0.341622	100.588
440	0.336547	97.8775
441	0.324724	92.009
442	0.322359	88.6263
443	0.295811	75.3369
444	0.322967	87.2933
445	0.312328	81.096
446	0.323619	92.9105
447	0.321854	89.8258
448	0.326185	93.64
449	0.315396	83.1188
450	0.321595	91.5335
451	0.326728	92.6414
452	0.311202	86.1024
453	0.337582	96.4376
454	0.330281	94.6425
455	0.337811	101.22
456	0.327731	91.8101
457	0.31179	82.1191
458	0.334177	94.9712
459	0.318904	87.2794
460	0.326343	92.4553
461	0.323732	92.2957
462	0.310629	84.0333
463	0.313904	84.8922
464	0.342166	100.011
465	0.325578	90.2979
466	0.334643	95.2569
467	0.321196	89.7415
468	0.32398	93.2149
469	0.327927	88.7583
470	0.320202	92.3053
471	0.311599	82.8667
472	0.316361	86.3476
473	0.303163	76.9218
474	0.32773	94.0545
475	0.312671	86.6435
476	0.302112	77.5476
477	0.321356	85.9983
478	0.309207	81.1706
479	0.32787	91.0394
480	0.313156	84.647
481	0.326029	90.5873
482	0.353234	106.189
483	0.318141	86.4853
484	0.336406	96.9353
485	0.321169	87.8294
486	0.321271	89.99
487	0.341651	102.006
488	0.322107	89.0735
489	0.333819	98.1099
490	0.322327	87.9808
491	0.324573	88.3449
492	0.310563	85.3644
493	0.318047	87.4667
494	0.31304	84.681
495	0.335614	94.6788
496	0.31936	87.0868
497	0.302097	81.0724
498	0.315707	80.5389
499	0.318449	90.3518
500	0.318593	88.9817
501	0.315433	86.2123
502	0.333116	98.6631
503	0.313756	83.7099
504	0.341839	99.8568
505	0.313472	80.0295
506	0.320672	89.7761
507	0.313647	86.079
508	0.333019	96.6963
509	0.326365	92.9099
510	0.307965	83.6397
511	0.31289	86.5747
512	0.314449	85.464
513	0.320275	88.908
514	0.32352	85.5817
515	0.333394	100.522
516	0.331593	90.9483
517	0.307945	79.2651
518	0.327929	91.0097
519	0.324358	88.9396
520	0.320056	89.8296
521	0.303483	76.8846
522	0.335047	96.1107
523	0.328442	95.2079
524	0.325385	88.1952
525	0.309871	81.3163
526	0.338051	98.602
527	0.342481	100.166
528	0.329944	91.3325
529	0.3302	93.9083
530	0.35285	107.673
531	0.32281	89.1963
532	0.315554	87.1299
533	0.329854	91.883
534	0.302902	77.3236
535	0.323111	88.0331
536	0.313415	85.2755
537	0.335585	102.183
538	0.329998	95.7478
539	0.331177	92.1516
540	0.329687	94.5471
541	0.307482	83.5815
542	0.33089	94.316
543	0.30894	82.4449
544	0.328363	91.6267
545	0.334397	93.6909
546	0.296895	76.956
547	0.311189	85.212
548	0.316148	81.6763
549	0.329896	93.9469
550	0.32885	90.1713
551	0.322594	89.4113
552	0.329363	93.4438
553	0.333674	93.5321
554	0.307935	82.5512
555	0.302991	79.3169
556	0.34718	103.545
557	0.314247	85.326
558	0.315807	87.3982
559	0.342259	100.995
560	0.331346	95.9096
561	0.331587	94.2969
562	0.315848	84.3667
563	0.317528	88.1673
564	0.322746	85.9672
565	0.34012	98.3401
566	0.327131	91.7832
567	0.316595	86.5069
568	0.333788	96.352
569	0.315593	86.3546
570	0.338658	98.638
571	0.32419	87.7242
572	0.341183	98.4459
573	0.34196	102.961
574	0.334872	94.4673
575	0.327403	90.2858
576	0.30273	77.4154
577	0.331968	93.3539
578	0.328301	94.013
579	0.336263	96.4771
580	0.318751	87.7559
581	0.316648	85.55
582	0.337377	101.72
583	0.321262	90.6484
584	0.327577	93.6265
585	0.329422	92.4853
586	0.323864	87.9988
587	0.329805	93.4296
588	0.333326	95.769
589	0.305018	82.3479
590	0.322173	90.3353
591	0.357447	110.43
592	0.334415	95.6212
593	0.34056	98.555
594	0.326219	91.5398
595	0.329511	94.4274
596	0.333217	94.1366
597	0.320647	86.6684
598	0.331599	93.5388
599	0.32367	91.9455
600	0.336136	98.0172
601	0.314824	85.7741
602	0.317521	87.4943
603	0.305404	83.9104
604	0.317616	87.5953
605	0.318521	89.221
606	0.32157	89.2467
607	0.336299	100.309
608	0.348757	104.139
609	0.314622	83.7803
610	0.333068	97.5986
611	0.33817	95.5843
612	0.329668	93.5768
613	0.290847	72.6556
614	0.330594	90.1076
615	0.336346	97.2748
616	0.314879	85.5452
617	0.338919	97.8577
618	0.330042	92.7437
619	0.305068	78.8986
620	0.323942	88.8424
621	0.310228	83.4711
622	0.331023	95.1727
623	0.332955	97.1598
624	0.344335	102.499
625	0.335693	95.9026
626	0.316691	82.7837
627	0.319973	88.8307
628	0.323294	90.067
629	0.307678	79.5039
630	0.315857	83.5228
631	0.32787	91.7822
632	0.315156	88.916
633	0.308987	83.5632
634	0.313197	80.2081
635	0.318209	89.1739
636	0.322302	88.0475
637	0.307758	81.8761
638	0.32889	91.627
639	0.327019	93.472
640	0.328672	92.6418
641	0.306121	76.9357
642	0.319106	85.721
643	0.323201	89.1657
644	0.338167	96.3513
645	0.313558	83.6866
646	0.317456	88.7346
647	0.335584	95.8756
648	0.348696	105.324
649	0.308769	81.768
650	0.34572	99.9249
651	0.310563	81.2828
652	0.331998	98.7401
653	0.327714	93.0382
654	0.323129	88.9817
655	0.337458	95.2218
656	0.337628	96.0349
657	0.324393	88.1776
658	0.326269	89.6392
659	0.328823	93.483
660	0.320887	91.6929
661	0.321142	87.5954
662	0.328449	93.3443
663	0.309256	83.9434
664	0.328652	92.3099
665	0.321026	90.7188
666	0.32738	90.1241
667	0.324441	90.7242
668	0.32515	92.1248
669	0.30296	77.4087
670	0.31509	87.0673
671	0.331567	93.6686
672	0.322482	87.5976
673	0.335425	98.1798
674	0.324928	87.4489
675	0.328942	92.3077
676	0.332003	94.2129
677	0.329811	93.5591
678	0.323711	91.7665
679	0.310891	81.3314
680	0.339022	96.2082
681	0.317062	82.8187
682	0.320235	87.4648
683	0.327407	91.1133
684	0.32682	90.5021
685	0.318255	88.3478
686	0.323333	90.3503
687	0.312264	81.7478
688	0.324043	93.963
689	0.309661	85.6793
690	0.32975	93.8208
691	0.334756	98.9588
692	0.322862	90.3823
693	0.314406	87.9466
694	0.337504	94.769
695	0.330982	92.9195
696	0.325464	90.0638
697	0.319608	90.7903
698	0.323022	85.7057
699	0.331482	95.5932
700	0.30745	82.2329
701	0.341117	102.426
702	0.336651	98.4098
703	0.332002	95.8182
704	0.330657	93.3978
705	0.319834	87.9273
706	0.317619	84.811
707	0.315967	85.6643
708	0.306934	80.746
709	0.327578	92.7367
710	0.323621	89.165
711	0.323155	89.3241
712	0.344918	103.221
713	0.331603	97.9712
714	0.311577	83.0967
715	0.327144	92.2195
716	0.334775	93.0884
717	0.341292	98.5169
718	0.330263	94.3018
719	0.336569	97.7046
720	0.333111	98.492
721	0.309063	86.5666
722	0.321441	86.1905
723	0.327975	91.9348
724	0.315879	82.5255
725	0.333209	97.4636
726	0.3232	89.5135
727	0.340126	100.495
728	0.328552	93.1822
729	0.314225	86.6943
730	0.326205	90.119
731	0.318136	86.8148
732	0.325523	96.1446
733	0.311933	88.0339
734	0.319622	88.596
735	0.334987	96.7285
736	0.345287	102.322
737	0.339862	101.156
738	0.315196	84.0863
739	0.326388	91.4129
740	0.328825	90.52
741	0.315929	85.2818
742	0.328005	92.7009
743	0.327003	90.6449
744	0.330674	93.0993
745	0.319148	90.5306
746	0.308135	79.0809
747	0.321666	90.5188
748	0.313402	85.1726
749	0.333348	97.7199
750	0.297028	74.9448
751	0.323594	89.7234
752	0.309669	86.1228
753	0.32726	91.2404
754	0.305506	82.0306
755	0.323499	90.7322
756	0.320128	85.3516
757	0.317495	87.1743
758	0.32557	94.2233
759	0.33039	94.9841
760	0.333931	97.4739
761	0.326806	92.6621
762	0.334744	97.989
763	0.32085	87.9422
764	0.32941	95.7317
765	0.331054	96.7919
766	0.315899	88.2246
767	0.343387	100.985
768	0.340019	101.564
769	0.327964	91.0314
770	0.31891	88.7091
771	0.322214	93.3682
772	0.331771	97.516
773	0.324271	89.3282
774	0.327953	91.28
775	0.342139	98.327
776	0.336001	96.7296
777	0.34176	102.791
778	0.305901	81.3971
779	0.330748	95.1326
780	0.334036	93.4297
781	0.317965	86.2362
782	0.32319	88.4234
783	0.346707	104.058
784	0.313287	83.7576
785	0.32225	90.6478
786	0.319067	89.9023
787	0.318955	88.5994
788	0.310559	85.415
789	0.326217	91.2698
790	0.319938	85.8045
791	0.323324	86.0083
792	0.333419	94.423
793	0.317496	86.5634
794	0.320069	89.207
795	0.32664	89.617
796	0.335442	95.2505
797	0.315216	85.7622
798	0.340418	101.528
799	0.331807	95.9817
800	0.307177	82.9632
801	0.332437	92.7878
802	0.331769	93.0062
803	0.339925	98.073
804	0.315907	83.4154
805	0.320713	86.396
806	0.317305	89.1663
807	0.306921	80.9512
808	0.308851	83.5913
809	0.316234	84.2364
810	0.324299	91.4687
811	0.319906	88.4801
812	0.3401	100.791
813	0.307372	83.4352
814	0.316355	87.8886
815	0.326708	90.3458
816	0.318326	87.6846
817	0.326394	94.803
818	0.332475	97.9229
819	0.338412	97.842
820	0.338335	96.2673
821	0.314741	85.2072
822	0.33716	100.07
823	0.327136	93.4499
824	0.331079	93.8555
825	0.323697	88.1472
826	0.323469	88.9426
827	0.333927	94.8169
828	0.339493	98.1619
829	0.335497	97.5705
830	0.321767	89.5142
831	0.334918	98.6156
832	0.299652	76.956
833	0.320117	90.164
834	0.34028	100.158
835	0.324051	92.204
836	0.340829	104.189
837	0.297451	73.2704
838	0.315918	87.7395
839	0.328037	93.0979
840	0.316153	86.0027
841	0.342177	101.497
842	0.326063	90.3048
843	0.308939	83.3849
844	0.326166	86.7114
845	0.334427	97.1858
846	0.333869	95.2823
847	0.314722	84.992
848	0.334992	94.8083
849	0.320792	87.9932
850	0.31276	83.6961
851	0.298817	77.8352
852	0.322691	87.5455
853	0.319045	86.7063
854	0.326479	91.092
855	0.331602	95.9681
856	0.329125	92.0818
857	0.309079	81.9974
858	0.323689	90.2072
859	0.345202	103.898
860	0.33726	98.8675
861	0.330527	95.854
862	0.331949	95.1272
863	0.323556	87.9173
864	0.34027	99.8662
865	0.321925	87.4737
866	0.315037	86.7201
867	0.335085	94.8516
868	0.330863	91.5654
869	0.319291	88.2008
870	0.321406	89.3989
871	0.319067	91.8398
872	0.296607	77.8515
873	0.321174	88.9579
874	0.315124	83.9073
875	0.322446	89.6602
876	0.33152	99.3137
877	0.320597	89.464
878	0.332905	93.9061
879	0.316678	86.6924
880	0.317739	85.4707
881	0.334116	92.7133
882	0.325838	91.9361
883	0.323101	89.8905
884	0.312689	83.8392
885	0.315817	86.5478
886	0.316982	83.8445
887	0.340779	101.809
888	0.311443	85.8458
889	0.3343	94.3271
890	0.32046	89.3434
891	0.325235	91.8544
892	0.327321	94.2038
893	0.313985	86.2887
894	0.32428	93.8618
895	0.331131	95.6708
896	0.312709	84.6634
897	0.31965	88.157
898	0.327573	91.194
899	0.330021	91.8731
900	0.307277	82.8811
901	0.334539	95.692
902	0.327499	89.8157
903	0.339852	101.046
904	0.328205	92.5028
905	0.326863	92.5091
906	0.323631	86.8317
907	0.342464	98.7114
908	0.324716	92.8282
909	0.323632	91.794
910	0.323594	89.4249
911	0.315533	84.995
912	0.338177	100.366
913	0.315985	85.9023
914	0.316327	85.8924
915	0.333096	95.5461
916	0.326088	95.2253
917	0.331652	93.9964
918	0.309356	78.9411
919	0.33007	94.5442
920	0.336396	94.7107
921	0.327969	94.0387
922	0.309904	81.7855
923	0.321212	91.4977
924	0.319338	90.7135
925	0.316143	88.2062
926	0.349472	108.937
927	0.326786	92.1052
928	0.311832	79.2163
929	0.312872	85.3487
930	0.340288	101.215
931	0.338092	99.6222
932	0.321626	88.2657
933	0.312379	83.9996
934	0.316612	83.6965
935	0.319248	88.7689
936	0.316963	89.0705
937	0.33379	96.1228
938	0.319572	88.2074
939	0.33221	92.3708
940	0.306442	80.7887
941	0.330304	96.5313
942	0.337108	98.9422
943	0.312365	84.3878
944	0.329665	94.1577
945	0.329469	93.1708
946	0.3345	96.0979
947	0.31238	86.1681
948	0.342311	97.9295
949	0.329951	92.9915
950	0.344234	104.388
951	0.320193	88.8516
952	0.334072	95.2913
953	0.310957	83.8914
954	0.315339	83.993
955	0.338288	100.266
956	0.328524	93.328
957	0.328568	93.7726
958	0.317907	86.9332
959	0.306353	82.1213
960	0.319406	85.9168
961	0.324401	92.7513
962	0.319028	92.4548
963	0.316038	86.0414
964	0.331207	96.4181
965	0.342794	101.412
966	0.314532	84.9962
967	0.313002	83.9084
968	0.333442	97.8432
969	0.337614	99.6571
970	0.3103	83.8821
971	0.319241	88.9633
972	0.328775	97.0436
973	0.325614	91.8452
974	0.332818	95.5271
975	0.334542	96.2043
976	0.319513	85.4572
977	0.331722	92.8037
978	0.336726	97.3412
979	0.345078	102.923
980	0.320826	87.1003
981	0.31071	80.7601
982	0.331218	92.7316
983	0.341935	98.0495
984	0.315654	82.8568
985	0.325002	94.3902
986	0.315814	82.5901
987	0.324659	88.3765
988	0.322829	89.8167
989	0.319091	90.7149
990	0.338022	96.8709
991	0.318507	86.5706
992	0.33198	90.5943
993	0.310818	81.1245
994	0.329395	94.7918
995	0.322442	89.5424
996	0.331422	91.2912
997	0.326162	93.0054
998	0.298498	76.7604
999	0.318859	89.8604
1000	0.321242	88.3652
1001	0.313371	84.0835
1002	0.337497	99.5165
1003	0.315842	83.5969
1004	0.298148	76.6332
1005	0.323091	87.1125
1006	0.34229	101.145
1007	0.328795	91.726
1008	0.329826	91.825
1009	0.315144	87.9846
1010	0.312107	84.6732
1011	0.318335	86.8842
1012	0.322219	86.3609
1013	0.328465	91.4658
1014	0.320714	90.0939
1015	0.322035	93.4538
1016	0.342362	97.2822
1017	0.323146	91.7067
1018	0.32862	93.1743
1019	0.307842	82.4465
1020	0.307725	80.7264
1021	0.323686	91.5485
1022	0.334672	98.7226
1023	0.335795	96.9692
1024	0.309262	79.0864
1025	0.322276	90.6557
1026	0.329252	89.983
1027	0.325589	92.0621
1028	0.298295	78.6051
1029	0.341581	102.966
1030	0.317133	87.862
1031	0.342167	103.259
1032	0.324046	89.8206
1033	0.326826	89.8402
1034	0.3538	106.395
1035	0.328623	92.3727
1036	0.318941	87.1215
1037	0.335704	97.395
1038	0.343028	99.6224
1039	0.332794	98.7291
1040	0.336023	97.5332
1041	0.331713	97.6398
1042	0.320888	87.8317
1043	0.312125	81.116
1044	0.31686	84.5503
1045	0.342404	100.322
1046	0.327432	89.6566
1047	0.345599	101.196
1048	0.332461	96.6714
1049	0.331292	95.4516
1050	0.314139	81.6311
1051	0.328385	94.0241
1052	0.311925	80.8848
1053	0.331074	93.9498
1054	0.315453	83.6172
1055	0.336906	95.7651
1056	0.336363	95.3061
1057	0.30953	81.8744
1058	0.333794	95.1665
1059	0.342383	99.4132
1060	0.324899	92.2867
1061	0.320843	84.637
1062	0.312175	84.0909
1063	0.310893	81.565
1064	0.330963	93.3654
1065	0.311938	84.7333
1066	0.317805	88.8647
1067	0.301566	79.4402
1068	0.337167	96.5834
1069	0.339249	99.7985
1070	0.318678	90.6995
1071	0.325117	92.9449
1072	0.321522	87.1111
1073	0.318549	83.9151
1074	0.333182	94.7007
1075	0.332857	93.6465
1076	0.320695	88.5842
1077	0.320512	86.0292
1078	0.334713	97.0304
1079	0.329185	91.9445
1080	0.321603	91.5358
1081	0.336612	99.5819
1082	0.316116	86.1377
1083	0.315864	86.1808
1084	0.319361	86.1493
1085	0.330895	98.4453
1086	0.311267	83.5029
1087	0.345993	105.285
1088	0.330813	95.8914
1089	0.29843	75.8758
1090	0.33047	94.5217
1091	0.313521	85.6605
1092	0.347348	102.828
1093	0.350217	103.282
1094	0.319889	86.0579
1095	0.320452	86.4444
1096	0.329536	96.7258
1097	0.333124	91.6321
1098	0.319539	89.5891
1099	0.32686	90.5627
1100	0.312114	83.9577
1101	0.322657	87.918
1102	0.297604	76.0108
1103	0.321578	92.8058
1104	0.334201	96.4721
1105	0.327408	95.2786
1106	0.320141	84.6304
1107	0.320385	86.3565
1108	0.335958	98.0835
1109	0.333498	97.4839
1110	0.313735	84.6803
1111	0.319962	86.971
1112	0.328902	91.7506
1113	0.327411	92.6354
1114	0.317328	84.9168
1115	0.320861	90.0275
1116	0.323875	89.6082
1117	0.320198	87.892
1118	0.314491	82.4339
1119	0.334951	94.0651
1120	0.323021	88.7687
1121	0.311518	85.7526
1122	0.317888	88.9559
1123	0.322572	86.4485
1124	0.30851	83.1801
1125	0.331608	92.4566
1126	0.332863	93.0317
1127	0.324376	92.037
1128	0.314326	81.8358
1129	0.331319	92.9763
1130	0.32603	89.5337
1131	0.324717	89.3722
1132	0.33973	96.1943
1133	0.319388	87.2825
1134	0.315807	86.1642
1135	0.327119	95.5468
1136	0.314707	84.859
1137	0.331953	92.9417
1138	0.320625	89.2279
1139	0.291958	73.4732
1140	0.321917	91.7643
1141	0.325859	91.8538
1142	0.32759	93.5663
1143	0.322814	90.0825
1144	0.310074	83.4344
1145	0.338399	99.6415
1146	0.317994	88.1334
1147	0.323664	89.7292
1148	0.315657	88.3901
1149	0.334606	94.5843
1150	0.325026	91.5081
1151	0.326813	91.9057
1152	0.329371	94.8588
1153	0.327064	94.6092
1154	0.317769	87.2857
1155	0.312824	86.8698
1156	0.328167	93.6854
1157	0.326258	90.6208
1158	0.325796	91.1569
1159	0.331796	93.6586
1160	0.314467	84.4135
1161	0.329893	94.5222
1162	0.34149	99.0922
1163	0.317906	87.2713
1164	0.333947	94.3288
1165	0.339663	99.3722
1166	0.317867	85.9363
1167	0.310537	84.5201
1168	0.313869	81.9857
1169	0.325611	89.3372
1170	0.315542	84.4603
1171	0.324599	91.1399
1172	0.344889	102.735
1173	0.331521	96.8718
1174	0.3442	103.111
1175	0.295756	75.4589
1176	0.33422	92.8605
1177	0.330938	92.3682
1178	0.327974	93.3245
1179	0.313201	83.8172
1180	0.311811	83.1434
1181	0.323883	90.5939
1182	0.317199	86.4904
1183	0.332892	94.6714
1184	0.328533	94.2547
1185	0.328133	96.0119
1186	0.315758	84.5531
1187	0.32816	94.6773
1188	0.313645	86.5432
1189	0.321431	90.7937
1190	0.326155	90.8602
1191	0.319917	88.0394
1192	0.326609	95.0522
1193	0.316338	84.6714
1194	0.335124	95.4593
1195	0.338742	101.072
1196	0.323141	88.825
1197	0.311767	84.4981
1198	0.333275	97.3482
1199	0.307023	79.9508
1200	0.325518	92.8218
1201	0.312962	79.6694
1202	0.335714	92.9624
1203	0.307773	80.8724
1204	0.33424	97.042
1205	0.330466	98.9667
1206	0.338903	96.9009
1207	0.327502	91.1648
1208	0.314076	85.9509
1209	0.323225	90.2387
1210	0.321274	89.7663
1211	0.330878	95.5527
1212	0.31735	84.3474
1213	0.331194	96.8125
1214	0.32503	94.4939
1215	0.326993	93.7843
1216	0.318546	83.7425
1217	0.331152	92.636
1218	0.321715	94.6931
1219	0.332733	96.3954
1220	0.327404	91.992
1221	0.332442	94.2248
1222	0.321665	90.0096
1223	0.330897	91.6725
1224	0.329416	92.5711
1225	0.332114	92.4541
1226	0.318112	85.8441
1227	0.331354	94.6128
1228	0.339795	98.8808
1229	0.328205	90.7736
1230	0.336037	100.078
1231	0.311858	84.6842
1232	0.343967	99.7738
1233	0.317056	86.0907
1234	0.313774	86.8084
1235	0.344224	105.712
1236	0.340559	102.006
1237	0.335518	93.1001
1238	0.338284	99.885
1239	0.333198	96.2348
1240	0.330055	98.8591
1241	0.336606	98.5839
1242	0.322374	87.8327
1243	0.341202	99.5173
1244	0.317745	89.4441
1245	0.334337	95.8616
1246	0.325115	88.9745
1247	0.331839	95.2639
1248	0.308103	83.2335
1249	0.31285	84.215
1250	0.336072	98.4265
1251	0.322027	88.885
1252	0.330731	95.2783
1253	0.32089	85.2553
1254	0.315245	82.8376
1255	0.332285	94.5156
1256	0.327514	91.7048
1257	0.321395	89.8626
1258	0.325968	91.7798
1259	0.334205	98.5425
1260	0.322747	92.1867
1261	0.310776	85.9673
1262	0.317969	88.1904
1263	0.323068	93.2056
1264	0.323478	90.2219
1265	0.335709	91.2009
1266	0.325563	93.4543
1267	0.312133	82.0984
1268	0.350082	103.253
1269	0.317628	87.3687
1270	0.337317	99.9899
1271	0.323729	91.1132
1272	0.330391	93.4939
1273	0.332829	95.4216
1274	0.326018	92.8963
1275	0.325166	90.6152
1276	0.326784	93.4803
1277	0.318448	88.5438
1278	0.33181	91.8338
1279	0.319785	87.206
1280	0.318815	87.0411
1281	0.318849	89.8577
1282	0.330122	94.8461
1283	0.309265	79.9168
1284	0.308807	81.4028
1285	0.332671	92.9673
1286	0.31398	86.3533
1287	0.321999	86.9446
1288	0.336167	96.9375
1289	0.329546	96.2824
1290	0.312087	80.8528
1291	0.312	85.1844
1292	0.308132	85.2034
1293	0.331528	96.0761
1294	0.318063	88.696
1295	0.333342	93.6088
1296	0.321323	89.5829
1297	0.309123	79.3936
1298	0.317124	86.288
1299	0.345071	102.297
1300	0.335911	98.9497
1301	0.335013	96.8593
1302	0.321874	86.4715
1303	0.32464	91.3294
1304	0.315489	88.157
1305	0.337262	96.2045
1306	0.324858	90.7132
1307	0.330494	95.1885
1308	0.305846	79.7121
1309	0.321435	89.9796
1310	0.319643	87.5911
1311	0.331825	99.131
1312	0.30941	83.4924
1313	0.331016	92.5257
1314	0.328104	92.7109
1315	0.318085	89.4464
1316	0.332185	96.3443
1317	0.330426	96.5595
1318	0.311323	85.149
1319	0.327299	94.7283
1320	0.32883	97.5994
1321	0.324966	90.5852
1322	0.315403	84.4984
1323	0.31947	85.8406
1324	0.329245	95.6924
1325	0.315433	85.8681
1326	0.314897	87.417
1327	0.303097	79.7017
1328	0.338438	95.7194
1329	0.324362	90.1981
1330	0.318111	85.3069
1331	0.312834	84.5029
1332	0.331906	94.7232
1333	0.330624	95.9233
1334	0.319364	88.2565
1335	0.326838	97.0821
1336	0.335762	94.3017
1337	0.337022	95.7808
1338	0.324838	85.8172
1339	0.330685	91.7073
1340	0.322098	87.3884
1341	0.335599	96.3908
1342	0.318734	87.8751
1343	0.34042	98.1923
1344	0.301142	80.2185
1345	0.314604	82.3372
1346	0.310844	80.4306
1347	0.328408	92.8301
1348	0.307687	81.7572
1349	0.335467	96.6509
1350	0.329822	91.6135
1351	0.321989	88.6608
1352	0.343088	103.389
1353	0.318012	90.2021
1354	0.321729	90.4704
1355	0.335056	94.9692
1356	0.305235	78.509
1357	0.344674	99.3846
1358	0.337391	97.3633
1359	0.32002	89.6864
1360	0.320826	85.8231
1361	0.326044	88.2785
1362	0.339794	100.991
1363	0.330268	94.8106
1364	0.316136	84.42
1365	0.336039	98.0341
1366	0.329505	93.4895
1367	0.330189	95.5118
1368	0.318166	87.1345
1369	0.335376	94.7881
1370	0.326763	92.2035
1371	0.322001	90.8889
1372	0.318122	86.1637
1373	0.32428	91.8324
1374	0.319901	88.6676
1375	0.31606	86.4897
1376	0.335789	99.7593
1377	0.333786	93.5476
1378	0.312451	87.1038
1379	0.3352	99.4564
1380	0.329453	95.0007
1381	0.32549	93.1672
1382	0.333149	94.8034
1383	0.325677	92.8134
1384	0.31625	86.2783
1385	0.313945	85.5594
1386	0.335023	96.8533
1387	0.331134	90.5481
1388	0.312634	87.4603
1389	0.324742	94.4158
1390	0.318883	85.5448
1391	0.326833	92.4813
1392	0.324207	89.3774
1393	0.33243	98.6867
1394	0.32256	91.8648
1395	0.303626	82.5651
1396	0.3418	102.245
1397	0.333653	93.0775
1398	0.325486	93.0169
1399	0.314593	83.2632
1400	0.333952	94.7574
1401	0.31422	88.2035
1402	0.311819	82.4034
1403	0.329355	94.4826
1404	0.335145	96.0902
1405	0.329746	92.0807
1406	0.317227	88.314
1407	0.333803	93.9846
1408	0.329697	95.3164
1409	0.332505	96.9819
1410	0.329354	93.1493
1411	0.329497	92.8952
1412	0.316818	87.7484
1413	0.324321	88.4493
1414	0.322038	87.2983
1415	0.334551	95.4817
1416	0.332605	95.4613
1417	0.316618	86.6155
1418	0.316358	86.2724
1419	0.320564	86.1321
1420	0.313447	83.1749
1421	0.341129	99.7788
1422	0.336358	99.406
1423	0.320861	88.3188
1424	0.327333	90.9383
1425	0.32381	91.5287
1426	0.312139	79.6412
1427	0.330946	97.2367
1428	0.334806	98.3248
1429	0.324458	89.5857
1430	0.346603	102.569
1431	0.305034	82.727
1432	0.320904	88.6207
1433	0.324862	90.9233
1434	0.340888	99.4179
1435	0.313111	84.4162
1436	0.313376	85.5349
1437	0.318045	85.5574
1438	0.334376	93.6148
1439	0.334489	95.9491
1440	0.31892	87.2223
1441	0.294565	73.5658
1442	0.336916	97.9653
1443	0.342093	101.61
1444	0.329161	89.7937
1445	0.336172	102.58
1446	0.327111	90.5051
1447	0.328	90.4032
1448	0.320645	92.8597
1449	0.33149	94.8806
1450	0.312441	83.0504
1451	0.352007	109.585
1452	0.325296	93.3909
1453	0.314184	81.9222
1454	0.330429	93.6296
1455	0.303643	78.7235
1456	0.317129	85.7493
1457	0.317497	86.0164
1458	0.324697	86.5483
1459	0.320243	85.9747
1460	0.332724	96.9949
1461	0.328166	92.8217
1462	0.330413	93.1211
1463	0.30662	81.2086
1464	0.311842	83.3163
1465	0.319372	90.1188
1466	0.329168	92.5941
1467	0.325776	90.2039
1468	0.324835	90.1948
1469	0.329751	91.7467
1470	0.344883	105.294
1471	0.326967	92.5475
1472	0.318761	84.6433
1473	0.329116	93.9556
1474	0.32362	93.0593
1475	0.331146	94.9356
1476	0.34986	108.578
1477	0.338308	98.2353
1478	0.35518	110.747
1479	0.323397	89.1677
1480	0.339475	99.6485
1481	0.323566	87.2299
1482	0.321766	89.4592
1483	0.342838	102.29
1484	0.333824	94.7265
1485	0.323539	88.6245
1486	0.329223	96.9978
1487	0.336446	96.5275
1488	0.35281	109.366
1489	0.320207	90.5292
1490	0.335861	95.8563
1491	0.338063	98.7137
1492	0.327566	92.203
1493	0.325794	93.8982
1494	0.344655	99.7283
1495	0.330386	96.0623
1496	0.324896	91.4459
1497	0.317761	84.5549
1498	0.338378	101.353
1499	0.31472	85.4268
1500	0.314742	85.2749
1501	0.328781	91.8556
1502	0.333313	97.4664
1503	0.317748	84.8191
1504	0.323329	92.8054
1505	0.333975	96.7687
1506	0.318802	86.3156
1507	0.31131	85.0125
1508	0.320168	85.854
1509	0.332987	96.4969
1510	0.313949	81.7305
1511	0.322552	87.3679
1512	0.326977	88.5111
1513	0.332286	93.6876
1514	0.3329	96.1346
1515	0.334334	98.287
1516	0.331926	95.2058
1517	0.324479	90.6997
1518	0.322825	92.4072
1519	0.318614	90.9738
1520	0.312183	79.1241
1521	0.30852	81.8637
1522	0.320951	90.3895
1523	0.320003	87.0774
1524	0.316249	89.4091
1525	0.307716	79.7476
1526	0.325776	91.5177
1527	0.311137	79.6444
1528	0.301701	76.8707
1529	0.337323	97.0136
1530	0.32658	93.1883
1531	0.326295	93.3132
1532	0.339339	96.9379
1533	0.304156	79.0543
1534	0.323942	88.3438
1535	0.328346	93.618
1536	0.333185	100.568
1537	0.318576	85.5299
1538	0.329372	93.0253
1539	0.331662	93.6332
1540	0.331539	93.3588
1541	0.313842	84.3312
1542	0.33981	98.7748
1543	0.323566	88.2335
1544	0.334661	96.0925
1545	0.320852	88.167
1546	0.310792	81.3993
1547	0.335916	96.4334
1548	0.312244	84.1346
1549	0.327363	91.4837
1550	0.317758	87.0245
1551	0.331155	92.7429
1552	0.334407	98.5616
1553	0.316326	89.3744
1554	0.322178	89.4154
1555	0.330974	94.0913
1556	0.327244	89.3853
1557	0.312802	82.3324
1558	0.335483	93.4873
1559	0.32166	91.3965
1560	0.329258	92.8504
1561	0.319739	91.2863
1562	0.325107	91.1854
1563	0.325328	89.0834
1564	0.313044	85.0245
1565	0.322753	88.9043
1566	0.326315	90.4495
1567	0.341366	98.558
1568	0.324996	90.0902
1569	0.339596	100.501
1570	0.324417	85.6851
1571	0.32419	88.7474
1572	0.318688	89.2708
1573	0.331034	94.2171
1574	0.329893	96.1437
1575	0.325458	91.2556
1576	0.32531	90.4517
1577	0.32016	85.9935
1578	0.323131	91.3367
1579	0.301388	75.6607
1580	0.320306	90.544
1581	0.33751	98.4548
1582	0.332673	93.6973
1583	0.329193	89.6268
1584	0.33437	95.5258
1585	0.316741	90.5555
1586	0.321515	89.7161
1587	0.309021	82.2894
1588	0.314247	82.3261
1589	0.321149	90.4619
1590	0.343973	99.3768
1591	0.331578	92.386
1592	0.314896	86.6875
1593	0.338762	97.5726
1594	0.328389	92.3016
1595	0.32658	93.0668
1596	0.32349	90.3342
1597	0.3322	94.2257
1598	0.332852	96.1429
1599	0.331659	94.8412
1600	0.320991	87.7836
1601	0.325303	89.863
1602	0.325271	92.952
1603	0.309258	84.7345
1604	0.32684	90.6015
1605	0.34773	106.941
1606	0.338684	98.3416
1607	0.320501	91.6246
1608	0.336175	97.3242
1609	0.321929	85.0426
1610	0.311659	83.6587
1611	0.340149	98.0455
1612	0.299745	76.6378
1613	0.321409	95.1355
1614	0.307256	79.642
1615	0.317982	86.7176
1616	0.343821	103.743
1617	0.327462	88.8906
1618	0.321198	88.2207
1619	0.320086	89.8538
1620	0.328416	95.093
1621	0.30622	81.384
1622	0.317652	88.3749
1623	0.311767	84.4392
1624	0.324873	90.3015
1625	0.308551	83.9407
1626	0.330074	92.4678
1627	0.304415	78.3931
1628	0.3194	87.0523
1629	0.33478	94.8566
1630	0.33802	98.2487
1631	0.327154	91.6581
1632	0.334885	97.947
1633	0.336006	103.41
1634	0.319819	91.1992
1635	0.316907	86.4906
1636	0.328048	95.8913
1637	0.339595	100.075
1638	0.33109	94.0137
1639	0.327448	93.4897
1640	0.328013	92.4795
1641	0.30813	80.893
1642	0.305526	80.7134
1643	0.324091	83.7058
1644	0.309667	84.0472
1645	0.322168	89.871
1646	0.328448	92.4325
1647	0.31627	84.6458
1648	0.329927	93.3558
1649	0.332571	94.9059
1650	0.316226	90.5618
1651	0.325868	87.5638
1652	0.337032	96.4481
1653	0.321394	89.5322
1654	0.331752	93.0881
1655	0.320681	87.9501
1656	0.330748	93.2396
1657	0.326784	95.0156
1658	0.332324	89.1633
1659	0.325197	90.613
1660	0.301662	79.4073
1661	0.325075	87.0495
1662	0.322612	89.3651
1663	0.329045	91.6836
1664	0.323962	88.8505
1665	0.338517	100.246
1666	0.332929	96.4259
1667	0.330254	93.8548
1668	0.312325	84.1162
1669	0.323002	87.8593
1670	0.318761	87.5334
1671	0.33083	98.361
1672	0.320969	87.5651
1673	0.329045	92.9231
1674	0.317699	87.4144
1675	0.357004	108.469
1676	0.34198	100.068
1677	0.324322	90.9318
1678	0.34614	103.88
1679	0.324075	91.6442
1680	0.324192	89.4939
1681	0.328215	94.438
1682	0.307199	78.6981
1683	0.319539	87.3489
1684	0.323357	88.0516
1685	0.312195	83.7253
1686	0.312344	82.893
1687	0.328134	95.4773
1688	0.32756	89.6766
1689	0.315479	87.031
1690	0.329457	92.4251
1691	0.331999	91.1515
1692	0.325658	92.4417
1693	0.316231	83.9892
1694	0.321129	90.8789
1695	0.308041	83.6391
1696	0.343691	103.605
1697	0.308145	81.1507
1698	0.316984	88.4972
1699	0.305015	78.8303
1700	0.322602	87.9743
1701	0.336877	97.5345
1702	0.332073	96.4531
1703	0.334832	94.998
1704	0.332635	94.5364
1705	0.310511	83.3626
1706	0.331123	97.4543
1707	0.351474	108.434
1708	0.330775	91.9242
1709	0.336629	95.4159
1710	0.323852	91.6849
1711	0.322534	91.0986
1712	0.320485	87.8981
1713	0.33269	94.2652
1714	0.328721	94.1672
1715	0.337048	96.7309
1716	0.317285	86.267
1717	0.328096	92.2283
1718	0.309199	88.6639
1719	0.296385	71.9471
1720	0.321082	86.2485
1721	0.33433	95.3218
1722	0.316654	88.4616
1723	0.3228	86.0854
1724	0.308584	80.2064
1725	0.324232	90.7436
1726	0.30452	78.072
1727	0.317576	84.1298
1728	0.329953	96.1792
1729	0.335484	94.5209
1730	0.318996	89.9744
1731	0.315099	82.3982
1732	0.32602	90.8322
1733	0.314357	86.61
1734	0.330858	94.4346
1735	0.32816	90.3478
1736	0.33206	95.5504
1737	0.334616	94.2229
1738	0.336918	97.4744
1739	0.309093	79.7696
1740	0.327074	93.2699
1741	0.320788	90.1041
1742	0.328124	94.304
1743	0.31058	83.3656
1744	0.317094	86.6373
1745	0.325337	93.9644
1746	0.312665	84.026
1747	0.328367	93.5639
1748	0.347055	103.735
1749	0.318824	88.2939
1750	0.316153	84.3803
1751	0.340858	97.3719
1752	0.331392	93.7641
1753	0.32814	90.0229
1754	0.314752	86.2501
1755	0.320956	87.4921
1756	0.304291	80.1156
1757	0.348165	100.969
1758	0.322892	85.5844
1759	0.307299	78.3064
1760	0.332166	93.8798
1761	0.328389	96.5273
1762	0.317114	86.7042
1763	0.313723	82.5154
1764	0.333599	95.9491
1765	0.330519	94.8543
1766	0.318899	86.057
1767	0.328544	91.9562
1768	0.331679	96.6949
1769	0.332799	97.6566
1770	0.3228	89.2523
1771	0.330963	91.5167
1772	0.317533	87.6113
1773	0.309107	82.3525
1774	0.321539	88.1404
1775	0.315787	85.1577
1776	0.324985	90.1359
1777	0.315242	85.6099
1778	0.326241	91.9917
1779	0.319926	86.6219
1780	0.3168	87.351
1781	0.314261	87.4698
1782	0.328525	93.6406
1783	0.329505	96.0968
1784	0.314348	86.4723
1785	0.337121	100.228
1786	0.336295	98.0744
1787	0.319166	87.4482
1788	0.329332	91.8629
1789	0.315874	84.6432
1790	0.332654	92.7834
1791	0.328719	91.6705
1792	0.320486	88.045
1793	0.355732	111.433
1794	0.331064	93.8188
1795	0.325262	92.324
1796	0.324822	89.0999
1797	0.335094	93.2021
1798	0.324281	90.5423
1799	0.323023	89.4271
1800	0.321496	90.8198
1801	0.330318	92.9384
1802	0.32279	91.0787
1803	0.324197	89.6361
1804	0.329458	95.2469
1805	0.324083	89.344
1806	0.335513	98.9194
1807	0.341151	98.7921
1808	0.339161	101.591
1809	0.334008	94.2342
1810	0.341939	101.001
1811	0.331516	96.2792
1812	0.328299	95.8385
1813	0.3368	98.5554
1814	0.321152	87.1982
1815	0.332305	96.3612
1816	0.31644	87.1652
1817	0.318435	85.3621
1818	0.318094	86.6568
1819	0.327149	90.4483
1820	0.328185	92.7538
1821	0.330308	93.7164
1822	0.339176	95.8164
1823	0.32402	88.5732
1824	0.325113	89.562
1825	0.334375	95.5497
1826	0.337688	97.914
1827	0.319257	88.4768
1828	0.330712	92.5345
1829	0.317976	86.1827
1830	0.304483	80.9501
1831	0.312511	84.7473
1832	0.321749	89.5448
1833	0.326809	90.9012
1834	0.304871	81.2249
1835	0.311931	84.9796
1836	0.324941	90.1554
1837	0.331439	96.3608
1838	0.331402	97.3267
1839	0.320671	87.009
1840	0.326238	91.8019
1841	0.348188	105.351
1842	0.324483	87.9649
1843	0.331858	93.8377
1844	0.328689	93.7394
1845	0.332309	93.1331
1846	0.337281	97.1952
1847	0.309597	87.6762
1848	0.330798	93.1447
1849	0.321502	90.2692
1850	0.341735	100.675
1851	0.332595	95.2522
1852	0.339716	97.822
1853	0.323525	89.1584
1854	0.317458	86.7358
1855	0.334068	99.4398
1856	0.328774	93.427
1857	0.336229	97.9014
1858	0.328493	94.8359
1859	0.332906	92.0168
1860	0.32552	89.7223
1861	0.320233	86.0326
1862	0.320663	88.603
1863	0.338737	97.4456
1864	0.331409	92.8595
1865	0.323746	89.1743
1866	0.322079	92.1555
1867	0.327861	93.0506
1868	0.332734	92.5184
1869	0.328184	93.9663
1870	0.330412	93.9888
1871	0.319552	89.1799
1872	0.334729	93.8448
1873	0.328016	96.2683
1874	0.33287	95.5377
1875	0.315015	84.9245
1876	0.287018	67.4677
1877	0.331184	96.7566
1878	0.322058	90.4491
1879	0.327999	96.1229
1880	0.321882	89.5397
1881	0.317164	86.1594
1882	0.330074	91.8835
1883	0.335653	95.9031
1884	0.312056	82.993
1885	0.321546	89.5973
1886	0.339554	96.2151
1887	0.326228	90.651
1888	0.326373	93.2658
1889	0.321733	86.4821
1890	0.32934	92.4117
1891	0.307087	83.0793
1892	0.333129	95.9212
1893	0.308808	82.6709
1894	0.331639	97.4003
1895	0.322327	87.963
1896	0.327727	94.4563
1897	0.33276	97.4376
1898	0.316276	86.5555
1899	0.31712	87.7784
1900	0.323649	88.7875
1901	0.323385	88.5371
1902	0.333438	97.8995
1903	0.331243	94.9728
1904	0.318787	91.0013
1905	0.311162	86.2666
1906	0.321302	88.9597
1907	0.325056	89.9758
1908	0.326767	92.003
1909	0.335687	95.8652
1910	0.330678	95.0321
1911	0.327041	92.5834
1912	0.32208	88.5346
1913	0.343403	100.264
1914	0.328335	90.4078
1915	0.313494	87.6338
1916	0.342069	100.411
1917	0.341482	100.835
1918	0.328051	89.3792
1919	0.328185	90.6281
1920	0.323467	91.919
1921	0.317894	87.7798
1922	0.332071	99.5135
1923	0.320215	87.8739
1924	0.323634	91.0811
1925	0.326899	90.9426
1926	0.306533	79.9127
1927	0.319634	89.3877
1928	0.330862	96.274
1929	0.329231	91.0878
1930	0.325155	91.3564
1931	0.316802	87.1251
1932	0.315755	86.3121
1933	0.308272	82.6921
1934	0.327803	92.7171
1935	0.328413	93.9422
1936	0.340028	101.123
1937	0.32453	89.8697
1938	0.311051	82.8412
1939	0.332814	96.1644
1940	0.340721	99.2482
1941	0.334272	97.4483
1942	0.326372	93.0373
1943	0.337001	97.6695
1944	0.346281	103.238
1945	0.323456	92.9218
1946	0.311344	82.7801
1947	0.324444	88.9152
1948	0.307258	82.9043
1949	0.325038	89.9271
1950	0.325511	89.7819
1951	0.327893	95.9814
1952	0.316939	83.7864
1953	0.325366	91.8591
1954	0.322214	90.2994
1955	0.311639	79.3353
1956	0.310156	83.4821
1957	0.318378	87.928
1958	0.3264	93.8468
1959	0.330966	93.8928
1960	0.331763	94.9705
1961	0.310203	80.2929
1962	0.317965	87.9253
1963	0.306982	84.0317
1964	0.327079	92.3501
1965	0.331425	94.2151
1966	0.31926	88.5744
1967	0.308658	81.5871
1968	0.311392	83.7149
1969	0.318667	88.3986
1970	0.320594	83.7411
1971	0.316465	88.8149
1972	0.330032	96.6697
1973	0.325002	89.3659
1974	0.33169	93.6697
1975	0.330238	93.6311
1976	0.341034	102.158
1977	0.327099	89.9568
1978	0.32335	88.1892
1979	0.335952	99.2421
1980	0.346936	101.583
1981	0.325146	93.4714
1982	0.325572	88.7506
1983	0.317825	85.6158
1984	0.332072	96.2095
1985	0.318255	91.0153
1986	0.322916	89.2016
1987	0.309721	81.2917
1988	0.319647	86.7168
1989	0.338225	101.124
1990	0.326913	93.3573
1991	0.331432	93.7683
1992	0.331472	97.4347
1993	0.332859	93.2936
1994	0.317075	88.5911
1995	0.319014	85.6149
1996	0.323484	92.7344
1997	0.33613	101.541
1998	0.330653	96.57
1999	0.334693	92.7216
2000	0.318304	83.978
2001	0.344122	102.879
2002	0.335946	99.8751
2003	0.324703	93.7322
2004	0.315332	81.9036
2005	0.32448	91.7756
2006	0.326161	88.8917
2007	0.318919	87.3012
2008	0.327588	90.8069
2009	0.319342	89.6346
2010	0.325371	91.373
2011	0.332905	94.4114
2012	0.328378	94.898
2013	0.331455	93.9499
2014	0.331658	97.11
2015	0.323806	89.2365
2016	0.327007	95.0324
2017	0.333711	91.717
2018	0.314906	83.1025
2019	0.313111	79.5126
2020	0.322068	90.0221
2021	0.321991	92.282
2022	0.328359	94.6968
2023	0.325187	92.098
2024	0.334855	94.5886
2025	0.324011	89.3007
2026	0.317121	86.2427
2027	0.331474	93.8231
2028	0.312664	84.4852
2029	0.324714	89.7506
2030	0.321654	89.565
2031	0.319681	86.8695
2032	0.325997	93.9437
2033	0.31696	86.4394
2034	0.329381	93.7944
2035	0.326228	93.6928
2036	0.32312	91.0726
2037	0.326924	91.7407
2038	0.332952	96.7297
2039	0.332753	95.7428
2040	0.320233	88.2905
2041	0.315614	84.1215
2042	0.329806	90.3337
2043	0.317252	88.7744
2044	0.322893	89.232
2045	0.322581	88.0513
2046	0.32483	90.1709
2047	0.316963	89.6745
2048	0.335407	95.5389
2049	0.317529	88.8582
2050	0.320074	85.9311
2051	0.326376	89.4813
2052	0.320192	88.7894
2053	0.324965	89.6461
2054	0.332022	96.9269
2055	0.334804	94.2219
2056	0.338787	102.886
2057	0.312131	81.6331
2058	0.32003	88.0902
2059	0.314543	81.357
2060	0.326067	92.218
2061	0.306074	80.8341
2062	0.324328	90.3463
2063	0.312859	84.05
2064	0.318951	84.7886
2065	0.302838	80.2352
2066	0.323514	90.8064
2067	0.311997	82.3289
2068	0.314086	86.4912
2069	0.333263	94.9166
2070	0.327625	91.8101
2071	0.325685	91.2405
2072	0.337554	96.2951
2073	0.336577	97.6334
2074	0.326945	91.0055
2075	0.331929	95.3616
2076	0.332056	97.0579
2077	0.316555	83.2914
2078	0.327457	92.9125
2079	0.329788	97.4205
2080	0.329653	96.4121
2081	0.32788	88.573
2082	0.343525	104.379
2083	0.32896	92.2235
2084	0.336751	97.4502
2085	0.313551	85.5158
2086	0.326377	88.374
2087	0.342267	100.249
2088	0.34312	102.32
2089	0.333621	95.4789
2090	0.311046	81.7319
2091	0.328924	94.6301
2092	0.317662	83.4438
2093	0.320189	86.825
2094	0.324687	89.2821
2095	0.320937	88.4382
2096	0.332816	93.0513
2097	0.333831	100.322
2098	0.32002	90.2593
2099	0.310959	84.263
2100	0.34608	106.776
2101	0.316794	85.5505
2102	0.332111	90.508
2103	0.323524	89.0403
2104	0.331276	93.5206
2105	0.325372	89.8912
2106	0.327026	89.4071
2107	0.305737	80.4881
2108	0.318314	89.4307
2109	0.328862	96.4924
2110	0.33297	94.772
2111	0.319592	89.568
2112	0.30949	84.413
2113	0.321284	87.6179
2114	0.342108	100.772
2115	0.315483	85.3313
2116	0.327007	90.1268
2117	0.329322	94.827
2118	0.324428	89.2837
2119	0.343647	103.586
2120	0.328271	90.3456
2121	0.327001	89.3103
2122	0.324585	87.2354
2123	0.331098	92.6541
2124	0.334672	97.4973
2125	0.332731	94.8538
2126	0.325632	95.2079
2127	0.320887	90.0129
2128	0.31222	82.7527
2129	0.326432	94.2031
2130	0.331057	93.3457
2131	0.335945	95.4499
2132	0.334736	95.0454
2133	0.319486	87.6543
2134	0.301653	78.8882
2135	0.32218	87.903
2136	0.321584	89.9102
2137	0.321696	88.1917
2138	0.339243	97.8749
2139	0.328505	97.5905
2140	0.334285	96.4376
2141	0.333218	93.9569
2142	0.295304	74.348
2143	0.331473	97.5941
2144	0.314306	85.4807
2145	0.311664	84.7564
2146	0.339448	96.9072
2147	0.341775	100.751
2148	0.313845	84.3396
2149	0.32082	88.4119
2150	0.307301	81.3694
2151	0.310253	82.7421
2152	0.339424	99.3257
2153	0.341757	97.1985
2154	0.328909	92.9225
2155	0.323445	91.365
2156	0.330761	93.9074
2157	0.33987	102.001
2158	0.332754	94.09
2159	0.333365	94.2288
2160	0.328609	94.4468
2161	0.307793	79.6658
2162	0.32824	90.9108
2163	0.336335	98.4022
2164	0.333069	96.145
2165	0.327021	89.7793
2166	0.310545	83.05
2167	0.323311	91.3173
2168	0.324453	92.9528
2169	0.32793	92.9355
2170	0.337361	99.8615
2171	0.333595	94.9485
2172	0.340688	100.831
2173	0.314608	86.2744
2174	0.330262	94.4014
2175	0.321652	89.6418
2176	0.317438	87.6326
2177	0.318571	85.6811
2178	0.326277	91.2506
2179	0.316642	86.625
2180	0.324076	90.4289
2181	0.318206	86.2022
2182	0.336775	100.995
2183	0.324658	93.1469
2184	0.333685	94.8216
2185	0.325	91.2826
2186	0.325654	93.1041
2187	0.339263	97.9753
2188	0.327722	94.1945
2189	0.31962	88.9321
2190	0.325979	93.0901
2191	0.328953	96.1617
2192	0.324821	91.3549
2193	0.330334	93.5235
2194	0.315294	87.2462
2195	0.321919	90.1907
2196	0.31384	84.6061
2197	0.326919	92.9202
2198	0.330728	93.5401
2199	0.322605	90.3012
2200	0.326089	91.2133
2201	0.297451	73.8535
2202	0.326207	93.3571
2203	0.327119	91.5016
2204	0.324686	91.1435
2205	0.327825	92.6455
2206	0.315746	88.0315
2207	0.337179	94.2673
2208	0.329836	89.9321
2209	0.329491	93.2723
2210	0.328985	94.0672
2211	0.315684	83.9455
2212	0.331969	95.0586
2213	0.320622	89.3986
2214	0.317939	86.3146
2215	0.318835	83.4944
2216	0.333258	93.8373
2217	0.330439	95.4116
2218	0.322732	86.6455
2219	0.313021	83.21
2220	0.338283	100.47
2221	0.3152	85.5533
2222	0.327457	93.2318
2223	0.325136	90.3577
2224	0.328238	91.5848
2225	0.335378	97.2981
2226	0.34437	102.536
2227	0.316173	86.4279
2228	0.329047	92.5445
2229	0.318007	89.7023
2230	0.321881	88.1701
2231	0.337267	97.3821
2232	0.338381	98.2397
2233	0.309447	82.6573
2234	0.329836	92.465
2235	0.315917	87.6353
2236	0.319328	84.748
2237	0.330461	96.5214
2238	0.325537	90.5476
2239	0.32311	89.4799
2240	0.335435	96.3728
2241	0.319667	87.8191
2242	0.328783	94.6415
2243	0.323108	91.0554
2244	0.307608	82.7694
2245	0.312309	83.7977
2246	0.350919	107.087
2247	0.315004	87.7555
2248	0.326376	90.9866
2249	0.34424	99.682
2250	0.340849	99.7032
2251	0.327495	92.6082
2252	0.306728	80.8512
2253	0.313927	85.4544
2254	0.323088	90.08
2255	0.319702	87.4666
2256	0.353382	110.716
2257	0.317062	86.834
2258	0.324824	91.4972
2259	0.3318	95.6677
2260	0.311786	84.85
2261	0.320123	88.6763
2262	0.324216	91.6099
2263	0.334768	93.8375
2264	0.33865	99.7011
2265	0.31941	84.8675
2266	0.337286	99.7108
2267	0.315267	82.1021
2268	0.331116	93.7723
2269	0.317374	89.0832
2270	0.336458	99.8146
2271	0.310464	85.4286
2272	0.31474	88.0356
2273	0.329543	93.3179
2274	0.341228	99.7538
2275	0.336186	95.9562
2276	0.307679	77.6699
2277	0.335452	98.28
2278	0.327861	90.0703
2279	0.334013	94.8508
2280	0.318578	85.3615
2281	0.337463	97.1127
2282	0.334118	98.4912
2283	0.323945	91.3525
2284	0.327787	91.6773
2285	0.338188	98.4032
2286	0.333387	96.0565
2287	0.318576	86.8164
2288	0.31266	84.2785
2289	0.323372	90.6308
2290	0.329581	93.7875
2291	0.310151	83.9958
2292	0.305857	83.6613
2293	0.326316	91.6571
2294	0.334291	94.3104
2295	0.341455	104.153
2296	0.343473	101.881
2297	0.3365	95.1436
2298	0.334643	95.0381
2299	0.334198	94.5196
2300	0.305574	80.1956
2301	0.339531	101.827
2302	0.324121	90.4547
2303	0.321758	87.0882
2304	0.324054	89.8598
2305	0.327962	94.7466
2306	0.314698	89.4282
2307	0.343102	103.414
2308	0.31599	85.7113
2309	0.340355	101.877
2310	0.33345	91.7776
2311	0.316104	87.0243
2312	0.323306	89.2322
2313	0.317027	83.1715
2314	0.322367	89.3897
2315	0.323934	92.2326
2316	0.312719	87.6185
2317	0.325567	90.8846
2318	0.317283	88.0819
2319	0.322936	88.9454
2320	0.328376	93.6548
2321	0.332713	97.1311
2322	0.324227	90.1259
2323	0.305528	79.1537
2324	0.31883	88.838
2325	0.327056	92.4527
2326	0.329436	96.4907
2327	0.322895	93.6819
2328	0.325533	90.9552
2329	0.32129	90.9774
2330	0.310583	85.3141
2331	0.316317	88.4827
2332	0.324337	89.9773
2333	0.321674	91.6654
2334	0.322338	89.399
2335	0.322548	91.9492
2336	0.317079	89.846
2337	0.322777	93.979
2338	0.339658	97.5331
2339	0.320614	89.0938
2340	0.326094	94.4816
2341	0.313351	83.0447
2342	0.328183	94.8452
2343	0.32234	87.1779
2344	0.316747	85.8887
2345	0.331535	94.852
2346	0.329154	89.8749
2347	0.333416	92.6723
2348	0.314972	85.0381
2349	0.327183	93.2242
2350	0.335596	98.7083
2351	0.31969	87.7628
2352	0.347234	104.945
2353	0.333604	95.3831
2354	0.311012	85.3609
2355	0.32749	94.1152
2356	0.337302	96.1356
2357	0.325349	89.6014
2358	0.328975	93.8037
2359	0.335	96.3127
2360	0.324052	89.4085
2361	0.320699	88.7613
2362	0.31398	85.0385
2363	0.32438	91.4423
2364	0.321908	91.1787
2365	0.321731	89.3948
2366	0.331002	93.2208
2367	0.313525	83.5772
2368	0.315721	86.4059
2369	0.333452	95.2536
2370	0.334891	97.0827
2371	0.312901	86.5302
2372	0.34725	104.547
2373	0.314001	84.6694
2374	0.324462	91.9645
2375	0.311705	83.4199
2376	0.325072	90.3647
2377	0.331168	93.011
2378	0.338315	100.794
2379	0.336335	93.006
2380	0.324295	91.5252
2381	0.317004	84.6983
2382	0.324672	90.2583
2383	0.333448	95.3964
2384	0.344263	100.665
2385	0.340735	101.99
2386	0.337057	99.9013
2387	0.328939	94.9916
2388	0.314484	87.3683
2389	0.333928	100.172
2390	0.340624	98.4316
2391	0.328739	92.8862
2392	0.316873	84.7122
2393	0.329186	91.6305
2394	0.322237	88.3585
2395	0.335701	96.1477
2396	0.328357	91.2797
2397	0.301936	74.9564
2398	0.312124	86.0412
2399	0.317825	85.4245
2400	0.343635	105.372
2401	0.325279	91.1668
2402	0.333361	95.6713
2403	0.30347	77.0023
2404	0.331831	90.2674
2405	0.306737	81.4214
2406	0.323106	87.841
2407	0.328873	93.5272
2408	0.333744	94.3202
2409	0.315728	92.8232
2410	0.318583	85.6785
2411	0.322619	90.2713
2412	0.325257	91.8785
2413	0.336329	92.3374
2414	0.30514	83.4407
2415	0.323677	88.6539
2416	0.328538	94.0614
2417	0.32303	92.7957
2418	0.335943	93.7744
2419	0.311673	82.7877
2420	0.324729	90.5081
2421	0.329	91.6106
2422	0.309773	81.8401
2423	0.333873	91.8913
2424	0.328604	92.7678
2425	0.32673	92.4366
2426	0.322333	88.8137
2427	0.347653	101.476
2428	0.321257	87.8778
2429	0.343032	101.658
2430	0.332961	97.3404
2431	0.316093	86.3637
2432	0.320882	90.1926
2433	0.315483	86.1054
2434	0.346259	101.683
2435	0.328451	93.6347
2436	0.331557	95.0623
2437	0.305591	79.3155
2438	0.326608	92.7788
2439	0.324325	91.4547
2440	0.333446	94.8927
2441	0.320808	87.8958
2442	0.328577	93.8069
2443	0.320496	91.7811
2444	0.331415	96.4721
2445	0.315398	84.3072
2446	0.329616	90.6898
2447	0.323296	88.2731
2448	0.326675	91.5917
2449	0.325844	95.2431
2450	0.323512	89.2206
2451	0.334706	95.7884
2452	0.329619	92.2713
2453	0.310471	82.3527
2454	0.327351	92.0001
2455	0.328663	94.9396
2456	0.327888	92.6987
2457	0.309574	82.0187
2458	0.331902	96.1752
2459	0.324666	91.014
2460	0.3165	83.9102
2461	0.325956	92.7458
2462	0.311732	81.3317
2463	0.322317	87.3643
2464	0.339234	95.5807
2465	0.338044	96.5186
2466	0.312189	83.8335
2467	0.310827	82.1666
2468	0.338353	99.5389
2469	0.312262	80.5961
2470	0.330657	94.6331
2471	0.31634	84.3372
2472	0.312044	78.8817
2473	0.330992	96.1867
2474	0.329505	91.173
2475	0.335761	97.818
2476	0.344468	101.693
2477	0.309389	84.4304
2478	0.335474	98.2913
2479	0.328593	92.9983
2480	0.324719	90.7113
2481	0.328547	91.2064
2482	0.322278	88.2865
2483	0.306446	81.055
2484	0.334304	96.5542
2485	0.324107	86.8039
2486	0.323813	89.2621
2487	0.341648	100.867
2488	0.301205	78.5715
2489	0.328947	95.3309
2490	0.340863	98.368
2491	0.310296	80.2761
2492	0.318991	88.1513
2493	0.310158	79.0334
2494	0.33988	99.2321
2495	0.318147	86.6816
2496	0.314803	85.7095
2497	0.321614	88.8913
2498	0.321826	89.1403
2499	0.310653	82.6843
2500	0.352794	105.079
2501	0.338661	94.7058
2502	0.337176	97.4162
2503	0.30523	81.4708
2504	0.345288	101.738
2505	0.32699	89.6542
2506	0.319803	86.0779
2507	0.328404	87.7813
2508	0.325182	91.7444
2509	0.321847	88.3886
2510	0.324857	90.1265
2511	0.319894	88.9741
2512	0.332751	95.3214
2513	0.33396	94.7149
2514	0.324716	93.5525
2515	0.33204	94.6265
2516	0.329169	91.2211
2517	0.325526	92.5422
2518	0.325998	89.5393
2519	0.333667	97.4174
2520	0.336289	99.1921
2521	0.324707	90.5344
2522	0.317883	85.8556
2523	0.319584	88.5361
2524	0.32281	88.4122
2525	0.331131	94.6317
2526	0.327233	94.6226
2527	0.324773	91.4941
2528	0.319341	88.2434
2529	0.33978	99.9946
2530	0.333957	100.734
2531	0.332738	97.4898
2532	0.326204	93.5064
2533	0.331199	93.8293
2534	0.319001	90.1531
2535	0.308929	83.6524
2536	0.314684	84.1079
2537	0.308968	79.4576
2538	0.319729	83.411
2539	0.292302	75.2968
2540	0.315215	87.2338
2541	0.346255	99.9732
2542	0.320299	85.6684
2543	0.324765	90.159
2544	0.32714	91.1285
2545	0.327619	93.8206
2546	0.328929	95.9871
2547	0.324004	90.8366
2548	0.31367	85.3142
2549	0.318845	86.6155
2550	0.30486	78.0787
2551	0.336343	98.4232
2552	0.307048	82.3398
2553	0.312684	81.2701
2554	0.336149	97.8432
2555	0.314456	86.1706
2556	0.317889	88.1263
2557	0.331555	92.9129
2558	0.317222	89.8322
2559	0.343351	97.7997
2560	0.322272	88.4389
2561	0.309951	83.4673
2562	0.320583	90.0023
2563	0.328638	90.3929
2564	0.328839	90.9214
2565	0.311375	84.2916
2566	0.301897	78.8144
2567	0.328173	90.99
2568	0.32692	94.9042
2569	0.325239	85.9267
2570	0.306951	81.3416
2571	0.316888	83.4316
2572	0.320824	90.0854
2573	0.325702	92.2098
2574	0.309028	80.2751
2575	0.317347	88.7133
2576	0.309492	82.8709
2577	0.324646	87.0902
2578	0.327996	95.4412
2579	0.320328	89.2995
2580	0.313192	85.7075
2581	0.331476	94.6187
2582	0.319265	86.8837
2583	0.331804	93.4819
2584	0.322633	89.4232
2585	0.313918	86.7355
2586	0.339457	99.7742
2587	0.319559	89.0451
2588	0.314058	84.5107
2589	0.320648	88.4703
2590	0.326209	90.3349
2591	0.345263	101.296
2592	0.327524	93.5296
2593	0.315313	85.1699
2594	0.321358	86.7864
2595	0.319553	88.2378
2596	0.316863	85.3996
2597	0.327771	90.3139
2598	0.332877	96.9343
2599	0.324503	87.8959
2600	0.337181	101.081
2601	0.322656	90.7413
2602	0.329117	93.7367
2603	0.329101	94.5828
2604	0.345673	104.948
2605	0.315112	89.1261
2606	0.336081	99.4518
2607	0.324101	91.1536
2608	0.332607	97.6397
2609	0.32594	91.834
2610	0.307081	77.1643
2611	0.34237	98.2855
2612	0.342416	101.365
2613	0.332019	93.7102
2614	0.334213	94.95
2615	0.336567	95.0086
2616	0.32148	88.2023
2617	0.32669	94.787
2618	0.306915	87.2135
2619	0.341692	99.645
2620	0.316475	85.8352
2621	0.333624	99.2484
2622	0.330321	94.9115
2623	0.348594	104.07
2624	0.332009	95.0097
2625	0.319023	85.9512
2626	0.311636	87.9794
2627	0.301863	77.2701
2628	0.312791	82.086
2629	0.317219	88.0653
2630	0.342541	98.5788
2631	0.328495	90.186
2632	0.316794	86.1148
2633	0.302492	77.8558
2634	0.316953	87.1612
2635	0.327568	92.4825
2636	0.327003	89.2569
2637	0.320318	88.0237
2638	0.315474	86.7166
2639	0.32731	93.3005
2640	0.308776	81.9491
2641	0.310558	83.2385
2642	0.319057	87.2507
2643	0.327085	91.1927
2644	0.32588	88.2812
2645	0.317582	90.1369
2646	0.325441	87.7647
2647	0.314914	86.4032
2648	0.31669	86.589
2649	0.339002	99.2069
2650	0.344096	99.0818
2651	0.330129	95.2919
2652	0.314681	87.1038
2653	0.322604	91.2793
2654	0.315475	87.093
2655	0.331289	97.2627
2656	0.343299	98.6843
2657	0.348934	104.436
2658	0.336525	95.707
2659	0.332074	96.3102
2660	0.301348	80.5024
2661	0.324513	90.4959
2662	0.317101	89.0608
2663	0.325267	92.7445
2664	0.337636	94.2333
2665	0.317099	86.458
2666	0.338535	100.747
2667	0.319106	87.9102
2668	0.294182	74.4739
2669	0.317522	87.8991
2670	0.309685	83.3589
2671	0.337393	97.4932
2672	0.324714	90.9226
2673	0.329276	92.0505
2674	0.315597	86.3403
2675	0.335136	99.2573
2676	0.324367	90.0385
2677	0.327477	88.8695
2678	0.336118	97.7775
2679	0.317795	82.7955
2680	0.33177	95.4539
2681	0.320191	87.0412
2682	0.313403	86.8337
2683	0.309297	82.0794
2684	0.338828	97.8339
2685	0.330561	95.6024
2686	0.330306	95.5436
2687	0.350765	104.251
2688	0.333765	98.4569
2689	0.320609	87.4979
2690	0.313026	81.3597
2691	0.323847	89.3096
2692	0.321653	90.4232
2693	0.341861	95.0375
2694	0.348971	101.192
2695	0.322505	89.4442
2696	0.325158	90.45
2697	0.322855	90.7059
2698	0.307458	83.4144
2699	0.332723	94.3683
2700	0.340709	97.9626
2701	0.334148	94.5503
2702	0.320136	91.5078
2703	0.310993	85.7145
2704	0.320555	91.1624
2705	0.312879	83.4168
2706	0.332141	96.5025
2707	0.327331	94.1767
2708	0.317301	85.4761
2709	0.328636	93.4474
2710	0.319334	85.8559
2711	0.31203	87.9146
2712	0.315148	85.4972
2713	0.328232	92.1441
2714	0.297447	75.0222
2715	0.334128	95.679
2716	0.329185	91.9588
2717	0.333743	93.1819
2718	0.329899	96.8824
2719	0.307696	81.1321
2720	0.326599	90.9705
2721	0.323953	90.9684
2722	0.317672	84.3611
2723	0.316565	86.8245
2724	0.312532	83.9477
2725	0.317644	88.4648
2726	0.318148	87.7815
2727	0.31502	81.2991
2728	0.304655	81.2011
2729	0.333933	95.3932
2730	0.305487	81.1883
2731	0.323215	88.6503
2732	0.315421	86.2031
2733	0.334252	95.6654
2734	0.319183	90.5629
2735	0.327907	94.0433
2736	0.336392	98.1702
2737	0.327692	89.0861
2738	0.321096	93.9995
2739	0.347717	104.828
2740	0.329811	95.6448
2741	0.342176	100.072
2742	0.319635	90.507
2743	0.33471	94.8557
2744	0.309194	80.0122
2745	0.337256	99.6783
2746	0.335802	97.7776
2747	0.338931	99.2768
2748	0.337499	99.8686
2749	0.320597	85.8297
2750	0.324512	92.568
2751	0.315622	85.6989
2752	0.295526	75.8858
2753	0.325333	92.7056
2754	0.330522	92.9941
2755	0.326097	92.5102
2756	0.333367	95.4019
2757	0.306786	80.6737
2758	0.340987	100.313
2759	0.337071	98.1656
2760	0.313683	85.823
2761	0.309914	84.132
2762	0.324331	92.5135
2763	0.312365	84.3286
2764	0.322757	89.0339
2765	0.317659	85.1502
2766	0.325424	85.7713
2767	0.312925	85.721
2768	0.325841	91.3238
2769	0.348159	106.602
2770	0.332489	96.6554
2771	0.328235	95.1762
2772	0.318494	87.2505
2773	0.328175	93.269
2774	0.316516	85.9884
2775	0.314544	85.9876
2776	0.306135	78.3506
2777	0.323584	91.0917
2778	0.339172	97.1643
2779	0.329783	94.7775
2780	0.317166	85.2485
2781	0.327515	90.0612
2782	0.31915	83.913
2783	0.34287	102.283
2784	0.321929	87.477
2785	0.333307	98.1681
2786	0.329115	95.3415
2787	0.322291	93.4322
2788	0.309331	82.9454
2789	0.34794	105.514
2790	0.332298	95.591
2791	0.308072	79.2376
2792	0.32954	95.5288
2793	0.332471	96.3723
2794	0.348596	105.146
2795	0.315909	85.8202
2796	0.311477	83.6905
2797	0.323675	88.1951
2798	0.327613	92.4087
2799	0.304374	80.9819
2800	0.346147	102.996
2801	0.324608	89.5753
2802	0.333296	95.0774
2803	0.334408	92.3383
2804	0.324604	90.4403
2805	0.327125	91.6761
2806	0.342075	100.446
2807	0.330714	92.0192
2808	0.343184	102.537
2809	0.331347	98.2948
2810	0.320331	87.88
2811	0.310259	84.7978
2812	0.330572	91.3943
2813	0.344218	99.86
2814	0.321943	88.9044
2815	0.317348	87.8537
2816	0.340183	96.1249
2817	0.30418	79.8131
2818	0.334255	94.2489
2819	0.330316	90.2125
2820	0.328467	90.4241
2821	0.332368	93.5123
2822	0.306245	78.1225
2823	0.326277	92.5602
2824	0.317744	88.3528
2825	0.320486	86.2156
2826	0.333345	97.6666
2827	0.302583	80.4856
2828	0.334041	97.6824
2829	0.317475	85.745
2830	0.328926	95.3718
2831	0.325149	93.8697
2832	0.306961	81.0529
2833	0.321495	87.6117
2834	0.328757	91.6685
2835	0.319954	85.9492
2836	0.333001	94.649
2837	0.33411	96.2955
2838	0.332866	94.283
2839	0.306558	79.9897
2840	0.339871	101.076
2841	0.323978	90.5693
2842	0.322354	87.885
2843	0.330699	95.7968
2844	0.321049	87.4192
2845	0.329462	93.1206
2846	0.332041	93.9428
2847	0.322654	90.5402
2848	0.316123	86.5523
2849	0.321242	92.4361
2850	0.329933	94.9443
2851	0.339925	98.4148
2852	0.318613	87.2244
2853	0.336346	94.7613
2854	0.321147	87.4078
2855	0.321201	91.4745
2856	0.335469	97.7864
2857	0.345799	103.838
2858	0.319456	88.4959
2859	0.315361	86.3717
2860	0.327718	91.5089
2861	0.316642	86.7825
2862	0.321694	84.5419
2863	0.321602	89.8854
2864	0.317325	84.2311
2865	0.328381	92.0653
2866	0.32968	96.6256
2867	0.314909	83.9746
2868	0.325262	87.6069
2869	0.323654	90.7719
2870	0.343545	97.6054
2871	0.340737	97.4295
2872	0.331774	93.9255
2873	0.324133	91.106
2874	0.320682	87.1704
2875	0.331457	95.5593
2876	0.322842	91.007
2877	0.321059	90.4105
2878	0.326726	93.5966
2879	0.32625	90.99
2880	0.313757	84.4688
2881	0.325164	88.9187
2882	0.310538	82.6641
2883	0.321868	87.626
2884	0.319274	88.8402
2885	0.311893	85.3313
2886	0.322421	90.506
2887	0.323678	91.4573
2888	0.316607	87.2897
2889	0.330418	92.1176
2890	0.35222	106.212
2891	0.338267	97.3705
2892	0.33518	95.4377
2893	0.333722	93.5664
2894	0.307136	82.1452
2895	0.314066	83.1371
2896	0.318281	87.5583
2897	0.306296	78.5143
2898	0.299695	77.1723
2899	0.335768	92.8247
2900	0.324932	93.3239
2901	0.320911	89.6606
2902	0.328655	92.3679
2903	0.338463	100.094
2904	0.335263	95.2231
2905	0.331452	96.4376
2906	0.304416	79.9895
2907	0.330288	95.7583
2908	0.328416	92.5615
2909	0.316336	81.8511
2910	0.322558	87.5853
2911	0.306263	78.9374
2912	0.315625	83.7
2913	0.312022	82.7502
2914	0.314807	84.816
2915	0.314491	83.6709
2916	0.334711	93.6696
2917	0.330895	93.396
2918	0.331482	93.5038
2919	0.322367	88.3246
2920	0.318578	86.0276
2921	0.331077	95.5708
2922	0.329541	95.2082
2923	0.344174	101.071
2924	0.308553	82.2455
2925	0.325847	90.7015
2926	0.332225	94.977
2927	0.327018	93.5017
2928	0.332831	96.3875
2929	0.320202	88.3062
2930	0.335195	98.0668
2931	0.328292	92.146
2932	0.327505	93.5326
2933	0.315097	83.9844
2934	0.305201	80.8124
2935	0.328917	96.784
2936	0.326235	93.7068
2937	0.32951	93.1004
2938	0.336615	99.9654
2939	0.317163	87.3582
2940	0.341191	99.7854
2941	0.330923	95.1678
2942	0.327115	92.8664
2943	0.317261	86.9265
2944	0.341813	101.714
2945	0.343788	101.516
2946	0.317425	91.2904
2947	0.308257	80.8354
2948	0.339629	96.464
2949	0.335849	97.3113
2950	0.319125	83.5292
2951	0.318388	84.0925
2952	0.319375	85.4995
2953	0.3163	88.4242
2954	0.333359	96.3803
2955	0.339622	99.4351
2956	0.322856	87.1476
2957	0.3292	94.0171
2958	0.320011	88.0364
2959	0.32144	86.2839
2960	0.326867	92.0457
2961	0.317661	86.5754
2962	0.313042	85.5614
2963	0.344996	104.443
2964	0.338629	100.597
2965	0.341211	98.7449
2966	0.307471	83.4055
2967	0.335971	99.4943
2968	0.335958	96.3333
2969	0.328724	92.9747
2970	0.342342	101.259
2971	0.325229	90.4096
2972	0.315958	82.5617
2973	0.325229	92.2734
2974	0.315842	84.2429
2975	0.333903	95.2185
2976	0.330484	93.6088
2977	0.327765	93.0398
2978	0.309366	81.8644
2979	0.318769	86.7506
2980	0.322776	91.2866
2981	0.309061	82.2802
2982	0.319301	87.6839
2983	0.324748	92.0619
2984	0.335797	95.9172
2985	0.338092	94.2276
2986	0.333453	95.2932
2987	0.333094	95.6023
2988	0.338406	97.2775
2989	0.307839	80.0448
2990	0.334628	94.7328
2991	0.321813	89.4339
2992	0.312979	80.9665
2993	0.338135	98.5579
2994	0.316917	85.7745
2995	0.337177	96.6594
2996	0.319272	84.3791
2997	0.317152	87.2594
2998	0.301755	80.6206
2999	0.321987	91.3915
