0	0.302274	79.1054
1	0.330779	95.6407
2	0.300149	76.0616
3	0.329193	93.2161
4	0.306834	80.8245
5	0.299866	82.8348
6	0.31239	81.3893
7	0.312064	81.0518
8	0.308862	80.0961
9	0.315536	84.3467
10	0.323254	90.1991
11	0.316427	88.1129
12	0.316124	86.7943
13	0.325733	88.9464
14	0.296936	75.5031
15	0.326949	93.323
16	0.30083	78.9023
17	0.305869	83.0247
18	0.328299	90.2331
19	0.303916	80.7859
20	0.295302	74.5896
21	0.308721	83.1499
22	0.300451	79.4531
23	0.303258	79.9166
24	0.320221	88.1478
25	0.310416	80.9553
26	0.310417	79.0829
27	0.319662	90.6802
28	0.323754	89.7024
29	0.312055	83.4509
30	0.31519	82.7642
31	0.320452	88.7093
32	0.296579	74.8003
33	0.306843	81.0742
34	0.315506	85.249
35	0.328732	91.7921
36	0.316065	88.9065
37	0.298131	78.7902
38	0.297985	75.8299
39	0.306233	79.7902
40	0.324816	90.2817
41	0.31619	88.4392
42	0.304588	80.6631
43	0.311203	81.2795
44	0.312234	82.2444
45	0.31134	79.5268
46	0.316643	85.9186
47	0.301906	76.9193
48	0.319735	90.599
49	0.316067	85.8678
50	0.31615	87.4368
51	0.321752	88.9015
52	0.307073	82.8066
53	0.300423	76.1813
54	0.319626	83.8871
55	0.293269	73.5633
56	0.299864	77.0055
57	0.291367	73.3679
58	0.287962	72.7458
59	0.292884	72.0752
60	0.310256	86.4068
61	0.309802	81.8201
62	0.309396	83.4747
63	0.326687	93.1647
64	0.325658	90.5839
65	0.322565	92.7905
66	0.313899	85.489
67	0.326626	92.234
68	0.314372	81.5739
69	0.301686	80.5608
70	0.29042	73.5139
71	0.321534	87.9851
72	0.321572	87.7332
73	0.326134	91.8251
74	0.315434	85.7211
75	0.32029	90.4394
76	0.308599	81.4142
77	0.318886	92.5742
78	0.314357	87.1559
79	0.319401	86.5977
80	0.322316	90.1941
81	0.300115	78.2571
82	0.309901	83.3545
83	0.304944	79.1868
84	0.324503	92.9169
85	0.322621	91.0932
86	0.303499	80.6646
87	0.334468	96.4096
88	0.316809	88.558
89	0.322823	90.6871
90	0.314292	85.1701
91	0.312376	83.7693
92	0.323108	86.9281
93	0.326566	92.5936
94	0.296408	72.5624
95	0.298972	81.3394
96	0.309385	81.9673
97	0.338857	99.9396
98	0.316435	87.0427
99	0.3349	98.8018
100	0.313237	82.946
101	0.318051	89.0958
102	0.340301	98.741
103	0.311464	83.1806
104	0.297815	73.4829
105	0.318795	84.6095
106	0.298981	77.0691
107	0.315011	86.2427
108	0.300763	77.1735
109	0.322747	91.2744
110	0.322291	89.4431
111	0.320445	87.8143
112	0.298606	77.289
113	0.310785	82.7631
114	0.328325	92.6783
115	0.309766	83.5825
116	0.289201	72.2049
117	0.322047	87.2708
118	0.304612	78.0354
119	0.291906	72.5878
120	0.305335	80.8308
121	0.309321	77.7426
122	0.315568	84.6496
123	0.313476	83.4745
124	0.324298	90.8061
125	0.303245	77.4059
126	0.316616	82.9597
127	0.301668	79.5947
128	0.32639	89.9317
129	0.30539	79.7177
130	0.307704	82.292
131	0.29848	74.2496
132	0.321074	85.1293
133	0.296161	75.79
134	0.321197	87.3731
135	0.301212	77.2952
136	0.32236	90.5157
137	0.316466	84.1219
138	0.327476	90.1656
139	0.303519	79.9727
140	0.318297	88.9923
141	0.30144	75.1551
142	0.319327	88.5576
143	0.296616	74.5039
144	0.312024	82.963
145	0.319861	91.3436
146	0.289759	68.8269
147	0.31139	83.913
148	0.318802	86.6991
149	0.331033	94.0687
150	0.320791	87.5075
151	0.330202	93.694
152	0.323311	91.2984
153	0.308064	80.8775
154	0.322033	91.1568
155	0.323991	86.9253
156	0.317492	85.9091
157	0.320802	88.5264
158	0.31049	82.5134
159	0.31198	84.2977
160	0.327879	92.5395
161	0.308718	76.82
162	0.318113	86.5853
163	0.308527	80.9071
164	0.323919	87.6523
165	0.312514	84.811
166	0.309982	83.6701
167	0.311251	86.2048
168	0.311502	84.271
169	0.303602	77.8277
170	0.318722	85.8919
171	0.29281	70.979
172	0.323737	91.4221
173	0.314025	82.8298
174	0.310897	81.7599
175	0.326019	90.2967
176	0.312275	80.0456
177	0.314963	83.5487
178	0.322279	88.8666
179	0.3041	81.4431
180	0.324046	88.9417
181	0.324006	91.9799
182	0.306068	76.967
183	0.294162	75.5568
184	0.320191	88.6352
185	0.31004	84.0913
186	0.310022	84.0435
187	0.308909	81.2077
188	0.316784	88.2966
189	0.316303	87.2299
190	0.306684	81.4307
191	0.322854	88.4801
192	0.321268	91.3153
193	0.298999	79.8761
194	0.299918	79.5196
195	0.307358	83.1023
196	0.296943	77.8186
197	0.3202	85.0257
198	0.309946	81.1371
199	0.314625	85.8414
200	0.321273	88.1078
201	0.302386	77.033
202	0.314006	86.8126
203	0.300327	77.5354
204	0.312162	84.4107
205	0.304091	81.6805
206	0.32495	90.8519
207	0.317428	85.7702
208	0.32028	90.3667
209	0.320063	86.4814
210	0.313261	84.8015
211	0.312902	85.2645
212	0.311987	83.6882
213	0.320232	88.6013
214	0.333121	93.6967
215	0.326291	89.9021
216	0.330833	95.9718
217	0.312926	87.3954
218	0.316498	85.0209
219	0.301821	77.4848
220	0.320805	90.4902
221	0.313793	86.3163
222	0.321047	86.5762
223	0.2974	74.3423
224	0.316463	82.9718
225	0.330822	95.9603
226	0.290142	71.9914
227	0.314247	85.8113
228	0.312705	84.6046
229	0.303461	78.4628
230	0.303005	80.0481
231	0.309708	81.388
232	0.294518	75.7374
233	0.325321	89.3545
234	0.319796	87.7678
235	0.304372	80.5109
236	0.328337	89.1616
237	0.308503	83.4943
238	0.310338	80.8986
239	0.297963	80.7275
240	0.32135	90.587
241	0.308013	83.3487
242	0.311714	82.6818
243	0.328708	95.9933
244	0.319095	86.8968
245	0.312328	86.183
246	0.321337	86.4162
247	0.329022	92.6689
248	0.315521	83.4059
249	0.317136	85.8381
250	0.311669	86.4016
251	0.324501	91.8497
252	0.32219	91.7064
253	0.319799	86.4447
254	0.313529	88.3325
255	0.30146	80.1235
256	0.317783	89.2826
257	0.312393	82.0908
258	0.314513	88.311
259	0.332957	95.0358
260	0.299943	77.6603
261	0.313786	84.5524
262	0.323978	89.9325
263	0.326401	91.7509
264	0.298697	76.0688
265	0.310568	83.3038
266	0.314549	85.2049
267	0.322766	85.2222
268	0.301471	78.0265
269	0.31915	85.1795
270	0.317509	86.0456
271	0.320291	89.7047
272	0.310402	85.3757
273	0.313664	86.0767
274	0.312284	83.4871
275	0.316388	86.237
276	0.307277	81.0711
277	0.33196	97.0506
278	0.325748	90.0911
279	0.315688	83.6331
280	0.327591	92.2418
281	0.31	81.6435
282	0.302487	74.8308
283	0.300991	78.6249
284	0.306641	80.3059
285	0.302466	80.5153
286	0.317423	85.8435
287	0.316712	85.4755
288	0.29409	73.9702
289	0.304882	79.2664
290	0.33167	97.1814
291	0.329977	93.077
292	0.32343	90.1564
293	0.304042	80.9
294	0.301267	78.2157
295	0.293109	75.1909
296	0.322673	89.5921
297	0.311119	81.2194
298	0.311215	82.5911
299	0.326649	93.9088
300	0.313269	86.2804
301	0.309268	82.6461
302	0.306656	80.0078
303	0.317475	85.6978
304	0.316402	85.5992
305	0.320372	88.1443
306	0.311226	83.4232
307	0.30538	81.8385
308	0.326404	88.9922
309	0.309454	80.0361
310	0.312293	86.7177
311	0.309303	85.842
312	0.319383	83.4412
313	0.322666	87.3892
314	0.319788	86.3773
315	0.319125	85.3715
316	0.328698	92.4397
317	0.324808	90.5605
318	0.326646	90.943
319	0.310693	82.5816
320	0.304047	77.3521
321	0.312767	83.2723
322	0.316402	85.699
323	0.311056	82.234
324	0.313713	84.2449
325	0.33212	93.7398
326	0.325562	91.0839
327	0.308471	82.0649
328	0.303365	82.1782
329	0.314318	86.0711
330	0.330961	94.2896
331	0.320319	86.5551
332	0.334484	97.551
333	0.314697	88.3619
334	0.318623	87.6453
335	0.29896	75.2911
336	0.318741	87.9006
337	0.319735	87.4381
338	0.313861	84.1882
339	0.327347	88.6304
340	0.315206	81.9197
341	0.305882	79.8211
342	0.324094	87.2315
343	0.311862	83.2254
344	0.321433	91.6079
345	0.305626	79.1983
346	0.319674	88.5977
347	0.326737	91.9237
348	0.296287	78.039
349	0.31634	85.354
350	0.340481	97.6055
351	0.3167	86.2365
352	0.30525	79.8055
353	0.290102	74.0862
354	0.295633	74.771
355	0.290551	69.3989
356	0.314556	81.5675
357	0.333684	97.9802
358	0.303249	78.916
359	0.309624	78.7178
360	0.333308	97.9019
361	0.318565	81.9239
362	0.300942	74.9246
363	0.317518	86.0668
364	0.295718	76.8173
365	0.306503	80.4819
366	0.327796	91.839
367	0.316881	84.3591
368	0.310503	81.0296
369	0.316514	82.1525
370	0.315131	86.5804
371	0.328176	92.9483
372	0.315192	86.5438
373	0.308292	85.4788
374	0.317634	84.1103
375	0.328519	94.8733
376	0.308365	80.4234
377	0.309811	80.3951
378	0.312114	84.0782
379	0.30751	79.1119
380	0.295005	73.4812
381	0.311154	81.9017
382	0.330103	93.6883
383	0.3263	90.7601
384	0.299155	76.6356
385	0.295307	75.5566
386	0.322835	90.6822
387	0.325474	90.1418
388	0.333358	91.4493
389	0.30195	80.6493
390	0.316882	86.7182
391	0.309383	80.9344
392	0.304798	78.9151
393	0.310073	82.5874
394	0.310574	84.9945
395	0.310487	81.0053
396	0.325949	91.8932
397	0.31958	91.7659
398	0.335701	97.6465
399	0.293835	74.269
400	0.316203	86.6756
401	0.325966	90.0367
402	0.316512	86.1392
403	0.337821	93.1673
404	0.323115	89.4204
405	0.319425	89.0962
406	0.319921	87.0428
407	0.313009	84.3463
408	0.316415	86.1801
409	0.32196	87.6274
410	0.3119	84.2808
411	0.306053	80.9033
412	0.29646	75.5991
413	0.317844	87.0915
414	0.31045	83.6223
415	0.315183	83.5978
416	0.304788	83.9344
417	0.315583	90.1088
418	0.292149	72.6864
419	0.327874	94.8928
420	0.32551	90.7123
421	0.321517	87.8526
422	0.319524	88.1606
423	0.32327	89.6856
424	0.318021	86.0104
425	0.33054	96.7481
426	0.306392	79.8198
427	0.305488	82.3533
428	0.315532	83.7309
429	0.306589	79.3443
430	0.306853	79.9402
431	0.300282	77.7702
432	0.315818	84.4785
433	0.289369	72.0323
434	0.295813	78.6817
435	0.312722	81.7722
436	0.318832	88.8804
437	0.303434	79.8177
438	0.29196	71.8392
439	0.304354	81.7782
440	0.31636	84.3654
441	0.30898	82.1185
442	0.30903	81.6482
443	0.301588	77.6434
444	0.322702	90.3547
445	0.326207	94.8247
446	0.321998	89.9704
447	0.309357	81.7695
448	0.312845	87.7269
449	0.293405	72.5312
450	0.308664	83.2577
451	0.313212	85.3159
452	0.324672	93.2307
453	0.31402	87.3421
454	0.30536	81.8504
455	0.314232	83.0069
456	0.308642	85.6679
457	0.315427	85.1162
458	0.314941	85.3791
459	0.317901	85.7958
460	0.315891	86.5148
461	0.318931	87.6956
462	0.331154	95.9201
463	0.307886	82.0246
464	0.324773	87.6677
465	0.313903	83.2152
466	0.327622	89.4007
467	0.32453	92.7616
468	0.313562	84.133
469	0.318832	86.9951
470	0.309903	82.6825
471	0.323816	88.5527
472	0.303472	79.0429
473	0.331274	94.8117
474	0.289898	71.839
475	0.305336	80.5615
476	0.328868	94.3364
477	0.310352	80.8253
478	0.282428	69.3537
479	0.32687	94.1257
480	0.328144	93.3765
481	0.326508	90.9068
482	0.322631	89.1761
483	0.318627	82.6246
484	0.320161	89.551
485	0.317284	85.4038
486	0.32613	90.7537
487	0.319898	87.5589
488	0.332473	95.8877
489	0.326186	89.905
490	0.306211	81.371
491	0.34033	101.207
492	0.286206	67.3863
493	0.309944	84.325
494	0.289799	74.9251
495	0.30848	83.0783
496	0.325555	88.0448
497	0.32954	95.2546
498	0.302441	78.1087
499	0.315706	82.8318
500	0.303868	78.2234
501	0.301572	77.4302
502	0.312402	84.3263
503	0.310942	82.8708
504	0.294703	73.9891
505	0.314967	85.7334
506	0.306092	80.7347
507	0.314039	85.5704
508	0.297934	76.688
509	0.298803	78.6168
510	0.324872	89.3268
511	0.313248	88.157
512	0.331735	98.1344
513	0.320682	86.2537
514	0.327988	94.9293
515	0.323317	89.7766
516	0.30851	84.7164
517	0.314958	83.5319
518	0.325336	90.0882
519	0.310248	82.8379
520	0.322729	89.7865
521	0.297428	75.5211
522	0.307955	80.9718
523	0.295443	76.9374
524	0.324697	91.5812
525	0.306266	81.2984
526	0.297154	76.7166
527	0.336221	102.95
528	0.307584	81.8445
529	0.330177	95.9368
530	0.318205	84.9584
531	0.322541	89.872
532	0.315631	84.9541
533	0.331105	89.9694
534	0.304479	79.5746
535	0.306607	78.4948
536	0.311003	79.7723
537	0.31133	84.2164
538	0.313719	86.8703
539	0.300828	79.9603
540	0.315496	85.4234
541	0.305714	80.8044
542	0.323734	92.0505
543	0.307252	80.626
544	0.328518	91.3621
545	0.325204	92.0256
546	0.308037	83.1668
547	0.303044	76.6786
548	0.319688	87.5366
549	0.31783	88.7858
550	0.310076	81.5958
551	0.305211	80.9014
552	0.292743	73.9895
553	0.327994	92.5311
554	0.31646	87.8086
555	0.305844	78.4671
556	0.321646	86.8422
557	0.319949	88.8091
558	0.304867	83.4623
559	0.309202	84.8758
560	0.317491	87.7099
561	0.29033	71.4739
562	0.309713	80.4173
563	0.308506	83.7722
564	0.308595	80.6604
565	0.328162	93.574
566	0.312595	85.2621
567	0.322101	86.5768
568	0.317867	84.7894
569	0.313843	86.712
570	0.313232	86.0744
571	0.31219	84.6908
572	0.324527	92.5535
573	0.319851	91.4328
574	0.320444	88.3052
575	0.339141	96.9439
576	0.312064	86.7108
577	0.320871	86.8625
578	0.303952	78.3249
579	0.305509	81.6811
580	0.331012	94.0459
581	0.30727	77.7241
582	0.296263	75.8297
583	0.304921	79.1365
584	0.314696	82.5077
585	0.302191	79.7217
586	0.314274	85.4192
587	0.313671	81.7041
588	0.327356	89.6716
589	0.322302	90.2056
590	0.304252	77.2542
591	0.32712	92.5197
592	0.342853	101.184
593	0.309625	81.6323
594	0.321472	86.4014
595	0.35254	106.969
596	0.313806	83.2621
597	0.325547	90.7108
598	0.315329	82.8736
599	0.314087	85.8899
600	0.320115	87.6173
601	0.31648	85.7234
602	0.319422	85.604
603	0.329697	93.0047
604	0.327062	89.2386
605	0.294092	75.5026
606	0.317493	87.4077
607	0.313665	85.5217
608	0.317933	92.6415
609	0.322156	87.2643
610	0.300507	80.7759
611	0.309384	80.0681
612	0.31667	85.1275
613	0.309985	83.467
614	0.313001	84.1841
615	0.29215	72.9847
616	0.30966	82.6515
617	0.322288	88.0199
618	0.326713	94.0137
619	0.30675	77.7851
620	0.314662	88.2033
621	0.310981	81.0722
622	0.305627	79.3354
623	0.311404	82.7571
624	0.339971	101.546
625	0.317459	88.0282
626	0.307927	81.2221
627	0.302916	80.2655
628	0.306826	81.785
629	0.315558	87.0054
630	0.294787	71.3271
631	0.31541	86.0413
632	0.326372	87.4351
633	0.317263	84.075
634	0.306258	79.2893
635	0.312026	81.0441
636	0.308915	82.0886
637	0.304039	77.7708
638	0.319952	89.8718
639	0.316388	87.7001
640	0.318591	88.6491
641	0.320926	88.196
642	0.313856	84.361
643	0.314732	83.826
644	0.327763	90.6931
645	0.301669	78.6581
646	0.309319	83.0335
647	0.308901	82.0717
648	0.320679	91.356
649	0.332562	93.1116
650	0.310941	82.2241
651	0.302798	77.0509
652	0.320347	89.2175
653	0.32012	90.1938
654	0.31364	82.7236
655	0.318402	87.3944
656	0.316313	87.0347
657	0.310555	83.7976
658	0.311547	86.7553
659	0.300597	78.5131
660	0.319473	88.3199
661	0.332988	94.6414
662	0.310975	81.4901
663	0.293088	74.9787
664	0.310298	84.5626
665	0.307509	79.7517
666	0.315023	87.2435
667	0.321978	91.8134
668	0.315542	85.2107
669	0.321753	90.1081
670	0.315254	83.5959
671	0.319812	91.8361
672	0.305901	77.7956
673	0.307186	86.5936
674	0.305591	80.6844
675	0.321355	85.6094
676	0.311761	82.554
677	0.316225	82.2621
678	0.295562	77.3919
679	0.323665	90.3371
680	0.306166	81.155
681	0.30963	87.6327
682	0.319691	88.2766
683	0.298819	75.4311
684	0.311973	84.163
685	0.31996	89.365
686	0.322191	87.6906
687	0.308764	83.7546
688	0.328804	92.4417
689	0.313549	84.5552
690	0.315766	84.734
691	0.308339	84.2265
692	0.305809	82.1892
693	0.314028	83.8513
694	0.306113	81.2299
695	0.313683	86.9486
696	0.322735	87.9815
697	0.322852	89.6111
698	0.327141	94.7921
699	0.323352	91.8329
700	0.326761	92.1714
701	0.331253	94.8159
702	0.315199	80.7209
703	0.306349	78.8516
704	0.325291	89.9522
705	0.330675	90.7594
706	0.31851	88.0256
707	0.304753	79.4101
708	0.321942	92.1194
709	0.302628	77.3053
710	0.290492	69.4655
711	0.31128	86.5642
712	0.312602	84.1064
713	0.320749	85.1981
714	0.320086	88.8587
715	0.31643	86.9082
716	0.302139	79.2314
717	0.308134	79.8506
718	0.327584	93.3638
719	0.320054	87.1018
720	0.299816	79.5276
721	0.312339	84.8356
722	0.325098	86.9767
723	0.292425	74.329
724	0.316821	84.5717
725	0.29427	72.6881
726	0.305875	80.0824
727	0.312469	84.6163
728	0.318619	82.9013
729	0.315466	87.073
730	0.303667	79.9171
731	0.318044	87.4158
732	0.322509	87.8717
733	0.310636	85.7459
734	0.313346	87.0228
735	0.32657	91.107
736	0.302724	79.0213
737	0.300218	77.9562
738	0.32217	87.3336
739	0.309351	82.7515
740	0.324542	95.6844
741	0.326925	89.9717
742	0.296353	75.5644
743	0.300711	78.7885
744	0.301499	80.2667
745	0.288443	68.8942
746	0.310055	82.0861
747	0.314791	83.4144
748	0.313265	86.7134
749	0.311556	84.1053
750	0.32166	92.1207
751	0.315217	86.2471
752	0.316669	85.1773
753	0.308776	82.0826
754	0.302002	76.0175
755	0.306536	82.5674
756	0.3222	90.5156
757	0.310183	83.1556
758	0.307915	82.4202
759	0.312903	82.763
760	0.291423	74.2835
761	0.324066	91.6126
762	0.287782	70.9963
763	0.316325	83.7542
764	0.294131	74.3755
765	0.309714	85.565
766	0.315816	82.9542
767	0.330757	96.6857
768	0.300868	81.0901
769	0.319689	87.2516
770	0.307719	76.9498
771	0.315625	88.0853
772	0.336786	95.8536
773	0.308843	82.3537
774	0.305976	82.5858
775	0.314682	85.8228
776	0.314389	82.4948
777	0.312313	83.0182
778	0.290637	70.5199
779	0.291073	72.1862
780	0.299529	76.8365
781	0.318725	87.4327
782	0.320823	88.4796
783	0.31557	83.0579
784	0.318219	85.5953
785	0.307637	82.2729
786	0.323055	87.5036
787	0.320135	85.4216
788	0.327822	93.6545
789	0.332166	93.5241
790	0.319587	87.2555
791	0.323264	92.0703
792	0.321311	89.4864
793	0.309827	81.3281
794	0.316661	86.8791
795	0.303032	77.7159
796	0.312429	82.6073
797	0.307767	80.1656
798	0.31715	85.9003
799	0.312468	83.1033
800	0.31635	87.1074
801	0.307314	80.8667
802	0.300519	77.3028
803	0.327653	95.2581
804	0.321653	89.9712
805	0.315514	85.4949
806	0.296349	74.7453
807	0.326661	91.97
808	0.318335	88.0991
809	0.324476	90.7016
810	0.309166	82.9352
811	0.32797	93.4848
812	0.334489	97.9668
813	0.315656	82.7945
814	0.299309	74.0675
815	0.311977	83.4348
816	0.318947	90.075
817	0.299809	80.6013
818	0.311281	82.9196
819	0.307391	83.6948
820	0.305518	79.7721
821	0.311583	84.453
822	0.305517	78.9277
823	0.334366	94.9219
824	0.311383	85.4871
825	0.337267	97.4977
826	0.319618	86.3343
827	0.317231	86.9386
828	0.307544	82.4705
829	0.317093	85.6728
830	0.312061	81.4896
831	0.321038	88.0707
832	0.308725	84.7125
833	0.321267	87.1621
834	0.320425	87.3224
835	0.329496	94.6106
836	0.325077	95.0898
837	0.295833	76.3433
838	0.317708	87.8547
839	0.311536	85.0008
840	0.307679	83.1757
841	0.305812	80.5123
842	0.329495	91.2567
843	0.326872	90.576
844	0.321474	89.5121
845	0.333562	95.387
846	0.307062	78.2687
847	0.318243	86.801
848	0.298746	73.4139
849	0.323971	91.1872
850	0.310557	82.0161
851	0.327486	94.2782
852	0.30234	77.8577
853	0.31744	86.0646
854	0.319472	89.0257
855	0.327541	90.9591
856	0.306833	79.6248
857	0.305621	79.4564
858	0.313743	86.6153
859	0.303846	80.1367
860	0.319319	90.3758
861	0.310032	80.5453
862	0.321216	90.5509
863	0.322791	88.6275
864	0.310188	84.4657
865	0.313622	85.6634
866	0.310353	83.661
867	0.304962	82.8688
868	0.292892	74.8792
869	0.319184	84.8065
870	0.324713	90.1682
871	0.314963	86.6247
872	0.334278	96.7137
873	0.326001	91.4069
874	0.303886	81.3781
875	0.317755	83.3114
876	0.324864	91.1498
877	0.332427	97.2082
878	0.317633	87.0872
879	0.326143	91.5247
880	0.315104	86.6994
881	0.31673	87.3927
882	0.30871	79.9902
883	0.297887	78.2007
884	0.313778	84.5427
885	0.312302	85.0754
886	0.307457	81.8311
887	0.300097	75.5418
888	0.321188	88.127
889	0.312399	84.5288
890	0.305813	81.7828
891	0.310956	84.2732
892	0.30466	79.9066
893	0.309555	80.3987
894	0.328284	92.9651
895	0.308456	79.8235
896	0.292556	76.5012
897	0.309819	81.0747
898	0.319359	87.1663
899	0.309609	84.9314
900	0.319259	86.9642
901	0.308903	79.6128
902	0.301791	76.8759
903	0.308218	82.3317
904	0.310725	84.3827
905	0.32575	90.7927
906	0.322621	91.8539
907	0.304737	82.3172
908	0.290354	70.4427
909	0.315749	86.0862
910	0.304419	77.8329
911	0.288945	73.6745
912	0.308089	82.6177
913	0.334643	95.1926
914	0.325822	89.2576
915	0.311351	83.2898
916	0.301989	76.3967
917	0.300234	74.2711
918	0.339839	101.236
919	0.309434	85.687
920	0.326038	92.59
921	0.302359	80.2203
922	0.321592	87.895
923	0.314831	86.0926
924	0.318611	87.5848
925	0.329583	90.7745
926	0.326525	90.3323
927	0.316289	84.4278
928	0.33069	94.9337
929	0.323777	92.7306
930	0.321963	86.4297
931	0.29578	77.0661
932	0.30729	80.0719
933	0.316322	83.8401
934	0.322036	86.8758
935	0.318984	86.3926
936	0.325394	91.3541
937	0.318143	88.3725
938	0.308651	84.165
939	0.315179	87.9566
940	0.294959	77.3674
941	0.316058	88.1619
942	0.329039	93.4751
943	0.31516	86.4189
944	0.301533	78.1599
945	0.315774	82.368
946	0.312431	80.9529
947	0.312307	84.8887
948	0.312282	79.0911
949	0.322882	87.1977
950	0.286966	71.871
951	0.335661	95.7328
952	0.326423	94.2332
953	0.298015	74.1432
954	0.327688	91.4181
955	0.329009	93.2948
956	0.313446	83.2303
957	0.33329	94.2997
958	0.326498	88.1683
959	0.340431	101.387
960	0.308084	82.4305
961	0.297718	76.2729
962	0.328034	94.8367
963	0.327947	93.8934
964	0.327072	94.7595
965	0.325024	89.8306
966	0.32102	86.4232
967	0.311989	81.6294
968	0.328189	96.3971
969	0.301976	77.325
970	0.303835	78.5614
971	0.302784	80.477
972	0.304244	79.0351
973	0.308008	81.7206
974	0.288314	70.0795
975	0.313093	87.0688
976	0.300506	80.6156
977	0.307757	82.5187
978	0.317834	87.7309
979	0.324922	88.9487
980	0.320134	88.6027
981	0.319783	85.1719
982	0.311184	83.6522
983	0.307023	81.4878
984	0.295706	74.7379
985	0.336082	95.7682
986	0.310818	82.5071
987	0.318845	89.3386
988	0.300431	80.0457
989	0.300497	76.5735
990	0.288647	71.4922
991	0.316089	83.3234
992	0.316995	86.8902
993	0.300879	79.0665
994	0.311372	82.4063
995	0.314132	87.0876
996	0.30841	81.0307
997	0.300353	75.8708
998	0.302772	77.8154
999	0.30527	81.4123
1000	0.319327	86.7527
1001	0.32037	90.7867
1002	0.335274	97.0477
1003	0.303928	81.718
1004	0.310787	82.5071
1005	0.316571	86.0021
1006	0.322188	91.3863
1007	0.320443	87.2074
1008	0.322294	90.2759
1009	0.324093	93.1414
1010	0.303641	77.9174
1011	0.324335	87.9808
1012	0.316935	89.0388
1013	0.306999	79.7129
1014	0.327009	91.9983
1015	0.326311	93.1734
1016	0.298135	76.0094
1017	0.305217	74.9713
1018	0.319716	84.9171
1019	0.333282	94.4621
1020	0.327516	93.3758
1021	0.316054	86.6803
1022	0.295946	76.4469
1023	0.319297	89.9241
1024	0.330596	93.4636
1025	0.325012	91.1436
1026	0.309274	85.2354
1027	0.310324	79.4139
1028	0.296169	75.2315
1029	0.308458	83.0156
1030	0.306419	82.7499
1031	0.309755	82.1602
1032	0.314944	83.2188
1033	0.312327	84.9546
1034	0.308997	85.9913
1035	0.290848	72.4882
1036	0.331446	94.2107
1037	0.324526	93.1972
1038	0.299307	75.144
1039	0.312424	81.9448
1040	0.305717	82.6733
1041	0.307162	80.8724
1042	0.330843	91.1862
1043	0.307069	83.2774
1044	0.312241	86.2085
1045	0.315446	87.8035
1046	0.34085	98.1875
1047	0.319205	85.5758
1048	0.31825	88.1957
1049	0.304131	80.6741
1050	0.289841	72.6879
1051	0.328001	91.1352
1052	0.319723	84.3287
1053	0.314917	82.3921
1054	0.325559	90.3206
1055	0.294193	77.1068
1056	0.306726	79.2488
1057	0.319357	86.9166
1058	0.310083	85.3174
1059	0.321756	88.2392
1060	0.318411	88.6204
1061	0.320576	90.442
1062	0.311134	84.3173
1063	0.293661	76.5285
1064	0.319345	86.3006
1065	0.32646	90.7655
1066	0.302829	81.9777
1067	0.311747	82.7569
1068	0.30941	83.386
1069	0.320594	89.8788
1070	0.314708	84.8275
1071	0.300634	75.4304
1072	0.320555	85.6124
1073	0.319864	89.8947
1074	0.302678	77.8248
1075	0.320552	84.2612
1076	0.305323	82.0055
1077	0.320773	90.183
1078	0.328693	90.8341
1079	0.310264	82.4599
1080	0.310908	80.9987
1081	0.31825	90.8371
1082	0.313172	83.7607
1083	0.315581	85.2364
1084	0.318559	87.0952
1085	0.295973	71.5917
1086	0.313909	86.3473
1087	0.31597	83.1731
1088	0.324313	91.0772
1089	0.328091	91.3368
1090	0.317081	85.344
1091	0.320063	87.8512
1092	0.315524	85.4054
1093	0.324338	86.7964
1094	0.310501	82.9025
1095	0.320094	88.6792
1096	0.321249	88.4736
1097	0.317148	87.8289
1098	0.317713	86.8618
1099	0.320278	89.4426
1100	0.312091	83.9376
1101	0.311878	81.525
1102	0.321034	89.9385
1103	0.298954	76.3749
1104	0.311344	81.2349
1105	0.321539	85.4376
1106	0.285998	69.5979
1107	0.333095	94.4422
1108	0.312124	83.2639
1109	0.308367	84.576
1110	0.31757	85.1962
1111	0.312041	86.4651
1112	0.321461	86.8225
1113	0.321892	86.0595
1114	0.317087	87.8079
1115	0.300077	75.3059
1116	0.324421	90.1715
1117	0.311445	85.8275
1118	0.313746	83.1618
1119	0.30545	78.6616
1120	0.314797	84.0328
1121	0.327044	91.3013
1122	0.315043	84.8579
1123	0.29407	74.0421
1124	0.320916	86.5328
1125	0.311051	86.9394
1126	0.295025	73.4005
1127	0.297559	75.9285
1128	0.306585	80.4418
1129	0.340436	99.0633
1130	0.309482	78.5257
1131	0.318226	87.3139
1132	0.307671	84.2522
1133	0.316411	85.3138
1134	0.305662	80.9009
1135	0.313544	84.4395
1136	0.325178	92.9414
1137	0.323222	90.3213
1138	0.309548	84.0346
1139	0.301576	77.8568
1140	0.310575	82.0863
1141	0.31855	85.8955
1142	0.327992	91.4631
1143	0.310521	81.5299
1144	0.294502	74.7225
1145	0.321852	88.0906
1146	0.31437	85.203
1147	0.322026	91.2066
1148	0.322884	88.6136
1149	0.314315	90.7543
1150	0.314414	86.2932
1151	0.306787	80.4056
1152	0.310423	81.7521
1153	0.321298	91.2971
1154	0.306999	79.8162
1155	0.318299	90.2725
1156	0.310638	82.8324
1157	0.310259	82.6525
1158	0.312356	85.4666
1159	0.306969	79.5567
1160	0.299802	80.3262
1161	0.313273	83.6218
1162	0.320039	89.2976
1163	0.316858	84.7326
1164	0.332348	98.7489
1165	0.327736	91.2984
1166	0.319446	86.7029
1167	0.31143	83.8156
1168	0.310301	84.9133
1169	0.309802	82.9782
1170	0.295042	77.4323
1171	0.316992	87.3146
1172	0.339312	98.0077
1173	0.326849	94.0888
1174	0.301247	81.0335
1175	0.313518	86.2771
1176	0.300781	78.0437
1177	0.331691	96.9588
1178	0.317982	89.2399
1179	0.321094	88.6206
1180	0.304202	78.6054
1181	0.31276	84.1644
1182	0.321204	91.544
1183	0.317771	87.645
1184	0.322427	90.697
1185	0.322137	89.168
1186	0.305272	78.7767
1187	0.294573	74.4648
1188	0.319938	86.5788
1189	0.304574	79.2376
1190	0.308877	81.9452
1191	0.309455	83.0813
1192	0.320191	90.5733
1193	0.291485	74.0066
1194	0.316068	84.1659
1195	0.317354	87.5017
1196	0.299999	79.7248
1197	0.315379	88.8432
1198	0.307306	81.1037
1199	0.318341	80.9153
1200	0.32092	90.1466
1201	0.321111	88.0497
1202	0.297324	78.3115
1203	0.291502	71.9583
1204	0.331593	98.1072
1205	0.306786	78.4932
1206	0.296659	75.4976
1207	0.298756	77.7892
1208	0.301911	76.2179
1209	0.319214	86.6423
1210	0.32148	90.2582
1211	0.31968	87.5525
1212	0.322006	91.013
1213	0.330884	89.7493
1214	0.305047	82.684
1215	0.319062	91.6379
1216	0.312747	85.7747
1217	0.32508	94.6726
1218	0.3159	82.297
1219	0.313598	85.1356
1220	0.309162	78.3125
1221	0.297166	77.6646
1222	0.297958	71.3692
1223	0.293927	74.3569
1224	0.304175	81.4401
1225	0.327809	94.5512
1226	0.331825	93.1254
1227	0.270589	65.4028
1228	0.300848	78.5193
1229	0.328136	93.0546
1230	0.319604	89.1914
1231	0.312317	84.2997
1232	0.326932	91.3864
1233	0.329638	95.5852
1234	0.320689	85.7517
1235	0.33467	93.3723
1236	0.315256	84.7626
1237	0.320558	87.9446
1238	0.311294	83.8569
1239	0.311861	86.4707
1240	0.314983	86.2351
1241	0.315396	85.9266
1242	0.313061	84.0455
1243	0.308348	82.9802
1244	0.321331	84.2769
1245	0.32923	93.1883
1246	0.312148	82.1703
1247	0.302439	76.9796
1248	0.311852	81.4157
1249	0.30152	78.3128
1250	0.298703	77.0772
1251	0.314858	84.4634
1252	0.307871	83.4691
1253	0.317971	86.4392
1254	0.322365	89.0439
1255	0.294224	73.0163
1256	0.321409	90.5879
1257	0.315745	85.871
1258	0.321281	85.967
1259	0.319287	87.6696
1260	0.308268	82.3732
1261	0.321508	91.1608
1262	0.31687	86.1526
1263	0.313163	83.2669
1264	0.298826	72.4208
1265	0.321377	87.8426
1266	0.320342	90.1411
1267	0.330126	96.0923
1268	0.30882	83.8085
1269	0.307577	82.5147
1270	0.317848	89.8676
1271	0.320392	87.6568
1272	0.308122	79.4195
1273	0.319218	87.0459
1274	0.311851	84.3982
1275	0.304459	77.7028
1276	0.295876	73.2034
1277	0.302424	81.1326
1278	0.317473	83.2432
1279	0.322635	93.5249
1280	0.309339	84.9794
1281	0.321334	92.3163
1282	0.31681	90.3226
1283	0.328844	88.1669
1284	0.29769	77.7034
1285	0.297616	76.2787
1286	0.320865	88.5468
1287	0.286591	69.722
1288	0.31794	83.73
1289	0.32323	89.0496
1290	0.304855	78.2147
1291	0.301207	75.2509
1292	0.319174	89.595
1293	0.301955	77.3069
1294	0.316062	86.6516
1295	0.318817	90.071
1296	0.316094	82.0647
1297	0.313834	86.9055
1298	0.294925	75.6155
1299	0.303379	78.5158
1300	0.315365	87.3774
1301	0.316875	86.1796
1302	0.318345	85.7739
1303	0.319917	89.9678
1304	0.318994	89.1728
1305	0.311477	84.1964
1306	0.313553	88.8546
1307	0.31949	84.9993
1308	0.327604	92.7663
1309	0.298983	79.9401
1310	0.292843	72.8867
1311	0.330459	93.4741
1312	0.304416	83.5483
1313	0.306266	81.6901
1314	0.312074	83.5862
1315	0.315717	88.2349
1316	0.310291	84.8845
1317	0.295829	72.1359
1318	0.294121	75.9709
1319	0.314554	88.9303
1320	0.316249	85.1618
1321	0.32272	89.5944
1322	0.310201	82.7403
1323	0.323361	89.1425
1324	0.316466	86.7011
1325	0.323377	91.4148
1326	0.289916	70.7349
1327	0.322412	89.566
1328	0.285376	71.5374
1329	0.291512	73.9838
1330	0.297454	75.2085
1331	0.315666	84.9895
1332	0.316903	85.9641
1333	0.324391	93.2098
1334	0.304163	80.3678
1335	0.319088	87.568
1336	0.3185	91.1084
1337	0.312336	84.3903
1338	0.328718	94.8576
1339	0.316141	84.0838
1340	0.327331	92.8443
1341	0.304945	81.2536
1342	0.315085	83.7501
1343	0.305346	81.2081
1344	0.31765	86.8205
1345	0.305126	83.1329
1346	0.298192	76.2424
1347	0.34745	107.137
1348	0.309904	84.3372
1349	0.309552	81.4439
1350	0.315165	84.5461
1351	0.316931	85.783
1352	0.315114	86.135
1353	0.317968	87.6571
1354	0.307264	83.5972
1355	0.307877	84.5467
1356	0.321907	90.3116
1357	0.321967	90.5263
1358	0.315937	86.2557
1359	0.312957	84.4743
1360	0.322937	87.9035
1361	0.317147	90.0121
1362	0.303296	78.7666
1363	0.317939	86.0623
1364	0.307533	79.3084
1365	0.310431	81.9272
1366	0.315741	84.4181
1367	0.315338	83.9076
1368	0.312349	83.4365
1369	0.324719	87.1795
1370	0.312295	84.2368
1371	0.311649	85.477
1372	0.319256	87.8388
1373	0.294547	75.8487
1374	0.319729	86.8883
1375	0.309572	82.4235
1376	0.309211	81.8091
1377	0.306664	78.5602
1378	0.306014	80.8332
1379	0.333739	97.1832
1380	0.310889	80.4122
1381	0.328129	90.9136
1382	0.288802	70.0007
1383	0.306459	80.0489
1384	0.321606	86.8167
1385	0.313567	84.2285
1386	0.32747	89.5667
1387	0.299124	75.4685
1388	0.319193	86.6188
1389	0.312699	83.6788
1390	0.304257	78.067
1391	0.317478	87.9214
1392	0.307579	82.8175
1393	0.3047	83.2897
1394	0.320888	93.4746
1395	0.309854	82.7917
1396	0.295666	73.1336
1397	0.310687	82.7214
1398	0.321212	88.0961
1399	0.309228	80.7634
1400	0.302755	77.0369
1401	0.30433	78.6934
1402	0.316222	85.3075
1403	0.312593	85.0149
1404	0.332341	95.3068
1405	0.33288	92.8443
1406	0.301286	80.2077
1407	0.315946	85.9313
1408	0.317828	86.3165
1409	0.307279	81.5914
1410	0.322311	91.5842
1411	0.314346	79.618
1412	0.303374	81.8672
1413	0.325327	87.4741
1414	0.306147	83.6586
1415	0.307769	82.4487
1416	0.333929	96.9527
1417	0.303732	79.8098
1418	0.308286	82.5227
1419	0.29442	75.2075
1420	0.31561	81.9487
1421	0.319146	86.6083
1422	0.307728	83.1722
1423	0.314788	85.5681
1424	0.322308	91.1834
1425	0.320985	91.1609
1426	0.294667	71.9905
1427	0.302565	77.1204
1428	0.312639	84.4169
1429	0.32119	90.3938
1430	0.303711	80.2349
1431	0.334142	100.408
1432	0.297509	76.63
1433	0.319142	84.7953
1434	0.307848	82.0625
1435	0.318827	87.4187
1436	0.300995	78.26
1437	0.305578	81.1783
1438	0.319547	92.8155
1439	0.305672	80.5457
1440	0.323818	91.3542
1441	0.305543	81.8732
1442	0.31448	82.3335
1443	0.308502	81.0453
1444	0.307923	82.2492
1445	0.31337	88.1104
1446	0.295105	73.9825
1447	0.331489	98.1597
1448	0.298913	77.2274
1449	0.315545	84.2263
1450	0.322246	87.2931
1451	0.319689	88.4736
1452	0.299895	77.1637
1453	0.329815	88.0826
1454	0.302913	79.5943
1455	0.320405	89.7825
1456	0.308794	80.3094
1457	0.320377	89.3294
1458	0.318775	84.0446
1459	0.299026	77.5749
1460	0.312981	83.5044
1461	0.306524	79.7376
1462	0.310905	87.2258
1463	0.309049	86.3851
1464	0.312743	84.8966
1465	0.317849	90.1965
1466	0.311202	80.0288
1467	0.325054	91.5215
1468	0.329004	93.4621
1469	0.323673	90.9495
1470	0.316778	84.3818
1471	0.306261	80.9644
1472	0.321339	88.5756
1473	0.31912	90.6809
1474	0.325545	88.2669
1475	0.309676	78.9736
1476	0.310718	82.9023
1477	0.32823	92.6657
1478	0.332727	95.5954
1479	0.302396	77.167
1480	0.327395	94.3037
1481	0.314448	85.96
1482	0.303061	78.9696
1483	0.321308	90.0373
1484	0.313337	83.5619
1485	0.313994	85.6187
1486	0.310583	80.0659
1487	0.32594	91.6521
1488	0.303335	79.1736
1489	0.323035	92.3204
1490	0.31843	85.9718
1491	0.323219	89.3362
1492	0.310474	83.585
1493	0.319663	91.0302
1494	0.300402	79.3302
1495	0.308578	77.9484
1496	0.331201	97.3711
1497	0.305404	79.3818
1498	0.309363	84.0545
1499	0.308443	79.501
1500	0.296074	77.9211
1501	0.310249	81.5265
1502	0.30839	82.7592
1503	0.302021	77.8218
1504	0.309627	82.548
1505	0.313991	85.0343
1506	0.306384	82.6971
1507	0.311811	82.0331
1508	0.316004	84.7308
1509	0.338455	98.4198
1510	0.322554	87.0579
1511	0.308702	80.933
1512	0.300873	76.8373
1513	0.324701	91.9344
1514	0.320105	87.5292
1515	0.321618	89.5167
1516	0.312855	84.1598
1517	0.296146	77.8967
1518	0.329817	92.3939
1519	0.311051	83.8967
1520	0.303573	81.4573
1521	0.320947	86.8538
1522	0.306727	83.9909
1523	0.320036	88.9642
1524	0.300554	78.2906
1525	0.32607	94.5944
1526	0.301597	80.1475
1527	0.302721	79.4542
1528	0.305564	79.6207
1529	0.304078	81.8765
1530	0.305973	80.3348
1531	0.31465	86.1993
1532	0.308774	83.2652
1533	0.316853	84.7026
1534	0.299636	77.6716
1535	0.311835	82.7465
1536	0.321831	87.042
1537	0.298469	77.5026
1538	0.330154	90.9314
1539	0.325487	90.5181
1540	0.329295	90.3129
1541	0.326687	91.1707
1542	0.312229	82.0374
1543	0.316016	87.9938
1544	0.307804	81.6356
1545	0.315186	86.1665
1546	0.326276	88.6002
1547	0.30344	77.9201
1548	0.322667	92.1568
1549	0.319424	86.9772
1550	0.29662	72.6908
1551	0.32141	90.8
1552	0.309135	81.8928
1553	0.313598	82.736
1554	0.321834	88.0408
1555	0.31273	83.5137
1556	0.331453	94.9169
1557	0.310984	84.032
1558	0.30294	80.4381
1559	0.328695	96.5593
1560	0.304507	79.7621
1561	0.313114	80.6541
1562	0.302272	78.012
1563	0.311296	83.1763
1564	0.317709	88.2962
1565	0.31863	84.6279
1566	0.306497	81.2287
1567	0.329796	95.7627
1568	0.321275	89.6464
1569	0.331713	96.0968
1570	0.295044	72.9772
1571	0.334866	97.6352
1572	0.303209	78.5674
1573	0.30523	84.3674
1574	0.311761	82.3763
1575	0.31234	81.8181
1576	0.307473	79.5049
1577	0.318241	84.1355
1578	0.306442	79.6342
1579	0.319327	87.2764
1580	0.332231	94.0029
1581	0.3093	83.4576
1582	0.320227	89.5062
1583	0.300773	78.8055
1584	0.314542	86.8316
1585	0.318328	85.8838
1586	0.302789	76.4929
1587	0.320422	86.2864
1588	0.328398	89.5934
1589	0.324754	92.8206
1590	0.305796	82.2627
1591	0.309877	83.9798
1592	0.280949	68.4164
1593	0.311042	84.5419
1594	0.319967	86.8619
1595	0.313012	81.9226
1596	0.318967	87.7226
1597	0.316622	85.4972
1598	0.304661	79.3836
1599	0.312217	84.1099
1600	0.336753	97.6884
1601	0.310526	86.524
1602	0.299492	78.4726
1603	0.320617	86.6385
1604	0.3035	79.4965
1605	0.327745	90.6808
1606	0.3294	89.6612
1607	0.311383	83.5308
1608	0.328784	94.4505
1609	0.295932	79.0774
1610	0.323298	87.7448
1611	0.312645	83.9531
1612	0.322866	89.2958
1613	0.315682	85.1349
1614	0.31314	83.8825
1615	0.307332	85.8048
1616	0.313364	84.8127
1617	0.2924	73.4284
1618	0.31058	81.7367
1619	0.302992	75.2218
1620	0.306252	79.5303
1621	0.303338	77.1114
1622	0.334207	96.3536
1623	0.322021	89.4957
1624	0.329546	91.0679
1625	0.316068	87.2553
1626	0.299648	74.3738
1627	0.316754	86.1517
1628	0.294532	74.9227
1629	0.29804	77.1001
1630	0.315808	84.6714
1631	0.315845	86.5022
1632	0.32331	87.2775
1633	0.306182	78.0104
1634	0.305539	80.0883
1635	0.307449	83.2957
1636	0.308334	81.3704
1637	0.303002	79.1324
1638	0.303264	80.5472
1639	0.317005	87.4993
1640	0.323247	88.9815
1641	0.31119	83.8558
1642	0.313117	84.6174
1643	0.34372	100.403
1644	0.311338	82.629
1645	0.322716	95.4239
1646	0.317243	88.2156
1647	0.316007	86.2377
1648	0.316042	83.795
1649	0.298857	81.2918
1650	0.301014	75.7659
1651	0.301461	74.1646
1652	0.315965	87.1551
1653	0.314352	83.7157
1654	0.324254	86.4024
1655	0.299192	79.1339
1656	0.319582	86.8627
1657	0.306786	82.632
1658	0.309687	83.0028
1659	0.312732	82.5284
1660	0.302156	78.5464
1661	0.310901	84.082
1662	0.309416	84.5768
1663	0.304236	80.337
1664	0.321776	88.8181
1665	0.306601	79.3909
1666	0.335447	93.6691
1667	0.324296	87.1005
1668	0.321674	88.3901
1669	0.306571	81.7132
1670	0.313287	83.2216
1671	0.319127	88.0523
1672	0.305928	81.4413
1673	0.319856	85.5107
1674	0.322201	89.3973
1675	0.323102	89.6674
1676	0.322466	86.6201
1677	0.320522	86.5964
1678	0.317485	85.239
1679	0.316001	82.9024
1680	0.300271	81.0116
1681	0.328502	91.0362
1682	0.300677	73.9605
1683	0.313662	82.1662
1684	0.318998	85.7677
1685	0.319281	86.8912
1686	0.312826	87.1621
1687	0.333303	94.4869
1688	0.32378	87.1493
1689	0.31677	88.3673
1690	0.302658	75.449
1691	0.318231	88.5303
1692	0.327321	95.4568
1693	0.306659	77.2952
1694	0.309747	84.8332
1695	0.312649	87.101
1696	0.331913	100.254
1697	0.33693	95.7032
1698	0.32331	89.8927
1699	0.322409	89.0672
1700	0.319112	88.3756
1701	0.318416	85.9283
1702	0.314767	83.4482
1703	0.315296	85.7884
1704	0.316611	87.1263
1705	0.304325	81.2328
1706	0.317325	85.4869
1707	0.295688	77.8896
1708	0.332338	95.7269
1709	0.314434	86.2497
1710	0.309305	83.4245
1711	0.313243	86.8003
1712	0.325547	89.1102
1713	0.326007	95.1653
1714	0.31457	84.6047
1715	0.306	80.21
1716	0.321953	89.9525
1717	0.302423	80.0991
1718	0.310584	81.9199
1719	0.321304	90.5722
1720	0.30873	83.6769
1721	0.320038	87.9826
1722	0.313591	84.7529
1723	0.324942	91.138
1724	0.31515	90.1793
1725	0.317241	86.2113
1726	0.308087	81.4774
1727	0.299416	72.5908
1728	0.340222	102.052
1729	0.299168	79.098
1730	0.324136	90.03
1731	0.295051	74.1996
1732	0.30742	82.1216
1733	0.315916	85.7741
1734	0.319685	89.6367
1735	0.323374	87.9643
1736	0.335191	94.1814
1737	0.333624	93.5764
1738	0.332093	91.8675
1739	0.306144	80.6903
1740	0.308773	80.2074
1741	0.310799	82.4525
1742	0.327242	94.5355
1743	0.309751	83.52
1744	0.321693	89.1451
1745	0.320516	88.7125
1746	0.31396	85.6074
1747	0.31977	88.6196
1748	0.303682	78.7665
1749	0.324675	86.5337
1750	0.3149	85.777
1751	0.306905	80.1421
1752	0.310744	84.9356
1753	0.294555	78.4272
1754	0.307426	81.49
1755	0.313305	83.5935
1756	0.33356	93.4164
1757	0.298713	77.6521
1758	0.300148	76.9971
1759	0.325782	96.455
1760	0.30695	82.6889
1761	0.327825	91.4394
1762	0.311006	82.2184
1763	0.301939	78.9646
1764	0.317331	85.3408
1765	0.342696	98.7332
1766	0.300369	81.8651
1767	0.308045	81.2988
1768	0.326304	91.781
1769	0.30667	80.9667
1770	0.327106	89.1805
1771	0.31441	83.7569
1772	0.328027	94.0006
1773	0.320495	89.3286
1774	0.317463	85.9667
1775	0.313643	81.1854
1776	0.301193	80.3751
1777	0.31957	86.043
1778	0.316229	86.5706
1779	0.314654	86.3709
1780	0.31871	88.5579
1781	0.316665	89.5959
1782	0.289254	72.9701
1783	0.307087	79.1356
1784	0.32666	93.3555
1785	0.29295	73.2164
1786	0.296647	76.0127
1787	0.304544	79.8606
1788	0.323999	94.3535
1789	0.312135	85.4174
1790	0.330681	96.5162
1791	0.320944	91.2086
1792	0.321124	89.2548
1793	0.324335	92.2054
1794	0.30278	77.083
1795	0.307125	82.2148
1796	0.312877	86.9419
1797	0.312493	82.1783
1798	0.315438	86.0858
1799	0.296591	76.9575
1800	0.31076	86.8414
1801	0.310377	82.2545
1802	0.294632	74.8236
1803	0.324844	90.2631
1804	0.298878	78.1487
1805	0.309688	82.5546
1806	0.327699	92.604
1807	0.303867	79.5997
1808	0.318287	89.3956
1809	0.310515	81.9924
1810	0.308705	79.0436
1811	0.291146	73.414
1812	0.333104	93.4783
1813	0.305223	80.9115
1814	0.309213	85.1189
1815	0.308432	83.403
1816	0.317752	88.025
1817	0.298541	75.8621
1818	0.317735	87.5339
1819	0.33556	94.2031
1820	0.334303	96.0531
1821	0.315101	84.0664
1822	0.315813	84.587
1823	0.33379	95.1031
1824	0.305297	80.3692
1825	0.322955	90.7327
1826	0.318071	88.1781
1827	0.324416	89.4126
1828	0.312844	84.2654
1829	0.313037	83.4657
1830	0.332364	92.2319
1831	0.322508	88.9362
1832	0.307384	80.1535
1833	0.301751	78.0564
1834	0.323278	91.2718
1835	0.313278	84.5872
1836	0.31039	84.1286
1837	0.327746	90.0364
1838	0.33078	90.3781
1839	0.317381	86.5566
1840	0.303742	79.3586
1841	0.306039	79.0443
1842	0.31516	84.2422
1843	0.315059	81.873
1844	0.300928	77.8539
1845	0.324704	92.4121
1846	0.292903	72.7342
1847	0.309523	79.5914
1848	0.323708	91.3867
1849	0.302763	80.108
1850	0.325912	92.7617
1851	0.317978	83.2217
1852	0.294536	76.1322
1853	0.315395	87.9552
1854	0.310332	83.1657
1855	0.316312	87.2128
1856	0.335745	99.6711
1857	0.311914	83.3378
1858	0.298104	76.0163
1859	0.301605	78.0567
1860	0.326568	91.4809
1861	0.326369	93.1028
1862	0.315494	83.4237
1863	0.315969	84.3759
1864	0.307453	83.0149
1865	0.316905	86.8054
1866	0.327694	90.9761
1867	0.332937	98.2188
1868	0.316274	87.4388
1869	0.307357	80.1036
1870	0.318773	86.0437
1871	0.306826	77.6335
1872	0.331815	93.5622
1873	0.319636	88.728
1874	0.305008	80.4688
1875	0.33253	95.0608
1876	0.323886	86.1296
1877	0.300229	78.0562
1878	0.304386	82.3434
1879	0.279624	63.6356
1880	0.297537	75.7962
1881	0.299637	75.3853
1882	0.31326	79.5604
1883	0.304911	81.5747
1884	0.30688	80.5093
1885	0.306721	79.9217
1886	0.306282	78.0657
1887	0.315979	87.1157
1888	0.324357	91.1374
1889	0.299526	75
1890	0.327483	92.2057
1891	0.308558	81.6849
1892	0.30608	76.7678
1893	0.332841	97.0123
1894	0.307344	83.0388
1895	0.320763	91.3528
1896	0.326371	89.9454
1897	0.309302	84.249
1898	0.321211	88.4891
1899	0.30364	77.8852
1900	0.315446	87.1769
1901	0.31534	87.7942
1902	0.316402	84.8623
1903	0.305192	78.7439
1904	0.312754	86.0549
1905	0.316657	86.5881
1906	0.295713	71.2095
1907	0.31966	89.8089
1908	0.310361	83.1414
1909	0.306233	83.5556
1910	0.310742	82.3711
1911	0.328916	92.2392
1912	0.297984	76.5705
1913	0.314987	83.4299
1914	0.301164	80.936
1915	0.312698	82.226
1916	0.313446	82.628
1917	0.291637	69.2806
1918	0.299932	77.0144
1919	0.313013	87.7715
1920	0.286578	72.9097
1921	0.320837	89.0264
1922	0.304943	80.6978
1923	0.322385	91.0237
1924	0.320263	91.9033
1925	0.310576	87.0379
1926	0.315881	85.0018
1927	0.325906	91.0632
1928	0.309975	82.5132
1929	0.312575	82.0907
1930	0.325713	90.9978
1931	0.30959	84.9525
1932	0.303183	79.9937
1933	0.313516	85.7302
1934	0.318745	86.079
1935	0.313988	84.5155
1936	0.314844	86.9522
1937	0.319296	87.4191
1938	0.305266	77.8997
1939	0.311052	84.0149
1940	0.296727	74.317
1941	0.315903	87.888
1942	0.311503	82.8306
1943	0.319117	88.4957
1944	0.315374	85.5553
1945	0.315202	86.3277
1946	0.339288	100.588
1947	0.325251	92.6758
1948	0.313977	85.0916
1949	0.31677	85.9314
1950	0.314875	87.7956
1951	0.325512	90.8512
1952	0.313404	84.3489
1953	0.317994	82.4748
1954	0.298803	75.1593
1955	0.317174	84.0628
1956	0.319269	91.2618
1957	0.306087	79.343
1958	0.300314	80.9069
1959	0.310423	81.0271
1960	0.307377	82.9453
1961	0.319207	85.5013
1962	0.310763	82.0698
1963	0.325877	93.0518
1964	0.31984	90.5772
1965	0.305903	81.429
1966	0.321771	87.1754
1967	0.309339	84.3996
1968	0.318709	88.9494
1969	0.336121	95.7645
1970	0.29745	76.0232
1971	0.326647	93.9091
1972	0.322701	90.698
1973	0.308238	82.3893
1974	0.300704	79.4443
1975	0.294306	74.6956
1976	0.304807	80.6518
1977	0.304282	78.1066
1978	0.305382	82.0906
1979	0.285413	70.6979
1980	0.317377	85.6039
1981	0.300238	79.6252
1982	0.317906	87.1215
1983	0.323499	88.169
1984	0.30617	79.7405
1985	0.293781	73.4573
1986	0.317488	86.4629
1987	0.311101	80.8814
1988	0.322765	87.3571
1989	0.310769	84.106
1990	0.304847	78.6769
1991	0.302759	79.3158
1992	0.31578	85.7136
1993	0.317885	88.2213
1994	0.30482	76.0998
1995	0.318813	85.6708
1996	0.316534	85.684
1997	0.314045	81.1757
1998	0.320471	89.7148
1999	0.299745	73.2705
2000	0.312365	83.0214
2001	0.301942	77.1551
2002	0.314008	85.8046
2003	0.295906	74.4536
2004	0.303042	78.1711
2005	0.31783	85.8325
2006	0.315475	86.5965
2007	0.320378	86.0965
2008	0.305288	81.2303
2009	0.335077	96.1659
2010	0.326791	91.6719
2011	0.324679	92.8374
2012	0.311193	80.4769
2013	0.315668	88.6641
2014	0.310393	81.9296
2015	0.309742	80.2228
2016	0.311459	83.1394
2017	0.331539	92.8579
2018	0.31896	88.2841
2019	0.322264	86.7864
2020	0.325861	92.6572
2021	0.327877	92.912
2022	0.310822	83.8584
2023	0.312183	76.4738
2024	0.314906	88.3377
2025	0.317274	88.7291
2026	0.314101	89.3763
2027	0.307688	79.1256
2028	0.300012	78.5653
2029	0.305205	80.6516
2030	0.301552	80.0972
2031	0.334117	89.7166
2032	0.337635	100.576
2033	0.320031	86.682
2034	0.327505	91.8721
2035	0.318273	89.0053
2036	0.296777	75.713
2037	0.308012	78.5809
2038	0.291911	72.0897
2039	0.325154	92.0422
2040	0.339674	99.5465
2041	0.308357	82.9914
2042	0.321763	89.8993
2043	0.308621	80.0065
2044	0.304027	82.9038
2045	0.308356	78.7085
2046	0.318376	87.9461
2047	0.305869	82.8932
2048	0.315609	88.4258
2049	0.322497	93.0401
2050	0.319517	86.643
2051	0.319573	87.9416
2052	0.293232	74.937
2053	0.323752	89.2257
2054	0.327965	92.7703
2055	0.310017	82.0753
2056	0.305135	79.9439
2057	0.327831	93.0139
2058	0.31029	84.361
2059	0.30761	82.6445
2060	0.340333	95.0642
2061	0.315054	85.4475
2062	0.299854	75.8824
2063	0.314392	85.3014
2064	0.337114	99.4628
2065	0.311524	81.8463
2066	0.334614	98.5509
2067	0.304069	82.066
2068	0.313472	83.6277
2069	0.315552	81.7069
2070	0.318436	87.1844
2071	0.3055	76.5139
2072	0.317384	86.4483
2073	0.318382	86.542
2074	0.32848	92.283
2075	0.318314	85.9705
2076	0.312719	86.6375
2077	0.310084	84.8492
2078	0.309354	82.9598
2079	0.310204	82.3071
2080	0.32157	91.5822
2081	0.317063	86.5521
2082	0.319732	86.309
2083	0.322124	91.3017
2084	0.315947	82.3811
2085	0.309815	81.6269
2086	0.31014	85.4012
2087	0.312228	82.761
2088	0.312362	82.9649
2089	0.313309	84.1568
2090	0.315328	88.8937
2091	0.32141	89.4631
2092	0.287183	71.0055
2093	0.304396	79.4666
2094	0.299669	79.5329
2095	0.319097	89.4637
2096	0.316738	87.7703
2097	0.320378	86.7233
2098	0.306545	80.3454
2099	0.323311	90.4445
2100	0.315034	86.7329
2101	0.315145	82.6443
2102	0.328975	89.5886
2103	0.295734	74.3437
2104	0.310036	80.3485
2105	0.310917	81.9255
2106	0.326065	88.8525
2107	0.304646	81.1001
2108	0.32715	90.0645
2109	0.317469	85.8215
2110	0.301634	79.7659
2111	0.301389	78.256
2112	0.323584	92.9372
2113	0.300899	79.5645
2114	0.305191	81.5801
2115	0.308907	83.2752
2116	0.297385	74.6195
2117	0.315697	85.3454
2118	0.326743	94.0548
2119	0.302936	76.4175
2120	0.329284	94.1994
2121	0.320699	89.7172
2122	0.324975	91.609
2123	0.301095	78.3115
2124	0.324611	92.5314
2125	0.319537	87.5953
2126	0.341589	102.501
2127	0.321498	88.692
2128	0.322508	90.2108
2129	0.314705	86.1815
2130	0.324642	89.8314
2131	0.31661	85.6377
2132	0.304409	77.7653
2133	0.320231	89.6778
2134	0.318334	86.02
2135	0.316382	89.3811
2136	0.307314	82.9841
2137	0.315491	86.3465
2138	0.303602	80.3604
2139	0.307702	81.8028
2140	0.303487	80.8659
2141	0.31348	83.9423
2142	0.311296	82.6262
2143	0.309908	80.8621
2144	0.314974	84.7255
2145	0.327382	94.3531
2146	0.295366	74.247
2147	0.321594	87.3103
2148	0.309869	81.9245
2149	0.294163	69.5193
2150	0.308145	81.6784
2151	0.328948	93.8126
2152	0.300791	77.4173
2153	0.322752	91.6283
2154	0.300086	79.0202
2155	0.303974	80.7228
2156	0.312151	82.804
2157	0.299324	77.2556
2158	0.312903	83.6689
2159	0.311245	84.5161
2160	0.294911	74.5162
2161	0.321482	89.4261
2162	0.299256	79.2015
2163	0.318889	85.2246
2164	0.287222	68.0381
2165	0.317003	86.0789
2166	0.300967	78.7878
2167	0.32123	90.6206
2168	0.295775	76.9148
2169	0.309257	81.7525
2170	0.310199	79.902
2171	0.312936	83.4696
2172	0.328521	93.1041
2173	0.310084	85.3058
2174	0.323102	91.3306
2175	0.290778	68.9603
2176	0.315341	85.4816
2177	0.317916	87.5659
2178	0.294347	76.0612
2179	0.316292	85.0781
2180	0.306588	81.06
2181	0.327248	95.0508
2182	0.333607	95.6972
2183	0.313717	81.4663
2184	0.308553	83.2311
2185	0.307877	80.7641
2186	0.312286	86.0627
2187	0.320499	87.0856
2188	0.312953	86.6012
2189	0.329561	90.3785
2190	0.300521	78.1346
2191	0.323618	89.6394
2192	0.310682	83.3882
2193	0.327844	93.7983
2194	0.313474	86.8423
2195	0.316307	82.4084
2196	0.312985	86.9184
2197	0.337788	98.8087
2198	0.319605	87.5753
2199	0.310585	84.3966
2200	0.317701	85.045
2201	0.335493	94.6358
2202	0.305699	81.4032
2203	0.308954	81.8365
2204	0.310588	82.7564
2205	0.28205	72.1719
2206	0.313853	85.0838
2207	0.300397	75.8395
2208	0.308261	80.298
2209	0.314612	86.4978
2210	0.317007	84.19
2211	0.307575	83.1959
2212	0.310432	77.7469
2213	0.307618	81.6502
2214	0.307599	80.8292
2215	0.33363	95.8711
2216	0.305916	78.6595
2217	0.307845	80.7793
2218	0.310217	83.6011
2219	0.31626	86.1856
2220	0.315284	85.8137
2221	0.305232	80.6155
2222	0.306209	78.4528
2223	0.330439	91.6546
2224	0.310385	83.5307
2225	0.295534	72.9882
2226	0.318963	87.506
2227	0.301409	80.4097
2228	0.312596	86.4137
2229	0.316654	86.1771
2230	0.320504	87.1733
2231	0.330876	92.3582
2232	0.287246	70.2682
2233	0.292414	74.187
2234	0.303583	83.9967
2235	0.318169	86.3012
2236	0.305927	79.1986
2237	0.318365	89.8524
2238	0.30297	79.8089
2239	0.317882	85.6164
2240	0.321047	89.3239
2241	0.309956	81.8615
2242	0.315115	84.0987
2243	0.299156	75.5994
2244	0.309647	83.7034
2245	0.324426	90.1253
2246	0.307177	81.3462
2247	0.300653	73.4855
2248	0.301664	78.2335
2249	0.317763	83.1147
2250	0.300636	75.6663
2251	0.335609	95.271
2252	0.34095	102.247
2253	0.312218	82.361
2254	0.309903	84.5182
2255	0.323429	89.6126
2256	0.299929	79.4476
2257	0.309365	81.4704
2258	0.301556	76.482
2259	0.311484	84.5899
2260	0.310657	84.4049
2261	0.322755	85.0459
2262	0.305937	81.6122
2263	0.31989	85.9872
2264	0.298194	75.9306
2265	0.318935	85.2129
2266	0.313011	86.6571
2267	0.307929	82.9267
2268	0.309455	84.0424
2269	0.314783	84.6449
2270	0.314636	86.4498
2271	0.292001	71.6155
2272	0.309039	80.882
2273	0.317289	88.6654
2274	0.316299	88.9961
2275	0.3126	82.8379
2276	0.319844	90.3738
2277	0.322787	91.0683
2278	0.298221	75.0428
2279	0.319088	87.362
2280	0.306398	81.4679
2281	0.314563	86.9182
2282	0.324832	90.7729
2283	0.304242	82.7388
2284	0.314937	85.7507
2285	0.287919	66.6551
2286	0.316622	90.4854
2287	0.318807	88.0129
2288	0.313633	86.6332
2289	0.326829	93.9698
2290	0.313815	80.2227
2291	0.306887	76.7513
2292	0.308309	82.0005
2293	0.31093	81.8447
2294	0.316251	84.1174
2295	0.303998	79.401
2296	0.320992	90.9401
2297	0.305859	80.0601
2298	0.332753	95.9158
2299	0.292467	72.7923
2300	0.3165	86.6861
2301	0.311518	84.1864
2302	0.324903	92.9735
2303	0.313914	82.4155
2304	0.31936	86.9852
2305	0.336294	97.3916
2306	0.315899	85.4509
2307	0.304363	82.0169
2308	0.313284	82.9232
2309	0.31183	86.0753
2310	0.30492	79.9893
2311	0.320274	86.9505
2312	0.322824	90.1635
2313	0.314949	84.5081
2314	0.324915	87.5903
2315	0.309605	81.2401
2316	0.335458	95.2156
2317	0.314841	85.9614
2318	0.298109	75.5594
2319	0.309268	84.4347
2320	0.310105	83.7263
2321	0.325623	91.0008
2322	0.313051	83.0751
2323	0.344329	103.23
2324	0.316946	86.9237
2325	0.304295	77.7375
2326	0.305053	80.1817
2327	0.321776	90.3682
2328	0.321222	91.2308
2329	0.316071	85.2029
2330	0.315257	85.5114
2331	0.32305	88.1213
2332	0.31197	83.097
2333	0.317045	85.1663
2334	0.300394	74.272
2335	0.309263	81.4972
2336	0.322408	89.5948
2337	0.308996	83.6747
2338	0.309227	82.6191
2339	0.322465	89.6466
2340	0.317729	86.2804
2341	0.316581	85.9009
2342	0.292238	73.9816
2343	0.304227	81.9325
2344	0.341461	99.5821
2345	0.324606	91.7651
2346	0.324606	89.5353
2347	0.31457	84.4732
2348	0.305961	80.2229
2349	0.298049	77.7812
2350	0.325827	94.4224
2351	0.32159	93.9254
2352	0.307302	80.6051
2353	0.324988	90.0695
2354	0.309284	81.1779
2355	0.288912	69.8295
2356	0.318221	86.2889
2357	0.296523	79.4065
2358	0.300713	76.8675
2359	0.316095	83.9016
2360	0.314518	86.9114
2361	0.311147	82.3554
2362	0.323906	90.897
2363	0.310489	81.8654
2364	0.3031	79.26
2365	0.311351	83.2175
2366	0.30821	81.3401
2367	0.325042	89.6708
2368	0.304592	80.2241
2369	0.295591	79.0727
2370	0.326133	94.9371
2371	0.303462	76.5681
2372	0.328533	87.7833
2373	0.313589	82.8333
2374	0.301837	76.4563
2375	0.312046	83.1022
2376	0.303485	81.0291
2377	0.309581	78.9002
2378	0.30485	81.8412
2379	0.298678	79.2059
2380	0.326351	88.6717
2381	0.321862	88.8653
2382	0.316258	84.5263
2383	0.306448	80.187
2384	0.323812	94.1239
2385	0.306281	80.4632
2386	0.320788	89.2743
2387	0.309608	79.2397
2388	0.314137	83.9062
2389	0.335128	99.3489
2390	0.328865	93.4395
2391	0.310335	86.7068
2392	0.306679	79.7458
2393	0.304728	79.7938
2394	0.318805	85.9967
2395	0.317904	85.7643
2396	0.305685	80.6246
2397	0.300629	78.5158
2398	0.30674	79.9259
2399	0.306605	79.9836
2400	0.307737	82.1068
2401	0.315318	84.1739
2402	0.293555	74.3153
2403	0.315742	87.5025
2404	0.316127	86.6395
2405	0.318512	81.9756
2406	0.307659	82.7858
2407	0.309866	82.5146
2408	0.294547	76.2626
2409	0.313875	84.4258
2410	0.32318	92.3895
2411	0.314411	85.7361
2412	0.307363	78.5812
2413	0.308356	81.4739
2414	0.299105	76.8294
2415	0.312199	83.3619
2416	0.315536	84.6674
2417	0.321927	87.5242
2418	0.302334	82.6003
2419	0.301101	78.8377
2420	0.313911	84.9051
2421	0.314197	83.649
2422	0.318767	86.5647
2423	0.32183	91.5611
2424	0.292468	68.8235
2425	0.330816	94.8722
2426	0.331538	96.37
2427	0.313918	85.0744
2428	0.310971	83.8024
2429	0.322946	92.5791
2430	0.309633	85.6452
2431	0.319075	86.2951
2432	0.300066	77.2757
2433	0.320133	87.736
2434	0.320698	88.9889
2435	0.303246	80.8152
2436	0.314361	84.6521
2437	0.329961	94.7196
2438	0.310991	81.4567
2439	0.316553	88.4506
2440	0.307045	82.2877
2441	0.305796	78.4933
2442	0.292234	74.7239
2443	0.292587	74.7722
2444	0.329509	94.2011
2445	0.305411	82.947
2446	0.320827	86.2337
2447	0.330228	89.0441
2448	0.335019	95.5368
2449	0.324925	89.9086
2450	0.314874	83.6027
2451	0.323052	88.8888
2452	0.300306	79.0205
2453	0.30062	80.7569
2454	0.310597	85.6354
2455	0.308118	80.6693
2456	0.326121	90.6713
2457	0.313325	82.3181
2458	0.322955	90.3234
2459	0.317399	84.9487
2460	0.317315	83.3934
2461	0.308997	82.7686
2462	0.31881	90.4563
2463	0.308337	82.0137
2464	0.308792	81.5479
2465	0.311934	82.3049
2466	0.305148	79.1806
2467	0.324458	91.0643
2468	0.307693	81.0403
2469	0.322569	88.7573
2470	0.307654	78.3961
2471	0.307321	79.4462
2472	0.309259	80.9812
2473	0.307088	80.8173
2474	0.309923	83.2908
2475	0.319322	86.6343
2476	0.321003	84.7769
2477	0.306703	82.3438
2478	0.312217	80.5552
2479	0.324218	89.0531
2480	0.323099	92.9296
2481	0.322215	86.9177
2482	0.329251	92.5202
2483	0.309663	79.8624
2484	0.308679	78.0679
2485	0.302288	79.865
2486	0.308966	84.6081
2487	0.307959	81.8035
2488	0.321814	89.2398
2489	0.303907	80.7581
2490	0.325951	95.0551
2491	0.308736	82.9465
2492	0.328623	91.428
2493	0.312884	82.0282
2494	0.306168	80.8326
2495	0.324473	88.5669
2496	0.333128	95.8221
2497	0.316241	86.0964
2498	0.294776	76.436
2499	0.310203	83.9423
2500	0.307316	84.8849
2501	0.322013	86.9977
2502	0.310777	83.5453
2503	0.302599	82.4014
2504	0.306034	79.8031
2505	0.312766	84.6125
2506	0.311662	81.7618
2507	0.319146	87.8621
2508	0.314451	85.0997
2509	0.331634	90.068
2510	0.305676	79.9406
2511	0.312162	85.5579
2512	0.308332	80.3864
2513	0.300483	79.193
2514	0.297308	74.9426
2515	0.32495	87.883
2516	0.310713	83.1743
2517	0.304682	77.2151
2518	0.317352	87.3695
2519	0.319425	88.5286
2520	0.311258	84.1815
2521	0.325273	89.3685
2522	0.31255	84.274
2523	0.308941	83.2681
2524	0.317667	87.726
2525	0.297233	76.0675
2526	0.29586	73.2011
2527	0.304754	78.572
2528	0.324915	93.45
2529	0.293772	74.0025
2530	0.299722	76.0284
2531	0.290626	74.8087
2532	0.295116	75.9405
2533	0.304951	79.5905
2534	0.307326	81.2355
2535	0.308026	83.5988
2536	0.314403	86.1338
2537	0.310498	81.4086
2538	0.318062	87.6908
2539	0.296084	74.5486
2540	0.308638	84.0175
2541	0.293491	76.0156
2542	0.321212	88.2614
2543	0.327702	92.775
2544	0.313207	85.2088
2545	0.323606	87.834
2546	0.307397	79.564
2547	0.32389	89.1395
2548	0.332319	95.3696
2549	0.322852	90.8631
2550	0.307431	81.785
2551	0.327168	94.5742
2552	0.320395	87.3656
2553	0.316307	84.1028
2554	0.294	74.2301
2555	0.310498	83.0164
2556	0.320773	85.0207
2557	0.299624	77.0633
2558	0.302055	79.0092
2559	0.316135	87.6939
2560	0.311967	81.379
2561	0.32754	92.8873
2562	0.309487	81.838
2563	0.294611	74.5014
2564	0.31558	86.58
2565	0.31089	82.29
2566	0.314225	85.9158
2567	0.305556	82.8739
2568	0.307168	86.1541
2569	0.324633	91.1868
2570	0.311085	84.5658
2571	0.30921	80.6012
2572	0.30089	78.2533
2573	0.313027	84.7523
2574	0.309077	80.7604
2575	0.302439	79.6879
2576	0.294161	76.3426
2577	0.302016	76.2245
2578	0.316364	84.4231
2579	0.313769	84.909
2580	0.308207	80.455
2581	0.308198	84.0097
2582	0.287605	69.9231
2583	0.303127	79.8723
2584	0.325059	89.7896
2585	0.315356	86.3363
2586	0.313081	87.3439
2587	0.328565	92.6789
2588	0.321787	90.4464
2589	0.315473	84.4715
2590	0.316415	85.3559
2591	0.32344	90.6863
2592	0.329232	94.8459
2593	0.314147	83.25
2594	0.296243	77.5668
2595	0.31709	88.1608
2596	0.337205	95.793
2597	0.332814	92.287
2598	0.300225	80.2614
2599	0.32412	91.0941
2600	0.330838	92.212
2601	0.30924	78.7322
2602	0.31151	83.3688
2603	0.305887	78.7369
2604	0.310671	83.9125
2605	0.323037	88.1596
2606	0.313963	86.684
2607	0.320842	91.037
2608	0.300093	76.9201
2609	0.305744	81.8624
2610	0.32224	91.1685
2611	0.313851	85.5808
2612	0.321999	86.8512
2613	0.334729	97.7001
2614	0.302856	78.7114
2615	0.320647	86.2485
2616	0.320744	88.5711
2617	0.302829	76.4465
2618	0.30595	84.2768
2619	0.31851	90.1819
2620	0.318325	87.9269
2621	0.307047	81.2089
2622	0.303822	79.4335
2623	0.325597	92.9085
2624	0.292538	72.3091
2625	0.313951	83.678
2626	0.298412	77.456
2627	0.30716	77.8318
2628	0.30377	75.6334
2629	0.301384	79.4674
2630	0.301263	76.662
2631	0.318733	87.9263
2632	0.319322	93.5714
2633	0.307864	81.8027
2634	0.302049	76.0424
2635	0.317396	87.3845
2636	0.299055	74.8615
2637	0.304741	79.6178
2638	0.32206	84.7535
2639	0.312221	85.2039
2640	0.31391	85.2818
2641	0.30177	80.5189
2642	0.339182	99.8021
2643	0.321262	86.6156
2644	0.322398	91.2255
2645	0.32629	92.4953
2646	0.33062	92.4803
2647	0.322201	87.2707
2648	0.310015	83.9635
2649	0.306648	77.9814
2650	0.302343	80.1776
2651	0.319859	88.6024
2652	0.313946	84.6391
2653	0.310862	84.4989
2654	0.305977	79.7293
2655	0.319956	90.8442
2656	0.300671	76.5355
2657	0.311226	80.1845
2658	0.304091	79.4113
2659	0.324276	94.0674
2660	0.297464	75.0427
2661	0.294245	76.4758
2662	0.321643	90.5081
2663	0.323571	89.7381
2664	0.320207	90.193
2665	0.309099	87.663
2666	0.295775	76.3277
2667	0.299959	75.1923
2668	0.294171	75.4385
2669	0.305458	82.2488
2670	0.308712	81.568
2671	0.314784	84.5169
2672	0.324711	91.4262
2673	0.334163	93.5468
2674	0.318558	89.4684
2675	0.326351	90.0334
2676	0.322828	89.508
2677	0.303094	83.6819
2678	0.297771	75.1152
2679	0.314117	84.0239
2680	0.312906	85.846
2681	0.332251	94.6179
2682	0.33126	88.8227
2683	0.307464	83.9626
2684	0.315239	85.615
2685	0.330701	95.0734
2686	0.311361	86.8771
2687	0.323884	90.3076
2688	0.311594	85.0415
2689	0.317555	86.211
2690	0.298219	77.8192
2691	0.323659	89.4862
2692	0.301543	78.6936
2693	0.311561	79.8053
2694	0.343752	102.747
2695	0.31492	86.7444
2696	0.325653	92.7172
2697	0.31061	83.9284
2698	0.307328	78.6757
2699	0.335051	98.1632
2700	0.322473	89.1825
2701	0.302783	78.0007
2702	0.317043	88.872
2703	0.317842	88.894
2704	0.31583	87.7073
2705	0.33397	94.4728
2706	0.302182	77.5944
2707	0.311345	82.7477
2708	0.315219	84.9708
2709	0.298851	75.4011
2710	0.30084	80.4571
2711	0.327137	92.2744
2712	0.312834	85.1798
2713	0.33197	95.9549
2714	0.326151	91.2339
2715	0.296814	76.6607
2716	0.321787	90.0801
2717	0.305312	80.1947
2718	0.315567	86.9835
2719	0.313504	89.5792
2720	0.278917	66.7599
2721	0.306467	79.8534
2722	0.318098	87.3316
2723	0.313591	84.1953
2724	0.314129	86.3972
2725	0.319028	86.0463
2726	0.303715	78.5159
2727	0.323025	90.3718
2728	0.286504	72.9917
2729	0.321193	88.3102
2730	0.302134	81.041
2731	0.331549	92.8782
2732	0.326232	92.7014
2733	0.317249	87.6773
2734	0.309858	80.3021
2735	0.317085	89.109
2736	0.327876	93.8068
2737	0.301812	75.43
2738	0.321313	86.1975
2739	0.303383	80.2612
2740	0.302965	78.5212
2741	0.301548	75.7293
2742	0.292108	72.6837
2743	0.3041	80.198
2744	0.311103	82.8664
2745	0.298918	77.7666
2746	0.324702	91.5603
2747	0.31619	88.0953
2748	0.29579	73.2344
2749	0.310021	84.5618
2750	0.32492	88.2226
2751	0.311574	84.654
2752	0.320201	90.0357
2753	0.313397	86.6176
2754	0.308557	82.8332
2755	0.320137	91.0728
2756	0.315178	86.738
2757	0.345551	105.182
2758	0.312705	83.5506
2759	0.302113	78.0353
2760	0.309413	84.8198
2761	0.30731	81.5822
2762	0.319906	87.5549
2763	0.304178	77.0152
2764	0.306837	78.9379
2765	0.317537	86.0983
2766	0.307197	79.9002
2767	0.307632	77.8726
2768	0.317011	88.4176
2769	0.326301	92.78
2770	0.305759	81.4722
2771	0.300212	77.9548
2772	0.314004	85.5987
2773	0.304069	80.2053
2774	0.299637	78.0096
2775	0.33148	93.2332
2776	0.312159	83.845
2777	0.331442	95.8238
2778	0.311895	85.4571
2779	0.317062	88.2235
2780	0.303474	79.6686
2781	0.309367	81.6435
2782	0.312882	87.2232
2783	0.31676	88.4155
2784	0.31109	84.4752
2785	0.310896	82.0584
2786	0.324899	94.0401
2787	0.319751	91.1075
2788	0.308906	82.3655
2789	0.32237	87.5553
2790	0.323751	87.2521
2791	0.304101	78.6205
2792	0.305393	81.322
2793	0.317768	85.9516
2794	0.307516	83.5928
2795	0.30347	78.0775
2796	0.313733	84.6704
2797	0.318506	86.6437
2798	0.301445	80.914
2799	0.297506	76.4076
2800	0.320322	88.723
2801	0.315509	85.3885
2802	0.314028	84.6992
2803	0.326283	93.2416
2804	0.312611	81.6234
2805	0.317022	84.8593
2806	0.31889	86.2301
2807	0.343019	104.144
2808	0.315924	86.2946
2809	0.322034	87.9959
2810	0.315018	83.2389
2811	0.310289	81.5252
2812	0.297569	75.9749
2813	0.306961	80.9909
2814	0.317199	89.4001
2815	0.308389	79.6338
2816	0.302809	79.6171
2817	0.323742	88.8034
2818	0.322868	90.3734
2819	0.312666	84.6074
2820	0.323478	91.378
2821	0.314863	85.5039
2822	0.304692	79.3133
2823	0.327158	89.997
2824	0.309392	82.7907
2825	0.330714	96.4992
2826	0.305735	78.6627
2827	0.302556	79.1989
2828	0.319046	88.552
2829	0.311812	84.8032
2830	0.299249	76.1535
2831	0.319875	89.7346
2832	0.308677	79.677
2833	0.325491	89.2469
2834	0.32209	94.5921
2835	0.310998	84.6527
2836	0.314169	85.645
2837	0.310814	82.0537
2838	0.289576	68.6456
2839	0.307114	81.8042
2840	0.317838	86.2451
2841	0.312629	87.5718
2842	0.302658	79.6465
2843	0.32247	88.1918
2844	0.308952	80.879
2845	0.300592	78.6128
2846	0.310374	84.5574
2847	0.299553	78.6377
2848	0.313323	84.1715
2849	0.32133	88.5636
2850	0.325883	90.8472
2851	0.318117	86.4287
2852	0.31856	89.8186
2853	0.314729	85.6924
2854	0.316481	85.0151
2855	0.314114	84.072
2856	0.327234	93.6518
2857	0.308237	83.7576
2858	0.306531	80.4887
2859	0.314368	84.4389
2860	0.311058	83.4257
2861	0.326621	91.9197
2862	0.308083	85.4236
2863	0.306389	82.4505
2864	0.307816	78.3526
2865	0.340061	98.6202
2866	0.307002	84.7556
2867	0.304323	77.1973
2868	0.321783	91.1462
2869	0.311956	82.8197
2870	0.329393	95.3587
2871	0.295686	78.4983
2872	0.315025	84.9686
2873	0.316169	87.3123
2874	0.298394	74.6842
2875	0.32101	86.8094
2876	0.298567	73.1241
2877	0.298284	81.8076
2878	0.319092	90.885
2879	0.314648	85.6502
2880	0.297154	75.2115
2881	0.311242	84.7741
2882	0.330217	93.6064
2883	0.317559	87.301
2884	0.310325	86.1282
2885	0.313095	84.7097
2886	0.291878	71.4829
2887	0.318893	91.1352
2888	0.319988	88.0936
2889	0.2973	75.0451
2890	0.321393	88.4376
2891	0.315112	83.257
2892	0.334374	101.024
2893	0.306248	81.556
2894	0.319968	85.4396
2895	0.316256	89.0511
2896	0.303093	79.3839
2897	0.287217	69.3402
2898	0.311003	81.8746
2899	0.305538	83.1106
2900	0.305716	82.2316
2901	0.314382	84.2526
2902	0.310008	80.3441
2903	0.312134	84.2459
2904	0.319174	87.3161
2905	0.312594	86.1927
2906	0.314151	85.3287
2907	0.315232	84.5516
2908	0.333366	95.7787
2909	0.321506	92.5206
2910	0.317036	86.5221
2911	0.322799	89.0858
2912	0.311631	82.4426
2913	0.300299	76.296
2914	0.326625	89.6575
2915	0.31606	84.9672
2916	0.30968	80.4559
2917	0.295002	75.4183
2918	0.312392	87.2721
2919	0.289909	69.4125
2920	0.327432	88.1505
2921	0.316624	84.4558
2922	0.299007	78.0211
2923	0.314234	83.8723
2924	0.314745	84.2371
2925	0.307673	80.2074
2926	0.322487	87.0659
2927	0.320506	88.0117
2928	0.311475	84.5402
2929	0.30342	76.9103
2930	0.31774	88.2112
2931	0.322475	92.2095
2932	0.305792	81.034
2933	0.322156	91.8893
2934	0.327064	89.0825
2935	0.318083	88.415
2936	0.304813	76.6696
2937	0.313262	83.9502
2938	0.323156	90.0723
2939	0.312012	85.9136
2940	0.317029	84.9378
2941	0.300664	75.9352
2942	0.309048	84.7466
2943	0.310431	82.5318
2944	0.309302	82.3772
2945	0.334013	92.6908
2946	0.315123	86.6006
2947	0.318633	86.1491
2948	0.314195	85.8265
2949	0.311413	82.9119
2950	0.306088	79.052
2951	0.301466	76.948
2952	0.305182	79.3809
2953	0.346103	103.926
2954	0.322989	89.8282
2955	0.306155	79.16
2956	0.326204	94.7956
2957	0.304435	77.9491
2958	0.318807	89.1266
2959	0.310646	84.8591
2960	0.317084	89.3319
2961	0.3232	90.946
2962	0.319021	89.2279
2963	0.312761	83.09
2964	0.317917	84.166
2965	0.301987	75.2593
2966	0.282158	67.2259
2967	0.304994	81.7531
2968	0.315344	86.0777
2969	0.316619	85.8564
2970	0.334998	94.7805
2971	0.315958	86.9205
2972	0.307022	81.5764
2973	0.338294	97.1658
2974	0.319699	89.502
2975	0.317098	88.0359
2976	0.305054	77.3545
2977	0.310659	79.9573
2978	0.319979	92.3724
2979	0.312353	80.6699
2980	0.32917	92.6575
2981	0.316929	84.5878
2982	0.297996	75.1237
2983	0.323584	90.1252
2984	0.313925	85.8119
2985	0.307159	82.1018
2986	0.317493	89.1603
2987	0.3351	98.6333
2988	0.32199	91.5139
2989	0.305066	81.1921
2990	0.321884	91.1553
2991	0.317016	84.7438
2992	0.304985	78.1742
2993	0.303029	79.4883
2994	0.32486	91.3603
2995	0.300714	75.497
2996	0.319668	92.758
2997	0.319878	83.6762
2998	0.326346	96.8833
2999	0.310258	84.4579
