0	0.300937	76.2517
1	0.307129	81.3094
2	0.322279	89.5436
3	0.31011	81.2424
4	0.308182	83.4002
5	0.330057	95.2513
6	0.317797	86.8172
7	0.33423	97.0634
8	0.340679	96.0717
9	0.328783	93.7053
10	0.313235	84.5192
11	0.32167	90.8234
12	0.335207	99.2935
13	0.326119	94.404
14	0.32999	94.5933
15	0.320413	87.6056
16	0.319905	87.8852
17	0.33133	95.3173
18	0.30721	81.294
19	0.293462	70.9488
20	0.312963	87.2429
21	0.325821	90.244
22	0.290193	72.7504
23	0.305229	79.7972
24	0.313345	83.2503
25	0.326288	94.6655
26	0.327833	92.1867
27	0.315984	86.8521
28	0.325154	92.8113
29	0.312468	84.5626
30	0.323986	92.0174
31	0.294485	77.0763
32	0.333425	92.489
33	0.336558	99.1675
34	0.307561	80.9946
35	0.332101	93.6807
36	0.298698	79.2426
37	0.30843	81.7551
38	0.301611	75.4312
39	0.312193	86.8424
40	0.321384	90.0274
41	0.314844	84.1887
42	0.324424	89.6985
43	0.303958	80.2262
44	0.314949	83.9317
45	0.32067	89.4627
46	0.317143	86.6871
47	0.316456	85.8333
48	0.328622	93.3343
49	0.313492	84.3994
50	0.323475	90.5639
51	0.32356	88.0366
52	0.306805	82.3658
53	0.329093	93.5655
54	0.310933	84.6158
55	0.321771	88.2318
56	0.326624	90.1699
57	0.308926	81.4369
58	0.299667	79.2184
59	0.325102	92.8433
60	0.332214	98.123
61	0.312851	87.1437
62	0.332408	93.2842
63	0.321597	90.0695
64	0.315621	80.0556
65	0.312895	85.4743
66	0.310559	84.6803
67	0.291423	70.5011
68	0.321802	87.5352
69	0.299822	74.4015
70	0.333148	95.0316
71	0.334106	99.8001
72	0.315426	83.9903
73	0.325152	88.3047
74	0.308374	82.026
75	0.315912	83.8627
76	0.316912	88.2605
77	0.312693	84.4551
78	0.316243	84.582
79	0.315367	86.3691
80	0.333686	94.1671
81	0.306667	77.6776
82	0.310476	81.9136
83	0.314992	87.8454
84	0.321101	90.5582
85	0.316897	87.6971
86	0.298739	77.8428
87	0.321303	90.7245
88	0.316077	88.8377
89	0.308869	83.3914
90	0.317358	89.396
91	0.318856	85.7047
92	0.322086	90.2168
93	0.337733	96.27
94	0.318381	87.314
95	0.297486	72.5936
96	0.325377	88.106
97	0.318417	88.2691
98	0.307289	83.4529
99	0.311372	81.713
100	0.334753	94.8839
101	0.325346	89.9165
102	0.334094	96.8633
103	0.323894	85.7532
104	0.317406	88.8853
105	0.335229	93.7297
106	0.31464	85.8384
107	0.30351	77.8021
108	0.307392	83.5869
109	0.329846	90.4774
110	0.314784	85.2396
111	0.327747	92.7462
112	0.309929	82.2418
113	0.331993	92.8119
114	0.320327	89.0245
115	0.310112	83.0857
116	0.319621	89.1195
117	0.323329	87.044
118	0.308851	82.1666
119	0.310411	82.4636
120	0.323307	90.9652
121	0.309509	83.2884
122	0.312858	83.3057
123	0.301781	76.9843
124	0.30978	81.1163
125	0.310078	85.9341
126	0.311968	81.6702
127	0.323195	90.4493
128	0.307157	78.3136
129	0.3239	88.3517
130	0.307108	81.1169
131	0.33091	93.4524
132	0.314669	84.1365
133	0.314752	83.9488
134	0.320762	87.7888
135	0.317476	85.985
136	0.305456	80.0029
137	0.318354	87.5619
138	0.323219	88.9447
139	0.303558	78.6277
140	0.310205	87.5091
141	0.311997	82.2003
142	0.31092	84.1744
143	0.30924	84.078
144	0.320258	89.0522
145	0.323376	89.7875
146	0.322496	91.2219
147	0.335426	93.6953
148	0.321392	88.5563
149	0.316063	80.8423
150	0.330347	93.3167
151	0.320554	89.1645
152	0.301819	78.7651
153	0.319062	88.2369
154	0.316408	90.9102
155	0.329656	92.6577
156	0.315904	82.9607
157	0.321867	89.3219
158	0.316599	85.9769
159	0.331815	99.3533
160	0.314753	85.6984
161	0.29867	76.7254
162	0.326477	87.7925
163	0.342786	98.1137
164	0.317935	82.7103
165	0.304579	78.1197
166	0.326179	89.4554
167	0.327897	92.1349
168	0.305685	79.6316
169	0.330865	94.6414
170	0.31328	84.1236
171	0.313832	85.8063
172	0.307328	82.4062
173	0.31531	86.5362
174	0.324384	89.0331
175	0.308463	81.7163
176	0.319061	90.7383
177	0.319637	90.2136
178	0.309244	81.4017
179	0.310074	82.2902
180	0.309342	84.0742
181	0.309834	79.7328
182	0.326243	93.3175
183	0.295804	77.1904
184	0.304131	79.8163
185	0.315492	85.1939
186	0.320768	89.939
187	0.315009	85.7518
188	0.301823	79.0993
189	0.32164	89.9122
190	0.321103	89.6445
191	0.29891	75.8161
192	0.331849	92.9522
193	0.299413	78.8354
194	0.326573	89.6925
195	0.326363	90.227
196	0.295941	74.2647
197	0.331554	95.3192
198	0.307888	81.9352
199	0.301544	77.6252
200	0.323415	91.5731
201	0.302833	77.1495
202	0.310988	84.369
203	0.31709	84.9118
204	0.32488	92.0553
205	0.319109	89.4111
206	0.318955	89.3826
207	0.322267	89.7463
208	0.333895	96.5833
209	0.318439	87.3997
210	0.318494	89.4352
211	0.328745	86.5567
212	0.324448	87.6056
213	0.307492	83.3129
214	0.329631	95.3027
215	0.317378	85.0807
216	0.304155	80.2778
217	0.315308	85.0575
218	0.31043	82.8024
219	0.33986	102.654
220	0.318479	88.1269
221	0.318719	86.332
222	0.31415	85.211
223	0.311379	85.4024
224	0.31512	87.0201
225	0.319843	87.435
226	0.312453	80.7615
227	0.328735	94.5881
228	0.310881	81.9775
229	0.305963	80.2431
230	0.329625	93.5323
231	0.310098	81.9712
232	0.32114	90.9588
233	0.323782	92.3125
234	0.303136	82.6428
235	0.317023	85.0839
236	0.32758	90.5146
237	0.317264	86.5951
238	0.316706	86.6817
239	0.322865	90.7714
240	0.290403	72.8423
241	0.316635	84.7491
242	0.326871	91.9202
243	0.312169	83.6086
244	0.311023	84.0316
245	0.311891	84.1247
246	0.300752	78.4912
247	0.326133	91.2294
248	0.317339	85.0057
249	0.306002	79.6032
250	0.33483	96.3993
251	0.32121	88.3435
252	0.310947	80.3045
253	0.301133	78.2956
254	0.334103	94.5274
255	0.342233	101.346
256	0.324495	91.1559
257	0.310513	81.4029
258	0.290597	73.3394
259	0.318655	85.141
260	0.308165	82.9187
261	0.286401	71.4351
262	0.317235	89.3907
263	0.300057	77.4419
264	0.314878	86.3021
265	0.322039	91.5363
266	0.321855	90.554
267	0.326001	93.0108
268	0.340221	99.302
269	0.317947	86.2117
270	0.316061	87.7063
271	0.328667	93.8571
272	0.307846	80.9164
273	0.321578	88.7879
274	0.320189	85.2423
275	0.316406	84.6135
276	0.311217	86.8981
277	0.319298	86.0095
278	0.31529	84.3374
279	0.334613	95.3011
280	0.300661	77.4828
281	0.315509	87.3856
282	0.319392	86.7391
283	0.309153	82.6655
284	0.339303	100.996
285	0.298279	77.4381
286	0.304899	79.9751
287	0.305124	81.316
288	0.314746	82.7636
289	0.312355	83.8869
290	0.316475	85.0936
291	0.310582	83.0302
292	0.326011	89.4113
293	0.310139	83.9863
294	0.325252	91.9993
295	0.307768	82.0712
296	0.297453	76.5556
297	0.303192	81.324
298	0.31387	86.4032
299	0.334511	93.9775
300	0.302156	78.6031
301	0.313729	86.4416
302	0.316198	85.6452
303	0.321913	88.5958
304	0.313307	87.3613
305	0.316168	84.5581
306	0.313392	84.0009
307	0.331542	96.4976
308	0.303685	81.481
309	0.321263	87.2551
310	0.319283	88.4538
311	0.320329	88.1047
312	0.32101	92.3761
313	0.314747	88.7631
314	0.294752	74.1258
315	0.29959	79.8847
316	0.336083	97.8707
317	0.316726	86.6132
318	0.32222	88.1792
319	0.284628	64.5567
320	0.333453	97.777
321	0.316186	84.1427
322	0.313593	83.0837
323	0.314584	85.3826
324	0.323915	90.1931
325	0.322077	89.6258
326	0.302402	80.0095
327	0.310035	83.2512
328	0.326053	91.9761
329	0.306885	80.2712
330	0.300056	79.9061
331	0.310769	79.5453
332	0.331899	92.1834
333	0.316013	88.8049
334	0.335272	95.1124
335	0.319899	85.8429
336	0.324207	91.475
337	0.322883	89.4247
338	0.318442	87.2574
339	0.311058	86.4151
340	0.324289	91.4424
341	0.308234	85.7976
342	0.345819	102.627
343	0.317034	88.2657
344	0.332583	93.0044
345	0.295617	73.3814
346	0.334918	95.8587
347	0.324047	89.3162
348	0.292628	75.4846
349	0.304461	80.7336
350	0.311274	84.8192
351	0.30774	80.1452
352	0.313949	85.6981
353	0.320736	92.7929
354	0.324432	91.0624
355	0.309272	82.9016
356	0.324695	92.7841
357	0.299252	79.2262
358	0.320898	90.7919
359	0.315243	87.514
360	0.313555	83.0448
361	0.327616	93.0061
362	0.329734	91.8171
363	0.316145	84.9614
364	0.331781	97.7218
365	0.304776	80.4409
366	0.318671	84.6474
367	0.311013	85.5841
368	0.318565	84.7834
369	0.323345	91.1811
370	0.316723	84.0275
371	0.310251	84.0211
372	0.313285	83.3032
373	0.314061	86.456
374	0.322342	89.6145
375	0.316327	82.7865
376	0.328854	90.4811
377	0.296443	75.179
378	0.307442	82.9652
379	0.331082	93.0781
380	0.311636	82.9941
381	0.321927	91.2606
382	0.310694	81.6348
383	0.310849	85.0498
384	0.321389	83.5765
385	0.329347	92.6455
386	0.294202	74.7233
387	0.318092	85.4396
388	0.325559	91.164
389	0.327813	93.4811
390	0.282123	67.3874
391	0.30632	77.7207
392	0.31467	87.612
393	0.313923	78.9393
394	0.318005	87.1284
395	0.297528	76.7249
396	0.338454	93.3205
397	0.341194	98.6339
398	0.310163	78.2999
399	0.317729	89.6593
400	0.328651	90.8224
401	0.318811	86.7763
402	0.31036	80.1709
403	0.328242	90.7039
404	0.304767	76.3994
405	0.29793	76.0459
406	0.321246	87.7932
407	0.325045	90.6707
408	0.313887	83.7211
409	0.312933	83.8965
410	0.318641	87.984
411	0.34015	99.3875
412	0.300641	79.1514
413	0.325527	88.4554
414	0.295218	75.4264
415	0.30911	79.5327
416	0.33203	93.3606
417	0.308648	82.0839
418	0.314826	85.4042
419	0.318949	87.9776
420	0.319625	85.8029
421	0.317162	87.7391
422	0.321392	85.6907
423	0.312282	81.3493
424	0.319066	87.7751
425	0.3219	87.4908
426	0.308317	78.9138
427	0.309705	81.5873
428	0.31696	88.1677
429	0.30955	82.7536
430	0.315489	83.7177
431	0.303912	79.6827
432	0.309506	84.9831
433	0.331251	91.6157
434	0.323096	88.7342
435	0.297163	77.1988
436	0.318268	84.3729
437	0.312755	83.911
438	0.314889	81.7166
439	0.31849	87.2855
440	0.321265	89.104
441	0.315355	84.8187
442	0.305448	82.8333
443	0.314473	81.0594
444	0.315528	87.3955
445	0.330917	95.7144
446	0.315746	85.5308
447	0.304736	83.2545
448	0.314422	85.5912
449	0.322488	89.8005
450	0.310178	86.4083
451	0.325241	93.266
452	0.330622	94.4319
453	0.301118	80.1013
454	0.342221	100.043
455	0.315593	83.978
456	0.315016	85.3889
457	0.309381	81.6192
458	0.309477	82.5568
459	0.299873	77.2693
460	0.303046	83.0192
461	0.318242	86.6493
462	0.319764	87.6612
463	0.312207	84.6721
464	0.315663	87.9429
465	0.300782	78.6312
466	0.310123	84.351
467	0.319815	87.9323
468	0.317827	84.8896
469	0.325703	88.228
470	0.314249	83.9438
471	0.309911	80.6523
472	0.299781	76.9235
473	0.297495	75.3841
474	0.301348	75.4313
475	0.316597	85.3433
476	0.329589	93.4214
477	0.314241	84.8858
478	0.322354	87.2421
479	0.309638	82.5528
480	0.328464	92.1343
481	0.319336	87.4421
482	0.33212	94.021
483	0.306049	80.3452
484	0.333986	91.6019
485	0.318991	90.4563
486	0.318986	88.9646
487	0.300674	79.7077
488	0.332048	97.341
489	0.315815	86.4138
490	0.329401	91.8307
491	0.295131	73.6066
492	0.332144	95.432
493	0.308783	83.5662
494	0.311653	82.2908
495	0.311882	82.2384
496	0.312318	82.6825
497	0.323438	87.5064
498	0.312231	85.9269
499	0.324491	86.9841
500	0.33658	98.3955
501	0.325933	93.0271
502	0.309701	81.6519
503	0.302655	77.9791
504	0.317848	86.9746
505	0.316711	83.9542
506	0.308033	81.731
507	0.307123	81.4956
508	0.332224	93.1058
509	0.30751	79.4001
510	0.322986	90.7734
511	0.318404	85.4682
512	0.332643	94.7985
513	0.315793	86.3048
514	0.316403	87.6877
515	0.30312	80.0268
516	0.312908	85.1089
517	0.316363	87.5853
518	0.304953	78.5088
519	0.305697	82.8032
520	0.314969	85.0684
521	0.314768	87.0271
522	0.312392	82.6636
523	0.319216	86.8281
524	0.312426	84.096
525	0.310583	83.4622
526	0.308202	82.4635
527	0.316661	89.4653
528	0.308607	78.3949
529	0.304079	77.9886
530	0.309257	80.9964
531	0.303196	79.0889
532	0.30399	79.2699
533	0.323509	91.1789
534	0.324108	91.854
535	0.325289	89.2592
536	0.293051	73.1116
537	0.308811	81.1918
538	0.321293	88.0054
539	0.319534	83.5703
540	0.333344	95.5268
541	0.31987	87.5944
542	0.328326	91.1035
543	0.32122	89.3647
544	0.326129	90.0484
545	0.342444	99.331
546	0.308971	82.0289
547	0.333017	97.7307
548	0.309053	86.114
549	0.32904	91.6654
550	0.306854	83.0575
551	0.321241	87.5987
552	0.309933	81.5843
553	0.316917	84.789
554	0.321941	90.2167
555	0.297341	75.8481
556	0.316027	85.6927
557	0.315746	85.3009
558	0.320093	86.4847
559	0.341534	101.059
560	0.319101	87.6222
561	0.317029	87.3171
562	0.317264	86.9468
563	0.320574	88.2165
564	0.33548	96.2128
565	0.32353	88.8779
566	0.309437	83.1163
567	0.298297	75.7366
568	0.313053	84.4706
569	0.310109	84.661
570	0.342894	100.352
571	0.308438	82.0263
572	0.324929	89.5816
573	0.317526	86.6625
574	0.312501	83.192
575	0.309984	81.8342
576	0.312832	82.9656
577	0.315421	87.7015
578	0.325389	90.8093
579	0.325122	93.2595
580	0.325061	92.2813
581	0.319128	87.2485
582	0.321042	89.0041
583	0.313728	85.4966
584	0.318426	90.5952
585	0.297883	74.4104
586	0.327978	90.824
587	0.299159	75.8218
588	0.303973	83.13
589	0.320984	91.2801
590	0.325013	94.28
591	0.328432	93.7703
592	0.322357	91.9174
593	0.330127	92.4675
594	0.320522	89.4728
595	0.325647	95.6648
596	0.294993	75.7677
597	0.299343	75.9998
598	0.31446	85.2492
599	0.313439	84.3421
600	0.30809	80.6196
601	0.322592	89.7375
602	0.296159	76.0583
603	0.317374	84.9024
604	0.303519	79.519
605	0.304841	75.2918
606	0.314974	86.8377
607	0.318795	86.5299
608	0.318112	86.9723
609	0.311155	78.9011
610	0.323562	88.9222
611	0.316423	86.8389
612	0.313753	84.1434
613	0.307792	84.7098
614	0.305069	79.8625
615	0.326693	90.8455
616	0.321638	93.8544
617	0.329557	93.3649
618	0.315331	85.0631
619	0.298357	76.7929
620	0.310729	81.2093
621	0.301985	79.8503
622	0.335684	94.9722
623	0.312357	85.3642
624	0.325073	87.0758
625	0.315998	87.496
626	0.326008	88.4895
627	0.337832	99.6119
628	0.32684	87.4328
629	0.303853	79.3234
630	0.32079	91.8458
631	0.30153	76.9596
632	0.307652	78.3714
633	0.304148	77.0614
634	0.317707	83.5005
635	0.314858	85.6232
636	0.323414	88.3897
637	0.316423	83.3941
638	0.319067	88.5964
639	0.331502	94.2391
640	0.319021	87.8706
641	0.33305	95.3026
642	0.320014	89.5648
643	0.303096	80.2133
644	0.341991	101.092
645	0.317553	87.0901
646	0.326502	92.4996
647	0.326052	91.6584
648	0.326285	90.0498
649	0.311039	87.0832
650	0.320857	87.3928
651	0.306469	81.8211
652	0.306528	81.6671
653	0.324899	87.799
654	0.306516	77.1266
655	0.310682	81.9316
656	0.327708	94.7371
657	0.307731	81.693
658	0.32531	89.2146
659	0.296689	74.8937
660	0.312862	83.2604
661	0.31229	85.6162
662	0.295239	77.1266
663	0.333637	95.389
664	0.319647	87.8974
665	0.345284	103.146
666	0.311747	84.0806
667	0.314295	87.8546
668	0.326694	94.6963
669	0.32853	92.4906
670	0.331278	97.337
671	0.325295	92.1003
672	0.319119	86.5141
673	0.325796	88.212
674	0.334394	99.3294
675	0.314011	84.8694
676	0.304958	82.7788
677	0.326083	89.368
678	0.310218	83.0273
679	0.307987	77.46
680	0.312785	85.3237
681	0.311852	82.1846
682	0.316419	88.293
683	0.330859	95.8907
684	0.289576	73.1975
685	0.321092	91.4592
686	0.338361	99.3852
687	0.319476	91.0295
688	0.3201	86.5996
689	0.291496	70.8955
690	0.307837	82.7514
691	0.318128	84.5795
692	0.326509	96.1722
693	0.325311	89.3508
694	0.314058	84.1786
695	0.328253	91.7465
696	0.314818	84.3286
697	0.323425	88.5048
698	0.309763	83.2656
699	0.295918	77.3766
700	0.315331	83.7431
701	0.312749	85.2177
702	0.331874	96.5192
703	0.329019	97.5436
704	0.304177	80.0958
705	0.309586	84.0141
706	0.300705	77.1843
707	0.315104	84.909
708	0.305319	80.503
709	0.320318	88.5747
710	0.321934	86.5026
711	0.315483	87.0767
712	0.307616	81.9174
713	0.313625	86.9581
714	0.304574	82.1264
715	0.311181	85.2397
716	0.310331	82.431
717	0.312827	82.6852
718	0.310536	84.3526
719	0.318987	85.501
720	0.314399	83.07
721	0.324334	90.4673
722	0.310728	81.8037
723	0.325628	93.5364
724	0.330104	93.1369
725	0.319473	89.9358
726	0.297862	78.4245
727	0.314113	84.5594
728	0.323805	92.2421
729	0.303162	76.2028
730	0.320445	88.5469
731	0.325021	92.4963
732	0.319163	89.9152
733	0.327235	91.9223
734	0.325842	91.944
735	0.314538	82.8028
736	0.317163	87.0955
737	0.314339	86.7514
738	0.320892	86.7972
739	0.317951	88.4402
740	0.316565	84.9216
741	0.315699	84.6019
742	0.330078	94.428
743	0.33276	97.7616
744	0.289148	65.946
745	0.320934	88.6059
746	0.316496	85.0536
747	0.311849	78.2927
748	0.314639	87.0658
749	0.317897	85.4483
750	0.323411	89.2613
751	0.315984	84.9376
752	0.328641	93.4649
753	0.31774	87.324
754	0.314659	85.0651
755	0.328165	90.2446
756	0.320215	86.9513
757	0.333337	98.0119
758	0.30222	76.437
759	0.342458	101.016
760	0.317845	87.8443
761	0.308171	82.2679
762	0.317357	87.5086
763	0.30623	81.5799
764	0.318024	86.3666
765	0.321715	88.1888
766	0.318404	86.0021
767	0.306302	79.0609
768	0.319686	86.5535
769	0.327505	94.1503
770	0.326717	90.6296
771	0.30401	79.4839
772	0.309652	81.3339
773	0.287952	72.9709
774	0.322547	88.1696
775	0.308169	81.2921
776	0.336247	94.3781
777	0.298942	75.39
778	0.306506	84.9726
779	0.340705	98.0372
780	0.320292	89.434
781	0.315385	87.0299
782	0.313766	86.5176
783	0.321494	89.5687
784	0.328813	96.2572
785	0.322544	90.139
786	0.324664	90.5185
787	0.309877	84.2021
788	0.309053	82.4115
789	0.286726	72.087
790	0.311662	83.2788
791	0.312817	84.203
792	0.321997	90.0221
793	0.324034	89.4242
794	0.290476	75.6494
795	0.314609	86.2281
796	0.325914	88.2761
797	0.327147	92.7884
798	0.307907	80.4331
799	0.338161	99.8546
800	0.322064	85.4469
801	0.319037	88.3009
802	0.322212	89.3395
803	0.324599	89.296
804	0.321152	87.0265
805	0.313317	87.3642
806	0.304663	81.0575
807	0.319399	85.4371
808	0.294286	74.2853
809	0.31865	89.4618
810	0.325757	90.5522
811	0.309239	84.7835
812	0.317292	84.8348
813	0.324697	87.2773
814	0.312714	85.2195
815	0.323524	94.8467
816	0.309374	82.5043
817	0.318088	85.8226
818	0.315893	83.8927
819	0.317271	83.6549
820	0.317645	90.0727
821	0.309215	83.3761
822	0.315592	87.4419
823	0.326966	93.2529
824	0.338254	96.2175
825	0.330359	93.266
826	0.311998	85.6027
827	0.345209	104.58
828	0.324699	86.3458
829	0.308258	85.629
830	0.326894	92.2576
831	0.309838	79.9581
832	0.301758	77.4842
833	0.311991	82.2786
834	0.325874	89.0321
835	0.313223	84.388
836	0.32544	91.0027
837	0.309744	83.7852
838	0.322271	90.2275
839	0.325436	94.6343
840	0.315485	88.6947
841	0.328602	92.962
842	0.316418	84.6968
843	0.322836	85.9734
844	0.334332	93.9996
845	0.338859	98.9025
846	0.310851	82.6605
847	0.341257	103.245
848	0.314812	86.4224
849	0.327647	89.207
850	0.29557	77.8927
851	0.315047	82.2412
852	0.320774	88.8745
853	0.324833	94.3204
854	0.2882	72.1949
855	0.316399	85.2349
856	0.315133	85.8317
857	0.310299	80.0617
858	0.3083	82.2028
859	0.311753	83.0797
860	0.300318	77.6607
861	0.292593	73.6637
862	0.320265	87.6861
863	0.326603	94.3938
864	0.302162	76.0677
865	0.309222	82.02
866	0.328707	90.3451
867	0.319444	87.1967
868	0.313415	82.6298
869	0.324323	89.0225
870	0.300366	73.945
871	0.329526	93.736
872	0.309913	82.6313
873	0.312286	82.9994
874	0.310302	82.23
875	0.310889	84.795
876	0.312537	84.7003
877	0.330639	93.969
878	0.301314	77.9449
879	0.307079	82.885
880	0.306695	82.0335
881	0.320944	91.7511
882	0.307802	82.6734
883	0.32879	94.2371
884	0.320595	91.042
885	0.31317	84.9851
886	0.315542	83.1737
887	0.325385	92.3291
888	0.3142	83.2379
889	0.304947	77.7713
890	0.324608	91.0967
891	0.317351	86.4138
892	0.299325	75.6409
893	0.332513	96.4623
894	0.290519	71.7785
895	0.326459	91.1026
896	0.306372	81.871
897	0.322143	92.2273
898	0.310839	84.8932
899	0.308388	81.6254
900	0.335269	95.0734
901	0.32987	94.212
902	0.346888	101.175
903	0.306907	82.3758
904	0.307041	82.7345
905	0.305247	79.3881
906	0.318693	88.8007
907	0.328834	92.4838
908	0.323946	89.5733
909	0.323584	90.533
910	0.295177	76.0422
911	0.312448	82.3216
912	0.311391	84.7081
913	0.310205	82.2341
914	0.311243	84.2381
915	0.323853	90.4914
916	0.314438	81.7271
917	0.329104	92.2668
918	0.329009	93.6843
919	0.318366	88.1853
920	0.303521	75.2008
921	0.320383	87.8343
922	0.316514	85.8283
923	0.32293	88.7103
924	0.330528	96.3873
925	0.305817	76.3454
926	0.320959	87.8556
927	0.325642	92.1656
928	0.324457	91.6575
929	0.303336	83.8729
930	0.335149	96.5464
931	0.298825	76.3638
932	0.324197	90.0453
933	0.320758	88.689
934	0.312029	84.1265
935	0.322995	93.677
936	0.323172	90.0352
937	0.317604	85.644
938	0.317035	86.5058
939	0.30164	77.0879
940	0.317296	85.6813
941	0.323377	89.238
942	0.315735	85.7766
943	0.310445	80.4315
944	0.323063	91.3781
945	0.31429	84.8987
946	0.310263	85.4252
947	0.307974	81.89
948	0.306882	78.2157
949	0.316904	88.796
950	0.31925	89.6084
951	0.326739	91.6293
952	0.325897	89.6891
953	0.319021	86.8989
954	0.308351	78.3385
955	0.324509	92.833
956	0.320351	89.5361
957	0.324048	88.2652
958	0.309425	80.1668
959	0.320932	86.2076
960	0.319204	83.9062
961	0.314853	84.7581
962	0.308521	81.5558
963	0.310821	86.5849
964	0.317997	85.8644
965	0.30736	80.7241
966	0.318689	87.3499
967	0.32211	90.4041
968	0.311522	79.5657
969	0.321892	90.0922
970	0.286744	71.5888
971	0.294828	74.0077
972	0.308243	82.7878
973	0.327078	93.7005
974	0.316179	89.1826
975	0.334419	97.1264
976	0.329056	94.8749
977	0.325064	89.7811
978	0.320682	88.6684
979	0.319105	86.6617
980	0.320879	89.4873
981	0.324654	90.6231
982	0.302739	76.5648
983	0.329563	95.1343
984	0.310021	81.6304
985	0.323871	91.1616
986	0.319517	86.9201
987	0.312811	83.7192
988	0.300465	76.7501
989	0.348857	100.783
990	0.320584	89.4242
991	0.308114	81.3466
992	0.331626	93.7233
993	0.311092	85.4888
994	0.30569	82.3296
995	0.3054	78.4052
996	0.325157	89.9944
997	0.311984	83.7803
998	0.309575	84.4612
999	0.293734	74.531
1000	0.311745	83.721
1001	0.321805	91.6118
1002	0.316352	82.5938
1003	0.316404	87.4926
1004	0.320921	89.4116
1005	0.31132	85.6167
1006	0.321948	91.5371
1007	0.318051	86.6568
1008	0.320902	89.166
1009	0.307062	82.1997
1010	0.321337	88.24
1011	0.32655	93.1061
1012	0.318688	87.1223
1013	0.325099	92.5378
1014	0.318958	89.2974
1015	0.327099	93.9962
1016	0.319849	88.2052
1017	0.301554	78.0143
1018	0.328098	95.0646
1019	0.31687	89.1298
1020	0.309952	82.6156
1021	0.323641	89.3492
1022	0.325511	91.1584
1023	0.341778	98.3261
1024	0.327643	87.9219
1025	0.307079	79.5351
1026	0.31915	89.5761
1027	0.325659	90.7553
1028	0.304265	76.373
1029	0.303405	74.9718
1030	0.320283	86.9241
1031	0.31899	85.477
1032	0.304255	77.5853
1033	0.322925	87.6709
1034	0.301794	77.6285
1035	0.311946	81.3138
1036	0.328679	92.8759
1037	0.298699	77.9208
1038	0.318684	88.0828
1039	0.328195	90.3384
1040	0.316721	85.2482
1041	0.30295	79.7652
1042	0.318613	86.9243
1043	0.328724	94.9207
1044	0.319804	85.3271
1045	0.315946	87.999
1046	0.314083	86.4094
1047	0.317161	90.0528
1048	0.329092	94.3373
1049	0.317869	87.3438
1050	0.323152	93.7286
1051	0.334586	97.6191
1052	0.330701	97.5403
1053	0.306016	79.0945
1054	0.325877	92.4408
1055	0.324242	94.634
1056	0.308263	80.2884
1057	0.308178	83.1539
1058	0.321289	88.2713
1059	0.317191	83.7174
1060	0.314038	82.6711
1061	0.307173	83.4304
1062	0.311617	86.3872
1063	0.29593	75.6539
1064	0.311468	82.2989
1065	0.31708	85.516
1066	0.310632	80.6092
1067	0.311716	82.094
1068	0.318131	90.1513
1069	0.326309	93.8924
1070	0.315867	84.4462
1071	0.322179	88.7585
1072	0.309599	79.6007
1073	0.319008	86.3456
1074	0.337456	98.0599
1075	0.316317	88.3094
1076	0.319691	86.7712
1077	0.330566	94.2926
1078	0.309652	80.4142
1079	0.322217	87.9669
1080	0.318826	86.5904
1081	0.295707	74.6439
1082	0.318166	88.5554
1083	0.312128	81.8391
1084	0.319942	88.0856
1085	0.304791	80.4278
1086	0.317607	85.4366
1087	0.335831	100.436
1088	0.305199	81.7219
1089	0.324566	91.3966
1090	0.320207	88.0466
1091	0.316971	85.9312
1092	0.32522	93.5918
1093	0.317291	86.7776
1094	0.315033	83.4122
1095	0.308868	82.3754
1096	0.312756	85.0418
1097	0.325436	90.5651
1098	0.332897	95.3038
1099	0.331372	94.5678
1100	0.314685	82.9418
1101	0.333665	95.9497
1102	0.31566	88.2554
1103	0.331013	92.3376
1104	0.31164	83.538
1105	0.30986	83.4497
1106	0.322239	92.1144
1107	0.327116	90.3849
1108	0.319446	89.0305
1109	0.314339	84.4607
1110	0.324571	91.9065
1111	0.312937	84.7387
1112	0.297717	76.3755
1113	0.317596	89.1839
1114	0.316209	85.9477
1115	0.311376	82.9949
1116	0.323489	94.1449
1117	0.299639	78.5067
1118	0.31866	87.1145
1119	0.33076	96.5225
1120	0.331926	95.3367
1121	0.305259	77.8326
1122	0.310042	80.7297
1123	0.289151	71.5975
1124	0.318484	84.5023
1125	0.317069	84.8181
1126	0.323927	91.0709
1127	0.314832	86.4958
1128	0.321367	87.9183
1129	0.32186	91.812
1130	0.311935	83.4413
1131	0.311052	83.8144
1132	0.32278	92.7226
1133	0.299759	76.1877
1134	0.304736	76.9209
1135	0.305707	80.9141
1136	0.322739	89.2585
1137	0.321412	89.2646
1138	0.313742	84.0214
1139	0.311894	85.2524
1140	0.322904	88.3335
1141	0.306123	81.1272
1142	0.305838	81.5184
1143	0.308972	81.8245
1144	0.318184	82.4793
1145	0.332977	94.0493
1146	0.325101	90.7857
1147	0.304244	80.4192
1148	0.30193	80.3609
1149	0.293909	73.5875
1150	0.320051	88.5212
1151	0.319897	87.6834
1152	0.31351	84.6831
1153	0.322527	91.2286
1154	0.305018	79.8652
1155	0.321061	89.0459
1156	0.321967	86.6197
1157	0.3058	80.6959
1158	0.304345	81.0339
1159	0.312923	82.9284
1160	0.31388	87.494
1161	0.309754	83.5582
1162	0.313568	85.5393
1163	0.323223	88.009
1164	0.317629	88.641
1165	0.329402	91.1944
1166	0.326681	93.6994
1167	0.327037	93.0318
1168	0.31059	81.5527
1169	0.303412	79.1484
1170	0.308004	82.3597
1171	0.311323	82.6107
1172	0.319097	90.1338
1173	0.319869	86.475
1174	0.3341	93.36
1175	0.312683	84.8494
1176	0.328747	95.6443
1177	0.322185	88.8467
1178	0.317955	89.769
1179	0.326826	92.927
1180	0.323514	91.0288
1181	0.315496	88.1356
1182	0.319821	89.9616
1183	0.325029	90.0516
1184	0.325712	87.2565
1185	0.297475	75.971
1186	0.31799	84.2085
1187	0.31776	86.0541
1188	0.300266	78.0735
1189	0.319694	87.3597
1190	0.319071	86.2495
1191	0.316825	88.2108
1192	0.334572	101.196
1193	0.328743	94.216
1194	0.338561	102.607
1195	0.298029	79.7059
1196	0.307738	79.1732
1197	0.317051	89.7482
1198	0.3219	89.3438
1199	0.330995	91.5792
1200	0.331321	94.7093
1201	0.30857	79.6816
1202	0.314944	83.5295
1203	0.330554	92.9338
1204	0.332118	95.0178
1205	0.31467	84.9348
1206	0.314316	85.8925
1207	0.332775	95.0285
1208	0.32178	87.5422
1209	0.321321	89.3018
1210	0.309608	83.2634
1211	0.309398	79.6116
1212	0.322506	90.4537
1213	0.328974	91.6687
1214	0.316176	84.0549
1215	0.314879	89.0996
1216	0.319219	88.612
1217	0.311555	80.9105
1218	0.309299	85.5392
1219	0.311653	83.8875
1220	0.300795	74.5857
1221	0.307301	81.7842
1222	0.31601	86.6318
1223	0.316417	83.4274
1224	0.324848	95.6701
1225	0.333841	91.9809
1226	0.310842	83.4485
1227	0.321627	89.9913
1228	0.322655	89.8098
1229	0.315893	84.6772
1230	0.326048	93.1327
1231	0.318482	87.4294
1232	0.312449	86.6957
1233	0.325042	90.3431
1234	0.312423	85.6839
1235	0.325444	91.9088
1236	0.324569	90.3505
1237	0.316595	85.3841
1238	0.31679	85.604
1239	0.312616	84.4776
1240	0.331395	96.6168
1241	0.315742	83.3139
1242	0.321492	89.0842
1243	0.307957	82.1291
1244	0.328165	90.1658
1245	0.300172	80.3587
1246	0.314851	86.3326
1247	0.308042	82.6888
1248	0.300587	78.582
1249	0.317861	86.8775
1250	0.329033	90.0444
1251	0.319888	89.1339
1252	0.324977	88.6603
1253	0.314477	87.7934
1254	0.319533	89.4645
1255	0.340175	104.755
1256	0.326017	90.4887
1257	0.310958	82.8934
1258	0.295497	76.3717
1259	0.304868	82.5555
1260	0.308493	82.8295
1261	0.313573	82.0883
1262	0.322789	87.9304
1263	0.332	92.5009
1264	0.294063	72.4133
1265	0.297702	74.5718
1266	0.31682	87.8428
1267	0.30055	77.4569
1268	0.30871	82.9038
1269	0.30427	81.9447
1270	0.285055	68.445
1271	0.308341	83.175
1272	0.317694	82.5567
1273	0.321011	89.5388
1274	0.307362	79.5739
1275	0.312868	83.2775
1276	0.321788	92.8769
1277	0.306781	82.514
1278	0.310568	83.9929
1279	0.322987	90.1357
1280	0.314065	82.2734
1281	0.312066	85.5694
1282	0.313647	86.1947
1283	0.308059	79.3793
1284	0.316121	82.673
1285	0.321648	87.1893
1286	0.328671	92.6187
1287	0.318557	90.5585
1288	0.329047	91.4947
1289	0.329427	94.1972
1290	0.351262	106.256
1291	0.333347	95.7558
1292	0.305035	80.9911
1293	0.297153	74.9002
1294	0.323178	91.1874
1295	0.33219	97.1232
1296	0.325479	92.4856
1297	0.309101	84.1302
1298	0.307509	82.8278
1299	0.296259	78.8867
1300	0.308038	80.7156
1301	0.293122	73.5918
1302	0.324847	90.9975
1303	0.305955	80.7716
1304	0.30403	79.7696
1305	0.325128	91.6758
1306	0.344159	99.3415
1307	0.311724	84.4994
1308	0.311098	83.9076
1309	0.328103	95.9444
1310	0.327022	91.9423
1311	0.319141	89.3904
1312	0.319583	86.2984
1313	0.320283	86.3956
1314	0.30247	81.7161
1315	0.322582	94.458
1316	0.312268	85.6845
1317	0.293951	75.8472
1318	0.314563	85.7281
1319	0.302911	79.4565
1320	0.309398	82.7066
1321	0.333939	95.4839
1322	0.324128	90.0794
1323	0.31557	84.3364
1324	0.316445	88.6349
1325	0.312287	79.2121
1326	0.319667	91.4574
1327	0.318669	88.7112
1328	0.330367	99.0157
1329	0.307216	79.7728
1330	0.325622	87.6293
1331	0.312605	85.0551
1332	0.34479	102.219
1333	0.329053	93.5288
1334	0.309064	80.2859
1335	0.299148	77.1874
1336	0.304984	77.1817
1337	0.31277	83.8582
1338	0.307335	80.6343
1339	0.320481	87.1927
1340	0.339136	99.3986
1341	0.313117	83.8823
1342	0.322571	89.2877
1343	0.322871	90.0108
1344	0.303652	83.9473
1345	0.326772	89.8512
1346	0.31346	81.5164
1347	0.329554	88.6332
1348	0.313277	80.3427
1349	0.322131	87.5986
1350	0.320474	89.7433
1351	0.317511	87.129
1352	0.307334	79.8076
1353	0.313336	84.518
1354	0.324029	87.2391
1355	0.309957	83.5327
1356	0.336587	98.1038
1357	0.307425	84.2793
1358	0.32259	87.6355
1359	0.313735	84.866
1360	0.319272	88.8446
1361	0.321315	87.2272
1362	0.317623	88.0812
1363	0.294097	75.9942
1364	0.334358	97.0399
1365	0.300774	79.8883
1366	0.308454	83.7412
1367	0.306224	80.999
1368	0.305176	82.1447
1369	0.318704	87.8687
1370	0.299158	78.2144
1371	0.325605	91.2886
1372	0.316407	82.0905
1373	0.318765	85.8757
1374	0.307444	81.5065
1375	0.316628	85.2492
1376	0.323689	89.0334
1377	0.338422	99.4592
1378	0.307618	82.9865
1379	0.315535	82.6484
1380	0.31142	85.1374
1381	0.309018	81.8899
1382	0.302457	77.9333
1383	0.312176	85.2907
1384	0.316341	82.0164
1385	0.327352	94.4879
1386	0.308413	79.1301
1387	0.288148	72.087
1388	0.320458	89.7898
1389	0.320455	87.2454
1390	0.333577	95.5811
1391	0.309077	80.5234
1392	0.323374	89.5841
1393	0.312377	86.9289
1394	0.318702	88.5593
1395	0.315432	85.7568
1396	0.314849	85.9783
1397	0.313485	83.9865
1398	0.319832	85.2161
1399	0.304866	77.502
1400	0.302165	77.8668
1401	0.318679	86.0112
1402	0.326207	89.0986
1403	0.31359	83.3382
1404	0.311139	83.0554
1405	0.304693	80.9572
1406	0.322405	89.5997
1407	0.307293	80.9478
1408	0.323577	90.8592
1409	0.325924	91.3204
1410	0.307846	83.5622
1411	0.304446	80.2914
1412	0.319083	88.6484
1413	0.318534	87.8929
1414	0.319455	85.2955
1415	0.324973	93.5745
1416	0.31255	83.4492
1417	0.319642	87.2105
1418	0.314675	84.053
1419	0.289864	74.7002
1420	0.312286	84.7337
1421	0.31814	86.1486
1422	0.305353	80.1685
1423	0.321354	87.1607
1424	0.309462	79.4362
1425	0.319602	89.9892
1426	0.315475	86.3593
1427	0.331706	96.971
1428	0.313518	86.5859
1429	0.333864	95.3881
1430	0.32329	91.4057
1431	0.321342	88.7081
1432	0.327985	91.669
1433	0.319196	88.4875
1434	0.322356	88.0569
1435	0.348981	105.569
1436	0.306363	80.2539
1437	0.322839	90.3618
1438	0.34644	103.507
1439	0.311359	83.8584
1440	0.315348	87.794
1441	0.321666	88.6333
1442	0.324238	94.9009
1443	0.311867	84.2829
1444	0.311732	82.3956
1445	0.321911	93.5944
1446	0.302848	75.5088
1447	0.320101	87.1961
1448	0.31458	85.5638
1449	0.323265	89.2579
1450	0.30435	81.5617
1451	0.304136	80.7193
1452	0.321327	87.0569
1453	0.298165	77.1405
1454	0.320194	90.1759
1455	0.311306	80.6957
1456	0.31621	85.6408
1457	0.31523	83.1
1458	0.317254	87.0543
1459	0.33155	96.2131
1460	0.329454	94.8608
1461	0.295238	74.6881
1462	0.315513	83.8589
1463	0.31879	84.5587
1464	0.322637	91.1057
1465	0.33674	100.137
1466	0.333312	93.3086
1467	0.290732	69.3291
1468	0.319115	89.0739
1469	0.314243	84.4168
1470	0.320543	90.1993
1471	0.33235	94.205
1472	0.311201	80.9016
1473	0.321899	89.1223
1474	0.329897	94.0147
1475	0.322262	88.5743
1476	0.307382	81.6653
1477	0.317156	86.8886
1478	0.324179	90.1497
1479	0.316758	87.5482
1480	0.315175	91.1504
1481	0.3241	92.3313
1482	0.308413	82.3597
1483	0.310929	82.7051
1484	0.321793	90.1778
1485	0.312539	86.3419
1486	0.303878	78.0594
1487	0.320722	86.853
1488	0.304992	79.5495
1489	0.304976	81.3114
1490	0.320764	88.0717
1491	0.344531	105.399
1492	0.318817	87.3385
1493	0.311297	84.666
1494	0.307281	80.715
1495	0.314578	83.8343
1496	0.317861	84.1997
1497	0.326458	87.9206
1498	0.317043	92.0867
1499	0.308679	82.5629
1500	0.315042	86.5086
1501	0.315346	86.683
1502	0.312529	83.797
1503	0.302255	79.5506
1504	0.318069	84.3845
1505	0.329317	95.9717
1506	0.317489	83.118
1507	0.314238	84.7599
1508	0.308787	83.0298
1509	0.309414	79.2005
1510	0.30275	75.7022
1511	0.336377	99.7816
1512	0.319807	90.8723
1513	0.325779	90.5122
1514	0.324352	91.3004
1515	0.328811	95.2269
1516	0.303911	79.4416
1517	0.307902	83.2616
1518	0.313634	85.2282
1519	0.311762	85.7722
1520	0.333244	93.0747
1521	0.319132	87.783
1522	0.331582	96.6212
1523	0.339393	97.389
1524	0.315181	87.176
1525	0.293105	76.3569
1526	0.324995	90.9532
1527	0.301431	79.6953
1528	0.306562	83.5004
1529	0.310919	81.407
1530	0.326436	92.2656
1531	0.30723	83.1808
1532	0.330625	94.6647
1533	0.29711	75.9716
1534	0.307019	81.7324
1535	0.330853	95.7759
1536	0.320786	90.43
1537	0.318466	85.9113
1538	0.309589	85.2919
1539	0.318457	85.4718
1540	0.299676	79.2092
1541	0.312641	87.1164
1542	0.321862	90.5341
1543	0.311163	83.6225
1544	0.325898	91.2612
1545	0.326002	93.8415
1546	0.317124	87.0438
1547	0.282512	64.9133
1548	0.334355	96.3951
1549	0.310331	83.3381
1550	0.315319	85.6917
1551	0.316071	83.8249
1552	0.319842	88.9973
1553	0.316903	88.5156
1554	0.316515	85.1941
1555	0.314364	82.7156
1556	0.315026	84.1675
1557	0.317555	85.8958
1558	0.331498	95.0116
1559	0.321425	91.6242
1560	0.310502	82.8974
1561	0.302827	80.3095
1562	0.324909	93.0162
1563	0.327973	94.7639
1564	0.328346	90.8117
1565	0.332613	95.6937
1566	0.314911	83.7761
1567	0.327532	94.8759
1568	0.302431	79.3136
1569	0.330006	91.1365
1570	0.302186	77.7119
1571	0.322621	91.3507
1572	0.345692	102.021
1573	0.306284	82.8344
1574	0.30094	78.2702
1575	0.320372	85.6024
1576	0.310869	80.1374
1577	0.323256	90.1305
1578	0.317045	87.6538
1579	0.324612	90.6368
1580	0.328625	89.893
1581	0.332606	97.2093
1582	0.317713	85.0011
1583	0.293791	70.7206
1584	0.316066	89.5198
1585	0.31964	88.8369
1586	0.295371	78.45
1587	0.329983	95.0925
1588	0.308924	86.0281
1589	0.31345	87.8123
1590	0.319818	87.8986
1591	0.321436	90.0315
1592	0.320477	92.1089
1593	0.308308	84.543
1594	0.328372	91.5308
1595	0.311818	83.3504
1596	0.336849	98.754
1597	0.310823	81.1673
1598	0.327705	96.1044
1599	0.32767	96.1889
1600	0.312162	82.0982
1601	0.320048	87.3742
1602	0.313984	79.9993
1603	0.330703	93.4966
1604	0.314357	84.1549
1605	0.309038	80.6228
1606	0.31375	84.2972
1607	0.329513	94.4259
1608	0.307352	81.636
1609	0.310246	83.2688
1610	0.336077	100.285
1611	0.311401	81.4898
1612	0.329501	94.4665
1613	0.333796	95.0194
1614	0.304875	80.5072
1615	0.303979	77.9636
1616	0.316968	87.2735
1617	0.319706	86.0541
1618	0.32917	93.8962
1619	0.326729	92.3849
1620	0.313546	84.2982
1621	0.307315	83.9661
1622	0.32657	91.2552
1623	0.318335	86.8088
1624	0.309895	78.6097
1625	0.314068	85.1612
1626	0.288117	72.4883
1627	0.328358	92.6601
1628	0.315181	84.2067
1629	0.30861	81.3716
1630	0.307593	83.239
1631	0.313173	85.7569
1632	0.313197	86.2661
1633	0.328582	93.6889
1634	0.299366	77.0307
1635	0.316291	87.6541
1636	0.323115	88.4515
1637	0.323625	88.2687
1638	0.329119	93.4213
1639	0.310379	82.6088
1640	0.311152	87.2235
1641	0.307049	81.7074
1642	0.322415	84.7013
1643	0.319365	86.9262
1644	0.333905	95.0866
1645	0.308477	81.5548
1646	0.321072	89.0601
1647	0.313352	84.6305
1648	0.319327	89.5434
1649	0.301223	79.0978
1650	0.305921	81.8607
1651	0.312122	80.4163
1652	0.309057	81.0233
1653	0.321278	87.9191
1654	0.309025	78.9032
1655	0.308048	81.2363
1656	0.310907	80.2019
1657	0.323365	91.1295
1658	0.304878	78.8347
1659	0.326371	88.441
1660	0.306781	81.6762
1661	0.299552	76.819
1662	0.302266	77.1354
1663	0.324258	91.5907
1664	0.316966	84.0985
1665	0.318938	85.4726
1666	0.316228	86.3061
1667	0.325388	89.4561
1668	0.319436	86.8037
1669	0.318761	89.6545
1670	0.325421	91.5246
1671	0.305387	78.8063
1672	0.326872	95.8298
1673	0.315201	87.0537
1674	0.313028	83.4473
1675	0.308988	81.4065
1676	0.317794	90.138
1677	0.318716	88.1613
1678	0.326441	94.5342
1679	0.324942	91.5679
1680	0.325883	94.0354
1681	0.324722	89.6239
1682	0.323499	87.4556
1683	0.298218	78.1029
1684	0.309115	79.644
1685	0.317159	82.7627
1686	0.309225	81.2823
1687	0.333794	97.0042
1688	0.299693	76.7005
1689	0.325199	89.6715
1690	0.309275	83.8872
1691	0.316705	87.3639
1692	0.342342	98.7945
1693	0.314115	84.9331
1694	0.312665	83.2951
1695	0.31186	80.4608
1696	0.331339	91.4887
1697	0.314145	89.022
1698	0.31335	82.7165
1699	0.315139	87.6878
1700	0.310918	81.4915
1701	0.301298	79.1316
1702	0.311326	82.9853
1703	0.329892	93.3688
1704	0.309465	80.7499
1705	0.309172	80.2177
1706	0.309408	83.3465
1707	0.322183	93.7755
1708	0.324036	91.2513
1709	0.317255	87.1319
1710	0.316825	85.1518
1711	0.31452	84.4413
1712	0.335756	101.933
1713	0.304836	79.0597
1714	0.324667	90.911
1715	0.309247	82.0083
1716	0.308881	81.921
1717	0.32149	89.4051
1718	0.323998	90.5607
1719	0.333103	95.9931
1720	0.311171	81.5921
1721	0.310909	83.6739
1722	0.328795	94.3141
1723	0.309564	83.2836
1724	0.324954	89.0334
1725	0.302193	76.9155
1726	0.327355	92.7839
1727	0.298387	74.6195
1728	0.322779	90.1015
1729	0.31858	85.5737
1730	0.329611	91.6684
1731	0.312259	84.716
1732	0.316758	83.9971
1733	0.31548	88.3608
1734	0.317326	89.1284
1735	0.344926	105.448
1736	0.332574	95.4347
1737	0.317976	88.7874
1738	0.313507	82.3078
1739	0.306239	81.047
1740	0.331941	94.1667
1741	0.297168	75.7123
1742	0.305664	80.4022
1743	0.319264	86.1419
1744	0.319762	88.7247
1745	0.307341	79.0759
1746	0.303566	76.8761
1747	0.319361	88.38
1748	0.30882	80.9893
1749	0.319931	86.1306
1750	0.318395	89.9172
1751	0.315474	82.9958
1752	0.322194	90.0301
1753	0.301595	79.0452
1754	0.314927	85.6389
1755	0.316048	87.2204
1756	0.324084	91.4905
1757	0.295406	73.3568
1758	0.321606	91.1477
1759	0.326058	90.831
1760	0.317314	85.5401
1761	0.323213	89.3145
1762	0.31262	83.7335
1763	0.319046	86.5212
1764	0.327542	93.0218
1765	0.319073	85.4162
1766	0.307509	80.8981
1767	0.313013	81.7183
1768	0.33615	97.7494
1769	0.318354	88.5416
1770	0.316318	83.9731
1771	0.324196	86.615
1772	0.308937	81.9876
1773	0.320144	87.4458
1774	0.319972	87.7879
1775	0.30936	84.7255
1776	0.301525	82.6404
1777	0.30425	77.5669
1778	0.327869	91.1304
1779	0.322662	90.8577
1780	0.332761	93.0549
1781	0.291997	73.0157
1782	0.313635	84.8768
1783	0.326943	90.1189
1784	0.331774	94.3058
1785	0.314899	83.9591
1786	0.323084	89.2996
1787	0.31691	84.4402
1788	0.314407	86.1371
1789	0.314066	83.1527
1790	0.318779	89.9997
1791	0.32872	93.9628
1792	0.31464	83.6183
1793	0.32493	89.8803
1794	0.314467	83.6059
1795	0.321881	90.5678
1796	0.311548	83.4045
1797	0.302801	82.0149
1798	0.336397	96.6505
1799	0.317973	88.2314
1800	0.329847	95.6359
1801	0.309334	84.1853
1802	0.306735	84.7802
1803	0.311729	85.0249
1804	0.320404	92.1439
1805	0.330823	95.1075
1806	0.312561	83.7919
1807	0.324137	91.6158
1808	0.323461	91.8512
1809	0.309367	80.5373
1810	0.311915	80.1808
1811	0.321134	92.1049
1812	0.324586	90.2297
1813	0.313891	85.6743
1814	0.305175	84.5343
1815	0.328719	93.5425
1816	0.309034	79.1303
1817	0.320731	87.3371
1818	0.307979	81.7593
1819	0.318947	90.2099
1820	0.305683	79.1144
1821	0.31575	87.0034
1822	0.313064	86.3034
1823	0.318252	85.6179
1824	0.310225	84.5741
1825	0.314487	83.7888
1826	0.324384	88.578
1827	0.328938	90.5654
1828	0.322453	89.0134
1829	0.297639	76.4351
1830	0.310058	81.6781
1831	0.302204	77.5727
1832	0.304431	81.0427
1833	0.308558	80.729
1834	0.315308	87.5033
1835	0.316155	89.3941
1836	0.326991	93.0861
1837	0.309729	84.8203
1838	0.316383	86.7832
1839	0.316249	90.4543
1840	0.322013	88.282
1841	0.317327	87.2102
1842	0.313333	82.6944
1843	0.32497	90.0606
1844	0.316405	86.7211
1845	0.333906	93.1051
1846	0.306922	80.8896
1847	0.320544	84.0257
1848	0.318361	88.2259
1849	0.309882	86.211
1850	0.31963	90.9567
1851	0.308753	82.3234
1852	0.322017	90.4718
1853	0.316103	85.6495
1854	0.330147	94.6476
1855	0.29552	79.2247
1856	0.30099	81.0075
1857	0.324469	94.1235
1858	0.323313	91.4799
1859	0.313295	88.5341
1860	0.323763	89.4758
1861	0.322285	89.9291
1862	0.312777	85.4068
1863	0.304236	80.0029
1864	0.318459	84.5095
1865	0.321277	88.702
1866	0.30694	80.7354
1867	0.315491	85.6479
1868	0.33386	101.509
1869	0.33002	90.6142
1870	0.318058	86.4071
1871	0.313865	85.7614
1872	0.307575	82.0233
1873	0.313017	86.2631
1874	0.32412	93.2543
1875	0.328412	89.39
1876	0.305903	79.464
1877	0.342447	103.675
1878	0.335114	95.131
1879	0.333401	98.3879
1880	0.288755	69.8705
1881	0.307225	79.8317
1882	0.303588	81.4284
1883	0.320627	88.2313
1884	0.322475	90.7819
1885	0.31351	84.1229
1886	0.321582	91.9449
1887	0.300463	77.6355
1888	0.316397	81.4313
1889	0.318247	84.7123
1890	0.312836	87.1331
1891	0.331721	92.2787
1892	0.317181	84.6717
1893	0.303553	80.483
1894	0.321105	89.1757
1895	0.294011	72.5559
1896	0.309204	85.834
1897	0.314592	84.671
1898	0.32137	87.4323
1899	0.321038	86.2021
1900	0.321369	87.552
1901	0.309424	81.5591
1902	0.312819	84.0228
1903	0.328689	92.7191
1904	0.304193	79.4437
1905	0.325023	88.5958
1906	0.31388	84.8271
1907	0.319957	87.1443
1908	0.284346	68.8252
1909	0.312994	86.9789
1910	0.32145	90.771
1911	0.306424	79.333
1912	0.321522	89.8252
1913	0.29631	75.8357
1914	0.317171	87.1801
1915	0.323692	90.4499
1916	0.311517	82.6366
1917	0.321541	86.7288
1918	0.317793	87.7854
1919	0.311215	80.9172
1920	0.315881	85.9946
1921	0.307075	81.8544
1922	0.329472	96.8829
1923	0.293301	72.1319
1924	0.297535	75.8713
1925	0.295345	75.6711
1926	0.30844	82.0481
1927	0.304664	75.9176
1928	0.308649	84.7158
1929	0.316683	84.3408
1930	0.324558	90.1242
1931	0.314873	86.4719
1932	0.308713	82.0721
1933	0.315725	86.5275
1934	0.303433	79.2936
1935	0.322032	89.6587
1936	0.322073	88.4809
1937	0.31419	85.2702
1938	0.296706	75.8647
1939	0.300918	79.0496
1940	0.327048	91.7537
1941	0.329277	95.121
1942	0.313581	83.6068
1943	0.32157	90.3008
1944	0.301037	77.4593
1945	0.312914	85.9238
1946	0.320113	90.9955
1947	0.318166	86.7863
1948	0.300506	76.753
1949	0.301267	80.3765
1950	0.303184	75.3727
1951	0.329474	94.4199
1952	0.336905	97.923
1953	0.310805	81.7624
1954	0.299601	75.2842
1955	0.321266	90.5055
1956	0.301651	74.3846
1957	0.321799	89.3476
1958	0.317101	85.2938
1959	0.325345	88.3262
1960	0.317583	87.3579
1961	0.313196	84.2923
1962	0.299457	81.4448
1963	0.340753	97.6747
1964	0.326466	95.5668
1965	0.316974	85.0411
1966	0.31224	83.2155
1967	0.322765	90.6094
1968	0.308178	81.3795
1969	0.321143	92.7381
1970	0.32394	91.9072
1971	0.318029	88.0358
1972	0.313756	85.2833
1973	0.321135	87.2138
1974	0.326818	94.8605
1975	0.322125	87.581
1976	0.297099	74.8157
1977	0.325222	88.3237
1978	0.335052	95.149
1979	0.31464	83.5127
1980	0.322926	91.3302
1981	0.33029	97.814
1982	0.288597	70.3264
1983	0.31306	86.2144
1984	0.320207	87.5452
1985	0.29399	75.078
1986	0.31247	83.4086
1987	0.298703	77.5539
1988	0.312554	85.1757
1989	0.29886	78.2161
1990	0.326552	95.1997
1991	0.314537	84.0884
1992	0.325663	94.1299
1993	0.313529	83.752
1994	0.33234	97.1785
1995	0.320269	86.4165
1996	0.317247	86.7475
1997	0.33506	91.8913
1998	0.305459	82.0195
1999	0.333371	96.823
2000	0.284191	69.9147
2001	0.317565	88.0087
2002	0.299703	76.8078
2003	0.314447	88.0296
2004	0.333371	96.2255
2005	0.304308	82.6676
2006	0.32528	92.8576
2007	0.318389	84.1059
2008	0.319652	89.7919
2009	0.298377	77.576
2010	0.308424	84.798
2011	0.322321	91.2855
2012	0.306477	81.7533
2013	0.308569	81.6648
2014	0.320018	88.4024
2015	0.325725	94.3395
2016	0.323669	90.2199
2017	0.321646	86.8322
2018	0.317747	89.2864
2019	0.32036	89.0117
2020	0.315672	86.1698
2021	0.317426	85.7146
2022	0.317298	87.0223
2023	0.328895	90.7044
2024	0.309802	84.6986
2025	0.309446	82.5232
2026	0.311398	82.3107
2027	0.304142	82.3073
2028	0.321684	90.6569
2029	0.319312	86.0406
2030	0.317489	85.9725
2031	0.310883	83.2833
2032	0.313464	83.9518
2033	0.332502	95.5766
2034	0.340045	95.3466
2035	0.292796	72.2265
2036	0.326303	90.6742
2037	0.330082	94.9434
2038	0.307157	83.6034
2039	0.317293	82.746
2040	0.321168	84.4439
2041	0.330055	96.1794
2042	0.313231	86.4121
2043	0.336673	98.0209
2044	0.312709	86.1323
2045	0.338232	98.4782
2046	0.318284	85.6746
2047	0.313068	84.8115
2048	0.309697	82.3235
2049	0.332485	96.5515
2050	0.326933	92.5776
2051	0.319431	89.3345
2052	0.300125	78.1588
2053	0.310508	83.2201
2054	0.288795	72.6232
2055	0.323359	91.2665
2056	0.331584	95.7003
2057	0.314686	84.9124
2058	0.32495	95.2008
2059	0.315781	86.1038
2060	0.309381	84.1466
2061	0.319557	87.5632
2062	0.324892	92.2403
2063	0.315142	86.3927
2064	0.324257	86.8499
2065	0.296991	74.2011
2066	0.305237	81.805
2067	0.336276	95.7433
2068	0.323223	88.3099
2069	0.331856	93.0587
2070	0.308989	81.9114
2071	0.318742	87.4369
2072	0.316118	86.5096
2073	0.31595	88.2541
2074	0.323649	90.038
2075	0.320066	86.0876
2076	0.32172	85.9601
2077	0.300113	79.0525
2078	0.333972	94.7796
2079	0.313771	86.8979
2080	0.304759	79.8044
2081	0.303843	79.5223
2082	0.324786	90.3596
2083	0.31725	87.9796
2084	0.305814	81.1899
2085	0.315154	86.7866
2086	0.291404	70.9657
2087	0.322933	89.25
2088	0.319553	86.1514
2089	0.331084	96.9156
2090	0.320544	89.4896
2091	0.318778	91.9406
2092	0.318832	84.0362
2093	0.311863	83.1142
2094	0.310464	84.4681
2095	0.295594	74.4277
2096	0.311269	81.6376
2097	0.331408	96.2185
2098	0.317697	87.8897
2099	0.309567	85.2267
2100	0.303124	80.7382
2101	0.320924	85.0368
2102	0.331446	93.5199
2103	0.315114	84.0679
2104	0.32729	88.6249
2105	0.321715	90.7354
2106	0.330148	96.1765
2107	0.322209	92.4262
2108	0.328663	92.6932
2109	0.305659	80.1948
2110	0.301714	78.8357
2111	0.298112	77.5593
2112	0.319112	86.6903
2113	0.3187	86.9328
2114	0.314228	84.8876
2115	0.298343	78.355
2116	0.328835	97.6265
2117	0.321186	90.9439
2118	0.333142	94.9824
2119	0.333594	92.3313
2120	0.316131	86.5563
2121	0.31662	89.4665
2122	0.306715	83.2209
2123	0.309487	84.2485
2124	0.317935	86.2578
2125	0.30603	82.2419
2126	0.303125	74.7439
2127	0.319046	86.9148
2128	0.332389	93.6848
2129	0.294993	76.8093
2130	0.322253	90.7621
2131	0.307456	80.068
2132	0.308994	80.6079
2133	0.312443	82.9989
2134	0.323891	89.6049
2135	0.319936	87.8138
2136	0.316265	85.1843
2137	0.312088	83.5758
2138	0.309821	80.5103
2139	0.311348	86.0318
2140	0.312409	82.227
2141	0.317616	86.74
2142	0.309337	83.9585
2143	0.313943	85.4426
2144	0.305398	80.9549
2145	0.326211	93.8687
2146	0.318419	85.3062
2147	0.298083	73.9962
2148	0.311381	85.1755
2149	0.313335	87.8363
2150	0.311936	82.1909
2151	0.302242	76.8396
2152	0.326643	91.5035
2153	0.309509	81.7301
2154	0.313691	82.5848
2155	0.324486	91.0148
2156	0.343362	99.6393
2157	0.333564	99.6176
2158	0.306659	83.4796
2159	0.310313	80.889
2160	0.310283	80.8474
2161	0.320639	89.0978
2162	0.333347	98.8732
2163	0.305612	81.0564
2164	0.30929	79.6725
2165	0.307007	79.7418
2166	0.304733	82.1394
2167	0.327369	94.9603
2168	0.303721	81.8951
2169	0.303167	79.1281
2170	0.327764	93.3218
2171	0.32608	90.771
2172	0.311094	82.3355
2173	0.315938	87.1689
2174	0.320516	89.6709
2175	0.325059	88.2515
2176	0.330061	90.649
2177	0.318008	88.46
2178	0.298325	75.7149
2179	0.341493	100.018
2180	0.299165	77.2841
2181	0.316058	86.6399
2182	0.322515	90.3974
2183	0.333935	96.1609
2184	0.31285	82.5414
2185	0.301219	80.5266
2186	0.310409	81.4062
2187	0.311539	85.259
2188	0.316845	84.0187
2189	0.327415	94.7657
2190	0.314006	83.7377
2191	0.315474	88.958
2192	0.316788	89.1513
2193	0.307965	82.0283
2194	0.299308	80.699
2195	0.299634	77.1918
2196	0.318343	88.6595
2197	0.315811	84.5689
2198	0.325227	88.2331
2199	0.312398	84.2351
2200	0.326378	92.4276
2201	0.313598	83.2062
2202	0.308303	81.0558
2203	0.322833	90.5897
2204	0.292235	75.5383
2205	0.298593	75.7573
2206	0.316236	86.9398
2207	0.30707	79.7528
2208	0.312728	89.8931
2209	0.315494	89.6316
2210	0.321759	91.012
2211	0.319484	86.3079
2212	0.307563	79.1782
2213	0.322945	90.9838
2214	0.307375	81.5026
2215	0.318464	87.4569
2216	0.326896	92.3639
2217	0.320638	87.1136
2218	0.313061	85.1125
2219	0.3146	82.2277
2220	0.336376	96.1285
2221	0.303966	79.5422
2222	0.321764	88.1332
2223	0.317283	86.1028
2224	0.318417	91.1225
2225	0.317855	87.0105
2226	0.326394	92.1322
2227	0.333589	99.1566
2228	0.320249	87.5653
2229	0.331076	92.35
2230	0.296713	78.1828
2231	0.305298	78.7552
2232	0.312312	85.1486
2233	0.32964	95.7237
2234	0.320716	92.5719
2235	0.318773	86.5227
2236	0.325165	90.3285
2237	0.306552	79.0404
2238	0.327176	90.5027
2239	0.298916	77.5306
2240	0.319885	89.5862
2241	0.297169	76.4582
2242	0.333022	96.7297
2243	0.331696	95.761
2244	0.310213	80.0828
2245	0.298367	77.1307
2246	0.297667	77.5465
2247	0.316589	84.2128
2248	0.325408	94.7042
2249	0.340267	100.901
2250	0.329211	91.6694
2251	0.315781	84.5248
2252	0.331152	95.1439
2253	0.324189	92.4931
2254	0.319955	86.3678
2255	0.313135	84.0317
2256	0.330303	90.5515
2257	0.319432	86.0193
2258	0.338222	98.0208
2259	0.324996	91.5531
2260	0.319502	88.9348
2261	0.312523	86.6158
2262	0.319502	90.1476
2263	0.292199	73.0741
2264	0.317851	85.4297
2265	0.324066	87.9813
2266	0.336132	94.1871
2267	0.316374	89.1797
2268	0.324441	90.7741
2269	0.320467	89.4088
2270	0.299804	78.5539
2271	0.328507	91.6251
2272	0.309275	83.1978
2273	0.339774	101.699
2274	0.301164	79.6067
2275	0.311629	82.0289
2276	0.326434	87.6486
2277	0.322337	90.3841
2278	0.334665	95.9959
2279	0.313871	85.511
2280	0.31565	86.3542
2281	0.31422	82.4397
2282	0.339491	99.5268
2283	0.313011	83.0673
2284	0.307446	82.0792
2285	0.320475	88.3332
2286	0.317648	85.7812
2287	0.318034	83.7944
2288	0.323511	94.2756
2289	0.315096	89.3195
2290	0.335385	96.6107
2291	0.324127	89.9614
2292	0.32125	90.0466
2293	0.314906	84.1849
2294	0.313427	83.8501
2295	0.313461	83.3569
2296	0.322878	88.0152
2297	0.328488	93.5112
2298	0.315382	84.4295
2299	0.322271	89.5504
2300	0.33079	92.9156
2301	0.309839	83.0095
2302	0.320792	91.0761
2303	0.322096	89.6904
2304	0.319974	87.5608
2305	0.319276	90.7601
2306	0.323098	90.9733
2307	0.30221	80.7149
2308	0.30853	81.3809
2309	0.318853	84.044
2310	0.327251	93.1913
2311	0.323219	91.6897
2312	0.31255	86.4435
2313	0.310186	83.6214
2314	0.32475	90.2292
2315	0.320721	89.3823
2316	0.312591	85.7121
2317	0.315574	88.7181
2318	0.299404	78.3858
2319	0.313069	82.2587
2320	0.313893	87.0097
2321	0.304536	80.5974
2322	0.31839	83.9675
2323	0.324211	89.0322
2324	0.313282	85.1635
2325	0.318147	88.2719
2326	0.312173	85.0933
2327	0.321826	90.1039
2328	0.301238	77.1535
2329	0.322572	88.5126
2330	0.313898	84.9508
2331	0.326495	90.6375
2332	0.330333	96.7411
2333	0.305188	79.2758
2334	0.309213	83.1927
2335	0.317157	88.2793
2336	0.319555	86.0746
2337	0.328265	91.5024
2338	0.317277	86.3348
2339	0.326487	94.2662
2340	0.310308	80.0797
2341	0.328342	92.3035
2342	0.315213	87.4608
2343	0.312421	85.4025
2344	0.319697	85.4012
2345	0.316251	90.7127
2346	0.326435	89.0373
2347	0.309164	79.9115
2348	0.308468	79.6206
2349	0.312259	86.375
2350	0.313775	84.1721
2351	0.293005	76.8788
2352	0.31367	82.4434
2353	0.314107	83.3175
2354	0.304336	80.058
2355	0.313555	88.3619
2356	0.312126	84.5935
2357	0.330284	93.0731
2358	0.319745	88.4056
2359	0.309897	83.5036
2360	0.326126	92.0948
2361	0.327941	94.0267
2362	0.327395	93.2933
2363	0.307619	84.7359
2364	0.310569	81.5647
2365	0.337495	101.642
2366	0.311031	84.0574
2367	0.311631	84.845
2368	0.315868	84.5878
2369	0.318872	84.3767
2370	0.323211	88.0156
2371	0.314592	85.2006
2372	0.3056	81.8676
2373	0.325742	90.4635
2374	0.312011	83.7984
2375	0.29845	76.1369
2376	0.31561	85.6277
2377	0.32103	90.4318
2378	0.324796	93.2281
2379	0.31981	86.8788
2380	0.319591	89.8798
2381	0.310816	84.4192
2382	0.30558	78.6082
2383	0.31812	87.0608
2384	0.312157	82.9297
2385	0.316564	88.3761
2386	0.312378	86.0459
2387	0.32165	87.6326
2388	0.322795	89.8758
2389	0.306789	82.0172
2390	0.311211	85.3843
2391	0.310726	83.6622
2392	0.312212	83.651
2393	0.332612	94.205
2394	0.312618	84.7533
2395	0.321069	87.7999
2396	0.309089	83.981
2397	0.322569	90.2772
2398	0.323383	89.0427
2399	0.320452	87.1902
2400	0.316248	84.8588
2401	0.309803	83.6987
2402	0.308012	81.3507
2403	0.320466	92.0771
2404	0.313056	81.2708
2405	0.312578	85.1162
2406	0.325775	91.0836
2407	0.324979	92.4895
2408	0.31003	83.9823
2409	0.322705	89.7483
2410	0.300826	79.7762
2411	0.333795	96.9858
2412	0.305522	81.2315
2413	0.326254	91.6764
2414	0.301205	78.3715
2415	0.323621	87.6356
2416	0.330424	94.2515
2417	0.297676	74.5146
2418	0.31915	88.3546
2419	0.32145	88.8414
2420	0.321662	87.5233
2421	0.321653	88.7838
2422	0.317854	87.8011
2423	0.319258	87.5008
2424	0.326908	91.9842
2425	0.308716	80.4714
2426	0.330025	95.6624
2427	0.311306	82.3182
2428	0.344026	104.366
2429	0.307875	81.1461
2430	0.310898	84.4914
2431	0.320569	85.7657
2432	0.312115	85.7378
2433	0.325927	88.5278
2434	0.299635	78.1202
2435	0.303075	77.1398
2436	0.313163	86.3202
2437	0.315368	85.2847
2438	0.313277	83.9177
2439	0.306267	79.5701
2440	0.316059	85.7558
2441	0.295189	75.012
2442	0.305715	78.529
2443	0.324521	90.0268
2444	0.316775	84.394
2445	0.328705	92.3542
2446	0.321056	87.1769
2447	0.311187	83.4436
2448	0.307656	82.8438
2449	0.315598	86.3685
2450	0.335719	96.7804
2451	0.315927	84.6931
2452	0.311621	82.5792
2453	0.306518	80.9982
2454	0.300808	79.5304
2455	0.324778	88.4691
2456	0.323033	87.7852
2457	0.31767	91.1443
2458	0.333342	93.469
2459	0.315452	85.2157
2460	0.321482	90.3068
2461	0.312763	84.713
2462	0.316248	86.1244
2463	0.326446	96.2333
2464	0.316113	85.4875
2465	0.318489	87.6402
2466	0.321281	89.0519
2467	0.326833	90.8352
2468	0.335496	101.322
2469	0.313681	83.9322
2470	0.32522	90.761
2471	0.31029	83.6162
2472	0.324814	88.4917
2473	0.298377	77.2408
2474	0.331731	98.1743
2475	0.327864	90.0785
2476	0.306295	79.0086
2477	0.289546	72.7669
2478	0.312185	87.048
2479	0.328773	93.5951
2480	0.313075	86.8375
2481	0.283953	73.8482
2482	0.315283	84.3649
2483	0.323613	91.8646
2484	0.338261	100.274
2485	0.315732	90.3364
2486	0.325208	88.0413
2487	0.314355	86.3794
2488	0.3202	86.7405
2489	0.323953	87.077
2490	0.29905	76.0148
2491	0.301656	74.0903
2492	0.302337	77.9384
2493	0.326755	92.8751
2494	0.299111	76.4349
2495	0.330648	97.0441
2496	0.298553	78.6825
2497	0.321216	87.6569
2498	0.307398	81.4615
2499	0.333431	93.9556
2500	0.325393	92.2904
2501	0.318718	90.1528
2502	0.329466	91.0486
2503	0.307379	80.7415
2504	0.325256	91.0246
2505	0.322924	94.2734
2506	0.335173	95.475
2507	0.3181	88.5055
2508	0.317675	87.0037
2509	0.313586	82.5084
2510	0.330219	94.5567
2511	0.32701	90.2842
2512	0.296266	75.2336
2513	0.316679	88.0256
2514	0.328253	93.7528
2515	0.303641	78.9525
2516	0.321791	92.6093
2517	0.303264	78.2716
2518	0.329409	93.6176
2519	0.31199	84.2172
2520	0.321609	90.7203
2521	0.315747	84.4265
2522	0.315597	84.2672
2523	0.323612	89.5747
2524	0.297794	77.9871
2525	0.33143	97.1307
2526	0.326684	93.2836
2527	0.322905	91.7106
2528	0.318779	86.284
2529	0.317727	87.6989
2530	0.315793	85.2617
2531	0.319466	89.9639
2532	0.311385	86.1716
2533	0.320562	86.4938
2534	0.306211	83.0367
2535	0.314698	84.5136
2536	0.317874	84.9785
2537	0.322131	89.3854
2538	0.309603	83.8778
2539	0.297958	77.5331
2540	0.320202	87.4986
2541	0.317388	83.9234
2542	0.309272	81.0791
2543	0.312849	82.741
2544	0.317108	86.982
2545	0.309849	85.5053
2546	0.312461	84.1173
2547	0.317261	87.8514
2548	0.328863	91.5039
2549	0.296249	74.3471
2550	0.312066	82.7786
2551	0.313184	80.9472
2552	0.322842	90.1193
2553	0.306655	78.5726
2554	0.325552	89.7628
2555	0.333128	93.3461
2556	0.319296	89.4968
2557	0.323393	89.2748
2558	0.318689	88.6616
2559	0.318305	90.1841
2560	0.300721	76.7483
2561	0.319681	86.7243
2562	0.321094	86.6868
2563	0.289841	74.4419
2564	0.316999	83.1958
2565	0.322587	90.3304
2566	0.315035	87.8436
2567	0.295509	76.9349
2568	0.308499	81.9619
2569	0.333951	96.0095
2570	0.31427	82.8832
2571	0.318186	88.3817
2572	0.30051	76.5088
2573	0.314055	84.5286
2574	0.300552	80.9607
2575	0.320335	88.4724
2576	0.316968	86.6328
2577	0.321383	86.8451
2578	0.322837	93.4278
2579	0.305708	80.3049
2580	0.314687	86.3087
2581	0.309355	80.6972
2582	0.277859	63.7792
2583	0.324944	89.6074
2584	0.319237	89.1925
2585	0.320409	91.3389
2586	0.313869	83.2391
2587	0.327798	90.6274
2588	0.311801	83.6129
2589	0.316802	87.2906
2590	0.291289	69.6457
2591	0.316021	88.0344
2592	0.331049	91.8294
2593	0.334545	98.4203
2594	0.328697	96.9218
2595	0.319384	87.27
2596	0.298563	76.5899
2597	0.31749	84.6315
2598	0.31422	85.445
2599	0.329205	92.0521
2600	0.345355	99.6313
2601	0.327968	92.3261
2602	0.321473	84.2592
2603	0.313271	84.5154
2604	0.319017	84.6547
2605	0.324036	89.757
2606	0.311652	83.3397
2607	0.310591	82.8095
2608	0.311865	82.3094
2609	0.291473	74.4765
2610	0.319237	88.5262
2611	0.319176	84.9964
2612	0.319784	86.217
2613	0.322504	89.5229
2614	0.324608	89.0815
2615	0.318768	84.5281
2616	0.304395	81.147
2617	0.309979	82.4115
2618	0.316041	86.2637
2619	0.309932	84.4383
2620	0.311059	85.3964
2621	0.332438	94.4554
2622	0.315376	88.1079
2623	0.321929	89.6011
2624	0.316346	81.97
2625	0.315713	89.8669
2626	0.328737	93.7327
2627	0.313608	84.5872
2628	0.319511	86.4265
2629	0.313492	83.5954
2630	0.315367	85.3535
2631	0.316818	83.9141
2632	0.310208	82.2922
2633	0.318661	90.7496
2634	0.328251	93.3376
2635	0.305769	79.8705
2636	0.322072	89.0818
2637	0.29662	74.5444
2638	0.320949	82.9161
2639	0.318352	85.5503
2640	0.316461	87.816
2641	0.325277	91.2652
2642	0.321848	90.4845
2643	0.315563	83.9883
2644	0.315987	87.1389
2645	0.322783	90.7145
2646	0.323406	89.5292
2647	0.325322	90.9895
2648	0.317515	90.6213
2649	0.322744	87.9699
2650	0.32209	89.328
2651	0.314408	82.1044
2652	0.322721	89.0978
2653	0.307563	79.5402
2654	0.296021	75.9645
2655	0.330024	96.3998
2656	0.32362	87.1484
2657	0.29966	77.4219
2658	0.324855	93.1156
2659	0.335169	97.618
2660	0.320616	90.4291
2661	0.311802	86.4421
2662	0.320068	89.1256
2663	0.320777	90.8747
2664	0.33681	96.312
2665	0.336739	95.5429
2666	0.311486	81.4412
2667	0.30382	82.7545
2668	0.316792	85.4267
2669	0.322944	88.5459
2670	0.326291	91.7097
2671	0.310268	80.0202
2672	0.324403	91.2471
2673	0.315976	84.5815
2674	0.314553	85.488
2675	0.329533	94.1859
2676	0.321961	90.4636
2677	0.308239	80.5571
2678	0.312164	86.9641
2679	0.322821	87.5196
2680	0.305558	78.8887
2681	0.305835	79.1399
2682	0.32682	89.1674
2683	0.313525	87.2497
2684	0.314861	87.515
2685	0.308806	81.4752
2686	0.307334	82.7502
2687	0.320658	89.5109
2688	0.332735	95.7541
2689	0.325875	88.8133
2690	0.298813	76.6194
2691	0.321401	90.3367
2692	0.289471	70.2191
2693	0.318178	88.2946
2694	0.323604	90.6417
2695	0.314366	86.4295
2696	0.321974	90.1829
2697	0.325612	93.9849
2698	0.32471	90.0179
2699	0.309023	83.781
2700	0.325064	90.3405
2701	0.308762	82.3586
2702	0.312534	79.3011
2703	0.313351	85.6969
2704	0.311264	86.7467
2705	0.332465	95.8701
2706	0.311077	81.8509
2707	0.304948	81.5759
2708	0.327448	89.2411
2709	0.313357	83.1717
2710	0.332672	95.2913
2711	0.332385	95.0981
2712	0.33771	100.463
2713	0.323089	87.6141
2714	0.312969	83.7667
2715	0.314322	83.0337
2716	0.311256	83.337
2717	0.297184	76.45
2718	0.296529	73.718
2719	0.310598	84.0523
2720	0.308895	81.0195
2721	0.299517	75.0002
2722	0.310026	81.7198
2723	0.322644	88.4746
2724	0.306077	77.8893
2725	0.301285	81.4233
2726	0.320167	91.2692
2727	0.309756	82.2067
2728	0.319756	89.2816
2729	0.304345	78.0003
2730	0.312866	84.6696
2731	0.310437	83.0503
2732	0.307609	84.2444
2733	0.325414	86.9313
2734	0.306233	83.4469
2735	0.304247	84.5173
2736	0.311233	82.2389
2737	0.305192	77.0547
2738	0.310439	82.6435
2739	0.317169	85.0096
2740	0.291553	74.2043
2741	0.306106	79.3262
2742	0.306673	80.2149
2743	0.317606	86.4848
2744	0.310335	85.4193
2745	0.322535	87.3126
2746	0.322722	90.3597
2747	0.319706	87.6227
2748	0.339495	101.913
2749	0.300357	75.6895
2750	0.318124	84.4425
2751	0.313437	80.4787
2752	0.309771	82.6078
2753	0.30524	81.8604
2754	0.326332	89.2104
2755	0.298804	75.9298
2756	0.3256	93.6402
2757	0.310759	84.8863
2758	0.319963	90.7078
2759	0.313121	79.8983
2760	0.293009	75.9834
2761	0.317647	87.4562
2762	0.3143	85.318
2763	0.321793	88.9416
2764	0.306576	83.5606
2765	0.321242	86.9817
2766	0.314436	86.6563
2767	0.308562	84.5048
2768	0.309146	81.9127
2769	0.32637	90.9581
2770	0.292197	70.5931
2771	0.313904	84.896
2772	0.323604	88.5357
2773	0.309284	82.8625
2774	0.318174	84.6497
2775	0.315297	89.8759
2776	0.31027	84.8146
2777	0.314381	86.4966
2778	0.325957	93.2801
2779	0.310989	85.1586
2780	0.325023	91.763
2781	0.305124	81.7911
2782	0.332516	93.8393
2783	0.314084	84.6095
2784	0.313009	84.0149
2785	0.327503	93.0415
2786	0.327489	90.3209
2787	0.316883	88.1901
2788	0.329035	91.7578
2789	0.300738	76.2283
2790	0.32573	88.1744
2791	0.320394	88.187
2792	0.327708	90.8333
2793	0.301952	78.4458
2794	0.303123	78.0855
2795	0.321071	87.9597
2796	0.315773	85.4332
2797	0.306902	85.9705
2798	0.325799	90.3948
2799	0.322098	88.568
2800	0.316489	86.7804
2801	0.33114	93.3681
2802	0.328164	93.2348
2803	0.306378	81.2213
2804	0.336031	96.8867
2805	0.320049	86.8382
2806	0.320485	87.8674
2807	0.324708	92.1053
2808	0.319541	86.0831
2809	0.333447	98.3562
2810	0.319382	86.5262
2811	0.309824	86.3636
2812	0.305439	78.6686
2813	0.322592	91.7644
2814	0.344285	103.183
2815	0.295849	74.9061
2816	0.306	83.379
2817	0.313296	83.5599
2818	0.299665	81.3377
2819	0.309837	83.9575
2820	0.328026	89.1613
2821	0.33656	100.172
2822	0.322208	88.4061
2823	0.30729	81.3259
2824	0.296928	75.7101
2825	0.33131	94.5697
2826	0.291682	73.3995
2827	0.310211	82.3637
2828	0.33098	97.4632
2829	0.312582	85.2157
2830	0.315354	84.8396
2831	0.319061	86.3178
2832	0.318955	87.6237
2833	0.289224	74.5908
2834	0.30077	78.6582
2835	0.308085	85.2649
2836	0.32279	86.9545
2837	0.309227	78.0009
2838	0.310867	81.5428
2839	0.325367	90.6354
2840	0.316342	85.2132
2841	0.324804	91.0489
2842	0.323396	90.5601
2843	0.331054	92.5047
2844	0.333716	91.7444
2845	0.309732	83.5212
2846	0.31537	82.4754
2847	0.311346	85.0258
2848	0.321114	90.4807
2849	0.303377	83.3738
2850	0.321264	91.8646
2851	0.322822	90.0072
2852	0.312265	82.8302
2853	0.308302	84.0068
2854	0.312258	84.5018
2855	0.312652	83.8158
2856	0.313891	85.8993
2857	0.29086	73.2019
2858	0.321611	88.7996
2859	0.311712	86.4775
2860	0.326286	89.4633
2861	0.308279	82.3804
2862	0.325008	91.8794
2863	0.31541	86.3727
2864	0.310475	83.0935
2865	0.319168	85.0208
2866	0.297812	76.7443
2867	0.322467	91.6294
2868	0.320191	86.8884
2869	0.318778	88.5128
2870	0.311958	82.2527
2871	0.324433	91.1421
2872	0.313506	83.9824
2873	0.294345	73.9428
2874	0.335444	97.4855
2875	0.310448	83.252
2876	0.327376	93.3766
2877	0.303037	76.2654
2878	0.310056	82.8159
2879	0.303593	81.4384
2880	0.303274	79.593
2881	0.306586	81.7055
2882	0.315658	85.2191
2883	0.321871	89.5666
2884	0.307767	82.3294
2885	0.306033	79.8514
2886	0.315596	87.719
2887	0.300168	77.3909
2888	0.322275	88.3186
2889	0.326886	89.1976
2890	0.297736	77.0573
2891	0.322918	89.4471
2892	0.329408	93.738
2893	0.319291	89.4209
2894	0.324716	90.0698
2895	0.326981	92.5739
2896	0.305216	82.9984
2897	0.32886	92.4466
2898	0.345001	104.159
2899	0.31512	85.4879
2900	0.3227	90.0245
2901	0.303805	78.6994
2902	0.324541	90.2874
2903	0.325321	91.8388
2904	0.318516	87.5216
2905	0.303672	79.8061
2906	0.325506	91.1434
2907	0.307438	80.6442
2908	0.341981	101.253
2909	0.304927	82.4759
2910	0.307268	82.1963
2911	0.316174	86.2062
2912	0.324992	89.9057
2913	0.330268	93.4852
2914	0.316678	84.3724
2915	0.29778	77.8543
2916	0.31549	82.848
2917	0.325474	91.2412
2918	0.317623	85.1788
2919	0.322121	92.6417
2920	0.325004	90.6535
2921	0.31567	85.1689
2922	0.31716	84.927
2923	0.305682	82.299
2924	0.335253	98.2425
2925	0.318626	89.059
2926	0.327699	94.7252
2927	0.305719	80.5202
2928	0.319729	87.9764
2929	0.330706	94.9412
2930	0.322323	89.909
2931	0.315788	83.542
2932	0.329871	91.5418
2933	0.325819	92.3792
2934	0.330385	92.1928
2935	0.304691	78.0219
2936	0.345582	102.722
2937	0.319457	87.9726
2938	0.288763	71.9192
2939	0.304083	76.5849
2940	0.323643	93.3754
2941	0.310753	82.0953
2942	0.335547	96.3585
2943	0.330964	92.779
2944	0.315016	87.7452
2945	0.328639	89.1789
2946	0.30852	79.8786
2947	0.306663	83.6063
2948	0.321085	89.461
2949	0.313042	82.6678
2950	0.315068	86.2663
2951	0.291352	72.2755
2952	0.32002	87.5265
2953	0.322363	86.9753
2954	0.322035	87.4389
2955	0.316214	87.659
2956	0.311402	83.8273
2957	0.307967	83.6535
2958	0.309776	82.0316
2959	0.324406	91.6463
2960	0.311488	85.6628
2961	0.311503	85.0716
2962	0.312	81.467
2963	0.308539	81.7405
2964	0.317856	87.9515
2965	0.308364	81.3739
2966	0.301521	78.2679
2967	0.319493	86.8525
2968	0.302529	80.9149
2969	0.307349	83.0263
2970	0.293767	75.762
2971	0.326655	91.1119
2972	0.302724	78.8005
2973	0.315432	87.4206
2974	0.308101	79.5448
2975	0.318282	89.4055
2976	0.31734	88.868
2977	0.314117	85.4854
2978	0.310376	82.7417
2979	0.3291	91.5032
2980	0.332471	94.6874
2981	0.318093	85.9239
2982	0.302745	79.2045
2983	0.313597	85.6456
2984	0.305695	80.912
2985	0.288904	71.9973
2986	0.307186	81.6077
2987	0.336515	99.0379
2988	0.3149	85.9462
2989	0.311182	83.5831
2990	0.310284	82.6872
2991	0.313003	82.7611
2992	0.32756	95.7105
2993	0.305577	79.8872
2994	0.319289	88.0082
2995	0.310187	83.6874
2996	0.316545	88.9248
2997	0.309681	82.3139
2998	0.301878	80.6577
2999	0.317699	88.8651
