0	0.32167	86.0033
1	0.307163	80.7145
2	0.325209	91.0057
3	0.318141	85.7614
4	0.308562	81.5437
5	0.311952	82.3334
6	0.309956	81.9776
7	0.329724	93.3244
8	0.319798	88.2738
9	0.316161	83.1921
10	0.313552	84.7786
11	0.295314	72.7762
12	0.326718	91.4587
13	0.325901	93.2593
14	0.308547	81.3243
15	0.322374	89.5167
16	0.339457	102.389
17	0.306554	81.0001
18	0.314633	83.1836
19	0.317007	85.8797
20	0.305483	80.8958
21	0.334058	97.5063
22	0.315827	85.5591
23	0.31497	83.9197
24	0.303583	80.5065
25	0.325631	90.8377
26	0.296739	73.4914
27	0.325521	91.9499
28	0.321836	90.926
29	0.312357	86.0347
30	0.330966	91.2337
31	0.335933	96.8886
32	0.318432	85.7602
33	0.314622	87.8246
34	0.31137	83.7436
35	0.308717	81.4157
36	0.310061	84.1448
37	0.322083	90.1172
38	0.328645	95.4469
39	0.293152	74.2702
40	0.318775	89.3935
41	0.298174	75.2561
42	0.319809	87.9143
43	0.320534	90.2661
44	0.326152	92.5193
45	0.322726	88.4768
46	0.318476	88.3831
47	0.301599	79.2814
48	0.316469	88.4358
49	0.320807	86.8626
50	0.31701	83.7702
51	0.297534	77.9192
52	0.286653	70.3309
53	0.335964	97.2833
54	0.329684	94.1326
55	0.314979	85.845
56	0.351582	102.704
57	0.318588	84.7443
58	0.312714	83.7329
59	0.312532	82.7786
60	0.299883	75.2065
61	0.30748	79.8376
62	0.30573	79.278
63	0.310915	83.4449
64	0.328091	95.4397
65	0.31094	84.5042
66	0.302143	78.1732
67	0.313103	85.7469
68	0.31711	83.0449
69	0.310079	82.7062
70	0.316843	86.619
71	0.315038	85.8208
72	0.323051	92.2929
73	0.311039	84.5186
74	0.316979	85.6099
75	0.336739	99.9017
76	0.305656	83.9337
77	0.302123	84.6179
78	0.329047	93.7475
79	0.301356	78.2401
80	0.322605	88.5099
81	0.315237	85.93
82	0.319916	88.2641
83	0.330049	95.6739
84	0.338067	96.9902
85	0.318215	87.8536
86	0.307323	79.4236
87	0.321107	89.2767
88	0.308823	84.3445
89	0.314348	88.441
90	0.328288	89.6264
91	0.320358	88.0798
92	0.315303	85.9979
93	0.318013	89.1369
94	0.334663	95.204
95	0.322746	90.9721
96	0.32031	86.6968
97	0.308191	80.5186
98	0.321881	88.8867
99	0.305026	81.051
100	0.318289	84.3525
101	0.312947	84.4791
102	0.305887	79.9657
103	0.317773	88.1153
104	0.307803	81.6739
105	0.306629	79.2614
106	0.307068	79.1617
107	0.317277	87.0726
108	0.30688	82.6655
109	0.307618	83.8506
110	0.317217	87.4907
111	0.323277	92.2398
112	0.321769	85.3314
113	0.336531	99.29
114	0.323664	88.3993
115	0.309244	84.6184
116	0.320952	88.7145
117	0.316756	85.7756
118	0.324192	92.1238
119	0.322648	90.9389
120	0.307563	84.0041
121	0.317238	87.8462
122	0.317121	86.299
123	0.327094	92.269
124	0.316341	88.0732
125	0.324094	92.3434
126	0.337968	101.398
127	0.33562	96.4876
128	0.32245	87.971
129	0.319174	90.0915
130	0.304353	82.786
131	0.306088	80.3016
132	0.307617	82.7621
133	0.334255	95.8878
134	0.331014	93.8152
135	0.305929	79.3245
136	0.320484	89.4119
137	0.327364	89.1624
138	0.301796	82.1491
139	0.327543	94.2405
140	0.316554	89.6118
141	0.337662	97.816
142	0.305434	78.4794
143	0.312864	83.7759
144	0.313629	83.9424
145	0.318537	87.9046
146	0.326711	92.0402
147	0.330762	91.716
148	0.320094	89.2084
149	0.313927	83.9056
150	0.317014	89.6681
151	0.31067	82.4657
152	0.320668	86.5754
153	0.314518	83.4086
154	0.309421	81.3613
155	0.326698	93.5487
156	0.31931	88.8603
157	0.311722	83.7572
158	0.317695	84.5246
159	0.326164	89.696
160	0.312441	83.3375
161	0.317131	85.9408
162	0.319021	87.9126
163	0.314382	82.3699
164	0.327467	91.8966
165	0.32767	93.5426
166	0.323028	91.3802
167	0.315621	86.0137
168	0.294816	75.3494
169	0.311933	81.1355
170	0.329641	93.4007
171	0.293209	71.6667
172	0.318375	84.2652
173	0.31598	87.6107
174	0.312266	84.7343
175	0.325651	93.0111
176	0.325463	91.0273
177	0.318729	88.4984
178	0.324908	86.6073
179	0.319416	89.4083
180	0.323137	88.6546
181	0.316136	85.354
182	0.310085	83.2412
183	0.307679	83.0925
184	0.315103	85.7694
185	0.325183	90.939
186	0.318022	84.5534
187	0.32378	92.8078
188	0.315342	83.8057
189	0.316535	88.5559
190	0.308267	79.4283
191	0.297726	75.0953
192	0.301622	78.2648
193	0.333235	98.4305
194	0.327806	92.6705
195	0.304327	79.2492
196	0.319245	90.3491
197	0.327311	91.9264
198	0.301205	78.6282
199	0.306164	82.6049
200	0.324021	90.8665
201	0.313651	84.9975
202	0.324639	94.8571
203	0.320774	89.1387
204	0.320475	85.1646
205	0.329975	90.5274
206	0.310447	82.417
207	0.310484	81.1235
208	0.299935	78.7639
209	0.30918	81.6048
210	0.310974	84.5782
211	0.312117	82.5336
212	0.336794	97.0213
213	0.298517	76.5753
214	0.325084	91.352
215	0.317014	86.063
216	0.317648	86.8973
217	0.30646	80.8205
218	0.31286	85.0623
219	0.310182	79.4991
220	0.306397	79.8102
221	0.328635	92.0194
222	0.326042	92.2161
223	0.330926	94.8981
224	0.28513	68.7403
225	0.318157	88.0935
226	0.309803	83.455
227	0.297268	74.8736
228	0.311599	84.3874
229	0.32784	92.8279
230	0.319107	86.4282
231	0.329464	92.7254
232	0.305939	81.5844
233	0.335166	98.8361
234	0.310093	81.1107
235	0.324477	88.5485
236	0.312271	83.5137
237	0.311875	79.5168
238	0.314657	80.7893
239	0.317273	85.8942
240	0.315327	82.7475
241	0.308874	83.0434
242	0.318375	90.0364
243	0.328151	91.9625
244	0.3202	90.6285
245	0.314196	85.2195
246	0.307383	79.3797
247	0.315639	83.0586
248	0.316066	85.6357
249	0.327852	90.1125
250	0.323529	93.218
251	0.322938	92.3666
252	0.3284	92.0773
253	0.305038	80.406
254	0.332357	97.1283
255	0.31436	88.3316
256	0.31622	88.8105
257	0.328958	92.6069
258	0.31261	78.2909
259	0.336065	95.8466
260	0.317291	85.4673
261	0.322105	92.3173
262	0.322353	89.1684
263	0.310331	83.5536
264	0.333892	93.3322
265	0.326461	93.0782
266	0.324677	89.7466
267	0.306141	78.7766
268	0.325228	95.2672
269	0.340901	99.8277
270	0.324073	90.9784
271	0.328872	94.8075
272	0.32091	89.1057
273	0.330628	96.408
274	0.314376	88.7169
275	0.305156	78.8789
276	0.329756	93.2975
277	0.328866	88.9693
278	0.326654	93.6163
279	0.33874	95.1006
280	0.28343	66.9316
281	0.315893	86.0528
282	0.312993	81.1408
283	0.333938	97.3394
284	0.326516	93.3351
285	0.322121	88.0315
286	0.298725	77.7691
287	0.304916	79.8664
288	0.298649	76.1205
289	0.325758	89.762
290	0.314419	84.032
291	0.319014	85.4898
292	0.313636	82.5469
293	0.305359	78.9285
294	0.329561	92.295
295	0.310442	80.9637
296	0.325942	90.4798
297	0.325166	94.1243
298	0.299499	74.7334
299	0.308403	81.2667
300	0.310989	82.6631
301	0.331921	96.2251
302	0.31286	84.936
303	0.31464	85.8069
304	0.311393	84.3547
305	0.323404	92.0649
306	0.325073	94.2318
307	0.308916	80.6495
308	0.321272	90.3275
309	0.309171	83.6966
310	0.315483	85.7047
311	0.320021	90.6804
312	0.313485	84.852
313	0.296814	72.2258
314	0.32957	89.2328
315	0.319172	91.477
316	0.316382	84.9714
317	0.314659	85.2064
318	0.336654	93.3772
319	0.32981	94.663
320	0.311748	81.6524
321	0.315211	85.4274
322	0.311458	79.1348
323	0.332782	95.5435
324	0.330674	90.4803
325	0.32416	91.0172
326	0.311847	85.6742
327	0.319548	87.5134
328	0.311985	86.3512
329	0.321318	88.5046
330	0.339047	100.283
331	0.341488	102.194
332	0.315117	86.865
333	0.32002	91.551
334	0.303013	80.0882
335	0.308257	78.4299
336	0.317105	84.7543
337	0.318682	87.6105
338	0.311389	85.3338
339	0.33481	97.0469
340	0.325059	88.6554
341	0.308917	82.1278
342	0.320395	87.1506
343	0.311805	84.0369
344	0.312805	83.1004
345	0.304929	79.9171
346	0.312369	85.9418
347	0.330487	95.4237
348	0.30943	83.5376
349	0.312566	83.7889
350	0.325914	90.1735
351	0.307682	80.3773
352	0.31579	88.0441
353	0.316611	85.9412
354	0.332545	95.0355
355	0.307666	83.4831
356	0.311216	82.2386
357	0.317037	84.2812
358	0.33035	93.4737
359	0.307786	81.3364
360	0.322812	89.9561
361	0.325868	92.4832
362	0.302349	78.6626
363	0.302706	78.1921
364	0.313056	86.525
365	0.307639	80.2893
366	0.320316	89.9474
367	0.298183	78.6821
368	0.317207	87.0347
369	0.309456	82.466
370	0.302252	76.6624
371	0.310561	80.7858
372	0.324415	88.5046
373	0.309381	83.9821
374	0.329532	96.9993
375	0.324388	89.3684
376	0.333196	94.9456
377	0.305186	77.8785
378	0.321087	89.3624
379	0.306997	85.0714
380	0.315986	83.6958
381	0.319788	89.3895
382	0.340147	99.536
383	0.323531	88.2633
384	0.321525	85.9469
385	0.333765	97.0585
386	0.310258	83.2184
387	0.320524	90.2229
388	0.325423	92.1303
389	0.319419	82.4129
390	0.30941	82.1083
391	0.304093	78.7121
392	0.32575	90.2266
393	0.305173	78.6738
394	0.323531	84.9384
395	0.321446	87.1053
396	0.324484	90.1312
397	0.329557	92.6086
398	0.320449	90.8581
399	0.314661	86.413
400	0.316385	84.2984
401	0.326909	90.9668
402	0.325672	88.6524
403	0.311761	87.7008
404	0.310738	82.7813
405	0.311918	84.5203
406	0.318396	88.0319
407	0.331925	96.4718
408	0.309266	82.3857
409	0.321667	90.3849
410	0.311639	80.2723
411	0.31475	86.4687
412	0.316699	87.5657
413	0.317894	90.0972
414	0.322744	90.0217
415	0.322156	92.2695
416	0.325619	90.1071
417	0.320932	86.9284
418	0.317478	87.733
419	0.333632	96.2203
420	0.319049	85.2643
421	0.322798	90.3228
422	0.328771	95.2711
423	0.326362	93.5796
424	0.316402	86.631
425	0.308731	83.6023
426	0.315087	82.2068
427	0.332358	95.8655
428	0.313641	84.7913
429	0.320791	90.367
430	0.319366	88.3791
431	0.310285	77.3178
432	0.31231	81.193
433	0.33058	96.4917
434	0.315517	86.4516
435	0.320256	88.2219
436	0.319489	86.5221
437	0.326238	94.1158
438	0.301686	77.3421
439	0.326192	93.0196
440	0.329364	92.0034
441	0.315156	83.8392
442	0.311616	83.6675
443	0.332848	95.0678
444	0.314144	86.2006
445	0.325616	93.3429
446	0.326133	94.4544
447	0.293322	72.9966
448	0.317137	87.7753
449	0.315823	87.2593
450	0.311251	84.0839
451	0.324009	91.5448
452	0.332598	95.2429
453	0.314203	86.2361
454	0.312323	86.9247
455	0.315035	87.0664
456	0.316419	82.4412
457	0.318712	85.8515
458	0.32166	89.6409
459	0.332405	93.6941
460	0.302129	79.9555
461	0.312474	85.0481
462	0.311804	90.8104
463	0.308946	80.1421
464	0.338418	97.3932
465	0.312039	81.3703
466	0.315625	84.663
467	0.336073	94.3791
468	0.30379	80.9692
469	0.33815	99.5084
470	0.341765	101.953
471	0.311496	83.0919
472	0.296255	78.6689
473	0.322133	87.763
474	0.309222	84.5681
475	0.315521	84.4089
476	0.327682	93.4563
477	0.325101	94.4717
478	0.310645	82.6807
479	0.309878	84.8324
480	0.322658	89.2757
481	0.297041	77.2627
482	0.309604	82.8884
483	0.320582	90.3702
484	0.320751	86.6467
485	0.310172	80.9244
486	0.320741	89.051
487	0.321037	86.2178
488	0.339616	97.3441
489	0.324215	90.6395
490	0.31822	85.189
491	0.331372	98.5456
492	0.327704	87.0782
493	0.315078	84.5561
494	0.321595	89.405
495	0.314229	85.4285
496	0.312804	83.6328
497	0.309311	83.5265
498	0.315885	84.0799
499	0.315937	87.2048
500	0.317611	85.1864
501	0.319799	87.3568
502	0.317325	84.4788
503	0.316909	89.1377
504	0.308367	82.2695
505	0.315742	85.4534
506	0.340101	98.1752
507	0.333515	97.4395
508	0.317751	88.4834
509	0.315588	86.4732
510	0.308652	77.5904
511	0.320413	87.8409
512	0.311561	81.6925
513	0.340827	99.511
514	0.325825	87.4759
515	0.33107	93.6441
516	0.320851	87.7398
517	0.322568	90.8331
518	0.315483	88.4666
519	0.331061	94.5557
520	0.315138	87.0227
521	0.317318	86.4899
522	0.323955	90.8804
523	0.321036	91.0577
524	0.307552	77.5687
525	0.334381	95.8703
526	0.310529	86.564
527	0.331846	92.4539
528	0.315386	87.5163
529	0.324756	89.9393
530	0.326378	94.3925
531	0.298986	77.5549
532	0.307056	79.269
533	0.328292	92.5122
534	0.309605	80.3008
535	0.314202	85.0353
536	0.329726	91.4105
537	0.316038	85.3997
538	0.32536	92.2284
539	0.314678	86.3993
540	0.305001	76.8427
541	0.335896	95.3801
542	0.303666	81.5407
543	0.313377	81.3204
544	0.342231	100.253
545	0.308857	82.4383
546	0.315991	89.5276
547	0.306768	79.4266
548	0.313312	82.0008
549	0.318343	86.0152
550	0.32068	87.179
551	0.313163	90.4827
552	0.318405	87.4407
553	0.308832	80.006
554	0.318892	87.823
555	0.30858	80.4684
556	0.335883	97.5578
557	0.312798	82.8503
558	0.327416	93.4845
559	0.33032	95.3126
560	0.345931	103.838
561	0.309449	82.0066
562	0.318353	88.6734
563	0.331111	94.7801
564	0.309271	82.6729
565	0.305568	83.6592
566	0.311081	84.2596
567	0.334517	95.5168
568	0.316314	84.3354
569	0.3136	84.2463
570	0.328361	92.6373
571	0.322024	89.6635
572	0.318467	87.3914
573	0.297291	79.3894
574	0.312783	85.4076
575	0.31832	88.2445
576	0.325579	91.0602
577	0.322351	90.9675
578	0.340174	95.6964
579	0.324118	91.537
580	0.324199	92.8912
581	0.327261	91.3144
582	0.313577	85.6531
583	0.300008	76.3335
584	0.326482	92.0368
585	0.313081	81.8738
586	0.313165	84.5166
587	0.30954	82.3806
588	0.312586	86.4004
589	0.330909	91.9875
590	0.328213	94.2062
591	0.317918	86.6394
592	0.301316	75.8057
593	0.327925	93.9941
594	0.311043	82.3616
595	0.312106	85.1386
596	0.332153	100.113
597	0.321484	91.1925
598	0.331021	95.1931
599	0.326681	90.6873
600	0.342266	101.048
601	0.316174	85.4265
602	0.30875	81.7344
603	0.323604	88.7541
604	0.330717	94.158
605	0.330395	93.3424
606	0.310114	84.0838
607	0.305101	80.0234
608	0.311759	79.7657
609	0.307302	81.5649
610	0.314138	86.1478
611	0.310795	84.2304
612	0.314204	88.3391
613	0.299852	76.2143
614	0.306194	82.6561
615	0.339498	98.5468
616	0.338891	100.263
617	0.315895	87.2593
618	0.336786	101.728
619	0.329544	90.9786
620	0.310427	85.6984
621	0.312912	88.1276
622	0.305413	79.7222
623	0.319015	91.5063
624	0.320565	90.295
625	0.312135	84.9387
626	0.321019	90.3351
627	0.322887	86.994
628	0.303805	77.3001
629	0.30712	83.0142
630	0.317923	85.2353
631	0.318642	89.3677
632	0.317969	85.4792
633	0.315758	89.0897
634	0.306045	79.535
635	0.321894	90.7501
636	0.320247	86.3176
637	0.306599	82.225
638	0.310054	82.4437
639	0.32076	89.2535
640	0.325733	90.3021
641	0.322136	88.024
642	0.317847	86.1176
643	0.320216	90.3457
644	0.314582	81.1856
645	0.345127	104.099
646	0.345545	104.853
647	0.317231	87.0498
648	0.304522	76.6282
649	0.319637	87.0088
650	0.325048	86.9591
651	0.325416	90.7184
652	0.321782	87.4987
653	0.31225	84.0078
654	0.316362	83.97
655	0.324424	88.865
656	0.320334	93.2988
657	0.330373	94.1722
658	0.308785	81.4447
659	0.311347	83.2689
660	0.327058	91.4452
661	0.32321	87.354
662	0.323378	90.6408
663	0.317856	86.8721
664	0.310699	83.18
665	0.329271	91.8636
666	0.334022	95.3093
667	0.31973	88.4745
668	0.32527	93.4591
669	0.305472	79.227
670	0.322846	87.3047
671	0.322409	92.1372
672	0.319607	85.7088
673	0.331947	95.9756
674	0.304286	77.9797
675	0.336744	97.5657
676	0.325192	89.8348
677	0.314011	86.1038
678	0.310368	83.7836
679	0.307281	79.8656
680	0.323698	89.1615
681	0.324196	92.4986
682	0.328377	91.3895
683	0.304161	75.9069
684	0.32641	90.161
685	0.317791	87.8329
686	0.305925	81.8415
687	0.331196	96.127
688	0.303948	80.0596
689	0.309797	84.5719
690	0.316883	88.1029
691	0.321723	84.7378
692	0.328795	94.7139
693	0.305925	85.24
694	0.322582	92.4323
695	0.322587	89.7472
696	0.327906	92.8027
697	0.309184	84.1319
698	0.312455	82.7685
699	0.308496	81.7298
700	0.330353	93.6385
701	0.334208	98.6336
702	0.321841	89.3814
703	0.31435	89.3444
704	0.332294	96.0375
705	0.337493	98.2351
706	0.319781	86.8658
707	0.307259	83.4029
708	0.309298	82.1277
709	0.329526	95.626
710	0.319739	85.3444
711	0.318129	89.1396
712	0.333273	93.5396
713	0.326424	90.5649
714	0.314145	84.2443
715	0.31513	84.8202
716	0.313798	85.7447
717	0.314718	86.2435
718	0.310191	84.6552
719	0.320605	92.1418
720	0.33941	97.3598
721	0.327702	92.0022
722	0.311937	85.74
723	0.326326	88.8553
724	0.317438	87.0571
725	0.312911	83.4223
726	0.294914	71.4933
727	0.331689	94.3681
728	0.3123	83.3216
729	0.310856	84.6554
730	0.325725	93.6428
731	0.3132	83.6179
732	0.335006	101.113
733	0.319091	86.0621
734	0.322485	90.9138
735	0.325713	90.6965
736	0.3225	90.3443
737	0.291944	71.5017
738	0.321995	90.5877
739	0.316067	85.4217
740	0.344459	104.484
741	0.31818	85.1519
742	0.31372	83.9643
743	0.325144	90.2929
744	0.325053	94.3907
745	0.320643	90.0692
746	0.325518	92.1578
747	0.312523	86.4164
748	0.327291	89.9096
749	0.327035	93.611
750	0.320419	88.0997
751	0.308806	79.3082
752	0.32229	88.5259
753	0.311877	81.6861
754	0.332534	92.9455
755	0.323432	88.9907
756	0.321832	84.9473
757	0.319034	83.1096
758	0.299532	77.5888
759	0.309074	82.5304
760	0.317717	88.556
761	0.317012	84.6064
762	0.315913	86.9339
763	0.319908	85.1355
764	0.307682	81.0539
765	0.31069	80.0473
766	0.319293	88.5441
767	0.303152	78.509
768	0.319719	88.594
769	0.31009	83.0777
770	0.315329	86.5408
771	0.328708	92.8148
772	0.307106	82.6245
773	0.32202	90.3514
774	0.327831	93.3444
775	0.320362	91.5474
776	0.332854	97.7523
777	0.316155	85.0033
778	0.323926	88.698
779	0.305452	79.5991
780	0.314734	84.5037
781	0.305157	80.3886
782	0.316534	85.935
783	0.336402	96.6736
784	0.31964	88.9158
785	0.327523	91.5036
786	0.326312	91.3506
787	0.318669	87.3681
788	0.31194	82.269
789	0.337988	100.674
790	0.308081	81.4926
791	0.325725	91.1947
792	0.322948	91.5097
793	0.308944	82.8525
794	0.315974	85.9324
795	0.314953	83.8246
796	0.309698	84.5638
797	0.306396	81.2975
798	0.312643	82.8631
799	0.312992	86.9226
800	0.312166	82.6224
801	0.326782	91.2507
802	0.324563	87.8267
803	0.310027	83.9741
804	0.311693	86.9279
805	0.317649	90.2256
806	0.308515	80.9261
807	0.311805	82.8411
808	0.324608	90.1622
809	0.335027	96.8799
810	0.322341	89.016
811	0.324618	89.9818
812	0.310849	83.965
813	0.317976	83.8826
814	0.317372	85.8203
815	0.300001	73.9353
816	0.310669	82.2252
817	0.323012	94.0547
818	0.309472	84.5841
819	0.305778	80.4807
820	0.329876	92.8096
821	0.317764	86.6996
822	0.317716	87.407
823	0.319855	86.6366
824	0.318011	88.0433
825	0.314227	88.0948
826	0.311093	87.5315
827	0.306136	79.7078
828	0.328318	93.3969
829	0.318693	88.1855
830	0.333316	97.4636
831	0.314585	86.9969
832	0.31922	87.4549
833	0.305531	78.5942
834	0.320573	91.8006
835	0.337627	98.0314
836	0.323138	88.7668
837	0.300569	77.5035
838	0.321681	87.0606
839	0.321053	89.469
840	0.315362	83.1868
841	0.321007	86.7775
842	0.327345	93.5588
843	0.31007	81.3753
844	0.320004	88.2854
845	0.309683	84.0033
846	0.320624	88.2345
847	0.326232	90.1214
848	0.318482	86.5506
849	0.328061	95.3206
850	0.316123	86.1861
851	0.309759	83.8409
852	0.330506	92.1492
853	0.325189	90.3763
854	0.31709	87.5367
855	0.315652	81.7121
856	0.324468	88.2209
857	0.315291	85.7662
858	0.329448	94.9591
859	0.304433	81.6893
860	0.315271	84.3264
861	0.333925	97.3066
862	0.300314	79.3373
863	0.320478	89.2302
864	0.326618	91.9671
865	0.316676	85.1617
866	0.325909	90.8979
867	0.308868	80.3657
868	0.316911	86.4688
869	0.311029	79.0193
870	0.326925	91.7616
871	0.344005	102.254
872	0.301097	79.1732
873	0.330523	95.3523
874	0.312996	84.1988
875	0.320251	89.3734
876	0.33364	96.8588
877	0.32826	89.77
878	0.320441	90.8157
879	0.312673	84.5556
880	0.312597	84.6374
881	0.324524	93.9186
882	0.324505	87.4563
883	0.315883	86.427
884	0.31479	84.0548
885	0.328966	94.0725
886	0.31833	87.2137
887	0.331104	95.7327
888	0.292917	71.25
889	0.328374	88.7549
890	0.318903	88.7708
891	0.320147	88.8655
892	0.321651	90.2448
893	0.322215	85.8517
894	0.318257	86.4893
895	0.324241	97.6588
896	0.31444	83.1788
897	0.321981	88.4069
898	0.311431	83.2825
899	0.321634	89.4987
900	0.31443	84.0472
901	0.323103	86.0692
902	0.322319	87.9974
903	0.318404	86.2738
904	0.322203	92.4785
905	0.312358	82.0964
906	0.317477	87.9841
907	0.334401	93.9747
908	0.339042	100.605
909	0.314347	85.4558
910	0.298203	75.5974
911	0.344771	102.708
912	0.322676	86.8354
913	0.319994	88.1414
914	0.323482	89.6043
915	0.336313	98.3455
916	0.315583	83.205
917	0.338275	101.435
918	0.327759	93.4442
919	0.321001	90.3987
920	0.319438	89.2165
921	0.314553	83.0566
922	0.309717	82.3067
923	0.325377	90.3932
924	0.322277	90.0184
925	0.307567	83.4989
926	0.336205	96.6844
927	0.323697	93.5828
928	0.318597	84.9257
929	0.30302	80.8184
930	0.322971	88.9098
931	0.323477	89.976
932	0.313067	84.3624
933	0.332943	96.8031
934	0.329628	93.1757
935	0.324584	94.1721
936	0.336058	96.7018
937	0.317498	85.0692
938	0.318013	83.4839
939	0.309407	81.1287
940	0.330654	93.9811
941	0.320082	88.7514
942	0.336253	94.9238
943	0.294347	75.5289
944	0.31091	81.5331
945	0.331358	95.5071
946	0.309101	80.7754
947	0.298636	78.0011
948	0.313318	85.4299
949	0.307154	81.2932
950	0.331137	97.5107
951	0.310411	79.7232
952	0.326283	90.1678
953	0.300106	75.7131
954	0.315735	86.5983
955	0.303691	77.6073
956	0.315218	87.848
957	0.31134	85.7803
958	0.313966	81.7106
959	0.336628	97.3486
960	0.316034	86.9983
961	0.317409	88.1431
962	0.331079	92.7436
963	0.315675	85.3433
964	0.304845	78.1717
965	0.321011	86.3219
966	0.30711	81.944
967	0.327763	94.3276
968	0.328151	90.3595
969	0.319685	88.4862
970	0.30853	77.491
971	0.327092	91.4754
972	0.336109	96.8728
973	0.315941	82.9836
974	0.305862	83.8498
975	0.32488	92.4758
976	0.310838	82.2466
977	0.330898	94.6778
978	0.322817	88.6733
979	0.318838	89.9478
980	0.328173	89.4431
981	0.305332	78.185
982	0.319866	89.1726
983	0.320834	89.5013
984	0.319172	89.1689
985	0.330086	92.0856
986	0.323553	88.7897
987	0.328471	95.0442
988	0.318495	90.6479
989	0.332328	96.2511
990	0.330672	90.8136
991	0.308734	84.1273
992	0.325867	92.0925
993	0.336091	96.148
994	0.317459	85.4315
995	0.328264	92.4202
996	0.294268	76.518
997	0.299618	75.957
998	0.322599	85.7698
999	0.3315	93.1452
1000	0.322495	87.3298
1001	0.324268	90.4403
1002	0.335144	94.1003
1003	0.322478	90.4393
1004	0.300734	75.439
1005	0.319432	86.4455
1006	0.324765	96.1283
1007	0.317889	85.659
1008	0.325677	94.3833
1009	0.325738	90.5765
1010	0.332013	95.0083
1011	0.311493	80.224
1012	0.316273	85.4947
1013	0.306477	81.9481
1014	0.32703	91.5541
1015	0.314326	85.2714
1016	0.312014	85.1996
1017	0.315431	84.615
1018	0.299085	76.5763
1019	0.308219	82.8293
1020	0.32341	92.5236
1021	0.313428	86.3943
1022	0.317132	84.1849
1023	0.329576	93.695
1024	0.327482	95.0132
1025	0.330194	92.7956
1026	0.313008	87.4546
1027	0.319102	85.3471
1028	0.314948	84.6394
1029	0.314707	83.4063
1030	0.332014	97.4012
1031	0.327155	95.9171
1032	0.335605	94.0155
1033	0.327974	90.4813
1034	0.322558	90.8444
1035	0.299015	77.7812
1036	0.326151	91.9924
1037	0.316496	87.148
1038	0.285597	72.8621
1039	0.33045	93.1915
1040	0.317358	87.4218
1041	0.313366	85.2137
1042	0.307876	83.3667
1043	0.302192	73.8131
1044	0.327096	94.4981
1045	0.316742	85.1823
1046	0.31054	82.3884
1047	0.320702	88.427
1048	0.320961	89.5841
1049	0.338895	99.3184
1050	0.316659	89.5363
1051	0.303279	77.4837
1052	0.339693	99.0778
1053	0.327707	91.3552
1054	0.321995	90.727
1055	0.330013	94.7961
1056	0.335667	95.5139
1057	0.326922	94.8188
1058	0.302892	79.5456
1059	0.311603	80.6723
1060	0.308503	81.231
1061	0.316729	88.276
1062	0.329662	96.6037
1063	0.32449	91.711
1064	0.311597	85.1815
1065	0.30154	75.2685
1066	0.313221	84.9204
1067	0.319309	88.9971
1068	0.311867	83.1307
1069	0.309532	81.3246
1070	0.309836	83.8294
1071	0.326369	92.7306
1072	0.315414	83.759
1073	0.318821	83.3197
1074	0.311358	83.1429
1075	0.334074	95.0903
1076	0.314547	86.476
1077	0.327153	90.1842
1078	0.316712	87.4131
1079	0.320674	89.2233
1080	0.322716	88.3549
1081	0.305428	78.5894
1082	0.337762	94.0017
1083	0.323346	92.8222
1084	0.307609	82.0448
1085	0.313621	87.1096
1086	0.313503	85.8834
1087	0.312618	84.7048
1088	0.341172	100.203
1089	0.331233	94.8244
1090	0.310536	83.7364
1091	0.305332	78.9946
1092	0.324156	91.9802
1093	0.329362	95.7783
1094	0.314563	85.7305
1095	0.316952	88.9433
1096	0.328758	90.9489
1097	0.329281	92.2948
1098	0.327135	91.722
1099	0.322028	87.7215
1100	0.320297	90.8267
1101	0.329744	92.7949
1102	0.326611	91.5616
1103	0.31974	88.5131
1104	0.31042	79.772
1105	0.304779	79.207
1106	0.299608	76.9839
1107	0.313452	82.9199
1108	0.335413	98.5272
1109	0.292063	75.5987
1110	0.329066	94.8221
1111	0.317511	88.1041
1112	0.299906	76.7916
1113	0.306044	81.5419
1114	0.318887	85.7777
1115	0.31898	88.863
1116	0.320142	92.3487
1117	0.311421	87.4594
1118	0.313843	88.5881
1119	0.32886	96.0777
1120	0.30927	83.0178
1121	0.317855	86.3775
1122	0.306007	80.2253
1123	0.31746	84.2848
1124	0.317169	85.2614
1125	0.311195	82.2715
1126	0.337743	100.003
1127	0.311775	82.7578
1128	0.326171	92.4043
1129	0.330186	94.6622
1130	0.313429	82.3523
1131	0.313026	80.5402
1132	0.333461	98.8355
1133	0.313113	84.8501
1134	0.321482	89.303
1135	0.319895	87.1794
1136	0.326971	93.735
1137	0.320246	90.8467
1138	0.328563	94.6338
1139	0.308966	80.682
1140	0.304416	81.902
1141	0.318611	87.9654
1142	0.316136	84.7914
1143	0.311919	82.9489
1144	0.308156	80.4506
1145	0.323463	92.3316
1146	0.302588	77.5573
1147	0.327664	95.7772
1148	0.324323	93.8022
1149	0.298212	77.2428
1150	0.334883	95.1265
1151	0.309962	84.8795
1152	0.313575	83.2856
1153	0.342232	100.686
1154	0.329628	90.8833
1155	0.319822	87.3609
1156	0.31191	83.9404
1157	0.323094	88.9258
1158	0.311604	86.021
1159	0.331303	94.9319
1160	0.340059	100.94
1161	0.300496	78.7074
1162	0.326562	92.2262
1163	0.306062	81.0949
1164	0.301703	77.8953
1165	0.310252	83.9841
1166	0.312946	82.4495
1167	0.330977	93.2607
1168	0.317799	87.8812
1169	0.317466	84.7378
1170	0.336708	95.3169
1171	0.314242	85.4991
1172	0.332456	93.0801
1173	0.306609	84.2463
1174	0.315732	86.2279
1175	0.311595	83.5967
1176	0.305974	81.8006
1177	0.324172	89.4751
1178	0.311617	83.0038
1179	0.332261	97.5891
1180	0.318709	87.482
1181	0.319733	88.7026
1182	0.330663	94.9124
1183	0.309896	81.4195
1184	0.30331	79.475
1185	0.314431	88.7341
1186	0.334881	95.2089
1187	0.310665	78.3727
1188	0.305533	82.8844
1189	0.312741	83.3938
1190	0.324676	89.0711
1191	0.32348	90.9061
1192	0.3227	90.9479
1193	0.306547	81.957
1194	0.31759	87.8417
1195	0.302665	78.8287
1196	0.312405	84.4703
1197	0.306598	80.2652
1198	0.306284	82.2462
1199	0.312317	82.0506
1200	0.310009	83.637
1201	0.306931	82.0036
1202	0.31939	87.2446
1203	0.31309	84.2732
1204	0.315462	87.4154
1205	0.322143	87.8061
1206	0.329899	95.0309
1207	0.299339	76.0565
1208	0.303189	79.5082
1209	0.33203	93.882
1210	0.3241	88.8764
1211	0.31109	83.1122
1212	0.328363	94.9512
1213	0.318559	86.1077
1214	0.313862	83.5459
1215	0.316285	85.6348
1216	0.305923	80.657
1217	0.312217	81.6108
1218	0.308455	80.9618
1219	0.330463	93.7667
1220	0.329907	92.2969
1221	0.306541	81.6437
1222	0.312813	84.2853
1223	0.328165	95.9357
1224	0.300951	77.2412
1225	0.328841	95.6309
1226	0.313962	88.2323
1227	0.319782	87.5099
1228	0.326246	91.052
1229	0.323284	93.0235
1230	0.30936	82.733
1231	0.320906	88.2907
1232	0.312614	84.9634
1233	0.347408	102.771
1234	0.312116	82.233
1235	0.324489	91.1858
1236	0.296004	74.4199
1237	0.325968	89.725
1238	0.330975	96.0029
1239	0.323108	85.1983
1240	0.335778	97.3956
1241	0.303921	79.5707
1242	0.297897	80.2436
1243	0.310609	83.0602
1244	0.313254	83.6458
1245	0.323804	90.4529
1246	0.331019	94.9643
1247	0.30096	75.0175
1248	0.319049	87.7911
1249	0.31568	82.3797
1250	0.293093	73.1636
1251	0.315087	83.0647
1252	0.312209	84.2294
1253	0.320566	89.928
1254	0.317869	85.5229
1255	0.298835	77.4685
1256	0.306663	83.1586
1257	0.321573	90.8507
1258	0.311824	84.1224
1259	0.320275	87.7877
1260	0.327931	93.15
1261	0.322444	90.048
1262	0.305524	80.5352
1263	0.334566	98.6479
1264	0.315849	88.8634
1265	0.313779	82.3699
1266	0.320693	85.4591
1267	0.313438	83.4888
1268	0.320489	90.2658
1269	0.293274	74.8052
1270	0.319885	85.9135
1271	0.300152	79.1526
1272	0.327332	90.2251
1273	0.321615	90.3944
1274	0.307668	78.539
1275	0.322283	90.1525
1276	0.313803	83.197
1277	0.313958	86.5364
1278	0.330807	93.0958
1279	0.326991	92.7792
1280	0.325747	89.7937
1281	0.312779	82.6
1282	0.30826	76.6361
1283	0.321859	92.8531
1284	0.303574	79.8312
1285	0.321203	89.1337
1286	0.307047	77.7978
1287	0.312376	85.0755
1288	0.313268	86.4717
1289	0.306268	80.1362
1290	0.351988	105.401
1291	0.315039	84.1367
1292	0.316143	86.9616
1293	0.323432	88.6026
1294	0.324988	91.192
1295	0.316961	87.0515
1296	0.311358	83.2238
1297	0.325045	88.1682
1298	0.328083	93.8464
1299	0.303297	79.0063
1300	0.318057	88.7686
1301	0.316823	86.4627
1302	0.315418	86.5422
1303	0.321709	88.0868
1304	0.339365	98.9425
1305	0.321488	87.3407
1306	0.335265	95.2565
1307	0.318973	88.5438
1308	0.300152	79.3642
1309	0.320775	90.9492
1310	0.308853	80.736
1311	0.321776	90.7971
1312	0.332876	95.6217
1313	0.323516	87.0425
1314	0.341285	100.213
1315	0.305164	77.8384
1316	0.327753	94.4869
1317	0.319677	84.3822
1318	0.299477	76.3416
1319	0.335744	96.36
1320	0.321657	90.2199
1321	0.315076	82.3321
1322	0.322547	88.9388
1323	0.317923	85.014
1324	0.31728	89.2377
1325	0.315917	86.0975
1326	0.316665	86.3679
1327	0.319731	88.7467
1328	0.301063	75.3008
1329	0.313813	86.1888
1330	0.329346	91.0897
1331	0.318039	88.1639
1332	0.316531	83.731
1333	0.330103	92.2855
1334	0.321664	89.7539
1335	0.332946	95.7146
1336	0.329319	92.6834
1337	0.315816	87.318
1338	0.305834	79.339
1339	0.322174	89.2926
1340	0.331026	93.7551
1341	0.321769	85.3494
1342	0.33163	92.0925
1343	0.326766	91.8531
1344	0.312929	81.9061
1345	0.323843	88.1436
1346	0.319299	86.2173
1347	0.313889	85.373
1348	0.326624	89.8354
1349	0.310261	78.5805
1350	0.318824	86.3646
1351	0.306494	83.0325
1352	0.296458	75.4657
1353	0.295854	74.668
1354	0.321565	89.5387
1355	0.310499	84.3609
1356	0.308306	84.188
1357	0.310401	85.5592
1358	0.322439	89.2579
1359	0.300968	75.7911
1360	0.30741	81.4801
1361	0.324767	92.0095
1362	0.315343	87.8771
1363	0.332453	90.4412
1364	0.314526	84.0404
1365	0.318921	87.0117
1366	0.319884	89.0608
1367	0.31978	87.3741
1368	0.318157	86.4255
1369	0.312829	86.135
1370	0.319376	89.2329
1371	0.311297	85.2128
1372	0.29702	75.1206
1373	0.321205	86.8117
1374	0.332364	93.659
1375	0.328766	91.9918
1376	0.320624	89.2208
1377	0.323505	88.6468
1378	0.324381	87.8218
1379	0.331157	95.9633
1380	0.307429	83.0276
1381	0.340204	97.6368
1382	0.33122	91.3673
1383	0.32843	95.0666
1384	0.317624	84.6547
1385	0.342843	101.516
1386	0.32278	89.5124
1387	0.311962	83.6646
1388	0.322764	90.5375
1389	0.307343	82.0545
1390	0.313401	85.6536
1391	0.312044	83.2681
1392	0.332708	97.5697
1393	0.334391	96.987
1394	0.312777	84.0225
1395	0.313888	87.6011
1396	0.318123	84.371
1397	0.312346	83.1329
1398	0.329364	95.316
1399	0.332056	95.1885
1400	0.316818	84.9373
1401	0.318487	88.5583
1402	0.321019	87.4609
1403	0.328429	90.2084
1404	0.321889	89.6073
1405	0.315898	85.3357
1406	0.325274	94.7548
1407	0.329703	97.5734
1408	0.311846	85.7604
1409	0.339173	99.5015
1410	0.326406	92.4562
1411	0.320583	87.4736
1412	0.299487	76.7225
1413	0.317775	88.5329
1414	0.329158	92.2859
1415	0.318796	90.0558
1416	0.330032	93.019
1417	0.324362	88.4899
1418	0.323628	86.6969
1419	0.30491	79.6279
1420	0.316894	86.1298
1421	0.31841	86.3121
1422	0.333918	98.1522
1423	0.331967	96.1685
1424	0.32009	91.6286
1425	0.325152	92.3929
1426	0.339309	97.3798
1427	0.307879	81.7637
1428	0.329901	94.9388
1429	0.323727	91.4604
1430	0.300892	78.1663
1431	0.323736	90.664
1432	0.324102	90.5196
1433	0.327859	94.8515
1434	0.311054	79.2105
1435	0.337639	95.246
1436	0.322463	86.8014
1437	0.308136	85.4677
1438	0.33409	97.2321
1439	0.341869	100.313
1440	0.303953	77.5953
1441	0.315091	86.1905
1442	0.320735	93.211
1443	0.322567	88.7632
1444	0.306786	78.4686
1445	0.32042	87.895
1446	0.322088	83.7546
1447	0.321866	88.7909
1448	0.314726	86.7184
1449	0.315208	87.685
1450	0.321159	85.8814
1451	0.327375	89.1841
1452	0.310588	84.8355
1453	0.310126	81.391
1454	0.312307	81.9834
1455	0.321425	91.4043
1456	0.305643	82.0858
1457	0.324741	92.1613
1458	0.311105	84.7564
1459	0.314311	83.1202
1460	0.304182	80.2875
1461	0.319699	92.2132
1462	0.32793	93.2925
1463	0.324932	89.9582
1464	0.319781	90.086
1465	0.310668	84.6702
1466	0.318415	83.4353
1467	0.320318	89.2509
1468	0.322766	87.5412
1469	0.343062	99.1299
1470	0.315854	84.3282
1471	0.325637	94.7966
1472	0.322984	87.8068
1473	0.334058	95.2432
1474	0.325321	90.4279
1475	0.325563	88.8487
1476	0.32723	93.993
1477	0.324548	86.987
1478	0.319488	85.8579
1479	0.324229	90.7979
1480	0.334767	96.6047
1481	0.323328	91.7045
1482	0.317827	89.647
1483	0.322887	90.0666
1484	0.324455	87.143
1485	0.315404	86.1355
1486	0.310397	82.1538
1487	0.336708	97.3343
1488	0.321684	87.6052
1489	0.308379	80.2127
1490	0.320599	88.1067
1491	0.32587	90.9588
1492	0.314898	89.0771
1493	0.300619	77.8355
1494	0.311739	84.0537
1495	0.316771	88.0966
1496	0.313147	84.3932
1497	0.296296	77.5358
1498	0.317418	86.5027
1499	0.308241	80.8042
1500	0.306704	79.9831
1501	0.313807	81.8545
1502	0.312656	85.6957
1503	0.302824	81.7796
1504	0.326142	93.8575
1505	0.294625	74.0458
1506	0.33634	96.6378
1507	0.316526	86.212
1508	0.322798	87.6821
1509	0.337306	95.3548
1510	0.313333	85.183
1511	0.297938	74.533
1512	0.327933	96.0512
1513	0.313922	85.2285
1514	0.325601	95.6898
1515	0.305122	82.6275
1516	0.340418	100.08
1517	0.315762	85.9603
1518	0.318193	87.3795
1519	0.311847	83.7864
1520	0.310765	81.3186
1521	0.297075	74.2378
1522	0.308836	82.8632
1523	0.309543	83.2751
1524	0.315237	86.6308
1525	0.322115	91.81
1526	0.311566	82.8806
1527	0.324089	87.5753
1528	0.31046	79.589
1529	0.321598	87.0422
1530	0.322176	89.08
1531	0.324122	93.5423
1532	0.318715	85.8107
1533	0.316708	86.6794
1534	0.320327	88.2576
1535	0.322986	87.5132
1536	0.326856	88.5666
1537	0.314135	82.9703
1538	0.325642	91.3075
1539	0.308918	81.7948
1540	0.315838	86.3559
1541	0.31938	87.609
1542	0.313071	86.3667
1543	0.320254	86.2561
1544	0.311093	84.1761
1545	0.321721	88.0735
1546	0.322878	92.8692
1547	0.322134	87.2815
1548	0.316754	88.0738
1549	0.311779	84.9655
1550	0.340693	102.886
1551	0.316162	82.1066
1552	0.324284	89.1714
1553	0.301955	79.3849
1554	0.303086	80.9403
1555	0.310293	84.7102
1556	0.321554	91.4553
1557	0.31253	85.5358
1558	0.310802	81.8435
1559	0.309951	86.6063
1560	0.325815	92.6988
1561	0.328929	95.5955
1562	0.31805	83.9105
1563	0.319569	88.733
1564	0.300615	81.4607
1565	0.298101	75.3568
1566	0.306173	80.987
1567	0.31662	85.9776
1568	0.311127	84.0696
1569	0.313155	83.4258
1570	0.312348	85.7158
1571	0.33169	96.9445
1572	0.2988	77.9486
1573	0.326149	93.1572
1574	0.326856	88.0579
1575	0.337406	98.7696
1576	0.323919	89.8569
1577	0.316169	84.8881
1578	0.310056	81.8128
1579	0.309943	81.0389
1580	0.318372	87.5378
1581	0.32911	94.7198
1582	0.319551	87.6344
1583	0.310531	84.273
1584	0.311212	83.2499
1585	0.307307	83.1429
1586	0.317063	85.411
1587	0.31949	88.2223
1588	0.313449	83.6973
1589	0.315385	86.0294
1590	0.305101	79.7641
1591	0.333152	95.1808
1592	0.31	83.9137
1593	0.323753	91.9038
1594	0.304006	82.2585
1595	0.314046	87.4584
1596	0.334911	97.7044
1597	0.319375	86.8401
1598	0.303801	76.0805
1599	0.329433	93.8697
1600	0.330799	94.1903
1601	0.306134	85.127
1602	0.315578	85.2727
1603	0.316854	85.8909
1604	0.297862	76.2092
1605	0.310447	81.9353
1606	0.323038	90.8406
1607	0.317338	87.6541
1608	0.318308	87.016
1609	0.328623	91.6322
1610	0.309462	82.8987
1611	0.325292	92.4698
1612	0.321563	88.7402
1613	0.325883	90.3287
1614	0.321515	91.1396
1615	0.310883	82.8186
1616	0.321628	88.0969
1617	0.320546	85.7035
1618	0.33378	94.58
1619	0.329891	93.1819
1620	0.314591	85.0264
1621	0.314454	81.9147
1622	0.295551	76.2897
1623	0.334107	96.2113
1624	0.311222	83.3141
1625	0.300365	78.9038
1626	0.329412	95.6042
1627	0.338032	95.7437
1628	0.313824	83.7535
1629	0.305157	78.5668
1630	0.325781	91.0783
1631	0.329255	94.8082
1632	0.317411	92.0716
1633	0.317716	88.3829
1634	0.316285	83.5837
1635	0.324102	88.5439
1636	0.331646	95.4456
1637	0.315506	86.5972
1638	0.324848	90.521
1639	0.311877	84.3273
1640	0.322559	87.8308
1641	0.322013	93.4935
1642	0.314355	84.0363
1643	0.311174	82.8534
1644	0.299414	77.7856
1645	0.317499	87.8117
1646	0.316647	83.4136
1647	0.303054	80.0686
1648	0.320725	85.8733
1649	0.294533	76.7189
1650	0.323429	90.9428
1651	0.329211	93.4427
1652	0.309318	82.5907
1653	0.312965	84.1773
1654	0.337441	103.666
1655	0.318351	89.8126
1656	0.322297	88.7308
1657	0.327077	91.2491
1658	0.319995	91.0427
1659	0.301646	78.6564
1660	0.302847	76.1008
1661	0.293981	76.3817
1662	0.302272	77.5537
1663	0.321501	87.0491
1664	0.306639	78.3889
1665	0.305932	81.3357
1666	0.308188	82.4903
1667	0.309892	80.2633
1668	0.318343	85.3669
1669	0.308674	83.303
1670	0.328537	92.6783
1671	0.312701	86.8223
1672	0.317735	86.3723
1673	0.311839	81.3147
1674	0.324019	91.3791
1675	0.324797	92.1592
1676	0.316992	85.6223
1677	0.331773	96.6926
1678	0.314332	82.2935
1679	0.318981	88.6411
1680	0.326812	91.0239
1681	0.322013	91.8185
1682	0.293033	74.7912
1683	0.299707	80.2187
1684	0.313941	86.6328
1685	0.314661	84.095
1686	0.326757	94.5726
1687	0.319135	90.0396
1688	0.300689	78.4702
1689	0.305802	81.0109
1690	0.321099	85.5895
1691	0.326427	90.9173
1692	0.305632	79.1743
1693	0.315795	85.5427
1694	0.319499	86.4361
1695	0.323488	92.3909
1696	0.305064	77.0322
1697	0.304277	78.3915
1698	0.319651	89.8064
1699	0.325475	94.3653
1700	0.327347	91.3695
1701	0.328853	93.1683
1702	0.322828	88.2955
1703	0.326355	88.0305
1704	0.329941	95.1721
1705	0.327114	92.5338
1706	0.319392	86.502
1707	0.320889	87.8544
1708	0.299234	78.5512
1709	0.322452	90.4966
1710	0.315807	82.2561
1711	0.304743	80.0795
1712	0.304329	79.8242
1713	0.327579	90.7767
1714	0.329001	93.9553
1715	0.320485	89.7279
1716	0.309417	84.2859
1717	0.306454	81.6522
1718	0.322595	87.0501
1719	0.319635	89.106
1720	0.321868	88.5557
1721	0.306824	80.1963
1722	0.32685	90.5402
1723	0.320585	85.143
1724	0.327456	89.8357
1725	0.311702	82.0403
1726	0.323476	89.7301
1727	0.304294	78.467
1728	0.316172	86.6909
1729	0.318122	88.3344
1730	0.309378	81.6585
1731	0.316924	86.4931
1732	0.323648	88.6372
1733	0.313345	84.8044
1734	0.331484	96.749
1735	0.319051	87.1283
1736	0.312551	86.6138
1737	0.330762	97.2164
1738	0.314374	83.202
1739	0.313233	84.7159
1740	0.328646	93.1129
1741	0.312969	82.5712
1742	0.312028	81.8564
1743	0.303913	78.307
1744	0.31096	82.7061
1745	0.319888	86.1845
1746	0.32359	89.7238
1747	0.320809	86.5547
1748	0.325069	92.7136
1749	0.31716	82.592
1750	0.320973	86.4739
1751	0.310797	81.4275
1752	0.326543	91.0864
1753	0.307835	82.7019
1754	0.324673	92.0817
1755	0.311348	82.969
1756	0.315735	85.7519
1757	0.34079	105.131
1758	0.327602	93.327
1759	0.316165	88.5231
1760	0.306585	80.933
1761	0.299428	75.8899
1762	0.31834	85.0268
1763	0.302832	74.6518
1764	0.299557	79.4147
1765	0.315703	86.5507
1766	0.322863	91.3646
1767	0.313845	83.7408
1768	0.31497	84.9445
1769	0.300215	77.2318
1770	0.306372	82.6732
1771	0.323245	89.4859
1772	0.326814	92.3809
1773	0.320937	86.3819
1774	0.300296	78.8661
1775	0.308812	81.0737
1776	0.320664	90.1983
1777	0.332932	97.3234
1778	0.309954	81.6312
1779	0.308782	83.2988
1780	0.319548	88.7906
1781	0.3207	90.5976
1782	0.312157	83.1397
1783	0.335017	96.1222
1784	0.325452	94.2906
1785	0.329813	92.9834
1786	0.323452	86.6648
1787	0.303421	80.6812
1788	0.326856	93.2509
1789	0.306308	82.5505
1790	0.316544	81.7031
1791	0.329503	93.4393
1792	0.306972	82.4894
1793	0.335359	96.5402
1794	0.313957	87.5447
1795	0.317101	87.2677
1796	0.33221	93.6067
1797	0.319326	89.6135
1798	0.319576	89.8747
1799	0.312516	83.1669
1800	0.306846	81.7482
1801	0.329942	95.4834
1802	0.328777	91.5125
1803	0.312987	81.5111
1804	0.308704	82.7304
1805	0.314004	80.6342
1806	0.31782	82.0704
1807	0.314526	84.9813
1808	0.328216	90.6718
1809	0.325352	95.2937
1810	0.31545	84.8826
1811	0.33049	94.4595
1812	0.316292	86.1986
1813	0.319538	88.0718
1814	0.317356	84.7363
1815	0.315437	86.1331
1816	0.321926	87.4893
1817	0.318494	90.3175
1818	0.320179	84.5247
1819	0.306028	80.0811
1820	0.340161	100.067
1821	0.311393	84.7362
1822	0.320227	87.2062
1823	0.306575	82.3797
1824	0.317455	87.6661
1825	0.316573	88.2774
1826	0.314395	86.5722
1827	0.319118	88.3821
1828	0.326011	92.613
1829	0.315934	83.1092
1830	0.338947	100.392
1831	0.31906	82.7778
1832	0.313516	85.176
1833	0.308595	82.3651
1834	0.329224	93.368
1835	0.316059	87.6809
1836	0.334978	96.0372
1837	0.309945	81.0954
1838	0.314929	86.2282
1839	0.305233	79.7042
1840	0.327871	94.4587
1841	0.316139	86.3
1842	0.297095	77.169
1843	0.312386	85.2106
1844	0.306348	82.377
1845	0.295235	73.7229
1846	0.316669	89.4468
1847	0.311074	82.0006
1848	0.313894	85.0854
1849	0.318908	88.1554
1850	0.313482	84.0107
1851	0.323524	92.9677
1852	0.323504	91.0276
1853	0.295009	74.019
1854	0.314941	84.0603
1855	0.31911	88.4655
1856	0.335224	97.0891
1857	0.301509	79.3969
1858	0.327808	91.2438
1859	0.329291	93.2018
1860	0.320983	91.4238
1861	0.326746	92.0241
1862	0.301782	79.2588
1863	0.311615	82.1852
1864	0.318074	87.9036
1865	0.319582	86.6633
1866	0.323597	88.3399
1867	0.316544	88.2556
1868	0.335222	98.524
1869	0.309769	83.2621
1870	0.307022	81.546
1871	0.329569	93.3214
1872	0.302623	77.5138
1873	0.302897	81.6823
1874	0.323409	86.7577
1875	0.334806	95.9691
1876	0.315575	86.2235
1877	0.30756	81.3166
1878	0.332962	98.2251
1879	0.312086	82.571
1880	0.317557	84.9547
1881	0.317227	85.4801
1882	0.318303	88.5611
1883	0.314125	84.2655
1884	0.314716	85.0613
1885	0.323917	89.3356
1886	0.313432	86.4941
1887	0.320071	87.5437
1888	0.31642	88.4249
1889	0.34118	100.162
1890	0.328406	92.2662
1891	0.304761	80.5158
1892	0.326234	96.1883
1893	0.29787	77.8638
1894	0.321481	88.0763
1895	0.327301	90.8599
1896	0.327766	92.9452
1897	0.296945	76.8263
1898	0.335073	99.183
1899	0.318326	84.3533
1900	0.30205	76.6724
1901	0.323749	91.3109
1902	0.32399	93.1252
1903	0.306641	80.7134
1904	0.307113	82.5069
1905	0.323848	92.2323
1906	0.31845	87.2886
1907	0.311937	84.271
1908	0.326521	89.0596
1909	0.303716	79.6813
1910	0.319993	85.6679
1911	0.302168	81.4864
1912	0.334873	98.2025
1913	0.331292	90.594
1914	0.331824	96.4763
1915	0.325033	95.1936
1916	0.319411	87.5007
1917	0.315096	84.084
1918	0.317978	84.4048
1919	0.291733	72.0093
1920	0.326642	92.6214
1921	0.314995	83.5508
1922	0.337337	97.2562
1923	0.301194	77.2587
1924	0.306976	78.9428
1925	0.306898	81.6681
1926	0.310786	81.7784
1927	0.329755	92.0362
1928	0.30961	79.7645
1929	0.314673	83.7038
1930	0.305484	79.4239
1931	0.32116	89.6666
1932	0.327567	90.1166
1933	0.317816	85.943
1934	0.305757	79.5756
1935	0.317832	88.1863
1936	0.319726	87.9591
1937	0.312004	83.9873
1938	0.306907	80.7899
1939	0.318773	88.6254
1940	0.322668	93.1933
1941	0.331604	96.7691
1942	0.292755	76.4452
1943	0.30672	80.0217
1944	0.309423	84.1531
1945	0.324972	92.7327
1946	0.330086	91.0256
1947	0.313166	83.0037
1948	0.324449	91.261
1949	0.325191	90.0397
1950	0.319808	89.1551
1951	0.3064	81.6116
1952	0.326414	92.7834
1953	0.300586	76.1901
1954	0.313635	86.8901
1955	0.325875	92.0903
1956	0.326508	94.809
1957	0.323328	89.0432
1958	0.334193	96.6308
1959	0.321615	88.1001
1960	0.32956	92.3851
1961	0.327316	92.5937
1962	0.310083	83.0113
1963	0.333065	93.5951
1964	0.32746	95.0946
1965	0.31904	87.1535
1966	0.322774	89.3002
1967	0.325164	96.3692
1968	0.331262	94.5628
1969	0.315392	83.6131
1970	0.310365	85.4709
1971	0.301048	79.8615
1972	0.330978	94.0033
1973	0.315347	84.9718
1974	0.311374	78.1784
1975	0.322086	89.0706
1976	0.322058	87.4115
1977	0.32758	90.2804
1978	0.308914	80.6268
1979	0.348745	105.98
1980	0.330991	92.9765
1981	0.308574	81.7443
1982	0.333161	90.4419
1983	0.320693	89.206
1984	0.319784	90.3273
1985	0.327674	91.674
1986	0.326472	91.413
1987	0.326333	89.3562
1988	0.310469	82.4249
1989	0.346962	102.838
1990	0.30652	85.0826
1991	0.313809	84.5983
1992	0.316969	89.546
1993	0.32509	91.9266
1994	0.316561	88.602
1995	0.310157	84.9112
1996	0.324347	92.4087
1997	0.320517	90.0918
1998	0.316337	83.0222
1999	0.308023	84.9194
2000	0.319355	91.2268
2001	0.322399	88.5747
2002	0.336577	94.8222
2003	0.320766	88.5526
2004	0.300925	76.3658
2005	0.312426	82.6518
2006	0.30854	80.5168
2007	0.32366	89.9144
2008	0.337891	95.7971
2009	0.30944	80.0272
2010	0.314053	87.0156
2011	0.303301	77.1816
2012	0.311792	88.6192
2013	0.309936	82.2262
2014	0.303929	79.2423
2015	0.303569	77.2577
2016	0.324097	92.597
2017	0.320459	87.285
2018	0.300442	80.6318
2019	0.313271	85.9419
2020	0.312513	84.1783
2021	0.315623	85.9022
2022	0.325381	89.5219
2023	0.328767	93.3565
2024	0.298061	76.1111
2025	0.315877	83.7781
2026	0.320174	88.0246
2027	0.331654	88.3012
2028	0.325198	90.5175
2029	0.321052	91.5271
2030	0.320509	86.6069
2031	0.331004	94.7195
2032	0.327948	91.0519
2033	0.304896	82.0876
2034	0.314286	83.6263
2035	0.304739	76.9681
2036	0.315071	85.1871
2037	0.326857	92.5947
2038	0.30905	83.0043
2039	0.314868	83.1791
2040	0.315823	83.5805
2041	0.301887	78.5191
2042	0.308274	80.5489
2043	0.300711	75.3919
2044	0.324794	91.9844
2045	0.324992	89.7096
2046	0.318536	91.3579
2047	0.31572	86.3263
2048	0.327749	93.9746
2049	0.31543	83.8882
2050	0.326332	92.7879
2051	0.337061	98.0671
2052	0.314148	84.4779
2053	0.323094	90.603
2054	0.305474	76.806
2055	0.312511	85.5933
2056	0.320785	85.2359
2057	0.334448	92.4766
2058	0.312581	83.5623
2059	0.314427	88.2952
2060	0.337407	96.489
2061	0.303481	79.0448
2062	0.304725	78.6095
2063	0.313585	85.9917
2064	0.318242	88.7231
2065	0.317156	86.4774
2066	0.313676	84.6376
2067	0.323746	89.4963
2068	0.310786	84.84
2069	0.323797	88.2458
2070	0.323287	88.4074
2071	0.311526	85.1987
2072	0.322568	90.0569
2073	0.330377	94.583
2074	0.306479	77.988
2075	0.314514	85.1193
2076	0.32245	89.031
2077	0.32675	90.5686
2078	0.320052	90.105
2079	0.324518	89.7045
2080	0.324882	91.158
2081	0.31488	85.3746
2082	0.321523	86.5782
2083	0.330612	94.0879
2084	0.308958	84.5695
2085	0.307281	78.3159
2086	0.299696	74.1671
2087	0.328185	91.5649
2088	0.318488	87.0177
2089	0.33493	94.5134
2090	0.328667	97.289
2091	0.306645	78.9748
2092	0.317543	86.5384
2093	0.304429	77.6935
2094	0.326703	89.512
2095	0.314085	86.6117
2096	0.310924	82.5169
2097	0.307282	78.9078
2098	0.294471	75.2574
2099	0.315437	84.9103
2100	0.312469	84.0621
2101	0.314207	83.3058
2102	0.317833	83.1765
2103	0.305584	79.1039
2104	0.311691	80.9462
2105	0.317686	87.4053
2106	0.320151	90.6572
2107	0.336124	98.077
2108	0.325829	93.3782
2109	0.316272	87.1553
2110	0.321084	88.0079
2111	0.320891	87.2164
2112	0.320817	87.8469
2113	0.310601	81.3135
2114	0.321103	87.7359
2115	0.325614	89.5377
2116	0.323623	91.5221
2117	0.306354	76.826
2118	0.308786	83.4065
2119	0.315863	87.7016
2120	0.305957	81.4754
2121	0.314782	85.1853
2122	0.319857	87.0323
2123	0.328572	92.133
2124	0.317444	87.7405
2125	0.307974	83.4832
2126	0.317793	86.2601
2127	0.309269	84.1212
2128	0.319397	88.3962
2129	0.329283	92.0787
2130	0.328592	94.7921
2131	0.310755	85.3563
2132	0.313229	85.5737
2133	0.306424	79.7154
2134	0.31716	85.1001
2135	0.299275	75.791
2136	0.298128	78.1335
2137	0.326539	91.9358
2138	0.326712	89.6581
2139	0.31981	86.4255
2140	0.328014	93.4727
2141	0.326467	91.6135
2142	0.319427	89.7701
2143	0.332799	98.4059
2144	0.319623	89.2542
2145	0.345442	103.962
2146	0.30603	82.0735
2147	0.328158	93.5327
2148	0.298636	76.4965
2149	0.321407	88.8827
2150	0.302968	78.154
2151	0.321572	88.0251
2152	0.318848	85.5798
2153	0.30603	78.6742
2154	0.305343	81.1124
2155	0.325489	90.8481
2156	0.308669	82.4846
2157	0.317561	83.4963
2158	0.315904	86.4675
2159	0.343907	100.903
2160	0.324739	93.5724
2161	0.31687	87.6786
2162	0.321173	89.3149
2163	0.313473	82.3643
2164	0.31604	85.5728
2165	0.306156	83.2956
2166	0.333114	93.7978
2167	0.305119	78.7882
2168	0.310526	81.3354
2169	0.322521	88.963
2170	0.31789	87.4363
2171	0.323806	92.6731
2172	0.323259	91.6375
2173	0.325189	89.0613
2174	0.304436	77.6966
2175	0.31893	89.208
2176	0.317206	87.7432
2177	0.323748	89.6368
2178	0.300292	78.594
2179	0.32026	88.9513
2180	0.318491	86.6132
2181	0.317796	88.526
2182	0.299495	79.5258
2183	0.32659	89.3455
2184	0.305092	79.1969
2185	0.325354	93.1177
2186	0.321614	84.4042
2187	0.30412	78.5709
2188	0.300214	78.4405
2189	0.306401	79.3112
2190	0.319254	88.9059
2191	0.316027	88.8557
2192	0.305309	80.2459
2193	0.306826	81.8198
2194	0.317149	85.7302
2195	0.31913	84.9406
2196	0.319376	93.1671
2197	0.328662	93.1652
2198	0.310011	85.5754
2199	0.312306	84.7187
2200	0.317554	88.115
2201	0.325323	85.6518
2202	0.316838	86.0787
2203	0.341452	100.59
2204	0.303705	78.567
2205	0.313196	85.9438
2206	0.314466	87.6827
2207	0.296098	77.1665
2208	0.3108	81.8584
2209	0.327727	93.8151
2210	0.29711	73.395
2211	0.294814	78.4119
2212	0.310079	81.0248
2213	0.315251	82.1587
2214	0.325344	92.3728
2215	0.327022	88.8132
2216	0.325132	93.8531
2217	0.319456	86.4278
2218	0.318845	83.8628
2219	0.325258	89.8352
2220	0.292243	75.2853
2221	0.315385	89.9458
2222	0.329838	93.114
2223	0.31489	86.4537
2224	0.331767	92.8287
2225	0.320585	90.2623
2226	0.336458	98.0883
2227	0.328786	94.4568
2228	0.310821	83.7011
2229	0.336152	99.8441
2230	0.32116	87.4235
2231	0.321944	89.6837
2232	0.331147	92.8005
2233	0.318439	84.7151
2234	0.312141	84.4288
2235	0.305958	80.7587
2236	0.312235	82.4346
2237	0.331713	92.6731
2238	0.313219	85.3275
2239	0.342152	105.034
2240	0.335247	95.2728
2241	0.312543	82.6562
2242	0.321778	89.6848
2243	0.311314	82.8466
2244	0.304333	81.6733
2245	0.317641	86.9864
2246	0.303341	79.7048
2247	0.304185	79.6918
2248	0.323972	89.2381
2249	0.316356	88.1467
2250	0.322188	88.4492
2251	0.323762	91.7093
2252	0.318143	88.2825
2253	0.318943	86.2838
2254	0.341005	98.2749
2255	0.318305	88.1404
2256	0.289438	73.4797
2257	0.33923	96.9186
2258	0.318245	83.2522
2259	0.340565	98.9822
2260	0.298499	77.2855
2261	0.327147	91.8689
2262	0.315354	84.6986
2263	0.314081	81.1566
2264	0.329396	92.1044
2265	0.318093	87.2235
2266	0.31323	87.644
2267	0.304016	78.9994
2268	0.322891	89.5644
2269	0.302428	81.1905
2270	0.317762	82.0802
2271	0.303855	80.6783
2272	0.295226	78.2742
2273	0.338147	101.603
2274	0.286619	68.6145
2275	0.318585	90.2025
2276	0.316901	87.1209
2277	0.315082	87.3169
2278	0.324359	90.9406
2279	0.32031	88.4798
2280	0.329898	90.5685
2281	0.303935	80.7312
2282	0.320957	90.6389
2283	0.318342	89.0093
2284	0.307614	79.2715
2285	0.327649	90.393
2286	0.302648	79.793
2287	0.333771	95.3475
2288	0.318473	86.3332
2289	0.3155	86.4936
2290	0.336392	99.1253
2291	0.323522	88.9154
2292	0.327966	91.5403
2293	0.326913	89.8156
2294	0.312954	84.0326
2295	0.304367	78.042
2296	0.311903	86.0521
2297	0.311526	82.2928
2298	0.33161	94.2423
2299	0.319075	87.7184
2300	0.326444	92.8989
2301	0.315907	88.2312
2302	0.316518	84.8275
2303	0.309947	82.8644
2304	0.320502	90.306
2305	0.288399	71.2043
2306	0.306593	84.0074
2307	0.33366	96.9555
2308	0.332386	94.9542
2309	0.321719	90.6872
2310	0.324555	92.4152
2311	0.314687	87.1758
2312	0.32063	89.5048
2313	0.310565	83.9104
2314	0.322439	87.0188
2315	0.31458	87.2724
2316	0.312883	86.5203
2317	0.310542	83.6581
2318	0.307211	80.9173
2319	0.324341	88.0146
2320	0.314481	87.2577
2321	0.327321	89.2621
2322	0.319497	87.9327
2323	0.327505	88.3859
2324	0.338186	98.142
2325	0.323225	90.4776
2326	0.340458	101.675
2327	0.324127	90.9805
2328	0.310741	84.0036
2329	0.333906	97.4847
2330	0.319713	85.6522
2331	0.297409	76.5796
2332	0.3089	78.663
2333	0.320396	87.5825
2334	0.335307	97.6899
2335	0.30456	81.1461
2336	0.342934	99.8655
2337	0.314773	87.9063
2338	0.338336	96.2227
2339	0.329145	94.7374
2340	0.330839	90.7883
2341	0.334074	95.7894
2342	0.314065	87.2685
2343	0.311958	82.7578
2344	0.31958	89.4576
2345	0.325058	90.5711
2346	0.332662	94.5531
2347	0.307096	82.0866
2348	0.305789	80.8185
2349	0.317224	86.9191
2350	0.304244	81.6571
2351	0.310776	84.204
2352	0.32495	91.709
2353	0.325079	89.7012
2354	0.322092	89.7037
2355	0.31736	85.5855
2356	0.337119	97.0149
2357	0.310881	81.2393
2358	0.333149	97.7575
2359	0.316015	87.3159
2360	0.293742	73.4541
2361	0.323292	91.9317
2362	0.335866	97.7017
2363	0.32041	87.888
2364	0.310744	83.2497
2365	0.321997	90.3446
2366	0.337326	96.1106
2367	0.315189	87.7592
2368	0.304393	78.8479
2369	0.320386	90.6066
2370	0.314067	88.6775
2371	0.316644	85.8299
2372	0.321379	87.8994
2373	0.315575	83.2349
2374	0.298068	76.386
2375	0.318042	85.7809
2376	0.340186	97.6569
2377	0.312576	87.2979
2378	0.315085	87.3063
2379	0.315185	83.6873
2380	0.323086	90.377
2381	0.331491	92.8419
2382	0.32845	95.3156
2383	0.326784	89.3311
2384	0.312563	83.4442
2385	0.317583	83.2521
2386	0.314108	80.609
2387	0.314439	82.3575
2388	0.337009	98.8634
2389	0.302003	78.6696
2390	0.320319	87.7909
2391	0.344276	102.582
2392	0.317911	85.242
2393	0.320585	89.8579
2394	0.29482	73.6506
2395	0.318362	87.946
2396	0.333932	98.1619
2397	0.30771	83.8037
2398	0.318183	83.6445
2399	0.319964	86.2284
2400	0.318645	86.6435
2401	0.308249	84.9303
2402	0.321863	93.0563
2403	0.298196	78.6695
2404	0.324434	89.1678
2405	0.294588	75.2608
2406	0.316065	87.9937
2407	0.340769	102.799
2408	0.320108	89.1066
2409	0.314384	83.3129
2410	0.320847	87.029
2411	0.328014	91.803
2412	0.323537	89.0799
2413	0.304081	79.5422
2414	0.317524	86.5294
2415	0.306647	79.5581
2416	0.350083	104.309
2417	0.314544	85.4582
2418	0.301577	77.1737
2419	0.329931	94.3499
2420	0.31247	84.4216
2421	0.339865	102.458
2422	0.332015	94.0717
2423	0.31067	81.1153
2424	0.299451	78.3681
2425	0.316008	83.9891
2426	0.310562	84.4532
2427	0.318018	86.0909
2428	0.327817	92.9157
2429	0.33917	93.6331
2430	0.307838	78.0565
2431	0.328361	95.3199
2432	0.334072	95.9701
2433	0.313829	86.9533
2434	0.317296	85.9931
2435	0.30993	81.8801
2436	0.329246	95.5459
2437	0.325342	90.0569
2438	0.317634	90.1949
2439	0.322252	86.8983
2440	0.310086	83.121
2441	0.327096	89.8029
2442	0.336158	93.6047
2443	0.323919	88.2143
2444	0.326381	92.2784
2445	0.321784	91.7052
2446	0.329831	92.0438
2447	0.325561	92.7734
2448	0.307374	82.2222
2449	0.318156	88.1438
2450	0.321753	89.7997
2451	0.319996	86.762
2452	0.317249	88.163
2453	0.331362	94.948
2454	0.321535	88.3725
2455	0.314965	85.2241
2456	0.307409	83.5008
2457	0.323863	90.4824
2458	0.303803	78.5468
2459	0.314252	85.8494
2460	0.28521	69.0803
2461	0.316774	86.7529
2462	0.318321	84.2147
2463	0.336409	95.7977
2464	0.312966	82.5385
2465	0.324098	89.9153
2466	0.311505	82.1174
2467	0.314122	83.2123
2468	0.311135	79.8467
2469	0.332526	98.5362
2470	0.320343	89.8202
2471	0.326434	91.4812
2472	0.319262	85.9567
2473	0.31676	85.3296
2474	0.33521	94.6047
2475	0.33143	95.3907
2476	0.321476	90.7557
2477	0.327022	89.5791
2478	0.334981	97.4103
2479	0.323712	88.837
2480	0.324433	91.2946
2481	0.322949	90.2219
2482	0.338476	101.615
2483	0.30418	78.4838
2484	0.314291	86.2812
2485	0.333624	95.995
2486	0.308825	84.4351
2487	0.307647	81.5039
2488	0.322167	90.96
2489	0.350725	103.42
2490	0.320407	85.3278
2491	0.326661	89.7031
2492	0.325176	92.7968
2493	0.321663	90.9416
2494	0.326486	91.9469
2495	0.317508	86.3231
2496	0.323218	91.5138
2497	0.343718	98.3352
2498	0.349966	102.713
2499	0.29152	73.0011
2500	0.317261	85.0518
2501	0.317028	83.1983
2502	0.318329	87.5749
2503	0.303573	84.4773
2504	0.312696	82.5907
2505	0.302436	80.6527
2506	0.310427	81.0479
2507	0.323351	89.8442
2508	0.306644	81.1652
2509	0.312456	82.8844
2510	0.304422	80.219
2511	0.321103	87.1149
2512	0.304967	80.1043
2513	0.31448	85.5808
2514	0.317474	87.4982
2515	0.316768	85.4774
2516	0.330005	94.4336
2517	0.323062	87.9929
2518	0.320594	89.5147
2519	0.314401	86.3947
2520	0.308697	83.5927
2521	0.326906	90.4962
2522	0.319612	89.5304
2523	0.313001	80.8766
2524	0.28591	71.172
2525	0.313793	82.3596
2526	0.320948	86.9309
2527	0.319028	89.5517
2528	0.333857	92.6244
2529	0.324244	91.4627
2530	0.321548	89.0013
2531	0.311294	83.2738
2532	0.328039	89.7231
2533	0.33375	94.1695
2534	0.307205	83.2924
2535	0.316356	88.108
2536	0.328464	94.1325
2537	0.336601	96.9088
2538	0.320946	87.3677
2539	0.322387	93.6547
2540	0.316516	87.1176
2541	0.338867	96.8926
2542	0.344062	101.887
2543	0.322252	90.7103
2544	0.324499	87.5954
2545	0.308046	81.8091
2546	0.349401	104.647
2547	0.312122	81.8007
2548	0.313614	85.621
2549	0.3018	80.2292
2550	0.317194	83.5405
2551	0.319165	89.5763
2552	0.307641	84.7846
2553	0.331025	93.5677
2554	0.300162	79.7803
2555	0.329181	91.1862
2556	0.336219	97.3417
2557	0.316684	84.7262
2558	0.324718	92.434
2559	0.303507	76.9304
2560	0.314064	86.4803
2561	0.322156	86.7124
2562	0.309797	83.632
2563	0.334959	94.504
2564	0.311861	84.032
2565	0.320534	91.0764
2566	0.315494	84.8976
2567	0.30492	78.5529
2568	0.315199	85.3268
2569	0.32862	90.5048
2570	0.313157	84.8568
2571	0.322687	91.0374
2572	0.327615	95.7667
2573	0.325508	92.4552
2574	0.325199	90.7438
2575	0.305864	79.4265
2576	0.322002	91.6092
2577	0.310116	82.9611
2578	0.323625	89.9358
2579	0.324252	87.5911
2580	0.308982	83.3576
2581	0.326315	91.5467
2582	0.319584	85.7855
2583	0.305411	76.909
2584	0.325303	93.2017
2585	0.333817	95.9351
2586	0.314426	88.5447
2587	0.322828	93.1367
2588	0.338018	98.818
2589	0.336411	95.9198
2590	0.308784	82.4303
2591	0.326124	92.1542
2592	0.313548	83.4234
2593	0.293983	73.8316
2594	0.303753	79.6187
2595	0.313779	86.7318
2596	0.320861	90.0624
2597	0.32635	90.9505
2598	0.324799	93.7541
2599	0.328494	91.4904
2600	0.306403	80.7709
2601	0.323043	93.0573
2602	0.3115	80.9278
2603	0.300799	79.2068
2604	0.323629	90.2088
2605	0.313783	86.8713
2606	0.323433	91.9059
2607	0.342023	99.8009
2608	0.32186	87.0018
2609	0.321622	89.394
2610	0.312071	83.6079
2611	0.321983	90.7183
2612	0.322494	88.2178
2613	0.31848	89.1894
2614	0.307515	80.7561
2615	0.330777	95.6451
2616	0.31036	77.9207
2617	0.314475	84.195
2618	0.326817	92.9998
2619	0.305648	77.9625
2620	0.3197	86.1383
2621	0.32329	90.3773
2622	0.321109	89.7007
2623	0.336185	99.4639
2624	0.305627	81.452
2625	0.327977	93.482
2626	0.33071	92.6917
2627	0.324303	92.9746
2628	0.310107	82.026
2629	0.332316	93.9383
2630	0.316336	89.6206
2631	0.308671	81.8338
2632	0.321943	86.8448
2633	0.303483	79.3932
2634	0.329661	91.9433
2635	0.317915	86.5329
2636	0.329464	91.7078
2637	0.322944	90.1619
2638	0.319465	85.7001
2639	0.316124	87.5269
2640	0.304182	80.7207
2641	0.310385	84.8052
2642	0.317763	89.7391
2643	0.335474	94.4379
2644	0.300844	76.6542
2645	0.316108	87.3762
2646	0.330817	94.9146
2647	0.329281	91.9453
2648	0.319865	84.6627
2649	0.314923	83.9493
2650	0.312732	80.7611
2651	0.321988	91.2478
2652	0.315471	87.089
2653	0.318681	86.0522
2654	0.328943	92.3381
2655	0.318407	84.6533
2656	0.306827	81.5481
2657	0.306591	80.338
2658	0.303467	80.7509
2659	0.321321	88.7076
2660	0.32443	88.0289
2661	0.339927	95.9307
2662	0.323927	91.6254
2663	0.320529	89.6695
2664	0.323472	89.1012
2665	0.33065	96.5081
2666	0.329275	90.1463
2667	0.314326	82.0401
2668	0.302126	80.5191
2669	0.299258	76.8662
2670	0.313976	84.6798
2671	0.333684	95.9996
2672	0.324542	90.2789
2673	0.329311	96.3585
2674	0.33138	96.0815
2675	0.333428	94.6252
2676	0.319248	87.379
2677	0.327147	92.1069
2678	0.323165	88.6077
2679	0.317028	86.7639
2680	0.322048	87.7093
2681	0.308847	81.881
2682	0.311013	81.1886
2683	0.309055	84.1919
2684	0.344565	99.8078
2685	0.319134	88.2897
2686	0.318567	87.0394
2687	0.323528	84.627
2688	0.329957	91.9537
2689	0.304485	79.0477
2690	0.310288	84.0134
2691	0.308263	81.6948
2692	0.319262	84.2543
2693	0.300688	76.3921
2694	0.325112	91.4433
2695	0.304994	84.0202
2696	0.331341	96.1598
2697	0.315836	85.9242
2698	0.313734	83.5688
2699	0.319392	85.0645
2700	0.313534	86.0211
2701	0.320576	86.5371
2702	0.328922	95.1747
2703	0.326349	90.1454
2704	0.337563	93.8039
2705	0.338026	97.3785
2706	0.31506	82.8693
2707	0.329284	88.0956
2708	0.317686	85.4117
2709	0.30731	80.2336
2710	0.307831	81.0407
2711	0.322029	90.1519
2712	0.331483	96.0185
2713	0.333648	97.7211
2714	0.289522	72.7986
2715	0.336932	97.7452
2716	0.319471	92.3665
2717	0.325184	91.3632
2718	0.327031	94.9742
2719	0.310641	80.8365
2720	0.32038	88.0318
2721	0.343201	101.764
2722	0.322499	87.6023
2723	0.319288	83.4925
2724	0.318949	86.726
2725	0.32619	92.3846
2726	0.3053	78.282
2727	0.323077	90.1804
2728	0.314511	88.5988
2729	0.311321	80.6201
2730	0.331191	92.0412
2731	0.312069	86.4075
2732	0.31382	84.0303
2733	0.316633	88.9734
2734	0.319881	86.3047
2735	0.329568	93.1195
2736	0.296222	78.0973
2737	0.315401	85.3655
2738	0.304028	78.9784
2739	0.317215	84.4877
2740	0.308086	79.4342
2741	0.319621	87.9359
2742	0.313583	82.7304
2743	0.334822	99.8331
2744	0.318439	87.3794
2745	0.305415	79.6586
2746	0.311273	83.0852
2747	0.317214	89.4223
2748	0.320862	88.6538
2749	0.299963	78.4916
2750	0.328111	91.3057
2751	0.332547	94.6065
2752	0.320021	87.8942
2753	0.30653	81.1891
2754	0.342531	100.115
2755	0.302863	78.9152
2756	0.331575	94.4555
2757	0.302826	80.2549
2758	0.314798	85.1963
2759	0.322378	88.7638
2760	0.325116	90.1065
2761	0.31819	88.6676
2762	0.310474	83.426
2763	0.298967	80.0446
2764	0.328495	92.4988
2765	0.31372	82.6585
2766	0.306471	81.0245
2767	0.319939	86.8181
2768	0.317213	85.0447
2769	0.319587	85.7417
2770	0.31929	89.0937
2771	0.289582	69.6086
2772	0.323353	85.3358
2773	0.296641	78.0251
2774	0.322311	89.5868
2775	0.321916	91.7796
2776	0.307178	78.1281
2777	0.319863	90.6634
2778	0.321503	91.1324
2779	0.334669	95.2039
2780	0.320378	87.0079
2781	0.322779	88.9101
2782	0.324994	92.4648
2783	0.315623	83.7485
2784	0.312834	83.7601
2785	0.328018	91.8812
2786	0.314308	86.818
2787	0.322796	89.0001
2788	0.315155	84.9194
2789	0.326967	93.1618
2790	0.323561	90.6397
2791	0.299518	74.9155
2792	0.327314	90.0822
2793	0.317472	87.3454
2794	0.322507	90.1731
2795	0.313726	87.1064
2796	0.334516	98.557
2797	0.327007	92.6959
2798	0.316237	83.6407
2799	0.333941	96.3766
2800	0.344986	101.376
2801	0.326904	92.532
2802	0.327722	89.101
2803	0.310896	84.2786
2804	0.340986	100.868
2805	0.325272	91.9549
2806	0.325817	94.5705
2807	0.332969	93.3765
2808	0.327486	95.2356
2809	0.311493	83.1072
2810	0.31402	86.8768
2811	0.324271	91.1574
2812	0.320638	87.7568
2813	0.316196	85.5702
2814	0.305311	82.4309
2815	0.324544	90.8644
2816	0.306757	80.6394
2817	0.327722	90.8181
2818	0.320414	84.384
2819	0.320801	86.6191
2820	0.290393	71.5103
2821	0.324885	92.8418
2822	0.305898	82.9463
2823	0.301451	78.4266
2824	0.312712	82.0754
2825	0.319466	86.9937
2826	0.315731	83.0933
2827	0.320505	87.4008
2828	0.332821	93.7771
2829	0.2907	70.8833
2830	0.310458	86.4184
2831	0.310562	83.392
2832	0.32041	88.0013
2833	0.323641	87.4282
2834	0.317034	82.8427
2835	0.320574	88.6823
2836	0.310525	81.4126
2837	0.319143	84.0792
2838	0.323927	90.5944
2839	0.323353	92.0875
2840	0.324461	90.5776
2841	0.310977	81.0381
2842	0.310448	83.1479
2843	0.325493	90.9372
2844	0.331911	96.1753
2845	0.319671	88.2995
2846	0.313975	85.9574
2847	0.331496	96.4801
2848	0.29733	75.5367
2849	0.331253	97.2183
2850	0.320409	86.8258
2851	0.321231	90.0931
2852	0.312722	83.8136
2853	0.331048	93.2275
2854	0.326412	92.4242
2855	0.298366	73.2266
2856	0.312878	81.4349
2857	0.316071	87.9497
2858	0.300322	75.4343
2859	0.310586	84.7412
2860	0.337059	99.2806
2861	0.303915	79.0701
2862	0.332018	93.3556
2863	0.321234	87.9257
2864	0.320755	91.2245
2865	0.324875	92.8045
2866	0.319619	87.8311
2867	0.311552	86.8569
2868	0.315596	86.1756
2869	0.320757	85.6937
2870	0.3259	90.9947
2871	0.308709	81.3108
2872	0.320047	83.4968
2873	0.327488	92.9244
2874	0.334916	95.9831
2875	0.323507	91.1141
2876	0.31248	84.5583
2877	0.300796	76.4785
2878	0.315552	86.4675
2879	0.31355	84.0163
2880	0.334795	96.5704
2881	0.324064	92.1124
2882	0.317969	83.7939
2883	0.314657	84.1347
2884	0.318805	86.0594
2885	0.324541	89.0919
2886	0.319739	87.7294
2887	0.310257	80.2554
2888	0.315146	84.2525
2889	0.299005	78.1534
2890	0.311572	80.4315
2891	0.314834	88.2536
2892	0.309852	81.0365
2893	0.319731	89.2383
2894	0.309728	81.2761
2895	0.332004	96.0027
2896	0.31536	86.0075
2897	0.332136	94.8925
2898	0.329634	93.7243
2899	0.332171	94.8323
2900	0.312092	87.31
2901	0.301287	76.6684
2902	0.3343	95.7779
2903	0.316213	86.2063
2904	0.325838	92.0936
2905	0.307616	81.273
2906	0.320615	86.8405
2907	0.315691	83.0664
2908	0.317917	89.4487
2909	0.320084	88.8075
2910	0.320105	87.1661
2911	0.3082	81.0235
2912	0.308386	84.2005
2913	0.335085	98.5879
2914	0.296843	74.5313
2915	0.314491	83.7343
2916	0.322858	91.897
2917	0.319975	91.1429
2918	0.300347	78.0121
2919	0.321144	91.0112
2920	0.32438	91.641
2921	0.320501	91.5667
2922	0.300169	76.5349
2923	0.323414	90.0562
2924	0.336892	99.2978
2925	0.3389	96.5748
2926	0.313785	86.9166
2927	0.322718	89.1107
2928	0.317737	84.919
2929	0.299836	77.7556
2930	0.322271	88.279
2931	0.301772	77.347
2932	0.330628	93.6137
2933	0.318045	85.4304
2934	0.312677	84.2197
2935	0.301892	79.5662
2936	0.308396	81.6543
2937	0.320653	88.2896
2938	0.334102	100.718
2939	0.316381	82.3682
2940	0.313233	85.8732
2941	0.318403	88.6503
2942	0.33872	97.2644
2943	0.320432	91.9426
2944	0.311905	80.9396
2945	0.327911	93.0509
2946	0.333089	97.2813
2947	0.326367	92.4069
2948	0.316607	86.5338
2949	0.311146	82.9004
2950	0.303607	79.2974
2951	0.312261	85.2421
2952	0.31933	89.6595
2953	0.309146	81.9215
2954	0.325058	91.7415
2955	0.33054	96.7777
2956	0.314173	84.6214
2957	0.324113	89.134
2958	0.332932	95.2994
2959	0.319436	90.3174
2960	0.316156	82.2285
2961	0.32712	93.2962
2962	0.314216	81.206
2963	0.32269	88.7409
2964	0.329656	90.9332
2965	0.312548	83.2477
2966	0.326902	90.851
2967	0.318098	82.9348
2968	0.325031	90.2583
2969	0.313471	83.1043
2970	0.324244	86.6425
2971	0.318407	89.0846
2972	0.320749	88.0926
2973	0.325492	91.3214
2974	0.318489	92.6427
2975	0.323113	89.1947
2976	0.329758	92.1911
2977	0.308126	78.7849
2978	0.31356	87.5485
2979	0.315371	84.22
2980	0.32238	87.0277
2981	0.316186	85.3287
2982	0.317567	89.2619
2983	0.323368	90.4289
2984	0.314613	84.1798
2985	0.304165	80.2619
2986	0.323353	86.5398
2987	0.331804	92.706
2988	0.312473	85.7675
2989	0.31541	84.9415
2990	0.320565	90.3421
2991	0.311727	86.0218
2992	0.3156	87.5488
2993	0.304254	78.9253
2994	0.320156	89.8069
2995	0.305595	78.3669
2996	0.325488	91.2613
2997	0.322042	86.4791
2998	0.320731	86.5493
2999	0.310717	83.3962
