0	0.308482	82.0715
1	0.320862	87.5846
2	0.321238	90.4294
3	0.329586	92.4759
4	0.330299	92.9148
5	0.325352	90.8792
6	0.33308	98.0218
7	0.309483	82.7825
8	0.324606	88.3067
9	0.321618	88.4119
10	0.307391	83.8074
11	0.325619	90.7747
12	0.329864	92.6056
13	0.322236	88.3164
14	0.320514	92.6679
15	0.315873	81.7332
16	0.327959	92.148
17	0.305001	80.8964
18	0.2995	79.3194
19	0.330897	90.4104
20	0.296837	76.5723
21	0.332896	90.5731
22	0.310136	84.442
23	0.318292	84.7499
24	0.328316	90.2291
25	0.330256	93.0909
26	0.323139	88.3806
27	0.313597	86.4825
28	0.321218	90.541
29	0.32692	90.0727
30	0.326357	88.6428
31	0.325317	92.3786
32	0.31215	79.2376
33	0.310978	83.784
34	0.318389	88.6129
35	0.326461	93.5462
36	0.329693	92.5281
37	0.325233	89.2937
38	0.300208	77.312
39	0.330479	90.4662
40	0.323442	88.6072
41	0.315084	86.1207
42	0.322751	91.9303
43	0.334512	91.5774
44	0.315333	84.0362
45	0.317596	84.9678
46	0.310195	80.4224
47	0.329449	92.7861
48	0.308334	85.2603
49	0.304529	77.4371
50	0.3088	83.3394
51	0.320625	88.677
52	0.317888	85.2254
53	0.323221	90.6795
54	0.325811	91.4176
55	0.311595	81.9486
56	0.313387	82.5852
57	0.296431	75.8491
58	0.308035	81.0911
59	0.30458	78.4006
60	0.328996	93.125
61	0.327328	93.4233
62	0.305136	84.018
63	0.318117	87.596
64	0.322633	91.896
65	0.322566	86.0218
66	0.327247	94.8183
67	0.309879	84.824
68	0.316265	87.9822
69	0.307697	81.3819
70	0.341471	99.0836
71	0.3155	87.5264
72	0.33077	92.3632
73	0.302817	76.5418
74	0.330029	93.8174
75	0.315626	86.151
76	0.314848	85.094
77	0.328439	92.3246
78	0.336946	97.721
79	0.321775	92.0118
80	0.323413	90.0769
81	0.336273	96.1414
82	0.321369	89.9914
83	0.315774	81.7944
84	0.301578	80.811
85	0.313775	84.5732
86	0.312332	81.6661
87	0.29295	73.1282
88	0.333494	96.2705
89	0.334967	96.5431
90	0.318187	85.9399
91	0.334677	96.8362
92	0.309631	80.2394
93	0.302032	74.9891
94	0.311625	83.3563
95	0.334559	91.7177
96	0.321395	91.4821
97	0.313038	86.4738
98	0.328064	89.9466
99	0.321502	87.5733
100	0.310035	84.7281
101	0.320899	90.6322
102	0.321438	88.7294
103	0.305031	78.1317
104	0.309819	80.9571
105	0.322601	89.0235
106	0.317946	88.1213
107	0.331241	92.2812
108	0.299022	76.4874
109	0.335482	94.5113
110	0.315925	88.4549
111	0.33448	91.1658
112	0.325361	91.2149
113	0.320274	88.0125
114	0.341403	104.34
115	0.319032	88.7498
116	0.322606	91.5812
117	0.31672	90.7289
118	0.31186	83.0328
119	0.30934	80.0785
120	0.320996	88.3509
121	0.325209	96.5107
122	0.338608	101.518
123	0.318283	91.8133
124	0.311195	85.4946
125	0.318858	88.7538
126	0.315262	86.0232
127	0.315476	84.7423
128	0.330395	95.963
129	0.31228	82.3929
130	0.34742	107.106
131	0.324703	93.5299
132	0.29143	74.8722
133	0.317437	85.3935
134	0.319646	86.8642
135	0.318524	86.6984
136	0.323016	89.6516
137	0.311675	86.0775
138	0.309003	82.9606
139	0.316039	84.498
140	0.340515	101.483
141	0.337351	99.7497
142	0.333389	96.1389
143	0.321747	90.7485
144	0.307078	82.3172
145	0.318791	86.8829
146	0.317182	85.1641
147	0.315326	85.8269
148	0.326152	92.5857
149	0.322874	89.8218
150	0.302954	77.9444
151	0.315801	85.8294
152	0.320033	87.1136
153	0.323451	91.7778
154	0.327142	92.4277
155	0.311142	85.3917
156	0.325462	93.8257
157	0.324092	90.7722
158	0.342116	98.3944
159	0.30983	84.8425
160	0.31544	88.1242
161	0.32924	93.9676
162	0.319892	88.6623
163	0.326039	92.5919
164	0.312762	83.721
165	0.326036	89.9358
166	0.318433	87.7716
167	0.313636	83.0905
168	0.318292	88.6067
169	0.317863	87.8998
170	0.319354	88.7874
171	0.321819	86.3105
172	0.32083	90.1477
173	0.306569	81.4531
174	0.322091	89.0516
175	0.315017	88.4374
176	0.324282	89.4302
177	0.316426	83.7433
178	0.319193	87.5865
179	0.334537	99.4979
180	0.315465	85.2
181	0.331628	92.4717
182	0.318768	87.9769
183	0.315643	83.1067
184	0.320644	90.9197
185	0.305868	77.9894
186	0.3124	86.2022
187	0.318666	85.2566
188	0.334696	94.9131
189	0.322358	86.604
190	0.318179	88.3595
191	0.326758	89.8042
192	0.321533	91.2612
193	0.332185	99.128
194	0.324392	89.3859
195	0.321856	86.6381
196	0.320653	90.9754
197	0.30557	83.7027
198	0.315399	87.8371
199	0.330532	90.1475
200	0.322236	91.1112
201	0.310104	80.72
202	0.307176	83.0202
203	0.337865	102.053
204	0.311635	81.9348
205	0.312286	82.6333
206	0.31788	86.5402
207	0.320998	87.8751
208	0.286424	69.2267
209	0.317273	87.8596
210	0.318898	87.0527
211	0.324249	93.2927
212	0.330255	91.6381
213	0.310657	82.8777
214	0.307019	86.811
215	0.327392	94.0596
216	0.326884	94.0291
217	0.329247	92.2281
218	0.321123	85.7626
219	0.323663	89.208
220	0.313164	84.2046
221	0.325874	92.606
222	0.307695	81.793
223	0.333504	95.8775
224	0.313685	85.0276
225	0.323617	88.7229
226	0.316796	86.23
227	0.324033	91.6171
228	0.316131	84.8697
229	0.308167	80.8545
230	0.311255	85.7836
231	0.324643	91.2726
232	0.316087	88.2886
233	0.325411	92.5205
234	0.311528	86.771
235	0.322948	90.3617
236	0.312875	84.1938
237	0.318452	86.6351
238	0.313948	82.6005
239	0.324128	92.216
240	0.306867	81.2339
241	0.324646	89.0223
242	0.315702	86.766
243	0.320114	88.7294
244	0.31845	86.3696
245	0.3083	83.1665
246	0.314987	83.6
247	0.318206	84.0344
248	0.32266	91.717
249	0.318905	87.1509
250	0.338085	96.4891
251	0.314002	84.0602
252	0.32326	94.3549
253	0.321346	86.6387
254	0.32293	90.034
255	0.324985	88.1271
256	0.311178	83.0512
257	0.317989	87.8332
258	0.318796	88.3328
259	0.323247	92.1827
260	0.315011	85.034
261	0.334102	95.082
262	0.28861	73.3729
263	0.32418	88.9268
264	0.337638	97.2405
265	0.291765	75.1781
266	0.327952	94.3444
267	0.33231	97.0663
268	0.309593	82.6853
269	0.315764	85.6318
270	0.330843	96.1605
271	0.330434	94.4132
272	0.30108	76.9499
273	0.301512	79.1477
274	0.311503	82.6513
275	0.319709	88.0696
276	0.327588	92.1887
277	0.305748	83.6133
278	0.304494	79.3702
279	0.309146	84.4725
280	0.309071	81.5437
281	0.320292	85.9827
282	0.332636	95.4194
283	0.329533	93.9298
284	0.305789	80.4218
285	0.331206	94.1971
286	0.315745	83.2934
287	0.307233	79.6486
288	0.332063	98.5623
289	0.308688	80.0664
290	0.312745	80.5005
291	0.297259	75.4753
292	0.310219	82.7502
293	0.3378	98.9448
294	0.310779	80.5157
295	0.329999	95.0402
296	0.308294	84.5997
297	0.318099	87.0309
298	0.323019	90.9545
299	0.335229	94.9684
300	0.309572	81.6092
301	0.320143	90.5828
302	0.325971	92.2675
303	0.312961	85.488
304	0.323503	88.6581
305	0.335621	99.4102
306	0.339289	100.216
307	0.335984	97.9205
308	0.329792	96.2422
309	0.298989	74.5638
310	0.347187	101.916
311	0.319268	86.7053
312	0.327486	92.7583
313	0.31753	90.9483
314	0.316376	87.0968
315	0.33075	93.32
316	0.31372	84.9844
317	0.328523	91.1922
318	0.326257	89.2567
319	0.32043	88.6608
320	0.323139	88.1869
321	0.307579	78.3195
322	0.325114	89.8711
323	0.312802	82.3301
324	0.318008	86.7215
325	0.33194	95.4387
326	0.315435	86.1812
327	0.311709	80.5943
328	0.311628	84.3843
329	0.317229	86.48
330	0.328068	93.0313
331	0.301427	76.8454
332	0.325612	87.2051
333	0.328746	92.6946
334	0.332682	97.5648
335	0.324753	91.7141
336	0.323916	88.8978
337	0.313803	86.245
338	0.322165	89.267
339	0.321191	88.2012
340	0.319031	87.0699
341	0.328945	92.5279
342	0.323935	89.9084
343	0.33059	91.2575
344	0.315069	87.7418
345	0.305886	78.951
346	0.333538	97.2566
347	0.329964	97.3222
348	0.319166	86.9752
349	0.317758	86.9892
350	0.332493	97.5821
351	0.341427	101.05
352	0.302725	79.7299
353	0.319606	83.7114
354	0.311678	83.2955
355	0.314847	86.8433
356	0.319011	88.16
357	0.338172	95.8808
358	0.312075	86.468
359	0.326196	91.9045
360	0.310261	83.8275
361	0.326137	91.7981
362	0.302662	80.3157
363	0.334153	96.2298
364	0.307749	80.8053
365	0.336285	99.8594
366	0.313455	86.5183
367	0.32523	91.598
368	0.32269	91.9783
369	0.309985	81.7953
370	0.324794	88.4366
371	0.328957	94.5049
372	0.33169	95.4978
373	0.324237	92.4358
374	0.324206	90.6151
375	0.323776	88.4279
376	0.317193	85.1747
377	0.323105	90.9221
378	0.317994	83.3888
379	0.31687	83.5855
380	0.326267	92.1862
381	0.328987	93.0783
382	0.317629	87.1638
383	0.30943	78.3905
384	0.318243	87.4541
385	0.320338	87.2309
386	0.332845	95.9268
387	0.302997	80.5419
388	0.324469	89.8053
389	0.322591	87.732
390	0.333317	91.859
391	0.323574	86.0853
392	0.318147	85.2576
393	0.294713	77.1585
394	0.30997	80.2262
395	0.311127	84.8721
396	0.327657	92.4545
397	0.319097	88.6451
398	0.324002	89.8054
399	0.310656	86.3819
400	0.318991	85.9266
401	0.304018	81.4792
402	0.315723	87.2303
403	0.320521	87.8025
404	0.319979	87.0317
405	0.318785	85.2751
406	0.317307	85.2522
407	0.322952	90.2669
408	0.331906	95.501
409	0.336943	96.5075
410	0.31213	85.4702
411	0.32142	90.31
412	0.325051	91.9003
413	0.306442	78.9477
414	0.331281	94.6884
415	0.31667	84.4236
416	0.317273	82.6701
417	0.333076	95.0678
418	0.303592	82.0375
419	0.308722	86.4845
420	0.319391	89.3082
421	0.301293	78.8225
422	0.319869	87.2844
423	0.330044	92.8341
424	0.326981	94.5478
425	0.33521	97.293
426	0.317277	85.2312
427	0.315828	83.7796
428	0.317944	89.5722
429	0.322996	89.3506
430	0.333183	98.3255
431	0.321074	88.7112
432	0.31223	82.757
433	0.318468	86.9705
434	0.325271	90.1036
435	0.318535	86.2817
436	0.324792	90.86
437	0.340489	98.6868
438	0.309998	80.6664
439	0.319075	89.7281
440	0.315004	82.2756
441	0.320669	91.8186
442	0.308464	85.643
443	0.319367	86.7455
444	0.318986	85.713
445	0.323948	89.5665
446	0.313938	85.3656
447	0.323035	89.4574
448	0.307938	82.9143
449	0.323968	90.8146
450	0.341524	100.721
451	0.311417	80.8505
452	0.317154	85.9835
453	0.319062	85.1369
454	0.31751	85.2753
455	0.306989	81.25
456	0.322215	89.4534
457	0.32359	87.7832
458	0.324767	90.363
459	0.314615	83.4531
460	0.316681	86.9835
461	0.322385	91.2288
462	0.329748	92.1428
463	0.312687	82.443
464	0.326581	92.5241
465	0.318655	86.4121
466	0.321394	87.8354
467	0.322344	89.5677
468	0.307914	79.7555
469	0.324525	88.9676
470	0.320004	90.6166
471	0.311303	85.0707
472	0.327935	92.9111
473	0.327584	89.9035
474	0.319134	85.4115
475	0.316999	89.1175
476	0.322004	91.339
477	0.321693	88.6118
478	0.317595	85.8844
479	0.32621	89.6532
480	0.344621	103.761
481	0.324462	89.8241
482	0.299223	80.1594
483	0.313349	88.4156
484	0.319453	85.7129
485	0.330835	94.4025
486	0.315129	85.3364
487	0.322761	91.299
488	0.3135	79.6026
489	0.324076	91.9732
490	0.32161	87.8612
491	0.325562	90.7477
492	0.316663	84.1713
493	0.322495	89.933
494	0.326082	92.2544
495	0.325563	93.7128
496	0.33008	93.1556
497	0.321917	90.5097
498	0.311582	85.5504
499	0.320723	89.4422
500	0.309042	84.3336
501	0.326159	90.0903
502	0.324202	87.9213
503	0.319854	88.3353
504	0.326206	89.5342
505	0.317333	86.5083
506	0.326141	89.5755
507	0.316039	85.1463
508	0.316106	85.2972
509	0.307103	78.1714
510	0.302044	79.5591
511	0.3216	88.8345
512	0.307719	81.5143
513	0.308747	82.2104
514	0.340471	101.639
515	0.308673	82.2816
516	0.290374	74.7809
517	0.315507	83.2222
518	0.324926	90.1496
519	0.320573	91.049
520	0.316928	85.8226
521	0.31558	87.0721
522	0.319662	91.9013
523	0.324356	89.2057
524	0.321568	87.1156
525	0.309105	80.1699
526	0.326365	90.9234
527	0.304266	76.5111
528	0.317831	86.2574
529	0.31597	88.7515
530	0.315283	85.1558
531	0.326318	88.9128
532	0.319873	90.6567
533	0.286073	70.4837
534	0.319721	88.8462
535	0.322248	93.9636
536	0.306179	79.9691
537	0.306613	81.0868
538	0.321259	86.3842
539	0.321894	91.3277
540	0.315866	86.4868
541	0.314357	84.2541
542	0.34246	101.49
543	0.316528	85.1274
544	0.314111	82.8849
545	0.312218	85.5402
546	0.326517	89.9825
547	0.32567	91.564
548	0.307949	81.4496
549	0.31966	90.1271
550	0.332101	92.2872
551	0.318074	85.5665
552	0.316647	85.3124
553	0.31125	84.0531
554	0.30712	79.3129
555	0.314692	88.5151
556	0.313125	84.1009
557	0.319373	88.3635
558	0.321009	86.3787
559	0.315869	88.1474
560	0.297029	77.033
561	0.314368	89.8389
562	0.328946	92.2234
563	0.314876	84.1025
564	0.315349	85.4303
565	0.315415	83.2835
566	0.30322	76.3079
567	0.307946	81.6517
568	0.29059	75.0234
569	0.3387	100.9
570	0.315096	86.4576
571	0.333224	96.7825
572	0.304395	79.2161
573	0.309905	83.9456
574	0.312796	85.7776
575	0.296314	73.924
576	0.31151	83.4166
577	0.330396	95.3535
578	0.305997	77.7838
579	0.30739	79.5588
580	0.311096	83.3577
581	0.322545	92.2009
582	0.324589	88.1738
583	0.325063	86.7729
584	0.321452	91.2955
585	0.327253	92.8641
586	0.308474	80.617
587	0.332819	91.6116
588	0.323067	90.0431
589	0.314212	85.3997
590	0.338349	100.713
591	0.333954	98.3958
592	0.325686	90.624
593	0.316701	87.0193
594	0.343542	99.2543
595	0.328739	92.983
596	0.31097	83.3869
597	0.309749	83.7237
598	0.318299	86.3381
599	0.327679	93.0305
600	0.325503	90.5866
601	0.33091	92.1022
602	0.30681	83.9413
603	0.296358	75.9258
604	0.326736	92.271
605	0.316273	83.0845
606	0.30822	81.3035
607	0.32886	91.2418
608	0.318871	89.4017
609	0.316716	86.2113
610	0.318993	90.2079
611	0.307429	80.1317
612	0.313323	85.2484
613	0.322962	90.4326
614	0.328616	91.2492
615	0.32263	87.7026
616	0.327869	90.7974
617	0.312149	82.5354
618	0.325524	89.2369
619	0.332691	96.3161
620	0.32412	91.7163
621	0.325844	91.5251
622	0.347357	105.954
623	0.330059	90.81
624	0.344506	106.504
625	0.314322	89.3294
626	0.31971	87.5157
627	0.326319	90.4058
628	0.322622	92.2453
629	0.335415	96.9715
630	0.32049	88.7666
631	0.32245	89.5043
632	0.325291	89.6263
633	0.330602	92.8045
634	0.338341	98.1408
635	0.310177	84.8917
636	0.338348	95.4487
637	0.311483	84.2688
638	0.305853	77.2491
639	0.331155	95.629
640	0.319176	88.599
641	0.329024	94.064
642	0.326409	90.0828
643	0.326586	90.2571
644	0.326702	92.4888
645	0.320331	87.1799
646	0.307839	83.0217
647	0.325986	88.2755
648	0.320884	89.232
649	0.31848	86.8591
650	0.323447	88.2633
651	0.319153	89.966
652	0.322354	91.5874
653	0.319567	86.9463
654	0.298108	75.8183
655	0.311381	81.1854
656	0.317221	85.4671
657	0.312909	84.8686
658	0.320203	87.6253
659	0.316283	83.2769
660	0.301319	76.9486
661	0.325026	89.9435
662	0.338617	98.0405
663	0.32378	91.6358
664	0.31187	83.7008
665	0.332767	95.8907
666	0.311304	86.4157
667	0.310045	81.8085
668	0.31448	87.4137
669	0.325366	93.7381
670	0.322792	91.8493
671	0.349019	105.272
672	0.298973	77.6247
673	0.3442	105.846
674	0.318778	89.6949
675	0.325472	90.9941
676	0.311345	84.2033
677	0.301642	75.6722
678	0.300609	78.616
679	0.341055	99.6778
680	0.322044	90.4803
681	0.308377	81.5651
682	0.316474	86.5234
683	0.317317	86.4112
684	0.317914	84.3147
685	0.311467	85.1665
686	0.31487	84.0515
687	0.320705	88.8047
688	0.316048	86.9398
689	0.340593	97.8554
690	0.293517	74.7653
691	0.330142	93.4604
692	0.331992	94.9399
693	0.32386	89.014
694	0.330495	93.9097
695	0.323115	91.2015
696	0.317272	84.5175
697	0.328758	96.1585
698	0.324269	90.6481
699	0.330167	93.4492
700	0.31953	85.5225
701	0.333966	94.6358
702	0.309394	81.1708
703	0.313311	81.7297
704	0.309938	83.0807
705	0.320264	92.211
706	0.319148	89.3506
707	0.323038	88.0232
708	0.321036	86.0525
709	0.325623	92.4522
710	0.325459	90.5253
711	0.327998	90.2998
712	0.312865	82.0802
713	0.313177	84.4041
714	0.309684	83.9475
715	0.322375	90.2288
716	0.320054	87.6996
717	0.322296	87.5248
718	0.310894	80.6374
719	0.309047	81.2362
720	0.303507	79.8726
721	0.332324	97.8044
722	0.310827	84.8649
723	0.322636	90.6928
724	0.318609	88.0154
725	0.296287	73.8754
726	0.326844	88.2161
727	0.307511	78.3481
728	0.315462	87.0912
729	0.333634	96.8313
730	0.318881	86.289
731	0.3319	92.8983
732	0.314193	83.7582
733	0.316455	87.7557
734	0.301015	79.9543
735	0.330695	91.5889
736	0.323946	90.1208
737	0.314878	87.1759
738	0.333402	95.4809
739	0.309437	81.1573
740	0.314552	85.9231
741	0.329191	92.7759
742	0.325042	88.4221
743	0.327128	90.2176
744	0.336824	98.7827
745	0.30708	84.8503
746	0.331478	92.8722
747	0.305149	80.8154
748	0.334105	96.3453
749	0.326745	91.9062
750	0.312157	81.2617
751	0.311412	83.4272
752	0.303563	80.3631
753	0.326302	91.2203
754	0.327591	95.698
755	0.318461	85.322
756	0.344723	100.87
757	0.319282	88.2947
758	0.324379	94.5752
759	0.311316	82.1728
760	0.307722	83.0887
761	0.322879	91.1488
762	0.334968	96.6229
763	0.309078	82.1212
764	0.311833	84.7967
765	0.289625	69.762
766	0.33019	94.6404
767	0.337922	96.2756
768	0.312281	83.3142
769	0.325451	90.6535
770	0.320844	87.1593
771	0.32267	88.0801
772	0.308497	83.5728
773	0.317315	85.7876
774	0.337772	101.669
775	0.308435	81.7202
776	0.324355	93.3979
777	0.307704	81.75
778	0.310617	83.834
779	0.308831	84.106
780	0.3173	87.5633
781	0.335154	97.9892
782	0.329026	94.2103
783	0.321266	89.6461
784	0.308602	82.9109
785	0.304746	75.6579
786	0.31165	82.8916
787	0.30822	81.8826
788	0.316243	84.5328
789	0.317741	86.4792
790	0.318888	91.2752
791	0.306767	76.9667
792	0.32671	91.0945
793	0.324834	88.7682
794	0.312755	82.4742
795	0.334027	96.5888
796	0.317999	86.3353
797	0.340936	102.491
798	0.318692	89.1039
799	0.310129	83.0156
800	0.314887	86.515
801	0.339258	99.3465
802	0.321733	88.66
803	0.330304	96.7756
804	0.327975	91.188
805	0.307935	82.3346
806	0.315898	87.2119
807	0.333226	95.5962
808	0.322898	91.4913
809	0.310112	84.2671
810	0.322248	90.7397
811	0.340747	99.6045
812	0.326938	90.1248
813	0.332615	93.8064
814	0.340342	97.0419
815	0.311399	83.0194
816	0.328231	91.9793
817	0.323057	92.4529
818	0.332287	94.3016
819	0.333858	97.6203
820	0.330574	94.4385
821	0.329359	91.7398
822	0.322068	88.6844
823	0.316204	84.6733
824	0.310171	81.7185
825	0.302085	77.2061
826	0.320154	87.4317
827	0.331186	96.1273
828	0.333828	99.5495
829	0.32035	88.5823
830	0.330167	91.5661
831	0.31505	83.7476
832	0.325314	94.8998
833	0.332618	96.7507
834	0.326893	95.3421
835	0.308387	82.632
836	0.321973	88.762
837	0.320758	88.97
838	0.337491	97.0799
839	0.308419	81.6666
840	0.318765	88.6189
841	0.311127	81.363
842	0.329046	94.7281
843	0.308466	82.3057
844	0.306769	80.0302
845	0.31475	85.7785
846	0.333732	94.985
847	0.312268	86.2878
848	0.317746	88.014
849	0.322108	89.5728
850	0.324119	93.5394
851	0.322871	87.8181
852	0.321796	88.7228
853	0.319676	88.6256
854	0.323629	90.0218
855	0.320951	89.7706
856	0.323099	90.8721
857	0.331093	92.7175
858	0.323015	92.0801
859	0.300358	77.39
860	0.322933	90.4198
861	0.324738	89.752
862	0.306083	80.1472
863	0.316593	88.6556
864	0.306894	82.9256
865	0.302736	79.9227
866	0.322046	88.6027
867	0.317364	88.3942
868	0.319226	82.5008
869	0.321956	87.0161
870	0.335016	95.2977
871	0.339686	101.331
872	0.336051	95.5716
873	0.312971	81.9981
874	0.319795	86.3736
875	0.299665	78.4293
876	0.319596	90.4839
877	0.337777	98.2668
878	0.323263	92.3003
879	0.312351	86.6279
880	0.319705	88.6926
881	0.314024	86.3541
882	0.318556	91.3624
883	0.315944	87.472
884	0.316675	86.907
885	0.321579	89.536
886	0.333295	96.6288
887	0.328221	91.9126
888	0.318725	85.3159
889	0.317279	88.3957
890	0.326729	94.3978
891	0.317826	89.3071
892	0.306124	80.5445
893	0.305858	82.9651
894	0.328969	92.784
895	0.321031	90.5546
896	0.321227	90.4052
897	0.328653	90.3514
898	0.310324	83.1161
899	0.31867	87.3233
900	0.326263	93.0074
901	0.326449	88.5525
902	0.315007	87.2124
903	0.315547	86.5326
904	0.317761	87.1712
905	0.310358	83.4626
906	0.323443	93.2075
907	0.330345	95.1971
908	0.325139	91.6515
909	0.326976	92.4408
910	0.319014	86.9001
911	0.309714	82.5353
912	0.328051	95.8586
913	0.310017	84.4779
914	0.314397	87.7251
915	0.323857	92.9896
916	0.300405	76.681
917	0.323146	91.9255
918	0.320608	89.899
919	0.325324	89.776
920	0.301652	79.8779
921	0.319148	88.0362
922	0.330445	93.0052
923	0.325284	92.5279
924	0.324237	89.6525
925	0.325029	91.7792
926	0.301941	78.8019
927	0.297138	76.2562
928	0.302594	78.4659
929	0.320998	88.0251
930	0.313158	84.7645
931	0.324563	94.0178
932	0.31128	84.5315
933	0.317656	86.077
934	0.331495	95.2878
935	0.330868	91.598
936	0.331774	95.4812
937	0.320521	83.9678
938	0.327731	90.522
939	0.32891	92.7242
940	0.321912	91.6442
941	0.317292	88.8968
942	0.319725	92.4109
943	0.318697	88.1549
944	0.32125	91.4298
945	0.326186	91.6537
946	0.312111	81.7361
947	0.295912	74.9285
948	0.316813	90.1403
949	0.322719	88.8348
950	0.322981	91.5783
951	0.327621	90.9871
952	0.300576	76.3508
953	0.306892	82.5926
954	0.322342	89.2797
955	0.31702	84.9274
956	0.317954	84.2926
957	0.328922	95.7064
958	0.33469	95.5679
959	0.337877	99.8361
960	0.321356	93.9282
961	0.307583	80.1008
962	0.316334	87.6278
963	0.310172	83.6256
964	0.313059	82.091
965	0.308792	81.5884
966	0.340648	99.0204
967	0.320127	88.2555
968	0.324525	89.1508
969	0.31285	83.3575
970	0.327728	92.3152
971	0.298227	74.3216
972	0.331388	93.3975
973	0.312922	81.7078
974	0.307566	80.9242
975	0.327877	93.0512
976	0.331251	94.3412
977	0.313265	82.8919
978	0.329355	96.1488
979	0.321992	90.3892
980	0.334122	96.913
981	0.312548	84.2658
982	0.319325	89.5308
983	0.323865	87.9481
984	0.344506	99.8618
985	0.319519	86.1148
986	0.340554	103.666
987	0.305219	80.8451
988	0.314803	89.122
989	0.311563	83.3965
990	0.316288	87.6098
991	0.329016	89.9078
992	0.32121	90.3945
993	0.319167	85.1259
994	0.331328	95.5042
995	0.32218	90.9063
996	0.296873	76.1706
997	0.325666	92.6313
998	0.318261	87.1378
999	0.329012	92.8008
1000	0.321552	89.5964
1001	0.306147	84.4244
1002	0.319402	86.9263
1003	0.323152	89.5298
1004	0.331823	98.5358
1005	0.326654	90.3195
1006	0.325094	88.6513
1007	0.325727	94.6636
1008	0.312447	86.1284
1009	0.32341	90.1925
1010	0.318087	87.2356
1011	0.307095	79.33
1012	0.32088	88.1378
1013	0.342166	102.853
1014	0.306506	83.8981
1015	0.326961	90.9774
1016	0.32969	94.4564
1017	0.326236	89.8919
1018	0.326264	89.9488
1019	0.32252	91.7329
1020	0.333331	94.9769
1021	0.333465	93.35
1022	0.331382	96.708
1023	0.321082	89.9118
1024	0.332403	97.6837
1025	0.326166	94.5708
1026	0.318807	88.7817
1027	0.330469	92.392
1028	0.306103	79.1152
1029	0.315323	87.0864
1030	0.318186	88.2208
1031	0.301433	81.9633
1032	0.308694	84.2538
1033	0.338456	98.4363
1034	0.311352	83.3491
1035	0.339871	100.681
1036	0.33178	94.8158
1037	0.314944	84.8702
1038	0.323267	92.7782
1039	0.335354	94.3284
1040	0.318288	91.0625
1041	0.32462	91.5795
1042	0.331437	93.0055
1043	0.303141	78.8624
1044	0.3299	93.7176
1045	0.29945	73.8331
1046	0.320861	89.9314
1047	0.306477	82.4132
1048	0.314304	85.2137
1049	0.316224	88.377
1050	0.327395	93.5471
1051	0.301654	77.6854
1052	0.332904	97.157
1053	0.322229	87.9578
1054	0.324424	92.1171
1055	0.31862	88.5319
1056	0.32819	93.5996
1057	0.314601	87.3226
1058	0.301109	78.1569
1059	0.327174	94.5719
1060	0.318981	87.2
1061	0.301751	77.1429
1062	0.325534	93.0058
1063	0.322797	89.8093
1064	0.311179	83.9423
1065	0.329959	98.5258
1066	0.307251	77.8336
1067	0.322198	91.9455
1068	0.3084	82.8231
1069	0.316219	85.8684
1070	0.336379	98.7728
1071	0.318701	87.3348
1072	0.320889	88.4051
1073	0.325375	89.9953
1074	0.313724	84.0813
1075	0.308912	83.4769
1076	0.316508	85.3211
1077	0.300376	77.6359
1078	0.312537	86.3416
1079	0.330928	96.4153
1080	0.313634	86.64
1081	0.316447	86.2935
1082	0.326741	90.9711
1083	0.32506	91.8643
1084	0.323344	93.0982
1085	0.327611	93.5952
1086	0.324323	89.8763
1087	0.318223	86.2919
1088	0.320228	90.4188
1089	0.31305	88.4755
1090	0.332558	97.0089
1091	0.315446	85.9505
1092	0.300376	76.9841
1093	0.318825	87.3736
1094	0.31882	86.8528
1095	0.317237	88.0692
1096	0.318019	90.7736
1097	0.318134	83.0295
1098	0.325755	93.8758
1099	0.298634	73.8095
1100	0.325443	91.0107
1101	0.31401	84.0962
1102	0.32549	90.659
1103	0.310748	83.2897
1104	0.314475	83.2495
1105	0.322935	89.6711
1106	0.319999	88.7769
1107	0.298849	75.5372
1108	0.306256	79.5073
1109	0.318116	88.1682
1110	0.31306	84.084
1111	0.322608	89.7587
1112	0.331124	94.6205
1113	0.324453	90.5659
1114	0.328464	93.6538
1115	0.319889	88.6363
1116	0.32335	88.4274
1117	0.311935	81.7441
1118	0.331089	93.6778
1119	0.341164	100.815
1120	0.339244	96.3629
1121	0.327563	92.9869
1122	0.321957	90.2042
1123	0.302993	79.6618
1124	0.332096	95.5347
1125	0.332574	92.9943
1126	0.32167	86.615
1127	0.325423	92.7485
1128	0.3145	85.5519
1129	0.342025	102.971
1130	0.327275	93.5915
1131	0.317543	85.7634
1132	0.310074	83.8682
1133	0.314149	86.7211
1134	0.329035	87.3957
1135	0.331407	93.8556
1136	0.314743	84.2173
1137	0.303156	81.4091
1138	0.320952	86.4281
1139	0.337417	98.1283
1140	0.306908	83.7412
1141	0.309306	84.055
1142	0.318034	87.9282
1143	0.327013	92.1562
1144	0.339973	100.384
1145	0.330335	94.1094
1146	0.312321	84.4725
1147	0.319239	88.3128
1148	0.331464	94.287
1149	0.314021	85.0218
1150	0.318738	85.1308
1151	0.318565	89.2593
1152	0.328291	91.9179
1153	0.318651	85.7741
1154	0.330047	95.9805
1155	0.327001	92.2917
1156	0.305916	82.2989
1157	0.312922	83.4441
1158	0.322633	92.6645
1159	0.312079	81.7713
1160	0.326531	90.6117
1161	0.314656	84.1336
1162	0.333949	95.756
1163	0.329508	92.7988
1164	0.312673	86.9293
1165	0.314528	83.8984
1166	0.320091	88.2956
1167	0.318055	87.2735
1168	0.328561	94.9962
1169	0.325183	93.6045
1170	0.313157	79.387
1171	0.323501	90.4152
1172	0.299497	76.801
1173	0.325136	91.841
1174	0.311483	80.7294
1175	0.314206	88.9975
1176	0.326551	95.3298
1177	0.320177	91.2325
1178	0.318144	87.2126
1179	0.337251	100.245
1180	0.311276	83.3507
1181	0.325186	90.1828
1182	0.337976	99.3024
1183	0.317131	86.0658
1184	0.333428	94.4948
1185	0.319667	89.5579
1186	0.310037	80.9779
1187	0.328316	90.0516
1188	0.322463	88.4698
1189	0.318603	87.4238
1190	0.325316	91.2261
1191	0.327244	92.2411
1192	0.325119	89.2901
1193	0.306153	82.4597
1194	0.328462	92.0309
1195	0.311914	82.7396
1196	0.320155	90.1686
1197	0.328408	92.906
1198	0.309713	84.5536
1199	0.326897	92.3306
1200	0.346001	105.096
1201	0.312935	85.1212
1202	0.304145	80.1247
1203	0.319098	89.6604
1204	0.327964	95.3138
1205	0.335862	94.9141
1206	0.324154	91.5318
1207	0.321479	90.7763
1208	0.319734	88.1493
1209	0.328976	91.135
1210	0.321573	87.9744
1211	0.339858	97.415
1212	0.329045	97.8267
1213	0.319766	84.1111
1214	0.328272	93.6128
1215	0.329368	94.7926
1216	0.322848	91.1631
1217	0.315201	88.3683
1218	0.322528	86.8327
1219	0.316867	85.8811
1220	0.311247	84.0812
1221	0.33772	97.4939
1222	0.317318	87.9361
1223	0.309559	81.9931
1224	0.333344	96.5352
1225	0.329848	96.8953
1226	0.324424	88.1409
1227	0.328767	90.5992
1228	0.327587	90.6609
1229	0.339815	97.2761
1230	0.32139	89.5593
1231	0.30991	81.2211
1232	0.315236	85.4752
1233	0.31207	86.0276
1234	0.307049	80.1954
1235	0.317472	82.3228
1236	0.339154	101.943
1237	0.328499	89.1953
1238	0.328961	97.0818
1239	0.331257	92.6732
1240	0.30336	80.2521
1241	0.330729	94.8194
1242	0.326303	92.8216
1243	0.309331	82.7775
1244	0.308464	80.1368
1245	0.313874	83.4831
1246	0.319226	89.4514
1247	0.311488	87.7757
1248	0.319849	86.8286
1249	0.326874	94.6435
1250	0.332259	96.94
1251	0.3189	89.5357
1252	0.330786	94.2133
1253	0.31581	84.7533
1254	0.317172	86.1861
1255	0.312014	81.0546
1256	0.31788	85.4424
1257	0.337687	99.8161
1258	0.329056	92.7716
1259	0.327929	92.1865
1260	0.32938	92.1952
1261	0.329036	92.8081
1262	0.334956	95.4099
1263	0.317147	88.1135
1264	0.304556	79.3727
1265	0.336034	98.8396
1266	0.317066	88.8955
1267	0.313669	83.837
1268	0.337769	95.1622
1269	0.310295	83.6002
1270	0.302434	78.4753
1271	0.33003	97.3328
1272	0.327329	92.651
1273	0.310281	84.9056
1274	0.32454	92.0652
1275	0.309445	80.8542
1276	0.328391	88.7638
1277	0.327516	91.8984
1278	0.327286	93.6931
1279	0.323178	90.405
1280	0.318511	85.6094
1281	0.308092	81.0083
1282	0.315711	83.1131
1283	0.315554	84.8184
1284	0.311507	80.9505
1285	0.322127	90.2802
1286	0.314336	87.0039
1287	0.306447	79.0615
1288	0.307896	82.5004
1289	0.316015	81.885
1290	0.330819	93.9394
1291	0.306519	80.2969
1292	0.312968	82.0926
1293	0.325314	91.4752
1294	0.322377	89.2339
1295	0.32555	94.523
1296	0.324887	94.8319
1297	0.319276	88.0587
1298	0.314484	82.5999
1299	0.304941	81.1193
1300	0.331666	92.5727
1301	0.301768	77.5258
1302	0.293145	74.8914
1303	0.317386	87.5319
1304	0.312542	85.6635
1305	0.326021	92.7119
1306	0.301958	77.7336
1307	0.314334	83.3359
1308	0.326963	93.5934
1309	0.315305	85.2881
1310	0.333241	95.8961
1311	0.331699	94.4444
1312	0.322833	89.4396
1313	0.305506	78.8463
1314	0.318806	83.6515
1315	0.326359	91.4711
1316	0.326923	92.2571
1317	0.341106	99.9052
1318	0.320893	89.271
1319	0.315041	86.3325
1320	0.318272	88.3046
1321	0.301748	79.2821
1322	0.335024	95.6426
1323	0.321255	87.2365
1324	0.328306	93.3178
1325	0.32704	93.6059
1326	0.312534	85.656
1327	0.320975	88.1425
1328	0.31374	84.8501
1329	0.311808	84.6589
1330	0.315679	86.9544
1331	0.31507	87.2594
1332	0.328731	94.5759
1333	0.322266	88.967
1334	0.324608	94.4203
1335	0.321597	88.7202
1336	0.316675	85.4471
1337	0.328388	89.2751
1338	0.329294	94.5481
1339	0.316017	87.0312
1340	0.313653	82.4929
1341	0.30467	77.6484
1342	0.306564	81.3959
1343	0.311705	81.3765
1344	0.317209	86.2167
1345	0.329112	95.8572
1346	0.32261	88.5264
1347	0.31065	81.087
1348	0.306736	78.4573
1349	0.325149	91.0345
1350	0.310731	84.8199
1351	0.32283	89.9265
1352	0.31967	87.8525
1353	0.303364	77.5922
1354	0.312111	79.6556
1355	0.297395	79.9598
1356	0.310848	80.1037
1357	0.325872	89.7233
1358	0.342037	102.189
1359	0.313631	84.4383
1360	0.311101	82.6939
1361	0.319451	85.0913
1362	0.334001	94.7866
1363	0.328136	90.0817
1364	0.308275	82.6755
1365	0.334515	97.1393
1366	0.320994	87.7078
1367	0.330441	96.7355
1368	0.308449	86.7366
1369	0.321218	90.8696
1370	0.315759	85.5134
1371	0.32124	86.8824
1372	0.320514	90.047
1373	0.314915	82.8466
1374	0.30967	82.3093
1375	0.324534	94.322
1376	0.32758	87.9695
1377	0.298561	77.139
1378	0.317836	85.5834
1379	0.313507	79.221
1380	0.302084	79.0575
1381	0.32381	89.6403
1382	0.30748	85.1435
1383	0.315791	85.0447
1384	0.300087	77.8
1385	0.326512	94.3458
1386	0.330786	90.9346
1387	0.334993	98.9099
1388	0.307136	78.0245
1389	0.296492	73.5669
1390	0.31291	86.2715
1391	0.320897	88.9371
1392	0.325853	87.3352
1393	0.322104	88.3415
1394	0.317588	89.0939
1395	0.333313	93.4067
1396	0.314054	85.1936
1397	0.313194	85.732
1398	0.328278	92.4461
1399	0.329837	94.7915
1400	0.300908	77.1492
1401	0.330992	91.5992
1402	0.330952	94.7198
1403	0.327044	90.6363
1404	0.309958	84.5774
1405	0.336314	96.1123
1406	0.314982	88.0619
1407	0.311861	85.068
1408	0.306936	82.4764
1409	0.323782	92.5572
1410	0.3245	93.2093
1411	0.322081	89.6597
1412	0.302352	76.993
1413	0.298807	72.9228
1414	0.318703	84.5716
1415	0.328861	89.9976
1416	0.29138	74.9301
1417	0.32556	88.4731
1418	0.336203	94.1747
1419	0.313856	84.194
1420	0.317583	89.13
1421	0.318672	87.7695
1422	0.309918	83.0917
1423	0.313085	86.9053
1424	0.306385	81.8669
1425	0.319474	87.6595
1426	0.315469	83.6508
1427	0.30877	84.2966
1428	0.329865	94.2018
1429	0.305907	80.5178
1430	0.323283	89.9515
1431	0.315836	83.4945
1432	0.306779	82.2183
1433	0.310102	80.49
1434	0.33371	94.8705
1435	0.347291	108.29
1436	0.308696	81.9269
1437	0.30265	76.3722
1438	0.321369	87.1225
1439	0.318597	86.8509
1440	0.317317	86.2366
1441	0.308816	81.3408
1442	0.324393	89.2668
1443	0.328364	94.0036
1444	0.331717	92.75
1445	0.302748	77.944
1446	0.315233	84.517
1447	0.314454	81.2599
1448	0.332246	96.0421
1449	0.337317	100.35
1450	0.317943	85.1562
1451	0.330341	94.3248
1452	0.315182	88.2101
1453	0.323539	90.837
1454	0.323106	90.9852
1455	0.321258	87.6125
1456	0.339806	102.128
1457	0.309414	84.2554
1458	0.320012	89.3582
1459	0.320197	90.3696
1460	0.327105	91.7793
1461	0.319686	88.9247
1462	0.298456	72.7642
1463	0.332462	95.4166
1464	0.321579	85.9373
1465	0.301808	80.6754
1466	0.303063	80.0813
1467	0.32762	97.3782
1468	0.305379	80.2468
1469	0.314608	86.9651
1470	0.313348	83.2502
1471	0.318697	87.7068
1472	0.314642	79.5566
1473	0.316818	90.2694
1474	0.313772	83.1828
1475	0.325613	92.9368
1476	0.319873	89.4725
1477	0.331972	93.2853
1478	0.312028	87.4388
1479	0.31422	87.5315
1480	0.330705	94.0573
1481	0.313998	86.7953
1482	0.320418	88.5856
1483	0.314955	86.6371
1484	0.339548	98.5908
1485	0.329175	97.7098
1486	0.320764	88.8644
1487	0.331266	95.3995
1488	0.303069	81.4506
1489	0.321377	89.4697
1490	0.335398	95.8842
1491	0.319485	90.7002
1492	0.30705	79.5874
1493	0.328401	92.2225
1494	0.325905	90.9014
1495	0.327574	95.0168
1496	0.323609	87.9135
1497	0.3293	90.984
1498	0.324756	93.2356
1499	0.323222	89.1148
1500	0.315557	82.2336
1501	0.317772	87.4734
1502	0.313347	82.2305
1503	0.324453	91.5731
1504	0.30955	83.4964
1505	0.324076	91.4982
1506	0.315168	84.6995
1507	0.321116	87.0596
1508	0.331159	93.7946
1509	0.323256	90.6059
1510	0.316382	85.2649
1511	0.298243	79.4324
1512	0.335041	96.3735
1513	0.315281	85.845
1514	0.304258	79.355
1515	0.325363	92.633
1516	0.321534	95.8894
1517	0.336769	98.9063
1518	0.300064	78.2801
1519	0.323407	91.4354
1520	0.309039	85.1456
1521	0.320961	87.5554
1522	0.32806	94.7433
1523	0.316022	85.6823
1524	0.317321	87.4512
1525	0.335877	97.5312
1526	0.311415	85.3515
1527	0.312477	84.8456
1528	0.313696	86.504
1529	0.309077	80.06
1530	0.314436	85.2034
1531	0.337789	97.2184
1532	0.318527	86.1402
1533	0.327677	94.8477
1534	0.308047	80.6471
1535	0.314267	85.4151
1536	0.305976	81.3744
1537	0.326425	88.9965
1538	0.310155	84.9216
1539	0.32035	85.4399
1540	0.333614	91.6674
1541	0.325312	88.4981
1542	0.328326	88.4518
1543	0.320344	91.8717
1544	0.313917	86.2255
1545	0.330347	93.7709
1546	0.323134	87.6946
1547	0.306069	81.8744
1548	0.329165	96.1286
1549	0.314558	86.014
1550	0.318251	87.8932
1551	0.331692	94.379
1552	0.333245	93.7689
1553	0.314782	86.8788
1554	0.320336	88.0183
1555	0.334753	96.1064
1556	0.325784	95.2914
1557	0.321963	87.2002
1558	0.320341	85.7343
1559	0.311414	84.2403
1560	0.325771	90.4255
1561	0.32592	91.8169
1562	0.324156	87.7344
1563	0.321214	87.0047
1564	0.302925	78.4522
1565	0.308108	80.6899
1566	0.321797	87.7111
1567	0.328421	94.0648
1568	0.316788	84.8595
1569	0.320362	85.2436
1570	0.309815	79.8477
1571	0.333479	97.0191
1572	0.303059	78.3199
1573	0.32735	91.1976
1574	0.3185	85.5771
1575	0.33498	96.6421
1576	0.310262	80.7027
1577	0.306832	81.0101
1578	0.327857	90.5204
1579	0.319962	87.0431
1580	0.315323	83.4022
1581	0.340766	96.63
1582	0.290924	75.4423
1583	0.316857	87.1612
1584	0.326965	92.3346
1585	0.323498	92.6666
1586	0.326496	91.8841
1587	0.317415	88.5515
1588	0.345718	100.563
1589	0.322361	87.2558
1590	0.32662	89.0479
1591	0.309811	81.1703
1592	0.284597	68.5542
1593	0.328331	92.7847
1594	0.328374	94.8308
1595	0.317615	88.5328
1596	0.309291	84.291
1597	0.330567	94.3757
1598	0.318146	90.6145
1599	0.339451	100.752
1600	0.319993	89.9752
1601	0.31645	88.4459
1602	0.320196	87.5011
1603	0.317461	85.6311
1604	0.313832	84.9144
1605	0.325664	88.702
1606	0.328573	88.7899
1607	0.319584	87.8149
1608	0.323391	90.2002
1609	0.332769	93.574
1610	0.313054	85.9331
1611	0.322886	88.2145
1612	0.327339	92.8955
1613	0.317337	83.1963
1614	0.32446	89.9755
1615	0.316412	87.8519
1616	0.318849	88.9475
1617	0.314492	85.3603
1618	0.31208	84.4027
1619	0.318097	88.8437
1620	0.321865	88.0982
1621	0.323638	89.3482
1622	0.312168	80.9472
1623	0.328573	92.5409
1624	0.328028	91.8914
1625	0.317706	86.0694
1626	0.311663	82.633
1627	0.328796	91.7528
1628	0.342333	104.342
1629	0.30992	85.0173
1630	0.312002	82.2669
1631	0.316158	86.7955
1632	0.332694	94.196
1633	0.331876	95.5635
1634	0.323822	89.0932
1635	0.320228	88.4474
1636	0.333299	93.9378
1637	0.305308	79.0784
1638	0.332121	90.4727
1639	0.323742	88.7798
1640	0.31761	85.0896
1641	0.321829	85.3368
1642	0.318773	90.1768
1643	0.312518	83.7761
1644	0.330661	92.6159
1645	0.309235	83.8465
1646	0.309581	80.6402
1647	0.334731	98.1916
1648	0.320483	86.9322
1649	0.318755	88.0072
1650	0.29959	75.9941
1651	0.317384	88.1026
1652	0.320525	86.5045
1653	0.319157	85.5099
1654	0.329543	94.2093
1655	0.327361	91.6859
1656	0.32652	91.593
1657	0.325716	86.4479
1658	0.315748	83.6424
1659	0.314989	88.6051
1660	0.302756	77.0979
1661	0.317127	86.7248
1662	0.311663	85.2344
1663	0.313576	83.2034
1664	0.316267	84.0401
1665	0.336861	96.3633
1666	0.328043	92.9537
1667	0.325524	91.5501
1668	0.319829	88.0526
1669	0.324363	87.1871
1670	0.322686	88.3966
1671	0.336219	100.548
1672	0.310465	84.6323
1673	0.310776	79.6523
1674	0.317314	83.6936
1675	0.310969	83.0308
1676	0.32634	92.5544
1677	0.338488	96.7607
1678	0.330022	94.8516
1679	0.327018	92.4777
1680	0.319527	86.1095
1681	0.326075	90.926
1682	0.303565	80.7967
1683	0.325744	94.0677
1684	0.324421	91.7137
1685	0.340749	101.377
1686	0.313575	82.4742
1687	0.321119	86.5896
1688	0.307758	79.8234
1689	0.31194	86.7076
1690	0.332277	96.5493
1691	0.315914	88.4976
1692	0.339355	97.5527
1693	0.318655	84.2441
1694	0.318126	85.254
1695	0.339162	99.1777
1696	0.312544	88.2598
1697	0.330239	93.8112
1698	0.309478	83.7056
1699	0.308773	83.798
1700	0.322299	90.4392
1701	0.321839	92.2499
1702	0.316866	83.3478
1703	0.312417	86.4268
1704	0.324289	88.1316
1705	0.309427	81.6172
1706	0.30624	82.0926
1707	0.323907	93.3277
1708	0.310514	85.5873
1709	0.315458	85.0395
1710	0.327748	94.4557
1711	0.33558	96.8414
1712	0.32218	90.7645
1713	0.306773	80.1798
1714	0.330559	93.0193
1715	0.323728	93.1184
1716	0.325231	89.9447
1717	0.317397	88.2518
1718	0.312951	85.2172
1719	0.30284	76.4871
1720	0.300571	76.1522
1721	0.323129	90.5733
1722	0.324825	95.449
1723	0.32147	92.9426
1724	0.316615	85.9569
1725	0.32621	93.754
1726	0.311473	84.0265
1727	0.328619	93.7424
1728	0.316893	84.2963
1729	0.316635	85.7478
1730	0.326304	97.0152
1731	0.322883	88.516
1732	0.315095	84.2919
1733	0.319214	86.1072
1734	0.332905	91.7603
1735	0.303794	80.8697
1736	0.303491	80.4607
1737	0.327044	88.8621
1738	0.308732	81.6272
1739	0.327612	94.402
1740	0.329531	95.1324
1741	0.326891	90.1426
1742	0.327767	93.9347
1743	0.320655	87.9696
1744	0.321323	88.6064
1745	0.31657	85.3367
1746	0.304736	79.9835
1747	0.310741	82.4319
1748	0.314652	85.815
1749	0.326502	92.5755
1750	0.338882	96.454
1751	0.324207	91.0868
1752	0.327536	91.983
1753	0.32774	92.5703
1754	0.307455	81.4923
1755	0.317962	87.8378
1756	0.346875	102.157
1757	0.317323	84.0645
1758	0.32991	93.6884
1759	0.312967	85.082
1760	0.303841	77.9572
1761	0.334731	96.034
1762	0.31268	83.3612
1763	0.326109	90.8988
1764	0.337713	96.6683
1765	0.303438	79.3143
1766	0.32607	94.6903
1767	0.322428	89.1459
1768	0.320985	88.6095
1769	0.32659	93.1338
1770	0.32056	86.8021
1771	0.303824	78.5273
1772	0.316295	87.9709
1773	0.312436	82.5556
1774	0.323842	90.1023
1775	0.334298	98.6272
1776	0.315797	85.6421
1777	0.314046	84.7048
1778	0.321132	91.8565
1779	0.333122	97.0605
1780	0.322611	92.6486
1781	0.33295	95.4477
1782	0.32747	89.8989
1783	0.327111	93.3961
1784	0.328995	94.8678
1785	0.311309	84.3297
1786	0.327733	90.9238
1787	0.304172	81.754
1788	0.333774	96.798
1789	0.298888	77.2123
1790	0.329942	93.0502
1791	0.339925	102.815
1792	0.308609	83.9173
1793	0.306148	80.281
1794	0.325213	89.8456
1795	0.319758	87.7042
1796	0.338026	97.8362
1797	0.316666	86.3446
1798	0.329734	92.4718
1799	0.334176	95.7465
1800	0.330251	91.8301
1801	0.311893	84.7321
1802	0.325341	93.9047
1803	0.316483	86.6972
1804	0.309668	82.6681
1805	0.311119	84.701
1806	0.310571	86.8525
1807	0.316871	85.9114
1808	0.329576	95.96
1809	0.310966	83.9985
1810	0.317085	85.423
1811	0.31003	82.477
1812	0.340778	99.8837
1813	0.306056	80.3778
1814	0.321691	84.0004
1815	0.31835	88.9848
1816	0.309423	80.605
1817	0.320372	89.4091
1818	0.313877	84.3409
1819	0.315286	82.712
1820	0.314028	83.8038
1821	0.306723	80.7285
1822	0.323589	90.9967
1823	0.335997	98.1827
1824	0.307142	83.2301
1825	0.321971	89.0399
1826	0.312708	81.8886
1827	0.326027	91.0929
1828	0.326603	92.303
1829	0.312561	84.5716
1830	0.325303	94.6834
1831	0.315076	87.4118
1832	0.308163	82.4209
1833	0.310581	82.9541
1834	0.337701	98.5249
1835	0.322041	92.5641
1836	0.311911	85.1216
1837	0.327212	94.8303
1838	0.31596	86.8151
1839	0.311672	83.2667
1840	0.303013	77.0077
1841	0.329785	95.8331
1842	0.311635	86.5475
1843	0.32997	90.8982
1844	0.323999	90.6742
1845	0.314847	86.0042
1846	0.315899	86.6692
1847	0.326737	93.4407
1848	0.307913	80.1925
1849	0.301158	81.4524
1850	0.31844	87.5616
1851	0.313686	86.3587
1852	0.330195	95.9737
1853	0.335119	93.1863
1854	0.324322	86.0192
1855	0.318283	90.8676
1856	0.32215	92.0456
1857	0.309122	84.1696
1858	0.32247	88.5926
1859	0.321507	88.6223
1860	0.317618	87.8733
1861	0.327082	93.2708
1862	0.327156	91.0537
1863	0.313504	86.4485
1864	0.330864	96.7564
1865	0.313461	84.8866
1866	0.338466	96.4188
1867	0.309451	84.5764
1868	0.318261	88.0261
1869	0.319642	92.954
1870	0.316251	85.4362
1871	0.330817	94.5698
1872	0.320324	89.1532
1873	0.334423	96.6119
1874	0.311057	81.9821
1875	0.331859	95.3446
1876	0.317693	86.5859
1877	0.319946	87.5168
1878	0.324156	88.7957
1879	0.335072	97.5635
1880	0.299459	78.338
1881	0.333252	96.7512
1882	0.328518	91.1057
1883	0.332454	93.0536
1884	0.318979	86.811
1885	0.311584	84.7393
1886	0.339402	98.4875
1887	0.313437	83.7663
1888	0.331039	95.5096
1889	0.327617	93.5508
1890	0.328133	93.4874
1891	0.305894	79.3611
1892	0.322433	92.7367
1893	0.307987	81.6357
1894	0.328991	93.9931
1895	0.334194	95.4095
1896	0.316468	86.3052
1897	0.31786	85.6444
1898	0.33006	93.0598
1899	0.322892	87.8435
1900	0.312778	85.9591
1901	0.304207	80.37
1902	0.303509	79.4953
1903	0.310084	77.0164
1904	0.325528	94.5657
1905	0.332084	95.2795
1906	0.31428	85.7019
1907	0.327276	91.9471
1908	0.316492	88.1257
1909	0.331963	95.4265
1910	0.307752	82.4653
1911	0.327296	89.4739
1912	0.316203	87.8985
1913	0.327887	93.9217
1914	0.325992	94.1525
1915	0.285626	69.8073
1916	0.321018	90.0038
1917	0.324797	91.5867
1918	0.320511	87.7303
1919	0.325442	90.9761
1920	0.321502	88.1489
1921	0.335819	99.7087
1922	0.315457	83.9734
1923	0.313481	84.5712
1924	0.320785	87.612
1925	0.325932	91.8258
1926	0.329822	92.726
1927	0.297344	76.1056
1928	0.319525	88.6041
1929	0.315128	84.8715
1930	0.319133	88.6449
1931	0.311096	82.1279
1932	0.314599	85.767
1933	0.29353	77.6131
1934	0.319275	88.7855
1935	0.315463	88.7386
1936	0.311223	83.5368
1937	0.320972	89.7443
1938	0.32632	95.3013
1939	0.311099	84.1765
1940	0.328419	94.8009
1941	0.329599	93.5187
1942	0.321719	88.3621
1943	0.315805	85.6178
1944	0.327427	91.3227
1945	0.320513	88.1127
1946	0.324025	91.3957
1947	0.298226	76.736
1948	0.326877	93.5131
1949	0.338696	99.0933
1950	0.328968	91.2764
1951	0.318816	86.3986
1952	0.315078	84.5168
1953	0.311642	83.8562
1954	0.312601	83.2534
1955	0.319157	86.8342
1956	0.310511	83.1021
1957	0.324938	90.9586
1958	0.324347	87.5304
1959	0.313341	82.4813
1960	0.335668	98.1882
1961	0.328934	93.1673
1962	0.324219	92.8835
1963	0.319136	88.9183
1964	0.322184	88.4256
1965	0.320735	89.7389
1966	0.312608	80.4664
1967	0.322742	90.1839
1968	0.316354	85.1609
1969	0.31623	85.4022
1970	0.303771	81.4196
1971	0.318592	91.5523
1972	0.344817	101.286
1973	0.323713	93.1696
1974	0.327538	93.0053
1975	0.312646	85.0094
1976	0.332142	94.675
1977	0.333411	98.3306
1978	0.305158	80.2676
1979	0.333607	97.7703
1980	0.308698	80.0842
1981	0.315974	86.5544
1982	0.310378	81.5152
1983	0.329338	96.3297
1984	0.31772	85.1226
1985	0.307651	77.6511
1986	0.316679	85.4309
1987	0.318156	89.2531
1988	0.317236	84.745
1989	0.322747	88.6353
1990	0.303162	78.1114
1991	0.302887	79.7732
1992	0.300413	76.8631
1993	0.319386	87.6298
1994	0.319995	89.0517
1995	0.332728	93.4127
1996	0.325337	88.4547
1997	0.304771	83.3255
1998	0.297579	77.4441
1999	0.307419	81.4648
2000	0.329816	92.4333
2001	0.320296	86.2082
2002	0.318192	85.2727
2003	0.307097	80.9028
2004	0.319191	84.7806
2005	0.327276	95.7954
2006	0.322486	92.6636
2007	0.305537	78.4482
2008	0.303771	79.0657
2009	0.31665	84.5193
2010	0.311857	83.6415
2011	0.315875	84.7615
2012	0.338153	102.108
2013	0.32433	88.7422
2014	0.31441	86.2057
2015	0.318833	87.394
2016	0.323372	91.4382
2017	0.315822	83.8448
2018	0.343884	104.166
2019	0.308964	81.7371
2020	0.326637	93.2102
2021	0.307069	81.0941
2022	0.314678	85.2517
2023	0.290076	72.0051
2024	0.332592	95.7138
2025	0.315615	86.8012
2026	0.329145	93.2811
2027	0.295863	77.5795
2028	0.321219	87.3962
2029	0.31661	86.2221
2030	0.324347	93.4833
2031	0.326825	89.7197
2032	0.318494	89.816
2033	0.326681	93.3318
2034	0.323722	88.7535
2035	0.321754	85.6428
2036	0.317039	85.1111
2037	0.324381	92.4444
2038	0.308401	84.8211
2039	0.332072	95.526
2040	0.297466	75.8258
2041	0.311646	87.005
2042	0.324712	94.2376
2043	0.339408	100.319
2044	0.306233	80.9191
2045	0.314308	87.0016
2046	0.312814	85.206
2047	0.327936	94.4523
2048	0.318217	86.5973
2049	0.306697	82.4354
2050	0.313484	87.7385
2051	0.309054	84.2187
2052	0.342006	104.861
2053	0.31842	86.5273
2054	0.312609	81.5053
2055	0.304997	80.9184
2056	0.299111	79.6176
2057	0.32864	90.4957
2058	0.334724	98.6464
2059	0.334167	92.9394
2060	0.306728	81.4817
2061	0.317209	90.0174
2062	0.313042	83.457
2063	0.288529	72.9256
2064	0.330967	92.0549
2065	0.322407	92.1076
2066	0.324664	94.157
2067	0.324496	91.614
2068	0.314772	82.9907
2069	0.324053	90.8321
2070	0.312676	85.5725
2071	0.318311	89.5584
2072	0.326916	90.7834
2073	0.308687	79.4265
2074	0.303528	80.5416
2075	0.294998	75.8107
2076	0.331233	94.872
2077	0.310933	79.777
2078	0.325264	91.5653
2079	0.322299	89.0869
2080	0.325732	91.0249
2081	0.314121	84.0675
2082	0.321771	89.4527
2083	0.317157	87.1527
2084	0.312878	87.7824
2085	0.310929	83.8409
2086	0.324459	92.1513
2087	0.3226	89.3473
2088	0.326048	90.8308
2089	0.310543	83.2079
2090	0.334514	95.2634
2091	0.347142	106.873
2092	0.329345	91.9774
2093	0.321591	87.5513
2094	0.320003	87.6595
2095	0.301665	76.6016
2096	0.324372	91.211
2097	0.330747	95.2409
2098	0.319451	91.1208
2099	0.319089	91.5544
2100	0.31122	81.4646
2101	0.319934	88.4822
2102	0.319561	90.8219
2103	0.321927	85.1101
2104	0.324303	90.7844
2105	0.306758	83.6963
2106	0.32507	91.7659
2107	0.330488	94.9707
2108	0.337167	98.488
2109	0.327038	95.4194
2110	0.322155	86.7721
2111	0.310159	81.2581
2112	0.321581	90.3295
2113	0.323559	92.1872
2114	0.318602	88.1968
2115	0.306723	83.8807
2116	0.315818	83.479
2117	0.340039	101.552
2118	0.323136	89.9273
2119	0.316616	85.8554
2120	0.329649	92.9487
2121	0.303904	81.3034
2122	0.32397	89.5315
2123	0.319366	88.4296
2124	0.322543	86.8245
2125	0.308177	76.8385
2126	0.343581	100.515
2127	0.318363	86.776
2128	0.319684	87.2678
2129	0.339512	97.7266
2130	0.312138	85.4798
2131	0.314405	86.2981
2132	0.328086	92.4121
2133	0.339613	97.1325
2134	0.300968	75.133
2135	0.316287	87.0226
2136	0.321502	84.7776
2137	0.32332	89.4718
2138	0.316988	83.8244
2139	0.320978	86.2625
2140	0.305763	81.9507
2141	0.317004	89.6013
2142	0.321613	91.4373
2143	0.320628	89.2708
2144	0.313907	84.3484
2145	0.328248	90.13
2146	0.324618	93.2038
2147	0.331569	94.2081
2148	0.303503	82.1647
2149	0.320154	89.5165
2150	0.309811	84.2113
2151	0.322084	85.8896
2152	0.313258	82.7928
2153	0.309947	83.9929
2154	0.31375	83.7985
2155	0.312052	83.3954
2156	0.316717	87.445
2157	0.33442	97.9129
2158	0.299254	79.2952
2159	0.341033	100.773
2160	0.318155	88.5746
2161	0.335214	94.9946
2162	0.320362	89.0621
2163	0.332785	95.5505
2164	0.323749	90.9746
2165	0.328301	92.328
2166	0.310037	81.6421
2167	0.315865	86.9884
2168	0.318309	85.9265
2169	0.317607	87.6945
2170	0.316148	86.7597
2171	0.30928	79.2553
2172	0.331749	96.3183
2173	0.312206	81.4086
2174	0.320434	85.7731
2175	0.310806	84.2571
2176	0.311264	85.3839
2177	0.319413	88.2215
2178	0.310267	83.1953
2179	0.32307	87.2261
2180	0.324749	93.0384
2181	0.308825	82.4981
2182	0.314459	82.4028
2183	0.329872	95.9911
2184	0.339221	97.9897
2185	0.31294	86.9514
2186	0.327737	91.7054
2187	0.30722	79.3829
2188	0.328047	93.9682
2189	0.322379	88.0672
2190	0.324918	89.4248
2191	0.314521	81.3069
2192	0.321486	87.0143
2193	0.322597	89.0328
2194	0.313846	86.5978
2195	0.306282	78.6427
2196	0.304454	82.7697
2197	0.336942	97.117
2198	0.33073	94.3411
2199	0.327749	93.4261
2200	0.338862	97.9757
2201	0.317914	85.6137
2202	0.317126	83.9197
2203	0.296697	74.5899
2204	0.322516	88.6632
2205	0.326395	93.8514
2206	0.317408	86.4208
2207	0.300641	79.6623
2208	0.317387	87.9943
2209	0.304753	79.9634
2210	0.32585	92.4599
2211	0.315435	88.5184
2212	0.320482	85.9732
2213	0.319518	86.3042
2214	0.314614	86.8547
2215	0.32461	91.375
2216	0.322158	89.7996
2217	0.302327	80.3491
2218	0.350252	102.464
2219	0.32106	88.5866
2220	0.321044	90.9747
2221	0.316209	86.856
2222	0.315192	84.2505
2223	0.341231	98.9009
2224	0.318273	88.7292
2225	0.320624	85.9495
2226	0.34566	100.943
2227	0.353134	107.39
2228	0.33356	94.8397
2229	0.304272	77.288
2230	0.333885	95.2852
2231	0.330447	93.8406
2232	0.315895	83.4241
2233	0.333979	95.7495
2234	0.314583	82.4855
2235	0.318537	90.5741
2236	0.318	86.587
2237	0.323362	92.8118
2238	0.326055	89.4212
2239	0.319376	87.287
2240	0.310452	83.3182
2241	0.32397	91.301
2242	0.306777	79.0675
2243	0.313102	86.9799
2244	0.313103	85.2348
2245	0.311418	88.2784
2246	0.333609	96.3576
2247	0.324983	89.5398
2248	0.317944	87.6454
2249	0.321112	91.6396
2250	0.310145	81.8296
2251	0.330997	96.4144
2252	0.312121	82.2857
2253	0.322628	89.2649
2254	0.318467	91.7063
2255	0.316661	87.6335
2256	0.305599	81.6307
2257	0.330096	93.4595
2258	0.335199	98.0247
2259	0.345722	103.277
2260	0.316492	83.3979
2261	0.312877	85.3046
2262	0.335382	93.5833
2263	0.338047	98.0893
2264	0.330087	95.508
2265	0.329965	94.7797
2266	0.339978	98.6944
2267	0.335458	98.8442
2268	0.316391	84.6083
2269	0.305121	79.4474
2270	0.330255	95.2356
2271	0.302918	77.4914
2272	0.314493	84.0068
2273	0.307964	82.7437
2274	0.304953	79.0427
2275	0.319485	86.707
2276	0.329347	92.0849
2277	0.313109	84.0728
2278	0.329369	94.3907
2279	0.329421	94.926
2280	0.312277	81.8872
2281	0.315359	82.8718
2282	0.331483	95.0388
2283	0.315644	83.8582
2284	0.306788	80.8295
2285	0.311906	84.6095
2286	0.331919	94.3861
2287	0.316668	83.9113
2288	0.330774	93.7039
2289	0.314782	86.2432
2290	0.323542	89.0772
2291	0.332873	96.2647
2292	0.328245	89.4881
2293	0.315815	88.3792
2294	0.312558	82.2872
2295	0.3147	84.4328
2296	0.323362	91.008
2297	0.303087	77.8007
2298	0.32273	90.4348
2299	0.32423	89.3961
2300	0.310714	85.7719
2301	0.322907	90.1275
2302	0.327914	91.7512
2303	0.323401	92.8387
2304	0.320073	90.183
2305	0.326916	93.1965
2306	0.315133	82.3604
2307	0.31994	89.5216
2308	0.315671	82.29
2309	0.335553	95.4526
2310	0.326518	88.5528
2311	0.331209	92.7309
2312	0.310982	83.1011
2313	0.321509	90.2607
2314	0.308679	80.6257
2315	0.307071	80.4359
2316	0.31022	84.5616
2317	0.311522	81.6701
2318	0.348519	101.97
2319	0.314295	87.564
2320	0.307061	78.9933
2321	0.32685	92.779
2322	0.320669	87.0708
2323	0.312784	83.7475
2324	0.303328	79.7393
2325	0.321663	88.9348
2326	0.316888	87.8045
2327	0.336829	98.755
2328	0.335118	94.6685
2329	0.341289	98.0424
2330	0.314992	84.4878
2331	0.313693	85.8372
2332	0.329616	94.6455
2333	0.317435	85.6685
2334	0.315785	87.5104
2335	0.315201	84.3558
2336	0.333102	95.9954
2337	0.32979	93.6417
2338	0.30694	77.2328
2339	0.329845	94.675
2340	0.323137	90.9016
2341	0.312163	82.9228
2342	0.314679	83.7547
2343	0.325041	88.4471
2344	0.313638	86.6139
2345	0.313564	82.6827
2346	0.334505	93.4299
2347	0.308887	84.2908
2348	0.327409	91.1027
2349	0.315498	85.6434
2350	0.334331	101.839
2351	0.31586	86.4596
2352	0.323135	85.06
2353	0.289055	73.3911
2354	0.327017	93.1544
2355	0.329754	91.6032
2356	0.320674	91.6037
2357	0.319339	88.3803
2358	0.324565	92.6941
2359	0.317563	86.3901
2360	0.325373	89.5688
2361	0.317377	85.5785
2362	0.323141	89.158
2363	0.328876	93.081
2364	0.316828	89.2384
2365	0.318888	85.427
2366	0.323935	91.3096
2367	0.324327	89.7161
2368	0.315292	89.2261
2369	0.325581	91.0851
2370	0.316571	84.8263
2371	0.327199	90.7457
2372	0.306724	82.7894
2373	0.321024	87.805
2374	0.313573	85.5963
2375	0.321952	88.195
2376	0.317712	84.3581
2377	0.343384	100.114
2378	0.322576	91.1242
2379	0.318302	86.1004
2380	0.327343	93.2652
2381	0.309572	84.348
2382	0.318902	90.9918
2383	0.314801	82.6694
2384	0.311457	83.186
2385	0.326525	92.0494
2386	0.311029	84.8172
2387	0.311852	82.1831
2388	0.322438	87.9766
2389	0.336013	95.6424
2390	0.310782	81.7302
2391	0.326426	89.863
2392	0.32067	88.5009
2393	0.296281	78.4658
2394	0.308138	83.9096
2395	0.310734	83.7845
2396	0.327924	93.9969
2397	0.328883	91.5855
2398	0.318553	87.5971
2399	0.328585	94.708
2400	0.307059	82.4402
2401	0.312674	82.5819
2402	0.302186	79.4429
2403	0.324019	90.3516
2404	0.311035	83.9509
2405	0.344401	102.257
2406	0.30629	81.2634
2407	0.332086	95.1303
2408	0.327594	93.3119
2409	0.328389	94.3464
2410	0.313276	82.9873
2411	0.305796	80.3267
2412	0.332894	97.4822
2413	0.348055	103.788
2414	0.321397	90.1163
2415	0.329142	92.2814
2416	0.314388	81.475
2417	0.325536	89.7927
2418	0.326337	92.1362
2419	0.332254	94.3092
2420	0.312725	84.163
2421	0.319079	86.3203
2422	0.291158	73.2372
2423	0.327428	87.6796
2424	0.328316	91.4682
2425	0.324422	88.4019
2426	0.32808	87.7105
2427	0.321725	87.1273
2428	0.326224	89.7928
2429	0.295237	77.3896
2430	0.31664	87.583
2431	0.318256	84.7496
2432	0.321146	89.0642
2433	0.325552	93.1703
2434	0.317389	87.737
2435	0.322516	91.152
2436	0.328502	94.5992
2437	0.303709	79.5566
2438	0.305025	80.1264
2439	0.340134	96.3475
2440	0.314831	84.2287
2441	0.326905	90.5029
2442	0.331296	94.9309
2443	0.326407	92.25
2444	0.311941	84.3187
2445	0.312216	86.7208
2446	0.337269	95.0213
2447	0.315662	85.8158
2448	0.322374	85.8872
2449	0.336308	97.3498
2450	0.320941	87.8127
2451	0.323403	90.9956
2452	0.301583	77.8136
2453	0.331922	91.6824
2454	0.330816	91.1174
2455	0.293616	76.8071
2456	0.318969	88.7584
2457	0.331098	92.9313
2458	0.307807	80.8768
2459	0.319598	88.4334
2460	0.340365	102.079
2461	0.322482	91.8209
2462	0.317289	87.6089
2463	0.315071	84.9785
2464	0.300822	74.4262
2465	0.303674	79.9373
2466	0.31526	84.0729
2467	0.321021	86.7588
2468	0.326292	94.96
2469	0.330937	94.4007
2470	0.317336	85.0717
2471	0.332891	94.1478
2472	0.311764	85.9584
2473	0.324941	91.5794
2474	0.325534	91.4316
2475	0.311088	82.1665
2476	0.309577	81.4855
2477	0.321539	89.9763
2478	0.335656	97.0601
2479	0.323274	90.7894
2480	0.331635	91.9814
2481	0.32136	86.8122
2482	0.350937	106.085
2483	0.321034	87.4919
2484	0.321393	87.0195
2485	0.320831	89.2152
2486	0.32245	89.2432
2487	0.312125	81.5817
2488	0.317574	85.9295
2489	0.310827	83.3862
2490	0.306986	80.3408
2491	0.298586	76.4125
2492	0.315681	84.8471
2493	0.3309	90.8783
2494	0.312485	82.2775
2495	0.328459	92.1771
2496	0.317565	86.4632
2497	0.307838	80.6981
2498	0.327448	91.032
2499	0.306069	77.9106
2500	0.309959	84.397
2501	0.310102	79.1829
2502	0.333435	94.2686
2503	0.318917	82.4568
2504	0.316095	86.8433
2505	0.290864	73.8203
2506	0.314389	88.1848
2507	0.335397	96.3948
2508	0.323085	87.0094
2509	0.315894	86.4289
2510	0.305747	80.1474
2511	0.314506	87.5842
2512	0.322629	90.1492
2513	0.317392	85.3836
2514	0.320423	91.5367
2515	0.330291	94.8756
2516	0.327011	90.0678
2517	0.319823	88.3212
2518	0.31623	83.6701
2519	0.318337	83.3113
2520	0.327212	92.4247
2521	0.312848	83.7441
2522	0.325869	91.9318
2523	0.312658	81.6358
2524	0.326674	91.3486
2525	0.320114	84.4214
2526	0.318109	88.9392
2527	0.323406	88.5143
2528	0.319607	88.5874
2529	0.300861	77.8085
2530	0.313145	82.7715
2531	0.313056	84.1536
2532	0.317387	84.5464
2533	0.327159	91.6115
2534	0.304094	76.1101
2535	0.323207	90.8811
2536	0.31499	85.7276
2537	0.333934	93.3721
2538	0.339711	97.5947
2539	0.328953	93.4661
2540	0.317881	84.7528
2541	0.327127	92.542
2542	0.312867	85.8719
2543	0.317111	87.1346
2544	0.32452	90.6583
2545	0.315268	85.0258
2546	0.337746	98.5521
2547	0.32923	90.5846
2548	0.313943	86.1151
2549	0.341104	101.865
2550	0.326823	92.9763
2551	0.314696	85.2872
2552	0.312797	85.0042
2553	0.311965	85.3468
2554	0.333961	96.2825
2555	0.335838	97.048
2556	0.321943	88.1001
2557	0.322612	88.6943
2558	0.311762	82.3055
2559	0.336639	100.043
2560	0.324667	93.1173
2561	0.328833	95.122
2562	0.306141	80.9448
2563	0.322462	87.5242
2564	0.325179	94.3408
2565	0.330938	92.3984
2566	0.311401	81.726
2567	0.330154	97.0117
2568	0.314553	84.5011
2569	0.325191	90.1233
2570	0.316908	89.3045
2571	0.316374	85.4966
2572	0.309177	81.1212
2573	0.311945	82.0242
2574	0.303929	80.0549
2575	0.312088	80.7257
2576	0.317424	85.5341
2577	0.313458	85.5235
2578	0.320198	89.2269
2579	0.320745	89.2275
2580	0.33237	93.0584
2581	0.322766	87.5462
2582	0.318199	87.8497
2583	0.320125	86.7705
2584	0.323604	89.6788
2585	0.325787	92.1019
2586	0.332957	97.5153
2587	0.323436	92.2822
2588	0.342671	99.9315
2589	0.318959	85.5667
2590	0.341351	101.878
2591	0.311418	82.2619
2592	0.312297	83.7412
2593	0.311565	83.2308
2594	0.330378	94.9197
2595	0.324698	93.0972
2596	0.313009	82.7806
2597	0.328786	96.5694
2598	0.325043	92.9872
2599	0.320791	91.9797
2600	0.324475	87.3128
2601	0.32369	92.3879
2602	0.331775	94.4784
2603	0.314681	85.7433
2604	0.316411	86.2688
2605	0.333899	95.5382
2606	0.328754	90.7535
2607	0.31049	80.9621
2608	0.325106	93.288
2609	0.325859	90.4181
2610	0.319388	89.1771
2611	0.334616	98.3096
2612	0.324678	90.3153
2613	0.32263	88.8234
2614	0.311845	89.036
2615	0.312942	84.3131
2616	0.307085	80.2749
2617	0.310681	88.8994
2618	0.322306	88.5512
2619	0.29245	73.5321
2620	0.311807	85.2601
2621	0.31706	86.1909
2622	0.315699	85.7938
2623	0.339427	99.6019
2624	0.321974	85.747
2625	0.327766	92.4405
2626	0.320744	87.1322
2627	0.313621	85.6248
2628	0.307009	81.3466
2629	0.325451	92.6616
2630	0.324794	89.0096
2631	0.330219	92.7646
2632	0.326317	91.4354
2633	0.324613	92.5594
2634	0.321398	88.079
2635	0.327905	90.1553
2636	0.306054	78.4706
2637	0.33703	96.6892
2638	0.328233	93.3182
2639	0.310207	84.0998
2640	0.323309	94.1444
2641	0.306641	83.921
2642	0.296968	79.3541
2643	0.30992	80.6829
2644	0.313648	82.8125
2645	0.333777	97.8135
2646	0.321684	88.8333
2647	0.31673	86.4851
2648	0.317822	89.3134
2649	0.333719	95.5219
2650	0.315971	84.6707
2651	0.321648	87.8508
2652	0.333991	97.1815
2653	0.311457	81.9989
2654	0.311774	82.4744
2655	0.315655	85.22
2656	0.320145	87.1649
2657	0.312203	84.8601
2658	0.334347	94.2265
2659	0.305772	82.1306
2660	0.33196	98.0326
2661	0.335202	96.6809
2662	0.328554	92.4445
2663	0.326018	93.8478
2664	0.307014	79.1432
2665	0.322344	85.994
2666	0.298788	77.1373
2667	0.319847	83.5123
2668	0.324341	93.2419
2669	0.321257	89.6032
2670	0.326234	94.4561
2671	0.335609	96.0067
2672	0.327154	89.797
2673	0.315745	86.3748
2674	0.307282	78.3446
2675	0.318403	88.6212
2676	0.32287	91.3814
2677	0.315695	87.1337
2678	0.325978	92.365
2679	0.316189	87.6916
2680	0.314566	82.0848
2681	0.330946	95.7639
2682	0.309138	78.7136
2683	0.328357	95.7309
2684	0.307964	83.063
2685	0.311428	85.0712
2686	0.316516	85.4877
2687	0.304062	78.4686
2688	0.339219	100.253
2689	0.298917	76.2958
2690	0.312179	83.303
2691	0.316519	90.1554
2692	0.328402	93.9159
2693	0.345656	103.282
2694	0.330848	97.8368
2695	0.322751	93.4105
2696	0.315173	87.1477
2697	0.313003	85.1527
2698	0.329563	96.0262
2699	0.307936	81.7475
2700	0.327493	93.0138
2701	0.332313	94.5433
2702	0.302145	79.4465
2703	0.315315	83.6362
2704	0.332712	93.7351
2705	0.334163	95.3576
2706	0.312024	83.2592
2707	0.310752	87.0205
2708	0.324576	89.3946
2709	0.312703	87.5786
2710	0.329663	92.1763
2711	0.306288	82.3626
2712	0.323398	86.167
2713	0.31804	87.1194
2714	0.322626	88.5732
2715	0.342382	99.8946
2716	0.342285	102.801
2717	0.327636	92.1054
2718	0.325102	92.5051
2719	0.311387	84.4618
2720	0.312672	87.0028
2721	0.313797	84.3544
2722	0.330863	95.6902
2723	0.314154	84.7794
2724	0.313969	87.3894
2725	0.324516	91.7648
2726	0.318784	87.4359
2727	0.314413	85.2929
2728	0.336833	98.7843
2729	0.324423	91.2948
2730	0.3124	86.4671
2731	0.300211	80.796
2732	0.323894	87.8892
2733	0.311201	82.6976
2734	0.342646	101.433
2735	0.323103	88.712
2736	0.320316	89.4434
2737	0.320561	90.1034
2738	0.325998	91.9467
2739	0.327518	95.1635
2740	0.308243	81.312
2741	0.300102	78.1015
2742	0.305294	80.5782
2743	0.328424	91.5233
2744	0.333833	93.4914
2745	0.312828	85.6693
2746	0.289215	71.9718
2747	0.317675	82.9183
2748	0.318486	85.1861
2749	0.314247	86.305
2750	0.309728	84.2218
2751	0.318477	88.8105
2752	0.31893	85.1328
2753	0.316414	87.8592
2754	0.327138	93.1643
2755	0.318402	88.3052
2756	0.338589	101.266
2757	0.303818	81.354
2758	0.328979	94.7571
2759	0.335023	98.0062
2760	0.336599	95.3183
2761	0.316166	85.6589
2762	0.310623	87.6846
2763	0.317497	88.1283
2764	0.319774	89.6243
2765	0.321706	88.4823
2766	0.312216	82.7144
2767	0.3216	88.7106
2768	0.304779	80.8202
2769	0.32999	91.1411
2770	0.300137	76.6426
2771	0.328497	95.6343
2772	0.323183	90.6787
2773	0.294279	74.5845
2774	0.330478	95.1356
2775	0.331164	96.4155
2776	0.308372	83.3373
2777	0.322201	92.9255
2778	0.312003	84.2935
2779	0.321212	90.375
2780	0.310949	84.8793
2781	0.318684	87.8095
2782	0.323691	91.959
2783	0.322266	89.6299
2784	0.337284	97.7561
2785	0.316464	88.2438
2786	0.308845	84.6379
2787	0.309996	83.0265
2788	0.316652	82.5713
2789	0.320523	86.6912
2790	0.326264	90.9829
2791	0.313708	87.8666
2792	0.317528	87.2479
2793	0.31627	84.9037
2794	0.330299	96.371
2795	0.32425	90.6299
2796	0.308509	81.5148
2797	0.329549	93.3642
2798	0.309332	83.9634
2799	0.302784	78.5038
2800	0.329611	94.5709
2801	0.332177	94.3498
2802	0.332571	97.0568
2803	0.318542	87.7388
2804	0.312533	83.494
2805	0.324044	90.5326
2806	0.31047	84.7224
2807	0.319249	90.3678
2808	0.310806	84.7242
2809	0.330662	95.6076
2810	0.331343	93.4081
2811	0.3059	79.4668
2812	0.309962	82.7025
2813	0.327593	93.2675
2814	0.34121	103.611
2815	0.337745	96.274
2816	0.337004	94.7251
2817	0.324329	92.914
2818	0.340048	98.9512
2819	0.328634	90.329
2820	0.332486	92.3348
2821	0.33775	99.6742
2822	0.325733	87.8549
2823	0.326651	91.2068
2824	0.333034	94.6692
2825	0.310895	83.3012
2826	0.336156	94.9939
2827	0.328189	91.5544
2828	0.320491	87.3476
2829	0.324647	90.6543
2830	0.334082	94.2892
2831	0.318633	87.1442
2832	0.324234	89.726
2833	0.332654	98.9223
2834	0.32823	90.8799
2835	0.319484	88.6399
2836	0.304995	80.9128
2837	0.321936	90.8821
2838	0.326931	94.2899
2839	0.328968	91.6726
2840	0.322142	90.4365
2841	0.322196	90.4599
2842	0.319234	88.25
2843	0.315548	84.2434
2844	0.335065	99.6023
2845	0.32387	91.3984
2846	0.315974	84.4682
2847	0.326927	90.6606
2848	0.311136	81.0086
2849	0.323483	88.5006
2850	0.322246	87.7661
2851	0.321233	88.3926
2852	0.334358	96.5078
2853	0.316604	86.3758
2854	0.320382	89.6034
2855	0.330908	93.3808
2856	0.328371	95.423
2857	0.333319	95.2015
2858	0.327114	93.8462
2859	0.321801	88.9224
2860	0.316632	87.5406
2861	0.327343	93.2176
2862	0.342876	100.739
2863	0.336938	99.0302
2864	0.331894	95.0516
2865	0.329319	94.7847
2866	0.326548	87.481
2867	0.308987	84.2338
2868	0.315893	82.9987
2869	0.33582	98.3832
2870	0.315325	87.9984
2871	0.319209	88.0587
2872	0.306868	81.719
2873	0.311458	84.9289
2874	0.313721	82.5836
2875	0.30338	83.2307
2876	0.322152	90.6592
2877	0.326021	89.323
2878	0.315673	87.4394
2879	0.337337	95.6376
2880	0.310723	80.3333
2881	0.322391	89.6314
2882	0.316058	86.2992
2883	0.308983	82.693
2884	0.326667	89.1711
2885	0.319095	90.4128
2886	0.307076	80.8922
2887	0.313617	85.6836
2888	0.31152	84.5621
2889	0.311721	83.6678
2890	0.330357	93.8772
2891	0.323785	90.427
2892	0.320153	83.7682
2893	0.319133	89.0972
2894	0.330967	95.483
2895	0.321241	89.6057
2896	0.30395	80.9366
2897	0.332281	93.876
2898	0.325669	90.4944
2899	0.328373	89.274
2900	0.305265	81.9627
2901	0.325983	88.5513
2902	0.310034	84.0929
2903	0.306741	81.7727
2904	0.326373	90.9307
2905	0.298367	77.9573
2906	0.306283	80.1358
2907	0.323506	88.7406
2908	0.305562	81.8011
2909	0.327486	93.5568
2910	0.313817	83.3989
2911	0.327043	91.1712
2912	0.321155	89.5258
2913	0.314122	83.782
2914	0.312867	84.909
2915	0.32218	89.2685
2916	0.325082	89.521
2917	0.334544	97.6564
2918	0.318302	87.4462
2919	0.329245	94.3895
2920	0.317448	85.0853
2921	0.326923	91.9904
2922	0.309678	81.2418
2923	0.322454	90.215
2924	0.299983	76.135
2925	0.314258	81.8289
2926	0.32935	89.7764
2927	0.30704	77.4163
2928	0.317688	87.7635
2929	0.328278	92.6016
2930	0.318819	86.4271
2931	0.330135	93.3993
2932	0.323731	90.8778
2933	0.317557	87.4055
2934	0.311267	84.5401
2935	0.345026	102.268
2936	0.32393	91.9594
2937	0.307363	83.1903
2938	0.338201	94.563
2939	0.296998	72.9364
2940	0.30858	84.102
2941	0.32487	91.2273
2942	0.298543	77.0356
2943	0.312766	81.1751
2944	0.333772	101.33
2945	0.33006	93.8428
2946	0.310038	82.1231
2947	0.30415	81.8616
2948	0.321473	89.3243
2949	0.31977	90.8897
2950	0.313386	88.138
2951	0.312352	83.1164
2952	0.329631	94.5582
2953	0.326823	93.7925
2954	0.322031	87.346
2955	0.312711	87.6931
2956	0.312194	85.5847
2957	0.320863	88.4321
2958	0.304434	78.9205
2959	0.322879	90.4301
2960	0.316617	88.3547
2961	0.332563	95.0651
2962	0.330221	96.131
2963	0.317314	86.1995
2964	0.313874	83.7875
2965	0.337249	97.5657
2966	0.308216	83.1208
2967	0.330473	95.6838
2968	0.336546	98.4603
2969	0.320835	86.5803
2970	0.319403	88.4475
2971	0.314961	89.0956
2972	0.33525	96.0921
2973	0.321696	89.2348
2974	0.329714	94.1841
2975	0.297445	74.2065
2976	0.327412	93.968
2977	0.320695	87.4764
2978	0.319391	87.8341
2979	0.329482	93.2911
2980	0.302988	80.472
2981	0.330494	95.5892
2982	0.322645	91.0892
2983	0.321903	85.5332
2984	0.318179	84.3921
2985	0.32993	93.7176
2986	0.343957	99.4232
2987	0.324232	93.1855
2988	0.325722	87.0707
2989	0.322261	87.7209
2990	0.330418	94.2679
2991	0.317643	88.2363
2992	0.331602	93.2723
2993	0.318618	86.4586
2994	0.335683	98.7194
2995	0.32506	92.0901
2996	0.330331	93.5552
2997	0.322962	91.1215
2998	0.346546	102.426
2999	0.313774	85.6183
