1728
6 0
132
12
144
1584
1
11
133
13
145
1585
2
0
134
14
146
1586
3
1
135
15
147
1587
4
2
136
16
148
1588
5
3
137
17
149
1589
6
4
138
18
150
1590
7
5
139
19
151
1591
8
6
140
20
152
1592
9
7
141
21
153
1593
10
8
142
22
154
1594
11
9
143
23
155
1595
0
10
0
24
156
1596
13
23
1
25
157
1597
14
12
2
26
158
1598
15
13
3
27
159
1599
16
14
4
28
160
1600
17
15
5
29
161
1601
18
16
6
30
162
1602
19
17
7
31
163
1603
20
18
8
32
164
1604
21
19
9
33
165
1605
22
20
10
34
166
1606
23
21
11
35
167
1607
12
22
12
36
168
1608
25
35
13
37
169
1609
26
24
14
38
170
1610
27
25
15
39
171
1611
28
26
16
40
172
1612
29
27
17
41
173
1613
30
28
18
42
174
1614
31
29
19
43
175
1615
32
30
20
44
176
1616
33
31
21
45
177
1617
34
32
22
46
178
1618
35
33
23
47
179
1619
24
34
24
48
180
1620
37
47
25
49
181
1621
38
36
26
50
182
1622
39
37
27
51
183
1623
40
38
28
52
184
1624
41
39
29
53
185
1625
42
40
30
54
186
1626
43
41
31
55
187
1627
44
42
32
56
188
1628
45
43
33
57
189
1629
46
44
34
58
190
1630
47
45
35
59
191
1631
36
46
36
60
192
1632
49
59
37
61
193
1633
50
48
38
62
194
1634
51
49
39
63
195
1635
52
50
40
64
196
1636
53
51
41
65
197
1637
54
52
42
66
198
1638
55
53
43
67
199
1639
56
54
44
68
200
1640
57
55
45
69
201
1641
58
56
46
70
202
1642
59
57
47
71
203
1643
48
58
48
72
204
1644
61
71
49
73
205
1645
62
60
50
74
206
1646
63
61
51
75
207
1647
64
62
52
76
208
1648
65
63
53
77
209
1649
66
64
54
78
210
1650
67
65
55
79
211
1651
68
66
56
80
212
1652
69
67
57
81
213
1653
70
68
58
82
214
1654
71
69
59
83
215
1655
60
70
60
84
216
1656
73
83
61
85
217
1657
74
72
62
86
218
1658
75
73
63
87
219
1659
76
74
64
88
220
1660
77
75
65
89
221
1661
78
76
66
90
222
1662
79
77
67
91
223
1663
80
78
68
92
224
1664
81
79
69
93
225
1665
82
80
70
94
226
1666
83
81
71
95
227
1667
72
82
72
96
228
1668
85
95
73
97
229
1669
86
84
74
98
230
1670
87
85
75
99
231
1671
88
86
76
100
232
1672
89
87
77
101
233
1673
90
88
78
102
234
1674
91
89
79
103
235
1675
92
90
80
104
236
1676
93
91
81
105
237
1677
94
92
82
106
238
1678
95
93
83
107
239
1679
84
94
84
108
240
1680
97
107
85
109
241
1681
98
96
86
110
242
1682
99
97
87
111
243
1683
100
98
88
112
244
1684
101
99
89
113
245
1685
102
100
90
114
246
1686
103
101
91
115
247
1687
104
102
92
116
248
1688
105
103
93
117
249
1689
106
104
94
118
250
1690
107
105
95
119
251
1691
96
106
96
120
252
1692
109
119
97
121
253
1693
110
108
98
122
254
1694
111
109
99
123
255
1695
112
110
100
124
256
1696
113
111
101
125
257
1697
114
112
102
126
258
1698
115
113
103
127
259
1699
116
114
104
128
260
1700
117
115
105
129
261
1701
118
116
106
130
262
1702
119
117
107
131
263
1703
108
118
108
132
264
1704
121
131
109
133
265
1705
122
120
110
134
266
1706
123
121
111
135
267
1707
124
122
112
136
268
1708
125
123
113
137
269
1709
126
124
114
138
270
1710
127
125
115
139
271
1711
128
126
116
140
272
1712
129
127
117
141
273
1713
130
128
118
142
274
1714
131
129
119
143
275
1715
120
130
120
0
276
1716
133
143
121
1
277
1717
134
132
122
2
278
1718
135
133
123
3
279
1719
136
134
124
4
280
1720
137
135
125
5
281
1721
138
136
126
6
282
1722
139
137
127
7
283
1723
140
138
128
8
284
1724
141
139
129
9
285
1725
142
140
130
10
286
1726
143
141
131
11
287
1727
132
142
276
156
288
0
145
155
277
157
289
1
146
144
278
158
290
2
147
145
279
159
291
3
148
146
280
160
292
4
149
147
281
161
293
5
150
148
282
162
294
6
151
149
283
163
295
7
152
150
284
164
296
8
153
151
285
165
297
9
154
152
286
166
298
10
155
153
287
167
299
11
144
154
144
168
300
12
157
167
145
169
301
13
158
156
146
170
302
14
159
157
147
171
303
15
160
158
148
172
304
16
161
159
149
173
305
17
162
160
150
174
306
18
163
161
151
175
307
19
164
162
152
176
308
20
165
163
153
177
309
21
166
164
154
178
310
22
167
165
155
179
311
23
156
166
156
180
312
24
169
179
157
181
313
25
170
168
158
182
314
26
171
169
159
183
315
27
172
170
160
184
316
28
173
171
161
185
317
29
174
172
162
186
318
30
175
173
163
187
319
31
176
174
164
188
320
32
177
175
165
189
321
33
178
176
166
190
322
34
179
177
167
191
323
35
168
178
168
192
324
36
181
191
169
193
325
37
182
180
170
194
326
38
183
181
171
195
327
39
184
182
172
196
328
40
185
183
173
197
329
41
186
184
174
198
330
42
187
185
175
199
331
43
188
186
176
200
332
44
189
187
177
201
333
45
190
188
178
202
334
46
191
189
179
203
335
47
180
190
180
204
336
48
193
203
181
205
337
49
194
192
182
206
338
50
195
193
183
207
339
51
196
194
184
208
340
52
197
195
185
209
341
53
198
196
186
210
342
54
199
197
187
211
343
55
200
198
188
212
344
56
201
199
189
213
345
57
202
200
190
214
346
58
203
201
191
215
347
59
192
202
192
216
348
60
205
215
193
217
349
61
206
204
194
218
350
62
207
205
195
219
351
63
208
206
196
220
352
64
209
207
197
221
353
65
210
208
198
222
354
66
211
209
199
223
355
67
212
210
200
224
356
68
213
211
201
225
357
69
214
212
202
226
358
70
215
213
203
227
359
71
204
214
204
228
360
72
217
227
205
229
361
73
218
216
206
230
362
74
219
217
207
231
363
75
220
218
208
232
364
76
221
219
209
233
365
77
222
220
210
234
366
78
223
221
211
235
367
79
224
222
212
236
368
80
225
223
213
237
369
81
226
224
214
238
370
82
227
225
215
239
371
83
216
226
216
240
372
84
229
239
217
241
373
85
230
228
218
242
374
86
231
229
219
243
375
87
232
230
220
244
376
88
233
231
221
245
377
89
234
232
222
246
378
90
235
233
223
247
379
91
236
234
224
248
380
92
237
235
225
249
381
93
238
236
226
250
382
94
239
237
227
251
383
95
228
238
228
252
384
96
241
251
229
253
385
97
242
240
230
254
386
98
243
241
231
255
387
99
244
242
232
256
388
100
245
243
233
257
389
101
246
244
234
258
390
102
247
245
235
259
391
103
248
246
236
260
392
104
249
247
237
261
393
105
250
248
238
262
394
106
251
249
239
263
395
107
240
250
240
264
396
108
253
263
241
265
397
109
254
252
242
266
398
110
255
253
243
267
399
111
256
254
244
268
400
112
257
255
245
269
401
113
258
256
246
270
402
114
259
257
247
271
403
115
260
258
248
272
404
116
261
259
249
273
405
117
262
260
250
274
406
118
263
261
251
275
407
119
252
262
252
276
408
120
265
275
253
277
409
121
266
264
254
278
410
122
267
265
255
279
411
123
268
266
256
280
412
124
269
267
257
281
413
125
270
268
258
282
414
126
271
269
259
283
415
127
272
270
260
284
416
128
273
271
261
285
417
129
274
272
262
286
418
130
275
273
263
287
419
131
264
274
264
144
420
132
277
287
265
145
421
133
278
276
266
146
422
134
279
277
267
147
423
135
280
278
268
148
424
136
281
279
269
149
425
137
282
280
270
150
426
138
283
281
271
151
427
139
284
282
272
152
428
140
285
283
273
153
429
141
286
284
274
154
430
142
287
285
275
155
431
143
276
286
420
300
432
144
289
299
421
301
433
145
290
288
422
302
434
146
291
289
423
303
435
147
292
290
424
304
436
148
293
291
425
305
437
149
294
292
426
306
438
150
295
293
427
307
439
151
296
294
428
308
440
152
297
295
429
309
441
153
298
296
430
310
442
154
299
297
431
311
443
155
288
298
288
312
444
156
301
311
289
313
445
157
302
300
290
314
446
158
303
301
291
315
447
159
304
302
292
316
448
160
305
303
293
317
449
161
306
304
294
318
450
162
307
305
295
319
451
163
308
306
296
320
452
164
309
307
297
321
453
165
310
308
298
322
454
166
311
309
299
323
455
167
300
310
300
324
456
168
313
323
301
325
457
169
314
312
302
326
458
170
315
313
303
327
459
171
316
314
304
328
460
172
317
315
305
329
461
173
318
316
306
330
462
174
319
317
307
331
463
175
320
318
308
332
464
176
321
319
309
333
465
177
322
320
310
334
466
178
323
321
311
335
467
179
312
322
312
336
468
180
325
335
313
337
469
181
326
324
314
338
470
182
327
325
315
339
471
183
328
326
316
340
472
184
329
327
317
341
473
185
330
328
318
342
474
186
331
329
319
343
475
187
332
330
320
344
476
188
333
331
321
345
477
189
334
332
322
346
478
190
335
333
323
347
479
191
324
334
324
348
480
192
337
347
325
349
481
193
338
336
326
350
482
194
339
337
327
351
483
195
340
338
328
352
484
196
341
339
329
353
485
197
342
340
330
354
486
198
343
341
331
355
487
199
344
342
332
356
488
200
345
343
333
357
489
201
346
344
334
358
490
202
347
345
335
359
491
203
336
346
336
360
492
204
349
359
337
361
493
205
350
348
338
362
494
206
351
349
339
363
495
207
352
350
340
364
496
208
353
351
341
365
497
209
354
352
342
366
498
210
355
353
343
367
499
211
356
354
344
368
500
212
357
355
345
369
501
213
358
356
346
370
502
214
359
357
347
371
503
215
348
358
348
372
504
216
361
371
349
373
505
217
362
360
350
374
506
218
363
361
351
375
507
219
364
362
352
376
508
220
365
363
353
377
509
221
366
364
354
378
510
222
367
365
355
379
511
223
368
366
356
380
512
224
369
367
357
381
513
225
370
368
358
382
514
226
371
369
359
383
515
227
360
370
360
384
516
228
373
383
361
385
517
229
374
372
362
386
518
230
375
373
363
387
519
231
376
374
364
388
520
232
377
375
365
389
521
233
378
376
366
390
522
234
379
377
367
391
523
235
380
378
368
392
524
236
381
379
369
393
525
237
382
380
370
394
526
238
383
381
371
395
527
239
372
382
372
396
528
240
385
395
373
397
529
241
386
384
374
398
530
242
387
385
375
399
531
243
388
386
376
400
532
244
389
387
377
401
533
245
390
388
378
402
534
246
391
389
379
403
535
247
392
390
380
404
536
248
393
391
381
405
537
249
394
392
382
406
538
250
395
393
383
407
539
251
384
394
384
408
540
252
397
407
385
409
541
253
398
396
386
410
542
254
399
397
387
411
543
255
400
398
388
412
544
256
401
399
389
413
545
257
402
400
390
414
546
258
403
401
391
415
547
259
404
402
392
416
548
260
405
403
393
417
549
261
406
404
394
418
550
262
407
405
395
419
551
263
396
406
396
420
552
264
409
419
397
421
553
265
410
408
398
422
554
266
411
409
399
423
555
267
412
410
400
424
556
268
413
411
401
425
557
269
414
412
402
426
558
270
415
413
403
427
559
271
416
414
404
428
560
272
417
415
405
429
561
273
418
416
406
430
562
274
419
417
407
431
563
275
408
418
408
288
564
276
421
431
409
289
565
277
422
420
410
290
566
278
423
421
411
291
567
279
424
422
412
292
568
280
425
423
413
293
569
281
426
424
414
294
570
282
427
425
415
295
571
283
428
426
416
296
572
284
429
427
417
297
573
285
430
428
418
298
574
286
431
429
419
299
575
287
420
430
564
444
576
288
433
443
565
445
577
289
434
432
566
446
578
290
435
433
567
447
579
291
436
434
568
448
580
292
437
435
569
449
581
293
438
436
570
450
582
294
439
437
571
451
583
295
440
438
572
452
584
296
441
439
573
453
585
297
442
440
574
454
586
298
443
441
575
455
587
299
432
442
432
456
588
300
445
455
433
457
589
301
446
444
434
458
590
302
447
445
435
459
591
303
448
446
436
460
592
304
449
447
437
461
593
305
450
448
438
462
594
306
451
449
439
463
595
307
452
450
440
464
596
308
453
451
441
465
597
309
454
452
442
466
598
310
455
453
443
467
599
311
444
454
444
468
600
312
457
467
445
469
601
313
458
456
446
470
602
314
459
457
447
471
603
315
460
458
448
472
604
316
461
459
449
473
605
317
462
460
450
474
606
318
463
461
451
475
607
319
464
462
452
476
608
320
465
463
453
477
609
321
466
464
454
478
610
322
467
465
455
479
611
323
456
466
456
480
612
324
469
479
457
481
613
325
470
468
458
482
614
326
471
469
459
483
615
327
472
470
460
484
616
328
473
471
461
485
617
329
474
472
462
486
618
330
475
473
463
487
619
331
476
474
464
488
620
332
477
475
465
489
621
333
478
476
466
490
622
334
479
477
467
491
623
335
468
478
468
492
624
336
481
491
469
493
625
337
482
480
470
494
626
338
483
481
471
495
627
339
484
482
472
496
628
340
485
483
473
497
629
341
486
484
474
498
630
342
487
485
475
499
631
343
488
486
476
500
632
344
489
487
477
501
633
345
490
488
478
502
634
346
491
489
479
503
635
347
480
490
480
504
636
348
493
503
481
505
637
349
494
492
482
506
638
350
495
493
483
507
639
351
496
494
484
508
640
352
497
495
485
509
641
353
498
496
486
510
642
354
499
497
487
511
643
355
500
498
488
512
644
356
501
499
489
513
645
357
502
500
490
514
646
358
503
501
491
515
647
359
492
502
492
516
648
360
505
515
493
517
649
361
506
504
494
518
650
362
507
505
495
519
651
363
508
506
496
520
652
364
509
507
497
521
653
365
510
508
498
522
654
366
511
509
499
523
655
367
512
510
500
524
656
368
513
511
501
525
657
369
514
512
502
526
658
370
515
513
503
527
659
371
504
514
504
528
660
372
517
527
505
529
661
373
518
516
506
530
662
374
519
517
507
531
663
375
520
518
508
532
664
376
521
519
509
533
665
377
522
520
510
534
666
378
523
521
511
535
667
379
524
522
512
536
668
380
525
523
513
537
669
381
526
524
514
538
670
382
527
525
515
539
671
383
516
526
516
540
672
384
529
539
517
541
673
385
530
528
518
542
674
386
531
529
519
543
675
387
532
530
520
544
676
388
533
531
521
545
677
389
534
532
522
546
678
390
535
533
523
547
679
391
536
534
524
548
680
392
537
535
525
549
681
393
538
536
526
550
682
394
539
537
527
551
683
395
528
538
528
552
684
396
541
551
529
553
685
397
542
540
530
554
686
398
543
541
531
555
687
399
544
542
532
556
688
400
545
543
533
557
689
401
546
544
534
558
690
402
547
545
535
559
691
403
548
546
536
560
692
404
549
547
537
561
693
405
550
548
538
562
694
406
551
549
539
563
695
407
540
550
540
564
696
408
553
563
541
565
697
409
554
552
542
566
698
410
555
553
543
567
699
411
556
554
544
568
700
412
557
555
545
569
701
413
558
556
546
570
702
414
559
557
547
571
703
415
560
558
548
572
704
416
561
559
549
573
705
417
562
560
550
574
706
418
563
561
551
575
707
419
552
562
552
432
708
420
565
575
553
433
709
421
566
564
554
434
710
422
567
565
555
435
711
423
568
566
556
436
712
424
569
567
557
437
713
425
570
568
558
438
714
426
571
569
559
439
715
427
572
570
560
440
716
428
573
571
561
441
717
429
574
572
562
442
718
430
575
573
563
443
719
431
564
574
708
588
720
432
577
587
709
589
721
433
578
576
710
590
722
434
579
577
711
591
723
435
580
578
712
592
724
436
581
579
713
593
725
437
582
580
714
594
726
438
583
581
715
595
727
439
584
582
716
596
728
440
585
583
717
597
729
441
586
584
718
598
730
442
587
585
719
599
731
443
576
586
576
600
732
444
589
599
577
601
733
445
590
588
578
602
734
446
591
589
579
603
735
447
592
590
580
604
736
448
593
591
581
605
737
449
594
592
582
606
738
450
595
593
583
607
739
451
596
594
584
608
740
452
597
595
585
609
741
453
598
596
586
610
742
454
599
597
587
611
743
455
588
598
588
612
744
456
601
611
589
613
745
457
602
600
590
614
746
458
603
601
591
615
747
459
604
602
592
616
748
460
605
603
593
617
749
461
606
604
594
618
750
462
607
605
595
619
751
463
608
606
596
620
752
464
609
607
597
621
753
465
610
608
598
622
754
466
611
609
599
623
755
467
600
610
600
624
756
468
613
623
601
625
757
469
614
612
602
626
758
470
615
613
603
627
759
471
616
614
604
628
760
472
617
615
605
629
761
473
618
616
606
630
762
474
619
617
607
631
763
475
620
618
608
632
764
476
621
619
609
633
765
477
622
620
610
634
766
478
623
621
611
635
767
479
612
622
612
636
768
480
625
635
613
637
769
481
626
624
614
638
770
482
627
625
615
639
771
483
628
626
616
640
772
484
629
627
617
641
773
485
630
628
618
642
774
486
631
629
619
643
775
487
632
630
620
644
776
488
633
631
621
645
777
489
634
632
622
646
778
490
635
633
623
647
779
491
624
634
624
648
780
492
637
647
625
649
781
493
638
636
626
650
782
494
639
637
627
651
783
495
640
638
628
652
784
496
641
639
629
653
785
497
642
640
630
654
786
498
643
641
631
655
787
499
644
642
632
656
788
500
645
643
633
657
789
501
646
644
634
658
790
502
647
645
635
659
791
503
636
646
636
660
792
504
649
659
637
661
793
505
650
648
638
662
794
506
651
649
639
663
795
507
652
650
640
664
796
508
653
651
641
665
797
509
654
652
642
666
798
510
655
653
643
667
799
511
656
654
644
668
800
512
657
655
645
669
801
513
658
656
646
670
802
514
659
657
647
671
803
515
648
658
648
672
804
516
661
671
649
673
805
517
662
660
650
674
806
518
663
661
651
675
807
519
664
662
652
676
808
520
665
663
653
677
809
521
666
664
654
678
810
522
667
665
655
679
811
523
668
666
656
680
812
524
669
667
657
681
813
525
670
668
658
682
814
526
671
669
659
683
815
527
660
670
660
684
816
528
673
683
661
685
817
529
674
672
662
686
818
530
675
673
663
687
819
531
676
674
664
688
820
532
677
675
665
689
821
533
678
676
666
690
822
534
679
677
667
691
823
535
680
678
668
692
824
536
681
679
669
693
825
537
682
680
670
694
826
538
683
681
671
695
827
539
672
682
672
696
828
540
685
695
673
697
829
541
686
684
674
698
830
542
687
685
675
699
831
543
688
686
676
700
832
544
689
687
677
701
833
545
690
688
678
702
834
546
691
689
679
703
835
547
692
690
680
704
836
548
693
691
681
705
837
549
694
692
682
706
838
550
695
693
683
707
839
551
684
694
684
708
840
552
697
707
685
709
841
553
698
696
686
710
842
554
699
697
687
711
843
555
700
698
688
712
844
556
701
699
689
713
845
557
702
700
690
714
846
558
703
701
691
715
847
559
704
702
692
716
848
560
705
703
693
717
849
561
706
704
694
718
850
562
707
705
695
719
851
563
696
706
696
576
852
564
709
719
697
577
853
565
710
708
698
578
854
566
711
709
699
579
855
567
712
710
700
580
856
568
713
711
701
581
857
569
714
712
702
582
858
570
715
713
703
583
859
571
716
714
704
584
860
572
717
715
705
585
861
573
718
716
706
586
862
574
719
717
707
587
863
575
708
718
852
732
864
576
721
731
853
733
865
577
722
720
854
734
866
578
723
721
855
735
867
579
724
722
856
736
868
580
725
723
857
737
869
581
726
724
858
738
870
582
727
725
859
739
871
583
728
726
860
740
872
584
729
727
861
741
873
585
730
728
862
742
874
586
731
729
863
743
875
587
720
730
720
744
876
588
733
743
721
745
877
589
734
732
722
746
878
590
735
733
723
747
879
591
736
734
724
748
880
592
737
735
725
749
881
593
738
736
726
750
882
594
739
737
727
751
883
595
740
738
728
752
884
596
741
739
729
753
885
597
742
740
730
754
886
598
743
741
731
755
887
599
732
742
732
756
888
600
745
755
733
757
889
601
746
744
734
758
890
602
747
745
735
759
891
603
748
746
736
760
892
604
749
747
737
761
893
605
750
748
738
762
894
606
751
749
739
763
895
607
752
750
740
764
896
608
753
751
741
765
897
609
754
752
742
766
898
610
755
753
743
767
899
611
744
754
744
768
900
612
757
767
745
769
901
613
758
756
746
770
902
614
759
757
747
771
903
615
760
758
748
772
904
616
761
759
749
773
905
617
762
760
750
774
906
618
763
761
751
775
907
619
764
762
752
776
908
620
765
763
753
777
909
621
766
764
754
778
910
622
767
765
755
779
911
623
756
766
756
780
912
624
769
779
757
781
913
625
770
768
758
782
914
626
771
769
759
783
915
627
772
770
760
784
916
628
773
771
761
785
917
629
774
772
762
786
918
630
775
773
763
787
919
631
776
774
764
788
920
632
777
775
765
789
921
633
778
776
766
790
922
634
779
777
767
791
923
635
768
778
768
792
924
636
781
791
769
793
925
637
782
780
770
794
926
638
783
781
771
795
927
639
784
782
772
796
928
640
785
783
773
797
929
641
786
784
774
798
930
642
787
785
775
799
931
643
788
786
776
800
932
644
789
787
777
801
933
645
790
788
778
802
934
646
791
789
779
803
935
647
780
790
780
804
936
648
793
803
781
805
937
649
794
792
782
806
938
650
795
793
783
807
939
651
796
794
784
808
940
652
797
795
785
809
941
653
798
796
786
810
942
654
799
797
787
811
943
655
800
798
788
812
944
656
801
799
789
813
945
657
802
800
790
814
946
658
803
801
791
815
947
659
792
802
792
816
948
660
805
815
793
817
949
661
806
804
794
818
950
662
807
805
795
819
951
663
808
806
796
820
952
664
809
807
797
821
953
665
810
808
798
822
954
666
811
809
799
823
955
667
812
810
800
824
956
668
813
811
801
825
957
669
814
812
802
826
958
670
815
813
803
827
959
671
804
814
804
828
960
672
817
827
805
829
961
673
818
816
806
830
962
674
819
817
807
831
963
675
820
818
808
832
964
676
821
819
809
833
965
677
822
820
810
834
966
678
823
821
811
835
967
679
824
822
812
836
968
680
825
823
813
837
969
681
826
824
814
838
970
682
827
825
815
839
971
683
816
826
816
840
972
684
829
839
817
841
973
685
830
828
818
842
974
686
831
829
819
843
975
687
832
830
820
844
976
688
833
831
821
845
977
689
834
832
822
846
978
690
835
833
823
847
979
691
836
834
824
848
980
692
837
835
825
849
981
693
838
836
826
850
982
694
839
837
827
851
983
695
828
838
828
852
984
696
841
851
829
853
985
697
842
840
830
854
986
698
843
841
831
855
987
699
844
842
832
856
988
700
845
843
833
857
989
701
846
844
834
858
990
702
847
845
835
859
991
703
848
846
836
860
992
704
849
847
837
861
993
705
850
848
838
862
994
706
851
849
839
863
995
707
840
850
840
720
996
708
853
863
841
721
997
709
854
852
842
722
998
710
855
853
843
723
999
711
856
854
844
724
1000
712
857
855
845
725
1001
713
858
856
846
726
1002
714
859
857
847
727
1003
715
860
858
848
728
1004
716
861
859
849
729
1005
717
862
860
850
730
1006
718
863
861
851
731
1007
719
852
862
996
876
1008
720
865
875
997
877
1009
721
866
864
998
878
1010
722
867
865
999
879
1011
723
868
866
1000
880
1012
724
869
867
1001
881
1013
725
870
868
1002
882
1014
726
871
869
1003
883
1015
727
872
870
1004
884
1016
728
873
871
1005
885
1017
729
874
872
1006
886
1018
730
875
873
1007
887
1019
731
864
874
864
888
1020
732
877
887
865
889
1021
733
878
876
866
890
1022
734
879
877
867
891
1023
735
880
878
868
892
1024
736
881
879
869
893
1025
737
882
880
870
894
1026
738
883
881
871
895
1027
739
884
882
872
896
1028
740
885
883
873
897
1029
741
886
884
874
898
1030
742
887
885
875
899
1031
743
876
886
876
900
1032
744
889
899
877
901
1033
745
890
888
878
902
1034
746
891
889
879
903
1035
747
892
890
880
904
1036
748
893
891
881
905
1037
749
894
892
882
906
1038
750
895
893
883
907
1039
751
896
894
884
908
1040
752
897
895
885
909
1041
753
898
896
886
910
1042
754
899
897
887
911
1043
755
888
898
888
912
1044
756
901
911
889
913
1045
757
902
900
890
914
1046
758
903
901
891
915
1047
759
904
902
892
916
1048
760
905
903
893
917
1049
761
906
904
894
918
1050
762
907
905
895
919
1051
763
908
906
896
920
1052
764
909
907
897
921
1053
765
910
908
898
922
1054
766
911
909
899
923
1055
767
900
910
900
924
1056
768
913
923
901
925
1057
769
914
912
902
926
1058
770
915
913
903
927
1059
771
916
914
904
928
1060
772
917
915
905
929
1061
773
918
916
906
930
1062
774
919
917
907
931
1063
775
920
918
908
932
1064
776
921
919
909
933
1065
777
922
920
910
934
1066
778
923
921
911
935
1067
779
912
922
912
936
1068
780
925
935
913
937
1069
781
926
924
914
938
1070
782
927
925
915
939
1071
783
928
926
916
940
1072
784
929
927
917
941
1073
785
930
928
918
942
1074
786
931
929
919
943
1075
787
932
930
920
944
1076
788
933
931
921
945
1077
789
934
932
922
946
1078
790
935
933
923
947
1079
791
924
934
924
948
1080
792
937
947
925
949
1081
793
938
936
926
950
1082
794
939
937
927
951
1083
795
940
938
928
952
1084
796
941
939
929
953
1085
797
942
940
930
954
1086
798
943
941
931
955
1087
799
944
942
932
956
1088
800
945
943
933
957
1089
801
946
944
934
958
1090
802
947
945
935
959
1091
803
936
946
936
960
1092
804
949
959
937
961
1093
805
950
948
938
962
1094
806
951
949
939
963
1095
807
952
950
940
964
1096
808
953
951
941
965
1097
809
954
952
942
966
1098
810
955
953
943
967
1099
811
956
954
944
968
1100
812
957
955
945
969
1101
813
958
956
946
970
1102
814
959
957
947
971
1103
815
948
958
948
972
1104
816
961
971
949
973
1105
817
962
960
950
974
1106
818
963
961
951
975
1107
819
964
962
952
976
1108
820
965
963
953
977
1109
821
966
964
954
978
1110
822
967
965
955
979
1111
823
968
966
956
980
1112
824
969
967
957
981
1113
825
970
968
958
982
1114
826
971
969
959
983
1115
827
960
970
960
984
1116
828
973
983
961
985
1117
829
974
972
962
986
1118
830
975
973
963
987
1119
831
976
974
964
988
1120
832
977
975
965
989
1121
833
978
976
966
990
1122
834
979
977
967
991
1123
835
980
978
968
992
1124
836
981
979
969
993
1125
837
982
980
970
994
1126
838
983
981
971
995
1127
839
972
982
972
996
1128
840
985
995
973
997
1129
841
986
984
974
998
1130
842
987
985
975
999
1131
843
988
986
976
1000
1132
844
989
987
977
1001
1133
845
990
988
978
1002
1134
846
991
989
979
1003
1135
847
992
990
980
1004
1136
848
993
991
981
1005
1137
849
994
992
982
1006
1138
850
995
993
983
1007
1139
851
984
994
984
864
1140
852
997
1007
985
865
1141
853
998
996
986
866
1142
854
999
997
987
867
1143
855
1000
998
988
868
1144
856
1001
999
989
869
1145
857
1002
1000
990
870
1146
858
1003
1001
991
871
1147
859
1004
1002
992
872
1148
860
1005
1003
993
873
1149
861
1006
1004
994
874
1150
862
1007
1005
995
875
1151
863
996
1006
1140
1020
1152
864
1009
1019
1141
1021
1153
865
1010
1008
1142
1022
1154
866
1011
1009
1143
1023
1155
867
1012
1010
1144
1024
1156
868
1013
1011
1145
1025
1157
869
1014
1012
1146
1026
1158
870
1015
1013
1147
1027
1159
871
1016
1014
1148
1028
1160
872
1017
1015
1149
1029
1161
873
1018
1016
1150
1030
1162
874
1019
1017
1151
1031
1163
875
1008
1018
1008
1032
1164
876
1021
1031
1009
1033
1165
877
1022
1020
1010
1034
1166
878
1023
1021
1011
1035
1167
879
1024
1022
1012
1036
1168
880
1025
1023
1013
1037
1169
881
1026
1024
1014
1038
1170
882
1027
1025
1015
1039
1171
883
1028
1026
1016
1040
1172
884
1029
1027
1017
1041
1173
885
1030
1028
1018
1042
1174
886
1031
1029
1019
1043
1175
887
1020
1030
1020
1044
1176
888
1033
1043
1021
1045
1177
889
1034
1032
1022
1046
1178
890
1035
1033
1023
1047
1179
891
1036
1034
1024
1048
1180
892
1037
1035
1025
1049
1181
893
1038
1036
1026
1050
1182
894
1039
1037
1027
1051
1183
895
1040
1038
1028
1052
1184
896
1041
1039
1029
1053
1185
897
1042
1040
1030
1054
1186
898
1043
1041
1031
1055
1187
899
1032
1042
1032
1056
1188
900
1045
1055
1033
1057
1189
901
1046
1044
1034
1058
1190
902
1047
1045
1035
1059
1191
903
1048
1046
1036
1060
1192
904
1049
1047
1037
1061
1193
905
1050
1048
1038
1062
1194
906
1051
1049
1039
1063
1195
907
1052
1050
1040
1064
1196
908
1053
1051
1041
1065
1197
909
1054
1052
1042
1066
1198
910
1055
1053
1043
1067
1199
911
1044
1054
1044
1068
1200
912
1057
1067
1045
1069
1201
913
1058
1056
1046
1070
1202
914
1059
1057
1047
1071
1203
915
1060
1058
1048
1072
1204
916
1061
1059
1049
1073
1205
917
1062
1060
1050
1074
1206
918
1063
1061
1051
1075
1207
919
1064
1062
1052
1076
1208
920
1065
1063
1053
1077
1209
921
1066
1064
1054
1078
1210
922
1067
1065
1055
1079
1211
923
1056
1066
1056
1080
1212
924
1069
1079
1057
1081
1213
925
1070
1068
1058
1082
1214
926
1071
1069
1059
1083
1215
927
1072
1070
1060
1084
1216
928
1073
1071
1061
1085
1217
929
1074
1072
1062
1086
1218
930
1075
1073
1063
1087
1219
931
1076
1074
1064
1088
1220
932
1077
1075
1065
1089
1221
933
1078
1076
1066
1090
1222
934
1079
1077
1067
1091
1223
935
1068
1078
1068
1092
1224
936
1081
1091
1069
1093
1225
937
1082
1080
1070
1094
1226
938
1083
1081
1071
1095
1227
939
1084
1082
1072
1096
1228
940
1085
1083
1073
1097
1229
941
1086
1084
1074
1098
1230
942
1087
1085
1075
1099
1231
943
1088
1086
1076
1100
1232
944
1089
1087
1077
1101
1233
945
1090
1088
1078
1102
1234
946
1091
1089
1079
1103
1235
947
1080
1090
1080
1104
1236
948
1093
1103
1081
1105
1237
949
1094
1092
1082
1106
1238
950
1095
1093
1083
1107
1239
951
1096
1094
1084
1108
1240
952
1097
1095
1085
1109
1241
953
1098
1096
1086
1110
1242
954
1099
1097
1087
1111
1243
955
1100
1098
1088
1112
1244
956
1101
1099
1089
1113
1245
957
1102
1100
1090
1114
1246
958
1103
1101
1091
1115
1247
959
1092
1102
1092
1116
1248
960
1105
1115
1093
1117
1249
961
1106
1104
1094
1118
1250
962
1107
1105
1095
1119
1251
963
1108
1106
1096
1120
1252
964
1109
1107
1097
1121
1253
965
1110
1108
1098
1122
1254
966
1111
1109
1099
1123
1255
967
1112
1110
1100
1124
1256
968
1113
1111
1101
1125
1257
969
1114
1112
1102
1126
1258
970
1115
1113
1103
1127
1259
971
1104
1114
1104
1128
1260
972
1117
1127
1105
1129
1261
973
1118
1116
1106
1130
1262
974
1119
1117
1107
1131
1263
975
1120
1118
1108
1132
1264
976
1121
1119
1109
1133
1265
977
1122
1120
1110
1134
1266
978
1123
1121
1111
1135
1267
979
1124
1122
1112
1136
1268
980
1125
1123
1113
1137
1269
981
1126
1124
1114
1138
1270
982
1127
1125
1115
1139
1271
983
1116
1126
1116
1140
1272
984
1129
1139
1117
1141
1273
985
1130
1128
1118
1142
1274
986
1131
1129
1119
1143
1275
987
1132
1130
1120
1144
1276
988
1133
1131
1121
1145
1277
989
1134
1132
1122
1146
1278
990
1135
1133
1123
1147
1279
991
1136
1134
1124
1148
1280
992
1137
1135
1125
1149
1281
993
1138
1136
1126
1150
1282
994
1139
1137
1127
1151
1283
995
1128
1138
1128
1008
1284
996
1141
1151
1129
1009
1285
997
1142
1140
1130
1010
1286
998
1143
1141
1131
1011
1287
999
1144
1142
1132
1012
1288
1000
1145
1143
1133
1013
1289
1001
1146
1144
1134
1014
1290
1002
1147
1145
1135
1015
1291
1003
1148
1146
1136
1016
1292
1004
1149
1147
1137
1017
1293
1005
1150
1148
1138
1018
1294
1006
1151
1149
1139
1019
1295
1007
1140
1150
1284
1164
1296
1008
1153
1163
1285
1165
1297
1009
1154
1152
1286
1166
1298
1010
1155
1153
1287
1167
1299
1011
1156
1154
1288
1168
1300
1012
1157
1155
1289
1169
1301
1013
1158
1156
1290
1170
1302
1014
1159
1157
1291
1171
1303
1015
1160
1158
1292
1172
1304
1016
1161
1159
1293
1173
1305
1017
1162
1160
1294
1174
1306
1018
1163
1161
1295
1175
1307
1019
1152
1162
1152
1176
1308
1020
1165
1175
1153
1177
1309
1021
1166
1164
1154
1178
1310
1022
1167
1165
1155
1179
1311
1023
1168
1166
1156
1180
1312
1024
1169
1167
1157
1181
1313
1025
1170
1168
1158
1182
1314
1026
1171
1169
1159
1183
1315
1027
1172
1170
1160
1184
1316
1028
1173
1171
1161
1185
1317
1029
1174
1172
1162
1186
1318
1030
1175
1173
1163
1187
1319
1031
1164
1174
1164
1188
1320
1032
1177
1187
1165
1189
1321
1033
1178
1176
1166
1190
1322
1034
1179
1177
1167
1191
1323
1035
1180
1178
1168
1192
1324
1036
1181
1179
1169
1193
1325
1037
1182
1180
1170
1194
1326
1038
1183
1181
1171
1195
1327
1039
1184
1182
1172
1196
1328
1040
1185
1183
1173
1197
1329
1041
1186
1184
1174
1198
1330
1042
1187
1185
1175
1199
1331
1043
1176
1186
1176
1200
1332
1044
1189
1199
1177
1201
1333
1045
1190
1188
1178
1202
1334
1046
1191
1189
1179
1203
1335
1047
1192
1190
1180
1204
1336
1048
1193
1191
1181
1205
1337
1049
1194
1192
1182
1206
1338
1050
1195
1193
1183
1207
1339
1051
1196
1194
1184
1208
1340
1052
1197
1195
1185
1209
1341
1053
1198
1196
1186
1210
1342
1054
1199
1197
1187
1211
1343
1055
1188
1198
1188
1212
1344
1056
1201
1211
1189
1213
1345
1057
1202
1200
1190
1214
1346
1058
1203
1201
1191
1215
1347
1059
1204
1202
1192
1216
1348
1060
1205
1203
1193
1217
1349
1061
1206
1204
1194
1218
1350
1062
1207
1205
1195
1219
1351
1063
1208
1206
1196
1220
1352
1064
1209
1207
1197
1221
1353
1065
1210
1208
1198
1222
1354
1066
1211
1209
1199
1223
1355
1067
1200
1210
1200
1224
1356
1068
1213
1223
1201
1225
1357
1069
1214
1212
1202
1226
1358
1070
1215
1213
1203
1227
1359
1071
1216
1214
1204
1228
1360
1072
1217
1215
1205
1229
1361
1073
1218
1216
1206
1230
1362
1074
1219
1217
1207
1231
1363
1075
1220
1218
1208
1232
1364
1076
1221
1219
1209
1233
1365
1077
1222
1220
1210
1234
1366
1078
1223
1221
1211
1235
1367
1079
1212
1222
1212
1236
1368
1080
1225
1235
1213
1237
1369
1081
1226
1224
1214
1238
1370
1082
1227
1225
1215
1239
1371
1083
1228
1226
1216
1240
1372
1084
1229
1227
1217
1241
1373
1085
1230
1228
1218
1242
1374
1086
1231
1229
1219
1243
1375
1087
1232
1230
1220
1244
1376
1088
1233
1231
1221
1245
1377
1089
1234
1232
1222
1246
1378
1090
1235
1233
1223
1247
1379
1091
1224
1234
1224
1248
1380
1092
1237
1247
1225
1249
1381
1093
1238
1236
1226
1250
1382
1094
1239
1237
1227
1251
1383
1095
1240
1238
1228
1252
1384
1096
1241
1239
1229
1253
1385
1097
1242
1240
1230
1254
1386
1098
1243
1241
1231
1255
1387
1099
1244
1242
1232
1256
1388
1100
1245
1243
1233
1257
1389
1101
1246
1244
1234
1258
1390
1102
1247
1245
1235
1259
1391
1103
1236
1246
1236
1260
1392
1104
1249
1259
1237
1261
1393
1105
1250
1248
1238
1262
1394
1106
1251
1249
1239
1263
1395
1107
1252
1250
1240
1264
1396
1108
1253
1251
1241
1265
1397
1109
1254
1252
1242
1266
1398
1110
1255
1253
1243
1267
1399
1111
1256
1254
1244
1268
1400
1112
1257
1255
1245
1269
1401
1113
1258
1256
1246
1270
1402
1114
1259
1257
1247
1271
1403
1115
1248
1258
1248
1272
1404
1116
1261
1271
1249
1273
1405
1117
1262
1260
1250
1274
1406
1118
1263
1261
1251
1275
1407
1119
1264
1262
1252
1276
1408
1120
1265
1263
1253
1277
1409
1121
1266
1264
1254
1278
1410
1122
1267
1265
1255
1279
1411
1123
1268
1266
1256
1280
1412
1124
1269
1267
1257
1281
1413
1125
1270
1268
1258
1282
1414
1126
1271
1269
1259
1283
1415
1127
1260
1270
1260
1284
1416
1128
1273
1283
1261
1285
1417
1129
1274
1272
1262
1286
1418
1130
1275
1273
1263
1287
1419
1131
1276
1274
1264
1288
1420
1132
1277
1275
1265
1289
1421
1133
1278
1276
1266
1290
1422
1134
1279
1277
1267
1291
1423
1135
1280
1278
1268
1292
1424
1136
1281
1279
1269
1293
1425
1137
1282
1280
1270
1294
1426
1138
1283
1281
1271
1295
1427
1139
1272
1282
1272
1152
1428
1140
1285
1295
1273
1153
1429
1141
1286
1284
1274
1154
1430
1142
1287
1285
1275
1155
1431
1143
1288
1286
1276
1156
1432
1144
1289
1287
1277
1157
1433
1145
1290
1288
1278
1158
1434
1146
1291
1289
1279
1159
1435
1147
1292
1290
1280
1160
1436
1148
1293
1291
1281
1161
1437
1149
1294
1292
1282
1162
1438
1150
1295
1293
1283
1163
1439
1151
1284
1294
1428
1308
1440
1152
1297
1307
1429
1309
1441
1153
1298
1296
1430
1310
1442
1154
1299
1297
1431
1311
1443
1155
1300
1298
1432
1312
1444
1156
1301
1299
1433
1313
1445
1157
1302
1300
1434
1314
1446
1158
1303
1301
1435
1315
1447
1159
1304
1302
1436
1316
1448
1160
1305
1303
1437
1317
1449
1161
1306
1304
1438
1318
1450
1162
1307
1305
1439
1319
1451
1163
1296
1306
1296
1320
1452
1164
1309
1319
1297
1321
1453
1165
1310
1308
1298
1322
1454
1166
1311
1309
1299
1323
1455
1167
1312
1310
1300
1324
1456
1168
1313
1311
1301
1325
1457
1169
1314
1312
1302
1326
1458
1170
1315
1313
1303
1327
1459
1171
1316
1314
1304
1328
1460
1172
1317
1315
1305
1329
1461
1173
1318
1316
1306
1330
1462
1174
1319
1317
1307
1331
1463
1175
1308
1318
1308
1332
1464
1176
1321
1331
1309
1333
1465
1177
1322
1320
1310
1334
1466
1178
1323
1321
1311
1335
1467
1179
1324
1322
1312
1336
1468
1180
1325
1323
1313
1337
1469
1181
1326
1324
1314
1338
1470
1182
1327
1325
1315
1339
1471
1183
1328
1326
1316
1340
1472
1184
1329
1327
1317
1341
1473
1185
1330
1328
1318
1342
1474
1186
1331
1329
1319
1343
1475
1187
1320
1330
1320
1344
1476
1188
1333
1343
1321
1345
1477
1189
1334
1332
1322
1346
1478
1190
1335
1333
1323
1347
1479
1191
1336
1334
1324
1348
1480
1192
1337
1335
1325
1349
1481
1193
1338
1336
1326
1350
1482
1194
1339
1337
1327
1351
1483
1195
1340
1338
1328
1352
1484
1196
1341
1339
1329
1353
1485
1197
1342
1340
1330
1354
1486
1198
1343
1341
1331
1355
1487
1199
1332
1342
1332
1356
1488
1200
1345
1355
1333
1357
1489
1201
1346
1344
1334
1358
1490
1202
1347
1345
1335
1359
1491
1203
1348
1346
1336
1360
1492
1204
1349
1347
1337
1361
1493
1205
1350
1348
1338
1362
1494
1206
1351
1349
1339
1363
1495
1207
1352
1350
1340
1364
1496
1208
1353
1351
1341
1365
1497
1209
1354
1352
1342
1366
1498
1210
1355
1353
1343
1367
1499
1211
1344
1354
1344
1368
1500
1212
1357
1367
1345
1369
1501
1213
1358
1356
1346
1370
1502
1214
1359
1357
1347
1371
1503
1215
1360
1358
1348
1372
1504
1216
1361
1359
1349
1373
1505
1217
1362
1360
1350
1374
1506
1218
1363
1361
1351
1375
1507
1219
1364
1362
1352
1376
1508
1220
1365
1363
1353
1377
1509
1221
1366
1364
1354
1378
1510
1222
1367
1365
1355
1379
1511
1223
1356
1366
1356
1380
1512
1224
1369
1379
1357
1381
1513
1225
1370
1368
1358
1382
1514
1226
1371
1369
1359
1383
1515
1227
1372
1370
1360
1384
1516
1228
1373
1371
1361
1385
1517
1229
1374
1372
1362
1386
1518
1230
1375
1373
1363
1387
1519
1231
1376
1374
1364
1388
1520
1232
1377
1375
1365
1389
1521
1233
1378
1376
1366
1390
1522
1234
1379
1377
1367
1391
1523
1235
1368
1378
1368
1392
1524
1236
1381
1391
1369
1393
1525
1237
1382
1380
1370
1394
1526
1238
1383
1381
1371
1395
1527
1239
1384
1382
1372
1396
1528
1240
1385
1383
1373
1397
1529
1241
1386
1384
1374
1398
1530
1242
1387
1385
1375
1399
1531
1243
1388
1386
1376
1400
1532
1244
1389
1387
1377
1401
1533
1245
1390
1388
1378
1402
1534
1246
1391
1389
1379
1403
1535
1247
1380
1390
1380
1404
1536
1248
1393
1403
1381
1405
1537
1249
1394
1392
1382
1406
1538
1250
1395
1393
1383
1407
1539
1251
1396
1394
1384
1408
1540
1252
1397
1395
1385
1409
1541
1253
1398
1396
1386
1410
1542
1254
1399
1397
1387
1411
1543
1255
1400
1398
1388
1412
1544
1256
1401
1399
1389
1413
1545
1257
1402
1400
1390
1414
1546
1258
1403
1401
1391
1415
1547
1259
1392
1402
1392
1416
1548
1260
1405
1415
1393
1417
1549
1261
1406
1404
1394
1418
1550
1262
1407
1405
1395
1419
1551
1263
1408
1406
1396
1420
1552
1264
1409
1407
1397
1421
1553
1265
1410
1408
1398
1422
1554
1266
1411
1409
1399
1423
1555
1267
1412
1410
1400
1424
1556
1268
1413
1411
1401
1425
1557
1269
1414
1412
1402
1426
1558
1270
1415
1413
1403
1427
1559
1271
1404
1414
1404
1428
1560
1272
1417
1427
1405
1429
1561
1273
1418
1416
1406
1430
1562
1274
1419
1417
1407
1431
1563
1275
1420
1418
1408
1432
1564
1276
1421
1419
1409
1433
1565
1277
1422
1420
1410
1434
1566
1278
1423
1421
1411
1435
1567
1279
1424
1422
1412
1436
1568
1280
1425
1423
1413
1437
1569
1281
1426
1424
1414
1438
1570
1282
1427
1425
1415
1439
1571
1283
1416
1426
1416
1296
1572
1284
1429
1439
1417
1297
1573
1285
1430
1428
1418
1298
1574
1286
1431
1429
1419
1299
1575
1287
1432
1430
1420
1300
1576
1288
1433
1431
1421
1301
1577
1289
1434
1432
1422
1302
1578
1290
1435
1433
1423
1303
1579
1291
1436
1434
1424
1304
1580
1292
1437
1435
1425
1305
1581
1293
1438
1436
1426
1306
1582
1294
1439
1437
1427
1307
1583
1295
1428
1438
1572
1452
1584
1296
1441
1451
1573
1453
1585
1297
1442
1440
1574
1454
1586
1298
1443
1441
1575
1455
1587
1299
1444
1442
1576
1456
1588
1300
1445
1443
1577
1457
1589
1301
1446
1444
1578
1458
1590
1302
1447
1445
1579
1459
1591
1303
1448
1446
1580
1460
1592
1304
1449
1447
1581
1461
1593
1305
1450
1448
1582
1462
1594
1306
1451
1449
1583
1463
1595
1307
1440
1450
1440
1464
1596
1308
1453
1463
1441
1465
1597
1309
1454
1452
1442
1466
1598
1310
1455
1453
1443
1467
1599
1311
1456
1454
1444
1468
1600
1312
1457
1455
1445
1469
1601
1313
1458
1456
1446
1470
1602
1314
1459
1457
1447
1471
1603
1315
1460
1458
1448
1472
1604
1316
1461
1459
1449
1473
1605
1317
1462
1460
1450
1474
1606
1318
1463
1461
1451
1475
1607
1319
1452
1462
1452
1476
1608
1320
1465
1475
1453
1477
1609
1321
1466
1464
1454
1478
1610
1322
1467
1465
1455
1479
1611
1323
1468
1466
1456
1480
1612
1324
1469
1467
1457
1481
1613
1325
1470
1468
1458
1482
1614
1326
1471
1469
1459
1483
1615
1327
1472
1470
1460
1484
1616
1328
1473
1471
1461
1485
1617
1329
1474
1472
1462
1486
1618
1330
1475
1473
1463
1487
1619
1331
1464
1474
1464
1488
1620
1332
1477
1487
1465
1489
1621
1333
1478
1476
1466
1490
1622
1334
1479
1477
1467
1491
1623
1335
1480
1478
1468
1492
1624
1336
1481
1479
1469
1493
1625
1337
1482
1480
1470
1494
1626
1338
1483
1481
1471
1495
1627
1339
1484
1482
1472
1496
1628
1340
1485
1483
1473
1497
1629
1341
1486
1484
1474
1498
1630
1342
1487
1485
1475
1499
1631
1343
1476
1486
1476
1500
1632
1344
1489
1499
1477
1501
1633
1345
1490
1488
1478
1502
1634
1346
1491
1489
1479
1503
1635
1347
1492
1490
1480
1504
1636
1348
1493
1491
1481
1505
1637
1349
1494
1492
1482
1506
1638
1350
1495
1493
1483
1507
1639
1351
1496
1494
1484
1508
1640
1352
1497
1495
1485
1509
1641
1353
1498
1496
1486
1510
1642
1354
1499
1497
1487
1511
1643
1355
1488
1498
1488
1512
1644
1356
1501
1511
1489
1513
1645
1357
1502
1500
1490
1514
1646
1358
1503
1501
1491
1515
1647
1359
1504
1502
1492
1516
1648
1360
1505
1503
1493
1517
1649
1361
1506
1504
1494
1518
1650
1362
1507
1505
1495
1519
1651
1363
1508
1506
1496
1520
1652
1364
1509
1507
1497
1521
1653
1365
1510
1508
1498
1522
1654
1366
1511
1509
1499
1523
1655
1367
1500
1510
1500
1524
1656
1368
1513
1523
1501
1525
1657
1369
1514
1512
1502
1526
1658
1370
1515
1513
1503
1527
1659
1371
1516
1514
1504
1528
1660
1372
1517
1515
1505
1529
1661
1373
1518
1516
1506
1530
1662
1374
1519
1517
1507
1531
1663
1375
1520
1518
1508
1532
1664
1376
1521
1519
1509
1533
1665
1377
1522
1520
1510
1534
1666
1378
1523
1521
1511
1535
1667
1379
1512
1522
1512
1536
1668
1380
1525
1535
1513
1537
1669
1381
1526
1524
1514
1538
1670
1382
1527
1525
1515
1539
1671
1383
1528
1526
1516
1540
1672
1384
1529
1527
1517
1541
1673
1385
1530
1528
1518
1542
1674
1386
1531
1529
1519
1543
1675
1387
1532
1530
1520
1544
1676
1388
1533
1531
1521
1545
1677
1389
1534
1532
1522
1546
1678
1390
1535
1533
1523
1547
1679
1391
1524
1534
1524
1548
1680
1392
1537
1547
1525
1549
1681
1393
1538
1536
1526
1550
1682
1394
1539
1537
1527
1551
1683
1395
1540
1538
1528
1552
1684
1396
1541
1539
1529
1553
1685
1397
1542
1540
1530
1554
1686
1398
1543
1541
1531
1555
1687
1399
1544
1542
1532
1556
1688
1400
1545
1543
1533
1557
1689
1401
1546
1544
1534
1558
1690
1402
1547
1545
1535
1559
1691
1403
1536
1546
1536
1560
1692
1404
1549
1559
1537
1561
1693
1405
1550
1548
1538
1562
1694
1406
1551
1549
1539
1563
1695
1407
1552
1550
1540
1564
1696
1408
1553
1551
1541
1565
1697
1409
1554
1552
1542
1566
1698
1410
1555
1553
1543
1567
1699
1411
1556
1554
1544
1568
1700
1412
1557
1555
1545
1569
1701
1413
1558
1556
1546
1570
1702
1414
1559
1557
1547
1571
1703
1415
1548
1558
1548
1572
1704
1416
1561
1571
1549
1573
1705
1417
1562
1560
1550
1574
1706
1418
1563
1561
1551
1575
1707
1419
1564
1562
1552
1576
1708
1420
1565
1563
1553
1577
1709
1421
1566
1564
1554
1578
1710
1422
1567
1565
1555
1579
1711
1423
1568
1566
1556
1580
1712
1424
1569
1567
1557
1581
1713
1425
1570
1568
1558
1582
1714
1426
1571
1569
1559
1583
1715
1427
1560
1570
1560
1440
1716
1428
1573
1583
1561
1441
1717
1429
1574
1572
1562
1442
1718
1430
1575
1573
1563
1443
1719
1431
1576
1574
1564
1444
1720
1432
1577
1575
1565
1445
1721
1433
1578
1576
1566
1446
1722
1434
1579
1577
1567
1447
1723
1435
1580
1578
1568
1448
1724
1436
1581
1579
1569
1449
1725
1437
1582
1580
1570
1450
1726
1438
1583
1581
1571
1451
1727
1439
1572
1582
1716
1596
0
1440
1585
1595
1717
1597
1
1441
1586
1584
1718
1598
2
1442
1587
1585
1719
1599
3
1443
1588
1586
1720
1600
4
1444
1589
1587
1721
1601
5
1445
1590
1588
1722
1602
6
1446
1591
1589
1723
1603
7
1447
1592
1590
1724
1604
8
1448
1593
1591
1725
1605
9
1449
1594
1592
1726
1606
10
1450
1595
1593
1727
1607
11
1451
1584
1594
1584
1608
12
1452
1597
1607
1585
1609
13
1453
1598
1596
1586
1610
14
1454
1599
1597
1587
1611
15
1455
1600
1598
1588
1612
16
1456
1601
1599
1589
1613
17
1457
1602
1600
1590
1614
18
1458
1603
1601
1591
1615
19
1459
1604
1602
1592
1616
20
1460
1605
1603
1593
1617
21
1461
1606
1604
1594
1618
22
1462
1607
1605
1595
1619
23
1463
1596
1606
1596
1620
24
1464
1609
1619
1597
1621
25
1465
1610
1608
1598
1622
26
1466
1611
1609
1599
1623
27
1467
1612
1610
1600
1624
28
1468
1613
1611
1601
1625
29
1469
1614
1612
1602
1626
30
1470
1615
1613
1603
1627
31
1471
1616
1614
1604
1628
32
1472
1617
1615
1605
1629
33
1473
1618
1616
1606
1630
34
1474
1619
1617
1607
1631
35
1475
1608
1618
1608
1632
36
1476
1621
1631
1609
1633
37
1477
1622
1620
1610
1634
38
1478
1623
1621
1611
1635
39
1479
1624
1622
1612
1636
40
1480
1625
1623
1613
1637
41
1481
1626
1624
1614
1638
42
1482
1627
1625
1615
1639
43
1483
1628
1626
1616
1640
44
1484
1629
1627
1617
1641
45
1485
1630
1628
1618
1642
46
1486
1631
1629
1619
1643
47
1487
1620
1630
1620
1644
48
1488
1633
1643
1621
1645
49
1489
1634
1632
1622
1646
50
1490
1635
1633
1623
1647
51
1491
1636
1634
1624
1648
52
1492
1637
1635
1625
1649
53
1493
1638
1636
1626
1650
54
1494
1639
1637
1627
1651
55
1495
1640
1638
1628
1652
56
1496
1641
1639
1629
1653
57
1497
1642
1640
1630
1654
58
1498
1643
1641
1631
1655
59
1499
1632
1642
1632
1656
60
1500
1645
1655
1633
1657
61
1501
1646
1644
1634
1658
62
1502
1647
1645
1635
1659
63
1503
1648
1646
1636
1660
64
1504
1649
1647
1637
1661
65
1505
1650
1648
1638
1662
66
1506
1651
1649
1639
1663
67
1507
1652
1650
1640
1664
68
1508
1653
1651
1641
1665
69
1509
1654
1652
1642
1666
70
1510
1655
1653
1643
1667
71
1511
1644
1654
1644
1668
72
1512
1657
1667
1645
1669
73
1513
1658
1656
1646
1670
74
1514
1659
1657
1647
1671
75
1515
1660
1658
1648
1672
76
1516
1661
1659
1649
1673
77
1517
1662
1660
1650
1674
78
1518
1663
1661
1651
1675
79
1519
1664
1662
1652
1676
80
1520
1665
1663
1653
1677
81
1521
1666
1664
1654
1678
82
1522
1667
1665
1655
1679
83
1523
1656
1666
1656
1680
84
1524
1669
1679
1657
1681
85
1525
1670
1668
1658
1682
86
1526
1671
1669
1659
1683
87
1527
1672
1670
1660
1684
88
1528
1673
1671
1661
1685
89
1529
1674
1672
1662
1686
90
1530
1675
1673
1663
1687
91
1531
1676
1674
1664
1688
92
1532
1677
1675
1665
1689
93
1533
1678
1676
1666
1690
94
1534
1679
1677
1667
1691
95
1535
1668
1678
1668
1692
96
1536
1681
1691
1669
1693
97
1537
1682
1680
1670
1694
98
1538
1683
1681
1671
1695
99
1539
1684
1682
1672
1696
100
1540
1685
1683
1673
1697
101
1541
1686
1684
1674
1698
102
1542
1687
1685
1675
1699
103
1543
1688
1686
1676
1700
104
1544
1689
1687
1677
1701
105
1545
1690
1688
1678
1702
106
1546
1691
1689
1679
1703
107
1547
1680
1690
1680
1704
108
1548
1693
1703
1681
1705
109
1549
1694
1692
1682
1706
110
1550
1695
1693
1683
1707
111
1551
1696
1694
1684
1708
112
1552
1697
1695
1685
1709
113
1553
1698
1696
1686
1710
114
1554
1699
1697
1687
1711
115
1555
1700
1698
1688
1712
116
1556
1701
1699
1689
1713
117
1557
1702
1700
1690
1714
118
1558
1703
1701
1691
1715
119
1559
1692
1702
1692
1716
120
1560
1705
1715
1693
1717
121
1561
1706
1704
1694
1718
122
1562
1707
1705
1695
1719
123
1563
1708
1706
1696
1720
124
1564
1709
1707
1697
1721
125
1565
1710
1708
1698
1722
126
1566
1711
1709
1699
1723
127
1567
1712
1710
1700
1724
128
1568
1713
1711
1701
1725
129
1569
1714
1712
1702
1726
130
1570
1715
1713
1703
1727
131
1571
1704
1714
1704
1584
132
1572
1717
1727
1705
1585
133
1573
1718
1716
1706
1586
134
1574
1719
1717
1707
1587
135
1575
1720
1718
1708
1588
136
1576
1721
1719
1709
1589
137
1577
1722
1720
1710
1590
138
1578
1723
1721
1711
1591
139
1579
1724
1722
1712
1592
140
1580
1725
1723
1713
1593
141
1581
1726
1724
1714
1594
142
1582
1727
1725
1715
1595
143
1583
1716
1726
