400
4 0
380
0
2
21
381
1
3
22
382
2
4
23
383
3
5
24
384
4
6
25
385
5
7
26
386
6
8
27
387
7
9
28
388
8
10
29
389
9
11
30
390
10
12
31
391
11
13
32
392
12
14
33
393
13
15
34
394
14
16
35
395
15
17
36
396
16
18
37
397
17
19
38
398
18
0
39
399
39
21
40
0
20
22
41
1
21
23
42
2
22
24
43
3
23
25
44
4
24
26
45
5
25
27
46
6
26
28
47
7
27
29
48
8
28
30
49
9
29
31
50
10
30
32
51
11
31
33
52
12
32
34
53
13
33
35
54
14
34
36
55
15
35
37
56
16
36
38
57
17
37
39
58
18
38
20
59
19
59
41
60
20
40
42
61
21
41
43
62
22
42
44
63
23
43
45
64
24
44
46
65
25
45
47
66
26
46
48
67
27
47
49
68
28
48
50
69
29
49
51
70
30
50
52
71
31
51
53
72
32
52
54
73
33
53
55
74
34
54
56
75
35
55
57
76
36
56
58
77
37
57
59
78
38
58
40
79
39
79
61
80
40
60
62
81
41
61
63
82
42
62
64
83
43
63
65
84
44
64
66
85
45
65
67
86
46
66
68
87
47
67
69
88
48
68
70
89
49
69
71
90
50
70
72
91
51
71
73
92
52
72
74
93
53
73
75
94
54
74
76
95
55
75
77
96
56
76
78
97
57
77
79
98
58
78
60
99
59
99
81
100
60
80
82
101
61
81
83
102
62
82
84
103
63
83
85
104
64
84
86
105
65
85
87
106
66
86
88
107
67
87
89
108
68
88
90
109
69
89
91
110
70
90
92
111
71
91
93
112
72
92
94
113
73
93
95
114
74
94
96
115
75
95
97
116
76
96
98
117
77
97
99
118
78
98
80
119
79
119
101
120
80
100
102
121
81
101
103
122
82
102
104
123
83
103
105
124
84
104
106
125
85
105
107
126
86
106
108
127
87
107
109
128
88
108
110
129
89
109
111
130
90
110
112
131
91
111
113
132
92
112
114
133
93
113
115
134
94
114
116
135
95
115
117
136
96
116
118
137
97
117
119
138
98
118
100
139
99
139
121
140
100
120
122
141
101
121
123
142
102
122
124
143
103
123
125
144
104
124
126
145
105
125
127
146
106
126
128
147
107
127
129
148
108
128
130
149
109
129
131
150
110
130
132
151
111
131
133
152
112
132
134
153
113
133
135
154
114
134
136
155
115
135
137
156
116
136
138
157
117
137
139
158
118
138
120
159
119
159
141
160
120
140
142
161
121
141
143
162
122
142
144
163
123
143
145
164
124
144
146
165
125
145
147
166
126
146
148
167
127
147
149
168
128
148
150
169
129
149
151
170
130
150
152
171
131
151
153
172
132
152
154
173
133
153
155
174
134
154
156
175
135
155
157
176
136
156
158
177
137
157
159
178
138
158
140
179
139
179
161
180
140
160
162
181
141
161
163
182
142
162
164
183
143
163
165
184
144
164
166
185
145
165
167
186
146
166
168
187
147
167
169
188
148
168
170
189
149
169
171
190
150
170
172
191
151
171
173
192
152
172
174
193
153
173
175
194
154
174
176
195
155
175
177
196
156
176
178
197
157
177
179
198
158
178
160
199
159
199
181
200
160
180
182
201
161
181
183
202
162
182
184
203
163
183
185
204
164
184
186
205
165
185
187
206
166
186
188
207
167
187
189
208
168
188
190
209
169
189
191
210
170
190
192
211
171
191
193
212
172
192
194
213
173
193
195
214
174
194
196
215
175
195
197
216
176
196
198
217
177
197
199
218
178
198
180
219
179
219
201
220
180
200
202
221
181
201
203
222
182
202
204
223
183
203
205
224
184
204
206
225
185
205
207
226
186
206
208
227
187
207
209
228
188
208
210
229
189
209
211
230
190
210
212
231
191
211
213
232
192
212
214
233
193
213
215
234
194
214
216
235
195
215
217
236
196
216
218
237
197
217
219
238
198
218
200
239
199
239
221
240
200
220
222
241
201
221
223
242
202
222
224
243
203
223
225
244
204
224
226
245
205
225
227
246
206
226
228
247
207
227
229
248
208
228
230
249
209
229
231
250
210
230
232
251
211
231
233
252
212
232
234
253
213
233
235
254
214
234
236
255
215
235
237
256
216
236
238
257
217
237
239
258
218
238
220
259
219
259
241
260
220
240
242
261
221
241
243
262
222
242
244
263
223
243
245
264
224
244
246
265
225
245
247
266
226
246
248
267
227
247
249
268
228
248
250
269
229
249
251
270
230
250
252
271
231
251
253
272
232
252
254
273
233
253
255
274
234
254
256
275
235
255
257
276
236
256
258
277
237
257
259
278
238
258
240
279
239
279
261
280
240
260
262
281
241
261
263
282
242
262
264
283
243
263
265
284
244
264
266
285
245
265
267
286
246
266
268
287
247
267
269
288
248
268
270
289
249
269
271
290
250
270
272
291
251
271
273
292
252
272
274
293
253
273
275
294
254
274
276
295
255
275
277
296
256
276
278
297
257
277
279
298
258
278
260
299
259
299
281
300
260
280
282
301
261
281
283
302
262
282
284
303
263
283
285
304
264
284
286
305
265
285
287
306
266
286
288
307
267
287
289
308
268
288
290
309
269
289
291
310
270
290
292
311
271
291
293
312
272
292
294
313
273
293
295
314
274
294
296
315
275
295
297
316
276
296
298
317
277
297
299
318
278
298
280
319
279
319
301
320
280
300
302
321
281
301
303
322
282
302
304
323
283
303
305
324
284
304
306
325
285
305
307
326
286
306
308
327
287
307
309
328
288
308
310
329
289
309
311
330
290
310
312
331
291
311
313
332
292
312
314
333
293
313
315
334
294
314
316
335
295
315
317
336
296
316
318
337
297
317
319
338
298
318
300
339
299
339
321
340
300
320
322
341
301
321
323
342
302
322
324
343
303
323
325
344
304
324
326
345
305
325
327
346
306
326
328
347
307
327
329
348
308
328
330
349
309
329
331
350
310
330
332
351
311
331
333
352
312
332
334
353
313
333
335
354
314
334
336
355
315
335
337
356
316
336
338
357
317
337
339
358
318
338
320
359
319
359
341
360
320
340
342
361
321
341
343
362
322
342
344
363
323
343
345
364
324
344
346
365
325
345
347
366
326
346
348
367
327
347
349
368
328
348
350
369
329
349
351
370
330
350
352
371
331
351
353
372
332
352
354
373
333
353
355
374
334
354
356
375
335
355
357
376
336
356
358
377
337
357
359
378
338
358
340
379
339
379
361
380
340
360
362
381
341
361
363
382
342
362
364
383
343
363
365
384
344
364
366
385
345
365
367
386
346
366
368
387
347
367
369
388
348
368
370
389
349
369
371
390
350
370
372
391
351
371
373
392
352
372
374
393
353
373
375
394
354
374
376
395
355
375
377
396
356
376
378
397
357
377
379
398
358
378
360
399
359
399
381
0
360
380
382
1
361
381
383
2
362
382
384
3
363
383
385
4
364
384
386
5
365
385
387
6
366
386
388
7
367
387
389
8
368
388
390
9
369
389
391
10
370
390
392
11
371
391
393
12
372
392
394
13
373
393
395
14
374
394
396
15
375
395
397
16
376
396
398
17
377
397
399
18
378
398
380
19
379
