0	0.319797	27.6391
1	0.333775	31.2322
2	0.339401	30.4538
3	0.33698	31.1015
4	0.306289	24.017
5	0.344022	31.8223
6	0.334562	28.7736
7	0.336791	31.5899
8	0.329951	29.1663
9	0.33991	31.8298
10	0.338447	31.1727
11	0.32648	27.76
12	0.330091	28.7838
13	0.356132	34.5838
14	0.323184	27.082
15	0.340175	30.5321
16	0.347022	32.0687
17	0.347684	33.6672
18	0.327032	28.9374
19	0.342073	30.951
20	0.324296	28.9355
21	0.337452	29.6175
22	0.32187	27.7989
23	0.323321	28.4989
24	0.339622	30.3865
25	0.341686	30.7786
26	0.343809	31.5263
27	0.34475	32.1277
28	0.319256	27.5718
29	0.316889	28.7281
30	0.335401	30.6766
31	0.335005	29.9637
32	0.335358	31.062
33	0.35008	32.3739
34	0.33266	30.5283
35	0.346154	31.3157
36	0.337285	31.1961
37	0.337876	31.5627
38	0.356296	35.2361
39	0.334747	29.6412
40	0.329928	27.921
41	0.340652	30.6766
42	0.339266	32.3969
43	0.338369	32.1526
44	0.339249	30.8932
45	0.340171	31.5649
46	0.327372	28.9205
47	0.335875	30.9035
48	0.329417	29.2818
49	0.331554	28.9925
50	0.330936	29.7342
51	0.337715	31.1437
52	0.329962	28.1741
53	0.325406	28.0374
54	0.338075	30.0764
55	0.322076	26.9422
56	0.326772	28.9768
57	0.331791	28.9331
58	0.323673	27.3157
59	0.338667	29.9663
60	0.325016	28.2842
61	0.313621	26.5141
62	0.330384	29.7026
63	0.350387	32.4992
64	0.335812	30.0501
65	0.322283	27.4617
66	0.327878	28.3881
67	0.33172	30.2012
68	0.336045	29.0568
69	0.338467	30.1358
70	0.288944	21.5938
71	0.34143	32.1792
72	0.322443	27.3661
73	0.311785	25.2382
74	0.344877	32.0713
75	0.324307	28.2564
76	0.329926	28.0312
77	0.335907	29.4484
78	0.318508	26.5132
79	0.327886	28.9068
80	0.320259	27.1359
81	0.333467	29.7746
82	0.3172	25.7014
83	0.339156	30.5972
84	0.322513	28.3375
85	0.320317	27.3761
86	0.318006	27.8312
87	0.324629	28.5449
88	0.342365	32.4957
89	0.330638	29.3813
90	0.327993	29.5943
91	0.323004	26.9031
92	0.352015	34.0103
93	0.328462	28.2531
94	0.335745	30.2774
95	0.295671	21.5119
96	0.347993	32.2673
97	0.334483	28.6023
98	0.327567	29.1066
99	0.338861	31.3716
100	0.338394	30.7444
101	0.341384	31.0272
102	0.33503	29.1227
103	0.336409	30.9729
104	0.319703	26.7997
105	0.348905	33.2134
106	0.328663	28.8083
107	0.332639	29.6503
108	0.328507	27.9798
109	0.322728	27.8202
110	0.32779	28.7277
111	0.314971	25.8478
112	0.313535	26.5301
113	0.312856	26.0809
114	0.330829	28.8554
115	0.30841	25.5136
116	0.338328	30.7587
117	0.335592	30.9816
118	0.333583	29.2237
119	0.323329	27.8949
120	0.321858	28.7132
121	0.346054	32.624
122	0.344771	31.586
123	0.316192	26.6216
124	0.326861	28.4765
125	0.325036	27.9813
126	0.338721	30.5977
127	0.334524	29.9438
128	0.322829	30.0148
129	0.32516	29.1054
130	0.315267	27.474
131	0.326842	29.6255
132	0.329932	28.5597
133	0.342819	31.8316
134	0.343095	32.4173
135	0.336913	28.9342
136	0.330658	28.4229
137	0.338836	30.4927
138	0.328042	27.1655
139	0.333408	29.4044
140	0.322587	28.5431
141	0.312133	25.9602
142	0.331502	28.561
143	0.310807	25.0777
144	0.32106	27.0625
145	0.317729	26.9857
146	0.321878	27.4711
147	0.328829	29.2174
148	0.316415	27.7659
149	0.325367	28.6789
150	0.326838	29.2088
151	0.336707	29.619
152	0.308527	25.0721
153	0.333349	30.2174
154	0.340578	31.7684
155	0.312631	24.4996
156	0.337034	30.0179
157	0.324338	27.2162
158	0.351881	34.0327
159	0.350528	33.3524
160	0.328222	27.45
161	0.330333	28.1347
162	0.340857	31.3713
163	0.312018	25.9404
164	0.313013	25.3952
165	0.348196	32.3587
166	0.312438	25.204
167	0.324375	28.0909
168	0.344628	30.8883
169	0.330095	28.1536
170	0.350136	32.1547
171	0.321779	26.9329
172	0.323817	28.9761
173	0.324004	27.9809
174	0.345439	32.3938
175	0.345668	31.9656
176	0.316489	26.9795
177	0.334513	29.4231
178	0.348859	31.0541
179	0.333606	29.3272
180	0.312246	26.0451
181	0.325369	29.7623
182	0.330023	28.8561
183	0.334242	30.4204
184	0.343268	32.3384
185	0.330229	28.9172
186	0.328467	29.2722
187	0.330416	28.3865
188	0.324915	28.2652
189	0.332407	29.4562
190	0.337336	30.0642
191	0.331979	30.1429
192	0.314454	27.8289
193	0.326712	28.8893
194	0.341806	29.868
195	0.315174	25.5086
196	0.319826	27.5375
197	0.323809	27.6692
198	0.327127	29.4086
199	0.328986	29.4295
200	0.324484	28.0717
201	0.322327	27.0841
202	0.331245	29.2392
203	0.323859	28.0832
204	0.331796	30.1926
205	0.324352	29.8025
206	0.342029	32.7336
207	0.341424	30.47
208	0.324723	28.0876
209	0.325774	26.7127
210	0.333007	30.2205
211	0.324279	28.3671
212	0.331686	30.1848
213	0.32971	28.7237
214	0.344873	32.1231
215	0.341596	30.5821
216	0.34306	31.8783
217	0.324712	28.3503
218	0.346642	32.6136
219	0.327165	27.2161
220	0.341326	30.9622
221	0.331552	29.2099
222	0.328698	28.8146
223	0.337531	30.5542
224	0.309546	26.2527
225	0.33263	29.2688
226	0.314993	27.0804
227	0.303327	24.262
228	0.331081	30.3348
229	0.344022	31.0076
230	0.35085	34.3519
231	0.33139	30.0146
232	0.322683	27.429
233	0.336327	29.8939
234	0.33249	29.0518
235	0.337338	31.4226
236	0.338383	31.7593
237	0.342415	34.4553
238	0.328669	29.2922
239	0.337662	31.0573
240	0.313132	27.222
241	0.357051	34.3721
242	0.32889	28.8574
243	0.315429	26.5518
244	0.327435	27.44
245	0.325321	27.5906
246	0.335654	29.9969
247	0.329505	28.6939
248	0.335179	30.8007
249	0.332904	31.2889
250	0.340751	31.5949
251	0.320884	28.4612
252	0.333015	29.1617
253	0.321703	27.4029
254	0.331297	29.9703
255	0.327246	30.1974
256	0.326835	27.3428
257	0.334054	28.6836
258	0.337761	30.1575
259	0.334754	30.1609
260	0.341334	31.6499
261	0.330452	29.0357
262	0.31657	26.575
263	0.341716	31.6614
264	0.323729	25.9755
265	0.315758	28.1871
266	0.314067	25.9709
267	0.315621	27.2349
268	0.329185	28.346
269	0.328822	28.6611
270	0.314278	27.1952
271	0.336664	29.3624
272	0.327788	29.1037
273	0.341302	32.9595
274	0.314652	26.614
275	0.323779	28.159
276	0.332443	30.2542
277	0.328108	28.0394
278	0.335924	30.833
279	0.329815	28.468
280	0.316662	26.2127
281	0.324276	28.0461
282	0.342669	32.4061
283	0.334869	30.5381
284	0.332903	29.626
285	0.321161	26.5054
286	0.320721	27.3419
287	0.326194	28.1369
288	0.330437	28.7343
289	0.336088	30.773
290	0.335552	29.8077
291	0.315423	25.7243
292	0.328205	27.7944
293	0.328436	28.6961
294	0.314412	26.2122
295	0.343315	31.5491
296	0.335787	30.2369
297	0.335685	29.9993
298	0.351284	33.4156
299	0.32357	28.8447
300	0.323176	28.2908
301	0.324215	27.7014
302	0.310644	26.2822
303	0.330234	28.742
304	0.326036	28.2766
305	0.340052	31.8338
306	0.332949	29.5484
307	0.327333	30.1987
308	0.312797	25.4302
309	0.335128	30.3787
310	0.323858	29.056
311	0.330694	30.0287
312	0.319777	26.771
313	0.345591	33.4611
314	0.3414	30.46
315	0.312082	26.828
316	0.335769	28.6194
317	0.335408	31.3243
318	0.324337	27.9519
319	0.317153	26.8338
320	0.318908	26.9428
321	0.3294	28.7702
322	0.318976	26.4958
323	0.334323	30.5669
324	0.341504	32.4054
325	0.340271	31.4451
326	0.334216	29.6044
327	0.337199	30.7943
328	0.326134	30.4178
329	0.331953	30.3734
330	0.329339	29.3565
331	0.319037	28.0833
332	0.322221	27.451
333	0.346781	32.2106
334	0.329354	27.6809
335	0.320119	28.0268
336	0.341142	31.122
337	0.325911	28.4062
338	0.334067	29.9189
339	0.316161	25.523
340	0.334439	30.0399
341	0.330448	29.699
342	0.341169	30.6079
343	0.338427	29.5802
344	0.32716	28.4677
345	0.332074	29.9754
346	0.330986	29.9599
347	0.317678	27.9196
348	0.330837	28.7908
349	0.34417	31.4783
350	0.342574	30.7066
351	0.313877	26.8481
352	0.32004	26.0268
353	0.330757	28.5745
354	0.342226	32.5238
355	0.324843	28.4564
356	0.326077	28.0208
357	0.318967	27.8044
358	0.329356	28.4832
359	0.34426	32.2246
360	0.335959	30.3876
361	0.336081	29.3714
362	0.323048	28.8778
363	0.341472	30.9796
364	0.342658	31.5693
365	0.340434	31.4835
366	0.332176	30.9776
367	0.340633	29.7926
368	0.345029	30.8128
369	0.321601	27.7735
370	0.313442	26.1452
371	0.339781	30.1704
372	0.341948	30.2294
373	0.331278	31.1727
374	0.333219	28.8095
375	0.335975	30.6556
376	0.34015	31.9301
377	0.332334	30.3461
378	0.337873	31.025
379	0.325586	28.6918
380	0.319313	27.3049
381	0.343166	30.8673
382	0.323179	28.8595
383	0.315782	25.8449
384	0.339486	31.5267
385	0.309638	25.1364
386	0.327112	27.8742
387	0.331958	28.8043
388	0.325348	26.9
389	0.344602	31.5294
390	0.35049	33.6859
391	0.320443	27.4688
392	0.326701	28.2493
393	0.329976	29.2623
394	0.333469	30.9569
395	0.341429	29.5442
396	0.322972	27.4934
397	0.339887	31.1181
398	0.310119	24.9296
399	0.305893	25.5777
400	0.329164	29.9481
401	0.328095	27.8917
402	0.323684	28.595
403	0.335786	31.8647
404	0.335478	29.6484
405	0.338168	29.512
406	0.32929	28.3615
407	0.321545	27.4211
408	0.334925	30.1595
409	0.333384	29.0078
410	0.34335	31.0506
411	0.32216	27.3679
412	0.330416	29.2705
413	0.346246	31.7379
414	0.329616	28.4787
415	0.337442	30.3858
416	0.309833	25.6779
417	0.339615	30.507
418	0.341397	30.6539
419	0.325383	29.676
420	0.325337	28.7638
421	0.336534	29.6677
422	0.319915	26.3559
423	0.326141	28.9097
424	0.335305	30.2683
425	0.319709	27.8035
426	0.336386	30.8996
427	0.318539	27.7489
428	0.330603	28.1802
429	0.329348	28.8957
430	0.314293	27.9562
431	0.341781	31.3642
432	0.347192	31.0396
433	0.320595	28.5161
434	0.332878	30.6689
435	0.344333	32.6162
436	0.335991	30.9984
437	0.339479	32.243
438	0.335739	30.8782
439	0.327891	29.531
440	0.320308	27.0748
441	0.324576	28.0316
442	0.355949	34.7907
443	0.330167	29.6611
444	0.327639	28.0246
445	0.331435	30.4242
446	0.324777	28.5423
447	0.332076	29.9179
448	0.338741	31.1028
449	0.327715	29.8423
450	0.337337	30.137
451	0.316936	25.3875
452	0.324698	28.37
453	0.320564	27.7157
454	0.325919	27.9069
455	0.328456	29.2584
456	0.325017	27.4744
457	0.323738	28.9722
458	0.333394	28.8052
459	0.334377	30.8312
460	0.319375	27.6962
461	0.310307	26.2743
462	0.340688	29.9479
463	0.317376	25.5464
464	0.331529	30.0232
465	0.325671	27.1643
466	0.320096	27.4875
467	0.348766	32.3303
468	0.340354	31.5824
469	0.341148	32.2452
470	0.327509	29.3141
471	0.339232	31.9706
472	0.317963	27.7872
473	0.337464	30.9167
474	0.327353	28.7741
475	0.324426	28.3551
476	0.327274	28.5292
477	0.325285	29.9114
478	0.3226	27.3396
479	0.322521	29.3322
480	0.34526	32.5184
481	0.343892	32.2149
482	0.326596	28.2845
483	0.317192	26.1856
484	0.333403	30.0421
485	0.322014	28.0164
486	0.314942	25.8072
487	0.335146	30.0161
488	0.332667	30.305
489	0.315468	26.6517
490	0.327306	27.4335
491	0.325025	27.8603
492	0.331841	27.9066
493	0.341032	31.7096
494	0.314673	25.7419
495	0.316022	26.7959
496	0.331488	31.0397
497	0.339761	30.9915
498	0.325627	27.9039
499	0.344712	32.8265
500	0.324256	29.132
501	0.339676	31.1918
502	0.329387	28.2808
503	0.332521	29.0652
504	0.332604	29.6871
505	0.314112	25.9266
506	0.348615	32.4684
507	0.341426	30.6319
508	0.314053	26.5954
509	0.35502	33.0097
510	0.330749	29.5553
511	0.331309	29.6141
512	0.330565	30.2419
513	0.32322	28.1505
514	0.319656	27.0495
515	0.342438	30.3622
516	0.319032	28.0099
517	0.339593	30.9726
518	0.346755	31.2992
519	0.340257	30.7562
520	0.329563	28.3387
521	0.320045	26.8777
522	0.343287	31.3885
523	0.336441	30.1705
524	0.344223	31.6676
525	0.318966	26.7893
526	0.333112	30.2738
527	0.333115	28.8389
528	0.313773	25.6972
529	0.33258	29.2968
530	0.32898	29.6551
531	0.307218	24.7606
532	0.334622	29.5606
533	0.339853	31.1733
534	0.323257	28.7808
535	0.322839	27.4861
536	0.333307	30.7124
537	0.343841	31.4927
538	0.312365	26.3097
539	0.315437	26.664
540	0.341048	30.0959
541	0.334363	30.0468
542	0.336697	31.5743
543	0.330343	28.7243
544	0.311708	26.8017
545	0.331626	29.3809
546	0.338906	29.7098
547	0.329609	29.8759
548	0.33759	31.0438
549	0.328798	29.5073
550	0.327445	27.3255
551	0.332752	29.0529
552	0.326524	27.9668
553	0.317884	26.4844
554	0.332722	28.6199
555	0.327118	29.2907
556	0.340605	31.3405
557	0.307821	26.7082
558	0.336795	30.2787
559	0.330549	29.6581
560	0.338062	31.1243
561	0.324674	30.4201
562	0.326856	29.0234
563	0.316658	26.6745
564	0.340246	29.0801
565	0.347336	32.4766
566	0.336783	28.6042
567	0.323475	27.3934
568	0.350011	31.2484
569	0.329332	29.094
570	0.326984	29.322
571	0.333509	29.1282
572	0.330945	30.7092
573	0.333475	30.1182
574	0.338886	31.4657
575	0.327567	28.4322
576	0.335126	29.8302
577	0.306982	25.2084
578	0.316352	26.5052
579	0.330071	27.6742
580	0.350225	33.2149
581	0.328047	29.097
582	0.33668	29.1647
583	0.330747	28.9596
584	0.354017	33.8233
585	0.333126	29.0848
586	0.329671	29.9951
587	0.321201	27.0216
588	0.344935	32.6134
589	0.339039	29.7704
590	0.326252	29.8579
591	0.324771	27.5216
592	0.310558	24.9847
593	0.360505	34.8742
594	0.331085	29.5548
595	0.322192	27.9403
596	0.322002	29.1583
597	0.326036	28.2732
598	0.333959	30.1631
599	0.333048	29.6399
600	0.329148	29.5857
601	0.337203	30.6358
602	0.333329	28.874
603	0.319029	28.1942
604	0.31445	26.1007
605	0.328352	30.012
606	0.324234	29.6662
607	0.342074	31.9063
608	0.342521	31.4847
609	0.325344	28.1141
610	0.309302	25.0603
611	0.344011	31.4365
612	0.336103	30.5637
613	0.339614	30.762
614	0.320124	29.0388
615	0.319385	26.9911
616	0.331609	30.4706
617	0.337347	30.1584
618	0.334197	30.4348
619	0.341626	30.4319
620	0.354371	33.6453
621	0.343706	31.9302
622	0.347999	31.7864
623	0.31797	28.2081
624	0.33233	29.9532
625	0.327189	28.703
626	0.309229	26.0321
627	0.339356	30.5037
628	0.334488	30.6197
629	0.336945	30.6393
630	0.321141	28.1002
631	0.329586	29.0387
632	0.317643	26.9492
633	0.337917	30.2045
634	0.350893	34.0864
635	0.328865	29.0337
636	0.326459	27.9537
637	0.31536	25.8011
638	0.336872	30.5976
639	0.318224	28.0747
640	0.336155	29.6081
641	0.332328	31.1159
642	0.32042	28.4673
643	0.330186	28.9893
644	0.341604	31.5147
645	0.33054	29.6064
646	0.324904	27.1063
647	0.333414	30.5585
648	0.336366	29.478
649	0.320009	26.8852
650	0.339083	29.557
651	0.316121	26.8511
652	0.31713	26.48
653	0.321268	27.2337
654	0.32388	27.6174
655	0.314719	26.1344
656	0.315606	26.6667
657	0.323096	27.2521
658	0.318183	27.0592
659	0.349791	33.4363
660	0.339155	32.2771
661	0.334467	29.5225
662	0.349099	32.7839
663	0.327191	28.3086
664	0.332854	30.0001
665	0.331073	29.9102
666	0.333685	30.3172
667	0.334901	31.6014
668	0.341805	30.795
669	0.321923	26.8856
670	0.324909	28.421
671	0.327995	28.2248
672	0.320412	26.5943
673	0.334322	29.9873
674	0.338509	29.3742
675	0.325686	27.3134
676	0.32571	27.397
677	0.335583	29.669
678	0.351484	33.8031
679	0.327286	29.363
680	0.326846	27.919
681	0.329089	27.8167
682	0.33093	30.1939
683	0.327448	27.9915
684	0.340367	30.5742
685	0.331247	29.2376
686	0.339028	30.6108
687	0.328092	27.5573
688	0.340201	31.3544
689	0.328424	28.8182
690	0.320379	26.2114
691	0.332876	30.6729
692	0.33606	29.3524
693	0.34123	30.8712
694	0.316722	28.2727
695	0.330943	29.5057
696	0.33203	29.1108
697	0.315422	26.2038
698	0.326899	29.5598
699	0.337776	30.9031
700	0.319276	27.7935
701	0.337506	29.8325
702	0.320286	27.1467
703	0.323676	28.0215
704	0.316442	27.2747
705	0.31675	28.0314
706	0.343029	31.3709
707	0.327401	28.2761
708	0.313673	25.6639
709	0.321159	27.5272
710	0.326715	29.6862
711	0.32424	27.4835
712	0.314937	26.5674
713	0.315306	25.7302
714	0.344923	30.9768
715	0.317989	27.534
716	0.336882	30.4021
717	0.323163	27.5865
718	0.331161	28.3712
719	0.327723	29.1308
720	0.312638	26.2875
721	0.331278	30.2657
722	0.308052	24.8253
723	0.339362	32.426
724	0.334986	29.6993
725	0.334424	30.3317
726	0.345997	30.1584
727	0.328965	29.4237
728	0.356163	33.8417
729	0.315699	26.5051
730	0.337492	31.5644
731	0.320826	26.1287
732	0.3333	29.7419
733	0.324436	28.4236
734	0.327746	29.8837
735	0.351731	33.479
736	0.339253	31.4094
737	0.341001	30.1541
738	0.336936	29.9723
739	0.325553	29.5967
740	0.324675	27.7307
741	0.319578	26.9042
742	0.3322	30.3707
743	0.311657	25.1845
744	0.336346	31.2139
745	0.327871	28.0982
746	0.347021	31.8971
747	0.320465	27.2776
748	0.336737	30.1428
749	0.315139	26.1283
750	0.328274	28.7013
751	0.323515	27.4355
752	0.33287	28.2323
753	0.342112	30.9084
754	0.334836	28.1643
755	0.317523	27.4163
756	0.324244	28.1119
757	0.347185	32.1536
758	0.324886	27.8152
759	0.335522	31.9349
760	0.32591	27.2942
761	0.340352	31.8524
762	0.326785	28.6955
763	0.340652	32.1768
764	0.338509	31.0096
765	0.318219	26.9464
766	0.336249	28.8867
767	0.314514	26.5891
768	0.301998	24.5985
769	0.341387	31.5423
770	0.330194	28.9909
771	0.320852	28.6877
772	0.333473	29.7459
773	0.296017	24.105
774	0.347941	31.6539
775	0.349847	34.0832
776	0.342016	32.0519
777	0.351284	33.6137
778	0.32776	27.8664
779	0.344363	31.9683
780	0.32063	28.6181
781	0.342589	30.3583
782	0.320093	27.2516
783	0.32818	28.0699
784	0.296453	22.9692
785	0.32212	26.4753
786	0.322418	27.9277
787	0.330292	28.7104
788	0.328141	29.473
789	0.320872	27.5341
790	0.349142	33.0096
791	0.339048	30.7187
792	0.3351	29.7026
793	0.326874	29.6982
794	0.345198	32.6732
795	0.333072	30.4652
796	0.341004	32.6393
797	0.327425	30.3879
798	0.324937	29.6465
799	0.338601	30.9897
800	0.293282	23.1473
801	0.342262	30.7829
802	0.333987	30.059
803	0.337888	29.9314
804	0.334246	28.997
805	0.313924	25.9162
806	0.335319	30.4138
807	0.338208	29.7505
808	0.328946	29.3805
809	0.31343	25.8782
810	0.340514	30.4796
811	0.326569	26.8022
812	0.338109	30.7292
813	0.335053	29.5536
814	0.328	28.7648
815	0.323335	28.2211
816	0.319714	28.4265
817	0.320327	26.8207
818	0.315246	27.0589
819	0.348562	31.6308
820	0.330565	30.6081
821	0.326089	28.8644
822	0.328056	29.353
823	0.337355	30.1995
824	0.34078	30.7888
825	0.320838	27.5675
826	0.315315	27.0654
827	0.333486	30.0796
828	0.349692	30.9283
829	0.33822	30.2105
830	0.330952	29.4046
831	0.32278	27.4877
832	0.317913	28.2111
833	0.312068	26.0267
834	0.330149	29.3653
835	0.323836	27.922
836	0.335605	29.6284
837	0.348586	33.0051
838	0.348776	32.4366
839	0.32221	28.3936
840	0.320681	27.7796
841	0.327985	28.7232
842	0.333457	30.7438
843	0.32592	28.5247
844	0.351195	32.8342
845	0.327062	28.2423
846	0.342399	30.8174
847	0.33649	30.4303
848	0.332934	30.0904
849	0.319612	26.2826
850	0.327456	27.9342
851	0.31099	26.5857
852	0.322444	27.8371
853	0.320061	28.8029
854	0.340635	32.192
855	0.327046	28.0399
856	0.320795	25.9134
857	0.34356	31.8393
858	0.345723	30.665
859	0.336408	30.485
860	0.335998	29.2626
861	0.330037	29.6064
862	0.334995	30.0433
863	0.331349	30.3315
864	0.32753	29.5389
865	0.344674	31.0213
866	0.323176	28.2787
867	0.331511	28.8495
868	0.340296	31.3739
869	0.327081	28.1286
870	0.324441	28.7529
871	0.325353	27.5152
872	0.336734	30.6144
873	0.337668	31.68
874	0.333835	29.6507
875	0.337586	30.3558
876	0.333539	30.1808
877	0.339216	31.9271
878	0.326113	27.8231
879	0.325708	26.3438
880	0.342319	31.9003
881	0.31999	27.6601
882	0.317428	26.1795
883	0.327705	29.3979
884	0.331156	28.6923
885	0.335516	29.0062
886	0.322257	26.5563
887	0.34405	31.9603
888	0.328588	28.4859
889	0.342037	31.0577
890	0.317235	26.0375
891	0.340127	30.9364
892	0.341942	32.8619
893	0.333967	29.6742
894	0.33197	29.8359
895	0.341722	31.0131
896	0.318071	27.0119
897	0.324146	29.2238
898	0.342835	29.5683
899	0.334606	30.5444
900	0.33899	30.9699
901	0.320249	28.3844
902	0.344356	32.8479
903	0.327556	28.983
904	0.314294	26.6565
905	0.351754	33.3479
906	0.336678	30.0646
907	0.332996	30.1589
908	0.333107	31.561
909	0.317463	27.4655
910	0.322145	28.5779
911	0.33759	29.5797
912	0.323888	27.3388
913	0.345367	32.1981
914	0.330633	29.8353
915	0.309116	25.0314
916	0.338736	30.2131
917	0.337249	29.436
918	0.338643	31.4794
919	0.319064	26.9841
920	0.334231	30.3795
921	0.328497	29.4886
922	0.325002	26.9585
923	0.325728	29.6588
924	0.315016	26.8313
925	0.324656	27.8349
926	0.324485	27.5375
927	0.318671	27.7058
928	0.326366	29.1625
929	0.321767	28.4483
930	0.33647	29.849
931	0.340484	31.5224
932	0.313481	25.6738
933	0.326667	28.8686
934	0.312927	27.9078
935	0.355675	32.9608
936	0.317677	26.8458
937	0.343269	31.9222
938	0.32463	29.1163
939	0.328091	29.8999
940	0.324327	27.974
941	0.324375	28.7872
942	0.326255	28.5952
943	0.327224	29.5172
944	0.319391	26.4461
945	0.331828	28.7413
946	0.334468	28.3972
947	0.32839	28.9435
948	0.337596	31.1743
949	0.341083	31.3007
950	0.319818	28.0509
951	0.304793	24.4557
952	0.337587	30.1987
953	0.31874	27.0216
954	0.324988	28.0475
955	0.339726	31.9899
956	0.328155	29.0325
957	0.311348	25.1861
958	0.314493	27.6674
959	0.332561	29.9188
960	0.348714	32.1084
961	0.333387	28.9873
962	0.340279	31.2528
963	0.332241	30.1587
964	0.31292	28.0185
965	0.332036	30.1529
966	0.340284	30.7699
967	0.328505	28.8528
968	0.33692	30.624
969	0.329961	29.54
970	0.322514	28.0041
971	0.329559	28.6349
972	0.320211	28.0014
973	0.330114	29.3096
974	0.316633	28.1708
975	0.33386	27.6459
976	0.331522	28.3246
977	0.324168	28.7168
978	0.317087	27.0041
979	0.330722	29.6438
980	0.314863	26.9306
981	0.330051	29.8094
982	0.344285	31.8365
983	0.316718	27.7015
984	0.317369	26.4557
985	0.318552	28.1728
986	0.334537	30.6484
987	0.328178	28.2864
988	0.339371	31.9163
989	0.338862	29.0403
990	0.326068	27.9048
991	0.334363	29.8597
992	0.344019	32.8222
993	0.332568	28.2805
994	0.334932	29.1862
995	0.328966	29.608
996	0.324081	28.274
997	0.323574	28.2156
998	0.315532	25.4857
999	0.344683	32.4183
