0	0.328348	28.9004
1	0.300652	24.4217
2	0.330031	30.584
3	0.318644	26.7299
4	0.346674	32.4365
5	0.354235	34.4183
6	0.334807	31.196
7	0.328072	28.5339
8	0.313526	25.2402
9	0.315972	26.4355
10	0.326942	29.0381
11	0.338681	31.1365
12	0.333144	29.0269
13	0.319818	27.7222
14	0.315878	26.8764
15	0.320759	27.1725
16	0.326943	28.7903
17	0.323241	29.6046
18	0.338354	28.693
19	0.321413	27.647
20	0.33916	30.509
21	0.321175	27.7449
22	0.331839	30.3218
23	0.319122	27.9494
24	0.307563	25.5629
25	0.337564	30.2166
26	0.33941	30.944
27	0.316023	25.9741
28	0.330645	29.1335
29	0.325426	28.085
30	0.325975	28.9342
31	0.321098	27.8915
32	0.319636	26.3403
33	0.316805	27.4258
34	0.331298	28.8313
35	0.327505	28.9268
36	0.324362	28.1882
37	0.355212	34.4728
38	0.321243	27.8922
39	0.310424	25.7077
40	0.337669	30.7734
41	0.327652	29.5253
42	0.331151	30.1315
43	0.339146	31.4389
44	0.323865	27.1973
45	0.338435	30.0126
46	0.33225	29.2437
47	0.310199	24.8981
48	0.310939	24.4402
49	0.341589	31.6976
50	0.321535	27.4275
51	0.340323	31.8729
52	0.338084	30.9122
53	0.336567	31.1818
54	0.338063	31.7289
55	0.306086	24.6411
56	0.333495	28.5774
57	0.333495	31.0106
58	0.344316	33.0271
59	0.320731	27.8412
60	0.329279	28.7103
61	0.341704	30.9163
62	0.324155	27.2495
63	0.334061	29.1926
64	0.325335	27.9941
65	0.319673	28.7724
66	0.335554	30.6761
67	0.333815	29.0088
68	0.316685	27.7763
69	0.335972	30.4315
70	0.330517	27.9209
71	0.334079	29.9772
72	0.327436	29.8598
73	0.333464	30.5313
74	0.322817	26.7392
75	0.342948	30.8376
76	0.343118	32.3723
77	0.321291	26.7496
78	0.346415	32.5569
79	0.312199	26.4186
80	0.304375	24.8612
81	0.30944	26.3114
82	0.305201	25.366
83	0.312304	26.0378
84	0.32541	27.6874
85	0.319391	28.3836
86	0.315372	25.9578
87	0.305524	24.5853
88	0.349236	33.6916
89	0.328049	28.2114
90	0.336906	31.1241
91	0.322866	27.4427
92	0.32971	28.3767
93	0.3385	30.0579
94	0.311261	24.6366
95	0.346499	33.5448
96	0.333132	31.3232
97	0.330309	29.2282
98	0.33722	31.2163
99	0.326345	29.0725
100	0.313393	27.6886
101	0.337666	30.6332
102	0.32488	28.0684
103	0.317078	26.2596
104	0.322397	28.1878
105	0.321626	27.943
106	0.336927	31.1883
107	0.32695	27.3929
108	0.329879	29.8135
109	0.321848	26.4963
110	0.318889	27.0717
111	0.330691	28.6505
112	0.310512	25.5524
113	0.313368	25.0439
114	0.3378	31.1143
115	0.340472	29.6877
116	0.335463	30.252
117	0.316502	25.6847
118	0.340903	30.4073
119	0.332629	29.7804
120	0.338012	30.3858
121	0.344138	31.8957
122	0.324812	27.9011
123	0.331218	30.341
124	0.318988	25.8494
125	0.34594	31.1509
126	0.311654	26.7613
127	0.33345	30.1261
128	0.32418	27.4869
129	0.324985	27.3199
130	0.319207	26.8499
131	0.306965	25.6757
132	0.331725	29.9136
133	0.322505	28.4663
134	0.34359	31.6389
135	0.330612	29.151
136	0.320284	28.045
137	0.325619	27.1621
138	0.327847	28.6619
139	0.333331	31.6643
140	0.314959	28.7908
141	0.330843	28.5333
142	0.332708	28.782
143	0.324295	27.8954
144	0.326181	28.8633
145	0.316956	26.9211
146	0.32179	28.2713
147	0.319687	27.3935
148	0.326959	29.0879
149	0.346453	31.6277
150	0.324238	27.3663
151	0.33121	30.1483
152	0.328144	28.7968
153	0.324127	28.0769
154	0.310857	26.2152
155	0.320666	27.2464
156	0.33645	32.1454
157	0.309507	24.4881
158	0.330708	29.5382
159	0.338967	30.5153
160	0.322594	27.8778
161	0.330311	28.9525
162	0.32791	29.755
163	0.329531	30.5411
164	0.329223	30.2659
165	0.315927	27.1081
166	0.332865	29.6164
167	0.323233	28.7445
168	0.330864	29.3305
169	0.340858	31.8137
170	0.313634	25.9008
171	0.307562	26.1466
172	0.318298	28.7875
173	0.333765	29.2678
174	0.330375	29.5304
175	0.33775	30.3477
176	0.349984	33.3699
177	0.336083	30.8085
178	0.328767	28.7592
179	0.326523	29.5495
180	0.3248	28.6237
181	0.319025	27.9198
182	0.322509	28.125
183	0.32502	28.3689
184	0.330375	30.8399
185	0.317898	27.6117
186	0.3252	28.418
187	0.32447	28.0604
188	0.315082	24.0829
189	0.30933	25.1448
190	0.332994	29.4534
191	0.325607	28.9436
192	0.320859	27.2709
193	0.317013	27.69
194	0.347715	32.6207
195	0.332002	29.1666
196	0.336177	30.1263
197	0.3254	27.9276
198	0.327959	28.1185
199	0.324438	29.5188
200	0.320844	27.0938
201	0.329908	28.2354
202	0.3249	28.1383
203	0.323222	28.6661
204	0.329815	28.9894
205	0.334235	29.2615
206	0.333193	28.9006
207	0.326426	28.3643
208	0.323109	27.6215
209	0.333522	29.6679
210	0.322456	27.8035
211	0.323151	28.2155
212	0.334522	28.8233
213	0.328098	29.2549
214	0.310826	24.3796
215	0.329346	29.451
216	0.340663	31.0792
217	0.330226	29.0198
218	0.333437	28.6943
219	0.344131	31.5139
220	0.320686	27.0342
221	0.319372	27.3472
222	0.321736	29.1989
223	0.328676	28.2448
224	0.319029	26.7186
225	0.320895	27.9781
226	0.323273	28.038
227	0.332861	28.8464
228	0.341463	31.3733
229	0.323895	28.3617
230	0.32335	28.1178
231	0.324485	28.5445
232	0.344248	33.9677
233	0.332785	29.6894
234	0.332918	29.5696
235	0.335329	28.7685
236	0.324573	27.9511
237	0.327873	29.6452
238	0.329235	29.4847
239	0.330287	29.614
240	0.326508	27.989
241	0.331804	30.9431
242	0.346963	32.0541
243	0.337895	29.8335
244	0.316699	28.0707
245	0.33028	29.1162
246	0.331612	28.599
247	0.340741	31.6136
248	0.341413	31.0987
249	0.322775	27.2562
250	0.3146	26.3613
251	0.333732	29.7424
252	0.332563	29.3372
253	0.319771	27.4764
254	0.335639	29.1585
255	0.338941	32.7064
256	0.325415	27.5226
257	0.337072	30.7658
258	0.354745	32.8116
259	0.334948	31.4662
260	0.326338	27.8781
261	0.317763	25.3544
262	0.322663	27.7968
263	0.327688	28.0796
264	0.333947	30.2105
265	0.310829	25.7606
266	0.331673	29.2704
267	0.321441	26.8838
268	0.335929	30.5278
269	0.335705	31.8972
270	0.330519	30.0083
271	0.324608	27.4146
272	0.323212	28.8368
273	0.343504	31.4305
274	0.3257	28.9922
275	0.315297	26.0787
276	0.344153	31.362
277	0.313169	24.1286
278	0.321104	27.519
279	0.334776	28.6826
280	0.309559	25.6847
281	0.328186	28.5719
282	0.316744	26.3141
283	0.328859	28.4286
284	0.317677	27.2083
285	0.320251	26.4762
286	0.335266	30.8417
287	0.322305	28.0047
288	0.337272	31.4265
289	0.337863	30.5676
290	0.330492	29.5192
291	0.338682	30.6427
292	0.329917	29.2289
293	0.321952	28.7608
294	0.307558	25.7934
295	0.329026	29.6383
296	0.347374	31.4637
297	0.334051	30.6497
298	0.359357	34.4406
299	0.343986	31.2209
300	0.325488	28.5564
301	0.341259	32.6573
302	0.317206	26.6529
303	0.336036	31.8374
304	0.333806	31.077
305	0.329988	29.1413
306	0.341336	31.1554
307	0.319913	27.4897
308	0.318071	27.0106
309	0.339773	30.3665
310	0.322009	26.9943
311	0.310058	25.3929
312	0.325165	28.5829
313	0.342928	30.7531
314	0.32649	28.7489
315	0.31361	27.5862
316	0.340768	30.8248
317	0.321921	27.8478
318	0.311272	24.4617
319	0.330833	30.3889
320	0.305879	24.6044
321	0.315164	27.7375
322	0.323696	27.8397
323	0.335186	30.7263
324	0.316672	26.1677
325	0.311074	25.6772
326	0.327299	28.0236
327	0.326484	29.8961
328	0.313233	27.1538
329	0.33554	28.5137
330	0.325206	28.3191
331	0.31851	26.6764
332	0.329458	27.5184
333	0.328425	28.2591
334	0.329005	30.0273
335	0.337877	30.9518
336	0.327629	29.1946
337	0.323108	26.6167
338	0.330643	29.0585
339	0.321517	27.9741
340	0.323192	27.4813
341	0.335824	31.8559
342	0.330314	31.2845
343	0.347269	32.9071
344	0.31979	27.5524
345	0.329317	28.8975
346	0.325996	29.4794
347	0.321705	28.7025
348	0.346418	31.3473
349	0.341428	30.6715
350	0.325256	28.7847
351	0.328925	28.3236
352	0.329846	28.5673
353	0.33545	29.1453
354	0.339313	29.4864
355	0.339468	29.6434
356	0.329368	28.1079
357	0.332883	30.1849
358	0.327628	28.484
359	0.329306	27.8111
360	0.33862	31.5036
361	0.326465	29.0185
362	0.331426	29.9129
363	0.330482	29.5006
364	0.34615	30.4439
365	0.32322	29.2399
366	0.332509	29.8644
367	0.335572	30.7242
368	0.319931	26.7934
369	0.319274	27.0465
370	0.314192	26.5997
371	0.330133	28.8898
372	0.327445	28.9789
373	0.334842	29.6867
374	0.33208	27.9098
375	0.331469	30.4815
376	0.319714	28.971
377	0.311784	26.0211
378	0.322302	27.4991
379	0.329869	27.8883
380	0.335424	31.0971
381	0.311814	26.4883
382	0.329223	28.0744
383	0.33831	30.8634
384	0.317483	27.7798
385	0.340313	30.7783
386	0.334435	29.9946
387	0.332268	30.1934
388	0.323777	27.5558
389	0.305029	25.1074
390	0.336499	30.0033
391	0.322062	26.7846
392	0.335344	30.8767
393	0.330335	29.7758
394	0.3314	29.2195
395	0.331713	29.0328
396	0.321837	28.0594
397	0.331383	28.6161
398	0.332438	28.9079
399	0.33677	29.3498
400	0.297424	23.8143
401	0.324366	29.8319
402	0.327924	30.0012
403	0.316492	25.9229
404	0.340344	30.8513
405	0.329569	27.785
406	0.33008	29.0822
407	0.33112	29.4796
408	0.347316	32.8069
409	0.335822	29.9962
410	0.323125	27.8223
411	0.32759	28.9702
412	0.33843	31.0485
413	0.33758	30.6546
414	0.348773	33.3439
415	0.321244	27.2579
416	0.321525	27.1073
417	0.3301	29.2505
418	0.325675	29.6825
419	0.323879	28.6405
420	0.326191	27.2423
421	0.315106	25.9585
422	0.316006	26.5138
423	0.329071	29.2187
424	0.340534	30.7363
425	0.330577	30.5516
426	0.328339	28.8158
427	0.313035	26.1068
428	0.3238	29.3892
429	0.332902	31.1881
430	0.324354	28.6274
431	0.331341	29.2064
432	0.327594	28.063
433	0.328962	29.3822
434	0.325341	29.1428
435	0.333574	30.7119
436	0.335708	28.986
437	0.346012	32.3227
438	0.348403	32.6109
439	0.337336	29.4263
440	0.32327	26.8324
441	0.318031	28.1181
442	0.326763	29.7365
443	0.351769	34.0365
444	0.32257	30.119
445	0.336142	30.3929
446	0.339966	29.5178
447	0.321772	26.8878
448	0.324933	27.1727
449	0.344002	31.515
450	0.316963	26.7738
451	0.325784	27.5522
452	0.324736	28.2541
453	0.336708	30.5912
454	0.324143	28.7121
455	0.315967	25.5793
456	0.31114	26.633
457	0.34375	31.6692
458	0.323957	28.2891
459	0.324985	27.3868
460	0.32432	28.3089
461	0.335044	29.4757
462	0.327289	27.9866
463	0.327706	29.8289
464	0.304805	26.3712
465	0.345669	32.7911
466	0.333936	29.4279
467	0.316301	28.4973
468	0.340723	31.1897
469	0.327788	28.0817
470	0.333729	29.6731
471	0.315733	26.0043
472	0.309835	25.8268
473	0.326124	28.7609
474	0.32758	29.1423
475	0.333775	30.4097
476	0.334415	30.0195
477	0.31807	27.5968
478	0.340471	31.2069
479	0.337363	30.9468
480	0.312268	26.6852
481	0.337112	29.6191
482	0.321306	27.012
483	0.33392	30.0578
484	0.347126	33.4759
485	0.322785	28.3839
486	0.331576	30.036
487	0.305843	25.5278
488	0.321514	27.1906
489	0.345023	32.6671
490	0.304328	24.6395
491	0.328217	29.5531
492	0.33428	28.0958
493	0.320039	28.3532
494	0.340716	30.4731
495	0.344386	31.7604
496	0.319344	27.6856
497	0.323019	28.8022
498	0.322383	26.7933
499	0.316191	26.0057
500	0.32429	27.5897
501	0.330965	28.358
502	0.331445	30.7213
503	0.325384	29.0969
504	0.322124	29.5616
505	0.336198	30.7434
506	0.322252	26.7983
507	0.335079	30.0035
508	0.33407	29.3264
509	0.307001	24.0367
510	0.340616	30.0727
511	0.324306	29.0372
512	0.33581	30.1315
513	0.32378	29.2446
514	0.312318	24.646
515	0.330257	28.5766
516	0.324485	28.1152
517	0.321183	26.9197
518	0.347853	32.5995
519	0.317167	25.5161
520	0.343833	30.9498
521	0.329755	30.2652
522	0.319302	27.9232
523	0.328107	28.8852
524	0.326871	29.2665
525	0.321946	29.0635
526	0.331171	29.2559
527	0.320882	28.6759
528	0.348379	31.5575
529	0.331733	28.9016
530	0.346415	32.367
531	0.332863	29.3072
532	0.324848	27.2692
533	0.34744	32.949
534	0.332807	30.2023
535	0.333972	29.8517
536	0.32249	27.4913
537	0.311359	25.9037
538	0.33988	29.4343
539	0.330048	29.1748
540	0.323063	28.1207
541	0.325842	27.0393
542	0.327606	29.0294
543	0.345073	31.6358
544	0.32762	27.7497
545	0.325976	28.2286
546	0.328134	27.863
547	0.315166	26.9258
548	0.33649	30.2982
549	0.343072	31.1398
550	0.359978	35.5632
551	0.327423	28.3202
552	0.339169	31.2987
553	0.343227	31.7226
554	0.331068	28.2615
555	0.345084	32.568
556	0.336057	30.9558
557	0.321894	28.5677
558	0.325687	28.5734
559	0.341395	32.6219
560	0.333194	31.087
561	0.330978	28.8809
562	0.338962	31.0424
563	0.337846	30.6556
564	0.322105	27.928
565	0.332613	30.7871
566	0.346199	31.6005
567	0.338652	30.6839
568	0.340291	31.7038
569	0.322633	27.4367
570	0.341401	30.925
571	0.314379	27.3342
572	0.325412	28.0525
573	0.316113	28.028
574	0.34212	31.4395
575	0.332055	29.9297
576	0.315421	25.6661
577	0.322248	26.8321
578	0.34128	30.6974
579	0.322755	28.4515
580	0.322104	27.5958
581	0.337908	30.892
582	0.340504	31.4924
583	0.317131	28.0312
584	0.341482	32.7251
585	0.319016	28.8585
586	0.328431	29.1374
587	0.333324	30.9244
588	0.316357	27.4646
589	0.33865	31.8124
590	0.341343	31.458
591	0.329303	28.3792
592	0.322451	28.7946
593	0.327567	29.3264
594	0.347046	33.0522
595	0.322731	26.9744
596	0.329085	27.0635
597	0.318518	26.8584
598	0.309396	26.8873
599	0.313302	26.6744
600	0.317413	27.6434
601	0.323448	27.7205
602	0.330475	28.5727
603	0.338111	30.9898
604	0.342341	31.3666
605	0.325876	28.0978
606	0.32276	28.4484
607	0.316261	28.2829
608	0.324095	28.5527
609	0.337607	31.1297
610	0.338598	29.976
611	0.334671	28.8256
612	0.335965	30.1975
613	0.313825	25.8968
614	0.330942	28.7481
615	0.313448	26.839
616	0.317727	26.0067
617	0.33364	29.3823
618	0.333081	30.5996
619	0.339767	30.7889
620	0.320839	28.6444
621	0.338831	31.4786
622	0.330165	29.2791
623	0.331794	30.0011
624	0.345321	30.7013
625	0.330785	29.0421
626	0.313871	26.8483
627	0.31831	26.4272
628	0.338857	31.1505
629	0.343231	31.2738
630	0.308419	24.6458
631	0.319422	27.353
632	0.32902	29.006
633	0.320849	26.5495
634	0.324454	28.6311
635	0.32788	28.7047
636	0.34109	30.2653
637	0.330456	29.4548
638	0.34961	32.9891
639	0.331222	29.1762
640	0.313288	25.3386
641	0.330867	29.8632
642	0.321451	27.1433
643	0.321309	27.6497
644	0.327916	27.9562
645	0.336686	28.9598
646	0.325932	26.9296
647	0.330546	29.949
648	0.327401	28.5465
649	0.336101	29.863
650	0.307455	25.4328
651	0.346114	32.417
652	0.330379	29.644
653	0.321843	29.0839
654	0.334247	30.1517
655	0.333319	29.8868
656	0.312905	25.114
657	0.32065	28.1139
658	0.335821	30.5687
659	0.333508	30.1377
660	0.31629	27.0781
661	0.332735	29.8505
662	0.324131	26.6032
663	0.334606	31.0665
664	0.327313	28.839
665	0.323653	28.2171
666	0.317081	27.0067
667	0.339276	30.1887
668	0.32881	28.1078
669	0.326821	30.4044
670	0.334648	30.216
671	0.341794	31.8113
672	0.329901	29.4293
673	0.340131	30.8743
674	0.338127	29.714
675	0.336467	31.0946
676	0.330719	30.0995
677	0.327329	26.9865
678	0.314402	25.3145
679	0.334847	29.3776
680	0.313107	26.7221
681	0.333402	28.9579
682	0.348474	31.8784
683	0.332138	29.2254
684	0.326784	28.8191
685	0.317576	27.5639
686	0.315152	26.3924
687	0.327509	28.6509
688	0.324277	28.7794
689	0.324674	27.3565
690	0.319935	27.2356
691	0.309969	25.6949
692	0.321681	27.1607
693	0.332544	29.0809
694	0.328065	29.2231
695	0.320154	28.2274
696	0.329205	27.9774
697	0.329774	28.548
698	0.33418	29.8568
699	0.330572	29.5851
700	0.324258	27.6055
701	0.336261	29.6609
702	0.328813	28.5599
703	0.318791	27.0097
704	0.330799	28.8568
705	0.332632	31.0794
706	0.343436	30.4187
707	0.330566	29.7742
708	0.334539	29.5042
709	0.328275	29.9628
710	0.319327	27.3714
711	0.322197	26.9021
712	0.31875	26.941
713	0.331626	30.8445
714	0.331281	29.5522
715	0.333211	28.9597
716	0.306038	25.1153
717	0.339277	29.5633
718	0.32853	27.9741
719	0.324486	29.4737
720	0.323617	29.5888
721	0.338414	31.1391
722	0.334309	30.1652
723	0.334285	28.6625
724	0.337531	31.0534
725	0.328433	30.0927
726	0.342031	31.3702
727	0.332816	30.9738
728	0.326882	29.4164
729	0.336826	29.3027
730	0.328197	29.8958
731	0.322818	27.2009
732	0.32624	27.1882
733	0.334064	29.8685
734	0.339616	31.8486
735	0.327303	28.7199
736	0.3344	29.3437
737	0.323298	27.4052
738	0.337212	30.0079
739	0.319384	27.4765
740	0.345384	32.8706
741	0.344086	31.0829
742	0.315418	26.6197
743	0.347585	32.6746
744	0.323659	28.3203
745	0.339456	30.6269
746	0.320932	26.9223
747	0.330165	28.5047
748	0.318234	27.0024
749	0.332205	28.8741
750	0.339859	31.4333
751	0.32009	27.706
752	0.324049	27.4241
753	0.327206	29.032
754	0.32291	27.1271
755	0.345002	32.1426
756	0.327394	28.4214
757	0.327489	28.6923
758	0.320261	27.8903
759	0.321949	27.9465
760	0.324387	28.3753
761	0.324801	29.5746
762	0.341858	31.1049
763	0.327028	29.7784
764	0.320344	28.2104
765	0.336074	29.9327
766	0.324389	29.6691
767	0.318853	26.9547
768	0.325495	29.3037
769	0.33948	30.0173
770	0.324746	28.7266
771	0.321425	28.546
772	0.333936	28.5446
773	0.349968	33.5515
774	0.327035	29.3121
775	0.347115	31.4016
776	0.343997	31.8087
777	0.334331	30.1119
778	0.328402	30.2935
779	0.326112	28.1634
780	0.316171	28.6675
781	0.319142	27.0652
782	0.325423	28.4926
783	0.335856	30.4945
784	0.326645	28.0309
785	0.321658	27.4294
786	0.330017	28.0559
787	0.340816	32.4093
788	0.326475	28.2086
789	0.328247	29.4825
790	0.336219	31.2433
791	0.329086	29.4367
792	0.315741	28.2691
793	0.338539	31.4819
794	0.316601	28.1311
795	0.330075	28.6779
796	0.310962	27.0142
797	0.327178	28.2539
798	0.33577	30.1709
799	0.342318	31.4025
800	0.343263	30.7901
801	0.330041	26.7819
802	0.325336	28.5307
803	0.341503	31.5055
804	0.346727	31.5
805	0.3119	25.4538
806	0.329915	29.7138
807	0.329242	28.8887
808	0.318701	27.7463
809	0.316453	26.2472
810	0.330121	28.3354
811	0.331218	28.7437
812	0.331926	29.3976
813	0.312256	25.8247
814	0.326417	27.8927
815	0.331372	29.5331
816	0.325257	28.3849
817	0.309482	25.0078
818	0.341657	31.368
819	0.312816	27.2032
820	0.340325	31.4739
821	0.334289	29.5093
822	0.33128	28.6436
823	0.340709	31.6298
824	0.339603	31.383
825	0.325844	28.3292
826	0.330248	30.0969
827	0.341396	31.7968
828	0.320741	27.7321
829	0.32953	28.0973
830	0.341178	31.1189
831	0.325924	28.5805
832	0.345353	31.4051
833	0.321253	27.364
834	0.322665	27.3716
835	0.330245	29.1656
836	0.324277	27.1226
837	0.337182	32.2821
838	0.336917	31.1612
839	0.319084	27.5016
840	0.329836	28.5833
841	0.306467	25.3645
842	0.328311	28.8348
843	0.332482	29.3014
844	0.331675	28.345
845	0.354318	34.9696
846	0.317687	27.3366
847	0.327385	29.7157
848	0.326649	28.3154
849	0.316373	26.331
850	0.30246	24.7523
851	0.343459	32.0057
852	0.325465	27.6406
853	0.334064	31.0811
854	0.322926	27.4818
855	0.332557	29.3518
856	0.330763	29.4785
857	0.330543	28.3444
858	0.30717	24.7184
859	0.315676	27.3421
860	0.333781	29.7315
861	0.292379	23.2657
862	0.328775	30.2316
863	0.318849	26.1427
864	0.314908	26.13
865	0.31814	26.069
866	0.324608	28.1094
867	0.336855	30.4233
868	0.328418	27.9947
869	0.351496	32.9886
870	0.319333	26.7813
871	0.330991	28.9455
872	0.303122	26.6206
873	0.319712	29.0623
874	0.329979	29.5696
875	0.342595	30.4869
876	0.331101	29.4955
877	0.346466	32.2469
878	0.310582	25.2024
879	0.318146	27.7109
880	0.338839	30.6256
881	0.303256	24.4206
882	0.315938	26.6033
883	0.331081	28.6069
884	0.337948	31.9321
885	0.336741	31.09
886	0.309173	25.4595
887	0.30607	25.8303
888	0.330052	29.8422
889	0.325278	29.1298
890	0.321033	28.1151
891	0.312017	26.2969
892	0.313653	27.4055
893	0.326307	28.4724
894	0.323654	28.6873
895	0.327357	29.7962
896	0.328206	28.4028
897	0.331898	29.1601
898	0.314169	25.7122
899	0.348029	31.9986
900	0.329248	30.0259
901	0.303321	24.2108
902	0.321871	27.4797
903	0.340565	31.2727
904	0.31345	26.7014
905	0.325544	29.9187
906	0.326514	28.3157
907	0.337325	31.1198
908	0.315316	25.975
909	0.320665	26.4865
910	0.341118	31.8104
911	0.32313	27.8742
912	0.335144	28.2146
913	0.329553	28.9118
914	0.338238	29.4901
915	0.319351	27.9603
916	0.333464	30.0831
917	0.315835	27.7523
918	0.31989	27.4364
919	0.334299	29.2927
920	0.319343	28.4679
921	0.33943	30.1812
922	0.318958	27.3195
923	0.331759	28.2047
924	0.318366	27.6389
925	0.332316	28.5861
926	0.322507	28.031
927	0.329144	29.7031
928	0.345138	31.6634
929	0.31662	27.4197
930	0.323285	28.9292
931	0.322537	28.6613
932	0.328763	29.0051
933	0.341245	31.3613
934	0.34599	31.7655
935	0.333114	30.2608
936	0.319771	27.2593
937	0.333975	28.6719
938	0.336389	29.4799
939	0.336286	30.474
940	0.32117	27.3901
941	0.323185	28.2377
942	0.33	28.9409
943	0.333172	28.7613
944	0.336066	30.6457
945	0.317169	26.2729
946	0.336382	30.6355
947	0.314589	25.9143
948	0.320083	25.9295
949	0.337865	31.7616
950	0.31444	26.8647
951	0.327344	27.7813
952	0.33558	30.4297
953	0.336113	29.7466
954	0.332191	28.9385
955	0.335231	31.2081
956	0.328756	29.6231
957	0.317877	27.0104
958	0.325884	28.0153
959	0.330804	28.4402
960	0.338544	29.9109
961	0.311884	25.7907
962	0.316671	27.4956
963	0.329956	30.1371
964	0.314595	25.7486
965	0.341345	31.392
966	0.310615	25.1444
967	0.332982	28.8588
968	0.339189	31.1168
969	0.334252	29.4785
970	0.30891	24.4652
971	0.33345	28.4428
972	0.323846	26.9459
973	0.317434	26.467
974	0.327434	28.1501
975	0.337392	29.873
976	0.335049	30.2244
977	0.325439	27.9352
978	0.327908	28.3677
979	0.323657	28.7364
980	0.325021	27.2816
981	0.311906	26.8294
982	0.3259	26.5034
983	0.302569	25.3618
984	0.326521	27.4022
985	0.342311	29.5533
986	0.326836	29.0044
987	0.319095	27.3204
988	0.331846	28.8911
989	0.337343	29.2449
990	0.334867	30.8801
991	0.335135	30.0864
992	0.317362	27.683
993	0.331823	29.6779
994	0.335095	30.9485
995	0.321462	28.0883
996	0.330793	28.8204
997	0.337035	31.3727
998	0.341625	30.0132
999	0.336454	29.9623
