0	0.394861	-750.673
1	0.487763	-1123.04
2	0.472727	-1056.33
3	0.488034	-1150.61
4	0.700285	-2306.11
5	0.846578	-3352.03
6	0.888906	-3742.77
7	0.905474	-3876.4
8	0.853753	-3449.63
9	0.919178	-3977.52
10	0.897754	-3802.2
11	0.898983	-3811.43
12	0.892545	-3739.23
13	0.908828	-3908.19
14	0.867252	-3551.94
15	0.895467	-3790.99
16	0.899852	-3834.56
17	0.834422	-3351.46
18	0.86378	-3515.95
19	0.858053	-3458.81
20	0.857005	-3519.69
21	0.900749	-3808.43
22	0.905847	-3910.89
23	0.913014	-3947.26
24	0.908259	-3907.23
25	0.890815	-3751.28
26	0.916889	-3960.1
27	0.905863	-3880.54
28	0.90208	-3847.94
29	0.90295	-3864.46
30	0.897388	-3818.65
31	0.890828	-3760.92
32	0.899507	-3830.86
33	0.888426	-3748.85
34	0.878979	-3645.64
35	0.903447	-3854.45
36	0.809475	-3106.09
37	0.883081	-3680.19
38	0.887996	-3726.89
39	0.877026	-3634.9
40	0.912333	-3946.02
41	0.906922	-3887.81
42	0.906439	-3885.97
43	0.899374	-3817.78
44	0.903695	-3866.79
45	0.891246	-3763.4
46	0.903207	-3877.19
47	0.895487	-3760.93
48	0.900546	-3810.56
49	0.875266	-3615.82
50	0.900221	-3817.69
51	0.90465	-3869.41
52	0.89635	-3771.82
53	0.910651	-3908.58
54	0.911115	-3955.64
55	0.889287	-3740.62
56	0.905839	-3886.92
57	0.91108	-3903.1
58	0.900161	-3850.19
59	0.895816	-3771.21
60	0.884362	-3709.99
61	0.902516	-3849.88
62	0.919643	-3986.33
63	0.894604	-3793.76
64	0.909296	-3933.22
65	0.896639	-3791.43
66	0.909144	-3869.01
67	0.897574	-3807.76
68	0.895315	-3794.39
69	0.892022	-3777.06
70	0.893308	-3782.18
71	0.873805	-3640.36
72	0.903525	-3847.89
73	0.888605	-3734.24
74	0.84316	-3391.23
75	0.856234	-3484.57
76	0.898943	-3811.49
77	0.878187	-3675.93
78	0.883329	-3667.58
79	0.889242	-3778.69
80	0.897424	-3807.65
81	0.883338	-3665.86
82	0.884048	-3663.99
83	0.864512	-3572.14
84	0.884745	-3697.38
85	0.882645	-3684.9
86	0.866229	-3535.4
87	0.794198	-2977.32
88	0.859613	-3488.43
89	0.909947	-3912.94
90	0.91583	-3972.22
91	0.900732	-3846.9
92	0.880542	-3644.5
93	0.918292	-3975.61
94	0.884752	-3730
95	0.918303	-3985.22
96	0.906808	-3863.27
97	0.89915	-3835.02
98	0.897855	-3822.86
99	0.910906	-3929.96
100	0.903022	-3856.64
101	0.896028	-3819.13
102	0.895485	-3830.72
103	0.909205	-3909.08
104	0.89069	-3720.33
105	0.897527	-3814.05
106	0.908007	-3888.12
107	0.879785	-3647.34
108	0.891131	-3724.72
109	0.876008	-3640.2
110	0.900951	-3821.83
111	0.882367	-3674.93
112	0.88838	-3747.82
113	0.91509	-3958.55
114	0.892258	-3776.84
115	0.909338	-3898.58
116	0.884212	-3722.52
117	0.905088	-3879.15
118	0.834323	-3274.11
119	0.877178	-3616.59
120	0.8947	-3809.55
121	0.881326	-3681.45
122	0.873385	-3580.81
123	0.892001	-3757.15
124	0.886338	-3711.52
125	0.875905	-3616.01
126	0.827796	-3216.7
127	0.817482	-3119.75
128	0.883499	-3680.69
129	0.877531	-3650.73
130	0.900838	-3840.55
131	0.908217	-3877.96
132	0.903177	-3836.89
133	0.89866	-3829.39
134	0.880406	-3648.26
135	0.888398	-3716.79
136	0.84453	-3414.22
137	0.859087	-3479.19
138	0.88006	-3689.76
139	0.906661	-3889.52
140	0.922589	-4015.32
141	0.897401	-3792.53
142	0.894212	-3795.26
143	0.883481	-3690.54
144	0.88106	-3672.35
145	0.906716	-3876.79
146	0.900286	-3820.07
147	0.8924	-3776.92
148	0.889354	-3748.12
149	0.862828	-3506.09
150	0.891986	-3775.71
151	0.893853	-3790.44
152	0.862094	-3485.35
153	0.886086	-3727.21
154	0.894241	-3771.48
155	0.891519	-3760.59
156	0.892625	-3790.47
157	0.885429	-3694.7
158	0.912379	-3926.27
159	0.89345	-3741.46
160	0.898679	-3847.02
161	0.893291	-3739.2
162	0.914854	-3961.55
163	0.907888	-3906.23
164	0.907107	-3897.34
165	0.907093	-3919.17
166	0.896987	-3798.19
167	0.888701	-3758.28
168	0.8845	-3700.78
169	0.878852	-3658.12
170	0.903353	-3848.2
171	0.895298	-3815.52
172	0.8964	-3800.96
173	0.861687	-3509.6
174	0.915536	-3958.76
175	0.907154	-3868.07
176	0.89779	-3845.65
177	0.850966	-3373.36
178	0.828457	-3257.62
179	0.818627	-3232.65
180	0.769124	-2798.88
181	0.790973	-2993.15
182	0.829082	-3242.83
183	0.840426	-3318.39
184	0.850508	-3407.45
185	0.901563	-3853.83
186	0.894693	-3780.18
187	0.9056	-3876.34
188	0.907616	-3888.84
189	0.892256	-3757.6
190	0.90354	-3869.27
191	0.894555	-3777.19
192	0.892039	-3748.05
193	0.805174	-3071.2
194	0.732895	-2555
195	0.73105	-2551.56
196	0.862714	-3524.31
197	0.851935	-3425.7
198	0.861651	-3493.97
199	0.883371	-3657.48
200	0.895187	-3774.81
201	0.891204	-3746.98
202	0.907815	-3921.56
203	0.912867	-3932.59
204	0.877904	-3654.97
205	0.846342	-3388.99
206	0.883553	-3683.25
207	0.900217	-3884.11
208	0.912418	-3930.51
209	0.890357	-3767.24
210	0.873095	-3548.28
211	0.858293	-3512.63
212	0.852139	-3452.1
213	0.890262	-3738.03
214	0.870395	-3576.98
215	0.804899	-3065.04
216	0.800079	-3051.62
217	0.841403	-3356.48
218	0.879292	-3655.52
219	0.889701	-3745.23
220	0.917923	-3983.06
221	0.86438	-3534.44
222	0.877336	-3626.85
223	0.864957	-3581.36
224	0.907576	-3901.44
225	0.90563	-3864.02
226	0.897814	-3808.49
227	0.891895	-3766.99
228	0.910105	-3894.03
229	0.855843	-3486.3
230	0.713997	-2400.32
231	0.845661	-3391.35
232	0.869767	-3610.93
233	0.882216	-3678.54
234	0.898967	-3811.79
235	0.904821	-3898.46
236	0.874996	-3641.73
237	0.863563	-3489.77
238	0.887558	-3707.04
239	0.881028	-3662.58
240	0.902166	-3871.59
241	0.863396	-3529.2
242	0.897093	-3803.86
243	0.892837	-3759.18
244	0.918275	-3983.04
245	0.901218	-3842.82
246	0.893224	-3759.5
247	0.885626	-3728.53
248	0.888027	-3728.27
249	0.85281	-3444.1
250	0.890019	-3790.36
251	0.889136	-3735.43
252	0.901424	-3856.5
253	0.893492	-3783.84
254	0.892132	-3756.16
255	0.899315	-3823.68
256	0.89526	-3772.61
257	0.901225	-3818.98
258	0.91207	-3943.87
259	0.89149	-3759.28
260	0.89569	-3765.81
261	0.867621	-3524.83
262	0.883842	-3643.28
263	0.881255	-3642.41
264	0.826467	-3239.76
265	0.847329	-3390.22
266	0.882613	-3694.44
267	0.867604	-3565.82
268	0.887727	-3750.08
269	0.872197	-3559.24
270	0.882633	-3704.02
271	0.899574	-3828.94
272	0.894738	-3719.78
273	0.909434	-3915.58
274	0.900669	-3827.7
275	0.88645	-3733.74
276	0.881213	-3690.62
277	0.90964	-3924.98
278	0.902153	-3849.56
279	0.894473	-3779.76
280	0.887851	-3707
281	0.878692	-3653.15
282	0.882587	-3709.89
283	0.880354	-3677.52
284	0.842207	-3387.2
285	0.772913	-2821.55
286	0.819544	-3191.24
287	0.882122	-3690.83
288	0.897664	-3854.69
289	0.892562	-3728.5
290	0.902649	-3854.5
291	0.870755	-3628.51
292	0.876063	-3645.92
293	0.889477	-3718.15
294	0.919028	-4016.77
295	0.906919	-3893.94
296	0.880966	-3650.37
297	0.925988	-4068.72
298	0.854116	-3458.1
299	0.865463	-3549.53
300	0.898189	-3827.33
301	0.897802	-3829.33
302	0.868042	-3571.99
303	0.910508	-3934.1
304	0.906863	-3882.52
305	0.915732	-3953.91
306	0.892704	-3768.57
307	0.899592	-3815.49
308	0.886198	-3727.2
309	0.90907	-3928.44
310	0.883481	-3678.62
311	0.877309	-3674.76
312	0.869015	-3574.31
313	0.889796	-3778.56
314	0.903362	-3860.84
315	0.896486	-3789.29
316	0.894371	-3762.13
317	0.876623	-3582.39
318	0.868226	-3555.36
319	0.892668	-3742.55
320	0.885991	-3689.12
321	0.891963	-3757.93
322	0.901592	-3854.21
323	0.90105	-3856.52
324	0.903472	-3858.09
325	0.874274	-3613.75
326	0.897663	-3790.78
327	0.908839	-3912.33
328	0.905294	-3896.33
329	0.900951	-3851.71
330	0.898913	-3831.23
331	0.88137	-3681.46
332	0.913664	-3933.44
333	0.884484	-3687.35
334	0.901919	-3836.76
335	0.892103	-3790.95
336	0.909916	-3904.25
337	0.906001	-3863.01
338	0.899822	-3838.89
339	0.886547	-3693.97
340	0.876108	-3608.76
341	0.898275	-3826.98
342	0.903321	-3883.91
343	0.880503	-3694.58
344	0.902939	-3869.05
345	0.908369	-3870.08
346	0.889649	-3731.32
347	0.89575	-3831.76
348	0.88787	-3771.75
349	0.897148	-3796.91
350	0.903237	-3852.79
351	0.884538	-3689.09
352	0.894212	-3796.3
353	0.894054	-3771.09
354	0.894535	-3796.58
355	0.891751	-3743.33
356	0.889958	-3752.48
357	0.904559	-3895.41
358	0.89692	-3791.73
359	0.894929	-3793.38
360	0.873396	-3623.02
361	0.891529	-3777
362	0.89837	-3832.3
363	0.890378	-3742.07
364	0.892411	-3779.97
365	0.886533	-3736.95
366	0.886984	-3698.27
367	0.902766	-3869.58
368	0.906163	-3859.13
369	0.886085	-3721.92
370	0.908105	-3893.32
371	0.866689	-3557.01
372	0.908034	-3910.84
373	0.902987	-3849.19
374	0.903796	-3864.35
375	0.893427	-3760.79
376	0.865695	-3524.54
377	0.88332	-3721.53
378	0.897951	-3803.73
379	0.901775	-3847.95
380	0.899749	-3839.04
381	0.896558	-3793.94
382	0.909047	-3950.03
383	0.860192	-3458.9
384	0.893178	-3778.6
385	0.873494	-3621.15
386	0.896684	-3814.69
387	0.911634	-3931.5
388	0.930258	-4107.77
389	0.905777	-3871.84
390	0.896668	-3799.28
391	0.898173	-3807.31
392	0.900325	-3813.46
393	0.889083	-3753.68
394	0.914647	-3947.57
395	0.888896	-3753.67
396	0.874139	-3587.94
397	0.8414	-3373.01
398	0.892353	-3754.85
399	0.900854	-3826.29
400	0.904339	-3867.13
401	0.910684	-3915.33
402	0.903785	-3842.8
403	0.909553	-3891.21
404	0.901109	-3870.16
405	0.892403	-3782.96
406	0.900626	-3840.33
407	0.828566	-3261.25
408	0.729376	-2516.15
409	0.827328	-3258.39
410	0.897731	-3793.43
411	0.901648	-3843.43
412	0.927852	-4078.01
413	0.888877	-3747.17
414	0.892713	-3755.95
415	0.894184	-3790.15
416	0.884624	-3665
417	0.871378	-3563.89
418	0.899808	-3829.34
419	0.89741	-3843.86
420	0.89958	-3855.69
421	0.907824	-3910.44
422	0.907498	-3889.88
423	0.894091	-3760.2
424	0.879531	-3644.72
425	0.893827	-3802.39
426	0.897917	-3803.36
427	0.907791	-3899.01
428	0.904251	-3884.55
429	0.848298	-3440.62
430	0.897808	-3812.26
431	0.882301	-3671.9
432	0.875137	-3595.48
433	0.902733	-3848.11
434	0.895578	-3774.41
435	0.894297	-3783.71
436	0.873861	-3631.77
437	0.890989	-3739.12
438	0.886862	-3704.35
439	0.911691	-3958.59
440	0.913026	-3947.16
441	0.912407	-3959.32
442	0.852555	-3442.95
443	0.881221	-3684.43
444	0.898593	-3807.83
445	0.899759	-3798.32
446	0.881011	-3673.84
447	0.909153	-3914.51
448	0.914409	-3937.63
449	0.896619	-3773.08
450	0.892641	-3774.34
451	0.856105	-3460.48
452	0.868586	-3593.41
453	0.889946	-3758.86
454	0.900682	-3875.94
455	0.906947	-3877.26
456	0.909861	-3937.2
457	0.910012	-3912.11
458	0.912261	-3940.94
459	0.889058	-3767.58
460	0.892878	-3772.75
461	0.895245	-3811.62
462	0.873642	-3581.57
463	0.870519	-3569.69
464	0.904267	-3866.14
465	0.881478	-3684.63
466	0.905078	-3892.44
467	0.899546	-3805.87
468	0.871244	-3609.65
469	0.865211	-3540.26
470	0.90161	-3863.94
471	0.8842	-3734.27
472	0.880526	-3649.66
473	0.901967	-3856.69
474	0.9173	-3994.21
475	0.888515	-3719.11
476	0.884855	-3690.52
477	0.868853	-3583.59
478	0.841971	-3366.23
479	0.899938	-3845.6
480	0.838634	-3338.28
481	0.800008	-3048.41
482	0.836188	-3307.82
483	0.807825	-3090.39
484	0.891127	-3774.14
485	0.877291	-3621.68
486	0.892004	-3778.52
487	0.871675	-3619.12
488	0.902947	-3861.98
489	0.90514	-3856.32
490	0.873889	-3604.74
491	0.899278	-3809.81
492	0.897289	-3813.56
493	0.881946	-3650.74
494	0.910663	-3938.09
495	0.918937	-3995.55
496	0.905478	-3865.9
497	0.880557	-3666.49
498	0.892711	-3762.7
499	0.819329	-3185.43
500	0.862633	-3486.73
501	0.888441	-3745.72
502	0.901599	-3856.03
503	0.879338	-3616.99
504	0.8944	-3762.27
505	0.892255	-3814.63
506	0.897165	-3806.61
507	0.903099	-3882.26
508	0.906274	-3872.12
509	0.897502	-3819.31
510	0.858076	-3505.83
511	0.869416	-3526.5
512	0.859761	-3517.29
513	0.859271	-3508.16
514	0.89873	-3820.55
515	0.886341	-3700.43
516	0.91026	-3923.85
517	0.916941	-3998.12
518	0.896077	-3801.81
519	0.900132	-3796.34
520	0.881181	-3682.71
521	0.896289	-3790.42
522	0.882876	-3668.26
523	0.873662	-3618.12
524	0.911405	-3947.28
525	0.873226	-3594.72
526	0.773664	-2899.23
527	0.87457	-3607.83
528	0.898244	-3806.06
529	0.898663	-3797.81
530	0.881102	-3702.5
531	0.891785	-3771.57
532	0.901618	-3824.91
533	0.880251	-3638.04
534	0.896176	-3800.5
535	0.828843	-3311.42
536	0.72091	-2468.9
537	0.87987	-3689.99
538	0.884111	-3701.31
539	0.881211	-3701.88
540	0.89645	-3800.28
541	0.892125	-3738.68
542	0.895957	-3794.38
543	0.912853	-3926.33
544	0.886857	-3745.18
545	0.87906	-3639.38
546	0.912464	-3951.43
547	0.899922	-3824.75
548	0.911894	-3970.75
549	0.91157	-3918.89
550	0.910626	-3911.11
551	0.898953	-3808.93
552	0.876932	-3653.42
553	0.903504	-3845.47
554	0.832129	-3284.63
555	0.915585	-3959.81
556	0.883619	-3707.58
557	0.851877	-3448.15
558	0.875791	-3647.61
559	0.888797	-3732.84
560	0.897667	-3809.79
561	0.883139	-3678.49
562	0.874614	-3638.45
563	0.892373	-3789.44
564	0.924339	-4031.62
565	0.896718	-3815.49
566	0.880031	-3620.57
567	0.902418	-3847.44
568	0.876938	-3613.74
569	0.894747	-3746.19
570	0.895457	-3796.48
571	0.894341	-3785.76
572	0.894045	-3780.09
573	0.911859	-3945.89
574	0.8952	-3786.95
575	0.907194	-3838.91
576	0.902309	-3851.58
577	0.896102	-3786.84
578	0.909174	-3911.78
579	0.892371	-3781.39
580	0.87711	-3642.51
581	0.895747	-3789.82
582	0.903778	-3839.65
583	0.906129	-3873.37
584	0.87672	-3636.24
585	0.88609	-3679.55
586	0.896358	-3808.79
587	0.858348	-3443.81
588	0.861991	-3519.43
589	0.910649	-3922.24
590	0.885592	-3706.41
591	0.879955	-3661.98
592	0.88564	-3733.23
593	0.891282	-3730.39
594	0.88517	-3731.1
595	0.889754	-3736.76
596	0.905209	-3849.07
597	0.909163	-3887.32
598	0.906295	-3903.35
599	0.816597	-3160.83
600	0.858464	-3462.48
601	0.859233	-3530.15
602	0.8697	-3606.85
603	0.905296	-3877.76
604	0.904812	-3869.91
605	0.906297	-3883.35
606	0.912795	-3928.6
607	0.880121	-3667.38
608	0.897753	-3817.28
609	0.8705	-3624.55
610	0.786668	-2905.02
611	0.908139	-3894.27
612	0.903871	-3847.24
613	0.916309	-3979.78
614	0.902644	-3861.63
615	0.882061	-3666.52
616	0.909317	-3886.76
617	0.887655	-3685.63
618	0.876336	-3655.81
619	0.880346	-3657.98
620	0.913852	-3959.25
621	0.888108	-3749.05
622	0.911824	-3924.31
623	0.903063	-3872.87
624	0.87199	-3546.92
625	0.906291	-3887.87
626	0.915637	-3948.65
627	0.891956	-3750.48
628	0.891835	-3774.75
629	0.889308	-3748.94
630	0.915097	-3969.59
631	0.920787	-3995.97
632	0.904347	-3875.97
633	0.900276	-3863.28
634	0.904221	-3865.25
635	0.906013	-3875.54
636	0.888165	-3709.71
637	0.901202	-3794.98
638	0.897392	-3796.42
639	0.886401	-3758.27
640	0.893461	-3789.32
641	0.889046	-3742.49
642	0.893315	-3765.16
643	0.895862	-3776.06
644	0.897523	-3796.16
645	0.908071	-3926.04
646	0.895899	-3791.82
647	0.883496	-3653.37
648	0.889747	-3744.68
649	0.867787	-3591.17
650	0.90654	-3875.28
651	0.90905	-3898.11
652	0.891641	-3729.7
653	0.901478	-3854.25
654	0.889032	-3716.75
655	0.905057	-3860.29
656	0.893229	-3772.09
657	0.906989	-3917.07
658	0.887794	-3730.31
659	0.897157	-3787.27
660	0.884214	-3657.57
661	0.873726	-3585.75
662	0.899286	-3822.22
663	0.901174	-3845.6
664	0.887082	-3672.54
665	0.882276	-3669.37
666	0.89	-3753.37
667	0.905909	-3871.3
668	0.915312	-3976.01
669	0.895589	-3810.95
670	0.89046	-3729.49
671	0.870625	-3543.59
672	0.86683	-3583.47
673	0.895611	-3813.39
674	0.900114	-3821.39
675	0.87963	-3634.01
676	0.866597	-3541.06
677	0.898166	-3798.46
678	0.895606	-3792.96
679	0.852162	-3423.9
680	0.851747	-3431.34
681	0.793946	-2982.62
682	0.806111	-3049.3
683	0.893719	-3802.11
684	0.885743	-3711.51
685	0.892798	-3762.76
686	0.907876	-3933.64
687	0.90713	-3869.15
688	0.889389	-3770.78
689	0.904613	-3863.34
690	0.906406	-3872.08
691	0.890397	-3770.48
692	0.903466	-3866.23
693	0.909409	-3927.8
694	0.894445	-3750.83
695	0.897973	-3859.2
696	0.885736	-3708.25
697	0.905726	-3859.72
698	0.873623	-3603.69
699	0.893125	-3765.66
700	0.913516	-3943.6
701	0.896965	-3755.91
702	0.906806	-3896.51
703	0.903897	-3864.01
704	0.892432	-3792.84
705	0.872718	-3578.07
706	0.853783	-3458.93
707	0.904589	-3872.52
708	0.893552	-3801.67
709	0.906626	-3869.97
710	0.88721	-3721.5
711	0.870974	-3599.81
712	0.887869	-3735.41
713	0.850845	-3404.84
714	0.91664	-3987.14
715	0.887439	-3752.45
716	0.890917	-3751.3
717	0.890333	-3754.29
718	0.882062	-3663.14
719	0.875877	-3624.41
720	0.864513	-3517.93
721	0.899601	-3822.93
722	0.90767	-3887.11
723	0.903409	-3838.14
724	0.917024	-3969.31
725	0.902404	-3794.45
726	0.91308	-3919.62
727	0.891722	-3743.44
728	0.90887	-3938.87
729	0.866091	-3546.94
730	0.864494	-3573.45
731	0.907373	-3910.89
732	0.906174	-3900.93
733	0.88837	-3729.18
734	0.858839	-3480.41
735	0.847921	-3397.6
736	0.876263	-3627.61
737	0.903938	-3883.98
738	0.900089	-3845.92
739	0.90774	-3891.21
740	0.885573	-3710.99
741	0.892352	-3778.18
742	0.895342	-3809.23
743	0.863464	-3475.23
744	0.692023	-2219.4
745	0.776765	-2867.44
746	0.864332	-3490.11
747	0.829689	-3260.13
748	0.846785	-3383.68
749	0.777828	-2822.46
750	0.870016	-3579.02
751	0.896183	-3803.44
752	0.891083	-3767.65
753	0.766725	-2735.25
754	0.884407	-3718.45
755	0.903519	-3856.88
756	0.90297	-3837.09
757	0.916027	-3977.79
758	0.887461	-3743.49
759	0.763985	-2823.38
760	0.757647	-2724.22
761	0.844543	-3344.11
762	0.853497	-3420.63
763	0.894225	-3795.22
764	0.897266	-3783.34
765	0.883084	-3669.65
766	0.897488	-3815.97
767	0.892727	-3780.39
768	0.878024	-3607.59
769	0.87702	-3665.75
770	0.911612	-3902
771	0.883319	-3682
772	0.873379	-3628.98
773	0.900413	-3814.88
774	0.878905	-3653.42
775	0.889803	-3743.79
776	0.895671	-3826.41
777	0.902167	-3848.73
778	0.893569	-3791.05
779	0.888871	-3687.77
780	0.899489	-3798.7
781	0.890503	-3734.82
782	0.887679	-3721.25
783	0.904537	-3857.59
784	0.867435	-3524.77
785	0.883727	-3713.23
786	0.867976	-3598.36
787	0.891749	-3794.62
788	0.895338	-3751.94
789	0.871009	-3588.55
790	0.891633	-3768.55
791	0.895472	-3772.88
792	0.898391	-3829.91
793	0.894091	-3767.18
794	0.886199	-3720.79
795	0.902396	-3842.38
796	0.909749	-3909.56
797	0.91608	-3983.22
798	0.897618	-3804.47
799	0.900266	-3838.58
800	0.882448	-3712.99
801	0.904767	-3843.25
802	0.903817	-3864.03
803	0.891159	-3762.97
804	0.898123	-3836.07
805	0.830854	-3318.82
806	0.882027	-3680.74
807	0.894104	-3770
808	0.892982	-3743.97
809	0.922491	-4013.81
810	0.887665	-3742.98
811	0.914157	-3938.83
812	0.898508	-3803.79
813	0.877552	-3657.35
814	0.892858	-3782.3
815	0.879998	-3649.11
816	0.914461	-3964.82
817	0.899926	-3829.4
818	0.901495	-3859.89
819	0.902753	-3848.1
820	0.880928	-3659.7
821	0.878208	-3671.52
822	0.894987	-3790.19
823	0.903847	-3845.77
824	0.907435	-3878.31
825	0.911988	-3922.09
826	0.907474	-3890.32
827	0.894661	-3754.71
828	0.900054	-3873.58
829	0.877879	-3605.8
830	0.882339	-3673.87
831	0.906976	-3882.59
832	0.892425	-3749.96
833	0.915494	-3950.31
834	0.888368	-3718.9
835	0.896547	-3788.36
836	0.86877	-3568.55
837	0.896506	-3843.64
838	0.895565	-3803.58
839	0.90824	-3875.63
840	0.906906	-3913.31
841	0.884135	-3691.42
842	0.904875	-3866.58
843	0.895417	-3775.52
844	0.895351	-3757.41
845	0.916996	-3977.44
846	0.900483	-3814.49
847	0.853675	-3498.06
848	0.740107	-2589.7
849	0.877798	-3661.62
850	0.879282	-3657.11
851	0.89321	-3797.09
852	0.900856	-3877.6
853	0.899523	-3873.24
854	0.885385	-3706.15
855	0.891977	-3784.39
856	0.896143	-3806.72
857	0.901489	-3846.87
858	0.796587	-3005.63
859	0.785635	-2905.78
860	0.866774	-3544.9
861	0.828637	-3276.27
862	0.886926	-3715
863	0.891147	-3750.57
864	0.88546	-3724.43
865	0.911666	-3949.03
866	0.916915	-3960.7
867	0.897344	-3818.2
868	0.892977	-3722.92
869	0.86697	-3530.59
870	0.900759	-3811.09
871	0.871562	-3586.33
872	0.901117	-3809.69
873	0.895015	-3813.48
874	0.862074	-3569.88
875	0.920693	-4030.45
876	0.907472	-3873.04
877	0.888047	-3729.83
878	0.903337	-3840.75
879	0.888155	-3742.69
880	0.876607	-3672.53
881	0.907185	-3896.35
882	0.904668	-3855.51
883	0.89444	-3760.65
884	0.830503	-3242.73
885	0.9176	-3978.46
886	0.883166	-3654.38
887	0.888662	-3750.09
888	0.897426	-3810.05
889	0.883862	-3691.81
890	0.751749	-2733.06
891	0.822538	-3232.55
892	0.892883	-3792.97
893	0.864622	-3525.31
894	0.895028	-3794.07
895	0.851	-3451.71
896	0.886581	-3727.79
897	0.906235	-3897.97
898	0.90083	-3812.95
899	0.901002	-3859.55
900	0.861637	-3503.54
901	0.876618	-3587.04
902	0.89271	-3744.64
903	0.908885	-3881.72
904	0.872885	-3635.07
905	0.899958	-3835.92
906	0.871441	-3603.77
907	0.868736	-3604.49
908	0.863316	-3495.59
909	0.861468	-3520.75
910	0.838448	-3353.17
911	0.848634	-3379.34
912	0.895408	-3811.62
913	0.897741	-3802.56
914	0.875808	-3652.67
915	0.896426	-3784.73
916	0.848961	-3388.97
917	0.902017	-3858.61
918	0.863664	-3539.52
919	0.852538	-3451.78
920	0.798475	-3032.31
921	0.838051	-3369.16
922	0.846831	-3356.88
923	0.863591	-3535.69
924	0.870504	-3562.38
925	0.890116	-3743.18
926	0.864558	-3553.69
927	0.877239	-3628.84
928	0.861122	-3507.28
929	0.910028	-3918.52
930	0.907281	-3882.28
931	0.852301	-3442.51
932	0.8686	-3570.21
933	0.880784	-3670.64
934	0.890544	-3733.51
935	0.890802	-3731.5
936	0.911633	-3950.67
937	0.910385	-3948.54
938	0.907968	-3885.28
939	0.900228	-3838.71
940	0.890178	-3757.66
941	0.898274	-3822.59
942	0.892315	-3768.31
943	0.907215	-3878.28
944	0.886122	-3705.21
945	0.882276	-3663.11
946	0.909085	-3923.49
947	0.905906	-3874.6
948	0.896274	-3794.42
949	0.900685	-3821.52
950	0.900056	-3836.58
951	0.879507	-3695.47
952	0.842732	-3313.84
953	0.884302	-3692.53
954	0.905855	-3901.92
955	0.908361	-3923.75
956	0.908224	-3886.92
957	0.895016	-3769.12
958	0.911024	-3930.9
959	0.882303	-3713.52
960	0.883373	-3674.83
961	0.852479	-3430.41
962	0.869743	-3563.72
963	0.897169	-3809.02
964	0.913545	-3934.65
965	0.897631	-3802.44
966	0.808209	-3042.12
967	0.853604	-3443.83
968	0.905588	-3876.18
969	0.894069	-3766.91
970	0.878897	-3702.86
971	0.867695	-3550.57
972	0.886196	-3721.16
973	0.8868	-3752.07
974	0.906436	-3918.22
975	0.903365	-3854.33
976	0.89797	-3824.58
977	0.868866	-3622.37
978	0.912162	-3925.75
979	0.885036	-3723.4
980	0.877836	-3663.28
981	0.896431	-3822.86
982	0.899828	-3842.71
983	0.894446	-3783.67
984	0.888406	-3725.39
985	0.913561	-3961.46
986	0.914001	-3944.01
987	0.890666	-3744.36
988	0.907061	-3901.7
989	0.888893	-3762.17
990	0.881011	-3672.34
991	0.870846	-3584.92
992	0.869342	-3587.68
993	0.883419	-3647.44
994	0.87118	-3597.24
995	0.909574	-3913.3
996	0.884175	-3742.08
997	0.902429	-3865.44
998	0.893369	-3786.91
999	0.8855	-3702.32
