0	0.334681	30.0383
1	0.334619	29.8884
2	0.304514	24.4399
3	0.33701	29.832
4	0.309637	26.891
5	0.325346	28.6878
6	0.330986	28.448
7	0.318095	26.483
8	0.352342	32.8527
9	0.318268	27.443
10	0.32042	28.425
11	0.332055	28.1959
12	0.341893	30.2067
13	0.324902	29.0456
14	0.323259	28.6592
15	0.339325	29.7957
16	0.336352	31.6248
17	0.339614	30.2933
18	0.337942	30.1246
19	0.345466	32.524
20	0.32871	29.5076
21	0.310612	26.2535
22	0.319217	26.192
23	0.337412	31.1796
24	0.314411	26.354
25	0.341356	32.5713
26	0.325495	29.6601
27	0.329534	29.771
28	0.301364	23.4973
29	0.331967	29.7066
30	0.33322	30.2975
31	0.340619	30.954
32	0.326733	28.1045
33	0.314314	27.1597
34	0.332908	29.8556
35	0.328996	28.2975
36	0.330396	28.2736
37	0.321505	28.4557
38	0.317265	26.5159
39	0.325684	28.5871
40	0.330936	29.9876
41	0.320921	28.2938
42	0.318585	28.3245
43	0.346964	33.7569
44	0.315965	27.0797
45	0.328262	27.6683
46	0.324514	27.8779
47	0.323823	27.6946
48	0.334248	29.1895
49	0.332551	28.286
50	0.32831	29.4616
51	0.344788	32.043
52	0.329106	28.6127
53	0.342223	31.9538
54	0.341893	31.9532
55	0.337872	30.4657
56	0.357748	34.7105
57	0.335498	30.1029
58	0.330768	28.0657
59	0.315547	25.8445
60	0.330784	28.4784
61	0.317218	26.0964
62	0.321749	28.3762
63	0.332057	28.7748
64	0.350507	35.1127
65	0.325028	28.4069
66	0.340733	31.5337
67	0.328643	28.6471
68	0.330521	29.2048
69	0.334668	29.8205
70	0.328171	28.6317
71	0.327022	28.1152
72	0.336714	31.1646
73	0.334961	29.5307
74	0.32176	28.4859
75	0.32357	28.5352
76	0.337194	30.4348
77	0.336964	28.0186
78	0.324705	28.1694
79	0.32769	29.0544
80	0.324402	29.1155
81	0.341409	30.0162
82	0.324736	27.874
83	0.345799	33.2023
84	0.329687	28.1474
85	0.326952	28.4398
86	0.337005	30.2912
87	0.334176	30.7692
88	0.328012	27.2819
89	0.325526	27.5014
90	0.33596	32.5421
91	0.34212	33.788
92	0.332634	29.9667
93	0.321617	28.8079
94	0.346556	32.4324
95	0.335438	28.3426
96	0.345097	31.9511
97	0.34655	32.0673
98	0.319393	26.8251
99	0.328826	29.7018
100	0.322329	27.8456
101	0.326613	28.1048
102	0.343549	31.1314
103	0.328334	28.6929
104	0.330137	29.6479
105	0.323167	27.6158
106	0.331538	29.0627
107	0.324382	28.592
108	0.319489	27.3455
109	0.318955	28.8091
110	0.325368	29.1837
111	0.330905	28.2275
112	0.344004	31.5409
113	0.333125	29.259
114	0.331912	29.0695
115	0.331233	29.0258
116	0.320449	27.4797
117	0.32601	28.2482
118	0.329423	28.3771
119	0.3247	27.9425
120	0.347927	32.788
121	0.329544	28.0236
122	0.317894	27.2476
123	0.328316	29.4364
124	0.325189	27.3532
125	0.329009	29.8234
126	0.352922	34.4968
127	0.34409	32.3274
128	0.345488	34.1224
129	0.342674	29.8397
130	0.325536	28.4446
131	0.327173	28.1872
132	0.323125	27.8085
133	0.330327	28.5092
134	0.338096	30.3947
135	0.326012	27.4384
136	0.338478	31.8612
137	0.368092	37.6152
138	0.34823	33.09
139	0.308123	24.4609
140	0.318913	29.2265
141	0.30721	25.0261
142	0.320971	27.6649
143	0.322772	27.1752
144	0.331107	29.3048
145	0.327409	28.6847
146	0.32746	27.7173
147	0.31495	26.2363
148	0.330758	29.2219
149	0.325565	27.257
150	0.31916	27.4795
151	0.339782	31.2952
152	0.314494	24.1839
153	0.3496	33.6028
154	0.328169	29.2848
155	0.327274	27.3674
156	0.32621	26.7289
157	0.364843	36.2819
158	0.321419	26.1478
159	0.324446	28.6484
160	0.310989	26.1062
161	0.322282	27.1166
162	0.335274	28.3989
163	0.334819	30.7244
164	0.335162	29.3321
165	0.341699	31.5775
166	0.346823	31.9255
167	0.330355	29.1449
168	0.30768	26.8395
169	0.330009	28.7694
170	0.328688	28.7994
171	0.325602	27.2416
172	0.315337	27.0543
173	0.326353	28.007
174	0.33592	29.3918
175	0.340306	30.7683
176	0.326745	28.5219
177	0.330862	29.1583
178	0.313928	25.1857
179	0.313819	25.4291
180	0.332464	30.1002
181	0.322491	27.2724
182	0.333384	30.47
183	0.334385	30.4063
184	0.31618	25.7174
185	0.322302	26.8526
186	0.317445	27.4201
187	0.327744	30.81
188	0.340842	30.9687
189	0.327299	28.5667
190	0.34238	32.5271
191	0.327107	27.3639
192	0.320852	28.4444
193	0.337118	31.3583
194	0.326029	27.5377
195	0.326929	29.2838
196	0.337704	30.684
197	0.320711	27.4982
198	0.323582	28.3527
199	0.331452	28.7541
200	0.340403	31.1204
201	0.322712	26.9582
202	0.329312	27.627
203	0.324131	28.0421
204	0.343514	31.1857
205	0.337092	30.9303
206	0.335907	30.2777
207	0.331433	28.3972
208	0.336933	30.5901
209	0.335352	28.9719
210	0.335852	31.1984
211	0.305672	25.4141
212	0.330441	28.6149
213	0.327875	29.9812
214	0.332265	29.5713
215	0.353064	34.7255
216	0.343125	30.2336
217	0.329584	30.9929
218	0.3381	31.0879
219	0.332156	29.7826
220	0.338646	30.9306
221	0.318547	27.3062
222	0.329202	29.516
223	0.33934	30.0417
224	0.338144	31.7389
225	0.323638	27.1928
226	0.323857	27.4787
227	0.323162	27.5308
228	0.32967	28.9899
229	0.329775	28.7601
230	0.332984	29.3841
231	0.323643	27.067
232	0.326456	27.9408
233	0.333906	30.2322
234	0.321889	26.0161
235	0.322566	28.2184
236	0.318787	28.2512
237	0.333398	29.0369
238	0.327017	27.8886
239	0.343949	31.4392
240	0.319402	26.3757
241	0.341438	31.1585
242	0.338724	30.8122
243	0.330908	29.7396
244	0.332541	28.9193
245	0.345339	32.7225
246	0.330233	30.2998
247	0.351463	32.7023
248	0.326074	27.5075
249	0.327231	28.6098
250	0.329641	30.1096
251	0.323478	27.037
252	0.330536	29.8572
253	0.326033	28.1588
254	0.341949	29.4943
255	0.316127	26.583
256	0.319883	27.2492
257	0.348683	33.0943
258	0.338066	30.0366
259	0.347204	31.9931
260	0.3198	28.1319
261	0.327621	29.1427
262	0.30961	26.7542
263	0.349276	32.8984
264	0.339076	30.5994
265	0.321485	26.4757
266	0.333386	30.8616
267	0.314538	26.3119
268	0.323565	28.1921
269	0.327593	28.3446
270	0.331543	29.8865
271	0.335951	29.5033
272	0.338134	31.7648
273	0.330678	29.6971
274	0.334633	30.2587
275	0.336795	30.5043
276	0.327271	30.6605
277	0.339575	31.6917
278	0.332285	28.7362
279	0.339565	30.7956
280	0.308382	25.1438
281	0.316709	24.619
282	0.324894	28.2147
283	0.334263	30.6764
284	0.33476	29.8836
285	0.330169	28.2398
286	0.334262	29.8812
287	0.312301	26.7956
288	0.324216	28.1746
289	0.335489	30.1912
290	0.324385	27.8656
291	0.320715	29.281
292	0.331211	27.7346
293	0.347403	32.3436
294	0.32524	28.0674
295	0.325166	29.1124
296	0.327502	28.3492
297	0.307368	25.9146
298	0.347302	31.893
299	0.328434	28.0395
300	0.326926	29.7022
301	0.340571	31.243
302	0.335371	31.9581
303	0.33148	29.7531
304	0.315015	27.6495
305	0.314435	26.8214
306	0.310457	26.1444
307	0.330961	28.3294
308	0.335315	30.5232
309	0.328764	27.8481
310	0.348176	33.9761
311	0.330218	31.0201
312	0.329669	30.5194
313	0.308313	25.1731
314	0.328225	28.4293
315	0.339173	30.6959
316	0.311651	27.0549
317	0.348454	33.8443
318	0.341891	30.501
319	0.321132	26.9527
320	0.331649	29.4251
321	0.318053	26.4157
322	0.326661	27.9771
323	0.3223	27.0248
324	0.313638	27.7129
325	0.325212	27.564
326	0.326712	29.1119
327	0.338854	30.4613
328	0.330602	29.9757
329	0.347391	32.3527
330	0.347018	32.9045
331	0.320249	26.7483
332	0.336775	31.0171
333	0.330788	30.1335
334	0.310717	24.7354
335	0.330909	29.5849
336	0.324315	28.2891
337	0.325882	28.9633
338	0.329456	28.1747
339	0.326321	27.9808
340	0.322061	27.3641
341	0.320696	26.1455
342	0.357504	34.665
343	0.329585	29.8755
344	0.338997	31.8662
345	0.325429	29.7707
346	0.334916	30.2559
347	0.336291	29.3226
348	0.340581	31.5516
349	0.333796	30.6802
350	0.313614	26.302
351	0.319193	27.5762
352	0.337413	31.0238
353	0.320593	28.9106
354	0.328105	28.0312
355	0.317557	28.0653
356	0.347848	32.8874
357	0.324894	28.1266
358	0.330183	29.327
359	0.331863	31.0588
360	0.313928	27.563
361	0.330627	31.0655
362	0.325286	28.9812
363	0.334103	29.9179
364	0.33584	31.6026
365	0.339344	30.1589
366	0.325853	28.2966
367	0.33197	30.584
368	0.323791	27.6133
369	0.319147	27.9119
370	0.321188	27.2296
371	0.336854	30.9004
372	0.315456	28.2335
373	0.334004	30.0677
374	0.315644	26.9496
375	0.337435	30.7279
376	0.339003	31.2143
377	0.316683	27.3884
378	0.330461	29.1951
379	0.313857	25.8824
380	0.330444	30.3628
381	0.323067	27.427
382	0.337314	30.7644
383	0.325589	28.8994
384	0.340632	30.7286
385	0.347961	31.4578
386	0.318764	28.9893
387	0.323229	27.5195
388	0.321954	27.3926
389	0.319749	26.7487
390	0.337579	29.9624
391	0.315621	27.6539
392	0.33681	30.8877
393	0.328287	28.9605
394	0.328705	28.5091
395	0.32025	26.9118
396	0.329651	28.3689
397	0.323073	27.5807
398	0.332723	29.479
399	0.333142	29.5414
400	0.337088	30.4166
401	0.318038	27.3244
402	0.339768	31.3723
403	0.331351	29.2963
404	0.326582	29.357
405	0.326894	29.4172
406	0.339033	31.8025
407	0.323119	26.9101
408	0.336131	30.4596
409	0.316353	27.1703
410	0.325634	29.1877
411	0.319683	27.7265
412	0.348241	31.7507
413	0.33052	29.2491
414	0.333537	29.1269
415	0.316867	27.1524
416	0.320103	27.9338
417	0.334481	30.8014
418	0.328556	29.2008
419	0.343168	30.5967
420	0.327134	29.1181
421	0.340087	29.9455
422	0.330293	29.382
423	0.317526	25.6381
424	0.33475	29.7605
425	0.338614	30.2494
426	0.350881	32.5497
427	0.337532	31.1756
428	0.332226	29.4438
429	0.326235	27.4804
430	0.319035	27.3725
431	0.340647	31.9763
432	0.330037	29.3272
433	0.318711	26.8802
434	0.327303	27.2978
435	0.328547	28.718
436	0.327581	29.5649
437	0.335921	28.8484
438	0.324185	29.0707
439	0.336522	30.2369
440	0.309888	25.5279
441	0.3377	29.8671
442	0.324797	28.3816
443	0.334281	30.1167
444	0.338596	30.333
445	0.300196	23.7115
446	0.354333	32.8319
447	0.320675	27.9466
448	0.31511	25.9145
449	0.340136	30.4925
450	0.337594	30.2208
451	0.335258	30.3167
452	0.340165	31.3833
453	0.324096	30.4262
454	0.337026	29.9824
455	0.334923	29.1541
456	0.362832	35.564
457	0.312316	26.1287
458	0.324946	28.5175
459	0.331309	29.8071
460	0.322567	28.3462
461	0.331658	27.8341
462	0.337965	29.5545
463	0.338133	30.5573
464	0.328943	29.015
465	0.324812	28.8567
466	0.324108	28.9966
467	0.318678	27.2875
468	0.31808	26.6448
469	0.3398	30.8825
470	0.347184	32.9267
471	0.324194	26.481
472	0.32624	28.5355
473	0.315948	26.3092
474	0.313586	27.0734
475	0.333216	30.8047
476	0.322103	27.1794
477	0.318554	27.7158
478	0.325753	28.1829
479	0.333259	29.4163
480	0.342178	32.5757
481	0.320651	28.6246
482	0.336764	29.6616
483	0.33581	30.1558
484	0.336743	29.2933
485	0.335376	29.7856
486	0.330753	30.2682
487	0.31907	27.4205
488	0.328791	28.4647
489	0.325875	28.3067
490	0.331543	29.6198
491	0.328206	28.106
492	0.344958	31.0653
493	0.33779	30.5138
494	0.32404	28.1282
495	0.327731	29.6097
496	0.306874	24.0921
497	0.353079	33.008
498	0.326399	28.0811
499	0.336273	29.4954
500	0.329196	28.3645
501	0.333005	28.4116
502	0.334827	29.8167
503	0.330867	29.1396
504	0.341053	30.8545
505	0.335563	30.3003
506	0.330452	30.5926
507	0.325691	28.5568
508	0.319724	27.5414
509	0.333343	29.1941
510	0.336944	30.0658
511	0.314451	26.7472
512	0.334031	30.0829
513	0.3285	29.0215
514	0.338	30.6686
515	0.325399	28.5622
516	0.329674	29.1149
517	0.325896	28.572
518	0.320468	26.5532
519	0.331207	29.1702
520	0.340245	30.8474
521	0.335103	29.3974
522	0.340958	30.719
523	0.321761	27.4039
524	0.321994	26.2182
525	0.329227	28.363
526	0.326152	27.6387
527	0.326778	30.0306
528	0.340251	29.3186
529	0.326806	27.9603
530	0.330723	29.349
531	0.341757	30.284
532	0.352156	33.2466
533	0.324796	29.018
534	0.317435	26.937
535	0.311259	26.6504
536	0.31763	26.4529
537	0.343636	32.4294
538	0.336778	28.7344
539	0.340201	31.0099
540	0.346111	33.8391
541	0.336595	30.3199
542	0.328988	28.6263
543	0.322899	28.868
544	0.331854	29.2977
545	0.338377	30.4915
546	0.330881	30.25
547	0.31349	26.7075
548	0.323742	26.7529
549	0.32479	28.8033
550	0.313005	25.7727
551	0.32026	26.648
552	0.310811	26.2583
553	0.344088	32.6114
554	0.306267	24.376
555	0.336903	30.2191
556	0.339072	31.4151
557	0.321608	28.5545
558	0.342374	31.5424
559	0.320054	27.8177
560	0.342584	31.7377
561	0.334656	29.7444
562	0.329276	27.4213
563	0.345847	32.469
564	0.313142	26.5586
565	0.332597	28.6522
566	0.322552	26.7642
567	0.330979	29.6363
568	0.309832	25.4219
569	0.320374	26.5741
570	0.341691	31.1885
571	0.329893	28.1065
572	0.35775	34.0794
573	0.331347	29.7322
574	0.33143	28.5351
575	0.34261	31.127
576	0.322218	27.3162
577	0.310502	26.4617
578	0.327424	28.8071
579	0.327177	29.8618
580	0.313668	26.5962
581	0.330531	29.07
582	0.336549	31.1139
583	0.3366	31.202
584	0.325305	28.2216
585	0.315732	25.723
586	0.319019	27.9635
587	0.337695	31.0547
588	0.330798	28.2236
589	0.324026	28.4279
590	0.323148	27.8485
591	0.334243	31.8862
592	0.334894	29.6634
593	0.347899	32.3059
594	0.317542	26.1348
595	0.330165	28.9662
596	0.330242	29.3537
597	0.336518	29.9708
598	0.335918	28.6612
599	0.336332	29.7573
600	0.320163	28.1298
601	0.320012	26.7945
602	0.318856	25.6851
603	0.335433	30.9608
604	0.311139	26.0097
605	0.33844	31.0741
606	0.322846	27.6473
607	0.328631	29.316
608	0.322069	27.8041
609	0.32808	28.2961
610	0.32677	28.0676
611	0.327361	29.1576
612	0.313166	27.1586
613	0.336995	31.2566
614	0.327039	28.0086
615	0.329564	30.2174
616	0.339754	30.284
617	0.337087	29.8835
618	0.314917	25.9939
619	0.342324	31.8443
620	0.331042	28.2251
621	0.329361	29.9528
622	0.314481	27.2754
623	0.335821	28.8878
624	0.328515	30.38
625	0.332169	29.6883
626	0.327183	29.8045
627	0.339853	32.3938
628	0.316892	25.9617
629	0.325988	27.325
630	0.331651	30.5104
631	0.319646	27.083
632	0.336057	30.2201
633	0.348281	31.8722
634	0.336571	31.328
635	0.334813	28.3565
636	0.324962	28.3975
637	0.336451	30.2119
638	0.326864	28.0211
639	0.33356	29.4063
640	0.319114	25.9079
641	0.345331	32.8572
642	0.31802	26.3977
643	0.334519	29.4562
644	0.326112	27.2419
645	0.311373	24.2175
646	0.342897	30.5829
647	0.338356	31.2859
648	0.333631	28.932
649	0.320418	26.9384
650	0.324353	28.8518
651	0.329024	29.0926
652	0.310818	27.6916
653	0.330568	30.8656
654	0.341052	31.0005
655	0.335563	30.4085
656	0.313088	26.0319
657	0.336902	29.4277
658	0.337465	30.658
659	0.328813	28.6318
660	0.33618	30.7602
661	0.328997	29.6834
662	0.325861	28.8533
663	0.332045	30.198
664	0.319629	26.6374
665	0.307952	25.2757
666	0.32072	26.646
667	0.318571	27.6268
668	0.316528	26.8678
669	0.346102	32.5511
670	0.339974	30.3848
671	0.312925	26.2578
672	0.320418	27.2423
673	0.301497	24.1956
674	0.32317	28.2133
675	0.328982	28.0518
676	0.321046	26.6111
677	0.344727	33.0659
678	0.33053	28.6507
679	0.33601	29.5332
680	0.313485	26.9361
681	0.353165	34.1947
682	0.333402	29.0853
683	0.313978	25.9816
684	0.343	31.6712
685	0.328364	28.4306
686	0.327202	29.4836
687	0.313719	26.8222
688	0.316689	26.2186
689	0.325945	29.6764
690	0.332619	29.1241
691	0.331181	29.4384
692	0.330836	28.1393
693	0.310882	25.5119
694	0.314491	26.7437
695	0.331542	30.0012
696	0.320324	28.1073
697	0.344993	33.0624
698	0.344448	29.9783
699	0.328118	28.298
700	0.330255	29.9543
701	0.335869	30.8957
702	0.323263	27.3128
703	0.331365	29.6641
704	0.315491	26.67
705	0.314359	27.0926
706	0.316225	27.3323
707	0.329568	28.3762
708	0.32017	27.4916
709	0.325504	28.5287
710	0.337815	31.4227
711	0.330559	28.3379
712	0.346089	31.3334
713	0.339573	31.5804
714	0.326373	27.4993
715	0.336742	30.8671
716	0.342142	32.3333
717	0.341711	31.3308
718	0.346477	31.8961
719	0.328669	30.2294
720	0.327596	27.6799
721	0.322078	27.9506
722	0.319475	27.9758
723	0.343129	31.2948
724	0.330853	29.9306
725	0.332102	28.6829
726	0.336997	31.093
727	0.324477	27.0022
728	0.327736	28.3406
729	0.324502	28.7787
730	0.341696	31.6465
731	0.331599	28.7359
732	0.316839	27.4907
733	0.330981	30.0037
734	0.318028	27.0674
735	0.321435	29.54
736	0.308925	25.6398
737	0.333964	28.8821
738	0.330117	28.5316
739	0.322038	27.9791
740	0.325339	28.9976
741	0.320258	26.6234
742	0.327831	29.0362
743	0.336835	31.6895
744	0.33154	29.5125
745	0.327179	30.0983
746	0.318337	27.1637
747	0.318092	27.8613
748	0.319823	27.2532
749	0.327408	28.326
750	0.337125	30.0404
751	0.330278	29.1803
752	0.344831	33.3186
753	0.333726	30.3416
754	0.322675	29.301
755	0.328639	29.5045
756	0.315261	26.8203
757	0.310005	26.2495
758	0.327046	29.3981
759	0.3276	27.713
760	0.333787	30.742
761	0.336368	29.8289
762	0.324105	27.3459
763	0.327668	27.7331
764	0.318732	26.8433
765	0.325806	28.5981
766	0.32925	28.2238
767	0.33707	30.8984
768	0.319621	27.6665
769	0.337528	30.8139
770	0.353121	33.9509
771	0.338585	31.4059
772	0.33329	28.678
773	0.332028	29.2951
774	0.332173	30.1234
775	0.329252	29.9018
776	0.318714	26.3195
777	0.3308	29.976
778	0.34384	30.2174
779	0.330034	28.7579
780	0.3318	29.4305
781	0.30214	23.846
782	0.325428	27.6974
783	0.327226	28.3834
784	0.343044	31.5321
785	0.31968	28.1388
786	0.335734	29.4388
787	0.322806	27.5454
788	0.323743	28.0569
789	0.335703	31.1498
790	0.336993	30.8921
791	0.324984	28.6742
792	0.321727	27.6871
793	0.31721	28.3766
794	0.326797	28.365
795	0.333132	30.3448
796	0.315765	27.4556
797	0.2987	23.6728
798	0.335359	28.4647
799	0.333204	29.3563
800	0.319452	27.8164
801	0.328279	28.3364
802	0.335876	28.6652
803	0.312405	25.9644
804	0.334333	30.9039
805	0.318356	27.5589
806	0.347239	32.7898
807	0.333484	28.9675
808	0.330964	28.6961
809	0.339419	30.5636
810	0.328118	29.0626
811	0.351991	34.2981
812	0.340382	32.2998
813	0.307963	25.9792
814	0.344232	30.3977
815	0.332668	28.5996
816	0.323319	27.2432
817	0.338168	29.8427
818	0.330774	27.9738
819	0.348225	33.2983
820	0.336594	31.1517
821	0.320553	27.8065
822	0.320783	28.1569
823	0.338136	28.9309
824	0.350247	32.3702
825	0.328073	28.9841
826	0.330992	29.2001
827	0.330341	29.15
828	0.332359	30.6705
829	0.337566	30.0218
830	0.343556	31.9024
831	0.331555	30.4681
832	0.319944	27.5429
833	0.341189	31.6104
834	0.328469	28.3785
835	0.333172	29.6961
836	0.336908	29.415
837	0.334029	28.6344
838	0.317114	27.8131
839	0.336428	29.812
840	0.334254	28.4335
841	0.326592	27.9834
842	0.311895	25.3805
843	0.326984	28.5084
844	0.33187	28.9366
845	0.331323	28.3778
846	0.333011	29.9304
847	0.326393	29.0826
848	0.343055	31.5023
849	0.312601	26.1651
850	0.318782	28.3728
851	0.333242	29.6214
852	0.328725	28.4631
853	0.316745	27.6125
854	0.321285	28.4122
855	0.309883	26.6888
856	0.306281	25.0414
857	0.327162	30.2132
858	0.323319	27.3644
859	0.338479	30.2046
860	0.33212	29.8117
861	0.33102	29.1752
862	0.31178	27.5392
863	0.313456	26.4716
864	0.337738	30.0442
865	0.346448	31.0899
866	0.32212	29.1761
867	0.341943	31.4965
868	0.306806	24.3679
869	0.330328	28.3638
870	0.341974	31.0085
871	0.305351	24.6397
872	0.335128	28.8476
873	0.321367	28.3394
874	0.331595	29.1546
875	0.319603	27.3768
876	0.341779	32.7373
877	0.337772	31.8132
878	0.320597	26.3675
879	0.306974	24.7141
880	0.327303	28.8519
881	0.333685	28.6703
882	0.331983	29.5671
883	0.325749	28.8306
884	0.327087	28.6653
885	0.332228	30.0231
886	0.344276	32.9664
887	0.323805	28.8206
888	0.316083	26.173
889	0.336861	30.1895
890	0.315811	26.6107
891	0.335845	30.2062
892	0.326951	27.6596
893	0.329147	29.2615
894	0.323168	27.7749
895	0.345644	31.5036
896	0.324353	28.4016
897	0.320123	27.7017
898	0.325057	28.0978
899	0.340611	30.9138
900	0.300996	23.8316
901	0.326738	27.1317
902	0.32899	27.7347
903	0.31668	25.258
904	0.331734	29.9249
905	0.335193	30.3087
906	0.340378	30.5569
907	0.340532	31.8023
908	0.330692	27.7114
909	0.345169	33.1228
910	0.330552	28.9128
911	0.309685	24.9804
912	0.333392	31.4378
913	0.316683	27.9568
914	0.329044	28.7706
915	0.323177	27.7933
916	0.334333	30.172
917	0.330044	29.7763
918	0.314104	26.4106
919	0.326627	27.3902
920	0.326669	28.2771
921	0.332421	30.2364
922	0.322448	26.7785
923	0.29803	23.0205
924	0.349493	33.5467
925	0.315853	27.5659
926	0.33071	29.6915
927	0.325474	28.6866
928	0.32544	28.8401
929	0.353289	34.4119
930	0.321518	28.2391
931	0.326718	29.4353
932	0.339497	30.2057
933	0.323184	28.3175
934	0.327389	27.8122
935	0.342014	30.2311
936	0.329186	28.7006
937	0.329059	30.2357
938	0.326132	28.3142
939	0.338462	30.7746
940	0.320394	26.9271
941	0.330316	27.6235
942	0.327067	28.5584
943	0.334377	29.2561
944	0.337405	30.3278
945	0.339487	31.4058
946	0.342154	30.5675
947	0.318591	27.4331
948	0.34167	30.2862
949	0.333912	29.2265
950	0.322694	26.7684
951	0.319248	28.1244
952	0.328104	28.4998
953	0.319675	25.637
954	0.340351	31.5239
955	0.326192	27.6143
956	0.330331	29.6966
957	0.317785	27.9835
958	0.334232	30.8801
959	0.335038	29.6349
960	0.346436	31.7969
961	0.345301	31.7814
962	0.316535	26.1339
963	0.320771	27.5035
964	0.327774	28.8518
965	0.343082	30.7659
966	0.348639	32.7851
967	0.33047	30.1942
968	0.33663	32.4446
969	0.319149	27.8168
970	0.330812	29.6528
971	0.33719	31.3702
972	0.324475	28.9384
973	0.324992	28.4484
974	0.325179	28.3746
975	0.327509	29.4133
976	0.320227	27.4768
977	0.332009	28.191
978	0.32625	28.24
979	0.326019	27.597
980	0.325987	28.5379
981	0.320364	26.9791
982	0.311554	25.8516
983	0.323908	28.5108
984	0.314282	25.8254
985	0.34036	30.4506
986	0.342814	32.4734
987	0.322214	27.9128
988	0.316573	25.4793
989	0.34039	29.7924
990	0.333289	30.1405
991	0.318004	26.9336
992	0.335104	30.2863
993	0.318869	27.6845
994	0.331466	29.6225
995	0.316379	26.347
996	0.330637	29.8647
997	0.331293	29.9079
998	0.313542	26.6136
999	0.310437	25.4489
