0.2	2077.99	0	4.31802e+06	0	-12427	0	1.5443e+08	0	0	0
0.3	208.915	57656.4	101302	5.21152e+10	-12074.1	89411.3	1.45873e+08	5.03255e+13	3.93602e+08	485.089
0.4	2048	0	4.1943e+06	0	-11158.4	0	1.2451e+08	0	0	0
0.5	-1948.05	0	3.79489e+06	0	-10088.9	0	1.01786e+08	0	0	0
0.6	-2002.02	0	4.00809e+06	0	-10887.7	0	1.18542e+08	0	0	0
0.7	-252.649	1962.17	65793.9	1.799e+08	-10904.8	3422.52	1.18919e+08	1.58894e+12	5.74076e+06	3.41053
0.8	2038	0	4.15346e+06	0	-11745.5	0	1.37957e+08	0	0	0
0.9	-2006.02	6.3999e-05	4.02412e+06	1029.13	-12589.7	0.00473336	1.58501e+08	2.99686e+06	0.145524	2.85354e-06
1	-887.753	15916.7	804022	4.82196e+10	-14011.6	5.7382e+06	2.02062e+08	4.57258e+15	3.25974e+07	2801.86
1.1	-2032.01	0.00163133	4.12905e+06	26917	-11217.4	0.120653	1.2583e+08	6.06343e+07	3.03729	4.86884e-05
1.2	-2052	0.00415571	4.21069e+06	69924.9	-12609.8	0.307356	1.59007e+08	1.95219e+08	7.09244	0.00010422
1.3	1984.93	147978	4.08792e+06	7.58835e+11	-24092.8	3.3829e+06	5.83846e+08	5.19609e+15	2.33123e+08	977.401
1.4	-2004	0.038658	4.01602e+06	620386	-12324.5	2.85863	1.51894e+08	1.73442e+09	56.5512	0.000712154
1.5	2067.95	0.0875258	4.2764e+06	1.49572e+06	-14457.2	9.6615	2.09011e+08	8.07076e+09	119.502	0.00209669
1.6	2087.89	0.178142	4.35929e+06	3.10329e+06	-11146.8	80.3898	1.2425e+08	3.99351e+10	228.022	0.0153332
1.7	-2027.84	0.334444	4.11215e+06	5.49568e+06	-13423.6	447.092	1.80194e+08	3.22426e+11	402.908	0.0755389
1.8	2087.69	0.586631	4.35844e+06	1.02173e+07	-12671.2	4342.75	1.60562e+08	2.78975e+12	667.457	0.654471
1.9	1957.56	0.974218	3.83205e+06	1.49175e+07	-11212.5	26772.7	1.25747e+08	1.34759e+13	1050.11	3.62123
2.1	-2022.86	2.32296	4.09198e+06	3.79837e+07	-12633.1	482616	1.60079e+08	3.07634e+14	2265.44	53.436
2.2	2068.32	3.39746	4.27795e+06	5.80784e+07	-18582.6	1.94877e+06	3.47262e+08	2.69816e+15	3162.73	196.601
2.3	-1979.67	4.83266	3.91909e+06	7.56787e+07	-16012.9	6.16215e+06	2.62577e+08	6.3527e+15	4303.18	568.785
2.4	2000.77	6.68769	4.00309e+06	1.06973e+08	-18980.6	1.74006e+07	3.77665e+08	2.525e+16	5706.84	1475.07
2.5	-1973.68	9.04974	3.89543e+06	1.40856e+08	-25182.3	5.00998e+07	6.84247e+08	1.2843e+17	7413.56	3914.06
2.6	-2056.28	11.9083	4.22831e+06	2.01194e+08	-33177.9	1.22689e+08	1.22346e+09	5.47839e+17	9380.1	8861.95
2.7	-1886.71	15.5041	3.5597e+06	2.20502e+08	-40636.7	2.95905e+08	1.94724e+09	2.01909e+18	11760.2	19819.6
2.8	2016.7	19.9129	4.06708e+06	3.23579e+08	-58475.5	6.74024e+08	4.09341e+09	9.58956e+18	14564.9	41978.8
2.9	2030.36	24.9876	4.12239e+06	4.11561e+08	-77047.9	1.42652e+09	7.3629e+09	3.54537e+19	17646.4	82823.4
3.1	2058.57	38.3363	4.23774e+06	6.49079e+08	-144419	5.44827e+09	2.63051e+10	4.78886e+20	25326.7	276826
3.2	-1967.03	46.934	3.86927e+06	7.25471e+08	-191005	1.05169e+10	4.69997e+10	1.6188e+21	30037.8	501485
3.3	-1994.97	56.8243	3.97998e+06	9.03474e+08	-253128	1.88843e+10	8.2958e+10	5.14966e+21	35265.6	846730
3.4	2014.36	68.4182	4.05773e+06	1.10899e+09	-330675	3.35853e+10	1.42931e+11	1.56358e+22	41212	1.41861e+06
3.5	1937.32	81.1329	3.75329e+06	1.21635e+09	-427031	5.66055e+10	2.38961e+11	4.37938e+22	47474.4	2.25628e+06
3.6	-2011.58	96.2148	4.04657e+06	1.5551e+09	-548621	9.4997e+10	3.95982e+11	1.21725e+23	54735.7	3.57911e+06
3.7	1979.27	113.662	3.91761e+06	1.77844e+09	-695391	1.53594e+11	6.37163e+11	3.15698e+23	62913.7	5.47827e+06
3.8	-2012.24	133.097	4.04924e+06	2.15238e+09	-880221	2.43076e+11	1.01787e+12	8.00021e+23	71732.4	8.2195e+06
3.9	-2028.52	155.787	4.11503e+06	2.56016e+09	-1.09022e+06	3.79608e+11	1.5682e+12	1.91669e+24	81808.4	1.21864e+07
4.1	1906.89	210.258	3.63645e+06	3.0526e+09	-1.63465e+06	8.61927e+11	3.53402e+12	9.78879e+24	105026	2.50365e+07
4.2	-1998.66	245.209	3.9949e+06	3.91055e+09	-2.01132e+06	1.29876e+12	5.34416e+12	2.22913e+25	119569	3.59501e+07
4.3	-1939.7	282.863	3.7627e+06	4.24862e+09	-2.40116e+06	1.87541e+12	7.641e+12	4.60651e+25	134722	4.95256e+07
4.4	1851.72	326.127	3.42918e+06	4.46276e+09	-2.88549e+06	2.71249e+12	1.10386e+13	9.63317e+25	151798	6.84122e+07
4.5	1878.62	378.584	3.52957e+06	5.3316e+09	-3.44213e+06	3.86367e+12	1.5712e+13	1.9542e+26	172298	9.31636e+07
4.6	-1850.55	433.934	3.42497e+06	5.92904e+09	-4.07429e+06	5.41729e+12	2.20171e+13	3.83146e+26	193195	1.25008e+08
4.7	1959.12	499.713	3.83863e+06	7.6528e+09	-4.81375e+06	7.52032e+12	3.06926e+13	7.42358e+26	217748	1.66231e+08
4.8	-1876.55	578.534	3.52201e+06	8.12594e+09	-5.63893e+06	1.03834e+13	4.21809e+13	1.40661e+27	246842	2.20053e+08
4.9	-1888.62	666.034	3.56756e+06	9.47333e+09	-6.58962e+06	1.4162e+13	5.75851e+13	2.61959e+27	278375	2.88007e+08
5.1	-1799.75	895.825	3.24e+06	1.15605e+10	-1.77254e+07	1.0379e+14	4.17981e+14	1.39127e+29	359736	1.94844e+09
5.2	1740.79	1033.76	3.03139e+06	1.24739e+10	-2.04961e+07	1.38472e+14	5.58561e+14	2.47827e+29	407144	2.5005e+09
5.3	-1667.64	1203.9	2.78224e+06	1.3323e+10	-2.36314e+07	1.84308e+14	7.42751e+14	4.38722e+29	465206	3.20379e+09
5.4	-1686.52	1408.6	2.84577e+06	1.59342e+10	-2.71172e+07	2.43042e+14	9.78386e+14	7.62805e+29	534226	4.06971e+09
5.5	1732.43	1669.3	3.00297e+06	1.99084e+10	-3.1105e+07	3.19813e+14	1.28733e+15	1.32057e+30	621588	5.16227e+09
5.6	1611.97	1959.66	2.60041e+06	2.02142e+10	-3.55624e+07	4.17769e+14	1.68245e+15	2.25276e+30	716676	6.50476e+09
5.7	1674.05	2336.54	2.80479e+06	2.59634e+10	-4.05498e+07	5.43562e+14	2.18785e+15	3.81148e+30	839516	8.16902e+09
5.8	-1536.36	2826.95	2.36322e+06	2.6383e+10	-4.62845e+07	7.07203e+14	2.84946e+15	6.45849e+30	998206	1.0265e+10
5.9	-1593.94	3459.58	2.54409e+06	3.46885e+10	-5.26002e+07	9.15751e+14	3.68254e+15	1.08086e+31	1.20089e+06	1.28453e+10
6.1	1450.62	5442.1	2.10973e+06	4.47866e+10	-6.78659e+07	1.52181e+15	6.12759e+15	2.98641e+31	1.82712e+06	1.99698e+10
6.2	1355.62	7248.4	1.84494e+06	5.15123e+10	-7.70752e+07	1.96405e+15	7.90464e+15	4.97747e+31	2.39431e+06	2.49482e+10
6.3	669.024	1.28745e+06	1.73504e+06	6.67994e+10	-8.75251e+07	2.52962e+15	1.01903e+16	8.26132e+31	4.18523e+08	3.11204e+10
6.4	-310.525	1.411e+06	1.50742e+06	8.95352e+10	-9.98775e+07	3.29914e+15	1.32747e+16	1.4031e+32	4.51519e+08	3.93289e+10
6.5	6.4865	1.22132e+06	1.22137e+06	1.26578e+11	-1.1451e+08	4.33096e+15	1.74436e+16	2.42251e+32	3.84811e+08	5.00528e+10
6.6	86.2833	893623	901068	1.57444e+11	-1.31765e+08	5.73388e+15	2.30959e+16	4.24326e+32	2.77294e+08	6.42733e+10
6.7	60.8405	573723	577426	1.50691e+11	-1.49141e+08	7.35971e+15	2.96029e+16	6.97819e+32	1.75371e+08	8.00537e+10
6.8	-28.3816	338655	339461	9.07178e+10	-1.62549e+08	8.7399e+15	3.51619e+16	9.84677e+32	1.01995e+08	9.22909e+10
6.9	-20.8081	203305	203738	4.66463e+10	-1.70919e+08	9.65894e+15	3.88723e+16	1.20408e+33	6.03434e+07	9.90608e+10
7.1	44.286	92737.8	94699.2	1.44353e+10	-9.00317e+07	2.66003e+15	1.07657e+16	9.1958e+31	2.67503e+07	2.57656e+10
7.2	15.01	70338.3	70563.7	8.50238e+09	-9.10908e+07	2.72276e+15	1.10203e+16	9.63212e+31	2.00074e+07	2.56458e+10
7.3	15.2227	55059.9	55291.8	5.50517e+09	-9.18858e+07	2.768e+15	1.1211e+16	9.95822e+31	1.5447e+07	2.53625e+10
7.4	-27.238	45292.8	46034.8	3.8802e+09	-9.25098e+07	2.80562e+15	1.13637e+16	1.02309e+32	1.25351e+07	2.5017e+10
7.5	32.8792	38239.6	39320.7	2.87323e+09	-9.28301e+07	2.82762e+15	1.14451e+16	1.03867e+32	1.0442e+07	2.45454e+10
7.6	-55.8831	33068.9	36191.9	2.45129e+09	-9.30635e+07	2.84026e+15	1.15011e+16	1.04847e+32	8.91122e+06	2.40106e+10
7.7	-50.1169	29060.9	31572.6	1.91861e+09	-9.33079e+07	2.85512e+15	1.15615e+16	1.05968e+32	7.72946e+06	2.35133e+10
7.8	0.275865	25837.5	25837.7	1.29625e+09	-9.34023e+07	2.86465e+15	1.15886e+16	1.0652e+32	6.78402e+06	2.29908e+10
7.9	80.6616	23527.9	30034.2	1.69289e+09	-9.34069e+07	2.86062e+15	1.15855e+16	1.0634e+32	6.09939e+06	2.23809e+10
8.1	-15.9961	19600.3	19856.2	7.67959e+08	-9.33069e+07	2.85693e+15	1.15631e+16	1.06048e+32	4.95574e+06	2.12618e+10
8.2	-85.2181	18449.7	25711.9	1.2216e+09	-9.31281e+07	2.84653e+15	1.15194e+16	1.05285e+32	4.60794e+06	2.06709e+10
8.3	-86.0913	16989	24400.8	1.07417e+09	-9.30254e+07	2.83885e+15	1.14926e+16	1.04713e+32	4.192e+06	2.01214e+10
8.4	-90.0421	15886.9	23994.5	1.01213e+09	-9.28642e+07	2.82919e+15	1.14529e+16	1.03972e+32	3.87338e+06	1.95783e+10
8.5	84.9574	15220.3	22438.1	8.99366e+08	-9.26231e+07	2.81124e+15	1.13903e+16	1.02753e+32	3.66721e+06	1.8999e+10
8.6	10.613	14268.1	14380.7	4.08297e+08	-9.23334e+07	2.79698e+15	1.13224e+16	1.0166e+32	3.3978e+06	1.84656e+10
8.7	-35.5302	13530.6	14793	4.34514e+08	-9.21655e+07	2.78613e+15	1.12806e+16	1.0084e+32	3.18514e+06	1.79735e+10
8.8	-23.4312	12866.2	13415.2	3.58419e+08	-9.18041e+07	2.76462e+15	1.11926e+16	9.93036e+31	2.99431e+06	1.74318e+10
8.9	-3.88861	12260.1	12275.2	2.98953e+08	-9.15788e+07	2.75028e+15	1.1137e+16	9.83075e+31	2.8212e+06	1.69538e+10
9.1	5.9675	11210.8	11246.4	2.48561e+08	-9.08403e+07	2.70701e+15	1.0959e+16	9.52232e+31	2.52304e+06	1.59617e+10
9.2	-7.54856	10934.2	10991.2	2.4053e+08	-9.05268e+07	2.68983e+15	1.08849e+16	9.39774e+31	2.43406e+06	1.55174e+10
9.3	-21.8548	10427.7	10905.3	2.37067e+08	-9.0153e+07	2.66588e+15	1.07934e+16	9.23611e+31	2.29634e+06	1.50503e+10
9.4	12.5233	10097.9	10254.7	2.09334e+08	-8.97859e+07	2.645e+15	1.07065e+16	9.08999e+31	2.20005e+06	1.46164e+10
9.5	-51.9974	9747.57	12451.3	2.946e+08	-8.94446e+07	2.62456e+15	1.06249e+16	8.94735e+31	2.10137e+06	1.41997e+10
9.6	6.41359	9514.34	9555.49	1.80062e+08	-8.89995e+07	2.59941e+15	1.05203e+16	8.77925e+31	2.02973e+06	1.37722e+10
9.7	59.7717	9191.31	12764	2.98518e+08	-8.8702e+07	2.58268e+15	1.04507e+16	8.66346e+31	1.9406e+06	1.34029e+10
9.8	-10.4402	8938.27	9047.29	1.62936e+08	-8.82497e+07	2.55449e+15	1.03425e+16	8.47711e+31	1.86792e+06	1.29874e+10
9.9	13.9239	8616.48	8810.37	1.53362e+08	-8.78582e+07	2.5321e+15	1.02512e+16	8.33406e+31	1.78248e+06	1.26148e+10
