0	0.352638	0.352638	-1802.49
1	0.352049	0.352049	-1781.05
2	0.344782	0.344782	-1699.45
3	0.355034	0.355034	-1829.08
4	0.345209	0.345209	-1713.77
5	0.349059	0.349059	-1755.5
6	0.350388	0.350388	-1774.46
7	0.348406	0.348406	-1743.59
8	0.354738	0.354738	-1817.31
9	0.363536	0.363536	-1904.22
10	0.350597	0.350597	-1748.93
11	0.349129	0.349129	-1756.21
12	0.35368	0.35368	-1795.07
13	0.347203	0.347203	-1729.55
14	0.353965	0.353965	-1807.68
15	0.357037	0.357037	-1849.54
16	0.354018	0.354018	-1820
17	0.346086	0.346086	-1747.82
18	0.348783	0.348783	-1749.98
19	0.347268	0.347268	-1741.77
20	0.356866	0.356866	-1819.13
21	0.358147	0.358147	-1850.02
22	0.353597	0.353597	-1791.48
23	0.36091	0.36091	-1850.44
24	0.353586	0.353586	-1799.05
25	0.344678	0.344678	-1710.33
26	0.356794	0.356794	-1843.48
27	0.349098	0.349098	-1790.67
28	0.352694	0.352694	-1777.75
29	0.352325	0.352325	-1783.74
30	0.353187	0.353187	-1790.86
31	0.360894	0.360894	-1880.57
32	0.351806	0.351806	-1785.43
33	0.352099	0.352099	-1776.09
34	0.357325	0.357325	-1843.58
35	0.354999	0.354999	-1850.47
36	0.354421	0.354421	-1796.51
37	0.357758	0.357758	-1843.04
38	0.354185	0.354185	-1798.62
39	0.351772	0.351772	-1780.38
40	0.351615	0.351615	-1782.75
41	0.358445	0.358445	-1847.93
42	0.3498	0.3498	-1766.36
43	0.353692	0.353692	-1804.01
44	0.351805	0.351805	-1765.99
45	0.354403	0.354403	-1785.61
46	0.357784	0.357784	-1846.89
47	0.353929	0.353929	-1832.19
48	0.366822	0.366822	-1911.64
49	0.347554	0.347554	-1721.13
50	0.352508	0.352508	-1788.07
51	0.350024	0.351266	-1779.58
52	0.353524	0.352395	-1781.95
53	0.357794	0.355094	-1813.71
54	0.353463	0.354279	-1818.83
55	0.354215	0.354247	-1811.49
56	0.351163	0.352705	-1801.13
57	0.341969	0.347337	-1752.18
58	0.35196	0.349649	-1770.75
59	0.349167	0.349408	-1762.29
60	0.349037	0.349223	-1753.91
61	0.355976	0.352599	-1788.28
62	0.350168	0.351384	-1776.48
63	0.357684	0.354534	-1809.41
64	0.354214	0.354374	-1815.09
65	0.346481	0.350428	-1777.61
66	0.342227	0.346327	-1734.59
67	0.350104	0.348216	-1753.33
68	0.347899	0.348057	-1736.4
69	0.352672	0.350365	-1771.78
70	0.363958	0.357161	-1839.35
71	0.347734	0.352448	-1789.38
72	0.35218	0.352314	-1800.29
73	0.355583	0.353949	-1815.26
74	0.351231	0.35259	-1784.23
75	0.361812	0.357201	-1830.01
76	0.359362	0.358282	-1854.72
77	0.348845	0.353563	-1811.45
78	0.357468	0.355516	-1828.66
79	0.352739	0.354128	-1815.51
80	0.35138	0.352754	-1793.11
81	0.345265	0.34901	-1760.44
82	0.356343	0.352676	-1802.12
83	0.355108	0.353892	-1830.13
84	0.35106	0.352476	-1796.82
85	0.357174	0.354825	-1824.91
86	0.353625	0.354225	-1823.94
87	0.360123	0.357174	-1854.07
88	0.350175	0.353675	-1811.79
89	0.352182	0.352928	-1792.49
90	0.345252	0.34909	-1747.62
91	0.346696	0.347893	-1734.54
92	0.35145	0.349671	-1759.61
93	0.353418	0.351545	-1776.67
94	0.354365	0.352955	-1797.53
95	0.348601	0.350778	-1775.2
96	0.352897	0.351838	-1787.35
97	0.347408	0.349623	-1745.54
98	0.353772	0.351697	-1775.66
99	0.341892	0.346795	-1745.29
100	0.351907	0.349351	-1768.52
101	0.352761	0.350488	-1783.66
102	0.345429	0.348801	-1756.88
103	0.355819	0.35114	-1773.33
104	0.349248	0.35051	-1767.66
105	0.345542	0.348854	-1743.67
106	0.35576	0.351156	-1765.92
107	0.342978	0.34843	-1747.09
108	0.352101	0.349654	-1760.08
109	0.354639	0.351316	-1783.12
110	0.350552	0.351061	-1784.4
111	0.355922	0.352681	-1796.42
112	0.352111	0.352491	-1799.38
113	0.346601	0.350528	-1781.6
114	0.35553	0.352195	-1790.88
115	0.34601	0.350133	-1758.45
116	0.366813	0.355693	-1811.16
117	0.347635	0.353007	-1785.97
118	0.353834	0.353283	-1785.04
119	0.357563	0.354709	-1801.16
120	0.356163	0.355194	-1819.04
121	0.349941	0.353443	-1811.5
122	0.338432	0.348439	-1753.03
123	0.353509	0.350129	-1764.91
124	0.345912	0.348723	-1757.68
125	0.335331	0.344259	-1706.46
126	0.348355	0.345624	-1720.42
127	0.35345	0.348233	-1748.44
128	0.345163	0.347209	-1739.79
129	0.342527	0.345649	-1726.24
130	0.349066	0.346788	-1737.06
131	0.354221	0.349265	-1752.77
132	0.350703	0.349745	-1761.32
133	0.351564	0.350351	-1769.08
134	0.356722	0.352475	-1795.81
135	0.357559	0.354169	-1822.14
136	0.348355	0.352231	-1800.67
137	0.35504	0.353168	-1797.28
138	0.350852	0.352396	-1784.64
139	0.347906	0.350899	-1770.04
140	0.349638	0.350479	-1764.44
141	0.35035	0.350436	-1771.15
142	0.351615	0.350829	-1766.3
143	0.359077	0.353578	-1799.19
144	0.350286	0.352481	-1780.41
145	0.346552	0.350505	-1757.13
146	0.353963	0.351658	-1763.63
147	0.361457	0.354924	-1805.25
148	0.339993	0.349947	-1754.1
149	0.344517	0.348137	-1740.16
150	0.353293	0.349855	-1760.86
151	0.353134	0.350675	-1772.45
152	0.353381	0.351352	-1780.57
153	0.357925	0.352995	-1802.59
154	0.353543	0.353132	-1796.52
155	0.354574	0.353493	-1800.54
156	0.3532	0.353419	-1803.45
157	0.352677	0.353234	-1805.93
158	0.35073	0.352608	-1798.49
159	0.346314	0.351034	-1780.52
160	0.352007	0.351277	-1776.59
161	0.350031	0.350966	-1767.58
162	0.343913	0.349203	-1751.13
163	0.349493	0.349275	-1751.49
164	0.356251	0.351019	-1772.28
165	0.343726	0.349196	-1750.6
166	0.350381	0.349492	-1754.02
167	0.347024	0.348875	-1755.02
168	0.349305	0.348983	-1761.59
169	0.353086	0.350009	-1770.51
170	0.356742	0.351692	-1783.99
171	0.350152	0.351307	-1777.99
172	0.355201	0.35228	-1787.75
173	0.352518	0.35234	-1793.08
174	0.350674	0.351923	-1789.57
175	0.359697	0.353867	-1814.03
176	0.353024	0.353656	-1812.97
177	0.354545	0.353878	-1808.91
178	0.350557	0.353048	-1800.92
179	0.347561	0.351676	-1791.53
180	0.360068	0.353774	-1814.33
181	0.3564	0.354431	-1809.67
182	0.35353	0.354205	-1804.93
183	0.352383	0.35375	-1805.96
184	0.353404	0.353663	-1802.25
185	0.351558	0.353137	-1799.14
186	0.35538	0.353698	-1798.71
187	0.34927	0.352591	-1784.86
188	0.356799	0.353643	-1794.55
189	0.354605	0.353883	-1794.02
190	0.353321	0.353743	-1794.22
191	0.348623	0.352463	-1780.04
192	0.350441	0.351957	-1774.54
193	0.35393	0.35245	-1780.91
194	0.348596	0.351487	-1777.17
195	0.360056	0.353629	-1791.9
196	0.353251	0.353535	-1794.25
197	0.355292	0.353974	-1797.81
198	0.356671	0.354648	-1804.68
199	0.345967	0.352478	-1789.12
200	0.353736	0.352792	-1787.83
201	0.352093	0.352652	-1790.98
202	0.350155	0.352153	-1787.69
203	0.340908	0.349904	-1762.77
204	0.356459	0.351215	-1777.83
205	0.355269	0.352026	-1789.34
206	0.352697	0.35216	-1786.41
207	0.34891	0.35151	-1782.89
208	0.355152	0.352238	-1793.03
209	0.356553	0.353101	-1799.49
210	0.355503	0.353582	-1802.46
211	0.357162	0.354298	-1813.61
212	0.352987	0.354035	-1810.94
213	0.350963	0.353421	-1803.82
214	0.352648	0.353266	-1802.47
215	0.342724	0.351158	-1783.15
216	0.348618	0.35065	-1773.89
217	0.351538	0.350828	-1778.34
218	0.350114	0.350685	-1777.14
219	0.346005	0.349749	-1763.58
220	0.348741	0.349547	-1758.41
221	0.357582	0.351154	-1768.57
222	0.351926	0.351309	-1770.3
223	0.354381	0.351923	-1777.88
224	0.355608	0.35266	-1785.38
225	0.358343	0.353797	-1797.79
226	0.360486	0.355134	-1807.01
227	0.351765	0.354461	-1801.54
228	0.35396	0.35436	-1802.35
229	0.34197	0.351882	-1781.9
230	0.352351	0.351976	-1782.99
231	0.353337	0.352248	-1783.19
232	0.350881	0.351975	-1780.31
233	0.334079	0.348396	-1744.64
234	0.353472	0.349411	-1755.31
235	0.354818	0.350492	-1763.74
236	0.350269	0.350448	-1761.21
237	0.34969	0.350296	-1760.62
238	0.357108	0.351658	-1776.02
239	0.350749	0.351477	-1771.39
240	0.354025	0.351986	-1777.12
241	0.35484	0.352557	-1785.85
242	0.35612	0.353269	-1794.82
243	0.357468	0.354109	-1800.06
244	0.349611	0.353209	-1791.31
245	0.349884	0.352544	-1783.84
246	0.351651	0.352366	-1780.94
247	0.354656	0.352824	-1786.81
248	0.348001	0.351859	-1777.69
249	0.358513	0.35319	-1792.86
250	0.349001	0.352352	-1785.36
251	0.345072	0.351139	-1776.52
252	0.35445	0.351691	-1779.75
253	0.349231	0.351281	-1775.81
254	0.350401	0.351134	-1775.02
255	0.349978	0.350942	-1776.37
256	0.350625	0.350889	-1773.4
257	0.360021	0.352411	-1787.11
258	0.341363	0.350569	-1763.94
259	0.347566	0.350069	-1755.24
260	0.348366	0.349785	-1753.66
261	0.364174	0.352183	-1783.42
262	0.358112	0.353171	-1798.02
263	0.355498	0.353559	-1799.08
264	0.350778	0.353096	-1796.18
265	0.347452	0.352155	-1787.32
266	0.358917	0.353282	-1801.53
267	0.349688	0.352683	-1793.93
268	0.359474	0.353815	-1801.11
269	0.35646	0.354256	-1804.79
270	0.344341	0.352603	-1789.38
271	0.355432	0.353075	-1792.55
272	0.352061	0.352906	-1793.93
273	0.355754	0.35338	-1795.81
274	0.361959	0.35481	-1812.24
275	0.349913	0.353994	-1804.02
276	0.355433	0.354234	-1809.87
277	0.362778	0.355658	-1823.04
278	0.349746	0.354672	-1814.51
279	0.360723	0.355681	-1822.02
280	0.356207	0.355769	-1818.88
281	0.354388	0.355539	-1816.77
282	0.345013	0.353784	-1799.11
283	0.350939	0.35331	-1794.9
284	0.346182	0.352122	-1780.6
285	0.361183	0.353632	-1796.55
286	0.358588	0.354458	-1803.45
287	0.358187	0.35508	-1811.43
288	0.346745	0.353691	-1801.79
289	0.358548	0.3545	-1812.34
290	0.34647	0.353162	-1797.99
291	0.34653	0.352056	-1785.92
292	0.36182	0.353684	-1801.59
293	0.352673	0.353515	-1798.39
294	0.352915	0.353415	-1797.7
295	0.34443	0.351918	-1782.92
296	0.353222	0.352135	-1786.44
297	0.344485	0.35086	-1776.18
298	0.349598	0.35065	-1773.02
299	0.360286	0.352256	-1787.36
300	0.35309	0.352395	-1786.3
301	0.356909	0.35304	-1795.07
302	0.354133	0.353196	-1797.41
303	0.348327	0.3525	-1795.01
304	0.342572	0.351082	-1782.12
305	0.355886	0.351768	-1787.08
306	0.34367	0.350611	-1773.5
307	0.353584	0.351036	-1776.31
308	0.344864	0.350154	-1765.67
309	0.348577	0.349929	-1763.32
310	0.363709	0.351898	-1784.3
311	0.359206	0.352942	-1797.72
312	0.351817	0.352781	-1799.55
313	0.35576	0.353206	-1802.04
314	0.351362	0.352943	-1797.66
315	0.357351	0.353573	-1805.24
316	0.349146	0.35294	-1799.73
317	0.361272	0.354131	-1810.76
318	0.353724	0.354073	-1809.49
319	0.344591	0.352718	-1799.54
320	0.355542	0.353122	-1807.63
321	0.353209	0.353134	-1803.02
322	0.359216	0.354003	-1809.35
323	0.3506	0.353517	-1805.98
324	0.353613	0.35353	-1806.25
325	0.345711	0.352413	-1793.52
326	0.347754	0.351748	-1783.25
327	0.356531	0.352431	-1789.49
328	0.351907	0.352356	-1792.21
329	0.348848	0.351855	-1785.75
330	0.339443	0.350082	-1766.81
331	0.350647	0.350163	-1767.98
332	0.353894	0.350696	-1773.36
333	0.356054	0.351461	-1782.27
334	0.340823	0.349941	-1768.8
335	0.351221	0.350124	-1771.64
336	0.350477	0.350175	-1770.95
337	0.347806	0.349836	-1767.9
338	0.35049	0.34993	-1765.55
339	0.343339	0.348988	-1754.52
340	0.355685	0.349945	-1766.34
341	0.352769	0.350348	-1769.83
342	0.35313	0.350746	-1775
343	0.354474	0.351278	-1781.97
344	0.352697	0.351481	-1781.69
345	0.349454	0.351191	-1780.8
346	0.350461	0.351087	-1784.3
347	0.352005	0.351218	-1786.34
348	0.350844	0.351165	-1785.52
349	0.354353	0.35162	-1790.49
350	0.355155	0.352125	-1792.03
351	0.353219	0.352262	-1791.98
352	0.352841	0.352334	-1794.17
353	0.347496	0.351729	-1786.61
354	0.345977	0.35101	-1781.74
355	0.344605	0.35021	-1775.71
356	0.351138	0.350326	-1774.56
357	0.355827	0.351013	-1777.53
358	0.353974	0.351384	-1779.15
359	0.350805	0.351311	-1777.85
360	0.356723	0.351988	-1785.57
361	0.347539	0.351432	-1780.36
362	0.350037	0.351257	-1779.84
363	0.355622	0.351803	-1784.7
364	0.353072	0.351961	-1788.73
365	0.342375	0.350763	-1775.78
366	0.348721	0.350508	-1775.35
367	0.342697	0.349532	-1764.35
368	0.346066	0.349098	-1757.58
369	0.352362	0.349506	-1763.6
370	0.34945	0.349499	-1762.84
371	0.354871	0.350171	-1769.47
372	0.353311	0.350563	-1770.93
373	0.361251	0.351899	-1785.94
374	0.358223	0.35269	-1795.74
375	0.352622	0.352681	-1794.69
376	0.352873	0.352705	-1792.21
377	0.347164	0.352013	-1786.38
378	0.355793	0.352485	-1792.61
379	0.349828	0.352153	-1790.89
380	0.349929	0.351875	-1789.11
381	0.353063	0.352023	-1790.26
382	0.356408	0.352572	-1796.54
383	0.351531	0.352442	-1795.17
384	0.354876	0.352746	-1799.32
385	0.362419	0.353955	-1810.94
386	0.347278	0.35312	-1800.03
387	0.347342	0.352398	-1791.48
388	0.344324	0.351389	-1781.52
389	0.35906	0.352348	-1788.75
390	0.348161	0.351825	-1782.05
391	0.35289	0.351958	-1783.27
392	0.34063	0.350542	-1768.09
393	0.355044	0.351105	-1771.93
394	0.35282	0.351319	-1775.54
395	0.356022	0.351907	-1783.77
396	0.349112	0.351558	-1783.47
397	0.359405	0.352538	-1788.76
398	0.347579	0.351919	-1780.99
399	0.350644	0.351759	-1779.19
400	0.355783	0.352262	-1783.59
401	0.354077	0.352464	-1784.72
402	0.355059	0.352752	-1787.78
403	0.348562	0.352287	-1783.75
404	0.356989	0.352809	-1787.57
405	0.345637	0.352012	-1781.25
406	0.355118	0.352357	-1785.3
407	0.360341	0.353244	-1792.23
408	0.355308	0.353474	-1794.91
409	0.359355	0.354127	-1801.37
410	0.347183	0.353356	-1795.79
411	0.347236	0.352676	-1787.75
412	0.352943	0.352705	-1787.59
413	0.363461	0.3539	-1797.85
414	0.363915	0.355013	-1813.12
415	0.35471	0.354979	-1812.15
416	0.35254	0.354708	-1808.69
417	0.366179	0.355983	-1821.34
418	0.35298	0.355649	-1817.88
419	0.356577	0.355752	-1819.21
420	0.363503	0.356613	-1825.48
421	0.365308	0.35758	-1837.06
422	0.345148	0.356198	-1822.63
423	0.349895	0.355498	-1817.54
424	0.360716	0.356078	-1826.52
425	0.355036	0.355962	-1824.15
426	0.350887	0.355398	-1817.12
427	0.355499	0.355409	-1819.35
428	0.352799	0.355119	-1817.55
429	0.357019	0.35533	-1820.47
430	0.355353	0.355333	-1820.79
431	0.351827	0.354943	-1819.14
432	0.34481	0.353817	-1806.08
433	0.359192	0.354415	-1810.47
434	0.362313	0.355292	-1818.54
435	0.352865	0.355022	-1815.06
436	0.355716	0.355099	-1818.35
437	0.357135	0.355326	-1819.31
438	0.354585	0.355243	-1820.56
439	0.352673	0.354958	-1814.39
440	0.350533	0.354466	-1809.18
441	0.355628	0.354595	-1807.85
442	0.35563	0.35471	-1807.71
443	0.348896	0.354064	-1798.8
444	0.354852	0.354152	-1795.12
445	0.356464	0.354409	-1798.05
446	0.362056	0.355258	-1806.51
447	0.353343	0.355046	-1803.02
448	0.345912	0.354031	-1795.8
449	0.353979	0.354025	-1796.83
450	0.342065	0.352696	-1788.09
451	0.356763	0.353103	-1794.62
452	0.345605	0.352353	-1787.64
453	0.338536	0.350971	-1775.43
454	0.350029	0.350877	-1776.17
455	0.35106	0.350895	-1774.46
456	0.347932	0.350599	-1771.06
457	0.349467	0.350486	-1767.82
458	0.357273	0.351165	-1772.67
459	0.349927	0.351041	-1771.53
460	0.358309	0.351768	-1782.09
461	0.34913	0.351504	-1781.56
462	0.348998	0.351253	-1781.16
463	0.356583	0.351786	-1785.82
464	0.359956	0.352603	-1795.09
465	0.350752	0.352418	-1792.2
466	0.34594	0.35177	-1786.69
467	0.357202	0.352313	-1793.54
468	0.3484	0.351922	-1788.87
469	0.34083	0.350813	-1777.05
470	0.351106	0.350842	-1775.35
471	0.345661	0.350324	-1769.16
472	0.345733	0.349865	-1763.08
473	0.345954	0.349474	-1760.73
474	0.355951	0.350122	-1767.87
475	0.351837	0.350293	-1770.47
476	0.349845	0.350248	-1766.45
477	0.349115	0.350135	-1762.11
478	0.349851	0.350107	-1760.81
479	0.350595	0.350155	-1762.45
480	0.352452	0.350385	-1765.54
481	0.35364	0.350711	-1770.5
482	0.350798	0.350719	-1768.82
483	0.353576	0.351005	-1772.6
484	0.345765	0.350481	-1766.58
485	0.351102	0.350543	-1767.05
486	0.35166	0.350655	-1766.95
487	0.349046	0.350494	-1767.54
488	0.353464	0.350791	-1770.86
489	0.350008	0.350713	-1770.03
490	0.349223	0.350564	-1769.99
491	0.353357	0.350843	-1774.28
492	0.349026	0.350661	-1772.99
493	0.351647	0.35076	-1776.59
494	0.349025	0.350586	-1774.28
495	0.358233	0.351351	-1781.82
496	0.352848	0.351501	-1782.88
497	0.356231	0.351974	-1785.93
498	0.348285	0.351605	-1781.95
499	0.3535	0.351794	-1784.94
500	0.358189	0.352434	-1789.3
501	0.35299	0.352484	-1789.34
502	0.355891	0.352794	-1790.98
503	0.347387	0.352302	-1786.79
504	0.363235	0.353296	-1798.24
505	0.357077	0.35364	-1803.4
506	0.357428	0.353984	-1805.55
507	0.352348	0.353836	-1804.13
508	0.35121	0.353597	-1800.34
509	0.354723	0.353699	-1800.91
510	0.359105	0.354191	-1805.56
511	0.359767	0.354698	-1810.38
512	0.343557	0.353685	-1800.53
513	0.351647	0.3535	-1796.36
514	0.348923	0.353084	-1793.6
515	0.349837	0.352788	-1790.04
516	0.346622	0.352228	-1784.09
517	0.3588	0.352825	-1789.16
518	0.352584	0.352803	-1789.04
519	0.350863	0.352627	-1786.69
520	0.352193	0.352588	-1788.41
521	0.350172	0.352368	-1785.62
522	0.351672	0.352305	-1786.86
523	0.348332	0.351944	-1783.62
524	0.355001	0.352221	-1787.58
525	0.350971	0.352108	-1787.49
526	0.352041	0.352102	-1787.09
527	0.351313	0.35203	-1787.32
528	0.350203	0.351864	-1784.79
529	0.358799	0.352494	-1792.16
530	0.351519	0.352406	-1790.21
531	0.343169	0.351566	-1780.49
532	0.350422	0.351462	-1778.51
533	0.343207	0.350712	-1769.08
534	0.343421	0.350049	-1761.26
535	0.350512	0.350091	-1763.75
536	0.3546	0.350501	-1768.16
537	0.349581	0.350417	-1768.07
538	0.365271	0.351768	-1781.47
539	0.349306	0.351544	-1781.86
540	0.3518	0.351567	-1785.64
541	0.341975	0.350695	-1776.45
542	0.346777	0.350339	-1774.06
543	0.356115	0.350864	-1780.43
544	0.352315	0.350996	-1779.74
545	0.35396	0.351265	-1782.31
546	0.341881	0.350412	-1773.59
547	0.350803	0.350448	-1771.98
548	0.357963	0.351131	-1781.89
549	0.353638	0.351359	-1784.48
550	0.362425	0.352365	-1795.78
551	0.353207	0.352435	-1797.71
552	0.349501	0.352191	-1795.8
553	0.349885	0.351998	-1795.13
554	0.34216	0.351179	-1785.94
555	0.353098	0.351338	-1788.28
556	0.350728	0.351288	-1787.53
557	0.352656	0.351402	-1787.39
558	0.34844	0.351155	-1784.22
559	0.359453	0.351846	-1792.86
560	0.35251	0.351902	-1793.42
561	0.354828	0.352146	-1794.98
562	0.349444	0.35192	-1793.49
563	0.361752	0.35274	-1802.77
564	0.351381	0.352626	-1800.56
565	0.349109	0.352333	-1797.85
566	0.357196	0.352739	-1801.45
567	0.356805	0.353077	-1805.16
568	0.348372	0.352685	-1799.64
569	0.35639	0.352994	-1800.26
570	0.348861	0.35265	-1797.8
571	0.362183	0.353444	-1805.73
572	0.357303	0.353766	-1808.97
573	0.350203	0.353469	-1807.68
574	0.350415	0.353214	-1807
575	0.351528	0.353074	-1803.4
576	0.347312	0.352594	-1798.51
577	0.356178	0.352892	-1800.09
578	0.363202	0.353751	-1810.53
579	0.349911	0.353431	-1806.85
580	0.349674	0.353118	-1803.55
581	0.3529	0.3531	-1801.69
582	0.353752	0.353154	-1801.37
583	0.347897	0.352716	-1798.36
584	0.347963	0.35232	-1792.77
585	0.343293	0.351568	-1783.98
586	0.358917	0.35218	-1789.03
587	0.357576	0.35263	-1791.66
588	0.34416	0.351924	-1782.96
589	0.342963	0.351177	-1775.29
590	0.350363	0.35111	-1775.27
591	0.354916	0.351427	-1781.24
592	0.357361	0.351921	-1787.48
593	0.363497	0.352886	-1795.31
594	0.355913	0.353138	-1799.26
595	0.350659	0.352932	-1793.66
596	0.353157	0.35295	-1792.23
597	0.357553	0.353334	-1796.09
598	0.356354	0.353586	-1798.81
599	0.344422	0.352822	-1792.27
600	0.344789	0.352153	-1786.01
601	0.346193	0.351694	-1782.53
602	0.351491	0.351678	-1782.63
603	0.357823	0.352151	-1788.16
604	0.361503	0.35287	-1794.28
605	0.356203	0.353127	-1796.83
606	0.350995	0.352963	-1794.24
607	0.343262	0.352217	-1785.43
608	0.351764	0.352182	-1784.05
609	0.347822	0.351846	-1780.59
610	0.35567	0.35214	-1784.4
611	0.346673	0.35172	-1780.31
612	0.349286	0.351533	-1777.27
613	0.350951	0.351488	-1777.8
614	0.346906	0.351135	-1774.33
615	0.347808	0.35088	-1773.18
616	0.357148	0.351362	-1777.56
617	0.355406	0.351673	-1779.92
618	0.355493	0.351967	-1784.65
619	0.351267	0.351913	-1783.46
620	0.348159	0.351624	-1781
621	0.351264	0.351596	-1780.49
622	0.350548	0.351516	-1778.15
623	0.348342	0.351272	-1775.76
624	0.354655	0.351532	-1776.26
625	0.348087	0.351267	-1773.67
626	0.347204	0.350954	-1770.46
627	0.356165	0.351355	-1775.23
628	0.355163	0.351648	-1779.81
629	0.348795	0.351429	-1776.83
630	0.353533	0.35159	-1776.93
631	0.361927	0.352386	-1784.12
632	0.350291	0.352224	-1782.16
633	0.346088	0.351752	-1778.35
634	0.348882	0.351532	-1776.65
635	0.356202	0.351891	-1778.78
636	0.360013	0.352516	-1784.24
637	0.355086	0.352713	-1787.01
638	0.34929	0.35245	-1787.15
639	0.352209	0.352431	-1786.82
640	0.35852	0.3529	-1792.22
641	0.354404	0.353016	-1793.98
642	0.353546	0.353056	-1795.27
643	0.353069	0.353057	-1794.23
644	0.356295	0.353306	-1797.16
645	0.354963	0.353434	-1799.58
646	0.360399	0.35397	-1804.04
647	0.343798	0.353187	-1798.47
648	0.360745	0.353769	-1805.88
649	0.355484	0.353901	-1807.72
650	0.348901	0.353516	-1802.25
651	0.352157	0.353419	-1801.13
652	0.349769	0.353158	-1796.91
653	0.346736	0.352699	-1791.32
654	0.348637	0.352409	-1787.55
655	0.353527	0.352489	-1788.26
656	0.346214	0.352041	-1782.16
657	0.353829	0.352169	-1780.89
658	0.353641	0.352274	-1783.25
659	0.353965	0.352395	-1787.1
660	0.350089	0.35223	-1784.8
661	0.347981	0.351926	-1780.25
662	0.338373	0.350958	-1771.93
663	0.342263	0.350337	-1765.39
664	0.341521	0.349708	-1762.35
665	0.358622	0.350344	-1766.67
666	0.345952	0.35003	-1763.24
667	0.349881	0.35002	-1762.83
668	0.353328	0.350256	-1764.9
669	0.343481	0.349772	-1761.19
670	0.346302	0.349524	-1758.59
671	0.350401	0.349587	-1758.48
672	0.3479	0.349466	-1758.76
673	0.357503	0.35004	-1766.48
674	0.350293	0.350059	-1766.01
675	0.358053	0.35063	-1771.44
676	0.359409	0.351257	-1777.04
677	0.351726	0.35129	-1777.86
678	0.357587	0.35174	-1784.86
679	0.34895	0.351541	-1782.11
680	0.352561	0.351613	-1780.67
681	0.35712	0.352007	-1785.46
682	0.351215	0.35195	-1784.36
683	0.356056	0.352243	-1787.73
684	0.347272	0.351888	-1784.07
685	0.344462	0.351358	-1778.47
686	0.351504	0.351368	-1778.5
687	0.352862	0.351475	-1779.26
688	0.343174	0.350882	-1773.01
689	0.355241	0.351193	-1776.94
690	0.357344	0.351633	-1782.9
691	0.351529	0.351625	-1783.53
692	0.348486	0.351401	-1780.94
693	0.348707	0.351209	-1779.15
694	0.351901	0.351258	-1778.39
695	0.349442	0.351128	-1776.35
696	0.348486	0.35094	-1774.55
697	0.356526	0.351339	-1778.7
698	0.348091	0.351107	-1776.77
699	0.352766	0.351225	-1778
700	0.354959	0.351492	-1778.48
701	0.356507	0.351826	-1781.64
702	0.35525	0.352055	-1782.78
703	0.352346	0.352074	-1782.73
704	0.355611	0.35231	-1785.93
705	0.35865	0.352732	-1789.48
706	0.351818	0.352671	-1789.34
707	0.350344	0.352516	-1788.51
708	0.358805	0.352936	-1791.09
709	0.357384	0.353232	-1792.67
710	0.349745	0.353	-1791.08
711	0.355828	0.353188	-1793.73
712	0.350698	0.353022	-1793.69
713	0.351477	0.352919	-1793.02
714	0.353896	0.352984	-1793.03
715	0.352432	0.352947	-1793.41
716	0.341306	0.352171	-1785.83
717	0.352946	0.352223	-1786.31
718	0.349288	0.352027	-1784.83
719	0.351727	0.352007	-1784.81
720	0.361537	0.352643	-1793.58
721	0.354771	0.352785	-1795.74
722	0.351937	0.352728	-1794.97
723	0.35126	0.35263	-1796.18
724	0.352111	0.352596	-1795.5
725	0.35034	0.352445	-1795.05
726	0.344789	0.351935	-1788.62
727	0.352253	0.351956	-1787.21
728	0.349603	0.351799	-1786.05
729	0.345551	0.351383	-1781.55
730	0.353091	0.351496	-1781.68
731	0.355588	0.351769	-1784.17
732	0.350021	0.351653	-1782.36
733	0.356664	0.351987	-1785.25
734	0.347625	0.351696	-1781.92
735	0.349475	0.351548	-1780.5
736	0.357127	0.35192	-1786.73
737	0.350925	0.351853	-1786.6
738	0.346386	0.351489	-1783.4
739	0.354596	0.351696	-1786.2
740	0.347321	0.351404	-1783.89
741	0.347898	0.351171	-1780.54
742	0.356316	0.351514	-1784.9
743	0.347556	0.35125	-1782.62
744	0.350792	0.351219	-1780.84
745	0.348738	0.351054	-1777.78
746	0.35367	0.351228	-1778.05
747	0.358429	0.351708	-1782.49
748	0.349419	0.351556	-1780.98
749	0.365106	0.352459	-1791.6
750	0.346092	0.352035	-1787.56
751	0.344676	0.351575	-1783.03
752	0.354466	0.351755	-1784.39
753	0.343965	0.351268	-1779.54
754	0.354174	0.35145	-1781.65
755	0.361451	0.352075	-1790.33
756	0.3567	0.352364	-1793.52
757	0.349194	0.352166	-1791.75
758	0.346959	0.351841	-1789.19
759	0.354206	0.351988	-1788.46
760	0.359586	0.352463	-1795.65
761	0.348724	0.35223	-1794.06
762	0.352053	0.352219	-1793.95
763	0.355395	0.352417	-1795.32
764	0.344887	0.351946	-1789.76
765	0.352786	0.351999	-1790.23
766	0.355369	0.35221	-1793.17
767	0.358921	0.352629	-1798.21
768	0.355394	0.352802	-1799.19
769	0.347373	0.352463	-1794.56
770	0.356766	0.352731	-1795.61
771	0.353502	0.35278	-1794.68
772	0.34404	0.352233	-1789.53
773	0.350606	0.352132	-1786.81
774	0.339889	0.351367	-1778.48
775	0.34754	0.351127	-1775.92
776	0.351883	0.351175	-1776.11
777	0.354162	0.351361	-1777.39
778	0.350617	0.351315	-1778.03
779	0.350219	0.351246	-1777.8
780	0.334549	0.350203	-1767.65
781	0.346636	0.34998	-1765.46
782	0.35429	0.350249	-1766.97
783	0.358131	0.350742	-1772.88
784	0.353573	0.350919	-1774.59
785	0.351382	0.350948	-1774.77
786	0.355105	0.351208	-1777.42
787	0.353916	0.351377	-1779.43
788	0.36164	0.352018	-1785.46
789	0.354592	0.352179	-1786.11
790	0.350451	0.352071	-1785.83
791	0.357529	0.352412	-1790.25
792	0.352196	0.352399	-1789.84
793	0.355296	0.35258	-1790.79
794	0.352961	0.352604	-1792.77
795	0.351512	0.352535	-1792.02
796	0.352403	0.352527	-1790.52
797	0.351472	0.352461	-1789.92
798	0.344543	0.351966	-1784.74
799	0.347153	0.351666	-1782.16
800	0.346917	0.351369	-1780.24
801	0.351653	0.351385	-1779.87
802	0.355324	0.351617	-1781.02
803	0.366206	0.352475	-1790.15
804	0.352814	0.352495	-1790.22
805	0.352242	0.35248	-1789.67
806	0.352473	0.35248	-1790.15
807	0.353367	0.352532	-1789.83
808	0.350787	0.352429	-1789.66
809	0.355776	0.352626	-1791.9
810	0.341042	0.351945	-1784.32
811	0.351198	0.351901	-1784.97
812	0.359017	0.352319	-1790.14
813	0.348417	0.35209	-1787.79
814	0.342289	0.351513	-1781.3
815	0.351063	0.351487	-1780.74
816	0.362599	0.352141	-1787.19
817	0.352613	0.352168	-1788.69
818	0.356489	0.352422	-1792.09
819	0.35384	0.352506	-1792.54
820	0.346195	0.352135	-1788.48
821	0.356346	0.352382	-1790.83
822	0.348353	0.352145	-1788.36
823	0.343221	0.35162	-1784
824	0.354611	0.351796	-1786.31
825	0.349889	0.351684	-1783.69
826	0.354056	0.351824	-1784.22
827	0.354765	0.351997	-1785.1
828	0.352434	0.352022	-1784.07
829	0.356484	0.352285	-1787.53
830	0.339535	0.351535	-1779.01
831	0.346313	0.351228	-1776.08
832	0.351947	0.35127	-1776.55
833	0.352851	0.351363	-1777.81
834	0.350146	0.351291	-1776.33
835	0.35159	0.351309	-1777.38
836	0.354464	0.351495	-1780.02
837	0.354137	0.35165	-1779.9
838	0.353681	0.351769	-1780.99
839	0.354515	0.351931	-1781.96
840	0.347375	0.351663	-1779.4
841	0.351858	0.351674	-1779.2
842	0.339885	0.350981	-1772.57
843	0.351437	0.351008	-1772.23
844	0.346279	0.35073	-1768.43
845	0.350807	0.350734	-1769.21
846	0.357156	0.351112	-1773.72
847	0.354917	0.351336	-1775.56
848	0.345264	0.350978	-1771.61
849	0.350939	0.350976	-1769.93
850	0.359302	0.351466	-1775.76
851	0.351822	0.351486	-1777.62
852	0.353765	0.351612	-1779.66
853	0.358224	0.35198	-1782.75
854	0.36598	0.352757	-1793.01
855	0.350717	0.352644	-1793.02
856	0.350537	0.352527	-1792.42
857	0.354728	0.352649	-1792.31
858	0.357981	0.352946	-1796.07
859	0.350472	0.352808	-1795.09
860	0.350298	0.352669	-1793.08
861	0.352766	0.352674	-1793.58
862	0.362361	0.353212	-1798.57
863	0.350702	0.353073	-1797.99
864	0.342096	0.352463	-1789.63
865	0.35131	0.352399	-1788.57
866	0.354	0.352488	-1789.17
867	0.351511	0.352434	-1789.64
868	0.354753	0.352563	-1790.49
869	0.36053	0.353005	-1795.03
870	0.351088	0.352899	-1795.13
871	0.343248	0.352363	-1791.36
872	0.355672	0.352546	-1794.88
873	0.344424	0.352095	-1789.29
874	0.35356	0.352176	-1790.1
875	0.349972	0.352054	-1789.85
876	0.34598	0.351717	-1787.39
877	0.345253	0.351357	-1783.73
878	0.352694	0.351432	-1785.08
879	0.35342	0.351542	-1784.65
880	0.359438	0.351981	-1788.78
881	0.352207	0.351993	-1788.62
882	0.358997	0.352383	-1790.81
883	0.352774	0.352404	-1790.59
884	0.357385	0.352681	-1792.91
885	0.358448	0.353001	-1795.41
886	0.353867	0.353049	-1796.08
887	0.356139	0.353221	-1797.67
888	0.347253	0.35289	-1793.51
889	0.35181	0.35283	-1792.1
890	0.349815	0.352662	-1789.89
891	0.349872	0.352507	-1789.49
892	0.348891	0.352306	-1786.99
893	0.349409	0.352145	-1785.43
894	0.364528	0.352833	-1792.72
895	0.346009	0.352454	-1789.59
896	0.345869	0.352088	-1786.67
897	0.351128	0.352035	-1785.4
898	0.34434	0.351607	-1782.8
899	0.355586	0.351828	-1783.78
900	0.343832	0.351384	-1778
901	0.345135	0.351055	-1774.36
902	0.34215	0.350587	-1769.35
903	0.342849	0.350179	-1764.73
904	0.353321	0.350345	-1767.37
905	0.359771	0.350841	-1773.77
906	0.348139	0.350699	-1771.56
907	0.349091	0.350614	-1770.72
908	0.352974	0.350738	-1769.96
909	0.358038	0.351122	-1773.66
910	0.3565	0.351406	-1776.96
911	0.351926	0.351433	-1779.23
912	0.353623	0.351548	-1780.61
913	0.354743	0.351716	-1782.24
914	0.354907	0.351884	-1783.71
915	0.355388	0.352069	-1786.87
916	0.350548	0.351989	-1785.49
917	0.354657	0.352129	-1787.21
918	0.345264	0.351768	-1783.34
919	0.344425	0.351381	-1779.62
920	0.353063	0.35147	-1779.34
921	0.350296	0.351408	-1778.7
922	0.352133	0.351446	-1780.08
923	0.344315	0.351071	-1777.03
924	0.348366	0.350929	-1776.24
925	0.354563	0.35112	-1777.4
926	0.348905	0.351003	-1775.77
927	0.347957	0.350843	-1772.52
928	0.352162	0.350912	-1773.48
929	0.359091	0.351343	-1778.83
930	0.361623	0.351884	-1784.52
931	0.351942	0.351887	-1786.27
932	0.36674	0.352669	-1793.86
933	0.350232	0.35254	-1792.65
934	0.355062	0.352673	-1793
935	0.343987	0.352216	-1788.14
936	0.350432	0.352122	-1787.99
937	0.358976	0.352483	-1791.45
938	0.347076	0.352198	-1788.22
939	0.346199	0.351883	-1785.98
940	0.356324	0.352116	-1787.26
941	0.351867	0.352103	-1786.87
942	0.362707	0.352661	-1793.05
943	0.357039	0.352892	-1796.42
944	0.35457	0.35298	-1798.25
945	0.358925	0.353293	-1800.61
946	0.338365	0.352507	-1793.15
947	0.35589	0.352685	-1794.45
948	0.345012	0.352281	-1789.42
949	0.355073	0.352428	-1789.26
950	0.351352	0.352372	-1788.48
951	0.350587	0.352282	-1787.1
952	0.352504	0.352294	-1787.79
953	0.355057	0.352432	-1789.09
954	0.345483	0.352084	-1785.77
955	0.354898	0.352225	-1787.4
956	0.343829	0.351805	-1783.68
957	0.352988	0.351864	-1783.49
958	0.34479	0.351511	-1780.14
959	0.342032	0.351037	-1774.99
960	0.348815	0.350926	-1775.39
961	0.351625	0.350961	-1776.04
962	0.348711	0.350848	-1775.01
963	0.344606	0.350536	-1772.06
964	0.354845	0.350751	-1773.87
965	0.352925	0.35086	-1774.25
966	0.347149	0.350675	-1771.95
967	0.358473	0.351064	-1775.63
968	0.36041	0.351532	-1779.4
969	0.3517	0.35154	-1780.62
970	0.341644	0.351045	-1775.23
971	0.351806	0.351083	-1775.4
972	0.362766	0.351668	-1780.93
973	0.356641	0.351916	-1784.59
974	0.347491	0.351695	-1783.62
975	0.344441	0.351332	-1779.68
976	0.361232	0.351827	-1784.84
977	0.353475	0.35191	-1785.5
978	0.352998	0.351964	-1785.58
979	0.355037	0.352118	-1785.91
980	0.343532	0.351688	-1781.18
981	0.351116	0.35166	-1780.75
982	0.353689	0.351761	-1782.25
983	0.349751	0.351661	-1780.63
984	0.35016	0.351586	-1779.63
985	0.342015	0.351107	-1774.41
986	0.349615	0.351033	-1774.57
987	0.349506	0.350956	-1774.53
988	0.349273	0.350872	-1773.56
989	0.352102	0.350934	-1774.6
990	0.348405	0.350807	-1773.03
991	0.349201	0.350727	-1771.37
992	0.344089	0.350395	-1769.14
993	0.355142	0.350632	-1771.52
994	0.357586	0.35098	-1775.56
995	0.354174	0.35114	-1776.47
996	0.358523	0.351509	-1779.29
997	0.349784	0.351423	-1779.32
998	0.35145	0.351424	-1779.38
999	0.354923	0.351599	-1780.89
1000	0.363627	0.3522	-1787.39
1001	0.350163	0.352103	-1788.17
1002	0.35102	0.352052	-1789.84
1003	0.349924	0.35195	-1788.06
1004	0.354617	0.352077	-1788.85
1005	0.352957	0.352119	-1788.58
1006	0.345543	0.351806	-1785.09
1007	0.355509	0.351982	-1785.93
1008	0.34306	0.351558	-1782.3
1009	0.352188	0.351588	-1782.69
1010	0.353313	0.35167	-1784.15
1011	0.35837	0.351989	-1788.21
1012	0.355491	0.352156	-1790.51
1013	0.355167	0.352299	-1791.02
1014	0.354474	0.352402	-1792.8
1015	0.360064	0.352767	-1795.7
1016	0.341192	0.352216	-1789.21
1017	0.357169	0.352452	-1790.71
1018	0.357511	0.352693	-1793.29
1019	0.35951	0.353017	-1795.81
1020	0.352211	0.352979	-1795.55
1021	0.358148	0.353225	-1797.81
1022	0.350964	0.353118	-1796.6
1023	0.358353	0.353367	-1799.22
1024	0.368715	0.354098	-1807.79
1025	0.342364	0.353539	-1801.58
1026	0.340068	0.352898	-1795.7
1027	0.35046	0.352781	-1793.97
1028	0.347378	0.352524	-1791.1
1029	0.34881	0.352347	-1789.79
1030	0.348806	0.352179	-1788.4
1031	0.346009	0.351885	-1785.52
1032	0.353308	0.351953	-1785.77
1033	0.347953	0.351762	-1784.1
1034	0.34728	0.351549	-1781.43
1035	0.348023	0.351381	-1780.51
1036	0.352334	0.351426	-1780.76
1037	0.352748	0.351489	-1782.58
1038	0.349436	0.351391	-1781.94
1039	0.360534	0.351827	-1786.63
1040	0.352246	0.351847	-1787.09
1041	0.357215	0.352102	-1791.02
1042	0.354751	0.352228	-1791.93
1043	0.356183	0.352417	-1793.78
1044	0.357335	0.352651	-1794.86
1045	0.360488	0.353024	-1798.84
1046	0.347071	0.352741	-1795.98
1047	0.346263	0.352432	-1792.46
1048	0.348919	0.352265	-1791.19
1049	0.351571	0.352232	-1790.51
1050	0.343959	0.351838	-1786.07
1051	0.350487	0.351777	-1784.61
1052	0.352308	0.351801	-1784.18
1053	0.356104	0.351996	-1786.25
1054	0.357404	0.352242	-1788.73
1055	0.358042	0.352506	-1791.59
1056	0.360671	0.352877	-1796.41
1057	0.351655	0.352821	-1796.1
1058	0.354362	0.352891	-1796.83
1059	0.351606	0.352833	-1795.35
1060	0.354432	0.352906	-1795.5
1061	0.352447	0.352885	-1795.66
1062	0.351295	0.352813	-1794.7
1063	0.352854	0.352814	-1795.07
1064	0.353245	0.352834	-1795.14
1065	0.355326	0.352947	-1797.05
1066	0.343947	0.352538	-1791.81
1067	0.357421	0.35276	-1793.88
1068	0.351518	0.352704	-1793.98
1069	0.353368	0.352734	-1794.66
1070	0.349818	0.352601	-1793.73
1071	0.352433	0.352594	-1794.65
1072	0.342352	0.352128	-1789.91
1073	0.35312	0.352173	-1789.23
1074	0.352039	0.352167	-1790.27
1075	0.346667	0.351917	-1788.4
1076	0.353677	0.351997	-1789.17
1077	0.347169	0.351778	-1786.26
1078	0.349382	0.351669	-1783.9
1079	0.357017	0.351912	-1786.69
1080	0.346867	0.351683	-1784.1
1081	0.342306	0.351256	-1779.78
1082	0.355413	0.351445	-1780.65
1083	0.350674	0.35141	-1781.69
1084	0.357	0.351664	-1784.61
1085	0.361231	0.352099	-1788.43
1086	0.348666	0.351943	-1785.72
1087	0.355079	0.352086	-1786.96
1088	0.352733	0.352115	-1787.11
1089	0.355139	0.352253	-1788.28
1090	0.351536	0.35222	-1787.46
1091	0.350794	0.352155	-1786.74
1092	0.349002	0.352012	-1784.59
1093	0.358208	0.352293	-1788.4
1094	0.353131	0.352332	-1789.18
1095	0.346511	0.352067	-1786.68
1096	0.351215	0.352028	-1787.23
1097	0.33486	0.351248	-1779.44
1098	0.347174	0.351063	-1776.94
1099	0.351982	0.351104	-1777.3
1100	0.348767	0.350998	-1775.9
1101	0.358632	0.35133	-1778.34
1102	0.356826	0.351569	-1780.75
1103	0.348063	0.351417	-1779.75
1104	0.345571	0.351162	-1776.65
1105	0.360602	0.351573	-1779.79
1106	0.353057	0.351637	-1780.23
1107	0.35331	0.35171	-1781.29
1108	0.350888	0.351674	-1780.3
1109	0.341394	0.351227	-1774.74
1110	0.341428	0.350801	-1769.91
1111	0.345569	0.350574	-1768.08
1112	0.353727	0.350711	-1769.26
1113	0.354447	0.350873	-1771.63
1114	0.362557	0.351381	-1776.6
1115	0.353838	0.351488	-1778.06
1116	0.352938	0.351551	-1778.24
1117	0.356931	0.351785	-1779.7
1118	0.350512	0.35173	-1777.99
1119	0.356394	0.351933	-1781.54
1120	0.353848	0.352016	-1782.3
1121	0.355908	0.352185	-1783.72
1122	0.354341	0.352279	-1784.69
1123	0.348071	0.352096	-1782.55
1124	0.35488	0.352217	-1783.73
1125	0.344973	0.351902	-1780.34
1126	0.352368	0.351922	-1781.18
1127	0.35123	0.351892	-1781.8
1128	0.35682	0.352106	-1784.38
1129	0.357107	0.352324	-1787.48
1130	0.356939	0.352524	-1790.9
1131	0.35939	0.352823	-1794.6
1132	0.360139	0.353141	-1798.98
1133	0.351822	0.353084	-1798.14
1134	0.350954	0.352991	-1797.36
1135	0.352988	0.352991	-1796.25
1136	0.355503	0.3531	-1797.84
1137	0.354635	0.353167	-1797.89
1138	0.348916	0.352982	-1794.93
1139	0.355979	0.353112	-1795.66
1140	0.347311	0.35286	-1792.85
1141	0.358831	0.35312	-1795.41
1142	0.349016	0.352941	-1793.8
1143	0.354388	0.353004	-1794.91
1144	0.352463	0.352981	-1794.13
1145	0.352016	0.352939	-1794.12
1146	0.346993	0.35268	-1791.52
1147	0.355044	0.352783	-1793.27
1148	0.355642	0.352907	-1794.62
1149	0.35136	0.35284	-1793.46
1150	0.347076	0.352589	-1791.71
1151	0.358321	0.352828	-1794.21
1152	0.353576	0.352859	-1795.18
1153	0.347571	0.352639	-1793.03
1154	0.357098	0.352825	-1795.45
1155	0.346854	0.352576	-1793.82
1156	0.353297	0.352606	-1794.63
1157	0.354228	0.352674	-1794.54
1158	0.358385	0.352912	-1797.74
1159	0.348652	0.352734	-1794.59
1160	0.351214	0.352671	-1794.97
1161	0.339264	0.352112	-1788.21
1162	0.349509	0.352004	-1787.03
1163	0.352063	0.352006	-1787.85
1164	0.350244	0.351933	-1788.55
1165	0.355311	0.352074	-1790.46
1166	0.353261	0.352123	-1790.47
1167	0.35607	0.352287	-1791.99
1168	0.356589	0.352467	-1793.21
1169	0.361573	0.352846	-1796.95
1170	0.349314	0.352699	-1795.37
1171	0.356007	0.352837	-1797.37
1172	0.356129	0.352974	-1798.74
1173	0.352471	0.352953	-1799.81
1174	0.354226	0.353006	-1799.27
1175	0.358415	0.353231	-1802.12
1176	0.3473	0.352984	-1799.98
1177	0.35436	0.353042	-1801.44
1178	0.350646	0.352942	-1797.99
1179	0.343134	0.352533	-1794.48
1180	0.352834	0.352546	-1793.88
1181	0.348028	0.352357	-1790.91
1182	0.356935	0.352548	-1793.49
1183	0.357077	0.352737	-1795.58
1184	0.353808	0.352782	-1796.13
1185	0.350282	0.352677	-1795.02
1186	0.345126	0.352363	-1791.5
1187	0.352235	0.352357	-1791.9
1188	0.34748	0.352154	-1790.06
1189	0.347854	0.351975	-1788.04
1190	0.35385	0.352053	-1790.25
1191	0.347487	0.351863	-1789.66
1192	0.356867	0.352071	-1793.13
1193	0.352065	0.352071	-1793.45
1194	0.356991	0.352276	-1795.44
1195	0.349956	0.352179	-1793.66
1196	0.361522	0.352569	-1796.92
1197	0.352197	0.352553	-1796.36
1198	0.354484	0.352634	-1797.72
1199	0.349456	0.352501	-1796.46
1200	0.356474	0.352667	-1797
1201	0.355383	0.352775	-1798.33
1202	0.34863	0.35261	-1797.06
1203	0.352285	0.352597	-1796.56
1204	0.353438	0.35263	-1796.15
1205	0.34757	0.352428	-1794.22
1206	0.355003	0.352531	-1794.52
1207	0.360429	0.352847	-1796.19
1208	0.344737	0.352522	-1791.65
1209	0.340967	0.35206	-1787.39
1210	0.343847	0.351732	-1783.96
1211	0.353551	0.351804	-1784.7
1212	0.352484	0.351832	-1785.28
1213	0.357211	0.352047	-1788.17
1214	0.353438	0.352102	-1789.36
1215	0.352024	0.352099	-1789.58
1216	0.35404	0.352177	-1791.4
1217	0.350046	0.352092	-1790.6
1218	0.35465	0.352194	-1791.57
1219	0.358276	0.352437	-1793.67
1220	0.34799	0.352259	-1791.88
1221	0.354059	0.352331	-1791.94
1222	0.349925	0.352235	-1789.65
1223	0.34567	0.351973	-1785.92
1224	0.352328	0.351987	-1784.37
1225	0.35921	0.352276	-1786.92
1226	0.352101	0.352269	-1787.08
1227	0.354352	0.352352	-1788.53
1228	0.351252	0.352308	-1787.59
1229	0.348135	0.352141	-1785.29
1230	0.350995	0.352095	-1785.21
1231	0.356531	0.352273	-1787.63
1232	0.356034	0.352423	-1789.68
1233	0.351205	0.352374	-1789.2
1234	0.345352	0.352094	-1786.73
1235	0.342156	0.351696	-1782.6
1236	0.350993	0.351668	-1782.15
1237	0.361341	0.352055	-1786.74
1238	0.355462	0.352191	-1788.51
1239	0.364249	0.352673	-1793.85
1240	0.360429	0.352984	-1797.21
1241	0.357119	0.353149	-1799.54
1242	0.351323	0.353076	-1799.16
1243	0.349416	0.35293	-1797.04
1244	0.351322	0.352865	-1796.95
1245	0.350032	0.352752	-1795.9
1246	0.347542	0.352544	-1793.69
1247	0.361996	0.352922	-1797.98
1248	0.359306	0.353177	-1800.43
1249	0.355475	0.353269	-1801.17
1250	0.351896	0.353214	-1799.49
1251	0.356672	0.353347	-1800.21
1252	0.349451	0.353197	-1798.06
1253	0.344008	0.352844	-1793.77
1254	0.34541	0.352558	-1790.73
1255	0.349572	0.352443	-1789.84
1256	0.351806	0.352419	-1789.02
1257	0.343938	0.352092	-1787.08
1258	0.354681	0.352192	-1789.1
1259	0.364871	0.35268	-1794.08
1260	0.355075	0.352772	-1794.47
1261	0.352142	0.352748	-1793.73
1262	0.361613	0.353089	-1797.6
1263	0.345172	0.352784	-1794.44
1264	0.344731	0.352474	-1790.9
1265	0.3502	0.352387	-1790.4
1266	0.348686	0.352244	-1789.57
1267	0.353397	0.352289	-1789.75
1268	0.358961	0.352545	-1793.4
1269	0.347802	0.352363	-1791.17
1270	0.341604	0.351949	-1786.33
1271	0.351735	0.351941	-1785.5
1272	0.361406	0.352305	-1789.46
1273	0.357352	0.352499	-1791.23
1274	0.351413	0.352457	-1790.86
1275	0.344966	0.352169	-1789.23
1276	0.351978	0.352162	-1788.98
1277	0.346766	0.351954	-1787.21
1278	0.357056	0.352151	-1788.63
1279	0.35703	0.352338	-1791.66
1280	0.345131	0.352061	-1788.49
1281	0.359956	0.352365	-1791.37
1282	0.357076	0.352546	-1792.85
1283	0.341886	0.352136	-1789.05
1284	0.34869	0.352003	-1787.31
1285	0.362824	0.35242	-1792.48
1286	0.353572	0.352464	-1792.51
1287	0.353299	0.352496	-1791.85
1288	0.355108	0.352596	-1793.33
1289	0.346708	0.35237	-1791.91
1290	0.35285	0.352388	-1792.26
1291	0.353119	0.352416	-1792.43
1292	0.352135	0.352406	-1792.1
1293	0.347217	0.352206	-1790.02
1294	0.349596	0.352106	-1788.66
1295	0.343938	0.351792	-1784.52
1296	0.349024	0.351685	-1782.68
1297	0.349518	0.351602	-1781.83
1298	0.35513	0.351737	-1783.3
1299	0.352144	0.351753	-1782.7
1300	0.348693	0.351635	-1780.9
1301	0.345347	0.351402	-1778.72
1302	0.354661	0.351523	-1780.11
1303	0.357126	0.351731	-1782.07
1304	0.354495	0.351833	-1783.74
1305	0.351518	0.351821	-1784.21
1306	0.355555	0.35196	-1786.55
1307	0.355943	0.352107	-1787.78
1308	0.348871	0.351987	-1786.51
1309	0.348799	0.351869	-1786.21
1310	0.362146	0.35225	-1790.08
1311	0.354962	0.35235	-1790.81
1312	0.345539	0.352098	-1787.87
1313	0.352993	0.352131	-1788.15
1314	0.356694	0.3523	-1790.22
1315	0.351521	0.352271	-1790.34
1316	0.349575	0.352171	-1789.34
1317	0.348923	0.352051	-1787.76
1318	0.349964	0.351974	-1788.16
1319	0.352052	0.351977	-1788.25
1320	0.346837	0.351786	-1785.95
1321	0.358575	0.352038	-1788.45
1322	0.343697	0.351729	-1785.04
1323	0.359493	0.352016	-1788.48
1324	0.348813	0.351898	-1787.56
1325	0.35227	0.351912	-1787.63
1326	0.358965	0.352173	-1790.7
1327	0.355082	0.352281	-1792.15
1328	0.348739	0.352149	-1790.13
1329	0.358752	0.352394	-1792.45
1330	0.344471	0.3521	-1789.99
1331	0.352962	0.352132	-1791.75
1332	0.345186	0.351875	-1788.6
1333	0.347979	0.351731	-1786.66
1334	0.354078	0.351818	-1787.7
1335	0.355733	0.351963	-1787.78
1336	0.352674	0.351989	-1787.25
1337	0.360319	0.352298	-1789.99
1338	0.360302	0.352594	-1793.07
1339	0.352545	0.352592	-1792.45
1340	0.337269	0.352025	-1787.13
1341	0.349261	0.351922	-1785.73
1342	0.349052	0.351816	-1785.16
1343	0.35713	0.352013	-1786.95
1344	0.357963	0.352233	-1789.72
1345	0.354794	0.352328	-1790.34
1346	0.361113	0.352653	-1792.64
1347	0.357076	0.352817	-1793.81
1348	0.349013	0.352676	-1792.52
1349	0.353423	0.352704	-1792.84
1350	0.355823	0.35282	-1794.12
1351	0.351862	0.352785	-1793.21
1352	0.353973	0.352828	-1793.95
1353	0.348459	0.352672	-1792.69
1354	0.348892	0.352537	-1790.54
1355	0.345596	0.352289	-1787.56
1356	0.348608	0.352157	-1786.7
1357	0.34728	0.351983	-1785.75
1358	0.351201	0.351955	-1786.06
1359	0.35784	0.352165	-1788.27
1360	0.357956	0.352372	-1790.01
1361	0.358377	0.352587	-1792.9
1362	0.358852	0.35281	-1795.35
1363	0.354028	0.352854	-1795.52
1364	0.339665	0.352383	-1791.19
1365	0.349688	0.352287	-1790.01
1366	0.35895	0.352525	-1792.43
1367	0.353176	0.352548	-1793.06
1368	0.35737	0.35272	-1794.52
1369	0.354416	0.352781	-1794.6
1370	0.338893	0.352285	-1789.55
1371	0.356088	0.35242	-1790.89
1372	0.355761	0.35254	-1792.22
1373	0.350166	0.352455	-1791.85
1374	0.34468	0.352177	-1789.7
1375	0.354829	0.352272	-1791.81
1376	0.358843	0.352507	-1794.84
1377	0.349998	0.352417	-1794.25
1378	0.347185	0.35223	-1791.89
1379	0.344782	0.351964	-1790.22
1380	0.347793	0.351815	-1788.31
1381	0.345803	0.3516	-1785.77
1382	0.344595	0.35135	-1783.43
1383	0.351913	0.35137	-1783.31
1384	0.351635	0.35138	-1784.27
1385	0.35143	0.351382	-1785.44
1386	0.351051	0.35137	-1786.26
1387	0.353114	0.351432	-1786.86
1388	0.356517	0.351614	-1789.46
1389	0.353362	0.351676	-1790.06
1390	0.355358	0.351808	-1790.54
1391	0.353281	0.35186	-1791.18
1392	0.354487	0.351954	-1792.09
1393	0.35911	0.35221	-1795.37
1394	0.352107	0.352206	-1795.06
1395	0.358834	0.352443	-1796.1
1396	0.358376	0.352655	-1798.73
1397	0.354422	0.352718	-1800.29
1398	0.355049	0.352801	-1801.59
1399	0.357056	0.352953	-1802.78
1400	0.361988	0.353276	-1805.81
1401	0.35564	0.353357	-1806.19
1402	0.347184	0.353144	-1803.98
1403	0.352475	0.353121	-1803.31
1404	0.352235	0.353091	-1803.64
1405	0.348722	0.35294	-1802.43
1406	0.353876	0.352972	-1802.84
1407	0.351744	0.35293	-1802.02
1408	0.353208	0.35294	-1801.76
1409	0.355747	0.353036	-1801.91
1410	0.351256	0.352975	-1801.16
1411	0.353897	0.353007	-1801.45
1412	0.349255	0.352877	-1799.87
1413	0.352509	0.352865	-1800
1414	0.353168	0.352875	-1799.91
1415	0.349792	0.352769	-1799.32
1416	0.360025	0.353019	-1800.76
1417	0.356777	0.353149	-1801.63
1418	0.353612	0.353165	-1802.61
1419	0.357003	0.353297	-1804.24
1420	0.360094	0.353531	-1806.66
1421	0.366522	0.353979	-1810.7
1422	0.351804	0.353904	-1810.43
1423	0.35725	0.35402	-1812.03
1424	0.363781	0.354356	-1815.81
1425	0.351639	0.354263	-1814.54
1426	0.35402	0.354254	-1813.13
1427	0.356184	0.354321	-1812.81
1428	0.350083	0.354175	-1810.67
1429	0.350849	0.35406	-1808.27
1430	0.34606	0.353784	-1804.89
1431	0.350477	0.35367	-1804.23
1432	0.345321	0.353382	-1801.84
1433	0.352532	0.353353	-1801.02
1434	0.355783	0.353437	-1802.97
1435	0.35171	0.353377	-1802.5
1436	0.355608	0.353454	-1804.1
1437	0.351632	0.353391	-1802.99
1438	0.355071	0.353449	-1803.72
1439	0.355298	0.353513	-1804.33
1440	0.357618	0.353654	-1805.2
1441	0.345463	0.353372	-1802.48
1442	0.350652	0.353278	-1800.74
1443	0.357041	0.353408	-1802.24
1444	0.351491	0.353342	-1801.67
1445	0.35514	0.353404	-1802.85
1446	0.359581	0.353617	-1804.4
1447	0.355175	0.353671	-1805.36
1448	0.351081	0.353581	-1804.68
1449	0.357581	0.353719	-1805.99
1450	0.349402	0.35357	-1803.35
1451	0.349872	0.353447	-1802
1452	0.349902	0.353329	-1801.35
1453	0.352319	0.353295	-1801.5
1454	0.354972	0.353351	-1802.09
1455	0.352827	0.353334	-1801.41
1456	0.352331	0.3533	-1800.94
1457	0.357314	0.353434	-1801.33
1458	0.356491	0.353536	-1802.47
1459	0.352948	0.353516	-1802.87
1460	0.349384	0.353379	-1800.27
1461	0.339936	0.35293	-1795.28
1462	0.351004	0.352866	-1795.39
1463	0.350632	0.352792	-1795.18
1464	0.347653	0.35262	-1793.72
1465	0.353588	0.352653	-1794.01
1466	0.350706	0.352588	-1793.84
1467	0.352777	0.352594	-1793.53
1468	0.350651	0.352529	-1792.82
1469	0.345652	0.3523	-1790.49
1470	0.34014	0.351895	-1786
1471	0.354687	0.351988	-1787.92
1472	0.35518	0.352094	-1788.87
1473	0.350457	0.35204	-1788.23
1474	0.354805	0.352132	-1789
1475	0.347975	0.351993	-1787.76
1476	0.349435	0.351908	-1787.06
1477	0.344841	0.351672	-1784.92
1478	0.353555	0.351735	-1785.35
1479	0.346626	0.351565	-1783.08
1480	0.358817	0.351807	-1784.56
1481	0.348102	0.351683	-1783
1482	0.338914	0.351257	-1779.17
1483	0.351695	0.351272	-1779.01
1484	0.355856	0.351425	-1781.52
1485	0.358349	0.351656	-1783.95
1486	0.358184	0.351873	-1785.72
1487	0.355953	0.352009	-1786.88
1488	0.355785	0.352135	-1788.08
1489	0.34375	0.351856	-1785.3
1490	0.349894	0.35179	-1784.84
1491	0.355684	0.35192	-1785.49
1492	0.355759	0.352048	-1786.38
1493	0.353498	0.352096	-1787.27
1494	0.356985	0.352259	-1789.42
1495	0.350133	0.352188	-1788.79
1496	0.344538	0.351933	-1785.86
1497	0.357156	0.352108	-1788.26
1498	0.347744	0.351962	-1786.75
1499	0.352049	0.351965	-1786.57
1500	0.341135	0.351604	-1783.46
1501	0.353154	0.351654	-1784.21
1502	0.348286	0.351545	-1783.2
1503	0.351111	0.351531	-1782.52
1504	0.350278	0.351491	-1781.74
1505	0.358802	0.351727	-1784.39
1506	0.352166	0.351741	-1784.18
1507	0.358962	0.351974	-1786.6
1508	0.35728	0.352145	-1788.09
1509	0.358442	0.352348	-1790.41
1510	0.354676	0.352423	-1791.32
1511	0.34026	0.352031	-1787.53
1512	0.347781	0.351894	-1785.18
1513	0.352659	0.351919	-1785.09
1514	0.350837	0.351884	-1784.99
1515	0.345261	0.35167	-1783.32
1516	0.352376	0.351693	-1784.01
1517	0.350832	0.351665	-1783.13
1518	0.349296	0.351589	-1782.28
1519	0.353228	0.351641	-1782.09
1520	0.348319	0.351534	-1781.36
1521	0.352199	0.351556	-1781.57
1522	0.340525	0.3512	-1778.35
1523	0.344059	0.35097	-1775.93
1524	0.346276	0.350818	-1774.44
1525	0.35329	0.350898	-1775.59
1526	0.355635	0.351051	-1777.81
1527	0.343782	0.350816	-1775.34
1528	0.352837	0.350881	-1776.06
1529	0.347842	0.350783	-1775.16
1530	0.352359	0.350834	-1775.95
1531	0.353278	0.350913	-1777.67
1532	0.355781	0.35107	-1778.9
1533	0.34769	0.350961	-1776.65
1534	0.352436	0.351009	-1777.17
1535	0.349046	0.350945	-1776.98
1536	0.351289	0.350956	-1777.29
1537	0.360471	0.351263	-1780.18
1538	0.344258	0.351037	-1778.5
1539	0.357218	0.351237	-1781.34
1540	0.351707	0.351252	-1782.09
1541	0.357972	0.351469	-1784.43
1542	0.348147	0.351362	-1782.38
1543	0.348991	0.351285	-1782.36
1544	0.349642	0.351232	-1782.25
1545	0.364728	0.351667	-1787.22
1546	0.35886	0.351899	-1789.55
1547	0.351554	0.351888	-1789.43
1548	0.351631	0.35188	-1788.77
1549	0.343325	0.351604	-1785.55
1550	0.351415	0.351598	-1785.1
1551	0.354759	0.351697	-1785.51
1552	0.357183	0.351868	-1787.07
1553	0.35168	0.351862	-1786.69
1554	0.350532	0.351821	-1786.3
1555	0.351853	0.351822	-1786.19
1556	0.351665	0.351817	-1786.18
1557	0.348886	0.351725	-1785.56
1558	0.3556	0.351846	-1786.86
1559	0.352902	0.351879	-1787.19
1560	0.353808	0.35194	-1788.05
1561	0.342847	0.351655	-1785.19
1562	0.348385	0.351553	-1783.17
1563	0.353995	0.35163	-1782.85
1564	0.346794	0.351478	-1780.82
1565	0.350313	0.351442	-1781.54
1566	0.357617	0.351635	-1783.82
1567	0.355045	0.351742	-1784.67
1568	0.351492	0.351734	-1784.51
1569	0.349173	0.351654	-1784.82
1570	0.354916	0.351756	-1786.52
1571	0.347665	0.351628	-1784.84
1572	0.342455	0.351341	-1782.23
1573	0.351028	0.351331	-1781.49
1574	0.351941	0.35135	-1782.54
1575	0.342998	0.351089	-1780.14
1576	0.350211	0.351062	-1780.01
1577	0.35508	0.351188	-1781.95
1578	0.350208	0.351157	-1781.24
1579	0.355351	0.351288	-1782.59
1580	0.345019	0.351092	-1780.39
1581	0.348509	0.351011	-1780.02
1582	0.351792	0.351036	-1780.42
1583	0.353005	0.351097	-1781.73
1584	0.361917	0.351435	-1786.11
1585	0.35866	0.351661	-1788.38
1586	0.355134	0.35177	-1788.78
1587	0.358175	0.35197	-1790
1588	0.351031	0.35194	-1789.87
1589	0.355392	0.352048	-1791.29
1590	0.34686	0.351886	-1789.6
1591	0.352364	0.351901	-1789.65
1592	0.354933	0.351996	-1790.87
1593	0.346738	0.351832	-1789.3
1594	0.350508	0.35179	-1789.37
1595	0.357885	0.351981	-1790.56
1596	0.350759	0.351942	-1790.32
1597	0.352806	0.351969	-1790.37
1598	0.343861	0.351716	-1786.82
1599	0.34802	0.351601	-1785.86
1600	0.350382	0.351562	-1785.83
1601	0.353489	0.351621	-1786.27
1602	0.355991	0.351753	-1787.51
1603	0.348481	0.351654	-1786.95
1604	0.346349	0.351493	-1785
1605	0.353513	0.351555	-1785.4
1606	0.351022	0.351538	-1785.76
1607	0.348802	0.351455	-1785.11
1608	0.350845	0.351437	-1785.24
1609	0.353573	0.351502	-1786.4
1610	0.359944	0.351758	-1790.07
1611	0.355392	0.351868	-1791.39
1612	0.353335	0.351912	-1792.38
1613	0.346117	0.351737	-1790.49
1614	0.348509	0.351639	-1788.87
1615	0.354716	0.351732	-1789.37
1616	0.353883	0.351797	-1789.88
1617	0.353757	0.351857	-1790.39
1618	0.347598	0.351728	-1788.41
1619	0.355963	0.351856	-1789.26
1620	0.348867	0.351765	-1788.02
1621	0.35634	0.351904	-1788.95
1622	0.352407	0.351919	-1788.53
1623	0.360302	0.352173	-1791.55
1624	0.349591	0.352095	-1789.82
1625	0.354741	0.352175	-1791.03
1626	0.346984	0.352018	-1790.11
1627	0.357732	0.352191	-1791.24
1628	0.350008	0.352125	-1790.49
1629	0.351989	0.352121	-1790.69
1630	0.357105	0.352272	-1791.66
1631	0.355909	0.352382	-1792.8
1632	0.345591	0.352176	-1790.31
1633	0.354301	0.352241	-1791.51
1634	0.351562	0.35222	-1791.73
1635	0.35335	0.352254	-1792.13
1636	0.351567	0.352233	-1792.16
1637	0.352901	0.352254	-1791.92
1638	0.349312	0.352164	-1790.17
1639	0.346512	0.351993	-1787.45
1640	0.347316	0.351851	-1785.63
1641	0.360784	0.352122	-1788.77
1642	0.351637	0.352107	-1788.69
1643	0.350629	0.352063	-1787.9
1644	0.350692	0.352021	-1787.94
1645	0.354402	0.352093	-1788.84
1646	0.355873	0.352208	-1789.74
1647	0.352684	0.352222	-1788.89
1648	0.347187	0.35207	-1787.06
1649	0.348661	0.351966	-1786.44
1650	0.351999	0.351967	-1786.77
1651	0.349003	0.35188	-1785.93
1652	0.351407	0.351866	-1785.8
1653	0.350102	0.351814	-1785.48
1654	0.338763	0.35143	-1781.67
1655	0.353337	0.351487	-1783.26
1656	0.356618	0.351637	-1785.68
1657	0.360188	0.351889	-1787.69
1658	0.348492	0.351789	-1786.77
1659	0.345342	0.351599	-1783.96
1660	0.351357	0.351592	-1783.22
1661	0.355442	0.351706	-1783.99
1662	0.353589	0.351761	-1783.72
1663	0.352544	0.351784	-1783.05
1664	0.356226	0.351915	-1783.75
1665	0.352857	0.351942	-1783.53
1666	0.357	0.352091	-1785.71
1667	0.358396	0.352277	-1787.75
1668	0.354408	0.352339	-1788.13
1669	0.353655	0.352378	-1789.2
1670	0.353119	0.3524	-1789.46
1671	0.349134	0.352304	-1788.25
1672	0.354516	0.352369	-1788.04
1673	0.352649	0.352377	-1787.33
1674	0.351423	0.352349	-1786.68
1675	0.342404	0.352056	-1783.82
1676	0.351302	0.352034	-1782.75
1677	0.355054	0.352123	-1783.29
1678	0.358566	0.352313	-1786.11
1679	0.358052	0.352481	-1787.78
1680	0.361732	0.352753	-1790.94
1681	0.350478	0.352686	-1790.27
1682	0.349508	0.352593	-1789.62
1683	0.352683	0.352596	-1790.09
1684	0.351777	0.352572	-1789.51
1685	0.341351	0.352242	-1785.89
1686	0.36033	0.352479	-1787.98
1687	0.365315	0.352857	-1791.58
1688	0.353292	0.35287	-1791.7
1689	0.347309	0.352706	-1789.78
1690	0.349096	0.3526	-1789.07
1691	0.352053	0.352584	-1789.13
1692	0.355974	0.352684	-1789.97
1693	0.351466	0.352648	-1789.78
1694	0.358855	0.35283	-1792.06
1695	0.351757	0.352799	-1791.16
1696	0.350978	0.352745	-1790.71
1697	0.364109	0.35308	-1794.81
1698	0.355133	0.35314	-1796.09
1699	0.357931	0.353281	-1797.21
1700	0.347717	0.353117	-1794.99
1701	0.351998	0.353085	-1794.52
1702	0.347911	0.352937	-1793.54
1703	0.344024	0.352683	-1791.09
1704	0.358049	0.352836	-1792.71
1705	0.351395	0.352795	-1792.21
1706	0.355276	0.352866	-1792.46
1707	0.352354	0.352851	-1792.14
1708	0.353467	0.352869	-1791.54
1709	0.348492	0.352744	-1790.64
1710	0.352864	0.352747	-1791.34
1711	0.346498	0.352569	-1790.11
1712	0.345151	0.352357	-1787.75
1713	0.353615	0.352393	-1787.85
1714	0.344936	0.352179	-1786.1
1715	0.352696	0.352194	-1785.97
1716	0.356076	0.352305	-1788.06
1717	0.36119	0.352559	-1790.73
1718	0.354091	0.352603	-1791.34
1719	0.350397	0.35254	-1791
1720	0.346255	0.35236	-1788.92
1721	0.350859	0.352317	-1788.25
1722	0.350556	0.352267	-1788.23
1723	0.350806	0.352225	-1788.45
1724	0.353857	0.352272	-1789.62
1725	0.353925	0.352319	-1790.25
1726	0.350176	0.352258	-1789.34
1727	0.354744	0.352329	-1789.54
1728	0.345416	0.352131	-1787.5
1729	0.35056	0.352086	-1787.2
1730	0.350325	0.352036	-1785.92
1731	0.346665	0.351883	-1784.44
1732	0.349283	0.351808	-1783.65
1733	0.355213	0.351906	-1784.31
1734	0.348256	0.351801	-1784.53
1735	0.357353	0.35196	-1786.3
1736	0.343338	0.351714	-1784.63
1737	0.350355	0.351675	-1784.46
1738	0.348019	0.35157	-1783.98
1739	0.350138	0.351529	-1783.59
1740	0.349218	0.351463	-1782.29
1741	0.352497	0.351493	-1782.58
1742	0.354309	0.351573	-1783.42
1743	0.352052	0.351587	-1783.15
1744	0.356833	0.351737	-1784.49
1745	0.347522	0.351617	-1783.69
1746	0.354214	0.351691	-1783.57
1747	0.35319	0.351734	-1785.02
1748	0.350857	0.351709	-1784.67
1749	0.347912	0.3516	-1783.18
1750	0.34686	0.351465	-1781.06
1751	0.341664	0.351192	-1778.41
1752	0.347949	0.351102	-1777.91
1753	0.35024	0.351078	-1778.13
1754	0.350192	0.351054	-1778.03
1755	0.352235	0.351087	-1778.43
1756	0.347615	0.35099	-1777.74
1757	0.352347	0.351028	-1778.41
1758	0.359085	0.351252	-1779.94
1759	0.357294	0.351419	-1781.89
1760	0.353756	0.351484	-1782.16
1761	0.346969	0.351359	-1780.34
1762	0.338374	0.350998	-1777.46
1763	0.356295	0.351145	-1779.42
1764	0.348628	0.351075	-1778.84
1765	0.353641	0.351147	-1779.35
1766	0.348843	0.351083	-1777.9
1767	0.354088	0.351166	-1778.16
1768	0.359457	0.351397	-1780.49
1769	0.354402	0.35148	-1781.49
1770	0.352292	0.351503	-1781.92
1771	0.352567	0.351532	-1782.6
1772	0.34837	0.351444	-1782.51
1773	0.352074	0.351462	-1783.43
1774	0.347302	0.351346	-1783.11
1775	0.345809	0.351192	-1781.74
1776	0.357151	0.351358	-1782.5
1777	0.346576	0.351225	-1780.58
1778	0.355856	0.351354	-1782.2
1779	0.359305	0.351575	-1784.89
1780	0.360747	0.351829	-1787.49
1781	0.359625	0.352046	-1790
1782	0.343088	0.351797	-1787.59
1783	0.350832	0.35177	-1786.73
1784	0.346	0.35161	-1785.14
1785	0.349087	0.35154	-1784.49
1786	0.353916	0.351606	-1785.22
1787	0.353444	0.351657	-1785.7
1788	0.346177	0.351505	-1783.84
1789	0.352539	0.351534	-1783.93
1790	0.344678	0.351343	-1782.27
1791	0.359978	0.351583	-1784.63
1792	0.352655	0.351613	-1784.71
1793	0.349187	0.351545	-1784.26
1794	0.348681	0.351466	-1783.99
1795	0.348931	0.351395	-1783.18
1796	0.353072	0.351442	-1783.42
1797	0.354207	0.351519	-1784.22
1798	0.352438	0.351544	-1784.36
1799	0.351487	0.351543	-1784.68
1800	0.355891	0.351664	-1786.5
1801	0.35351	0.351713	-1786.18
1802	0.349941	0.351666	-1786.11
1803	0.341952	0.351403	-1783.62
1804	0.343858	0.351199	-1781.38
1805	0.351432	0.351205	-1781.64
1806	0.341633	0.350947	-1779.1
1807	0.360372	0.351201	-1781.6
1808	0.34972	0.351161	-1781.16
1809	0.348572	0.351091	-1780.56
1810	0.352372	0.351126	-1780.53
1811	0.355264	0.351238	-1781.31
1812	0.347091	0.351126	-1779.48
1813	0.350398	0.351106	-1779.41
1814	0.353142	0.351161	-1779.54
1815	0.356705	0.351311	-1781.22
1816	0.346726	0.351187	-1780.32
1817	0.348487	0.351114	-1780.33
1818	0.3526	0.351154	-1781.02
1819	0.347878	0.351066	-1780
1820	0.345545	0.350916	-1778.73
1821	0.357097	0.351083	-1780.6
1822	0.35294	0.351134	-1780.97
1823	0.347334	0.351031	-1779.66
1824	0.346524	0.350909	-1778.06
1825	0.349965	0.350884	-1777.95
1826	0.345032	0.350725	-1776.51
1827	0.356271	0.350875	-1778.2
1828	0.359571	0.35111	-1780.46
1829	0.359432	0.351335	-1782.73
1830	0.34983	0.351295	-1782.12
1831	0.350416	0.351271	-1781.8
1832	0.354042	0.351346	-1783.21
1833	0.354659	0.351435	-1784.24
1834	0.352294	0.351459	-1784.48
1835	0.346803	0.351333	-1782.89
1836	0.357136	0.35149	-1784.22
1837	0.352338	0.351512	-1784.56
1838	0.354601	0.351596	-1784.78
1839	0.353034	0.351635	-1785.58
1840	0.350264	0.351598	-1785.07
1841	0.354395	0.351673	-1785.41
1842	0.348234	0.35158	-1783.35
1843	0.347116	0.35146	-1782.23
1844	0.358601	0.351653	-1783.94
1845	0.346226	0.351506	-1782.4
1846	0.354339	0.351583	-1782.91
1847	0.354244	0.351655	-1783.43
1848	0.356282	0.35178	-1784.41
1849	0.354269	0.351847	-1784.91
1850	0.351252	0.351831	-1784.91
1851	0.351736	0.351828	-1785.14
1852	0.357653	0.351982	-1786.67
1853	0.356572	0.352102	-1788.06
1854	0.361149	0.352341	-1790.49
1855	0.357403	0.352474	-1790.78
1856	0.351273	0.352442	-1790.56
1857	0.357608	0.352578	-1792.05
1858	0.351519	0.35255	-1791.63
1859	0.350844	0.352505	-1791.32
1860	0.339645	0.352167	-1787.25
1861	0.346186	0.352009	-1786.05
1862	0.360246	0.352226	-1788.13
1863	0.356988	0.352352	-1789.36
1864	0.357208	0.352479	-1790.39
1865	0.360102	0.35268	-1792.2
1866	0.356531	0.352781	-1793.69
1867	0.355599	0.352855	-1794.5
1868	0.361023	0.35307	-1797.11
1869	0.346277	0.352892	-1795.04
1870	0.349133	0.352793	-1793.79
1871	0.353154	0.352802	-1793.98
1872	0.35365	0.352824	-1793.68
1873	0.349917	0.352748	-1793.19
1874	0.354554	0.352796	-1793.9
1875	0.350961	0.352747	-1793.19
1876	0.352154	0.352732	-1792.5
1877	0.354885	0.352788	-1792.9
1878	0.350734	0.352734	-1792.2
1879	0.353499	0.352754	-1792.74
1880	0.356184	0.352845	-1793.74
1881	0.345479	0.352651	-1791.72
1882	0.35171	0.352626	-1791.89
1883	0.345928	0.35245	-1790.42
1884	0.348966	0.352358	-1788.69
1885	0.354005	0.352401	-1789.27
1886	0.350828	0.35236	-1788.87
1887	0.349121	0.352275	-1788.35
1888	0.352185	0.352272	-1788.58
1889	0.349663	0.352204	-1787.9
1890	0.350158	0.35215	-1787.51
1891	0.357497	0.352291	-1789.19
1892	0.342503	0.352033	-1786.23
1893	0.354523	0.352099	-1785.52
1894	0.351502	0.352083	-1785.06
1895	0.34458	0.351885	-1782.89
1896	0.351698	0.35188	-1782.9
1897	0.351437	0.351869	-1782.57
1898	0.35118	0.351851	-1782.15
1899	0.344779	0.351665	-1780.02
1900	0.34527	0.351496	-1778.24
1901	0.346566	0.35137	-1777.14
1902	0.343912	0.351179	-1775.52
1903	0.35279	0.35122	-1776.22
1904	0.35259	0.351255	-1777.01
1905	0.35286	0.351296	-1777.72
1906	0.363416	0.351607	-1781.58
1907	0.344954	0.351436	-1779.88
1908	0.342535	0.351208	-1777.39
1909	0.351564	0.351217	-1777.13
1910	0.354425	0.3513	-1777.74
1911	0.350208	0.351272	-1777.84
1912	0.353204	0.351321	-1778.38
1913	0.352742	0.351358	-1779
1914	0.356047	0.351478	-1779.5
1915	0.359869	0.351693	-1781.46
1916	0.35245	0.351712	-1782.32
1917	0.348562	0.351632	-1781.66
1918	0.346416	0.351498	-1780.54
1919	0.351159	0.351489	-1780.64
1920	0.349702	0.351443	-1780.15
1921	0.346279	0.351311	-1778.79
1922	0.352373	0.351338	-1779.6
1923	0.362915	0.351635	-1782.65
1924	0.347967	0.351541	-1781.76
1925	0.351008	0.351527	-1781.52
1926	0.34636	0.351395	-1780.45
1927	0.357019	0.351539	-1781.68
1928	0.343301	0.351328	-1779.38
1929	0.350488	0.351306	-1778.59
1930	0.356425	0.351437	-1780.04
1931	0.349218	0.35138	-1778.85
1932	0.346683	0.35126	-1777.33
1933	0.350449	0.351239	-1777.26
1934	0.350878	0.35123	-1777.37
1935	0.361311	0.351488	-1780.42
1936	0.357512	0.351643	-1781.62
1937	0.352908	0.351675	-1782.33
1938	0.35032	0.351641	-1782.43
1939	0.355716	0.351745	-1783.35
1940	0.348374	0.351659	-1782.01
1941	0.352782	0.351688	-1782.81
1942	0.354359	0.351756	-1783.17
1943	0.353244	0.351794	-1784.06
1944	0.350768	0.351768	-1784.6
1945	0.357432	0.351913	-1785.74
1946	0.355035	0.351993	-1786.94
1947	0.352166	0.351998	-1787.14
1948	0.34896	0.35192	-1786.84
1949	0.348495	0.351832	-1785.78
1950	0.350646	0.351801	-1784.55
1951	0.352804	0.351826	-1785.08
1952	0.353691	0.351873	-1785.54
1953	0.342857	0.351648	-1783.83
1954	0.355658	0.351748	-1784.62
1955	0.360401	0.351964	-1786.37
1956	0.352018	0.351966	-1786.28
1957	0.349949	0.351915	-1785.1
1958	0.355092	0.351995	-1786.02
1959	0.34989	0.351942	-1785.45
1960	0.345987	0.351793	-1783.79
1961	0.355543	0.351887	-1784.48
1962	0.353436	0.351926	-1785.02
1963	0.348238	0.351833	-1784.84
1964	0.345306	0.35167	-1783.75
1965	0.357751	0.351822	-1785.62
1966	0.360413	0.352037	-1786.97
1967	0.346891	0.351908	-1785.22
1968	0.355158	0.35199	-1785.54
1969	0.356789	0.35211	-1786.1
1970	0.353172	0.352136	-1786.69
1971	0.356367	0.352242	-1788.32
1972	0.351403	0.352221	-1788.45
1973	0.356299	0.352323	-1789.67
1974	0.357495	0.352452	-1790.3
1975	0.346239	0.352297	-1788.48
1976	0.351216	0.35227	-1788.25
1977	0.351557	0.352252	-1787.92
1978	0.34554	0.352084	-1786.59
1979	0.352479	0.352094	-1786.85
1980	0.356513	0.352205	-1787.98
1981	0.355479	0.352286	-1789.15
1982	0.350852	0.352251	-1788.89
1983	0.344617	0.35206	-1787.08
1984	0.335838	0.351654	-1783.58
1985	0.353132	0.351691	-1783.85
1986	0.350057	0.35165	-1783.58
1987	0.353959	0.351708	-1783.95
1988	0.351785	0.35171	-1784.11
1989	0.351415	0.351703	-1784.05
1990	0.350979	0.351684	-1784.53
1991	0.360155	0.351896	-1787.58
1992	0.356859	0.35202	-1789
1993	0.354115	0.352073	-1788.98
1994	0.345409	0.351906	-1787.93
1995	0.352764	0.351928	-1787.49
1996	0.35701	0.352055	-1788.8
1997	0.35025	0.35201	-1788.1
1998	0.348735	0.351928	-1786.7
1999	0.349382	0.351864	-1786.35
2000	0.367069	0.352244	-1790.05
2001	0.355764	0.35233	-1790.45
2002	0.349838	0.352269	-1789.92
2003	0.348531	0.352178	-1789.13
2004	0.358792	0.352339	-1790.52
2005	0.350144	0.352286	-1790.23
2006	0.343548	0.352073	-1788.36
2007	0.357322	0.352201	-1789.63
2008	0.350446	0.352158	-1789.08
2009	0.347705	0.352049	-1788.05
2010	0.351698	0.352041	-1788.16
2011	0.346934	0.351916	-1787.06
2012	0.345139	0.351751	-1785.77
2013	0.354346	0.351814	-1786.61
2014	0.34958	0.35176	-1786.53
2015	0.354184	0.351819	-1787.05
2016	0.344801	0.351648	-1785.49
2017	0.350216	0.351613	-1784.85
2018	0.348291	0.351532	-1783.83
2019	0.351324	0.351527	-1784.03
2020	0.347666	0.351432	-1782.97
2021	0.349397	0.351383	-1782.3
2022	0.350447	0.35136	-1781.6
2023	0.355303	0.351456	-1781.93
2024	0.354588	0.351533	-1783.17
2025	0.357021	0.351666	-1784.93
2026	0.355885	0.351769	-1785.89
2027	0.347367	0.351662	-1785.64
2028	0.351152	0.35165	-1785.22
2029	0.352831	0.351678	-1785.85
2030	0.349198	0.351618	-1785.08
2031	0.348861	0.351551	-1784.46
2032	0.349697	0.351505	-1784.43
2033	0.360486	0.351724	-1786.81
2034	0.352095	0.351733	-1787.82
2035	0.354219	0.351794	-1788.76
2036	0.349723	0.351744	-1788.02
2037	0.358687	0.351913	-1790.23
2038	0.347892	0.351815	-1788.65
2039	0.344392	0.351634	-1786.22
2040	0.340521	0.351363	-1783.82
2041	0.347646	0.351272	-1783.03
2042	0.348367	0.351201	-1782.4
2043	0.357969	0.351366	-1783.52
2044	0.356801	0.351499	-1785.52
2045	0.341332	0.351251	-1782.84
2046	0.353561	0.351307	-1782.77
2047	0.350374	0.351284	-1782.79
2048	0.353874	0.351348	-1783.33
2049	0.350239	0.351321	-1783.41
2050	0.35617	0.351439	-1784.45
2051	0.351852	0.351449	-1784.46
2052	0.350208	0.351419	-1784.31
2053	0.352974	0.351456	-1784.27
2054	0.352506	0.351481	-1783.91
2055	0.34931	0.351429	-1783.14
2056	0.350475	0.351407	-1783.27
2057	0.347799	0.351321	-1782.31
2058	0.361506	0.351563	-1785.21
2059	0.356247	0.351675	-1786.45
2060	0.358586	0.351839	-1787.93
2061	0.350474	0.351807	-1787.95
2062	0.351945	0.35181	-1788
2063	0.345203	0.351653	-1786.5
2064	0.356621	0.351771	-1787.61
2065	0.356867	0.351893	-1788.52
2066	0.355879	0.351987	-1789.85
2067	0.359809	0.352174	-1791.36
2068	0.359294	0.352343	-1793.17
2069	0.346679	0.352208	-1792.14
2070	0.359496	0.352382	-1794.38
2071	0.351836	0.352369	-1794.04
2072	0.348431	0.352275	-1793.63
2073	0.348444	0.352184	-1792.15
2074	0.353404	0.352213	-1792.37
2075	0.352301	0.352215	-1792.23
2076	0.357341	0.352337	-1793.56
2077	0.359927	0.352518	-1794.99
2078	0.361012	0.35272	-1796.39
2079	0.354551	0.352764	-1796.58
2080	0.35449	0.352805	-1796.95
2081	0.354177	0.352837	-1797.72
2082	0.348879	0.352743	-1796.64
2083	0.35376	0.352767	-1796.2
2084	0.351099	0.352728	-1795.83
2085	0.350004	0.352663	-1795.41
2086	0.354055	0.352696	-1795.79
2087	0.354711	0.352744	-1796.21
2088	0.361194	0.352945	-1798.27
2089	0.344881	0.352753	-1795.89
2090	0.351366	0.35272	-1795.09
2091	0.344733	0.35253	-1794.22
2092	0.354377	0.352574	-1794.74
2093	0.354523	0.35262	-1795.19
2094	0.349947	0.352557	-1793.92
2095	0.351539	0.352532	-1793.24
2096	0.34406	0.352331	-1791.93
2097	0.347771	0.352222	-1790.84
2098	0.351118	0.352196	-1790.29
2099	0.345547	0.352038	-1789.11
2100	0.354979	0.352108	-1789.7
2101	0.361248	0.35232	-1792.09
2102	0.362818	0.352564	-1794.63
2103	0.35938	0.352723	-1796.09
2104	0.350593	0.352673	-1795.62
2105	0.358846	0.352817	-1796.96
2106	0.353227	0.352826	-1797.38
2107	0.349155	0.352741	-1796.89
2108	0.34719	0.352612	-1795.99
2109	0.350305	0.352558	-1795.46
2110	0.351875	0.352542	-1794.97
2111	0.351971	0.352529	-1794.66
2112	0.348914	0.352445	-1792.87
2113	0.358317	0.352582	-1794.76
2114	0.340366	0.352297	-1791.76
2115	0.346802	0.35217	-1790.2
2116	0.350433	0.352129	-1789.29
2117	0.354195	0.352177	-1789.98
2118	0.350062	0.352128	-1789.93
2119	0.347925	0.35203	-1788.48
2120	0.351277	0.352013	-1788.16
2121	0.345903	0.351871	-1786.66
2122	0.35739	0.351999	-1788.04
2123	0.362102	0.352234	-1790.68
2124	0.35164	0.35222	-1790.38
2125	0.339361	0.351921	-1786.61
2126	0.355813	0.352012	-1788.03
2127	0.34611	0.351874	-1786.78
2128	0.355458	0.351958	-1788.24
2129	0.346184	0.351824	-1786.77
2130	0.349193	0.351762	-1786.02
2131	0.353601	0.351805	-1786.23
2132	0.352571	0.351823	-1786.12
2133	0.355506	0.351909	-1787.06
2134	0.351179	0.351892	-1787.48
2135	0.352874	0.351914	-1787.99
2136	0.352512	0.351928	-1788.47
2137	0.350282	0.35189	-1787.91
2138	0.350686	0.351862	-1787.35
2139	0.353888	0.351909	-1787.78
2140	0.354172	0.351962	-1788.34
2141	0.349136	0.351896	-1787.16
2142	0.351753	0.351893	-1786.97
2143	0.355159	0.351969	-1787.7
2144	0.345554	0.35182	-1786.15
2145	0.347253	0.351713	-1785.48
2146	0.343674	0.351526	-1783.42
2147	0.34994	0.351489	-1782.89
2148	0.355474	0.351582	-1783.53
2149	0.351065	0.35157	-1783.35
2150	0.351672	0.351572	-1783.55
2151	0.35674	0.35169	-1785.44
2152	0.352006	0.351697	-1785.65
2153	0.355233	0.351777	-1787.18
2154	0.35292	0.351803	-1787.44
2155	0.350408	0.351772	-1786.77
2156	0.348953	0.351708	-1786.06
2157	0.358726	0.351867	-1787.74
2158	0.347535	0.351769	-1786.12
2159	0.345285	0.351621	-1784.99
2160	0.349278	0.351568	-1784.44
2161	0.351642	0.35157	-1784.59
2162	0.361904	0.351805	-1787.37
2163	0.355089	0.351879	-1787.63
2164	0.349778	0.351831	-1787
2165	0.35979	0.352012	-1788.45
2166	0.349453	0.351954	-1787.26
2167	0.349151	0.35189	-1786.31
2168	0.358957	0.352051	-1788.14
2169	0.34772	0.351953	-1787.12
2170	0.3596	0.352126	-1788.8
2171	0.355517	0.352204	-1789.04
2172	0.344627	0.352031	-1787.14
2173	0.343729	0.351843	-1784.8
2174	0.344526	0.351676	-1782.92
2175	0.351981	0.351683	-1782.56
2176	0.347537	0.351589	-1781.84
2177	0.350995	0.351576	-1781.36
2178	0.346121	0.351452	-1780.23
2179	0.345687	0.351321	-1779.04
2180	0.348521	0.351257	-1778.34
2181	0.355883	0.351362	-1779.41
2182	0.346324	0.351248	-1777.98
2183	0.349492	0.351208	-1777.54
2184	0.347654	0.351127	-1776.29
2185	0.345926	0.351009	-1774.82
2186	0.365111	0.351329	-1778.47
2187	0.352441	0.351354	-1778.52
2188	0.354414	0.351424	-1779.66
2189	0.351344	0.351422	-1779.59
2190	0.355859	0.351523	-1780.57
2191	0.343304	0.351336	-1778.92
2192	0.348471	0.351271	-1777.67
2193	0.352073	0.351289	-1777.32
2194	0.354263	0.351357	-1778.08
2195	0.357659	0.3515	-1779.93
2196	0.354982	0.351579	-1780.62
2197	0.360304	0.351778	-1783.05
2198	0.360007	0.351965	-1784.95
2199	0.353312	0.351995	-1785.13
2200	0.353171	0.352022	-1785.77
2201	0.347569	0.351923	-1784.77
2202	0.348082	0.351838	-1784.55
2203	0.348686	0.351768	-1783.8
2204	0.340243	0.351511	-1781.18
2205	0.352083	0.351524	-1781.53
2206	0.358633	0.351682	-1783.15
2207	0.356173	0.351782	-1784.17
2208	0.362549	0.352021	-1786.71
2209	0.354698	0.352081	-1787.03
2210	0.356574	0.352181	-1788.14
2211	0.351328	0.352162	-1787.67
2212	0.356446	0.352257	-1788.63
2213	0.355611	0.352331	-1789.62
2214	0.358937	0.352478	-1791.42
2215	0.356301	0.352563	-1791.93
2216	0.351853	0.352547	-1792.19
2217	0.357515	0.352658	-1792.82
2218	0.347663	0.352547	-1791.48
2219	0.355456	0.352611	-1791.72
2220	0.352012	0.352598	-1791.96
2221	0.360089	0.352765	-1793.92
2222	0.350389	0.352712	-1793.68
2223	0.348282	0.352613	-1792.52
2224	0.349132	0.352536	-1791.95
2225	0.359035	0.35268	-1793.73
2226	0.353722	0.352704	-1793.69
2227	0.345333	0.35254	-1791.81
2228	0.346971	0.352416	-1790.13
2229	0.359488	0.352573	-1791.6
2230	0.352954	0.352582	-1791.78
2231	0.354697	0.352629	-1792.65
2232	0.350705	0.352586	-1791.94
2233	0.343775	0.35239	-1790.78
2234	0.345986	0.352248	-1789.48
2235	0.355077	0.352311	-1790.51
2236	0.359176	0.352463	-1791.88
2237	0.348716	0.35238	-1790.84
2238	0.354799	0.352434	-1791.82
2239	0.359322	0.352587	-1793
2240	0.3553	0.352647	-1793.62
2241	0.359918	0.352809	-1795.95
2242	0.356903	0.3529	-1796.72
2243	0.35182	0.352876	-1796.82
2244	0.35039	0.35282	-1796.96
2245	0.348422	0.352723	-1796.52
2246	0.341495	0.352473	-1794.31
2247	0.350841	0.352437	-1793.74
2248	0.35612	0.352519	-1795
2249	0.351313	0.352492	-1795.12
2250	0.360546	0.352671	-1796.69
2251	0.356233	0.352748	-1797.77
2252	0.356848	0.352837	-1798.96
2253	0.353398	0.35285	-1798.7
2254	0.342609	0.352627	-1796.25
2255	0.33803	0.35231	-1792.91
2256	0.355172	0.352372	-1793.72
2257	0.355775	0.352446	-1794.37
2258	0.356199	0.352527	-1795.28
2259	0.352715	0.352532	-1794.91
2260	0.360303	0.3527	-1795.59
2261	0.351084	0.352665	-1794.71
2262	0.35261	0.352664	-1794.81
2263	0.354708	0.352709	-1795.61
2264	0.354798	0.352754	-1796.04
2265	0.356985	0.352846	-1797.08
2266	0.350191	0.352788	-1796.2
2267	0.343197	0.35258	-1793.35
2268	0.356409	0.352663	-1794.28
2269	0.349325	0.35259	-1793.72
2270	0.343146	0.352385	-1791.59
2271	0.351918	0.352375	-1791.61
2272	0.358456	0.352507	-1793.55
2273	0.356452	0.352593	-1794.42
2274	0.356807	0.352685	-1795.4
2275	0.351337	0.352655	-1794.89
2276	0.36624	0.352951	-1797.9
2277	0.352788	0.352947	-1797.72
2278	0.33824	0.352627	-1794.84
2279	0.350315	0.352577	-1794.44
2280	0.349051	0.3525	-1793.2
2281	0.364086	0.352752	-1795.41
2282	0.356077	0.352825	-1795.97
2283	0.347357	0.352706	-1794.23
2284	0.361655	0.3529	-1795.85
2285	0.352724	0.352896	-1796.48
2286	0.357425	0.352995	-1797.16
2287	0.349204	0.352912	-1797.2
2288	0.352626	0.352906	-1797.55
2289	0.357254	0.353001	-1798.4
2290	0.356473	0.353076	-1799.26
2291	0.358169	0.353187	-1800.58
2292	0.357549	0.353282	-1801.89
2293	0.337724	0.352944	-1798.44
2294	0.357071	0.353033	-1798.85
2295	0.346594	0.352893	-1797.45
2296	0.35029	0.352837	-1797.15
2297	0.347388	0.352718	-1795.63
2298	0.352275	0.352709	-1795.73
2299	0.356044	0.352781	-1796.47
2300	0.353374	0.352794	-1796.68
2301	0.359163	0.352929	-1798.97
2302	0.347455	0.352813	-1797.98
2303	0.353465	0.352827	-1797.68
2304	0.362455	0.353032	-1799.38
2305	0.358422	0.353146	-1800.19
2306	0.354655	0.353179	-1800.15
2307	0.355764	0.353234	-1800.36
2308	0.353064	0.35323	-1800.26
2309	0.363064	0.353439	-1802.24
2310	0.349463	0.353355	-1801.45
2311	0.348476	0.353251	-1800.76
2312	0.35132	0.35321	-1800.02
2313	0.344315	0.35302	-1798.04
2314	0.3503	0.352963	-1797.09
2315	0.347452	0.352845	-1795.83
2316	0.342548	0.352626	-1793.57
2317	0.353653	0.352648	-1793.4
2318	0.355291	0.352704	-1793.52
2319	0.355555	0.352765	-1794.33
2320	0.354692	0.352806	-1794.88
2321	0.351704	0.352783	-1794.5
2322	0.345371	0.352625	-1793.21
2323	0.357491	0.352728	-1793.95
2324	0.36624	0.353016	-1796.94
2325	0.356595	0.353092	-1797.63
2326	0.351846	0.353065	-1797.76
2327	0.355948	0.353127	-1798.47
2328	0.356832	0.353206	-1799.22
2329	0.350748	0.353153	-1798.4
2330	0.343861	0.352956	-1796.46
2331	0.353668	0.352971	-1796.77
2332	0.356304	0.353042	-1797.63
2333	0.348669	0.352949	-1796.19
2334	0.343624	0.35275	-1794.07
2335	0.347001	0.352628	-1792.69
2336	0.344882	0.352463	-1791.29
2337	0.344277	0.352289	-1788.99
2338	0.33911	0.352009	-1786.26
2339	0.347261	0.351908	-1785.6
2340	0.351067	0.35189	-1785.92
2341	0.343408	0.351709	-1784.48
2342	0.3572	0.351826	-1786.03
2343	0.350161	0.351791	-1785.46
2344	0.348892	0.351729	-1785.12
2345	0.35188	0.351732	-1785.18
2346	0.356604	0.351836	-1786.24
2347	0.346493	0.351722	-1784.84
2348	0.358139	0.351859	-1785.78
2349	0.354394	0.351913	-1785.72
2350	0.355253	0.351984	-1786.58
2351	0.354499	0.352036	-1787.57
2352	0.356142	0.352122	-1788.37
2353	0.343584	0.351944	-1786.64
2354	0.351988	0.351945	-1787
2355	0.354724	0.352003	-1787.23
2356	0.353919	0.352043	-1787.89
2357	0.343336	0.351861	-1785.87
2358	0.352315	0.351871	-1786.32
2359	0.349531	0.351822	-1785.59
2360	0.348	0.351742	-1784.77
2361	0.35323	0.351773	-1785.37
2362	0.349754	0.351731	-1784.79
2363	0.349906	0.351693	-1784.53
2364	0.354819	0.351758	-1784.87
2365	0.359508	0.35192	-1786.23
2366	0.351161	0.351904	-1785.99
2367	0.355229	0.351973	-1786.92
2368	0.356774	0.352073	-1788.1
2369	0.355455	0.352144	-1788.67
2370	0.359663	0.3523	-1789.88
2371	0.352253	0.352299	-1789.86
2372	0.351212	0.352277	-1790.23
2373	0.347189	0.352171	-1788.9
2374	0.346271	0.352048	-1787.41
2375	0.355696	0.352124	-1788.35
2376	0.352007	0.352121	-1788.1
2377	0.354808	0.352177	-1788.8
2378	0.358159	0.352302	-1789.89
2379	0.352871	0.352314	-1790.12
2380	0.350474	0.352275	-1789.29
2381	0.356238	0.352358	-1790
2382	0.353773	0.352387	-1789.68
2383	0.359063	0.352527	-1790.93
2384	0.359406	0.35267	-1792.5
2385	0.361457	0.352853	-1794.65
2386	0.348841	0.352769	-1793.64
2387	0.352774	0.352769	-1793.93
2388	0.355592	0.352828	-1794.61
2389	0.353798	0.352848	-1794.14
2390	0.353625	0.352865	-1793.96
2391	0.345403	0.352709	-1792.66
2392	0.346648	0.352583	-1791
2393	0.341393	0.35235	-1788.5
2394	0.343192	0.352159	-1786.6
2395	0.347873	0.35207	-1785.9
2396	0.363871	0.352316	-1788.52
2397	0.353314	0.352336	-1788.76
2398	0.352431	0.352338	-1788.46
2399	0.345858	0.352203	-1787.5
2400	0.351919	0.352197	-1787.39
2401	0.361462	0.352386	-1789.43
2402	0.35408	0.352421	-1789.84
2403	0.362735	0.352632	-1791.78
2404	0.349479	0.352567	-1790.26
2405	0.350558	0.352526	-1789.45
2406	0.362389	0.352727	-1791.47
2407	0.35368	0.352747	-1791.68
2408	0.354067	0.352774	-1792.21
2409	0.351676	0.352751	-1792.44
2410	0.350782	0.352711	-1792.4
2411	0.35002	0.352656	-1792.05
2412	0.356464	0.352734	-1792.5
2413	0.347273	0.352623	-1791.24
2414	0.354626	0.352664	-1791.32
2415	0.345817	0.352524	-1790.24
2416	0.361076	0.352698	-1791.82
2417	0.356261	0.352771	-1792.96
2418	0.3547	0.35281	-1793.4
2419	0.354676	0.352848	-1793.48
2420	0.35845	0.352963	-1794.77
2421	0.345705	0.352815	-1793.48
2422	0.349793	0.352753	-1793.08
2423	0.350232	0.352702	-1792.59
2424	0.353855	0.352725	-1792.74
2425	0.353739	0.352746	-1792.47
2426	0.357596	0.352845	-1793.17
2427	0.351485	0.352817	-1793
2428	0.347153	0.352701	-1791.78
2429	0.354436	0.352737	-1791.8
2430	0.357149	0.352827	-1792.59
2431	0.357747	0.352927	-1794.18
2432	0.357799	0.353027	-1795.22
2433	0.344585	0.352854	-1793.53
2434	0.345158	0.352697	-1791.7
2435	0.346833	0.352578	-1790.88
2436	0.349295	0.352511	-1790.42
2437	0.347468	0.352408	-1788.75
2438	0.353187	0.352424	-1789.29
2439	0.353481	0.352445	-1790.27
2440	0.364458	0.35269	-1792.57
2441	0.363545	0.352912	-1795.39
2442	0.353822	0.352931	-1795.22
2443	0.350361	0.352878	-1795
2444	0.359337	0.35301	-1796.57
2445	0.355062	0.353052	-1797.44
2446	0.356625	0.353125	-1798.23
2447	0.337	0.352796	-1794.96
2448	0.341842	0.352572	-1792.77
2449	0.354537	0.352612	-1793.2
2450	0.353641	0.352633	-1794.25
2451	0.358451	0.35275	-1795.37
2452	0.353193	0.352758	-1794.82
2453	0.349768	0.352699	-1794.48
2454	0.351403	0.352673	-1794.11
2455	0.35384	0.352696	-1794.42
2456	0.35296	0.352701	-1795.17
2457	0.349369	0.352635	-1794.4
2458	0.34736	0.352529	-1793
2459	0.355524	0.352589	-1793.68
2460	0.351858	0.352574	-1793.93
2461	0.360247	0.352728	-1794.88
2462	0.357366	0.352821	-1796.41
2463	0.355827	0.352881	-1796.87
2464	0.347755	0.352778	-1795.4
2465	0.350226	0.352727	-1794.71
2466	0.346548	0.352604	-1793.34
2467	0.35346	0.352621	-1793.19
2468	0.357327	0.352715	-1794.2
2469	0.347258	0.352606	-1793.04
2470	0.353292	0.352619	-1793.42
2471	0.35502	0.352667	-1793.66
2472	0.357104	0.352756	-1794.65
2473	0.357973	0.352861	-1796.08
2474	0.342868	0.352661	-1793.83
2475	0.352454	0.352657	-1793.71
2476	0.358602	0.352775	-1795.11
2477	0.345788	0.352636	-1793.31
2478	0.348066	0.352544	-1792.75
2479	0.35506	0.352595	-1793.56
2480	0.354267	0.352628	-1793.59
2481	0.350224	0.35258	-1792.96
2482	0.344509	0.352419	-1790.9
2483	0.34974	0.352365	-1790.31
2484	0.354184	0.352401	-1790.47
2485	0.357864	0.352511	-1791.45
2486	0.36059	0.352672	-1793.08
2487	0.356902	0.352757	-1793.68
2488	0.353518	0.352772	-1793.91
2489	0.347367	0.352664	-1792.66
2490	0.35486	0.352708	-1793.2
2491	0.345312	0.35256	-1791.54
2492	0.355592	0.352621	-1792.5
2493	0.355671	0.352682	-1793.38
2494	0.355918	0.352746	-1794.09
2495	0.346381	0.352619	-1793.14
2496	0.356456	0.352696	-1794.04
2497	0.352105	0.352684	-1793.82
2498	0.344742	0.352525	-1791.83
2499	0.346422	0.352403	-1790.96
2500	0.342892	0.352213	-1788.63
2501	0.352175	0.352212	-1788.38
2502	0.347321	0.352116	-1787.61
2503	0.345424	0.351985	-1786.24
2504	0.358659	0.352116	-1787.35
2505	0.359345	0.352258	-1788.97
2506	0.348973	0.352193	-1788.67
2507	0.344069	0.352034	-1787.07
2508	0.34715	0.351938	-1785.87
2509	0.352256	0.351944	-1786.08
2510	0.35179	0.351941	-1785.88
2511	0.353553	0.351973	-1786.37
2512	0.352713	0.351987	-1786.27
2513	0.352392	0.351995	-1786.21
2514	0.346278	0.351883	-1785.15
2515	0.354743	0.351939	-1785.57
2516	0.351216	0.351925	-1785.63
2517	0.353681	0.35196	-1786.55
2518	0.353361	0.351987	-1786.57
2519	0.355139	0.352049	-1787.31
2520	0.355108	0.352109	-1787.18
2521	0.340648	0.351884	-1784.8
2522	0.352361	0.351893	-1785.3
2523	0.344428	0.351747	-1783.92
2524	0.353191	0.351775	-1784.31
2525	0.351662	0.351773	-1784.2
2526	0.359701	0.351929	-1786.19
2527	0.351023	0.351911	-1786.01
2528	0.350779	0.351889	-1786.41
2529	0.343945	0.351733	-1784.5
2530	0.350879	0.351716	-1784.33
2531	0.349586	0.351674	-1784.08
2532	0.350307	0.351648	-1783.42
2533	0.359131	0.351794	-1785.05
2534	0.352138	0.351801	-1785.39
2535	0.35105	0.351786	-1785.16
2536	0.347882	0.35171	-1784.08
2537	0.353049	0.351736	-1784.54
2538	0.353297	0.351767	-1784.97
2539	0.348992	0.351712	-1784.54
2540	0.352747	0.351732	-1784.95
2541	0.347655	0.351653	-1783.84
2542	0.346055	0.351543	-1783.2
2543	0.353984	0.351591	-1783.96
2544	0.355967	0.351676	-1784.83
2545	0.350938	0.351662	-1784.68
2546	0.348373	0.351597	-1784.14
2547	0.356074	0.351685	-1785.32
2548	0.348461	0.351622	-1784.65
2549	0.351823	0.351626	-1785.19
2550	0.353628	0.351665	-1784.72
2551	0.359513	0.351816	-1785.78
2552	0.357231	0.35192	-1786.94
2553	0.3488	0.35186	-1786.08
2554	0.351618	0.351856	-1786.3
2555	0.358872	0.351991	-1786.95
2556	0.3505	0.351962	-1786.36
2557	0.338981	0.351712	-1784.04
2558	0.360533	0.351882	-1785.16
2559	0.352994	0.351903	-1785.18
2560	0.350234	0.351871	-1784.9
2561	0.344306	0.351726	-1782.97
2562	0.350734	0.351707	-1782.84
2563	0.34949	0.351664	-1782.45
2564	0.352201	0.351674	-1782.45
2565	0.352342	0.351687	-1782.47
2566	0.346755	0.351592	-1781.42
2567	0.359902	0.351752	-1783.58
2568	0.357449	0.351862	-1784.86
2569	0.348873	0.351804	-1784.27
2570	0.345745	0.351688	-1782.98
2571	0.351501	0.351684	-1783.18
2572	0.354987	0.351748	-1783.59
2573	0.352696	0.351766	-1783.32
2574	0.355938	0.351846	-1784.22
2575	0.354681	0.351901	-1785.2
2576	0.356868	0.351996	-1786.32
2577	0.354472	0.352044	-1786.89
2578	0.351672	0.352037	-1787.7
2579	0.350074	0.351999	-1787.53
2580	0.346679	0.351897	-1786.57
2581	0.356098	0.351977	-1787.53
2582	0.348245	0.351906	-1786.96
2583	0.356156	0.351987	-1788.02
2584	0.35287	0.352004	-1787.93
2585	0.35578	0.352077	-1788.36
2586	0.348642	0.352011	-1787.49
2587	0.347807	0.35193	-1786.3
2588	0.350259	0.351898	-1785.93
2589	0.352456	0.351909	-1785.72
2590	0.350544	0.351882	-1784.61
2591	0.355293	0.351948	-1785.22
2592	0.356683	0.352039	-1786.1
2593	0.356243	0.35212	-1787.01
2594	0.346644	0.352015	-1785.75
2595	0.354918	0.35207	-1785.88
2596	0.35804	0.352185	-1787.12
2597	0.345722	0.352061	-1785.75
2598	0.3546	0.35211	-1786.18
2599	0.349206	0.352054	-1785.82
2600	0.355626	0.352123	-1786.32
2601	0.347305	0.352032	-1785.36
2602	0.358421	0.352152	-1786.1
2603	0.352238	0.352154	-1785.53
2604	0.354535	0.352199	-1786.66
2605	0.35578	0.352266	-1787.32
2606	0.347492	0.352176	-1786.42
2607	0.351759	0.352168	-1786.8
2608	0.361126	0.352337	-1788.74
2609	0.353176	0.352353	-1788.79
2610	0.363598	0.352565	-1790.54
2611	0.346116	0.352444	-1789.54
2612	0.356888	0.352528	-1790.23
2613	0.349961	0.352479	-1790.26
2614	0.355561	0.352537	-1790.67
2615	0.356381	0.35261	-1791.28
2616	0.343166	0.352432	-1789.17
2617	0.350256	0.352391	-1788.91
2618	0.35484	0.352437	-1789.32
2619	0.355233	0.35249	-1789.52
2620	0.348236	0.352409	-1788.65
2621	0.348416	0.352334	-1787.89
2622	0.348064	0.352253	-1787.4
2623	0.35755	0.352353	-1787.98
2624	0.358815	0.352475	-1788.88
2625	0.344354	0.352322	-1787.43
2626	0.340178	0.352093	-1785.44
2627	0.355748	0.352162	-1786.5
2628	0.361773	0.352343	-1788.05
2629	0.357649	0.352443	-1789.12
2630	0.355642	0.352504	-1790.19
2631	0.352698	0.352507	-1789.69
2632	0.35226	0.352503	-1789.45
2633	0.351632	0.352486	-1789.13
2634	0.353968	0.352514	-1789.32
2635	0.353563	0.352534	-1789.51
2636	0.348497	0.352458	-1788.86
2637	0.350103	0.352413	-1788.85
2638	0.355331	0.352468	-1789.66
2639	0.355768	0.352531	-1790.47
2640	0.356183	0.3526	-1791.15
2641	0.36255	0.352787	-1793.32
2642	0.351063	0.352755	-1793.11
2643	0.356212	0.35282	-1793.72
2644	0.354412	0.35285	-1793.79
2645	0.350621	0.352808	-1793.5
2646	0.35126	0.352779	-1793.25
2647	0.361891	0.352951	-1795.32
2648	0.353072	0.352953	-1795.24
2649	0.352035	0.352936	-1795.02
2650	0.349519	0.352871	-1794.33
2651	0.351305	0.352842	-1794.16
2652	0.347776	0.352748	-1793.35
2653	0.355379	0.352797	-1793.66
2654	0.355598	0.352849	-1794.02
2655	0.347243	0.352745	-1792.57
2656	0.343792	0.352579	-1790.6
2657	0.354582	0.352616	-1791.04
2658	0.356869	0.352695	-1791.71
2659	0.35306	0.352702	-1791.59
2660	0.344087	0.352542	-1789.89
2661	0.353874	0.352567	-1790.07
2662	0.360754	0.352719	-1791.83
2663	0.354128	0.352745	-1792.11
2664	0.354232	0.352772	-1792.47
2665	0.352155	0.352761	-1792.52
2666	0.35274	0.35276	-1792.7
2667	0.361757	0.352927	-1794
2668	0.356241	0.352988	-1794.65
2669	0.349	0.352915	-1794.04
2670	0.349172	0.352845	-1793.28
2671	0.349675	0.352787	-1792.66
2672	0.351437	0.352762	-1792.53
2673	0.34417	0.352602	-1791.32
2674	0.352613	0.352603	-1791.78
2675	0.3561	0.352667	-1792.79
2676	0.357139	0.35275	-1793.38
2677	0.363041	0.352941	-1795.17
2678	0.364102	0.353148	-1797.38
2679	0.352852	0.353142	-1797.31
2680	0.34879	0.353061	-1796
2681	0.355448	0.353106	-1796.46
2682	0.347398	0.353	-1795.34
2683	0.355509	0.353046	-1795.82
2684	0.353109	0.353048	-1795.51
2685	0.34772	0.352949	-1794.65
2686	0.352116	0.352933	-1795.3
2687	0.345283	0.352792	-1794.12
2688	0.352924	0.352794	-1793.74
2689	0.347542	0.352697	-1792.55
2690	0.345096	0.352556	-1790.93
2691	0.340373	0.352331	-1788.69
2692	0.343041	0.352159	-1787.08
2693	0.351667	0.352149	-1786.98
2694	0.347108	0.352056	-1785.96
2695	0.343719	0.351902	-1784.26
2696	0.343887	0.351753	-1782.62
2697	0.343728	0.351605	-1781.16
2698	0.347709	0.351533	-1780.21
2699	0.352797	0.351556	-1780.75
2700	0.351405	0.351553	-1780.47
2701	0.34816	0.351491	-1779.94
2702	0.354059	0.351538	-1780.46
2703	0.350576	0.351521	-1780.43
2704	0.358071	0.35164	-1782.04
2705	0.354242	0.351687	-1782.55
2706	0.350414	0.351664	-1782.34
2707	0.356211	0.351747	-1782.97
2708	0.356032	0.351824	-1783.96
2709	0.346663	0.351731	-1782.96
2710	0.355773	0.351804	-1783.34
2711	0.346106	0.351701	-1782.28
2712	0.357819	0.351812	-1782.89
2713	0.365023	0.352052	-1784.61
2714	0.361729	0.352228	-1786.45
2715	0.356224	0.352301	-1787.29
2716	0.362069	0.352478	-1789.4
2717	0.352651	0.352481	-1790.03
2718	0.347189	0.352385	-1789.4
2719	0.35583	0.352448	-1790.22
2720	0.361954	0.352621	-1792.24
2721	0.352969	0.352627	-1792.24
2722	0.351912	0.352614	-1792.52
2723	0.357608	0.352705	-1793.25
2724	0.347689	0.352614	-1792.14
2725	0.340904	0.352401	-1789.62
2726	0.351233	0.352379	-1789.28
2727	0.354068	0.35241	-1790.15
2728	0.34913	0.35235	-1789.26
2729	0.359422	0.352479	-1790.28
2730	0.347911	0.352396	-1789.62
2731	0.34481	0.352258	-1787.91
2732	0.352644	0.352265	-1787.84
2733	0.353653	0.35229	-1788.21
2734	0.357123	0.352378	-1789.35
2735	0.35246	0.35238	-1789.4
2736	0.354875	0.352425	-1790.09
2737	0.35067	0.352393	-1789.22
2738	0.354324	0.352428	-1789.66
2739	0.356668	0.352505	-1790.44
2740	0.349845	0.352457	-1789.62
2741	0.353014	0.352467	-1789.45
2742	0.3566	0.352542	-1790.51
2743	0.341915	0.352349	-1788.53
2744	0.354664	0.352391	-1789.33
2745	0.346901	0.352291	-1788.52
2746	0.350462	0.352258	-1787.99
2747	0.35659	0.352337	-1788.77
2748	0.35538	0.352392	-1789.91
2749	0.36057	0.352541	-1791.98
2750	0.355264	0.35259	-1792.55
2751	0.343356	0.352425	-1791.32
2752	0.346733	0.352324	-1790.23
2753	0.344938	0.352192	-1788.77
2754	0.352083	0.35219	-1788.9
2755	0.355176	0.352243	-1789.7
2756	0.362979	0.352435	-1791.63
2757	0.356972	0.352516	-1792.77
2758	0.358819	0.352629	-1793.75
2759	0.348563	0.352556	-1793.1
2760	0.351488	0.352537	-1792.81
2761	0.351144	0.352512	-1791.97
2762	0.355796	0.352571	-1792.49
2763	0.358588	0.352678	-1793.35
2764	0.349747	0.352626	-1792.77
2765	0.35487	0.352666	-1792.68
2766	0.349498	0.352609	-1792.14
2767	0.358616	0.352716	-1793.15
2768	0.35472	0.352752	-1793.26
2769	0.358406	0.352853	-1794.54
2770	0.359624	0.352974	-1795.67
2771	0.35093	0.352938	-1794.83
2772	0.351128	0.352905	-1794.46
2773	0.354538	0.352934	-1794.96
2774	0.358348	0.353031	-1796.08
2775	0.351041	0.352996	-1795.79
2776	0.341568	0.352792	-1793.84
2777	0.349093	0.352725	-1793.4
2778	0.352473	0.352721	-1793.1
2779	0.361031	0.352869	-1794.74
2780	0.351214	0.35284	-1794.36
2781	0.351261	0.352812	-1794.05
2782	0.356745	0.352882	-1794.84
2783	0.347561	0.352787	-1793.45
2784	0.353935	0.352807	-1793.88
2785	0.358122	0.352902	-1795
2786	0.347655	0.352809	-1793.47
2787	0.357595	0.352894	-1794.1
2788	0.351401	0.352867	-1794.01
2789	0.354627	0.352899	-1794.27
2790	0.35622	0.352958	-1795.03
2791	0.359112	0.353068	-1796.41
2792	0.351671	0.353043	-1796.63
2793	0.355998	0.353096	-1796.98
2794	0.357678	0.353178	-1797.83
2795	0.354777	0.353206	-1798.24
2796	0.34941	0.353138	-1797.96
2797	0.35454	0.353163	-1798
2798	0.35219	0.353146	-1797.96
2799	0.341963	0.352946	-1795.66
2800	0.351356	0.352918	-1795.45
2801	0.361111	0.353062	-1797.46
2802	0.350649	0.353019	-1797.43
2803	0.359061	0.353125	-1798.74
2804	0.362522	0.35329	-1800.6
2805	0.355768	0.353334	-1800.58
2806	0.348117	0.353242	-1799.59
2807	0.359575	0.353353	-1800.63
2808	0.341845	0.353151	-1798.74
2809	0.351667	0.353125	-1798.9
2810	0.342001	0.35293	-1796.49
2811	0.361035	0.353072	-1797.42
2812	0.3469	0.352964	-1796.55
2813	0.343509	0.352798	-1794.69
2814	0.350004	0.352749	-1794.6
2815	0.355036	0.352789	-1795.13
2816	0.366566	0.353031	-1797.73
2817	0.359399	0.353143	-1799.29
2818	0.351669	0.353117	-1798.84
2819	0.355609	0.353161	-1799.29
2820	0.349289	0.353093	-1798.66
2821	0.345875	0.352966	-1797.14
2822	0.349392	0.352903	-1796.71
2823	0.361775	0.353059	-1798.51
2824	0.3591	0.353165	-1799.54
2825	0.356756	0.353228	-1800.22
2826	0.350244	0.353176	-1799.62
2827	0.342153	0.352982	-1797.48
2828	0.351179	0.352951	-1797.1
2829	0.350564	0.352909	-1797
2830	0.351835	0.35289	-1796.96
2831	0.349034	0.352822	-1796.25
2832	0.358079	0.352914	-1797.16
2833	0.362434	0.353081	-1798.48
2834	0.355923	0.353131	-1799.07
2835	0.350209	0.35308	-1798.36
2836	0.355344	0.35312	-1798.58
2837	0.351187	0.353086	-1798.47
2838	0.33954	0.352848	-1796.32
2839	0.349475	0.352789	-1795.99
2840	0.349758	0.352736	-1795.33
2841	0.355657	0.352787	-1796.06
2842	0.350649	0.35275	-1795.87
2843	0.345135	0.352616	-1794.45
2844	0.350346	0.352576	-1793.92
2845	0.3514	0.352555	-1793.91
2846	0.35029	0.352516	-1793.58
2847	0.355449	0.352567	-1793.95
2848	0.35433	0.352598	-1794.41
2849	0.355579	0.35265	-1795.35
2850	0.353288	0.352662	-1795.69
2851	0.352753	0.352663	-1795.43
2852	0.347856	0.35258	-1794.84
2853	0.3522	0.352574	-1795.29
2854	0.350607	0.35254	-1795.12
2855	0.360331	0.352674	-1796.45
2856	0.355979	0.352731	-1797.04
2857	0.349179	0.35267	-1796.56
2858	0.35002	0.352624	-1795.61
2859	0.354897	0.352663	-1795.9
2860	0.353272	0.352674	-1796.18
2861	0.35493	0.352713	-1796.69
2862	0.359537	0.35283	-1797.96
2863	0.35719	0.352906	-1798.64
2864	0.352581	0.3529	-1798.35
2865	0.353525	0.352911	-1798.32
2866	0.345521	0.352783	-1797.35
2867	0.352175	0.352773	-1797.06
2868	0.35203	0.35276	-1796.99
2869	0.353179	0.352767	-1796.9
2870	0.35419	0.352792	-1797.36
2871	0.348609	0.35272	-1796.47
2872	0.349185	0.352659	-1795.51
2873	0.347693	0.352573	-1794.68
2874	0.354499	0.352606	-1794.88
2875	0.350477	0.35257	-1794.3
2876	0.355616	0.352622	-1794.55
2877	0.352793	0.352625	-1794.71
2878	0.349708	0.352575	-1794.21
2879	0.353217	0.352586	-1794.02
2880	0.352721	0.352588	-1793.86
2881	0.355335	0.352636	-1794.41
2882	0.354001	0.352659	-1794.55
2883	0.354016	0.352683	-1794.43
2884	0.351164	0.352656	-1794.13
2885	0.34983	0.352608	-1793.88
2886	0.354253	0.352636	-1794.27
2887	0.358451	0.352736	-1795.71
2888	0.352615	0.352734	-1795.8
2889	0.349787	0.352683	-1795.45
2890	0.356555	0.35275	-1796.54
2891	0.35388	0.35277	-1797.22
2892	0.356007	0.352825	-1798.37
2893	0.355028	0.352863	-1799.06
2894	0.356477	0.352926	-1799.36
2895	0.354593	0.352954	-1799.12
2896	0.344957	0.352817	-1797.93
2897	0.353044	0.35282	-1797.91
2898	0.35435	0.352847	-1798.27
2899	0.35139	0.352822	-1798.08
2900	0.361164	0.352966	-1799.56
2901	0.355766	0.353013	-1799.9
2902	0.347959	0.352927	-1798.82
2903	0.354288	0.35295	-1798.98
2904	0.354012	0.352968	-1798.83
2905	0.355517	0.353012	-1799.47
2906	0.355679	0.353057	-1799.61
2907	0.35372	0.353068	-1799.75
2908	0.356894	0.353133	-1800.49
2909	0.357219	0.353202	-1801.14
2910	0.357544	0.353276	-1801.74
2911	0.357843	0.353353	-1802.43
2912	0.356873	0.353413	-1803.03
2913	0.360521	0.353533	-1804.12
2914	0.347315	0.353428	-1803.33
2915	0.352976	0.35342	-1803.18
2916	0.357781	0.353494	-1804.26
2917	0.349952	0.353434	-1803.95
2918	0.349983	0.353376	-1803.34
2919	0.353624	0.35338	-1803.32
2920	0.353825	0.353387	-1803.61
2921	0.358334	0.353471	-1804.46
2922	0.350767	0.353425	-1803.79
2923	0.355279	0.353457	-1804.5
2924	0.354654	0.353477	-1804.68
2925	0.347513	0.353376	-1804.13
2926	0.354535	0.353396	-1804.4
2927	0.358401	0.35348	-1805.18
2928	0.353834	0.353486	-1804.86
2929	0.35534	0.353518	-1805.15
2930	0.350452	0.353466	-1804.68
2931	0.353545	0.353467	-1804.74
2932	0.352628	0.353453	-1804.59
2933	0.353723	0.353458	-1804.12
2934	0.352537	0.353442	-1803.96
2935	0.354664	0.353463	-1804.07
2936	0.356043	0.353506	-1804.41
2937	0.356151	0.353551	-1804.88
2938	0.353927	0.353558	-1805.13
2939	0.340676	0.353339	-1802.84
2940	0.345979	0.353215	-1801.64
2941	0.349692	0.353155	-1801.08
2942	0.345373	0.353023	-1800.02
2943	0.345401	0.352894	-1798.55
2944	0.352763	0.352892	-1798.31
2945	0.359951	0.353011	-1799.74
2946	0.348377	0.352933	-1799.18
2947	0.343986	0.352781	-1797.86
2948	0.36027	0.352908	-1799.04
2949	0.360261	0.353033	-1799.99
2950	0.351291	0.353003	-1799.59
2951	0.356521	0.353062	-1800.42
2952	0.350431	0.353018	-1799.58
2953	0.347696	0.352929	-1799.11
2954	0.348439	0.352854	-1798.45
2955	0.357712	0.352935	-1799.28
2956	0.36233	0.353092	-1800.56
2957	0.358647	0.353184	-1801.35
2958	0.349234	0.353119	-1800.49
2959	0.345136	0.352986	-1799.4
2960	0.344939	0.352851	-1798.62
2961	0.351927	0.352836	-1798.55
2962	0.347235	0.352743	-1797.7
2963	0.35463	0.352774	-1798.12
2964	0.348661	0.352706	-1797.13
2965	0.346115	0.352596	-1796.09
2966	0.348943	0.352535	-1795.1
2967	0.355302	0.352581	-1795.67
2968	0.354719	0.352617	-1796.01
2969	0.350703	0.352585	-1796.08
2970	0.361223	0.352729	-1798.11
2971	0.355155	0.352769	-1798.7
2972	0.35154	0.352749	-1798.09
2973	0.351103	0.352721	-1797.77
2974	0.353648	0.352737	-1797.5
2975	0.35851	0.352833	-1798.35
2976	0.343012	0.352669	-1796.61
2977	0.35406	0.352692	-1797.21
2978	0.354142	0.352717	-1797.22
2979	0.350622	0.352682	-1796.99
2980	0.343003	0.35252	-1795.5
2981	0.341901	0.352343	-1793.78
2982	0.346198	0.352241	-1792.5
2983	0.350862	0.352218	-1792.44
2984	0.350407	0.352188	-1792.2
2985	0.34729	0.352106	-1791.79
2986	0.355093	0.352156	-1792.01
2987	0.354617	0.352197	-1792.07
2988	0.357928	0.352292	-1792.82
2989	0.360336	0.352426	-1794.04
2990	0.348786	0.352366	-1793.37
2991	0.35696	0.352442	-1794.02
2992	0.358411	0.352542	-1794.97
2993	0.348773	0.352479	-1794.34
2994	0.355277	0.352526	-1794.98
2995	0.351327	0.352506	-1794.96
2996	0.351361	0.352487	-1794.79
2997	0.35555	0.352538	-1795.45
2998	0.356035	0.352596	-1796.28
2999	0.347728	0.352515	-1795.35
3000	0.349796	0.35247	-1794.67
3001	0.35058	0.352439	-1794.01
3002	0.347697	0.352361	-1792.69
3003	0.351094	0.35234	-1792.42
3004	0.357035	0.352417	-1793.14
3005	0.347519	0.352337	-1792.07
3006	0.350192	0.352302	-1792.23
3007	0.353623	0.352323	-1792.84
3008	0.356007	0.352384	-1793.39
3009	0.355348	0.352432	-1794.03
3010	0.355314	0.352479	-1794.15
3011	0.354314	0.35251	-1794.82
3012	0.351376	0.352491	-1794.39
3013	0.353264	0.352504	-1794.25
3014	0.355466	0.352552	-1794.47
3015	0.350307	0.352515	-1793.54
3016	0.363031	0.352688	-1795.23
3017	0.352009	0.352677	-1795.26
3018	0.354549	0.352707	-1795.64
3019	0.359472	0.352818	-1796.84
3020	0.35312	0.352823	-1796.22
3021	0.350676	0.352788	-1795.59
3022	0.34888	0.352724	-1794.67
3023	0.354269	0.352749	-1794.6
3024	0.347454	0.352662	-1793.48
3025	0.357312	0.352739	-1794.61
3026	0.357807	0.352822	-1795.44
3027	0.352567	0.352818	-1795.33
3028	0.352027	0.352805	-1794.93
3029	0.338432	0.352569	-1792.61
3030	0.34077	0.352376	-1790.44
3031	0.355316	0.352424	-1790.64
3032	0.354251	0.352454	-1790.98
3033	0.353207	0.352466	-1791.01
3034	0.351631	0.352452	-1790.67
3035	0.35234	0.352451	-1790.8
3036	0.347863	0.352375	-1789.93
3037	0.347093	0.352289	-1788.95
3038	0.358814	0.352396	-1789.78
3039	0.351542	0.352382	-1789.65
3040	0.351297	0.352364	-1789.77
3041	0.35369	0.352386	-1789.96
3042	0.357982	0.352477	-1790.86
3043	0.351755	0.352466	-1790.26
3044	0.353937	0.35249	-1790.86
3045	0.359913	0.352611	-1792.36
3046	0.342584	0.352447	-1790.69
3047	0.347689	0.352369	-1789.99
3048	0.359703	0.352489	-1791.03
3049	0.348129	0.352418	-1789.95
3050	0.355092	0.352462	-1790.34
3051	0.353727	0.352482	-1790.5
3052	0.351592	0.352468	-1790.17
3053	0.35913	0.352575	-1791.46
3054	0.355395	0.352621	-1792.01
3055	0.357424	0.352698	-1793
3056	0.350072	0.352656	-1792.31
3057	0.348475	0.352588	-1792.4
3058	0.358621	0.352686	-1793.39
3059	0.361698	0.352831	-1794.53
3060	0.357936	0.352913	-1795.13
3061	0.355844	0.352961	-1795.95
3062	0.360001	0.353074	-1797.63
3063	0.355804	0.353118	-1797.79
3064	0.346125	0.353005	-1796.45
3065	0.358054	0.353087	-1797.55
3066	0.351357	0.353059	-1797.6
3067	0.353855	0.353072	-1797.6
3068	0.347262	0.352978	-1796.68
3069	0.347296	0.352886	-1795.68
3070	0.351678	0.352867	-1795.25
3071	0.350577	0.35283	-1794.84
3072	0.338299	0.352596	-1792.46
3073	0.356192	0.352654	-1793.25
3074	0.354883	0.35269	-1793.35
3075	0.349732	0.352642	-1792.38
3076	0.346093	0.352536	-1791.12
3077	0.350843	0.352509	-1790.95
3078	0.350904	0.352483	-1790.69
3079	0.349368	0.352433	-1789.85
3080	0.356782	0.352503	-1790.56
3081	0.355921	0.352558	-1790.89
3082	0.351904	0.352548	-1791.04
3083	0.353726	0.352567	-1791.47
3084	0.345549	0.352453	-1789.9
3085	0.347505	0.352374	-1788.93
3086	0.35727	0.352453	-1789.68
3087	0.349059	0.352398	-1788.9
3088	0.352384	0.352398	-1788.56
3089	0.349424	0.35235	-1788.09
3090	0.356758	0.352421	-1788.67
3091	0.349391	0.352372	-1788.26
3092	0.355432	0.352421	-1788.67
3093	0.349217	0.35237	-1788.26
3094	0.348043	0.3523	-1787.68
3095	0.359425	0.352415	-1789.01
3096	0.350777	0.352388	-1788.63
3097	0.358242	0.352483	-1789.37
3098	0.350202	0.352446	-1788.77
3099	0.352835	0.352452	-1788.84
3100	0.35701	0.352526	-1789.41
3101	0.354925	0.352564	-1789.22
3102	0.350278	0.352527	-1788.31
3103	0.351044	0.352504	-1788.11
3104	0.356094	0.352561	-1788.77
3105	0.349369	0.35251	-1788.07
3106	0.346412	0.352413	-1787.41
3107	0.355904	0.352469	-1787.95
3108	0.350982	0.352445	-1787.62
3109	0.34519	0.35233	-1786.64
3110	0.346026	0.35223	-1785.62
3111	0.350251	0.352199	-1785.59
3112	0.352114	0.352197	-1785.95
3113	0.355967	0.352257	-1786.57
3114	0.359166	0.352367	-1787.44
3115	0.349723	0.352325	-1787.1
3116	0.351845	0.352317	-1786.74
3117	0.360924	0.352454	-1788.07
3118	0.354364	0.352484	-1788.79
3119	0.356319	0.352545	-1789.13
3120	0.355461	0.352591	-1789.6
3121	0.357797	0.352674	-1790.53
3122	0.346939	0.352583	-1789.64
3123	0.353182	0.352592	-1789.92
3124	0.354402	0.352621	-1790.14
3125	0.347381	0.352538	-1789.59
3126	0.342821	0.352384	-1787.94
3127	0.362382	0.352542	-1789.51
3128	0.349933	0.352501	-1789.24
3129	0.359548	0.352613	-1790.24
3130	0.353383	0.352625	-1790.67
3131	0.358053	0.352711	-1791.67
3132	0.353734	0.352727	-1791.69
3133	0.355626	0.352773	-1792.34
3134	0.34679	0.352678	-1791.66
3135	0.353059	0.352684	-1791.83
3136	0.351206	0.352661	-1792.08
3137	0.353613	0.352676	-1792.24
3138	0.346232	0.352574	-1791.31
3139	0.351367	0.352555	-1790.97
3140	0.356441	0.352616	-1791.36
3141	0.346425	0.3525