0    1    2.76427e-22    1    1.10571e-21    1    4.42282e-21
50    0.970664    1.96048e-07    0.942188    7.38815e-07    0.887719    2.62314e-06
100    0.920668    1.02376e-06    0.847631    3.46787e-06    0.718482    9.94821e-06
150    0.897187    5.51854e-06    0.80495    1.76382e-05    0.647961    4.50538e-05
200    0.839317    3.54146e-05    0.704488    0.00010088    0.496402    0.000204808
250    0.810721    4.54182e-05    0.657314    0.000119581    0.432181    0.000207309
300    0.769429    0.000158491    0.59218    0.000367935    0.351046    0.000496848
350    0.713379    0.000157574    0.509067    0.00031856    0.259467    0.000326293
400    0.628096    0.000254346    0.394747    0.000366242    0.156177    0.000194813
450    0.0435484    0.000299203    0.00219453    3.04003e-06    7.82832e-06    1.56684e-10
500    0.0538495    0.000817009    0.00372133    1.58042e-05    2.97953e-05    3.67154e-09
550    0.0412712    0.000325067    0.00203011    2.51505e-06    6.65165e-06    8.3452e-11
600    0.0464015    0.000308123    0.00246134    3.43605e-06    9.48571e-06    3.00582e-10
650    0.03146    0.000161771    0.00114957    8.08873e-07    2.11146e-06    1.37391e-11
700    0.0372838    0.000209104    0.00159921    1.5061e-06    4.07499e-06    4.81726e-11
750    0.0306551    0.000161561    0.00110036    8.67674e-07    2.06646e-06    1.71697e-11
800    0.034786    0.000260646    0.00147298    1.48743e-06    3.66702e-06    2.9293e-11
850    0.0347512    0.000214895    0.00142262    1.34931e-06    3.37253e-06    3.13917e-11
900    0.0271065    0.000184343    0.000919747    7.07877e-07    1.55163e-06    6.1669e-12
950    0.0260651    0.000146647    0.00082587    4.87793e-07    1.16789e-06    3.32073e-12
1000    0.0324432    0.000130819    0.00118288    5.99009e-07    1.9976e-06    5.73642e-12
1050    0.0294665    0.000183454    0.00105091    9.12408e-07    2.01173e-06    1.41951e-11
1100    0.0299002    0.000144117    0.00103836    4.91536e-07    1.57084e-06    3.36967e-12
1150    0.0283059    0.000137775    0.00093876    5.84012e-07    1.46429e-06    6.74699e-12
1200    0.0261976    0.000124582    0.000811782    4.13962e-07    1.07763e-06    2.50307e-12
1250    0.029701    9.95677e-05    0.000981186    4.08966e-07    1.3685e-06    3.26464e-12
1300    0.026739    9.66319e-05    0.000810471    3.41691e-07    9.92912e-07    3.18496e-12
1350    0.0269099    0.000122593    0.000846496    4.38639e-07    1.15329e-06    3.96556e-12
1400    0.0319201    0.000177719    0.00119755    8.74329e-07    2.31536e-06    1.08609e-11
