0    1    7.16293e-24    1    2.86506e-23    1    1.14598e-22
50    0.968589    3.50339e-07    0.938165    1.3113e-06    0.880154    4.59281e-06
100    0.926397    1.71602e-06    0.858213    5.90442e-06    0.736535    1.74759e-05
150    0.895518    3.76475e-06    0.801956    1.20707e-05    0.643146    3.10226e-05
200    0.851849    1.89444e-05    0.725665    5.49611e-05    0.526645    0.00011567
250    0.789143    5.39015e-05    0.622801    0.000133882    0.388016    0.000206684
300    0.759117    0.000117196    0.576374    0.000262315    0.332466    0.000329522
350    0.704661    0.000315986    0.496861    0.000596567    0.247464    0.00053553
400    0.0398435    0.000324201    0.0019121    3.16292e-06    6.83257e-06    1.86127e-10
450    0.0360169    0.000256312    0.0015539    1.80428e-06    4.22332e-06    5.61553e-11
500    0.0327681    0.000172427    0.00124536    8.72504e-07    2.41582e-06    1.44435e-11
550    0.0316421    0.000177185    0.00117838    8.98008e-07    2.28532e-06    1.40435e-11
600    0.0296177    0.000153034    0.00103033    6.86147e-07    1.74848e-06    8.84981e-12
650    0.0271962    0.000150363    0.000889932    5.83855e-07    1.37468e-06    5.60131e-12
700    0.0259649    0.000124369    0.000798594    4.05874e-07    1.04372e-06    2.34791e-12
750    0.0261411    0.000136074    0.000819228    4.76945e-07    1.1474e-06    4.39606e-12
800    0.0258164    0.000141035    0.000808215    5.1799e-07    1.17455e-06    4.91355e-12
850    0.0243447    0.000107552    0.000700557    2.7979e-07    7.7138e-07    1.03884e-12
900    0.0218586    9.34295e-05    0.000571395    2.20598e-07    5.46954e-07    7.24617e-13
950    0.0202914    7.35868e-05    0.000485075    1.44358e-07    3.78325e-07    3.76077e-13
1000    0.0230336    0.000108669    0.00063942    2.53832e-07    6.63385e-07    7.55422e-13
1050    0.0230657    8.29396e-05    0.000614742    2.23102e-07    6.00207e-07    9.55096e-13
1100    0.0197416    6.48836e-05    0.000454247    1.28994e-07    3.34146e-07    3.31965e-13
1150    0.0228521    7.35231e-05    0.000595523    1.96489e-07    5.50891e-07    7.86172e-13
1200    0.0225555    7.01122e-05    0.000578661    1.66468e-07    5.0075e-07    4.4124e-13
1250    0.0226677    9.03139e-05    0.000604201    2.09777e-07    5.74979e-07    5.58508e-13
1300    0.0219627    6.71304e-05    0.000549189    1.47024e-07    4.47773e-07    3.86244e-13
1350    0.0223177    7.91814e-05    0.000577616    1.69624e-07    5.04487e-07    4.49423e-13
1400    0.0210283    7.44315e-05    0.000516383    1.5377e-07    4.19347e-07    3.78881e-13
