4096
0	0.874174	3.77904
1	1.64189	0.323268
2	2.91322	1.22924
3	1.81754	5.57823
4	2.16264	2.45365
5	1.15174	3.39679
6	1.69565	3.52678
7	1.05868	4.8482
8	0.879959	2.98616
9	1.55212	1.54418
10	2.06092	5.42226
11	0.852857	0.971047
12	0.533365	1.37121
13	0.562432	3.4412
14	1.40151	4.25764
15	1.27617	0.630954
16	2.47295	3.93944
17	1.5925	2.47046
18	0.758889	0.0433269
19	2.23869	2.96375
20	2.78726	3.2402
21	2.1306	2.45674
22	1.16326	4.66254
23	1.03813	5.17146
24	2.41561	0.0113901
25	2.76924	3.22561
26	0.805738	3.29931
27	1.1198	3.0429
28	0.33596	1.68676
29	1.25534	0.0627217
30	2.43034	4.96909
31	0.79399	1.72077
32	1.14905	5.10117
33	2.50175	3.60619
34	1.81056	4.63911
35	2.05609	2.31085
36	1.8234	1.10428
37	1.94683	3.62089
38	1.573	5.77621
39	1.30197	5.79288
40	1.22084	0.543951
41	1.81397	2.18433
42	1.58508	3.09154
43	1.17088	0.318539
44	1.26302	4.93273
45	1.23041	5.55499
46	0.832069	5.65735
47	2.71723	6.02647
48	2.87635	4.70147
49	1.79062	0.645228
50	0.313446	1.71846
51	0.721258	2.9635
52	0.811441	5.46376
53	0.896222	3.67071
54	1.32395	1.30479
55	1.88511	2.05006
56	2.59005	0.652229
57	1.28365	5.78336
58	2.7272	5.55105
59	2.62919	5.01316
60	2.70888	0.127586
61	2.73401	1.40831
62	1.69955	2.95468
63	1.7616	3.38536
64	1.63242	1.75602
65	1.9852	3.36658
66	1.0252	0.124005
67	1.74358	1.70481
68	1.21735	0.866153
69	1.72687	5.72837
70	1.43859	0.989011
71	0.683908	0.251238
72	0.948909	5.08347
73	0.686089	1.16302
74	1.50522	3.07714
75	2.17421	0.454604
76	1.08332	0.653765
77	1.64797	2.68559
78	0.584703	4.20772
79	2.79852	0.427789
80	1.13863	1.6875
81	2.67845	5.81636
82	2.42088	1.63518
83	1.31364	1.84702
84	2.40112	3.07528
85	1.35439	1.01162
86	1.09911	5.16565
87	0.680861	1.34544
88	1.76309	1.61868
89	0.547793	5.90801
90	2.03711	5.6405
91	2.41553	4.46799
92	1.03277	3.85888
93	0.504104	3.04431
94	1.29868	0.737507
95	2.60694	1.51533
96	1.65023	5.94442
97	1.658	1.33005
98	1.84052	3.20586
99	1.69455	2.56191
100	0.610063	0.166936
101	2.41493	4.25099
102	0.617419	1.85984
103	1.69282	1.56701
104	2.29452	6.0353
105	1.79666	1.61619
106	1.96828	3.71701
107	1.87498	4.92164
108	1.38813	4.7552
109	1.53663	5.14153
110	2.40079	2.09123
111	1.57516	1.07509
112	0.698304	4.29297
113	0.99001	4.9896
114	2.52073	5.65739
115	1.49086	4.82033
116	1.33567	2.10855
117	0.580993	5.37352
118	1.54458	5.44628
119	0.63403	4.14697
120	1.05818	1.5499
121	0.718866	0.691004
122	2.88168	4.73489
123	1.52756	4.22913
124	1.85463	3.03483
125	0.987953	3.46887
126	1.55992	4.61997
127	0.585058	4.57693
128	0.920099	4.91227
129	0.985612	3.10982
130	0.983862	3.13011
131	0.949597	3.12541
132	1.61571	5.53813
133	1.10035	5.25158
134	1.41619	1.42292
135	1.46811	0.641814
136	1.12787	1.90619
137	0.148108	5.87642
138	1.79194	0.358229
139	1.53459	1.21798
140	1.72896	4.50687
141	0.491216	0.118136
142	0.725599	1.27801
143	1.3919	4.00673
144	1.55257	2.00165
145	1.05589	0.510231
146	1.87949	5.22327
147	1.36029	0.488376
148	1.82837	0.998056
149	0.371315	3.90527
150	0.473033	2.34194
151	0.201588	2.61576
152	0.72117	2.20406
153	1.78493	0.559165
154	2.10325	5.07541
155	0.392203	3.77211
156	2.44373	2.90292
157	2.38538	0.0695024
158	0.781148	3.48207
159	1.45677	3.82682
160	0.334816	5.5887
161	0.748011	2.96515
162	1.94429	1.03961
163	1.85141	4.31149
164	2.71456	2.7005
165	1.98324	0.436528
166	1.08015	3.53118
167	0.784416	3.07522
168	1.75739	4.73651
169	1.50056	5.49683
170	0.795858	0.201848
171	0.732932	2.69803
172	2.87292	4.83536
173	1.80163	0.450676
174	0.737095	3.50657
175	0.631579	1.94597
176	2.59929	1.3247
177	2.45675	4.47834
178	1.82322	2.25913
179	0.712058	1.26274
180	0.84765	3.89102
181	1.97843	2.73322
182	2.0576	3.79536
183	3.06707	0.513571
184	1.91436	5.93677
185	2.65431	1.87979
186	1.59518	0.786156
187	0.418224	2.91437
188	2.468	2.1432
189	1.48368	1.3858
190	1.06896	4.05768
191	0.493576	3.94761
192	0.892339	5.71991
193	2.43289	3.16816
194	2.53297	4.05468
195	2.95259	1.34072
196	1.75299	1.21359
197	1.42386	3.61877
198	1.61303	4.97341
199	1.02579	1.93251
200	2.01931	4.5067
201	0.753283	5.65995
202	2.03422	1.84464
203	0.494717	2.97374
204	2.4242	4.37624
205	2.87099	0.97491
206	1.96205	5.81987
207	0.590397	1.93906
208	1.15768	3.9933
209	2.32399	5.01223
210	2.84261	6.05872
211	2.11126	5.32911
212	0.921646	1.5041
213	1.80274	1.53003
214	2.24808	3.02972
215	0.213613	5.7128
216	1.31512	0.01947
217	2.41026	5.53129
218	1.2408	4.05334
219	2.24065	3.90858
220	0.286933	3.21786
221	1.33309	4.7727
222	0.0817388	5.57338
223	2.34771	4.52888
224	1.24039	2.9787
225	1.91681	1.98681
226	0.972459	1.08893
227	1.48384	5.77891
228	1.87582	1.74442
229	2.66365	0.65984
230	1.8276	5.44907
231	1.13279	3.25683
232	1.17474	2.14496
233	2.02563	3.0104
234	2.31568	3.2655
235	2.2106	1.48953
236	1.72428	6.03868
237	1.32408	1.27813
238	0.880653	3.42948
239	1.82228	5.64173
240	1.66968	6.21565
241	0.765732	4.81181
242	1.74607	5.66201
243	1.67877	3.75132
244	2.08968	0.337814
245	1.76536	1.6541
246	1.30636	2.42852
247	0.215359	1.5954
248	2.2542	3.56779
249	2.04132	2.38196
250	2.7853	4.19984
251	2.83111	5.24594
252	1.46044	2.21388
253	2.61621	1.13219
254	2.01855	3.61886
255	2.17632	3.65107
256	0.888956	0.184037
257	1.30203	3.58806
258	1.66351	1.05736
259	2.79608	1.75015
260	1.90515	1.07307
261	1.68447	2.44637
262	1.84302	1.27593
263	0.515556	5.82123
264	2.16593	3.05162
265	1.57576	4.22746
266	1.42267	2.89375
267	1.56306	2.65081
268	1.9939	6.03096
269	1.55058	4.65171
270	2.22906	2.87024
271	1.01914	0.84789
272	2.1049	0.685524
273	1.63012	5.06233
274	1.57739	4.79663
275	0.719211	1.63551
276	0.584593	3.62287
277	0.578428	0.943011
278	0.63172	2.49916
279	2.19627	4.51942
280	2.68876	3.60008
281	2.80031	5.50422
282	1.52033	5.38529
283	2.19084	5.1747
284	1.77584	4.79707
285	2.04328	5.04936
286	1.71012	4.54028
287	1.92492	2.0286
288	2.32007	2.64268
289	0.656348	2.54758
290	0.575037	4.88442
291	2.07287	3.81641
292	2.51064	0.3217
293	1.90079	2.34222
294	2.46051	3.39318
295	0.862008	5.44278
296	0.239153	1.80223
297	0.806816	5.86543
298	0.511856	6.18012
299	0.466886	3.99174
300	0.575975	0.378304
301	2.0393	4.00442
302	2.10965	3.02142
303	1.29211	6.15502
304	1.28942	2.10597
305	1.73242	0.625942
306	1.14954	3.59535
307	0.700966	3.09398
308	1.20618	2.18183
309	2.18315	1.76556
310	1.23306	5.3134
311	0.904229	4.22485
312	1.44809	4.72953
313	2.29071	2.62045
314	1.29672	0.600197
315	1.79915	4.94847
316	1.99791	5.85337
317	0.754307	5.14425
318	2.25519	3.02383
319	1.79176	0.203036
320	2.93595	0.0883549
321	0.529149	0.246171
322	1.40243	1.99273
323	2.53688	4.92681
324	0.32459	4.5937
325	2.01347	2.11799
326	1.51466	4.9012
327	1.15765	6.02981
328	0.801661	5.1801
329	1.23789	0.817148
330	1.55881	3.71785
331	1.72276	2.70126
332	2.02153	0.454385
333	1.77934	6.19558
334	2.64523	5.47276
335	0.963758	3.00587
336	2.27845	2.17053
337	2.0368	3.09716
338	0.848082	2.0695
339	1.51968	5.90034
340	1.8676	2.64429
341	1.64369	6.0928
342	0.835456	5.63559
343	2.23501	5.37107
344	1.74148	3.5551
345	0.796207	4.08714
346	2.26842	3.6439
347	1.86281	1.11525
348	0.899371	1.57122
349	1.15308	2.8858
350	2.02381	0.25559
351	1.80122	2.1371
352	1.37637	5.72756
353	0.842021	5.79342
354	0.191499	1.65898
355	1.01046	1.35534
356	2.08812	1.67777
357	0.590931	0.40785
358	1.79215	1.68957
359	1.87491	2.6414
360	1.88466	1.06551
361	0.712096	3.18329
362	1.01913	4.90126
363	0.448723	4.14646
364	1.32122	4.36719
365	1.09256	0.73409
366	1.74237	1.21354
367	2.89255	1.59184
368	2.34551	3.00919
369	2.78292	3.07754
370	2.52068	4.36384
371	1.63309	5.15386
372	0.970204	0.79231
373	2.40183	5.79631
374	1.7847	0.691052
375	2.48872	0.294449
376	1.0538	1.18371
377	1.35705	5.42129
378	0.615653	4.97197
379	1.73788	3.93665
380	1.1751	0.718836
381	0.86392	1.25959
382	2.54624	1.50987
383	2.16648	3.27668
384	1.02488	2.31147
385	0.835579	5.19624
386	0.274211	4.03992
387	1.54957	3.50745
388	1.22202	3.09455
389	1.83936	4.76865
390	2.67661	3.63976
391	1.65563	0.891022
392	1.354	0.332519
393	0.649651	4.47689
394	1.19828	0.0656756
395	1.10509	0.506043
396	0.644875	4.40405
397	2.24612	1.38981
398	2.41177	3.57697
399	2.26074	1.12581
400	2.3572	1.19302
401	1.89527	5.70689
402	1.51375	3.18904
403	2.13501	4.4335
404	2.46145	3.71553
405	2.58293	6.1953
406	0.876602	4.89804
407	1.13958	0.736837
408	0.583118	2.79133
409	2.39368	6.03672
410	0.769524	4.15839
411	2.25929	5.97401
412	0.945657	6.05655
413	0.566519	3.1257
414	0.951812	4.19508
415	1.84639	1.15626
416	0.960946	6.03046
417	1.54358	0.771435
418	1.45532	4.64374
419	2.9352	2.9185
420	0.238433	0.729574
421	1.76287	3.44019
422	1.65796	0.461586
423	1.49063	0.0476557
424	0.324981	3.83058
425	1.0502	0.019606
426	1.50889	5.0816
427	0.412947	4.46977
428	1.41192	4.47043
429	2.61988	4.16743
430	0.780654	5.10031
431	0.119028	1.75868
432	0.903071	3.30673
433	1.29635	1.64589
434	2.3536	0.669685
435	1.35973	5.94577
436	0.643096	6.09558
437	1.37644	1.81331
438	0.880284	2.76619
439	1.79262	5.50033
440	2.06563	5.51575
441	1.89422	2.01271
442	0.461652	1.23523
443	1.55562	2.84536
444	0.824638	1.09825
445	0.476591	5.04703
446	1.57166	1.21855
447	1.05058	6.23681
448	0.89734	4.08615
449	1.96024	5.36327
450	2.51957	3.33617
451	2.78979	3.84368
452	1.21517	1.98617
453	1.60057	5.06321
454	1.36784	4.55046
455	1.81074	5.12666
456	2.56854	1.35838
457	1.55712	2.60011
458	0.811089	3.8066
459	2.50158	1.82157
460	0.203321	3.86001
461	0.885252	0.0544017
462	0.929171	3.48165
463	0.980205	0.152422
464	0.844688	5.57786
465	1.43701	0.127114
466	0.412233	3.62257
467	1.50722	1.33596
468	0.00873154	0.181534
469	1.38552	2.17435
470	1.19676	5.9468
471	2.25916	0.60424
472	2.16232	0.701928
473	1.62745	6.19817
474	1.03081	5.8549
475	2.59704	3.20443
476	0.701419	5.36461
477	2.5322	0.443073
478	2.63669	0.336928
479	0.853032	4.20982
480	1.33621	4.22437
481	2.6671	1.69434
482	1.22618	0.686556
483	2.10476	1.44625
484	2.34604	4.05437
485	1.39625	3.85083
486	1.6829	4.494
487	1.68244	2.43628
488	1.83785	3.07737
489	2.44581	0.122303
490	1.3771	5.42117
491	1.20464	5.51917
492	1.59662	3.08472
493	1.0817	3.2124
494	2.72871	1.28238
495	2.51698	1.06461
496	1.33049	0.236142
497	1.7943	3.46196
498	1.94001	0.588303
499	1.12004	4.49005
500	1.91772	4.03527
501	0.897078	3.40796
502	1.35625	4.75821
503	1.73248	2.99539
504	2.76845	0.230719
505	1.3383	3.5785
506	2.11841	5.20823
507	0.689737	5.0217
508	2.31622	3.25431
509	1.33821	0.30371
510	0.531801	2.98309
511	1.49334	6.03189
512	2.55507	2.15489
513	1.4092	5.64746
514	2.64	5.35685
515	0.675276	1.57569
516	1.70772	2.22933
517	0.602988	3.42795
518	2.63238	1.73914
519	0.99966	5.97139
520	2.04195	4.28823
521	1.59614	4.08021
522	1.27625	3.27167
523	1.28986	3.67054
524	2.09087	1.61939
525	1.40627	4.72739
526	3.08001	2.59339
527	1.04649	0.0207326
528	1.12683	4.04591
529	2.03691	3.39708
530	2.61408	4.87761
531	2.18182	5.61139
532	2.71935	3.60817
533	1.54824	5.94256
534	2.25084	4.54825
535	2.29347	5.98475
536	0.593173	2.86677
537	1.74522	4.99732
538	2.45332	3.21022
539	3.08488	4.29858
540	2.01818	5.57849
541	1.57744	0.718544
542	1.30482	4.83223
543	2.38476	5.37757
544	2.65651	5.77121
545	2.33625	6.11836
546	2.7337	4.40525
547	1.11944	0.99836
548	0.850449	0.014497
549	0.540113	5.58276
550	1.76998	4.75062
551	0.697133	5.29348
552	0.890402	4.26694
553	1.8315	1.60032
554	1.48672	2.51489
555	1.74668	2.65992
556	2.44074	0.72779
557	1.93294	3.08823
558	2.04217	1.96648
559	2.60707	3.84812
560	1.87946	5.72993
561	1.51907	5.42149
562	0.557495	0.35483
563	1.32369	3.64583
564	1.79198	5.22589
565	0.875544	0.532804
566	1.60997	4.96035
567	1.32693	1.8556
568	1.03147	4.39185
569	2.35015	3.13636
570	2.08038	1.49126
571	1.25023	4.43735
572	2.54496	3.3105
573	1.03722	5.60436
574	0.923001	6.09529
575	1.97967	1.68486
576	1.17297	2.7335
577	0.869099	1.1094
578	1.69226	3.27435
579	1.23709	4.57155
580	1.42648	2.77693
581	1.80842	2.65948
582	2.10764	5.09834
583	1.55717	3.96909
584	0.091918	2.49923
585	1.35737	5.89172
586	1.30695	3.97541
587	0.564575	1.38314
588	0.989226	5.4877
589	1.34717	3.83753
590	2.00846	4.50403
591	2.48409	1.08651
592	0.592193	4.73548
593	1.90066	3.3992
594	0.763704	3.227
595	1.54904	0.300332
596	2.8119	1.54027
597	2.00056	1.90484
598	0.822838	5.42667
599	0.0740158	1.8856
600	1.0866	0.888352
601	1.21629	2.61904
602	1.13558	5.51114
603	0.627806	0.990637
604	2.53977	3.79561
605	2.4513	4.76654
606	0.931052	4.37029
607	0.475836	4.7908
608	0.847434	4.97914
609	1.82652	4.24905
610	1.83346	1.3663
611	2.04755	4.6557
612	0.413221	6.10349
613	2.39347	1.5374
614	1.34986	2.4863
615	0.75444	3.67175
616	2.25409	2.66721
617	1.97159	2.07861
618	0.622174	1.79986
619	2.50384	3.92791
620	1.37386	5.91089
621	2.83982	0.456273
622	0.767333	3.47539
623	2.69941	3.99943
624	1.94899	3.74333
625	1.23118	2.97805
626	2.20596	2.1318
627	2.47947	2.90232
628	1.77024	0.422036
629	1.76261	0.0182552
630	2.16187	4.5561
631	1.30912	1.55505
632	1.02715	2.48181
633	2.07713	0.270672
634	2.36564	0.408769
635	1.74224	0.238376
636	1.26645	3.3226
637	2.75174	2.99795
638	1.47281	0.416187
639	2.19884	5.11571
640	0.939406	3.55524
641	1.30178	2.27805
642	2.69997	1.66562
643	1.38978	2.63668
644	2.02408	0.722184
645	1.85957	0.992127
646	0.633889	1.18032
647	2.52523	2.76383
648	1.49631	4.35821
649	0.565111	2.17177
650	1.98809	4.98496
651	1.976	6.04788
652	2.03576	0.736321
653	0.521526	0.348854
654	1.8028	3.61037
655	2.33735	5.94878
656	2.34067	4.51022
657	0.652707	3.51375
658	0.521212	1.07677
659	2.79111	3.97426
660	2.08365	4.94317
661	0.947377	0.947912
662	1.76176	5.9634
663	1.65791	3.99954
664	0.42963	2.34127
665	0.848576	1.25285
666	1.53636	6.07285
667	1.73566	2.28891
668	1.5534	5.19484
669	1.69627	1.85353
670	1.66018	1.7798
671	2.21653	4.38255
672	1.10829	3.34218
673	0.964591	5.89318
674	2.42964	4.57438
675	2.96379	1.43078
676	0.55354	0.926446
677	1.51701	5.53565
678	2.23249	5.49733
679	1.29814	4.40276
680	1.49625	3.16113
681	1.21046	0.0953897
682	1.91505	0.497588
683	2.1226	4.10964
684	2.30243	3.01561
685	0.579169	4.96176
686	0.422018	2.7297
687	1.39817	4.28583
688	1.14542	0.378425
689	0.182919	4.66637
690	1.43636	6.05146
691	1.96041	2.00903
692	2.02775	4.66932
693	0.3481	5.99076
694	1.98038	0.941438
695	1.94044	0.801378
696	2.0809	0.194702
697	0.216854	4.24876
698	1.9005	0.644803
699	1.49372	5.34024
700	1.20223	5.60967
701	0.757871	6.22047
702	1.40188	1.2227
703	2.3307	0.538269
704	2.13207	2.39601
705	2.62819	2.5139
706	1.08366	3.65157
707	1.35644	2.27831
708	1.80433	1.97629
709	0.852866	0.372826
710	0.835474	1.74448
711	1.90229	3.11263
712	0.429646	2.27255
713	1.51049	2.71239
714	0.481562	2.63358
715	0.726444	2.27583
716	1.16803	2.92174
717	1.87318	0.154811
718	2.34114	5.8081
719	2.32711	5.37949
720	2.16951	5.17625
721	1.1021	5.76339
722	1.85856	6.01371
723	0.687008	2.02237
724	1.93985	5.56366
725	2.52786	5.65836
726	1.90154	3.99743
727	2.00859	2.39652
728	1.8647	0.576871
729	0.848542	5.96869
730	1.07327	1.1652
731	1.23051	2.59256
732	1.76317	1.47386
733	2.14619	1.0094
734	1.90826	5.9021
735	2.06317	2.91079
736	0.866451	4.79736
737	2.20079	3.43185
738	2.36484	3.90901
739	1.51843	6.19251
740	0.310636	6.25208
741	2.3581	0.791464
742	3.03659	5.38809
743	1.65315	0.236207
744	0.869667	3.9006
745	1.82462	3.19534
746	2.93056	4.97158
747	0.628226	1.78418
748	2.98458	1.83364
749	1.2905	1.42934
750	2.38155	4.98825
751	2.56013	4.26405
752	0.376173	0.338868
753	2.32097	4.18867
754	1.07012	5.37567
755	1.29515	5.70506
756	2.60478	4.52159
757	1.00891	3.24865
758	1.05324	0.947728
759	2.09075	2.45612
760	2.64043	1.73829
761	1.96559	0.584201
762	1.09828	3.04979
763	1.91502	5.89694
764	0.178409	3.13925
765	2.21598	6.21154
766	0.585186	2.62605
767	2.80832	2.70898
768	1.4166	4.86965
769	1.51327	5.89897
770	2.48551	5.09763
771	1.40108	3.03746
772	0.833598	0.620709
773	2.63126	1.7816
774	2.42581	4.21569
775	1.90459	5.26286
776	1.06553	0.967538
777	1.69032	1.70849
778	0.554971	3.43502
779	1.25246	3.74795
780	0.899729	0.118957
781	2.70511	2.83733
782	0.164594	5.44218
783	2.46376	1.41241
784	1.3599	4.28934
785	2.47468	3.05713
786	1.77517	6.00105
787	1.68186	4.85976
788	1.92522	4.15536
789	1.38221	4.92927
790	2.41343	3.08734
791	0.543682	2.04735
792	1.93254	1.73466
793	1.17998	5.10735
794	2.49003	5.97328
795	2.14775	4.12101
796	2.07457	3.76627
797	2.37318	2.31493
798	1.18721	3.59778
799	0.412639	4.5158
800	1.5252	0.895945
801	0.539386	5.52301
802	0.468135	2.97241
803	1.53854	1.07982
804	0.580643	0.922826
805	1.6485	5.15388
806	2.24389	1.16729
807	2.69846	3.87077
808	2.21514	3.61201
809	0.544829	0.40985
810	2.00317	0.62113
811	0.636451	2.64782
812	2.08274	0.0271532
813	0.810673	3.58588
814	2.43886	4.09398
815	2.53689	1.38808
816	2.04035	1.67294
817	2.72024	3.63554
818	2.34019	0.946356
819	0.12627	1.62202
820	2.49309	1.89443
821	0.602826	0.616327
822	2.27888	1.13722
823	1.06592	1.99117
824	2.13147	3.39289
825	1.67656	2.28765
826	1.85504	5.67539
827	1.18906	3.29046
828	1.34785	3.52869
829	2.4647	2.37954
830	2.0046	3.21325
831	2.86972	1.25905
832	0.785533	4.13924
833	0.128263	5.56715
834	1.85316	2.71207
835	1.38146	3.21262
836	1.90718	4.41881
837	1.60435	0.850608
838	2.11097	1.84922
839	2.14844	1.56937
840	0.975428	5.38551
841	2.45984	6.22775
842	0.496891	2.6425
843	1.30533	1.21955
844	2.03986	4.42338
845	0.971239	2.54773
846	1.06196	1.61728
847	1.79519	4.09756
848	2.35559	3.62631
849	1.63655	2.61702
850	0.755995	4.90681
851	1.39834	2.58836
852	1.25684	2.53958
853	2.75644	0.104418
854	1.27238	5.20848
855	1.89612	5.77859
856	2.24197	5.83983
857	1.39953	4.36913
858	1.97252	4.7619
859	2.05594	4.93323
860	2.22154	4.38132
861	1.95935	2.60846
862	1.643	2.7903
863	0.836585	4.77758
864	1.32707	5.62214
865	2.9883	2.99142
866	1.5028	0.4033
867	0.682869	5.65979
868	2.56465	1.25896
869	1.53316	2.75096
870	1.52255	2.56113
871	2.66698	4.74598
872	2.34081	2.35012
873	0.861809	1.0386
874	1.25173	0.120334
875	2.34372	0.177724
876	1.27662	2.12259
877	1.39796	0.229023
878	1.17423	3.8854
879	0.482706	1.95738
880	3.00357	5.10163
881	1.54771	3.55248
882	1.52825	0.159157
883	1.43219	4.78805
884	2.01327	5.07938
885	1.98539	4.78142
886	2.57837	4.78877
887	1.64288	3.73011
888	0.633246	2.93384
889	1.71936	4.5896
890	1.9938	1.70789
891	2.56943	2.33349
892	1.469	2.49606
893	1.44174	4.95419
894	0.587787	5.07408
895	2.46823	5.93921
896	0.805667	5.98577
897	1.68008	2.40178
898	1.0298	4.77269
899	2.35441	6.15222
900	1.10865	4.56461
901	0.701589	1.15937
902	0.976358	5.32823
903	0.52064	4.09778
904	1.37598	5.89012
905	1.23362	1.96661
906	2.09291	4.75818
907	1.93991	4.83174
908	0.848147	0.123141
909	0.221639	3.46836
910	1.03109	3.4645
911	2.15647	1.92785
912	1.24512	4.92898
913	0.600443	0.814918
914	2.42754	2.53529
915	1.36823	5.05861
916	2.48498	4.19415
917	1.59136	0.169504
918	2.80244	2.67843
919	1.15468	1.59251
920	1.83221	1.034
921	1.58791	2.89413
922	2.97082	5.0347
923	1.9671	5.10561
924	0.873953	3.23863
925	1.68316	2.92058
926	0.208253	1.85406
927	2.29434	6.04209
928	1.16889	5.58746
929	2.48266	1.82949
930	0.570306	4.29265
931	1.26428	5.90025
932	1.42916	1.33036
933	2.43069	2.0115
934	0.472328	1.56901
935	0.464386	5.16788
936	0.815405	5.8355
937	1.08935	4.7673
938	0.689355	2.92826
939	1.72649	0.760446
940	1.6434	4.23432
941	1.37103	1.11703
942	0.705734	2.29461
943	1.88473	6.25399
944	1.37774	5.5698
945	0.527173	4.49491
946	1.66496	4.62513
947	1.00547	3.05562
948	0.555926	5.15717
949	1.0838	3.07839
950	2.11742	0.0589918
951	1.76522	2.97239
952	0.808885	6.12288
953	0.860112	3.88811
954	1.30444	0.809331
955	0.855362	4.81012
956	1.22083	1.42037
957	2.87515	0.573717
958	0.689136	4.79682
959	1.65693	5.08158
960	2.07324	1.53975
961	0.504129	1.73608
962	1.73122	2.74528
963	2.1652	1.97972
964	2.19522	2.41439
965	1.86539	0.019382
966	1.71536	0.997486
967	1.50211	1.43806
968	1.58859	5.74771
969	2.85732	4.20866
970	1.07782	1.34709
971	2.09874	6.09982
972	0.740904	5.7129
973	1.96966	5.54941
974	1.50215	2.65079
975	0.386736	1.18143
976	2.22937	0.815868
977	1.31535	2.26676
978	1.23866	4.72803
979	0.886194	2.6937
980	0.406837	1.12209
981	2.02714	4.31193
982	0.173357	1.17585
983	2.09705	0.524862
984	2.33814	2.96973
985	1.86758	4.84032
986	2.78768	4.18452
987	0.186047	0.115659
988	1.78077	0.422223
989	1.06748	3.07551
990	2.66637	0.616157
991	1.71974	4.69308
992	1.59318	4.01986
993	1.31735	5.42273
994	1.97358	4.35626
995	0.479716	5.42512
996	1.48099	4.76184
997	0.425326	2.33736
998	1.49836	1.62773
999	0.517631	2.70221
1000	2.38473	0.254624
1001	2.48178	0.0906967
1002	2.45451	4.65938
1003	0.128308	4.58405
1004	0.961587	0.0768439
1005	1.69785	2.0526
1006	0.73593	4.7681
1007	1.32409	0.874585
1008	1.48016	4.01964
1009	2.63719	4.9267
1010	0.767569	0.629635
1011	2.5757	2.86666
1012	2.86788	0.619754
1013	1.68421	1.93123
1014	0.343222	5.42011
1015	0.823187	5.42001
1016	0.746825	1.54316
1017	0.737589	5.60731
1018	3.0146	0.629791
1019	2.90696	3.33623
1020	1.56035	4.49829
1021	1.38226	1.40583
1022	1.52177	0.599682
1023	2.04118	0.828933
1024	0.585711	3.13008
1025	1.49755	3.82734
1026	2.61266	3.30966
1027	1.17289	0.183459
1028	0.711132	0.531413
1029	1.2396	3.96802
1030	0.857112	4.69269
1031	1.57779	1.18798
1032	1.7223	2.38576
1033	2.11447	2.07437
1034	0.678655	0.67857
1035	1.10609	1.88329
1036	1.90493	1.03525
1037	1.25964	5.95785
1038	1.13613	4.68271
1039	1.55386	2.68191
1040	1.05467	0.240856
1041	2.42329	3.3727
1042	1.55622	4.35285
1043	2.12565	0.311487
1044	1.37555	2.23161
1045	0.703819	2.02626
1046	1.23166	0.856056
1047	1.40075	4.88776
1048	1.35202	3.99644
1049	1.4226	5.45657
1050	2.22911	2.59208
1051	1.06213	5.06503
1052	1.89587	3.14936
1053	1.41901	4.51831
1054	0.452945	1.11192
1055	1.0159	3.96067
1056	2.72441	5.41279
1057	1.12566	5.13921
1058	2.39055	4.34761
1059	1.75054	2.50448
1060	1.99175	4.38329
1061	2.52433	0.795223
1062	0.403943	3.66124
1063	1.53037	3.445
1064	0.678455	4.84457
1065	1.63118	5.51728
1066	1.69631	2.00341
1067	0.988342	6.26342
1068	0.907186	5.69576
1069	1.89592	5.76198
1070	1.05605	2.25543
1071	1.21345	6.20363
1072	1.95576	2.03738
1073	0.603279	2.95598
1074	1.66402	4.42461
1075	2.27907	6.09376
1076	1.50294	3.27466
1077	1.84776	1.16131
1078	1.72225	1.18273
1079	2.56689	1.18865
1080	2.66701	1.19068
1081	2.19335	2.30114
1082	2.5919	1.00976
1083	2.24957	4.587
1084	2.13326	4.21103
1085	1.7076	5.74329
1086	1.75577	5.58993
1087	0.524247	1.36373
1088	1.32216	2.62182
1089	1.70519	2.84858
1090	1.24267	4.06141
1091	1.75055	4.78816
1092	1.03466	5.93801
1093	0.391697	4.37254
1094	2.16754	1.65192
1095	2.63905	0.82518
1096	2.44811	6.21104
1097	2.82623	0.519545
1098	2.2568	3.86745
1099	1.99301	3.80206
1100	2.10873	3.98947
1101	0.567602	1.56298
1102	1.43421	5.83812
1103	0.944197	5.05451
1104	1.73167	1.69004
1105	1.33545	5.85337
1106	2.84154	1.11417
1107	2.76634	5.589
1108	0.775364	2.24861
1109	0.86041	5.75223
1110	1.56883	0.68858
1111	1.06696	5.72077
1112	1.2692	4.10853
1113	2.08786	3.94416
1114	1.99232	0.20663
1115	1.00793	1.44617
1116	2.84473	3.93751
1117	2.06359	4.07821
1118	1.06716	5.98075
1119	1.99882	5.21639
1120	1.71009	3.623
1121	1.66816	4.23821
1122	2.1344	4.62289
1123	1.34586	2.86444
1124	1.10984	2.16141
1125	1.89682	0.0757026
1126	0.987102	4.4657
1127	0.735931	0.686764
1128	1.52967	2.17846
1129	0.954471	0.299112
1130	1.46367	5.51395
1131	1.66004	5.84831
1132	1.23506	2.45492
1133	0.507681	3.66609
1134	0.955533	4.13367
1135	0.938191	1.70895
1136	1.91776	0.375498
1137	2.02765	1.43763
1138	2.06956	2.68687
1139	1.64364	6.13861
1140	2.32471	5.49885
1141	2.30674	0.571138
1142	0.64648	3.95971
1143	0.62411	5.32911
1144	1.30331	4.07872
1145	1.66484	0.217667
1146	1.43422	5.31651
1147	2.10384	5.79997
1148	0.998845	4.12834
1149	0.439593	3.32964
1150	1.38185	0.675353
1151	2.18445	2.19431
1152	0.888222	0.144019
1153	0.866167	2.8866
1154	1.4387	1.86577
1155	0.959181	5.96807
1156	0.858647	0.617719
1157	1.6946	1.87427
1158	0.641062	3.31209
1159	1.76071	3.20029
1160	2.64939	2.16892
1161	2.20701	0.955658
1162	1.80766	3.37244
1163	0.578411	5.41011
1164	0.714397	3.69376
1165	1.61915	3.04667
1166	0.397955	0.33943
1167	1.54946	1.64989
1168	0.469046	2.40662
1169	0.460908	1.46754
1170	1.74713	1.59626
1171	2.27402	1.99175
1172	0.619967	1.56845
1173	2.28365	5.71439
1174	1.45573	3.19787
1175	2.02773	4.04385
1176	1.42516	5.98814
1177	1.35826	5.55463
1178	1.10216	5.66844
1179	2.85138	2.59072
1180	0.764399	5.74946
1181	2.16671	1.34903
1182	1.60382	0.116813
1183	0.788998	0.240098
1184	0.49755	2.93744
1185	2.68974	5.7251
1186	1.65447	4.73347
1187	1.67489	1.20509
1188	2.32535	4.04512
1189	2.31117	5.85152
1190	0.583332	0.0633245
1191	2.04745	2.0111
1192	2.42133	0.612839
1193	1.79994	0.399813
1194	2.64894	2.30594
1195	1.67486	0.75746
1196	2.20204	5.68262
1197	1.95723	6.19744
1198	1.16819	2.7432
1199	0.42765	5.07304
1200	1.03137	4.2614
1201	2.90577	1.32747
1202	1.63424	3.29371
1203	1.74872	6.04198
1204	2.50307	5.54006
1205	2.69115	1.03279
1206	1.79597	0.307249
1207	1.76846	4.28745
1208	0.62261	2.30603
1209	1.28261	3.85133
1210	1.10243	3.52302
1211	0.95523	2.54248
1212	1.38938	3.61037
1213	1.65188	1.48411
1214	2.10801	0.806247
1215	0.374403	0.918958
1216	0.261072	5.67253
1217	2.11183	2.98246
1218	2.63762	5.69847
1219	1.5993	5.89456
1220	2.54343	1.76647
1221	1.99446	4.32355
1222	1.70736	6.15558
1223	2.86749	3.98293
1224	1.07938	5.27005
1225	1.81282	0.143218
1226	2.60159	3.52092
1227	0.377818	0.528128
1228	1.12079	1.70687
1229	1.78775	5.07745
1230	0.75396	2.06155
1231	0.584681	3.02726
1232	1.34722	2.39425
1233	0.57164	4.62796
1234	0.448563	1.4391
1235	1.99733	6.16173
1236	0.19502	5.02615
1237	1.25354	6.17655
1238	1.18883	0.979248
1239	1.1031	4.22036
1240	1.65744	2.88042
1241	1.39368	3.8216
1242	1.55679	4.1
1243	1.36148	4.93198
1244	1.18146	5.92775
1245	2.46998	4.35011
1246	2.74515	5.81921
1247	2.00365	3.36822
1248	1.52663	1.09658
1249	1.26702	1.28454
1250	2.25983	2.74497
1251	0.357235	5.52234
1252	1.6461	5.87664
1253	0.702272	2.30553
1254	1.82592	3.22098
1255	2.2978	1.18276
1256	1.98112	4.2011
1257	1.02862	0.940343
1258	2.12842	5.34315
1259	2.74347	0.504366
1260	1.2088	1.59877
1261	0.338184	5.32539
1262	1.81936	2.44194
1263	0.984499	4.2293
1264	1.47517	3.64149
1265	1.42008	4.13285
1266	2.09476	5.36909
1267	2.19243	4.16113
1268	2.00022	5.58659
1269	1.99056	2.96585
1270	1.34801	2.24021
1271	0.588788	0.355541
1272	1.66143	4.4907
1273	1.3714	2.92471
1274	1.0958	4.03374
1275	1.68792	0.212071
1276	1.04118	3.40455
1277	1.15144	5.527
1278	1.99498	4.0887
1279	1.70939	5.33669
1280	0.66543	3.16419
1281	2.09312	4.80516
1282	2.92082	4.38188
1283	0.523361	1.26244
1284	0.763045	1.56536
1285	1.21318	6.01631
1286	1.89464	2.67931
1287	1.48855	3.39189
1288	2.70923	5.17571
1289	1.94656	4.24734
1290	1.92819	3.59087
1291	2.59716	3.49318
1292	1.10653	4.0534
1293	2.17472	3.01716
1294	0.969207	5.0442
1295	1.95435	0.375605
1296	2.64341	5.83386
1297	2.45189	1.85223
1298	2.2103	0.470437
1299	2.65824	4.15352
1300	2.12349	0.051961
1301	1.74762	2.37052
1302	2.08324	0.147181
1303	1.45942	4.91964
1304	1.21398	4.68446
1305	2.70177	6.18181
1306	1.30516	4.43982
1307	0.948764	2.75696
1308	1.59469	1.22899
1309	0.52203	5.73981
1310	1.61202	2.24713
1311	0.531703	6.05956
1312	3.08049	5.41348
1313	1.18495	0.467556
1314	1.21199	3.0147
1315	0.644672	4.9073
1316	1.89833	2.30955
1317	2.18961	1.2479
1318	1.92845	6.25441
1319	1.79574	0.260838
1320	2.03531	5.03915
1321	2.08467	3.65518
1322	1.88572	2.85316
1323	1.14015	3.67645
1324	1.10902	5.57635
1325	1.31736	5.00695
1326	0.874592	0.24668
1327	1.06083	3.1081
1328	2.29452	3.21513
1329	2.36859	6.12936
1330	0.396292	0.40727
1331	1.73515	2.01664
1332	2.40072	3.61342
1333	1.42497	2.24249
1334	1.58141	4.93234
1335	3.10829	1.49932
1336	0.821911	1.30611
1337	1.77112	3.05477
1338	2.15852	3.43951
1339	1.93881	1.24419
1340	2.725	0.836113
1341	1.69668	4.51222
1342	1.83548	1.70511
1343	0.790585	6.14207
1344	2.45728	4.7524
1345	1.88295	6.05547
1346	2.03433	4.59329
1347	0.912722	1.53026
1348	1.74983	3.37859
1349	1.15544	3.18292
1350	1.87063	1.41502
1351	1.32922	5.07737
1352	1.4434	3.73473
1353	2.27674	0.140375
1354	2.37675	3.2198
1355	0.213119	3.40066
1356	1.75748	4.45843
1357	0.636521	3.92158
1358	2.12607	4.09719
1359	1.2613	0.331207
1360	2.15504	1.93265
1361	0.127915	5.64937
1362	2.55164	5.65155
1363	0.889823	0.672258
1364	2.40956	0.401221
1365	0.874324	0.179568
1366	0.868912	2.39939
1367	1.57387	3.53718
1368	0.892061	3.10564
1369	2.98992	4.35094
1370	2.06309	0.232671
1371	0.212545	3.24934
1372	1.17817	5.39328
1373	1.35116	3.28385
1374	1.49794	1.40953
1375	1.96506	2.79635
1376	0.856521	2.58387
1377	1.17607	1.32886
1378	1.00649	2.84773
1379	1.48186	5.21114
1380	0.811785	0.889909
1381	1.29969	4.82379
1382	2.35622	5.78173
1383	0.395567	2.75641
1384	1.32718	4.27298
1385	0.800532	4.3599
1386	0.412719	1.43257
1387	2.51521	3.75994
1388	1.84327	1.56806
1389	1.11072	5.467
1390	0.809433	4.56152
1391	0.758159	3.07139
1392	2.57105	0.0836375
1393	1.65411	0.280952
1394	1.40648	3.89799
1395	1.31311	0.459861
1396	0.753953	0.426697
1397	0.727087	5.95697
1398	2.6827	1.18414
1399	2.78478	2.88356
1400	2.00871	4.49369
1401	1.63313	5.77498
1402	1.15724	4.50129
1403	2.17915	1.41433
1404	1.87001	3.24903
1405	1.78351	3.84004
1406	1.58464	0.88205
1407	1.40581	2.94441
1408	2.45201	1.3482
1409	1.76479	0.854765
1410	1.04679	0.828609
1411	2.7621	5.44597
1412	0.812764	4.19536
1413	2.57881	4.63567
1414	2.24203	4.17251
1415	2.23272	0.901162
1416	2.06112	2.56266
1417	1.1634	2.04293
1418	2.46725	2.26024
1419	0.913878	5.56912
1420	1.49367	0.526887
1421	1.55214	4.5748
1422	1.44809	2.67191
1423	1.63285	2.25652
1424	1.30283	2.93856
1425	1.02156	2.36612
1426	0.500659	5.15054
1427	2.21515	5.53419
1428	2.14902	2.98914
1429	1.08763	4.66097
1430	0.50191	2.8961
1431	1.74641	2.86426
1432	2.4495	0.840195
1433	1.73294	6.28304
1434	1.1178	2.616
1435	0.983097	6.12303
1436	2.24702	1.72585
1437	1.80822	2.75578
1438	2.31567	5.272
1439	1.48865	4.88828
1440	0.658962	3.7801
1441	2.69583	1.60732
1442	0.908674	5.93163
1443	1.47551	0.360467
1444	1.72007	5.93844
1445	2.60967	5.61647
1446	0.463403	4.6444
1447	1.15776	6.19611
1448	1.6109	0.586892
1449	1.23018	5.88178
1450	0.389129	2.08454
1451	2.76113	1.14513
1452	0.784598	0.081547
1453	2.6379	6.2397
1454	2.01002	3.05015
1455	1.74448	5.20886
1456	1.62081	3.23351
1457	1.10152	5.62276
1458	1.28112	2.49736
1459	1.84677	1.35589
1460	0.154115	3.7988
1461	1.14054	5.88583
1462	2.14441	2.66255
1463	3.0922	0.0418817
1464	1.7462	1.73613
1465	1.33493	3.58918
1466	2.24013	2.00247
1467	2.02181	5.73144
1468	2.09311	3.8101
1469	1.14212	5.33987
1470	2.36947	4.16544
1471	2.13631	4.75051
1472	1.20452	4.99302
1473	1.53782	3.66603
1474	2.48875	1.5519
1475	2.58232	6.0601
1476	0.756664	4.73609
1477	0.802347	2.11694
1478	1.18138	5.66358
1479	2.0543	5.12777
1480	1.98451	4.16214
1481	1.67037	3.98138
1482	0.603489	3.7747
1483	1.3445	2.64343
1484	0.324961	0.509358
1485	1.48867	5.73271
1486	2.32758	0.857303
1487	1.67764	6.21051
1488	2.35044	6.0704
1489	0.839908	4.14931
1490	1.69095	4.74399
1491	1.61842	0.565636
1492	1.66485	2.74458
1493	1.85704	5.97734
1494	1.61133	2.58101
1495	0.954669	4.70455
1496	2.87009	4.23638
1497	2.50552	5.95967
1498	0.363003	3.47692
1499	2.17675	2.61877
1500	2.24245	3.77723
1501	0.793752	3.40857
1502	1.79579	3.36263
1503	1.91946	0.534181
1504	1.14054	1.74931
1505	1.78444	0.45032
1506	1.1694	3.18617
1507	2.00965	4.80628
1508	0.767241	5.08621
1509	2.16885	2.10633
1510	2.36464	2.89471
1511	1.22713	0.0022501
1512	1.30665	2.89385
1513	2.16621	3.55707
1514	2.35657	5.96365
1515	1.21905	4.10824
1516	2.77105	0.467352
1517	1.74915	0.188789
1518	2.5048	5.7991
1519	0.98318	4.75583
1520	1.29607	0.521958
1521	0.718501	1.54822
1522	0.227879	3.84299
1523	1.83674	3.70895
1524	2.06601	4.25394
1525	1.22513	2.93556
1526	0.958172	6.23472
1527	1.39134	1.56426
1528	1.55195	5.07236
1529	2.55312	1.8031
1530	1.73462	4.29293
1531	1.70513	3.77252
1532	0.100099	3.34276
1533	2.27442	2.92136
1534	1.66837	2.64588
1535	1.81738	5.62288
1536	1.97236	1.44563
1537	1.91626	2.51423
1538	2.177	5.00422
1539	2.28046	2.94708
1540	1.23207	0.666561
1541	2.36041	1.53302
1542	1.65335	0.464251
1543	1.80088	4.24847
1544	1.65645	3.08127
1545	2.57056	0.141581
1546	1.30482	4.73887
1547	1.39156	3.20824
1548	1.18082	0.206368
1549	2.45759	4.13376
1550	1.8542	2.17509
1551	1.20091	2.19577
1552	1.39929	4.28781
1553	1.00139	6.26784
1554	2.49321	4.19033
1555	1.46489	4.79598
1556	0.712534	4.38105
1557	0.162192	3.0753
1558	0.553928	4.87663
1559	1.04824	5.67853
1560	0.503911	3.42638
1561	0.977084	3.08573
1562	0.933465	5.54895
1563	2.3448	2.45781
1564	1.16852	1.76782
1565	1.91284	4.0372
1566	0.782514	5.22702
1567	2.43784	0.687503
1568	2.18956	1.82087
1569	1.40393	1.43543
1570	0.567619	2.66534
1571	0.644462	2.16583
1572	2.6855	0.226459
1573	1.55816	2.86345
1574	2.28021	4.56008
1575	1.84578	1.63317
1576	1.57591	0.733631
1577	1.63892	0.932536
1578	0.124004	5.6321
1579	2.62779	5.28142
1580	0.889153	2.08909
1581	1.24371	0.895554
1582	1.89665	3.52524
1583	0.736138	6.18042
1584	0.819655	5.73372
1585	1.7914	0.420795
1586	2.00117	1.40235
1587	1.86575	5.92423
1588	1.80425	1.35645
1589	1.37599	4.74301
1590	1.89367	3.80699
1591	1.27008	4.07589
1592	1.27817	3.67674
1593	1.35645	6.17214
1594	2.13384	5.33791
1595	1.45445	1.23462
1596	1.12422	4.89423
1597	1.01917	1.31133
1598	1.14326	2.26895
1599	1.67797	5.16937
1600	2.47447	6.09877
1601	2.04824	4.89308
1602	2.28485	0.829172
1603	1.05048	2.14158
1604	1.55248	2.78164
1605	0.207087	0.777854
1606	1.85907	2.09141
1607	1.24687	4.88287
1608	0.308299	5.33962
1609	1.1815	0.882446
1610	1.48026	5.44508
1611	1.14235	0.386193
1612	2.3539	1.03486
1613	1.30321	2.34298
1614	1.58522	2.50183
1615	1.99542	0.7404
1616	1.18637	5.22111
1617	0.792044	0.884926
1618	2.20087	5.9994
1619	1.97541	1.85486
1620	2.88689	0.216867
1621	0.741764	5.06331
1622	0.569267	1.09769
1623	1.70931	0.175144
1624	1.16321	0.106796
1625	0.532668	6.07185
1626	1.1136	4.67138
1627	0.692092	3.15189
1628	0.601168	1.06625
1629	1.00412	3.57842
1630	2.59541	1.74245
1631	2.04134	3.93255
1632	1.90012	1.08228
1633	1.0267	5.45377
1634	0.862898	4.43782
1635	0.90717	0.492396
1636	0.420268	4.15382
1637	1.59202	5.66597
1638	1.05319	5.47501
1639	2.32401	1.3391
1640	1.61371	1.36786
1641	1.67984	2.22587
1642	1.23417	2.36563
1643	0.755292	6.12272
1644	1.66979	5.02659
1645	2.90264	5.10922
1646	2.18105	2.59521
1647	0.609978	3.74329
1648	1.52964	4.40651
1649	0.948379	1.19476
1650	2.42877	0.908037
1651	0.942355	0.142603
1652	0.26643	4.68375
1653	1.13216	2.41838
1654	1.03754	0.32072
1655	2.12458	4.6557
1656	0.44773	4.5376
1657	1.31722	4.49719
1658	1.68315	4.81924
1659	1.80986	5.1769
1660	0.851555	0.719047
1661	0.615544	5.16571
1662	2.5016	4.07522
1663	2.62068	0.33279
1664	2.66368	4.42866
1665	1.96401	1.04067
1666	0.747624	0.613425
1667	1.30092	1.75598
1668	0.454642	2.84057
1669	1.31379	2.14695
1670	2.18746	6.17559
1671	1.5388	3.28986
1672	2.09753	1.54682
1673	1.48479	4.19634
1674	1.68177	0.646143
1675	2.44473	0.174426
1676	0.150306	2.60488
1677	1.05887	2.03136
1678	0.600503	3.75001
1679	0.340719	5.42004
1680	0.61565	6.22993
1681	2.03194	1.36505
1682	2.48686	4.22035
1683	1.83564	0.579756
1684	2.06301	4.56195
1685	2.6658	3.61695
1686	1.16015	1.49957
1687	0.322658	5.53614
1688	1.81092	2.7112
1689	0.0342541	4.58131
1690	2.46925	1.04385
1691	0.865897	5.8776
1692	0.699913	0.430268
1693	1.65838	2.85326
1694	0.593544	4.37828
1695	1.73006	0.326609
1696	2.39674	6.15764
1697	1.05504	5.85998
1698	2.56093	0.571441
1699	1.49756	4.75125
1700	1.29788	4.603
1701	1.85369	4.81048
1702	1.49248	4.98449
1703	0.908413	2.07033
1704	2.54304	3.53013
1705	0.942098	3.58611
1706	1.53623	4.41566
1707	1.33047	0.606134
1708	1.8448	1.30549
1709	1.71641	3.4039
1710	0.84503	2.97505
1711	1.57735	6.08975
1712	1.65813	2.18642
1713	1.15751	2.64959
1714	1.37606	3.0699
1715	1.01848	6.27604
1716	2.08537	2.45923
1717	2.5099	6.18638
1718	0.923325	1.88651
1719	0.887359	0.0541229
1720	1.82764	0.993196
1721	1.47317	4.14313
1722	0.755262	1.86743
1723	1.55647	2.20659
1724	1.19219	2.04224
1725	0.664928	5.94189
1726	1.05752	1.251
1727	1.10259	3.09523
1728	2.80972	3.74907
1729	2.18065	3.97777
1730	1.03156	2.23027
1731	0.137963	4.95721
1732	1.04962	2.29282
1733	1.53662	3.3845
1734	1.91997	5.58804
1735	2.98841	1.0824
1736	2.03597	4.53198
1737	0.828065	0.279726
1738	1.35385	6.14217
1739	1.05905	1.55345
1740	0.847301	5.8806
1741	0.693111	1.61862
1742	1.66078	1.60125
1743	2.79205	0.817115
1744	2.86295	2.37622
1745	1.78503	4.32161
1746	2.52794	3.67225
1747	0.914002	5.75079
1748	1.15273	4.31341
1749	1.66683	2.62028
1750	1.79623	3.43791
1751	1.93994	5.21376
1752	2.81397	2.19406
1753	0.737626	0.972686
1754	2.98173	0.766649
1755	1.29247	5.20836
1756	0.504159	3.03754
1757	1.96746	0.233682
1758	0.48048	4.8182
1759	1.50287	4.23237
1760	0.449053	1.76018
1761	0.583609	1.56085
1762	2.71078	5.99138
1763	1.27083	0.260527
1764	1.8197	5.0908
1765	1.67293	4.07913
1766	0.708543	2.04212
1767	1.46949	0.00227749
1768	1.22528	5.28569
1769	2.63496	2.70238
1770	1.01614	5.61458
1771	3.03247	6.19283
1772	0.81952	4.46913
1773	1.60061	0.623078
1774	0.921702	1.78503
1775	1.42128	1.46271
1776	1.64665	4.15559
1777	1.98797	5.35017
1778	1.51931	3.70912
1779	2.18467	5.79025
1780	0.891896	2.01567
1781	1.59725	1.03513
1782	0.957331	4.25474
1783	0.688721	0.362841
1784	1.6299	2.98394
1785	2.16012	3.41339
1786	2.50824	5.066
1787	2.40047	2.28438
1788	0.482218	4.17352
1789	0.422514	2.00267
1790	1.4275	6.19766
1791	1.66154	0.645705
1792	1.82395	2.12784
1793	1.0147	1.31106
1794	1.64975	6.07139
1795	1.36549	5.87494
1796	0.790073	0.289202
1797	0.64506	4.13213
1798	0.60021	3.92745
1799	0.399613	1.47596
1800	1.59203	4.15558
1801	0.709252	4.94524
1802	0.482497	2.56254
1803	1.75443	2.81101
1804	1.97442	2.64733
1805	1.92097	5.16103
1806	2.41486	2.0828
1807	1.58039	3.35168
1808	1.54095	2.32245
1809	2.11079	3.31169
1810	1.72054	5.79984
1811	1.62586	6.26857
1812	1.63876	5.22682
1813	1.05678	3.99514
1814	1.43216	1.42289
1815	1.41122	1.23249
1816	2.75778	2.65848
1817	1.78879	0.382839
1818	1.79285	3.20435
1819	1.22081	2.76654
1820	2.3016	3.27476
1821	1.39276	2.23922
1822	1.61682	0.837493
1823	1.66514	6.04647
1824	1.36802	0.51227
1825	1.33861	0.63538
1826	1.26363	4.6969
1827	1.7934	1.99168
1828	1.21273	4.98101
1829	1.04602	0.3173
1830	1.17257	0.416772
1831	1.14105	2.4702
1832	1.47814	6.0678
1833	2.7176	0.534231
1834	0.659716	5.79005
1835	2.16411	3.84774
1836	2.72055	1.49787
1837	2.65729	4.62625
1838	0.412117	5.73315
1839	2.72036	0.0725164
1840	0.594401	2.14537
1841	0.362772	3.10532
1842	2.32982	5.22399
1843	2.96137	1.60738
1844	1.30188	0.615109
1845	1.16963	1.35315
1846	1.76712	3.52845
1847	0.796559	0.726982
1848	0.869183	1.20952
1849	2.94478	5.19977
1850	3.09892	3.73437
1851	1.09228	5.70427
1852	2.15386	4.86433
1853	2.38118	1.79205
1854	0.838887	3.28256
1855	0.519388	0.802388
1856	1.77024	2.34072
1857	2.10917	0.759891
1858	1.49532	6.11565
1859	0.619907	3.25706
1860	2.12116	3.00215
1861	2.31434	0.773022
1862	2.20522	6.0713
1863	2.75046	2.65143
1864	2.25595	2.77156
1865	0.870513	5.12904
1866	2.71456	6.19552
1867	2.52013	5.81882
1868	1.81579	0.145523
1869	0.217913	2.55257
1870	1.6987	1.93731
1871	0.844045	3.06403
1872	2.74419	1.59559
1873	2.58434	2.12252
1874	2.70522	4.19343
1875	2.92507	0.188193
1876	2.18059	1.13088
1877	2.1191	1.7344
1878	0.744487	2.38418
1879	2.81368	5.45942
1880	2.15247	3.68998
1881	1.01939	3.46295
1882	1.06904	6.25605
1883	0.359873	2.06067
1884	1.63895	3.65991
1885	2.91174	1.51685
1886	0.178216	4.7892
1887	1.08049	5.1485
1888	0.965296	5.79893
1889	1.31142	1.25627
1890	1.28617	0.806968
1891	1.14169	0.946215
1892	2.61484	2.40061
1893	1.85394	0.252946
1894	2.53569	4.15543
1895	2.71695	4.11568
1896	2.34431	5.86961
1897	1.82191	2.15276
1898	1.524	3.16222
1899	0.907926	3.83754
1900	1.37326	0.905406
1901	1.14121	1.9514
1902	1.67674	0.199888
1903	1.37452	3.11993
1904	1.14501	2.99184
1905	2.07413	5.35275
1906	1.38925	3.33196
1907	1.7854	2.34258
1908	2.02807	4.46967
1909	1.73937	2.43711
1910	2.19706	5.61147
1911	0.788353	1.87013
1912	2.08357	3.88829
1913	0.897721	6.13983
1914	0.408546	3.37955
1915	1.10935	2.411
1916	1.71202	3.15992
1917	1.92124	1.18392
1918	1.41168	4.92774
1919	2.95203	6.04915
1920	2.03584	3.33393
1921	1.88265	0.495215
1922	2.85445	1.42824
1923	0.625391	4.10398
1924	1.28024	4.1203
1925	0.754138	1.21307
1926	0.578116	4.13473
1927	2.29597	2.55345
1928	0.132973	1.81784
1929	1.50074	4.78087
1930	1.72431	0.461464
1931	2.57237	0.848932
1932	1.01529	0.546825
1933	0.496048	5.72137
1934	2.77766	4.30627
1935	2.3923	1.00479
1936	1.10789	3.82889
1937	0.53562	0.481531
1938	2.47438	5.31562
1939	2.70933	5.94215
1940	2.20049	2.21488
1941	1.95053	1.68629
1942	2.80241	5.79851
1943	1.7753	5.81481
1944	2.28163	5.47631
1945	1.5549	5.04155
1946	2.32801	0.291655
1947	0.822971	1.51438
1948	2.45659	0.508248
1949	0.51218	3.76842
1950	1.72849	5.22302
1951	0.815943	1.74337
1952	2.16675	2.99902
1953	0.372389	2.12831
1954	2.34294	0.56957
1955	0.882913	5.58486
1956	1.16017	5.39865
1957	0.893321	3.12619
1958	2.49652	1.7597
1959	1.58689	1.82865
1960	0.976498	2.64495
1961	2.3749	5.28939
1962	1.77548	0.799016
1963	1.74741	2.50638
1964	1.61715	6.1419
1965	2.68137	3.48454
1966	0.685304	0.145627
1967	0.483791	1.80627
1968	1.7889	5.91254
1969	1.43221	0.744168
1970	0.918571	0.0982855
1971	1.90801	5.15827
1972	2.6128	6.24787
1973	2.39438	5.1699
1974	1.48763	1.08728
1975	2.10818	0.569959
1976	1.62972	5.75219
1977	1.62487	5.1145
1978	0.308825	5.94498
1979	0.472637	1.73707
1980	0.490854	5.26192
1981	0.678698	4.78481
1982	1.70253	1.21449
1983	2.63955	1.13571
1984	1.48226	3.61999
1985	1.53209	0.886766
1986	1.10207	5.15464
1987	0.839821	0.586595
1988	2.70648	5.19306
1989	1.90388	3.9537
1990	2.10383	1.83212
1991	1.49291	0.239957
1992	1.27764	5.96159
1993	1.90496	3.43528
1994	0.572711	2.59071
1995	1.14446	5.42206
1996	1.09213	0.419626
1997	0.616605	5.43243
1998	0.433053	5.50015
1999	0.89382	4.90367
2000	2.44827	6.06451
2001	0.679539	2.37617
2002	0.602213	1.06027
2003	1.93241	3.47299
2004	1.6664	5.898
2005	1.46072	2.9381
2006	1.51351	6.25816
2007	1.60285	4.68744
2008	1.44763	3.10982
2009	1.26888	6.00426
2010	0.303304	4.68357
2011	0.841183	3.79827
2012	2.27009	1.25255
2013	1.72619	1.82903
2014	2.36952	0.654219
2015	1.1321	3.98355
2016	0.63806	2.10036
2017	1.95958	2.19283
2018	2.49293	0.845656
2019	0.646585	2.79921
2020	1.2269	2.71639
2021	2.04962	0.911682
2022	2.08835	3.92966
2023	1.24049	5.25806
2024	1.43257	3.20662
2025	2.80445	4.45241
2026	2.17991	4.17841
2027	1.94	2.18389
2028	1.98878	0.566698
2029	1.94781	4.19178
2030	1.1375	0.986324
2031	2.59734	0.839681
2032	0.440836	0.0489406
2033	1.79005	5.51725
2034	1.57923	3.37295
2035	1.644	2.07337
2036	2.07642	2.50772
2037	0.759472	0.72703
2038	1.61136	0.368843
2039	2.75119	5.31828
2040	1.50435	4.48026
2041	0.699887	4.4449
2042	1.54135	3.90825
2043	1.42764	2.56512
2044	0.988311	2.94956
2045	2.18154	2.59083
2046	1.21457	5.99318
2047	1.98976	0.789161
2048	0.516489	3.08414
2049	1.86411	5.13703
2050	2.18713	2.81086
2051	0.494411	4.30857
2052	1.32414	1.99601
2053	1.96417	4.69528
2054	1.84284	5.09379
2055	2.33137	1.20239
2056	0.670374	4.27012
2057	0.218832	1.70847
2058	1.75389	2.59873
2059	1.58264	4.47073
2060	2.74633	6.25144
2061	1.66417	5.4573
2062	1.26847	5.06632
2063	2.04438	4.48655
2064	1.85097	3.24078
2065	1.84571	2.42761
2066	1.85934	4.86548
2067	2.18737	1.18306
2068	0.710677	4.98335
2069	0.467331	4.58123
2070	0.963278	5.02182
2071	0.733768	3.40178
2072	0.682379	4.37307
2073	0.344474	1.37866
2074	2.1892	3.16602
2075	0.93406	0.941743
2076	2.10138	5.27996
2077	1.10715	3.33623
2078	0.452048	0.447368
2079	2.56719	2.08472
2080	0.702774	0.76526
2081	2.49747	0.620413
2082	0.869643	2.12861
2083	2.94565	2.97719
2084	2.80997	0.655126
2085	0.587101	3.92809
2086	2.00915	5.46999
2087	0.578349	2.29326
2088	1.85183	2.7977
2089	2.08893	5.08976
2090	2.42809	2.6596
2091	2.49867	3.3974
2092	1.2437	3.35726
2093	0.87573	5.67185
2094	2.74038	1.7162
2095	1.2561	0.797465
2096	1.22534	4.03285
2097	1.71973	3.04971
2098	1.12603	4.32262
2099	2.58539	4.62209
2100	1.75314	5.14456
2101	1.38475	1.72265
2102	2.19645	2.42682
2103	1.27972	6.05875
2104	0.842134	3.88533
2105	0.695537	0.758213
2106	0.726432	4.10435
2107	2.1853	4.02114
2108	0.675852	3.02356
2109	1.17649	1.94997
2110	0.537192	0.561241
2111	1.1344	5.60009
2112	2.24609	3.59015
2113	0.832582	2.8523
2114	1.53946	1.75662
2115	1.02774	0.0152078
2116	2.13191	0.187503
2117	2.81034	5.42892
2118	1.90784	0.346689
2119	1.28189	0.756278
2120	1.44309	4.09424
2121	1.71312	3.18572
2122	0.558839	4.0632
2123	2.74042	1.85314
2124	0.780256	2.37401
2125	1.77717	2.92954
2126	1.6718	5.33044
2127	0.0213179	2.79762
2128	1.23871	1.96139
2129	0.904891	3.82309
2130	2.06906	4.03457
2131	1.74149	5.67012
2132	1.12583	0.179522
2133	2.34362	6.23829
2134	1.63161	3.94637
2135	1.1312	0.814612
2136	2.19011	4.25774
2137	1.19027	1.67348
2138	1.23417	5.23872
2139	1.48774	5.76053
2140	0.481751	1.15748
2141	2.22309	6.14854
2142	2.01051	3.44482
2143	2.23072	2.86927
2144	1.5356	5.47533
2145	1.78633	0.214465
2146	2.40845	1.27323
2147	0.661078	3.23465
2148	1.41165	0.137535
2149	2.27642	4.97811
2150	1.61546	0.418881
2151	1.78317	1.07142
2152	1.02249	5.61399
2153	2.44965	2.38718
2154	2.60856	1.97119
2155	1.49799	2.7798
2156	1.56972	4.21447
2157	1.95552	5.71799
2158	1.45132	5.39619
2159	1.00152	3.43883
2160	0.569893	6.19612
2161	1.0907	3.15515
2162	1.68579	2.8392
2163	2.69294	4.15388
2164	1.73104	3.04862
2165	0.543669	5.13661
2166	0.623098	2.85558
2167	2.21479	2.38124
2168	1.75639	2.11776
2169	2.14009	0.211885
2170	2.23981	0.57425
2171	2.12507	3.53101
2172	0.297905	1.66101
2173	2.32412	1.09787
2174	1.01801	3.82467
2175	2.2126	0.83097
2176	1.48409	4.14476
2177	1.91924	2.41938
2178	1.56204	3.01827
2179	2.16822	4.70293
2180	0.89086	4.58435
2181	0.997467	5.63371
2182	0.624577	1.72269
2183	2.92781	0.843086
2184	2.08277	6.16347
2185	1.17016	1.58322
2186	1.21643	3.5525
2187	1.81487	1.80002
2188	1.43127	3.66997
2189	0.82252	0.669231
2190	1.1152	4.19416
2191	0.920638	0.775384
2192	0.81469	3.69977
2193	1.56497	5.45127
2194	2.19082	5.15979
2195	1.60764	4.70748
2196	1.29801	1.27934
2197	2.39817	4.19707
2198	1.97014	3.31682
2199	1.82044	2.18347
2200	2.63944	4.06145
2201	0.405365	2.16533
2202	0.533467	5.74729
2203	0.910988	5.26079
2204	1.37096	3.44111
2205	2.16701	3.8379
2206	2.11153	4.1286
2207	0.638848	0.299032
2208	0.491827	2.83168
2209	2.46987	2.86223
2210	2.10641	2.23025
2211	1.62802	2.25062
2212	2.71258	0.185342
2213	2.2356	1.37107
2214	1.38926	5.78081
2215	2.02313	3.65186
2216	1.33375	5.16402
2217	1.9066	5.55401
2218	1.01911	0.20198
2219	1.61542	6.005
2220	1.64069	5.88568
2221	1.3891	2.72748
2222	1.0535	6.10858
2223	1.27755	2.12464
2224	1.17422	5.85857
2225	1.55745	4.58823
2226	2.43393	4.98086
2227	2.22923	2.6658
2228	1.42605	0.386796
2229	2.74729	0.96383
2230	0.519995	4.49825
2231	1.6019	2.2933
2232	2.01926	1.42352
2233	0.449939	0.252708
2234	0.861238	2.79943
2235	2.91758	5.79911
2236	1.33415	3.54996
2237	1.88494	5.0068
2238	2.44607	4.27268
2239	1.60404	2.62635
2240	1.5681	0.53893
2241	1.36396	5.85273
2242	2.73273	2.34834
2243	1.3109	6.17748
2244	0.295246	3.80557
2245	1.14714	0.458527
2246	1.02055	4.5313
2247	2.62775	4.23625
2248	2.04855	3.09923
2249	2.40728	3.76396
2250	1.23155	5.52384
2251	2.37283	0.095041
2252	1.43105	2.95852
2253	1.12202	4.64217
2254	2.15923	1.23034
2255	1.132	0.0848617
2256	1.34039	4.23203
2257	0.909539	0.306384
2258	2.15315	5.65467
2259	1.78448	0.678303
2260	1.09519	2.05583
2261	0.323637	4.98084
2262	2.95554	3.02828
2263	0.31726	1.81016
2264	1.86611	1.17686
2265	2.38891	4.41752
2266	1.25955	1.80144
2267	0.406186	0.167019
2268	0.613386	1.8577
2269	1.0439	0.938546
2270	2.40532	3.08517
2271	2.3727	1.38876
2272	1.72925	3.49815
2273	0.125787	5.98155
2274	1.65602	2.18741
2275	1.19338	5.93854
2276	0.865283	5.84357
2277	2.87016	2.26376
2278	2.00002	1.10599
2279	1.80825	4.82766
2280	1.00444	4.40777
2281	1.706	0.637646
2282	2.09681	0.504169
2283	1.27072	3.99456
2284	1.16343	5.88245
2285	0.283996	4.69177
2286	1.17383	5.32446
2287	0.930633	1.51626
2288	2.03238	3.58947
2289	0.911817	4.81401
2290	1.21136	4.01422
2291	1.11834	4.29649
2292	1.91831	1.20149
2293	1.02431	3.74099
2294	2.55478	2.69492
2295	1.95101	3.21277
2296	0.986553	5.58673
2297	0.433352	3.96741
2298	1.89532	3.69871
2299	2.13208	4.26671
2300	2.28402	0.253393
2301	1.07822	1.80084
2302	2.29883	4.78669
2303	2.66868	4.52736
2304	1.30473	5.25779
2305	1.31928	4.6175
2306	0.939308	3.17481
2307	2.10007	3.53548
2308	0.996066	2.1348
2309	1.20482	5.25158
2310	1.39336	1.10814
2311	0.848488	1.99657
2312	2.75056	5.72707
2313	1.13217	2.88075
2314	2.02267	5.15708
2315	1.81622	5.77021
2316	0.923414	4.0583
2317	0.213936	3.41075
2318	1.30333	4.47888
2319	2.11547	2.16397
2320	0.842349	4.3332
2321	2.99252	1.54729
2322	1.87363	2.90256
2323	1.41617	5.16909
2324	1.60557	4.84918
2325	1.93389	6.00517
2326	0.607187	0.193364
2327	2.22709	3.78335
2328	0.666803	1.01135
2329	1.24931	3.39506
2330	2.3045	5.60071
2331	1.69996	3.55432
2332	2.80716	0.798808
2333	1.01447	3.77778
2334	2.12781	5.95572
2335	2.52275	4.90303
2336	0.919118	3.18445
2337	1.25798	3.00093
2338	0.655191	0.175451
2339	2.09695	1.23931
2340	1.9277	6.28115
2341	1.23213	1.66463
2342	2.74174	4.59657
2343	1.52036	0.464304
2344	0.906227	0.0365668
2345	0.784414	4.46859
2346	2.59111	1.79781
2347	1.99197	3.30312
2348	0.979572	3.67373
2349	1.35881	1.51322
2350	1.3148	1.9722
2351	1.77428	6.06165
2352	2.64757	3.80356
2353	2.18473	4.36607
2354	0.829109	5.28107
2355	2.89688	2.35659
2356	1.92042	5.55927
2357	0.351433	4.20863
2358	2.10475	4.99677
2359	1.49621	3.52117
2360	2.61923	0.944644
2361	1.31292	4.0261
2362	0.330507	2.44464
2363	2.22372	0.77951
2364	2.08039	5.41702
2365	0.40213	1.11828
2366	1.90213	2.98712
2367	2.28287	5.02428
2368	1.17163	4.25176
2369	2.46115	3.14875
2370	2.04177	4.3234
2371	1.16882	4.52879
2372	0.917823	3.00182
2373	2.22394	4.18094
2374	0.300991	5.34592
2375	0.933612	0.859504
2376	2.07668	1.55932
2377	2.3025	2.87973
2378	2.66189	4.1337
2379	2.42997	5.87848
2380	0.591079	0.552098
2381	2.43173	0.19875
2382	0.437816	6.1842
2383	1.51132	5.20441
2384	1.05027	6.10385
2385	2.13299	4.84372
2386	1.43492	3.86635
2387	0.736506	3.73788
2388	0.616124	5.74634
2389	2.51354	5.0359
2390	1.97666	5.85998
2391	0.402501	0.791573
2392	1.75401	5.57059
2393	1.32269	3.83
2394	1.68382	3.51347
2395	1.02834	5.26963
2396	2.27763	4.30281
2397	1.15294	4.07861
2398	1.24973	1.19713
2399	1.14428	0.964232
2400	0.553075	3.17455
2401	1.93977	4.61938
2402	2.3214	3.41326
2403	0.531599	5.52395
2404	1.65959	0.469836
2405	0.750437	6.06767
2406	2.97673	1.82136
2407	1.38715	2.47368
2408	2.61025	2.47169
2409	2.69497	3.6404
2410	1.90489	1.33761
2411	1.0945	2.41265
2412	1.74912	3.69326
2413	2.00137	1.47594
2414	1.47385	1.26685
2415	2.90842	4.41722
2416	2.53082	2.39549
2417	2.03624	2.38308
2418	2.04491	2.21688
2419	0.925908	4.65321
2420	1.24582	4.42712
2421	1.92864	0.883485
2422	1.39411	2.59996
2423	1.9285	2.03604
2424	1.88827	3.30423
2425	2.64481	0.253925
2426	1.02421	4.87028
2427	1.65605	1.24294
2428	1.15937	0.797343
2429	1.27132	5.63767
2430	1.09698	4.7407
2431	1.53463	0.219399
2432	1.52834	2.79391
2433	1.11648	1.0717
2434	2.91681	5.41877
2435	0.556847	0.230278
2436	1.01112	4.48512
2437	2.71707	0.171752
2438	0.906396	5.9656
2439	0.704047	1.50587
2440	1.25694	0.369038
2441	0.991284	0.22307
2442	0.435152	3.01525
2443	1.17831	2.46638
2444	1.51438	5.60995
2445	1.74276	4.0921
2446	0.734071	6.05226
2447	2.71283	0.265529
2448	0.726599	3.32443
2449	2.47887	4.49987
2450	1.7263	3.12444
2451	2.24647	6.01007
2452	1.91238	2.42734
2453	1.16389	4.67609
2454	2.22164	5.31986
2455	2.14384	4.97722
2456	2.93083	2.41341
2457	1.65376	5.37988
2458	0.281108	1.10099
2459	0.943477	4.81941
2460	1.0735	0.372121
2461	1.66786	1.10596
2462	2.07713	1.52858
2463	0.508202	0.434609
2464	1.7516	3.60117
2465	1.09533	2.71706
2466	2.58402	5.644
2467	2.60122	4.05284
2468	1.06807	1.13461
2469	1.19769	4.78215
2470	0.998814	2.52281
2471	2.68311	3.29261
2472	0.637785	2.7915
2473	0.623522	4.29939
2474	2.10927	4.98038
2475	1.76248	4.5952
2476	2.10142	4.32131
2477	2.78245	0.760203
2478	1.63966	5.70853
2479	1.79968	5.47111
2480	2.94352	3.17372
2481	0.523823	3.71148
2482	0.915571	2.59045
2483	0.933215	0.0931869
2484	1.73003	0.471902
2485	1.39168	3.25887
2486	2.98218	2.32556
2487	1.87528	5.65366
2488	2.35428	1.73989
2489	0.952923	6.03922
2490	0.899625	1.62751
2491	0.36088	2.80678
2492	1.59645	3.59498
2493	0.38417	3.56776
2494	1.16225	2.54074
2495	2.09131	3.4495
2496	2.79896	6.0397
2497	2.96809	1.21485
2498	0.945161	3.3732
2499	1.51128	2.03732
2500	1.82052	4.27069
2501	1.20496	4.33949
2502	2.15205	0.349153
2503	1.15047	2.95165
2504	1.40909	5.41575
2505	2.55512	2.84687
2506	2.07902	2.87085
2507	0.217745	2.69485
2508	0.292414	3.94466
2509	0.885282	3.12103
2510	1.59302	5.07266
2511	1.69288	3.65798
2512	0.668531	4.40187
2513	1.36527	1.34305
2514	0.694013	3.93627
2515	2.47102	1.60388
2516	2.32999	1.05503
2517	1.76657	4.50159
2518	1.25628	5.39934
2519	0.818466	5.77122
2520	2.26696	4.3798
2521	2.41808	3.45739
2522	0.425634	4.71074
2523	1.78047	5.32416
2524	0.318693	3.20798
2525	1.50425	0.914474
2526	1.78907	0.483782
2527	1.11777	0.340265
2528	1.6923	4.18076
2529	1.51759	3.85953
2530	1.98138	2.13604
2531	0.421794	2.28256
2532	1.25549	1.97133
2533	1.86598	1.2058
2534	0.908081	5.41435
2535	1.33388	3.51598
2536	1.60216	5.21164
2537	0.981388	0.406483
2538	0.605454	2.06523
2539	0.665368	2.53005
2540	2.51815	0.42401
2541	1.59691	3.12443
2542	2.22601	3.97383
2543	1.96236	1.20348
2544	0.995082	1.19145
2545	0.616143	1.91472
2546	1.16795	1.97992
2547	1.54892	5.45471
2548	2.21755	5.76373
2549	1.38621	5.68336
2550	0.676655	5.51381
2551	2.01622	0.321827
2552	1.2058	3.57866
2553	0.356126	1.0256
2554	1.33195	0.240464
2555	0.622499	2.20651
2556	0.397728	3.07771
2557	0.690306	3.08282
2558	0.456384	5.64435
2559	0.990749	3.86471
2560	2.18239	0.844494
2561	1.52371	2.28094
2562	1.76595	2.74505
2563	2.13512	2.77959
2564	0.16173	3.89509
2565	2.51279	4.50341
2566	1.51914	2.31264
2567	2.08701	3.27154
2568	1.26503	4.62956
2569	1.44357	3.52571
2570	1.57301	3.51866
2571	0.79444	5.06118
2572	2.10168	3.42155
2573	2.13768	1.42452
2574	1.56547	3.75887
2575	1.84357	1.27212
2576	1.58199	1.84023
2577	1.94669	1.95638
2578	0.901762	0.955209
2579	2.10708	2.98805
2580	1.41995	0.127203
2581	2.7478	4.17266
2582	1.82739	5.43756
2583	1.74766	4.53611
2584	0.959259	2.86387
2585	2.11208	6.1789
2586	0.793077	1.80061
2587	1.60156	3.49776
2588	1.65769	2.33377
2589	1.48085	3.93487
2590	1.27324	0.63516
2591	2.41893	4.5361
2592	2.84117	2.0818
2593	1.01341	2.6009
2594	2.02088	0.00414264
2595	2.24282	4.42235
2596	2.1511	2.08957
2597	2.07802	2.37596
2598	1.58112	0.057288
2599	0.996906	0.869337
2600	1.94786	6.06665
2601	1.04279	4.70532
2602	1.7273	6.17016
2603	2.74598	1.24192
2604	2.64968	2.94583
2605	2.95928	1.53461
2606	2.39088	4.22589
2607	1.44362	5.16681
2608	1.74016	0.846309
2609	0.376199	1.48644
2610	2.92025	3.85222
2611	1.61292	5.92853
2612	0.679483	2.74056
2613	2.31171	5.35737
2614	0.986695	4.1184
2615	2.73545	0.41557
2616	2.28702	5.83177
2617	2.4696	1.35131
2618	2.28372	1.33159
2619	1.21225	6.16343
2620	2.40774	2.1239
2621	1.82644	5.741
2622	2.5341	1.86901
2623	1.02342	1.34383
2624	1.02076	4.61948
2625	0.788022	3.56645
2626	1.3311	0.835008
2627	1.96518	4.49091
2628	0.888496	2.2813
2629	2.20825	0.90297
2630	0.106303	2.74392
2631	1.81209	3.38294
2632	2.53523	4.88541
2633	1.06533	1.32596
2634	0.502476	3.29926
2635	1.61991	0.0664058
2636	1.00147	0.464149
2637	2.25152	5.99764
2638	0.700676	0.879544
2639	1.47112	4.863
2640	0.862556	4.12451
2641	1.4741	3.37528
2642	0.351399	0.854324
2643	2.77671	3.14279
2644	2.30983	2.37035
2645	0.321073	5.32957
2646	1.16825	0.0831423
2647	0.770863	3.65491
2648	1.38595	0.925042
2649	1.932	5.91521
2650	0.59977	0.772343
2651	1.52587	4.45008
2652	1.53175	0.6792
2653	1.35526	4.02699
2654	0.158946	2.78707
2655	1.4648	3.42079
2656	0.565508	5.83993
2657	1.86058	2.23025
2658	2.53958	3.78348
2659	0.33695	6.06415
2660	0.936592	5.7686
2661	1.35778	2.87716
2662	2.38912	5.93018
2663	0.720404	2.46223
2664	1.34647	1.24951
2665	2.31916	1.2299
2666	2.88651	3.28104
2667	1.53947	2.90888
2668	1.86347	4.53854
2669	1.98703	2.85697
2670	1.64922	4.52769
2671	0.188683	0.121542
2672	1.51998	3.63366
2673	1.24341	0.188389
2674	0.811298	2.33467
2675	0.755933	4.39582
2676	1.24002	6.06774
2677	1.15618	1.35273
2678	1.74801	4.43071
2679	2.05469	4.79397
2680	1.13106	4.36315
2681	1.02425	0.550896
2682	0.896058	1.31493
2683	1.39593	0.811515
2684	1.36196	0.0932721
2685	2.14419	3.0611
2686	0.482937	6.16528
2687	1.61581	6.17607
2688	1.0586	4.93761
2689	1.04108	3.03801
2690	1.54554	3.85645
2691	1.48726	5.40593
2692	0.843152	3.59842
2693	2.11844	3.64166
2694	2.06112	1.35394
2695	1.82702	1.43622
2696	2.15653	0.789755
2697	0.77635	1.01961
2698	1.2367	2.79813
2699	2.85864	4.94256
2700	1.78754	0.746734
2701	2.67975	0.291956
2702	0.474614	2.26624
2703	2.68276	0.303568
2704	2.63184	1.54332
2705	0.716315	1.62567
2706	1.41713	0.0562189
2707	0.82303	0.549381
2708	2.82224	0.178712
2709	1.80767	4.2543
2710	2.0822	0.231098
2711	1.75323	3.22403
2712	0.666663	4.51087
2713	1.82905	0.401466
2714	1.52357	4.25042
2715	2.10417	1.33456
2716	0.420568	2.66853
2717	2.58227	4.43426
2718	2.2312	2.81719
2719	2.06275	2.75752
2720	1.85292	0.0368705
2721	2.41435	3.77965
2722	1.82245	4.68036
2723	0.610535	4.57202
2724	2.57232	2.90448
2725	0.396155	2.10291
2726	1.81598	2.09735
2727	2.49303	3.62442
2728	1.52022	4.32417
2729	1.98452	0.812878
2730	2.48339	5.08512
2731	1.34304	5.6839
2732	1.06712	1.3476
2733	2.88491	4.2143
2734	2.4906	4.86712
2735	1.34987	3.61639
2736	1.16856	3.92627
2737	1.31077	2.35854
2738	2.33931	2.83029
2739	0.922358	3.00744
2740	0.0977	0.549716
2741	1.7317	3.58229
2742	2.77531	2.37543
2743	0.541199	0.943274
2744	1.27005	1.03297
2745	1.71674	5.67896
2746	0.71028	3.22869
2747	1.263	5.61003
2748	2.22989	3.74653
2749	1.27393	4.93506
2750	2.65455	0.0626681
2751	2.68073	6.12462
2752	0.980908	2.6849
2753	0.318464	4.63511
2754	2.3542	4.37518
2755	1.08878	4.48669
2756	2.1561	2.77261
2757	0.325279	0.594276
2758	1.12422	5.53617
2759	0.848884	4.60285
2760	1.99049	5.56403
2761	2.30585	1.00922
2762	2.28828	3.99527
2763	1.32813	5.23444
2764	1.18953	2.7668
2765	1.61697	2.40429
2766	0.970539	3.8013
2767	2.44818	3.01834
2768	1.61065	0.645752
2769	0.415311	5.9678
2770	1.68341	3.0096
2771	1.54113	0.000630284
2772	1.56628	2.49991
2773	1.44671	4.60322
2774	1.1691	0.623068
2775	1.3277	1.15512
2776	1.84323	2.6913
2777	0.86486	5.72862
2778	0.598426	4.51108
2779	1.76233	5.22849
2780	2.49564	5.35963
2781	1.10635	0.986215
2782	2.61211	2.63365
2783	0.285004	1.49751
2784	1.62429	4.12525
2785	2.25138	0.257084
2786	2.2027	5.00128
2787	1.89625	2.45898
2788	2.92022	1.9297
2789	2.49589	5.39334
2790	1.17051	3.91795
2791	2.6249	3.78485
2792	1.40291	3.15549
2793	1.90658	0.00618156
2794	0.721762	0.773691
2795	1.80154	6.15599
2796	0.325408	5.73494
2797	1.46567	6.22979
2798	1.29057	0.847425
2799	2.39453	4.50352
2800	0.381921	5.982
2801	0.366051	0.121913
2802	1.1355	2.19826
2803	1.87957	2.06046
2804	1.40836	2.09795
2805	2.50847	3.31991
2806	1.40056	2.57523
2807	2.44558	3.82242
2808	2.704	0.254352
2809	0.561944	5.99168
2810	0.988118	0.953877
2811	2.43605	5.974
2812	1.43272	5.59532
2813	2.03407	1.45846
2814	0.778535	5.08366
2815	1.13091	2.48344
2816	2.41931	5.86733
2817	0.792011	0.737518
2818	0.774611	5.88407
2819	2.38073	0.833254
2820	2.57156	0.291844
2821	1.49342	2.66717
2822	0.857342	2.49273
2823	1.8768	4.79165
2824	1.49974	1.6394
2825	0.730791	1.48255
2826	1.5723	4.27005
2827	0.571802	3.34325
2828	2.1289	0.573345
2829	0.659846	5.84281
2830	0.645011	0.840256
2831	1.81575	2.49064
2832	1.13904	3.5124
2833	1.78167	0.250953
2834	2.46406	5.31053
2835	0.627041	5.70618
2836	0.172143	1.91735
2837	1.1714	4.24854
2838	1.57024	4.81934
2839	2.49624	2.38825
2840	1.54701	5.76562
2841	2.15812	0.547165
2842	1.45464	4.60841
2843	0.487393	1.94989
2844	1.79869	2.74889
2845	2.44923	2.97797
2846	1.71029	5.47916
2847	2.04426	3.18742
2848	2.72256	5.55073
2849	2.64408	4.2161
2850	2.75695	1.9197
2851	0.452224	4.7492
2852	2.45313	4.17978
2853	2.6177	4.83474
2854	2.10184	1.80765
2855	0.890166	1.44824
2856	0.272865	0.713707
2857	1.46461	3.18231
2858	1.13607	1.07851
2859	1.71323	5.51745
2860	2.76162	3.67191
2861	1.04024	1.93723
2862	2.58763	2.72351
2863	2.17712	0.27394
2864	2.15779	5.08851
2865	1.2792	0.674816
2866	2.28352	2.51917
2867	1.26191	1.35061
2868	2.20539	0.101607
2869	1.89696	5.7498
2870	1.31833	6.12952
2871	0.72421	5.14638
2872	1.77727	3.82146
2873	2.09991	1.65425
2874	1.37636	4.43865
2875	0.831976	3.71011
2876	0.281093	0.512644
2877	2.17572	1.01544
2878	2.25184	2.8929
2879	2.11118	3.53974
2880	0.838992	3.62766
2881	1.80434	3.71129
2882	1.88002	4.38251
2883	1.97224	5.87649
2884	0.886849	3.65122
2885	1.4367	4.71272
2886	1.8087	0.694291
2887	0.774476	1.01835
2888	1.20105	5.88036
2889	1.55869	2.40008
2890	2.11852	2.3131
2891	1.24824	4.7349
2892	1.36927	3.27299
2893	0.75319	2.41583
2894	1.30997	1.15845
2895	1.7298	5.57343
2896	1.59146	0.280866
2897	2.27044	5.89739
2898	1.53749	1.30784
2899	0.733562	1.97716
2900	2.25919	2.02534
2901	1.03324	5.30153
2902	1.54199	4.01116
2903	0.748471	0.076537
2904	1.63038	4.88497
2905	0.765567	2.6062
2906	0.793387	0.718842
2907	1.38914	0.550942
2908	2.41609	1.4601
2909	1.77053	6.09714
2910	2.26302	2.60414
2911	0.715602	1.60433
2912	0.829214	3.82872
2913	2.69186	4.97909
2914	0.888004	2.55273
2915	1.6578	1.96244
2916	2.00189	1.02308
2917	1.25792	6.25067
2918	1.71525	5.97115
2919	2.82432	2.03106
2920	1.69114	2.95836
2921	1.6282	2.03173
2922	2.52088	4.91431
2923	2.09459	5.95254
2924	1.29252	3.67533
2925	0.329963	2.10476
2926	2.76236	3.15008
2927	2.20682	1.33648
2928	0.873859	3.04149
2929	0.910088	4.5191
2930	1.92857	3.41513
2931	0.792392	4.03237
2932	3.04807	0.888369
2933	1.648	3.19476
2934	2.4714	0.800744
2935	2.33788	3.1837
2936	2.85296	3.03511
2937	1.02008	2.22857
2938	2.50558	2.57529
2939	1.37247	2.78317
2940	0.533242	2.52997
2941	1.85378	4.49239
2942	1.96178	2.56956
2943	2.93955	0.718345
2944	1.91587	1.58881
2945	2.71689	1.2759
2946	2.42822	0.544591
2947	2.61216	4.57429
2948	0.488411	5.81604
2949	1.62724	0.568237
2950	1.41308	5.54071
2951	2.22066	1.83942
2952	2.36242	0.61765
2953	1.07889	0.349401
2954	1.49882	2.44721
2955	1.37571	3.68804
2956	0.771622	2.39207
2957	3.09374	1.81114
2958	2.96262	3.31264
2959	1.79384	6.0458
2960	1.49126	1.76779
2961	2.12774	3.07612
2962	1.36932	2.75326
2963	0.419814	1.40217
2964	2.20836	2.22264
2965	1.27921	0.888489
2966	2.68569	6.12734
2967	1.80957	5.95352
2968	1.86313	5.45791
2969	2.62103	4.23625
2970	2.5049	2.92498
2971	1.47486	1.77742
2972	1.32485	5.44918
2973	1.09719	2.71937
2974	1.19831	2.46363
2975	2.17757	2.67617
2976	0.939843	5.05512
2977	2.01065	3.84455
2978	1.41682	5.85687
2979	0.300324	2.87526
2980	1.72827	5.6288
2981	1.63731	5.4181
2982	1.02922	2.78435
2983	2.18781	5.72921
2984	2.23301	3.07263
2985	2.09494	5.90841
2986	2.52346	3.25887
2987	0.908954	3.62138
2988	0.623685	4.48714
2989	0.778565	4.71178
2990	0.289156	5.08849
2991	0.204831	3.35956
2992	2.07951	2.32522
2993	1.68047	3.15593
2994	1.42587	2.31166
2995	2.07288	2.35502
2996	0.766611	5.43558
2997	1.06992	0.293131
2998	2.69307	0.243724
2999	0.992603	3.01623
3000	1.93744	1.00043
3001	0.448038	3.48065
3002	1.71428	4.88277
3003	1.35642	4.6548
3004	2.2357	1.01201
3005	2.14267	4.73955
3006	2.29363	3.44101
3007	2.33452	3.1576
3008	1.10132	4.59066
3009	2.19291	1.89491
3010	1.26756	4.42304
3011	1.7179	3.2258
3012	1.87949	4.07041
3013	2.73936	5.77136
3014	1.66852	4.59954
3015	1.34304	1.4215
3016	0.885758	0.0151445
3017	2.30487	5.01494
3018	2.82337	2.64017
3019	1.43072	0.504567
3020	0.822212	2.66141
3021	1.33028	2.80206
3022	2.20373	2.72785
3023	1.14524	0.286619
3024	1.82822	0.565678
3025	1.75795	3.81294
3026	1.93761	6.17138
3027	1.28478	0.402283
3028	2.76262	5.07764
3029	2.44207	0.471611
3030	2.3448	2.45052
3031	1.99468	0.161293
3032	1.09535	4.54308
3033	2.51338	4.95132
3034	0.494724	4.34613
3035	1.90719	0.164393
3036	1.5376	6.15692
3037	0.542718	6.27392
3038	2.19231	5.33969
3039	0.598651	5.20555
3040	2.12973	0.274765
3041	2.09274	4.29942
3042	2.32612	3.20366
3043	1.09482	5.35614
3044	1.99607	4.22294
3045	0.932493	2.11869
3046	1.54936	0.480845
3047	2.72912	0.109533
3048	1.17426	4.22924
3049	1.71106	5.65148
3050	1.41247	2.28834
3051	0.35361	3.63203
3052	1.1433	6.08134
3053	1.68331	2.49923
3054	1.00237	1.76372
3055	1.08794	5.94379
3056	2.5171	4.12019
3057	2.00752	4.48187
3058	2.34852	6.02364
3059	1.62983	1.72755
3060	1.40421	0.794889
3061	0.847903	1.15456
3062	2.19538	2.25115
3063	2.59956	0.467704
3064	1.61693	3.53122
3065	1.84259	1.61424
3066	1.52153	4.01056
3067	2.14772	0.97407
3068	0.704132	0.984115
3069	2.31037	4.56154
3070	1.54521	3.39417
3071	1.43955	1.02853
3072	1.04694	4.73718
3073	0.870384	1.63993
3074	0.298864	5.02044
3075	1.15662	5.31276
3076	0.703344	1.42963
3077	0.971359	4.27738
3078	1.95904	4.96523
3079	0.653488	4.08754
3080	1.3175	1.13576
3081	1.21411	4.14673
3082	1.35031	0.0505801
3083	1.96586	3.55202
3084	2.56296	0.443069
3085	1.09444	4.38405
3086	1.09354	6.15117
3087	0.368907	1.56876
3088	0.303081	5.65036
3089	0.861133	0.935081
3090	2.04108	5.10876
3091	2.35483	5.52211
3092	1.9678	1.64915
3093	2.38435	1.58099
3094	0.855843	2.60536
3095	1.77425	3.6929
3096	1.02423	1.98037
3097	2.22022	5.95572
3098	1.48323	4.83051
3099	1.1631	2.55873
3100	1.5036	1.21912
3101	1.19633	4.86405
3102	2.00041	2.65848
3103	2.12756	2.29458
3104	1.69947	1.70876
3105	1.02792	6.08405
3106	1.98319	1.43647
3107	2.20649	4.84709
3108	1.45873	4.76335
3109	1.67492	2.33012
3110	2.1378	5.86211
3111	2.76098	2.13814
3112	1.69114	5.58643
3113	0.27579	5.79068
3114	2.545	4.76762
3115	0.864948	5.63794
3116	1.4883	0.983237
3117	0.29309	2.88966
3118	0.589411	4.80703
3119	2.27491	3.72692
3120	1.31069	3.51336
3121	2.47986	0.305718
3122	2.11603	3.30324
3123	1.83818	5.19432
3124	1.84609	0.527642
3125	2.68816	0.630174
3126	1.05913	5.90068
3127	0.667351	3.56113
3128	1.68293	5.22927
3129	1.98651	5.00548
3130	1.37057	4.49328
3131	2.32848	0.0358897
3132	0.992898	3.48419
3133	1.48469	0.129952
3134	2.3652	0.805795
3135	1.41568	2.0182
3136	2.09854	3.86256
3137	1.6148	3.06018
3138	1.20181	0.548696
3139	0.515378	0.359505
3140	0.271318	0.0152782
3141	2.18728	0.754192
3142	0.35385	0.626496
3143	2.54749	4.22696
3144	1.72835	5.35292
3145	2.09031	2.74397
3146	2.66623	1.11035
3147	0.879865	3.39911
3148	2.06874	1.49805
3149	2.53717	1.15218
3150	1.57685	2.70693
3151	1.31759	4.34141
3152	1.65076	2.29175
3153	0.452453	4.64275
3154	2.16832	1.11642
3155	2.08788	2.71822
3156	0.139529	2.37537
3157	1.78069	4.81089
3158	0.192824	1.18516
3159	1.99535	5.56868
3160	1.89449	4.43859
3161	0.662574	0.883066
3162	2.58928	2.18125
3163	2.27055	0.731679
3164	2.02228	0.752199
3165	1.31987	3.28799
3166	1.03572	2.23087
3167	1.63258	1.17378
3168	1.87611	2.47985
3169	1.22101	1.96055
3170	2.13358	2.74553
3171	0.292168	0.860129
3172	1.71096	6.21093
3173	1.27132	5.5173
3174	1.19246	4.77495
3175	1.3075	0.7865
3176	1.08516	2.73114
3177	0.75956	1.4164
3178	1.47455	5.48885
3179	2.25162	4.85397
3180	1.35773	3.69492
3181	1.82939	4.97381
3182	1.25955	1.4335
3183	0.838897	5.04583
3184	1.95103	5.67269
3185	0.915147	4.00614
3186	0.587754	3.83219
3187	2.31248	5.71781
3188	1.81152	3.01181
3189	1.35197	5.92686
3190	1.56531	2.934
3191	0.952943	1.69471
3192	1.2475	0.467291
3193	1.18665	2.943
3194	2.82017	6.07945
3195	0.816011	4.28422
3196	1.1042	2.34117
3197	0.724108	1.269
3198	1.61286	2.58992
3199	2.66969	4.9553
3200	1.45195	0.261545
3201	1.72282	2.01159
3202	2.37441	1.40977
3203	1.79446	0.987097
3204	2.01756	4.86665
3205	2.17711	2.62752
3206	2.18669	4.6398
3207	2.00806	4.51897
3208	0.366647	4.24527
3209	2.20151	0.953322
3210	2.24085	6.2574
3211	1.72806	4.49466
3212	1.87598	4.06059
3213	0.51866	1.09873
3214	0.616563	1.09019
3215	1.77391	0.435533
3216	1.11168	0.663357
3217	1.67551	4.73021
3218	2.43627	3.70125
3219	0.656116	1.72237
3220	1.94748	3.44157
3221	1.30465	5.04552
3222	1.17441	4.58064
3223	1.21365	3.53456
3224	0.246911	2.48536
3225	1.56507	1.65578
3226	0.708766	0.952703
3227	2.81566	5.34004
3228	0.325982	0.470779
3229	0.859672	1.44588
3230	2.3836	4.74089
3231	1.52216	3.51378
3232	0.918405	2.92262
3233	0.844799	5.45618
3234	1.10664	4.45025
3235	1.58795	5.47204
3236	1.07292	4.37449
3237	1.75876	1.56001
3238	1.62699	0.0149475
3239	0.505239	5.7583
3240	2.36742	1.89688
3241	0.485975	4.14582
3242	1.66832	3.23707
3243	1.69696	4.6915
3244	2.53403	2.26241
3245	2.71644	2.19806
3246	2.24103	2.97002
3247	0.833418	3.5481
3248	2.71976	3.15858
3249	2.69573	0.0153984
3250	2.7578	3.15911
3251	2.5913	0.428499
3252	0.0793083	5.41199
3253	0.658234	3.52226
3254	2.78453	3.14043
3255	1.90793	5.92034
3256	1.17376	5.19881
3257	1.85982	3.4265
3258	1.3325	1.3199
3259	1.78285	5.63016
3260	1.84458	5.71984
3261	0.730488	0.129069
3262	0.799363	5.45089
3263	1.40573	2.63518
3264	1.07512	4.88701
3265	0.961769	6.12444
3266	1.45981	4.33304
3267	1.82953	6.05676
3268	2.50071	0.236069
3269	1.69963	0.753382
3270	1.76609	0.167365
3271	0.33462	1.92905
3272	2.69919	3.64375
3273	2.185	3.73736
3274	0.727448	5.40522
3275	2.28848	0.562521
3276	2.41882	1.65476
3277	1.08218	3.94972
3278	2.67438	2.6794
3279	2.00672	3.58235
3280	1.08134	1.49533
3281	0.573652	5.48528
3282	1.6335	4.42659
3283	0.58573	4.26551
3284	2.74732	4.75354
3285	2.58444	5.45704
3286	1.14664	3.85267
3287	2.34278	6.06056
3288	2.15198	1.80592
3289	1.18315	3.74109
3290	0.565443	4.94533
3291	1.5021	2.99237
3292	0.28395	2.93768
3293	1.18655	3.71165
3294	2.44558	3.72617
3295	1.1733	3.27284
3296	1.39371	6.22439
3297	2.60568	2.59784
3298	1.12769	0.642746
3299	2.13746	1.03501
3300	1.41675	1.13975
3301	2.92087	4.2002
3302	0.665936	5.40345
3303	0.813305	6.27086
3304	1.48118	4.06493
3305	2.79926	2.89112
3306	2.89417	5.52846
3307	1.52682	2.95787
3308	1.47069	3.1173
3309	0.7696	3.08699
3310	1.9719	1.2989
3311	1.65061	1.03485
3312	1.98213	5.84613
3313	1.56112	0.793982
3314	2.51369	0.233485
3315	1.90065	3.14389
3316	0.634285	4.4322
3317	2.60078	4.56192
3318	2.06263	4.41602
3319	1.44081	2.0773
3320	0.92547	4.18491
3321	0.861294	2.8121
3322	1.00169	4.33004
3323	1.879	0.133672
3324	1.28817	1.39929
3325	1.34389	1.6
3326	2.40223	2.88716
3327	0.612504	2.07437
3328	1.72856	3.11686
3329	1.58343	1.23299
3330	0.515567	2.20179
3331	0.538492	3.47275
3332	0.987922	0.694843
3333	1.50414	1.33797
3334	0.668605	2.34558
3335	2.76286	5.87282
3336	1.75337	6.17182
3337	2.06711	6.11881
3338	2.43462	5.86091
3339	0.979324	4.03082
3340	1.5409	2.39343
3341	2.35157	3.17497
3342	1.72624	5.70378
3343	0.534423	4.50137
3344	1.09689	1.24015
3345	0.331043	2.5582
3346	2.55172	4.75863
3347	2.56672	3.84989
3348	0.738913	1.95464
3349	2.44535	1.47654
3350	2.6437	0.478923
3351	1.81652	0.156004
3352	2.18974	3.20528
3353	1.30205	4.9588
3354	2.11796	5.83196
3355	1.59025	3.06313
3356	1.16534	3.0668
3357	1.93007	6.01493
3358	1.44632	2.96222
3359	2.50685	6.03149
3360	0.679614	4.41912
3361	1.69015	2.3737
3362	1.03711	4.38359
3363	1.30286	4.94702
3364	1.6287	6.22065
3365	2.62772	1.32499
3366	1.34312	1.63872
3367	1.76902	5.97869
3368	2.88351	5.27575
3369	0.435722	1.59109
3370	1.34274	6.02179
3371	1.25886	5.26448
3372	1.62237	5.44952
3373	1.59893	3.75541
3374	2.05673	2.16927
3375	0.585099	0.0504559
3376	2.0265	4.3894
3377	1.95547	0.676486
3378	1.26922	5.514
3379	0.366095	1.09325
3380	1.46608	6.1852
3381	2.33482	2.30881
3382	1.84397	5.3433
3383	2.25344	1.94872
3384	2.42893	1.13491
3385	2.57865	2.63751
3386	1.53801	4.13655
3387	2.12695	3.10336
3388	1.46304	4.32535
3389	1.95327	0.953349
3390	0.699723	3.09099
3391	1.06467	1.46918
3392	2.52715	1.3018
3393	2.0875	2.99697
3394	2.50209	0.921162
3395	2.4463	2.17376
3396	1.47292	3.2177
3397	1.03236	2.5158
3398	1.90337	4.01471
3399	1.29007	2.59417
3400	0.683917	1.97394
3401	1.98563	0.690417
3402	2.50992	3.58374
3403	1.31792	6.04261
3404	1.16296	0.243773
3405	1.71385	5.6358
3406	2.65063	5.67699
3407	2.04884	5.68336
3408	0.558482	5.97989
3409	1.30193	3.19669
3410	1.91227	3.14713
3411	2.38712	6.27443
3412	2.32825	4.90455
3413	1.87919	1.12905
3414	1.60353	0.636019
3415	0.450569	4.85993
3416	2.09542	2.39012
3417	1.10373	2.92302
3418	1.80004	4.23947
3419	2.84693	4.21337
3420	1.87526	3.20705
3421	0.662072	2.32641
3422	2.62787	2.37227
3423	0.707852	2.87627
3424	1.18562	0.510729
3425	1.15988	2.50019
3426	1.6062	5.80308
3427	0.404967	4.74446
3428	1.70039	1.55444
3429	0.24453	0.672685
3430	0.702101	0.342337
3431	2.04495	0.510372
3432	2.05192	5.92821
3433	0.479596	4.98757
3434	1.92937	2.6452
3435	1.46564	1.24952
3436	1.53358	5.8031
3437	0.847246	0.551962
3438	1.94236	6.09372
3439	2.2337	5.13617
3440	0.554222	3.11099
3441	1.97335	4.8973
3442	1.07737	2.41446
3443	0.732487	2.37926
3444	1.64973	0.995941
3445	2.14597	6.27404
3446	1.58464	2.09861
3447	2.09322	4.9102
3448	2.3199	5.38915
3449	0.909498	4.18867
3450	1.16386	2.43363
3451	2.23649	6.12424
3452	2.53279	5.79288
3453	0.926387	4.38894
3454	1.92045	4.97039
3455	0.87379	0.752108
3456	0.412767	4.37285
3457	1.20373	4.98201
3458	2.77157	2.15485
3459	1.88808	4.54677
3460	1.656	6.03554
3461	1.39023	3.24924
3462	2.55836	3.90556
3463	1.60013	0.740137
3464	1.55307	0.0538551
3465	0.507565	5.79345
3466	0.223333	0.890766
3467	2.36396	4.75204
3468	1.81063	3.83285
3469	1.569	3.07252
3470	2.154	4.41543
3471	2.36711	3.33618
3472	0.621667	1.26593
3473	2.38077	6.0123
3474	1.82968	1.04499
3475	1.70085	1.0821
3476	1.4122	4.37068
3477	1.06801	0.834292
3478	1.73013	4.16269
3479	0.262551	5.54797
3480	1.37698	1.14989
3481	1.79172	1.40329
3482	0.976759	3.01167
3483	0.962082	0.760363
3484	1.10958	4.60973
3485	0.235536	3.94814
3486	2.38329	4.96122
3487	1.50367	4.64218
3488	1.47017	2.72793
3489	1.01812	0.16749
3490	1.71752	1.89293
3491	0.827269	1.05937
3492	1.78828	4.48227
3493	0.69118	3.21386
3494	1.95083	0.39391
3495	1.00957	3.76232
3496	1.55817	2.50424
3497	2.28277	0.283202
3498	2.11628	6.10705
3499	1.71278	1.9366
3500	1.14447	2.4525
3501	1.71188	4.8051
3502	0.402316	2.78982
3503	1.07798	2.5221
3504	1.01181	2.00839
3505	1.93046	4.65773
3506	0.675957	6.08592
3507	1.9367	3.43721
3508	1.76891	4.1278
3509	0.3645	2.68471
3510	0.24735	2.69454
3511	0.505263	2.77372
3512	2.2863	4.9156
3513	1.48503	2.30478
3514	2.6712	5.61698
3515	0.373373	3.92531
3516	0.675563	0.791729
3517	1.16067	4.79623
3518	0.874077	5.81934
3519	0.529434	0.565092
3520	2.81966	4.39209
3521	1.46084	2.3642
3522	1.54283	3.44396
3523	2.17523	5.25517
3524	1.05661	3.81726
3525	0.808979	3.94757
3526	1.30962	3.2605
3527	0.775127	0.793359
3528	1.07925	2.48128
3529	1.07786	5.54789
3530	3.0522	3.51111
3531	0.970805	3.61989
3532	2.28925	5.63398
3533	1.24842	1.83308
3534	2.18627	1.45512
3535	2.51737	4.96997
3536	1.42315	3.26225
3537	2.47039	6.01211
3538	1.58345	5.06909
3539	1.09826	3.36415
3540	1.08332	2.61456
3541	1.02907	4.63115
3542	2.53904	2.97359
3543	1.30533	2.61354
3544	1.77636	3.98712
3545	2.55805	1.2562
3546	2.09232	2.24531
3547	1.37159	1.82572
3548	1.7299	0.288454
3549	3.00304	4.39093
3550	1.65854	5.12549
3551	1.78401	3.45949
3552	1.70845	0.407555
3553	1.09817	4.09705
3554	1.27892	0.39332
3555	2.22633	1.77904
3556	1.30533	2.94773
3557	2.02608	1.66069
3558	0.738819	2.24305
3559	2.69497	1.2761
3560	1.8662	4.48529
3561	2.4317	0.343913
3562	1.82692	0.0794907
3563	2.71417	2.80726
3564	2.63875	5.31479
3565	2.78033	1.6581
3566	2.05497	0.704565
3567	1.93614	1.81513
3568	0.834639	4.10076
3569	1.01792	5.25623
3570	1.71645	5.04185
3571	1.7737	0.0657025
3572	1.16425	1.17246
3573	0.705251	1.87647
3574	2.07605	1.18544
3575	2.92665	4.26425
3576	1.73524	3.19851
3577	1.10733	5.00789
3578	2.50931	2.09441
3579	1.17429	3.07548
3580	1.09877	1.56154
3581	1.88842	0.508494
3582	1.55523	0.508999
3583	1.63656	4.27339
3584	1.07664	1.27057
3585	0.810153	4.20547
3586	1.36583	4.83613
3587	1.46858	4.87291
3588	2.46169	0.997975
3589	0.359323	1.56143
3590	2.3433	5.96871
3591	0.596057	0.896506
3592	1.22569	3.27789
3593	0.668877	2.85209
3594	2.73846	2.45284
3595	1.41541	4.67354
3596	2.27928	1.01593
3597	1.91213	2.943
3598	1.5064	4.22041
3599	1.96834	4.23458
3600	2.62472	5.07637
3601	0.655925	5.17947
3602	0.55128	3.62064
3603	2.19029	0.630141
3604	1.019	3.77951
3605	1.58344	3.77446
3606	1.47277	2.88676
3607	1.89291	4.14531
3608	0.929613	3.00994
3609	1.80117	5.06631
3610	1.94026	3.21969
3611	1.72993	4.45631
3612	1.3926	1.70673
3613	0.742009	5.34677
3614	2.86057	0.476365
3615	1.67856	0.502579
3616	1.63448	2.30381
3617	2.5758	1.94009
3618	0.407558	0.777935
3619	1.25555	5.95582
3620	1.3899	0.0340117
3621	2.78785	4.81954
3622	1.34465	1.70221
3623	1.28751	0.406664
3624	0.62895	0.167383
3625	2.98506	0.24136
3626	2.08121	3.18021
3627	2.91728	3.92991
3628	0.962797	1.86281
3629	2.33683	4.2249
3630	2.89156	5.35453
3631	0.740677	3.2453
3632	2.52483	5.27877
3633	2.60299	0.795344
3634	1.28113	4.00422
3635	1.42513	1.79831
3636	2.5194	5.00451
3637	0.163868	3.43205
3638	2.70516	2.26885
3639	2.42704	4.6314
3640	1.65271	2.89215
3641	1.13809	5.12225
3642	2.55944	1.46245
3643	0.436148	4.01841
3644	0.577352	5.07937
3645	1.19845	1.39203
3646	0.858267	2.21054
3647	0.110244	0.542012
3648	2.23421	1.06395
3649	2.03688	5.38661
3650	0.496124	2.94026
3651	0.688946	1.26423
3652	1.40477	1.7203
3653	1.23456	0.813039
3654	2.80842	0.748694
3655	0.682216	5.50413
3656	2.67255	4.86133
3657	1.80642	3.00042
3658	2.14787	1.70154
3659	1.74195	3.67273
3660	1.87646	0.20059
3661	2.10723	1.70578
3662	0.910114	0.079611
3663	2.65139	5.32145
3664	0.757224	0.181366
3665	1.22141	3.93467
3666	1.55977	1.30261
3667	0.817226	2.45345
3668	0.56987	5.89688
3669	2.33323	2.20849
3670	1.23745	4.4431
3671	0.803118	4.30531
3672	1.92955	2.28267
3673	1.4664	5.81183
3674	1.01742	4.30572
3675	2.13416	0.961514
3676	1.54129	5.8095
3677	1.49313	2.85896
3678	0.327928	1.63812
3679	0.312372	2.95565
3680	0.9231	5.22257
3681	2.08071	3.39598
3682	0.273605	5.97558
3683	0.498546	0.624166
3684	0.152385	0.947642
3685	1.68903	1.46622
3686	2.12815	5.59449
3687	2.14736	3.39063
3688	0.249913	2.51614
3689	2.31188	2.42042
3690	0.0241114	5.2071
3691	2.09439	0.737302
3692	2.55987	4.27528
3693	1.40818	5.77176
3694	0.821872	0.248867
3695	1.15494	2.07741
3696	1.92035	3.97957
3697	2.07692	0.639632
3698	2.4592	5.73899
3699	1.78658	2.31606
3700	1.47574	6.05402
3701	1.62418	3.01808
3702	2.19791	2.44367
3703	2.74109	1.31788
3704	2.15383	5.17599
3705	0.401142	4.81367
3706	2.00499	0.511173
3707	1.96643	3.61505
3708	1.26047	3.99316
3709	1.39395	4.08001
3710	2.46748	4.98731
3711	0.960339	3.1485
3712	1.77928	0.37577
3713	1.32999	2.7484
3714	0.906052	1.97882
3715	0.22105	5.92292
3716	0.878907	0.358053
3717	2.59703	4.92007
3718	1.08916	4.61046
3719	1.12654	4.78869
3720	1.68526	1.79826
3721	2.20211	5.4508
3722	2.38467	1.61777
3723	0.511635	2.12381
3724	1.4157	1.91285
3725	1.70922	2.52414
3726	1.14168	0.834895
3727	0.605845	2.12956
3728	2.14674	4.73966
3729	2.26137	4.77975
3730	1.84147	3.7506
3731	2.8907	5.63547
3732	1.18523	4.92646
3733	0.978086	0.969284
3734	1.6097	1.9679
3735	1.53718	5.88643
3736	1.66194	5.59088
3737	1.35163	2.66186
3738	1.09432	0.977343
3739	0.954688	4.93435
3740	0.782024	2.14956
3741	1.45308	6.19721
3742	2.12115	2.67304
3743	2.41306	5.13992
3744	1.84186	6.02987
3745	1.34308	0.0188345
3746	1.95952	2.1963
3747	2.12364	4.90938
3748	1.45906	0.411387
3749	0.962325	3.14515
3750	0.847154	3.41186
3751	0.541045	3.84926
3752	0.668147	1.44351
3753	2.99392	0.507542
3754	2.06278	1.93898
3755	1.09975	0.271315
3756	2.48113	2.85757
3757	1.61787	5.32014
3758	0.597626	0.558147
3759	2.05172	4.68981
3760	1.80905	1.57555
3761	0.376397	4.6232
3762	1.18699	0.980952
3763	1.05468	0.473795
3764	1.79567	3.80544
3765	2.13185	0.255832
3766	1.30907	5.87568
3767	2.8819	1.44107
3768	2.20524	1.99023
3769	1.84796	1.88996
3770	1.05241	2.35523
3771	2.10412	2.13741
3772	1.91297	1.27781
3773	1.4605	1.79487
3774	1.18241	2.09294
3775	1.05677	1.95683
3776	0.511299	0.775661
3777	1.94605	0.906824
3778	2.05574	3.72471
3779	1.44454	2.24543
3780	0.267847	1.65745
3781	2.1115	1.97206
3782	2.85884	2.61086
3783	2.04717	0.301812
3784	1.97844	3.59538
3785	1.40174	3.51295
3786	1.93625	2.87819
3787	2.05177	2.32059
3788	0.883901	3.22616
3789	0.755729	4.52067
3790	2.55356	1.68067
3791	1.47047	2.31862
3792	0.737527	5.85713
3793	0.772195	3.94399
3794	2.04151	0.12823
3795	0.918149	0.012452
3796	1.27753	3.2128
3797	1.8278	2.63671
3798	0.569576	0.0667814
3799	2.50729	1.36902
3800	2.42682	3.89043
3801	1.64354	2.4591
3802	1.81429	4.57257
3803	0.877808	0.581282
3804	1.40342	5.69672
3805	0.415587	3.87178
3806	2.76174	4.18337
3807	1.6988	5.71623
3808	2.32085	0.557023
3809	1.16708	3.28904
3810	2.53305	5.92724
3811	2.01265	5.96389
3812	0.129619	4.5158
3813	0.383916	3.6774
3814	1.51163	4.74184
3815	0.826429	0.93439
3816	0.833212	5.99929
3817	2.01524	1.31472
3818	1.54765	3.51523
3819	1.7771	1.44908
3820	1.51277	4.44814
3821	2.24124	2.29265
3822	1.82118	5.52942
3823	1.09292	3.51763
3824	1.27205	0.123571
3825	0.73155	4.63031
3826	1.70011	5.83911
3827	1.9541	2.18608
3828	1.78691	2.1705
3829	0.608002	5.49193
3830	2.12031	5.64572
3831	1.38509	3.30231
3832	2.79323	4.5963
3833	0.563234	5.60364
3834	2.20191	5.91776
3835	2.2099	3.03796
3836	2.40825	4.12
3837	1.98274	3.17976
3838	0.425113	5.84457
3839	1.07537	2.59404
3840	1.73124	2.64637
3841	1.81154	3.0951
3842	1.67872	5.91992
3843	2.1706	5.29762
3844	1.41597	2.62188
3845	2.38597	3.45146
3846	2.65996	4.25645
3847	1.75022	6.07845
3848	1.76416	4.5265
3849	1.56608	6.25599
3850	1.11877	2.04157
3851	1.25202	1.46259
3852	2.08514	2.78799
3853	0.486598	2.44451
3854	1.82568	1.81952
3855	1.46084	1.94311
3856	2.19429	0.975626
3857	2.26733	3.27603
3858	1.45863	5.79789
3859	0.678414	5.32828
3860	2.09811	4.23229
3861	1.95869	1.65311
3862	0.308933	3.63542
3863	1.84603	5.36506
3864	0.358446	5.72643
3865	1.37801	0.0691944
3866	1.23884	5.90015
3867	2.47232	0.476733
3868	0.878816	3.88239
3869	1.27367	1.47848
3870	2.55158	5.58353
3871	2.06854	3.7565
3872	2.07067	3.77196
3873	1.29577	3.92871
3874	0.884505	2.45655
3875	0.429747	2.34076
3876	0.165438	2.51665
3877	1.55299	0.591254
3878	2.35495	4.69924
3879	1.63933	2.05288
3880	2.83667	5.06274
3881	2.11734	3.47573
3882	2.68669	5.90647
3883	1.77669	2.24649
3884	1.68454	2.7724
3885	1.31611	5.77815
3886	2.41717	1.20835
3887	2.114	1.99368
3888	0.467514	0.916298
3889	2.82063	0.659002
3890	1.88921	3.9008
3891	0.940311	3.63538
3892	1.69226	6.15328
3893	2.71027	5.1403
3894	2.21236	1.4866
3895	0.823049	1.45181
3896	1.55221	5.50873
3897	1.81192	3.07267
3898	2.44855	3.65295
3899	2.68616	3.83613
3900	2.79039	3.28105
3901	1.48995	4.76259
3902	1.25376	0.950731
3903	2.00387	2.92962
3904	1.3649	1.63937
3905	2.34387	3.61903
3906	0.861328	3.48844
3907	2.20146	0.815725
3908	1.74293	2.55343
3909	1.44079	5.96978
3910	2.50203	3.94459
3911	1.50729	3.97758
3912	2.34157	3.90862
3913	0.876214	4.71385
3914	2.52641	0.295286
3915	1.54388	2.79448
3916	1.71154	5.29271
3917	2.26359	3.98278
3918	2.37486	1.69721
3919	1.78501	3.3574
3920	2.59807	4.72981
3921	1.25186	3.16771
3922	2.1134	2.05368
3923	0.970462	3.74578
3924	1.95815	2.06285
3925	0.269221	2.96598
3926	1.35707	1.9346
3927	1.71048	3.61947
3928	2.07982	5.12713
3929	1.87804	5.79259
3930	2.20615	5.47289
3931	1.09099	4.90334
3932	1.845	5.88178
3933	2.38885	2.08002
3934	0.192108	5.86688
3935	1.30843	2.13878
3936	1.0082	5.31435
3937	0.399191	2.7598
3938	0.27099	5.27634
3939	2.36413	5.47064
3940	0.506429	4.00751
3941	0.677328	2.46325
3942	1.46104	3.26858
3943	0.616903	0.78407
3944	1.23146	4.96162
3945	2.13743	3.72319
3946	1.65637	1.40318
3947	2.33153	2.82882
3948	0.0968151	2.19032
3949	2.28146	4.12994
3950	2.03236	1.84957
3951	1.59893	3.20282
3952	1.55807	4.59203
3953	1.04345	1.4015
3954	0.985687	4.57798
3955	1.2552	3.72088
3956	2.51718	0.676302
3957	0.958411	1.52979
3958	1.02755	4.02687
3959	1.99029	0.0572865
3960	0.409607	4.51785
3961	1.3635	0.198234
3962	1.30462	0.72834
3963	1.17545	1.60412
3964	1.84694	1.32364
3965	1.34415	5.83055
3966	0.81605	5.81876
3967	1.6981	5.42135
3968	2.22997	4.70341
3969	2.41718	3.80632
3970	0.429107	5.26135
3971	1.63304	2.89508
3972	2.58728	5.67926
3973	2.16604	4.2189
3974	1.5731	0.323082
3975	0.349421	5.40402
3976	1.72652	3.32652
3977	1.21545	1.29205
3978	1.91987	0.0103376
3979	1.4216	0.156716
3980	2.32335	4.89114
3981	0.621287	4.26647
3982	1.37328	4.08769
3983	2.42745	5.31691
3984	1.53021	0.852845
3985	1.75276	5.63755
3986	2.72759	1.8313
3987	1.72994	0.964355
3988	1.27405	1.40434
3989	1.95437	3.46409
3990	2.69934	5.61439
3991	1.58533	0.584032
3992	0.898486	5.85531
3993	1.52664	3.77574
3994	2.52362	6.21424
3995	1.29754	1.69559
3996	1.74028	4.17974
3997	1.30599	4.57469
3998	1.77608	6.10311
3999	0.25708	5.42374
4000	1.22533	3.81213
4001	2.17281	3.32611
4002	1.11115	3.00169
4003	1.78017	3.0937
4004	2.71966	5.12645
4005	1.33756	3.22537
4006	0.837567	5.70605
4007	0.790219	3.66784
4008	2.03134	5.84891
4009	2.54021	6.04286
4010	1.74179	4.64069
4011	1.24793	3.7476
4012	1.39188	1.92999
4013	0.704496	4.67368
4014	2.48473	0.170741
4015	1.30831	5.89023
4016	2.27751	0.885639
4017	1.8518	0.656118
4018	1.97215	2.72965
4019	1.54349	2.97458
4020	2.65481	1.68026
4021	1.33558	5.34213
4022	2.54667	3.66109
4023	1.73428	1.1606
4024	1.28105	3.38549
4025	1.76566	0.37324
4026	2.14353	3.65156
4027	2.76876	2.61081
4028	1.34121	0.0443117
4029	2.23604	1.04127
4030	1.75715	4.46148
4031	2.33679	4.4638
4032	2.55698	3.41366
4033	1.21151	5.12308
4034	0.582415	5.59187
4035	0.614898	4.54564
4036	1.73494	3.27031
4037	1.44903	2.85238
4038	1.65337	2.21568
4039	1.93389	5.5091
4040	2.17146	3.76572
4041	2.2414	2.83516
4042	1.64388	4.84767
4043	1.86304	5.82785
4044	0.730636	5.10807
4045	2.97838	1.04232
4046	1.23739	4.03836
4047	2.51105	4.02129
4048	0.384946	6.02364
4049	2.18885	5.82892
4050	2.1322	5.95434
4051	1.37408	2.32926
4052	2.34681	1.94039
4053	2.01398	2.30114
4054	2.7985	5.68092
4055	0.158278	3.09212
4056	2.3261	0.352269
4057	1.92327	0.532503
4058	1.42313	4.0396
4059	1.10921	6.08239
4060	1.73428	1.88679
4061	1.22718	0.786509
4062	0.710415	1.51965
4063	2.43065	1.65665
4064	2.72282	6.0318
4065	2.31363	1.95199
4066	1.12422	0.214424
4067	1.3747	5.71228
4068	1.0533	0.694223
4069	0.47466	3.90052
4070	1.8873	3.20805
4071	1.36296	3.83095
4072	0.775371	3.23132
4073	2.23076	0.970844
4074	2.76913	4.58295
4075	1.29548	0.649531
4076	2.67372	5.45695
4077	1.60391	1.707
4078	1.00267	6.18057
4079	1.88294	0.100752
4080	1.83077	4.74832
4081	1.52036	5.00803
4082	0.429835	1.41595
4083	2.36436	3.00355
4084	0.894147	6.10524
4085	1.80749	3.23745
4086	1.50541	1.73493
4087	1.47461	6.04431
4088	2.18132	6.24809
4089	0.619053	3.9132
4090	1.22247	5.82514
4091	1.87938	4.47902
4092	2.11073	3.911
4093	1.79222	1.78229
4094	0.267863	1.66136
4095	1.31563	0.0666167
